<TICKER>,<PER>,<DATE>,<TIME>,<OPEN>,<HIGH>,<LOW>,<CLOSE>,<VOL>,<OPENINT>
ALTY.US,D,20150715,000000,10.186,12.217,10.18,12.217,9341,0
ALTY.US,D,20150716,000000,10.24,10.289,10.206,10.289,2523,0
ALTY.US,D,20150717,000000,10.349,10.349,10.18,10.2,14865,0
ALTY.US,D,20150720,000000,10.172,10.172,10.135,10.135,9813,0
ALTY.US,D,20150721,000000,10.105,10.105,10.079,10.079,5499,0
ALTY.US,D,20150723,000000,10.155,10.155,9.958,9.958,5793,0
ALTY.US,D,20150724,000000,9.873,9.883,9.822,9.883,1631,0
ALTY.US,D,20150727,000000,9.839,9.839,9.831,9.831,1935,0
ALTY.US,D,20150728,000000,9.845,9.845,9.845,9.845,288,0
ALTY.US,D,20150729,000000,9.947,10.007,9.687,9.687,37154,0
ALTY.US,D,20150731,000000,10.007,10.015,9.985,10.015,2825,0
ALTY.US,D,20150803,000000,10.135,10.135,10.015,10.015,1277,0
ALTY.US,D,20150805,000000,9.963,9.963,9.963,9.963,159,0
ALTY.US,D,20150806,000000,9.954,9.954,9.857,9.938,2236,0
ALTY.US,D,20150807,000000,9.938,9.938,9.896,9.896,2671,0
ALTY.US,D,20150810,000000,9.932,10.02,9.896,10.02,4612,0
ALTY.US,D,20150811,000000,9.998,9.998,9.998,9.998,338,0
ALTY.US,D,20150813,000000,10.033,10.033,10.028,10.028,743,0
ALTY.US,D,20150814,000000,10.033,10.033,10.033,10.033,443,0
ALTY.US,D,20150821,000000,9.864,9.864,9.795,9.818,1935,0
ALTY.US,D,20150824,000000,9.533,9.851,9.0096,9.507,9664,0
ALTY.US,D,20150825,000000,9.533,9.533,9.533,9.533,159,0
ALTY.US,D,20150826,000000,9.571,9.571,9.571,9.571,159,0
ALTY.US,D,20150827,000000,9.657,9.681,9.657,9.681,602,0
ALTY.US,D,20150828,000000,9.717,9.725,9.717,9.717,885,0
ALTY.US,D,20150831,000000,9.695,9.725,9.538,9.695,6686,0
ALTY.US,D,20150901,000000,9.695,9.695,9.527,9.527,1771,0
ALTY.US,D,20150902,000000,9.559,9.559,9.512,9.512,599,0
ALTY.US,D,20150908,000000,9.695,9.695,9.681,9.686,599,0
ALTY.US,D,20150909,000000,9.725,9.725,9.703,9.703,287,0
ALTY.US,D,20150910,000000,9.656,9.656,9.656,9.656,402,0
ALTY.US,D,20150911,000000,9.608,9.608,9.608,9.608,737,0
ALTY.US,D,20150915,000000,9.649,9.649,9.649,9.649,158,0
ALTY.US,D,20150917,000000,9.851,9.851,9.851,9.851,599,0
ALTY.US,D,20150918,000000,9.753,9.784,9.753,9.753,1474,0
ALTY.US,D,20150923,000000,9.703,9.703,9.681,9.681,1921,0
ALTY.US,D,20150924,000000,9.649,9.649,9.643,9.643,1623,0
ALTY.US,D,20150929,000000,9.4512,9.4512,9.33,9.33,2362,0
ALTY.US,D,20150930,000000,9.4155,9.4155,9.4087,9.4087,1180,0
ALTY.US,D,20151002,000000,9.513,9.513,9.4853,9.4982,1314,0
ALTY.US,D,20151005,000000,9.665,9.665,9.66,9.66,286,0
ALTY.US,D,20151008,000000,9.902,9.902,9.902,9.902,286,0
ALTY.US,D,20151009,000000,9.921,9.921,9.921,9.921,1466,0
ALTY.US,D,20151013,000000,9.869,9.869,9.869,9.869,157,0
ALTY.US,D,20151016,000000,9.961,9.961,9.961,9.961,157,0
ALTY.US,D,20151020,000000,10.02,10.02,10.02,10.02,286,0
ALTY.US,D,20151021,000000,10.014,10.014,10.014,10.014,157,0
ALTY.US,D,20151022,000000,10.006,10.014,10.006,10.006,1762,0
ALTY.US,D,20151026,000000,10.208,10.208,10.006,10.006,1905,0
ALTY.US,D,20151027,000000,9.894,9.902,9.894,9.902,438,0
ALTY.US,D,20151028,000000,9.876,9.881,9.876,9.881,438,0
ALTY.US,D,20151102,000000,9.868,9.913,9.868,9.913,492,0
ALTY.US,D,20151104,000000,10.229,10.229,9.944,9.952,1966,0
ALTY.US,D,20151105,000000,9.998,9.998,9.998,9.998,156,0
ALTY.US,D,20151106,000000,9.93,9.93,9.847,9.847,285,0
ALTY.US,D,20151111,000000,9.813,9.813,9.813,9.813,285,0
ALTY.US,D,20151116,000000,9.696,9.754,9.696,9.754,726,0
ALTY.US,D,20151120,000000,9.868,9.868,9.868,9.868,156,0
ALTY.US,D,20151203,000000,9.726,9.748,9.726,9.748,611,0
ALTY.US,D,20151207,000000,9.541,9.588,9.541,9.588,3052,0
ALTY.US,D,20151208,000000,9.4972,9.541,9.4972,9.541,591,0
ALTY.US,D,20151214,000000,9.115,9.115,9.115,9.115,717,0
ALTY.US,D,20151217,000000,9.4893,9.4893,9.4413,9.4482,436,0
ALTY.US,D,20151218,000000,9.4482,9.4482,9.4482,9.4482,2181,0
ALTY.US,D,20151221,000000,9.4564,9.4564,9.4564,9.4564,156,0
ALTY.US,D,20151229,000000,9.615,9.643,9.615,9.643,1871,0
ALTY.US,D,20160104,000000,9.76,10.538,9.3154,9.542,1869,0
ALTY.US,D,20160106,000000,9.62,9.659,9.585,9.585,1451,0
ALTY.US,D,20160108,000000,9.4145,9.4145,9.4145,9.4145,432,0
ALTY.US,D,20160113,000000,9.1313,9.1313,9.1313,9.1313,165,0
ALTY.US,D,20160114,000000,9.0579,9.0862,8.8904,9.0729,2027,0
ALTY.US,D,20160115,000000,8.8085,8.8085,8.8085,8.8085,181,0
ALTY.US,D,20160119,000000,8.7633,8.7633,8.7633,8.7633,155,0
ALTY.US,D,20160120,000000,8.4367,8.4367,8.4367,8.4367,364,0
ALTY.US,D,20160121,000000,8.6624,8.6976,8.6624,8.6767,2588,0
ALTY.US,D,20160122,000000,8.9511,8.9511,8.9511,8.9511,432,0
ALTY.US,D,20160125,000000,8.9549,8.9549,8.9549,8.9549,196,0
ALTY.US,D,20160126,000000,8.9663,8.9663,8.9663,8.9663,498,0
ALTY.US,D,20160127,000000,9.0096,9.0096,9.0096,9.0096,155,0
ALTY.US,D,20160201,000000,9.1957,9.2557,9.1957,9.2557,371,0
ALTY.US,D,20160202,000000,9.1044,9.1389,9.1044,9.1389,696,0
ALTY.US,D,20160208,000000,9.0618,9.746,9.0618,9.0827,17345,0
ALTY.US,D,20160211,000000,8.7816,8.8085,8.7816,8.8029,2142,0
ALTY.US,D,20160212,000000,8.756,8.8085,8.5814,8.7743,19692,0
ALTY.US,D,20160218,000000,9.1255,9.1255,9.1255,9.1255,158,0
ALTY.US,D,20160219,000000,9.293,9.293,9.0391,9.1208,1199,0
ALTY.US,D,20160222,000000,9.2363,9.2383,9.2363,9.2383,363,0
ALTY.US,D,20160225,000000,9.1879,9.2314,9.1879,9.2314,911,0
ALTY.US,D,20160226,000000,9.2676,9.2676,9.2676,9.2676,705,0
ALTY.US,D,20160302,000000,9.529,9.55,9.4873,9.55,1624,0
ALTY.US,D,20160304,000000,9.827,9.827,9.827,9.827,277,0
ALTY.US,D,20160309,000000,9.686,9.686,9.686,9.686,153,0
ALTY.US,D,20160310,000000,9.701,9.709,9.691,9.709,664,0
ALTY.US,D,20160317,000000,10.047,10.047,9.973,9.973,664,0
ALTY.US,D,20160318,000000,10.067,10.067,9.997,9.997,1052,0
ALTY.US,D,20160322,000000,10.079,10.105,10.079,10.105,633,0
ALTY.US,D,20160324,000000,9.977,9.977,9.977,9.977,163,0
ALTY.US,D,20160328,000000,9.879,9.879,9.879,9.879,1419,0
ALTY.US,D,20160330,000000,10.094,10.094,10.094,10.094,159,0
ALTY.US,D,20160331,000000,10.208,10.208,10.208,10.208,153,0
ALTY.US,D,20160401,000000,10.111,10.178,10.111,10.178,596,0
ALTY.US,D,20160404,000000,10.25,10.25,10.094,10.094,1503,0
ALTY.US,D,20160405,000000,10.065,10.065,10.065,10.065,153,0
ALTY.US,D,20160406,000000,10.084,10.084,10.054,10.054,782,0
ALTY.US,D,20160408,000000,10.155,10.211,10.155,10.198,8254,0
ALTY.US,D,20160411,000000,10.199,10.218,10.199,10.218,1139,0
ALTY.US,D,20160412,000000,10.261,10.293,10.216,10.288,1473,0
ALTY.US,D,20160413,000000,10.323,10.339,10.265,10.293,1818,0
ALTY.US,D,20160414,000000,10.316,10.331,10.316,10.328,2386,0
ALTY.US,D,20160415,000000,10.316,10.348,10.316,10.339,3365,0
ALTY.US,D,20160418,000000,10.331,10.378,10.331,10.377,660,0
ALTY.US,D,20160419,000000,10.439,10.454,10.439,10.439,1018,0
ALTY.US,D,20160420,000000,10.613,10.613,10.419,10.447,3027,0
ALTY.US,D,20160421,000000,10.3,10.365,10.3,10.365,386,0
ALTY.US,D,20160422,000000,10.371,10.425,10.328,10.42,21386,0
ALTY.US,D,20160425,000000,10.327,10.405,10.327,10.405,2914,0
ALTY.US,D,20160426,000000,10.394,10.394,10.394,10.394,2807,0
ALTY.US,D,20160428,000000,10.485,10.515,10.413,10.468,17114,0
ALTY.US,D,20160502,000000,10.439,10.439,10.439,10.439,276,0
ALTY.US,D,20160503,000000,10.33,10.33,10.299,10.299,1013,0
ALTY.US,D,20160504,000000,10.275,10.275,10.275,10.275,274,0
ALTY.US,D,20160505,000000,10.412,10.412,10.386,10.398,3500,0
ALTY.US,D,20160506,000000,10.42,10.42,10.42,10.42,474,0
ALTY.US,D,20160509,000000,10.438,10.449,10.438,10.449,738,0
ALTY.US,D,20160510,000000,10.405,10.405,10.405,10.405,1391,0
ALTY.US,D,20160511,000000,10.614,10.614,10.533,10.533,422,0
ALTY.US,D,20160516,000000,10.593,10.593,10.578,10.586,425,0
ALTY.US,D,20160517,000000,10.578,10.578,10.533,10.533,563,0
ALTY.US,D,20160518,000000,10.399,10.399,10.399,10.399,179,0
ALTY.US,D,20160520,000000,10.405,10.405,10.405,10.405,688,0
ALTY.US,D,20160523,000000,10.438,10.438,10.42,10.42,422,0
ALTY.US,D,20160524,000000,10.454,10.454,10.454,10.454,226,0
ALTY.US,D,20160525,000000,10.507,10.509,10.42,10.42,428,0
ALTY.US,D,20160526,000000,10.454,10.454,10.454,10.454,151,0
ALTY.US,D,20160531,000000,10.538,10.562,10.527,10.527,565,0
ALTY.US,D,20160601,000000,10.52,10.548,10.52,10.548,939,0
ALTY.US,D,20160602,000000,10.63,10.643,10.63,10.643,939,0
ALTY.US,D,20160603,000000,10.679,10.679,10.678,10.678,684,0
ALTY.US,D,20160606,000000,10.63,10.63,10.63,10.63,1665,0
ALTY.US,D,20160608,000000,10.766,10.766,10.759,10.759,562,0
ALTY.US,D,20160609,000000,10.766,10.787,10.721,10.787,2317,0
ALTY.US,D,20160610,000000,10.718,10.718,10.692,10.692,1824,0
ALTY.US,D,20160613,000000,10.656,10.692,10.63,10.692,1372,0
ALTY.US,D,20160615,000000,10.539,10.539,10.539,10.539,477,0
ALTY.US,D,20160616,000000,10.579,10.594,10.579,10.594,345,0
ALTY.US,D,20160620,000000,10.739,10.745,10.708,10.708,972,0
ALTY.US,D,20160621,000000,10.714,10.714,10.714,10.714,150,0
ALTY.US,D,20160622,000000,10.745,10.759,10.691,10.745,20550,0
ALTY.US,D,20160623,000000,10.891,10.953,10.823,10.918,25988,0
ALTY.US,D,20160624,000000,10.718,10.766,10.637,10.718,19654,0
ALTY.US,D,20160627,000000,10.649,10.649,10.557,10.557,5282,0
ALTY.US,D,20160628,000000,10.686,10.745,10.662,10.745,3130,0
ALTY.US,D,20160629,000000,10.891,10.891,10.891,10.891,2192,0
ALTY.US,D,20160630,000000,10.898,10.945,10.852,10.852,6395,0
ALTY.US,D,20160701,000000,11.013,11.029,10.999,11.013,1686,0
ALTY.US,D,20160705,000000,11.154,11.154,11.154,11.154,689,0
ALTY.US,D,20160706,000000,10.933,10.992,10.926,10.926,4661,0
ALTY.US,D,20160707,000000,10.999,10.999,10.892,10.892,2568,0
ALTY.US,D,20160708,000000,11.029,11.029,11.025,11.025,504,0
ALTY.US,D,20160711,000000,12.061,12.061,10.992,11.098,3587,0
ALTY.US,D,20160712,000000,11.158,11.176,11.134,11.134,2068,0
ALTY.US,D,20160713,000000,11.099,11.168,11.029,11.144,3585,0
ALTY.US,D,20160715,000000,11.137,11.137,11.052,11.052,273,0
ALTY.US,D,20160718,000000,11.227,11.243,11.173,11.243,7040,0
ALTY.US,D,20160719,000000,11.2,11.25,11.2,11.25,5368,0
ALTY.US,D,20160720,000000,11.227,11.29,11.227,11.29,1369,0
ALTY.US,D,20160721,000000,11.308,11.308,11.234,11.234,621,0
ALTY.US,D,20160722,000000,11.259,11.352,11.259,11.311,4107,0
ALTY.US,D,20160725,000000,11.236,11.332,11.236,11.326,3739,0
ALTY.US,D,20160726,000000,11.344,11.344,11.344,11.344,681,0
ALTY.US,D,20160727,000000,11.352,11.352,11.319,11.319,4641,0
ALTY.US,D,20160729,000000,11.319,11.406,11.301,11.397,9851,0
ALTY.US,D,20160801,000000,11.359,11.391,11.359,11.376,6418,0
ALTY.US,D,20160802,000000,11.376,11.421,11.344,11.365,5230,0
ALTY.US,D,20160803,000000,11.3,11.337,11.266,11.326,1361,0
ALTY.US,D,20160804,000000,11.43,11.43,11.303,11.303,1096,0
ALTY.US,D,20160805,000000,11.376,11.414,11.304,11.304,6390,0
ALTY.US,D,20160808,000000,11.257,11.421,11.257,11.381,8492,0
ALTY.US,D,20160809,000000,11.358,11.445,11.358,11.445,1916,0
ALTY.US,D,20160810,000000,11.421,11.426,11.383,11.383,1883,0
ALTY.US,D,20160811,000000,11.638,11.638,11.39,11.39,2327,0
ALTY.US,D,20160812,000000,11.488,11.491,11.47,11.47,2021,0
ALTY.US,D,20160815,000000,11.56,11.56,11.491,11.498,2468,0
ALTY.US,D,20160816,000000,11.465,11.465,11.415,11.458,2675,0
ALTY.US,D,20160817,000000,11.491,11.491,11.375,11.421,1781,0
ALTY.US,D,20160818,000000,11.498,11.545,11.474,11.522,5005,0
ALTY.US,D,20160819,000000,11.552,11.552,11.465,11.489,2760,0
ALTY.US,D,20160822,000000,11.576,11.576,11.468,11.468,5466,0
ALTY.US,D,20160823,000000,11.56,11.584,11.509,11.584,6067,0
ALTY.US,D,20160824,000000,11.507,11.529,11.507,11.529,4738,0
ALTY.US,D,20160825,000000,11.537,11.537,11.458,11.458,1698,0
ALTY.US,D,20160829,000000,11.451,11.484,11.451,11.474,3418,0
ALTY.US,D,20160830,000000,11.514,11.537,11.488,11.518,7202,0
ALTY.US,D,20160831,000000,11.545,11.545,11.498,11.506,4397,0
ALTY.US,D,20160901,000000,11.595,11.595,11.477,11.483,2178,0
ALTY.US,D,20160902,000000,11.674,11.674,11.477,11.575,1627,0
ALTY.US,D,20160906,000000,11.638,11.715,11.601,11.715,12877,0
ALTY.US,D,20160907,000000,11.744,11.765,11.705,11.765,5222,0
ALTY.US,D,20160908,000000,11.772,11.772,11.736,11.759,1273,0
ALTY.US,D,20160909,000000,11.576,11.576,11.477,11.477,12415,0
ALTY.US,D,20160912,000000,11.349,11.513,11.289,11.513,7440,0
ALTY.US,D,20160913,000000,11.323,11.323,11.323,11.323,270,0
ALTY.US,D,20160914,000000,11.171,11.281,11.171,11.181,1514,0
ALTY.US,D,20160915,000000,11.458,11.458,11.336,11.343,460,0
ALTY.US,D,20160916,000000,11.323,11.358,11.234,11.323,4760,0
ALTY.US,D,20160919,000000,11.33,11.428,11.33,11.365,1222,0
ALTY.US,D,20160920,000000,11.471,11.477,11.449,11.449,1086,0
ALTY.US,D,20160921,000000,11.435,11.494,11.382,11.494,1152,0
ALTY.US,D,20160922,000000,11.607,11.607,11.549,11.552,6820,0
ALTY.US,D,20160923,000000,11.744,11.744,11.58,11.62,5561,0
ALTY.US,D,20160926,000000,11.744,11.744,11.595,11.616,35196,0
ALTY.US,D,20160927,000000,11.56,11.62,11.56,11.602,42711,0
ALTY.US,D,20160928,000000,11.7,11.7,11.523,11.611,60119,0
ALTY.US,D,20160929,000000,11.568,11.568,11.49,11.49,1770,0
ALTY.US,D,20160930,000000,11.602,11.602,11.528,11.536,16213,0
ALTY.US,D,20161003,000000,11.531,11.531,11.4,11.483,9728,0
ALTY.US,D,20161004,000000,11.449,11.449,11.279,11.305,6480,0
ALTY.US,D,20161005,000000,11.393,11.393,11.288,11.321,3953,0
ALTY.US,D,20161006,000000,11.312,11.312,11.264,11.309,2717,0
ALTY.US,D,20161007,000000,11.295,11.295,11.237,11.237,3238,0
ALTY.US,D,20161010,000000,11.296,11.363,11.287,11.356,13213,0
ALTY.US,D,20161011,000000,11.292,11.295,11.161,11.257,4066,0
ALTY.US,D,20161012,000000,11.3,11.314,11.3,11.309,1263,0
ALTY.US,D,20161013,000000,11.228,11.309,11.228,11.299,1961,0
ALTY.US,D,20161014,000000,11.245,11.26,11.189,11.26,1148,0
ALTY.US,D,20161017,000000,11.372,11.372,11.189,11.228,4931,0
ALTY.US,D,20161018,000000,11.26,11.293,11.204,11.286,2362,0
ALTY.US,D,20161019,000000,11.295,11.341,11.219,11.278,11406,0
ALTY.US,D,20161020,000000,11.426,11.426,11.278,11.327,3802,0
ALTY.US,D,20161021,000000,11.278,11.321,11.267,11.311,7600,0
ALTY.US,D,20161024,000000,11.239,11.344,11.239,11.344,2782,0
ALTY.US,D,20161025,000000,11.349,11.349,11.349,11.349,2817,0
ALTY.US,D,20161027,000000,11.207,11.207,11.128,11.185,3822,0
ALTY.US,D,20161028,000000,11.168,11.2,11.078,11.078,3805,0
ALTY.US,D,20161031,000000,11.138,11.138,11.138,11.138,450,0
ALTY.US,D,20161101,000000,11.047,11.047,10.996,10.996,854,0
ALTY.US,D,20161102,000000,10.882,10.882,10.882,10.882,494,0
ALTY.US,D,20161103,000000,10.924,10.924,10.858,10.858,1957,0
ALTY.US,D,20161104,000000,10.858,10.858,10.747,10.858,3298,0
ALTY.US,D,20161107,000000,10.968,10.984,10.929,10.984,2162,0
ALTY.US,D,20161108,000000,10.962,10.968,10.962,10.968,710,0
ALTY.US,D,20161109,000000,10.693,11.032,10.693,10.942,5561,0
ALTY.US,D,20161110,000000,11.127,11.127,10.784,10.899,29434,0
ALTY.US,D,20161114,000000,10.487,10.805,10.487,10.73,13305,0
ALTY.US,D,20161115,000000,10.808,10.885,10.808,10.885,2487,0
ALTY.US,D,20161116,000000,10.679,10.82,10.679,10.82,4252,0
ALTY.US,D,20161117,000000,10.996,10.996,10.554,10.92,30039,0
ALTY.US,D,20161118,000000,10.768,10.768,10.74,10.766,4901,0
ALTY.US,D,20161121,000000,10.945,11.057,10.933,11.039,11686,0
ALTY.US,D,20161122,000000,11.142,11.142,11.053,11.083,2738,0
ALTY.US,D,20161123,000000,11.008,11.066,11.008,11.065,3981,0
ALTY.US,D,20161125,000000,11.032,11.033,11.001,11.001,2058,0
ALTY.US,D,20161128,000000,11.073,11.073,11.06,11.06,465,0
ALTY.US,D,20161129,000000,11.167,11.167,11.102,11.102,330,0
ALTY.US,D,20161130,000000,11.043,11.043,11.035,11.035,942,0
ALTY.US,D,20161201,000000,11.001,11.001,10.952,10.952,3562,0
ALTY.US,D,20161202,000000,10.997,10.997,10.997,10.997,413,0
ALTY.US,D,20161205,000000,10.993,11.051,10.918,11.015,29748,0
ALTY.US,D,20161206,000000,11.101,11.101,11.101,11.101,217,0
ALTY.US,D,20161207,000000,11.43,11.43,11.126,11.136,4635,0
ALTY.US,D,20161208,000000,11.316,11.316,11.219,11.221,1325,0
ALTY.US,D,20161209,000000,11.229,11.229,11.229,11.229,349,0
ALTY.US,D,20161212,000000,11.229,11.325,11.208,11.325,2802,0
ALTY.US,D,20161213,000000,11.38,11.38,11.194,11.2,2483,0
ALTY.US,D,20161214,000000,11.244,11.296,11.217,11.217,2382,0
ALTY.US,D,20161215,000000,11.213,11.213,11.046,11.046,1806,0
ALTY.US,D,20161216,000000,11.165,11.229,11.165,11.175,3505,0
ALTY.US,D,20161219,000000,11.27,11.27,11.237,11.237,1297,0
ALTY.US,D,20161220,000000,11.246,11.31,11.236,11.236,4356,0
ALTY.US,D,20161221,000000,11.053,11.183,11.053,11.183,1534,0
ALTY.US,D,20161222,000000,11.301,11.355,11.301,11.355,857,0
ALTY.US,D,20161223,000000,11.3,11.31,11.293,11.31,1420,0
ALTY.US,D,20161227,000000,11.39,11.39,11.343,11.343,669,0
ALTY.US,D,20161228,000000,11.223,11.278,11.188,11.188,8253,0
ALTY.US,D,20161229,000000,11.315,11.366,11.299,11.31,3046,0
ALTY.US,D,20161230,000000,11.314,11.314,11.252,11.252,3839,0
ALTY.US,D,20170103,000000,11.509,11.509,11.309,11.309,4420,0
ALTY.US,D,20170104,000000,11.509,11.509,11.466,11.466,5634,0
ALTY.US,D,20170105,000000,11.545,11.566,11.545,11.553,2643,0
ALTY.US,D,20170106,000000,11.637,11.661,11.549,11.661,3478,0
ALTY.US,D,20170109,000000,11.588,11.588,11.566,11.588,3031,0
ALTY.US,D,20170110,000000,11.56,11.56,11.56,11.56,180,0
ALTY.US,D,20170111,000000,11.466,11.619,11.466,11.607,1081,0
ALTY.US,D,20170112,000000,11.48,11.48,11.48,11.48,147,0
ALTY.US,D,20170117,000000,11.769,11.769,11.564,11.619,6884,0
ALTY.US,D,20170118,000000,11.653,11.653,11.55,11.637,21004,0
ALTY.US,D,20170119,000000,11.582,11.582,11.508,11.533,2996,0
ALTY.US,D,20170120,000000,11.546,11.575,11.546,11.546,2172,0
ALTY.US,D,20170123,000000,11.582,11.626,11.509,11.626,7846,0
ALTY.US,D,20170124,000000,11.586,11.661,11.586,11.661,3923,0
ALTY.US,D,20170125,000000,11.583,11.629,11.582,11.629,2380,0
ALTY.US,D,20170126,000000,11.55,11.684,11.55,11.684,1999,0
ALTY.US,D,20170127,000000,11.812,11.812,11.541,11.615,5498,0
ALTY.US,D,20170130,000000,11.61,11.61,11.509,11.594,10441,0
ALTY.US,D,20170131,000000,11.528,11.61,11.528,11.61,1140,0
ALTY.US,D,20170201,000000,11.601,11.601,11.54,11.565,6084,0
ALTY.US,D,20170202,000000,11.73,11.73,11.548,11.565,2101,0
ALTY.US,D,20170203,000000,11.739,11.739,11.636,11.667,5030,0
ALTY.US,D,20170206,000000,11.722,11.735,11.693,11.735,3121,0
ALTY.US,D,20170207,000000,11.859,11.859,11.688,11.742,7287,0
ALTY.US,D,20170208,000000,11.618,11.741,11.613,11.673,1657,0
ALTY.US,D,20170209,000000,11.804,11.804,11.75,11.75,538,0
ALTY.US,D,20170210,000000,11.818,11.818,11.818,11.818,145,0
ALTY.US,D,20170213,000000,11.822,11.853,11.804,11.804,5193,0
ALTY.US,D,20170214,000000,11.961,11.961,11.747,11.747,12152,0
ALTY.US,D,20170215,000000,11.789,11.866,11.762,11.866,15735,0
ALTY.US,D,20170216,000000,11.995,11.995,11.762,11.853,40885,0
ALTY.US,D,20170217,000000,11.847,11.848,11.763,11.808,17357,0
ALTY.US,D,20170221,000000,11.739,11.9,11.739,11.876,42457,0
ALTY.US,D,20170222,000000,11.815,11.84,11.804,11.813,2037,0
ALTY.US,D,20170223,000000,11.904,11.92,11.813,11.915,47943,0
ALTY.US,D,20170224,000000,11.853,11.877,11.748,11.848,40420,0
ALTY.US,D,20170227,000000,11.891,11.92,11.782,11.906,16623,0
ALTY.US,D,20170228,000000,11.906,11.906,11.843,11.874,18700,0
ALTY.US,D,20170301,000000,11.923,11.949,11.766,11.906,6802,0
ALTY.US,D,20170302,000000,11.79,11.857,11.766,11.841,40247,0
ALTY.US,D,20170303,000000,11.94,11.94,11.783,11.863,19544,0
ALTY.US,D,20170306,000000,11.863,11.863,11.698,11.719,12354,0
ALTY.US,D,20170307,000000,11.919,11.919,11.779,11.779,4456,0
ALTY.US,D,20170308,000000,11.779,11.809,11.656,11.656,40426,0
ALTY.US,D,20170309,000000,11.656,11.664,11.543,11.543,7065,0
ALTY.US,D,20170310,000000,11.621,11.663,11.594,11.621,7073,0
ALTY.US,D,20170313,000000,11.689,11.76,11.597,11.604,6550,0
ALTY.US,D,20170314,000000,11.719,11.719,11.543,11.584,21136,0
ALTY.US,D,20170315,000000,11.706,11.739,11.605,11.698,19458,0
ALTY.US,D,20170316,000000,11.793,11.819,11.722,11.819,3885,0
ALTY.US,D,20170317,000000,11.819,11.819,11.482,11.809,8834,0
ALTY.US,D,20170320,000000,11.786,11.875,11.786,11.862,4803,0
ALTY.US,D,20170321,000000,11.857,11.87,11.726,11.726,13981,0
ALTY.US,D,20170322,000000,11.726,11.834,11.698,11.698,10186,0
ALTY.US,D,20170323,000000,11.768,11.768,11.768,11.768,436,0
ALTY.US,D,20170324,000000,11.77,11.823,11.726,11.726,1881,0
ALTY.US,D,20170327,000000,11.72,11.794,11.72,11.794,772,0
ALTY.US,D,20170328,000000,11.801,11.861,11.796,11.844,3050,0
ALTY.US,D,20170329,000000,11.852,11.949,11.852,11.936,11004,0
ALTY.US,D,20170330,000000,11.958,11.981,11.911,11.926,16354,0
ALTY.US,D,20170331,000000,11.948,11.948,11.948,11.948,2092,0
ALTY.US,D,20170403,000000,11.744,11.921,11.744,11.921,9594,0
ALTY.US,D,20170404,000000,12.074,12.074,11.952,11.952,531,0
ALTY.US,D,20170405,000000,11.99,11.996,11.706,11.893,24388,0
ALTY.US,D,20170406,000000,11.907,11.907,11.893,11.904,3511,0
ALTY.US,D,20170407,000000,11.951,11.951,11.901,11.901,2211,0
ALTY.US,D,20170410,000000,11.951,11.977,11.951,11.977,852,0
ALTY.US,D,20170411,000000,11.943,11.952,11.943,11.952,454,0
ALTY.US,D,20170412,000000,11.97,11.97,11.948,11.948,1280,0
ALTY.US,D,20170413,000000,11.99,11.996,11.952,11.952,15213,0
ALTY.US,D,20170417,000000,12.122,12.122,11.975,11.98,2349,0
ALTY.US,D,20170418,000000,12.09,12.09,12.006,12.031,7714,0
ALTY.US,D,20170419,000000,12.029,12.029,12.014,12.022,2493,0
ALTY.US,D,20170420,000000,12.014,12.022,11.986,11.997,3592,0
ALTY.US,D,20170421,000000,12.042,12.042,11.97,11.97,863,0
ALTY.US,D,20170424,000000,12.302,12.302,12.014,12.014,15304,0
ALTY.US,D,20170425,000000,12.136,12.136,12.07,12.136,3277,0
ALTY.US,D,20170426,000000,12.077,12.177,12.077,12.177,3812,0
ALTY.US,D,20170427,000000,12.145,12.191,12.145,12.189,1809,0
ALTY.US,D,20170428,000000,12.185,12.185,12.063,12.171,8243,0
ALTY.US,D,20170501,000000,12.19,12.19,12.173,12.173,860,0
ALTY.US,D,20170502,000000,12.172,12.194,12.172,12.18,4959,0
ALTY.US,D,20170503,000000,12.1,12.138,12.1,12.138,2096,0
ALTY.US,D,20170504,000000,11.937,12.007,11.892,12.007,12574,0
ALTY.US,D,20170505,000000,11.847,12.076,11.847,12.02,3242,0
ALTY.US,D,20170508,000000,12.109,12.109,11.953,11.984,20476,0
ALTY.US,D,20170509,000000,11.939,11.939,11.939,11.939,139,0
ALTY.US,D,20170510,000000,11.922,11.941,11.865,11.941,6372,0
ALTY.US,D,20170511,000000,11.882,11.944,11.831,11.895,3495,0
ALTY.US,D,20170512,000000,11.944,11.953,11.937,11.953,16598,0
ALTY.US,D,20170515,000000,12.015,12.019,11.923,11.974,1625,0
ALTY.US,D,20170516,000000,11.963,11.963,11.963,11.963,148,0
ALTY.US,D,20170517,000000,11.795,11.933,11.795,11.908,10491,0
ALTY.US,D,20170518,000000,11.812,11.914,11.789,11.914,5897,0
ALTY.US,D,20170519,000000,11.856,11.925,11.856,11.925,5921,0
ALTY.US,D,20170522,000000,11.958,11.964,11.944,11.955,2999,0
ALTY.US,D,20170523,000000,12.023,12.023,11.988,11.988,5898,0
ALTY.US,D,20170524,000000,12.007,12.084,11.978,11.99,17658,0
ALTY.US,D,20170525,000000,11.978,12.116,11.978,12.071,15864,0
ALTY.US,D,20170526,000000,12.032,12.084,12.015,12.027,11895,0
ALTY.US,D,20170530,000000,12.032,12.041,12.032,12.041,939,0
ALTY.US,D,20170531,000000,11.908,12.041,11.908,11.994,1156,0
ALTY.US,D,20170601,000000,12.005,12.095,11.992,11.992,3368,0
ALTY.US,D,20170602,000000,12.111,12.111,12.095,12.102,6608,0
ALTY.US,D,20170605,000000,12.102,12.102,12.102,12.102,1634,0
ALTY.US,D,20170606,000000,12.014,12.034,11.986,11.986,3411,0
ALTY.US,D,20170607,000000,12,12.073,12,12.047,2922,0
ALTY.US,D,20170608,000000,12.044,12.05,12.02,12.044,6682,0
ALTY.US,D,20170609,000000,12.018,12.074,12.016,12.047,4759,0
ALTY.US,D,20170612,000000,12.111,12.111,12.061,12.061,661,0
ALTY.US,D,20170613,000000,12.142,12.159,12.018,12.159,5370,0
ALTY.US,D,20170614,000000,12.175,12.175,12.159,12.159,2540,0
ALTY.US,D,20170615,000000,12.018,12.066,12.018,12.055,3668,0
ALTY.US,D,20170616,000000,12.159,12.159,12.109,12.109,1815,0
ALTY.US,D,20170619,000000,12.235,12.235,12.126,12.16,6055,0
ALTY.US,D,20170620,000000,12.151,12.151,12.121,12.133,6217,0
ALTY.US,D,20170622,000000,12.035,12.044,12.035,12.044,982,0
ALTY.US,D,20170623,000000,12.062,12.114,12.062,12.114,452,0
ALTY.US,D,20170626,000000,12.09,12.19,12.09,12.125,1829,0
ALTY.US,D,20170627,000000,12.182,12.196,12.142,12.142,21688,0
ALTY.US,D,20170628,000000,12.168,12.171,12.097,12.171,2549,0
ALTY.US,D,20170629,000000,12.16,12.16,12.046,12.046,8582,0
ALTY.US,D,20170630,000000,12.095,12.133,12.059,12.059,3889,0
ALTY.US,D,20170703,000000,12.344,12.344,12.102,12.152,1510,0
ALTY.US,D,20170705,000000,12.19,12.19,12.044,12.082,3593,0
ALTY.US,D,20170706,000000,12.11,12.11,12.11,12.11,494,0
ALTY.US,D,20170707,000000,12.057,12.079,12.047,12.079,3210,0
ALTY.US,D,20170710,000000,12.111,12.111,12.087,12.087,1156,0
ALTY.US,D,20170711,000000,12.118,12.118,12.118,12.118,1107,0
ALTY.US,D,20170712,000000,12.187,12.187,12.135,12.183,6959,0
ALTY.US,D,20170713,000000,12.183,12.183,12.057,12.118,3152,0
ALTY.US,D,20170714,000000,12.026,12.244,12.026,12.194,18489,0
ALTY.US,D,20170717,000000,12.283,12.285,12.271,12.272,9059,0
ALTY.US,D,20170718,000000,12.251,12.302,12.251,12.259,9565,0
ALTY.US,D,20170719,000000,12.251,12.259,12.25,12.259,3954,0
ALTY.US,D,20170720,000000,12.361,12.361,12.235,12.289,2003,0
ALTY.US,D,20170721,000000,12.311,12.344,12.309,12.337,2121,0
ALTY.US,D,20170724,000000,12.418,12.418,12.333,12.348,2292,0
ALTY.US,D,20170725,000000,12.352,12.372,12.332,12.344,3044,0
ALTY.US,D,20170726,000000,12.388,12.389,12.305,12.356,4861,0
ALTY.US,D,20170727,000000,12.352,12.361,12.3,12.361,6174,0
ALTY.US,D,20170728,000000,12.214,12.352,12.214,12.352,14720,0
ALTY.US,D,20170731,000000,12.337,12.368,12.258,12.337,2607,0
ALTY.US,D,20170801,000000,12.337,12.398,12.328,12.352,3506,0
ALTY.US,D,20170802,000000,12.377,12.391,12.377,12.38,3796,0
ALTY.US,D,20170803,000000,12.394,12.398,12.337,12.348,14083,0
ALTY.US,D,20170804,000000,12.352,12.361,12.327,12.337,18037,0
ALTY.US,D,20170807,000000,12.561,12.561,12.318,12.352,2855,0
ALTY.US,D,20170809,000000,12.337,12.361,12.33,12.344,5878,0
ALTY.US,D,20170810,000000,12.33,12.332,12.209,12.209,8371,0
ALTY.US,D,20170811,000000,12.168,12.235,12.159,12.196,13278,0
ALTY.US,D,20170814,000000,12.283,12.309,12.283,12.297,3122,0
ALTY.US,D,20170815,000000,12.298,12.318,12.271,12.318,2818,0
ALTY.US,D,20170816,000000,12.159,12.327,11.961,12.309,14741,0
ALTY.US,D,20170817,000000,12.318,12.326,12.202,12.202,6564,0
ALTY.US,D,20170818,000000,12.235,12.243,12.202,12.202,1521,0
ALTY.US,D,20170821,000000,12.285,12.285,12.192,12.192,1329,0
ALTY.US,D,20170822,000000,12.368,12.368,12.235,12.273,3345,0
ALTY.US,D,20170823,000000,12.368,12.368,12.271,12.302,2325,0
ALTY.US,D,20170824,000000,12.25,12.327,12.25,12.317,2887,0
ALTY.US,D,20170825,000000,12.48,12.48,12.293,12.31,17247,0
ALTY.US,D,20170828,000000,12.511,12.511,12.243,12.302,9314,0
ALTY.US,D,20170829,000000,12.235,12.318,12.235,12.306,7993,0
ALTY.US,D,20170830,000000,12.489,12.489,12.266,12.309,6156,0
ALTY.US,D,20170831,000000,12.52,12.52,12.359,12.394,10972,0
ALTY.US,D,20170901,000000,12.377,12.434,12.359,12.434,5036,0
ALTY.US,D,20170905,000000,12.467,12.467,12.268,12.268,19320,0
ALTY.US,D,20170906,000000,12.467,12.467,12.326,12.361,4271,0
ALTY.US,D,20170907,000000,12.289,12.377,12.266,12.377,5814,0
ALTY.US,D,20170908,000000,12.365,12.377,12.361,12.361,15281,0
ALTY.US,D,20170911,000000,12.361,12.419,12.361,12.419,3541,0
ALTY.US,D,20170912,000000,12.489,12.489,12.407,12.433,1870,0
ALTY.US,D,20170913,000000,12.377,12.41,12.361,12.41,4693,0
ALTY.US,D,20170914,000000,12.41,12.434,12.361,12.379,6133,0
ALTY.US,D,20170915,000000,12.405,12.412,12.405,12.412,1643,0
ALTY.US,D,20170918,000000,12.425,12.434,12.413,12.413,1329,0
ALTY.US,D,20170919,000000,12.266,12.461,12.266,12.441,13385,0
ALTY.US,D,20170920,000000,12.467,12.467,12.394,12.394,9960,0
ALTY.US,D,20170921,000000,12.384,12.394,12.384,12.394,1023,0
ALTY.US,D,20170922,000000,12.404,12.427,12.404,12.427,5176,0
ALTY.US,D,20170925,000000,12.377,12.461,12.377,12.441,2440,0
ALTY.US,D,20170926,000000,12.511,12.511,12.441,12.472,6216,0
ALTY.US,D,20170927,000000,12.681,12.681,12.423,12.441,7371,0
ALTY.US,D,20170928,000000,12.377,12.481,12.377,12.481,2706,0
ALTY.US,D,20170929,000000,12.63,12.63,12.481,12.531,5868,0
ALTY.US,D,20171002,000000,12.521,12.548,12.521,12.547,16800,0
ALTY.US,D,20171003,000000,12.576,12.576,12.521,12.551,10860,0
ALTY.US,D,20171004,000000,12.559,12.568,12.559,12.568,4026,0
ALTY.US,D,20171005,000000,12.714,12.714,12.581,12.606,4701,0
ALTY.US,D,20171006,000000,12.594,12.594,12.547,12.551,12859,0
ALTY.US,D,20171009,000000,12.602,12.602,12.547,12.547,1692,0
ALTY.US,D,20171010,000000,12.58,12.585,12.577,12.585,3457,0
ALTY.US,D,20171011,000000,12.625,12.625,12.539,12.572,5740,0
ALTY.US,D,20171012,000000,12.616,12.616,12.542,12.579,4026,0
ALTY.US,D,20171013,000000,12.739,12.739,12.562,12.585,4592,0
ALTY.US,D,20171016,000000,12.602,12.616,12.521,12.558,45745,0
ALTY.US,D,20171017,000000,12.567,12.567,12.539,12.539,1869,0
ALTY.US,D,20171018,000000,12.545,12.551,12.539,12.54,3830,0
ALTY.US,D,20171019,000000,12.539,12.556,12.539,12.544,2516,0
ALTY.US,D,20171020,000000,12.547,12.547,12.5,12.5,2314,0
ALTY.US,D,20171023,000000,12.467,12.546,12.464,12.464,9809,0
ALTY.US,D,20171024,000000,12.393,12.562,12.393,12.521,4974,0
ALTY.US,D,20171025,000000,12.41,12.481,12.292,12.33,6856,0
ALTY.US,D,20171026,000000,12.398,12.398,12.31,12.33,6755,0
ALTY.US,D,20171027,000000,12.371,12.418,12.371,12.418,3698,0
ALTY.US,D,20171030,000000,12.427,12.433,12.337,12.374,10621,0
ALTY.US,D,20171031,000000,12.376,12.393,12.367,12.392,6070,0
ALTY.US,D,20171101,000000,12.371,12.41,12.354,12.395,2534,0
ALTY.US,D,20171102,000000,12.648,12.648,12.324,12.324,7810,0
ALTY.US,D,20171103,000000,12.281,12.401,12.272,12.401,10522,0
ALTY.US,D,20171106,000000,12.45,12.45,12.332,12.332,6146,0
ALTY.US,D,20171107,000000,12.361,12.361,12.361,12.361,33178,0
ALTY.US,D,20171108,000000,12.408,12.45,12.408,12.443,1165,0
ALTY.US,D,20171109,000000,12.497,12.497,12.366,12.366,1296,0
ALTY.US,D,20171110,000000,12.361,12.361,12.324,12.356,16381,0
ALTY.US,D,20171113,000000,12.418,12.418,12.356,12.376,4929,0
ALTY.US,D,20171114,000000,12.347,12.352,12.347,12.347,6267,0
ALTY.US,D,20171115,000000,12.289,12.352,12.201,12.306,8160,0
ALTY.US,D,20171116,000000,12.313,12.313,12.313,12.313,379,0
ALTY.US,D,20171117,000000,12.302,12.383,12.302,12.383,10972,0
ALTY.US,D,20171120,000000,12.401,12.418,12.393,12.418,1316,0
ALTY.US,D,20171121,000000,12.423,12.423,12.411,12.414,1833,0
ALTY.US,D,20171122,000000,12.41,12.441,12.41,12.435,2575,0
ALTY.US,D,20171127,000000,12.425,12.441,12.367,12.406,15349,0
ALTY.US,D,20171128,000000,12.427,12.473,12.427,12.427,7654,0
ALTY.US,D,20171129,000000,12.41,12.41,12.375,12.375,2846,0
ALTY.US,D,20171130,000000,12.367,12.418,12.343,12.356,31376,0
ALTY.US,D,20171201,000000,12.367,12.367,12.324,12.324,8047,0
ALTY.US,D,20171204,000000,12.343,12.393,12.343,12.393,822,0
ALTY.US,D,20171205,000000,12.367,12.367,12.349,12.349,631,0
ALTY.US,D,20171207,000000,12.367,12.393,12.299,12.393,4790,0
ALTY.US,D,20171208,000000,12.426,12.426,12.361,12.401,9315,0
ALTY.US,D,20171211,000000,12.434,12.434,12.397,12.397,9942,0
ALTY.US,D,20171212,000000,12.482,12.482,12.367,12.376,9915,0
ALTY.US,D,20171213,000000,12.418,12.418,12.41,12.41,1500,0
ALTY.US,D,20171214,000000,12.367,12.427,12.352,12.388,18251,0
ALTY.US,D,20171215,000000,12.427,12.451,12.418,12.434,21950,0
ALTY.US,D,20171218,000000,12.453,12.461,12.395,12.429,15018,0
ALTY.US,D,20171219,000000,12.461,12.461,12.434,12.434,1251,0
ALTY.US,D,20171220,000000,12.348,12.363,12.324,12.337,4932,0
ALTY.US,D,20171221,000000,12.393,12.393,12.337,12.359,7267,0
ALTY.US,D,20171222,000000,12.393,12.393,12.343,12.356,2919,0
ALTY.US,D,20171226,000000,12.365,12.385,12.364,12.383,5384,0
ALTY.US,D,20171227,000000,12.357,12.393,12.357,12.393,2588,0
ALTY.US,D,20171228,000000,12.442,12.481,12.393,12.427,5846,0
ALTY.US,D,20171229,000000,12.452,12.469,12.452,12.469,9605,0
ALTY.US,D,20180102,000000,12.463,12.468,12.442,12.442,6096,0
ALTY.US,D,20180103,000000,12.469,12.524,12.462,12.514,3300,0
ALTY.US,D,20180104,000000,12.513,12.524,12.507,12.524,7061,0
ALTY.US,D,20180105,000000,12.532,12.571,12.514,12.541,29635,0
ALTY.US,D,20180108,000000,12.59,12.59,12.558,12.558,2263,0
ALTY.US,D,20180109,000000,12.622,12.622,12.487,12.487,4790,0
ALTY.US,D,20180110,000000,12.483,12.483,12.41,12.41,11179,0
ALTY.US,D,20180111,000000,12.483,12.518,12.483,12.493,3237,0
ALTY.US,D,20180112,000000,12.59,12.59,12.59,12.59,365,0
ALTY.US,D,20180116,000000,13.037,13.037,12.59,12.59,18010,0
ALTY.US,D,20180117,000000,12.774,12.774,12.524,12.58,5248,0
ALTY.US,D,20180118,000000,12.553,12.558,12.507,12.533,43226,0
ALTY.US,D,20180119,000000,12.704,12.704,12.514,12.536,1871,0
ALTY.US,D,20180122,000000,12.621,12.626,12.59,12.605,8156,0
ALTY.US,D,20180123,000000,12.729,12.729,12.629,12.665,4875,0
ALTY.US,D,20180124,000000,12.675,12.704,12.617,12.644,47984,0
ALTY.US,D,20180125,000000,12.629,12.696,12.629,12.671,4027,0
ALTY.US,D,20180126,000000,12.712,12.712,12.683,12.684,1948,0
ALTY.US,D,20180129,000000,12.721,12.721,12.558,12.558,7717,0
ALTY.US,D,20180130,000000,12.514,12.516,12.427,12.442,7506,0
ALTY.US,D,20180131,000000,12.661,12.661,12.474,12.474,3139,0
ALTY.US,D,20180201,000000,12.383,12.469,12.383,12.457,2914,0
ALTY.US,D,20180202,000000,12.393,12.401,12.249,12.261,7369,0
ALTY.US,D,20180205,000000,12.211,12.211,11.897,11.911,9348,0
ALTY.US,D,20180206,000000,12.026,12.059,11.88,12.052,17107,0
ALTY.US,D,20180207,000000,12.114,12.174,12.098,12.122,9637,0
ALTY.US,D,20180208,000000,12.122,12.122,11.998,11.998,2555,0
ALTY.US,D,20180209,000000,12.009,12.009,11.803,11.846,5130,0
ALTY.US,D,20180212,000000,11.895,11.999,11.891,11.999,12759,0
ALTY.US,D,20180213,000000,12.018,12.098,12.018,12.098,1957,0
ALTY.US,D,20180214,000000,12.098,12.098,12.051,12.079,23630,0
ALTY.US,D,20180216,000000,12.331,12.331,12.118,12.122,5407,0
ALTY.US,D,20180220,000000,12.27,12.27,12.062,12.076,6183,0
ALTY.US,D,20180221,000000,12.082,12.107,12.082,12.09,5422,0
ALTY.US,D,20180222,000000,11.983,11.995,11.928,11.97,5765,0
ALTY.US,D,20180223,000000,12.198,12.198,11.94,12.035,4742,0
ALTY.US,D,20180226,000000,11.977,12.059,11.977,12.035,5612,0
ALTY.US,D,20180227,000000,12.262,12.262,11.969,11.969,2060,0
ALTY.US,D,20180228,000000,11.951,11.951,11.867,11.867,23610,0
ALTY.US,D,20180301,000000,11.867,11.867,11.764,11.764,6825,0
ALTY.US,D,20180302,000000,11.527,11.792,11.527,11.756,10191,0
ALTY.US,D,20180305,000000,11.811,11.936,11.803,11.936,9218,0
ALTY.US,D,20180306,000000,11.936,11.943,11.877,11.932,10238,0
ALTY.US,D,20180307,000000,11.738,11.909,11.738,11.877,12513,0
ALTY.US,D,20180308,000000,11.904,11.911,11.896,11.911,3751,0
ALTY.US,D,20180309,000000,11.928,12.019,11.928,11.992,5304,0
ALTY.US,D,20180312,000000,12.023,12.076,12.011,12.046,6186,0
ALTY.US,D,20180313,000000,12.036,12.061,12.036,12.061,1050,0
ALTY.US,D,20180314,000000,12.067,12.067,12.053,12.053,6872,0
ALTY.US,D,20180315,000000,12.049,12.053,11.879,11.879,7886,0
ALTY.US,D,20180316,000000,12.046,12.046,11.984,11.992,1002,0
ALTY.US,D,20180319,000000,12.053,12.053,11.887,11.902,7920,0
ALTY.US,D,20180320,000000,12.124,12.124,11.892,11.892,1867,0
ALTY.US,D,20180321,000000,11.92,11.92,11.904,11.904,2265,0
ALTY.US,D,20180322,000000,11.963,11.988,11.918,11.918,7475,0
ALTY.US,D,20180323,000000,11.963,11.963,11.821,11.821,15464,0
ALTY.US,D,20180326,000000,12.001,12.001,11.84,11.877,4235,0
ALTY.US,D,20180327,000000,11.909,11.912,11.887,11.887,1124,0
ALTY.US,D,20180328,000000,11.883,11.889,11.84,11.851,5844,0
ALTY.US,D,20180329,000000,11.985,12.011,11.936,11.936,9325,0
ALTY.US,D,20180402,000000,11.928,11.945,11.887,11.904,5584,0
ALTY.US,D,20180403,000000,12.028,12.028,11.92,11.992,13641,0
ALTY.US,D,20180404,000000,11.928,12.019,11.928,12.019,2991,0
ALTY.US,D,20180405,000000,12.053,12.102,12.011,12.071,5837,0
ALTY.US,D,20180406,000000,12.068,12.068,11.992,11.992,6478,0
ALTY.US,D,20180409,000000,11.859,12.034,11.859,12.031,7725,0
ALTY.US,D,20180410,000000,12.053,12.077,12.043,12.073,4979,0
ALTY.US,D,20180411,000000,12.094,12.094,12.094,12.094,2665,0
ALTY.US,D,20180412,000000,12.117,12.117,12.046,12.046,1273,0
ALTY.US,D,20180413,000000,12.065,12.065,12.046,12.049,1668,0
ALTY.US,D,20180416,000000,12.186,12.186,12.061,12.061,2559,0
ALTY.US,D,20180417,000000,12.102,12.186,12.077,12.184,3166,0
ALTY.US,D,20180418,000000,12.068,12.201,12.068,12.166,10614,0
ALTY.US,D,20180419,000000,12.104,12.13,12.036,12.038,8190,0
ALTY.US,D,20180420,000000,12.019,12.056,12.019,12.028,799,0
ALTY.US,D,20180423,000000,12.011,12.055,12.011,12.055,934,0
ALTY.US,D,20180424,000000,12.065,12.068,12.032,12.068,802,0
ALTY.US,D,20180425,000000,11.963,12.011,11.936,12.011,5311,0
ALTY.US,D,20180426,000000,12.011,12.061,12.011,12.061,3334,0
ALTY.US,D,20180427,000000,12.053,12.061,12.053,12.061,1364,0
ALTY.US,D,20180430,000000,12.201,12.201,12.166,12.166,2634,0
ALTY.US,D,20180501,000000,12.186,12.186,12.135,12.138,1724,0
ALTY.US,D,20180502,000000,12.102,12.102,12.094,12.102,1603,0
ALTY.US,D,20180503,000000,12.243,12.243,12.061,12.094,14376,0
ALTY.US,D,20180504,000000,12.178,12.195,12.086,12.195,5876,0
ALTY.US,D,20180507,000000,12.286,12.294,12.242,12.294,3078,0
ALTY.US,D,20180508,000000,12.251,12.259,12.251,12.254,4580,0
ALTY.US,D,20180509,000000,12.218,12.259,12.208,12.223,7953,0
ALTY.US,D,20180510,000000,12.316,12.336,12.295,12.336,4260,0
ALTY.US,D,20180511,000000,12.342,12.384,12.342,12.384,17206,0
ALTY.US,D,20180514,000000,12.361,12.41,12.361,12.368,5463,0
ALTY.US,D,20180515,000000,12.312,12.33,12.312,12.33,9601,0
ALTY.US,D,20180516,000000,12.276,12.343,12.276,12.343,4114,0
ALTY.US,D,20180517,000000,12.479,12.479,12.324,12.324,3595,0
ALTY.US,D,20180518,000000,12.377,12.377,12.226,12.293,9817,0
ALTY.US,D,20180521,000000,12.377,12.377,12.329,12.329,1941,0
ALTY.US,D,20180522,000000,12.321,12.402,12.321,12.402,16271,0
ALTY.US,D,20180523,000000,12.368,12.424,12.368,12.424,6437,0
ALTY.US,D,20180524,000000,12.368,12.368,12.368,12.368,1283,0
ALTY.US,D,20180525,000000,12.454,12.454,12.377,12.419,7302,0
ALTY.US,D,20180529,000000,12.407,12.407,12.353,12.353,2090,0
ALTY.US,D,20180530,000000,12.454,12.502,12.439,12.454,19209,0
ALTY.US,D,20180531,000000,12.377,12.487,12.377,12.479,11427,0
ALTY.US,D,20180601,000000,12.435,12.495,12.435,12.474,7414,0
ALTY.US,D,20180604,000000,12.511,12.561,12.48,12.538,15629,0
ALTY.US,D,20180605,000000,12.489,12.519,12.463,12.489,11307,0
ALTY.US,D,20180606,000000,12.453,12.453,12.443,12.453,6063,0
ALTY.US,D,20180607,000000,12.686,12.686,12.479,12.488,2657,0
ALTY.US,D,20180608,000000,12.686,12.686,12.463,12.463,1496,0
ALTY.US,D,20180611,000000,12.561,12.561,12.453,12.495,10041,0
ALTY.US,D,20180612,000000,12.495,12.502,12.488,12.502,19911,0
ALTY.US,D,20180613,000000,12.479,12.479,12.453,12.471,923,0
ALTY.US,D,20180614,000000,12.471,12.502,12.471,12.479,2979,0
ALTY.US,D,20180615,000000,12.434,12.435,12.434,12.434,4045,0
ALTY.US,D,20180618,000000,12.519,12.519,12.484,12.499,2929,0
ALTY.US,D,20180619,000000,12.502,12.502,12.463,12.482,2591,0
ALTY.US,D,20180620,000000,12.427,12.532,12.427,12.511,8781,0
ALTY.US,D,20180621,000000,12.595,12.595,12.488,12.495,8567,0
ALTY.US,D,20180622,000000,12.566,12.568,12.538,12.538,675,0
ALTY.US,D,20180625,000000,12.612,12.612,12.472,12.495,9446,0
ALTY.US,D,20180626,000000,12.519,12.519,12.495,12.495,46902,0
ALTY.US,D,20180627,000000,12.519,12.519,12.518,12.518,668,0
ALTY.US,D,20180628,000000,12.342,12.461,12.342,12.421,6124,0
ALTY.US,D,20180629,000000,12.453,12.498,12.453,12.495,2420,0
ALTY.US,D,20180702,000000,12.471,12.488,12.443,12.479,4934,0
ALTY.US,D,20180705,000000,12.556,12.622,12.547,12.61,10703,0
ALTY.US,D,20180706,000000,12.671,12.697,12.637,12.697,3921,0
ALTY.US,D,20180709,000000,12.703,12.706,12.701,12.701,1875,0
ALTY.US,D,20180710,000000,12.789,12.789,12.666,12.666,1870,0
ALTY.US,D,20180711,000000,12.427,12.681,12.427,12.671,7810,0
ALTY.US,D,20180712,000000,12.637,12.671,12.637,12.671,4861,0
ALTY.US,D,20180713,000000,12.653,12.653,12.653,12.653,321,0
ALTY.US,D,20180716,000000,12.706,12.706,12.653,12.697,4984,0
ALTY.US,D,20180717,000000,12.756,12.756,12.681,12.719,15252,0
ALTY.US,D,20180718,000000,12.706,12.78,12.706,12.774,7271,0
ALTY.US,D,20180719,000000,12.841,12.849,12.805,12.805,3473,0
ALTY.US,D,20180720,000000,12.805,12.805,12.785,12.785,2788,0
ALTY.US,D,20180723,000000,12.891,12.891,12.761,12.776,6736,0
ALTY.US,D,20180724,000000,12.909,12.909,12.724,12.764,8880,0
ALTY.US,D,20180725,000000,12.774,12.805,12.761,12.805,5943,0
ALTY.US,D,20180726,000000,12.828,12.828,12.789,12.789,4721,0
ALTY.US,D,20180727,000000,12.849,12.849,12.801,12.814,3241,0
ALTY.US,D,20180730,000000,12.742,12.833,12.742,12.833,2707,0
ALTY.US,D,20180731,000000,12.927,12.927,12.85,12.871,4881,0
ALTY.US,D,20180801,000000,13.018,13.018,12.871,12.887,13761,0
ALTY.US,D,20180802,000000,12.934,13.003,12.918,13.003,16416,0
ALTY.US,D,20180803,000000,13.054,13.054,13.018,13.044,2300,0
ALTY.US,D,20180806,000000,12.95,13.025,12.95,13.016,11440,0
ALTY.US,D,20180807,000000,13.087,13.087,13.054,13.066,4097,0
ALTY.US,D,20180808,000000,13.214,13.214,12.987,13.051,5895,0
ALTY.US,D,20180809,000000,13.069,13.069,13.06,13.069,14467,0
ALTY.US,D,20180810,000000,13.096,13.096,12.984,13.011,16351,0
ALTY.US,D,20180813,000000,13.026,13.026,12.928,12.963,19355,0
ALTY.US,D,20180814,000000,13.011,13.018,12.95,12.967,14130,0
ALTY.US,D,20180815,000000,13.129,13.129,12.934,12.95,7906,0
ALTY.US,D,20180816,000000,13.222,13.222,13.011,13.037,16042,0
ALTY.US,D,20180817,000000,13.152,13.152,13.018,13.079,10608,0
ALTY.US,D,20180820,000000,13.241,13.241,13.096,13.129,15070,0
ALTY.US,D,20180821,000000,13.334,13.334,13.119,13.119,25810,0
ALTY.US,D,20180822,000000,13.104,13.124,13.084,13.087,8241,0
ALTY.US,D,20180823,000000,13.137,13.137,13.044,13.044,8516,0
ALTY.US,D,20180824,000000,13.334,13.334,13.067,13.069,10161,0
ALTY.US,D,20180827,000000,13.306,13.306,13.072,13.096,9135,0
ALTY.US,D,20180828,000000,13.343,13.343,13.061,13.096,4568,0
ALTY.US,D,20180829,000000,13.171,13.171,13.096,13.144,5299,0
ALTY.US,D,20180830,000000,13.249,13.249,13.077,13.078,17961,0
ALTY.US,D,20180831,000000,13.078,13.078,13.035,13.04,9194,0
ALTY.US,D,20180904,000000,13.011,13.053,12.986,13.018,9026,0
ALTY.US,D,20180905,000000,12.926,13.052,12.926,12.992,40819,0
ALTY.US,D,20180906,000000,13.079,13.079,13.003,13.003,47086,0
ALTY.US,D,20180907,000000,13.026,13.026,12.926,12.934,4506,0
ALTY.US,D,20180910,000000,12.916,12.974,12.916,12.96,6737,0
ALTY.US,D,20180911,000000,12.976,12.984,12.941,12.941,3998,0
ALTY.US,D,20180912,000000,12.934,12.984,12.934,12.984,13404,0
ALTY.US,D,20180913,000000,13.162,13.162,12.984,13.054,13290,0
ALTY.US,D,20180914,000000,13.105,13.105,12.99,13.016,6428,0
ALTY.US,D,20180917,000000,13.018,13.018,12.964,12.976,11886,0
ALTY.US,D,20180918,000000,13.054,13.054,12.959,12.959,4480,0
ALTY.US,D,20180919,000000,12.976,12.979,12.907,12.907,12823,0
ALTY.US,D,20180920,000000,12.984,12.984,12.882,12.961,14698,0
ALTY.US,D,20180921,000000,12.857,13.014,12.857,13.011,5834,0
ALTY.US,D,20180924,000000,12.984,12.984,12.916,12.916,7517,0
ALTY.US,D,20180925,000000,12.916,12.973,12.916,12.921,4125,0
ALTY.US,D,20180926,000000,12.908,12.932,12.867,12.898,22661,0
ALTY.US,D,20180927,000000,12.919,12.959,12.889,12.908,5560,0
ALTY.US,D,20180928,000000,12.934,12.955,12.908,12.93,6113,0
ALTY.US,D,20181001,000000,12.831,12.984,12.831,12.976,9692,0
ALTY.US,D,20181002,000000,12.916,12.976,12.916,12.955,17609,0
ALTY.US,D,20181003,000000,13.045,13.045,12.882,12.916,9598,0
ALTY.US,D,20181004,000000,12.683,12.857,12.683,12.752,20787,0
ALTY.US,D,20181005,000000,12.76,12.82,12.719,12.719,20414,0
ALTY.US,D,20181008,000000,12.656,12.786,12.656,12.737,5837,0
ALTY.US,D,20181009,000000,12.614,12.803,12.614,12.796,11557,0
ALTY.US,D,20181010,000000,12.796,12.796,12.588,12.588,8974,0
ALTY.US,D,20181011,000000,12.547,12.557,12.409,12.461,4082,0
ALTY.US,D,20181012,000000,12.744,12.744,12.399,12.404,21456,0
ALTY.US,D,20181015,000000,12.562,12.562,12.511,12.511,2636,0
ALTY.US,D,20181016,000000,12.565,12.565,12.565,12.565,591,0
ALTY.US,D,20181017,000000,12.718,12.76,12.614,12.614,4349,0
ALTY.US,D,20181018,000000,12.64,12.64,12.565,12.565,1449,0
ALTY.US,D,20181019,000000,12.547,12.644,12.547,12.623,3606,0
ALTY.US,D,20181022,000000,12.744,12.744,12.547,12.559,5012,0
ALTY.US,D,20181023,000000,12.435,12.511,12.417,12.49,4937,0
ALTY.US,D,20181024,000000,12.498,12.557,12.451,12.465,12450,0
ALTY.US,D,20181025,000000,12.381,12.477,12.381,12.432,7237,0
ALTY.US,D,20181026,000000,12.399,12.399,12.269,12.302,9992,0
ALTY.US,D,20181029,000000,12.305,12.446,12.305,12.305,2257,0
ALTY.US,D,20181030,000000,12.347,12.357,12.323,12.323,5177,0
ALTY.US,D,20181031,000000,12.314,12.493,12.314,12.39,6232,0
ALTY.US,D,20181101,000000,12.475,12.511,12.453,12.494,8285,0
ALTY.US,D,20181102,000000,12.511,12.511,12.494,12.494,1113,0
ALTY.US,D,20181105,000000,12.499,12.559,12.499,12.532,34413,0
ALTY.US,D,20181106,000000,12.579,12.586,12.579,12.584,518,0
ALTY.US,D,20181107,000000,12.694,12.739,12.67,12.739,4628,0
ALTY.US,D,20181108,000000,12.762,12.762,12.746,12.746,1354,0
ALTY.US,D,20181109,000000,12.746,12.746,12.696,12.703,3298,0
ALTY.US,D,20181112,000000,12.676,12.708,12.676,12.684,6256,0
ALTY.US,D,20181113,000000,12.615,12.676,12.603,12.605,9082,0
ALTY.US,D,20181114,000000,12.606,12.643,12.571,12.583,7196,0
ALTY.US,D,20181115,000000,12.509,12.539,12.503,12.531,6283,0
ALTY.US,D,20181116,000000,12.551,12.551,12.532,12.539,5858,0
ALTY.US,D,20181119,000000,12.589,12.589,12.511,12.547,5036,0
ALTY.US,D,20181120,000000,12.503,12.503,12.425,12.445,2886,0
ALTY.US,D,20181121,000000,12.425,12.494,12.425,12.479,4034,0
ALTY.US,D,20181123,000000,12.571,12.571,12.429,12.441,2967,0
ALTY.US,D,20181126,000000,12.571,12.571,12.503,12.503,4770,0
ALTY.US,D,20181127,000000,12.486,12.494,12.472,12.478,5496,0
ALTY.US,D,20181128,000000,12.479,12.579,12.479,12.571,1649,0
ALTY.US,D,20181129,000000,12.581,12.589,12.547,12.589,15486,0
ALTY.US,D,20181130,000000,12.588,12.615,12.563,12.615,12955,0
ALTY.US,D,20181203,000000,12.833,12.833,12.636,12.702,12309,0
ALTY.US,D,20181204,000000,12.704,12.71,12.529,12.529,18298,0
ALTY.US,D,20181206,000000,12.589,12.589,12.293,12.46,18185,0
ALTY.US,D,20181207,000000,12.557,12.563,12.431,12.431,3187,0
ALTY.US,D,20181210,000000,12.345,12.429,12.292,12.376,7578,0
ALTY.US,D,20181211,000000,12.563,12.563,12.33,12.33,4874,0
ALTY.US,D,20181212,000000,12.401,12.43,12.349,12.373,2588,0
ALTY.US,D,20181213,000000,12.336,12.388,12.32,12.32,3152,0
ALTY.US,D,20181214,000000,12.265,12.364,12.265,12.293,5423,0
ALTY.US,D,20181217,000000,12.252,12.252,11.855,11.855,18705,0
ALTY.US,D,20181218,000000,11.849,11.995,11.849,11.881,18354,0
ALTY.US,D,20181219,000000,11.976,11.986,11.939,11.939,5218,0
ALTY.US,D,20181220,000000,11.943,11.943,11.523,11.554,25667,0
ALTY.US,D,20181221,000000,11.612,11.719,11.48,11.48,6206,0
ALTY.US,D,20181224,000000,11.508,11.517,11.29,11.29,6726,0
ALTY.US,D,20181226,000000,11.254,11.633,11.254,11.594,6800,0
ALTY.US,D,20181227,000000,11.504,11.663,11.455,11.663,59536,0
ALTY.US,D,20181228,000000,11.743,11.857,11.731,11.78,12647,0
ALTY.US,D,20181231,000000,11.788,11.8,11.681,11.681,3487,0
ALTY.US,D,20190102,000000,11.497,11.795,11.497,11.788,1275,0
ALTY.US,D,20190103,000000,11.708,11.808,11.708,11.804,10145,0
ALTY.US,D,20190104,000000,11.929,11.98,11.929,11.967,7203,0
ALTY.US,D,20190107,000000,12.183,12.235,12.051,12.207,17245,0
ALTY.US,D,20190108,000000,12.236,12.334,12.236,12.334,9495,0
ALTY.US,D,20190109,000000,12.466,12.466,12.298,12.315,8103,0
ALTY.US,D,20190110,000000,12.335,12.376,12.306,12.376,1006,0
ALTY.US,D,20190111,000000,12.35,12.38,12.35,12.38,3696,0
ALTY.US,D,20190114,000000,12.394,12.436,12.381,12.385,2108,0
ALTY.US,D,20190115,000000,12.325,12.466,12.325,12.456,20891,0
ALTY.US,D,20190116,000000,12.471,12.568,12.471,12.568,13150,0
ALTY.US,D,20190117,000000,12.586,12.586,12.526,12.586,9227,0
ALTY.US,D,20190118,000000,12.648,12.648,12.568,12.568,8969,0
ALTY.US,D,20190122,000000,12.596,12.622,12.491,12.509,11291,0
ALTY.US,D,20190123,000000,12.605,12.605,12.527,12.561,19729,0
ALTY.US,D,20190124,000000,12.605,12.64,12.577,12.63,6019,0
ALTY.US,D,20190125,000000,12.834,12.834,12.675,12.675,7136,0
ALTY.US,D,20190128,000000,12.675,12.729,12.665,12.693,12226,0
ALTY.US,D,20190129,000000,12.753,12.754,12.701,12.714,12986,0
ALTY.US,D,20190130,000000,12.71,12.834,12.71,12.819,3540,0
ALTY.US,D,20190131,000000,13.016,13.016,12.834,12.885,8321,0
ALTY.US,D,20190201,000000,12.939,12.939,12.901,12.916,5433,0
ALTY.US,D,20190204,000000,12.974,12.974,12.922,12.951,5347,0
ALTY.US,D,20190205,000000,12.922,13.017,12.922,12.982,7637,0
ALTY.US,D,20190206,000000,12.991,13.001,12.974,12.976,8296,0
ALTY.US,D,20190207,000000,12.965,12.965,12.87,12.87,11900,0
ALTY.US,D,20190208,000000,12.957,12.957,12.877,12.891,3669,0
ALTY.US,D,20190211,000000,12.894,12.955,12.894,12.925,9705,0
ALTY.US,D,20190212,000000,13.054,13.054,12.939,12.978,3610,0
ALTY.US,D,20190213,000000,12.998,13.001,12.974,12.991,15323,0
ALTY.US,D,20190214,000000,12.936,13.001,12.936,12.981,15325,0
ALTY.US,D,20190215,000000,13,13,12.979,12.985,1984,0
ALTY.US,D,20190219,000000,13.241,13.241,13.01,13.027,6979,0
ALTY.US,D,20190220,000000,13.045,13.09,13.045,13.063,6044,0
ALTY.US,D,20190221,000000,13.1,13.1,13.034,13.085,10928,0
ALTY.US,D,20190222,000000,13.13,13.195,13.13,13.187,8081,0
ALTY.US,D,20190225,000000,13.195,13.249,13.187,13.195,33301,0
ALTY.US,D,20190226,000000,13.23,13.248,13.15,13.187,14489,0
ALTY.US,D,20190227,000000,13.115,13.192,13.115,13.15,103575,0
ALTY.US,D,20190228,000000,13.144,13.204,13.09,13.103,4581,0
ALTY.US,D,20190301,000000,13.123,13.123,13.085,13.1,16199,0
ALTY.US,D,20190304,000000,13.275,13.275,13.08,13.08,9691,0
ALTY.US,D,20190305,000000,13.339,13.339,13.069,13.081,12988,0
ALTY.US,D,20190306,000000,13.159,13.159,13.008,13.017,15359,0
ALTY.US,D,20190307,000000,12.947,13.009,12.939,12.964,5648,0
ALTY.US,D,20190308,000000,12.921,12.981,12.921,12.964,17061,0
ALTY.US,D,20190311,000000,13.178,13.178,13.027,13.072,9598,0
ALTY.US,D,20190312,000000,13.268,13.366,13.063,13.063,19842,0
ALTY.US,D,20190313,000000,13.123,13.132,13.1,13.115,6475,0
ALTY.US,D,20190314,000000,13.115,13.123,13.109,13.115,3235,0
ALTY.US,D,20190315,000000,13.133,13.15,13.124,13.142,3815,0
ALTY.US,D,20190318,000000,13.169,13.188,13.163,13.179,5656,0
ALTY.US,D,20190319,000000,13.169,13.232,13.15,13.188,19365,0
ALTY.US,D,20190320,000000,13.123,13.214,13.107,13.155,10703,0
ALTY.US,D,20190321,000000,13.054,13.25,13.054,13.235,12653,0
ALTY.US,D,20190322,000000,13.189,13.214,13.135,13.135,14534,0
ALTY.US,D,20190325,000000,13.09,13.142,13.081,13.142,3492,0
ALTY.US,D,20190326,000000,13.123,13.205,13.123,13.205,6981,0
ALTY.US,D,20190327,000000,13.15,13.293,13.115,13.184,12787,0
ALTY.US,D,20190328,000000,13.232,13.366,13.188,13.318,15745,0
ALTY.US,D,20190329,000000,13.303,13.303,13.234,13.241,12151,0
ALTY.US,D,20190401,000000,13.322,13.347,13.188,13.303,25975,0
ALTY.US,D,20190402,000000,13.473,13.473,13.039,13.339,4253,0
ALTY.US,D,20190403,000000,13.366,13.366,13.276,13.297,6776,0
ALTY.US,D,20190404,000000,13.401,13.401,13.3,13.329,7299,0
ALTY.US,D,20190405,000000,13.561,13.561,13.321,13.366,14866,0
ALTY.US,D,20190408,000000,13.401,13.401,13.347,13.363,11833,0
ALTY.US,D,20190409,000000,13.333,13.356,13.322,13.356,7776,0
ALTY.US,D,20190410,000000,13.299,13.366,13.299,13.322,10613,0
ALTY.US,D,20190411,000000,13.322,13.411,13.288,13.392,14463,0
ALTY.US,D,20190412,000000,13.446,13.446,13.347,13.411,6642,0
ALTY.US,D,20190415,000000,13.411,13.42,13.358,13.401,6004,0
ALTY.US,D,20190416,000000,13.446,13.446,13.392,13.411,6873,0
ALTY.US,D,20190417,000000,13.429,13.429,13.323,13.323,6970,0
ALTY.US,D,20190418,000000,13.437,13.437,13.352,13.366,9418,0
ALTY.US,D,20190422,000000,13.437,13.437,13.371,13.384,10595,0
ALTY.US,D,20190423,000000,13.384,13.437,13.36,13.436,5154,0
ALTY.US,D,20190424,000000,13.437,13.437,13.384,13.401,4696,0
ALTY.US,D,20190425,000000,13.42,13.429,13.375,13.429,8658,0
ALTY.US,D,20190426,000000,13.392,13.45,13.392,13.45,4789,0
ALTY.US,D,20190429,000000,13.447,13.486,13.444,13.486,3045,0
ALTY.US,D,20190430,000000,13.483,13.52,13.406,13.49,9777,0
ALTY.US,D,20190501,000000,13.57,13.57,13.429,13.492,8276,0
ALTY.US,D,20190502,000000,13.472,13.502,13.465,13.483,8717,0
ALTY.US,D,20190503,000000,13.67,13.67,13.455,13.54,9792,0
ALTY.US,D,20190506,000000,13.42,13.553,13.4,13.553,6796,0
ALTY.US,D,20190507,000000,13.527,13.527,13.437,13.492,9229,0
ALTY.US,D,20190508,000000,13.365,13.502,13.365,13.405,13728,0
ALTY.US,D,20190509,000000,13.374,13.374,13.243,13.365,18453,0
ALTY.US,D,20190510,000000,13.355,13.41,13.355,13.391,2412,0
ALTY.US,D,20190513,000000,13.194,13.365,13.194,13.304,7360,0
ALTY.US,D,20190514,000000,13.355,13.426,13.348,13.426,3496,0
ALTY.US,D,20190515,000000,13.42,13.42,13.368,13.396,1956,0
ALTY.US,D,20190516,000000,13.492,13.492,13.4,13.44,3837,0
ALTY.US,D,20190517,000000,13.437,13.446,13.42,13.423,8220,0
ALTY.US,D,20190520,000000,13.437,13.437,13.42,13.429,4434,0
ALTY.US,D,20190521,000000,13.466,13.466,13.391,13.437,6742,0
ALTY.US,D,20190522,000000,13.4,13.462,13.4,13.457,7356,0
ALTY.US,D,20190523,000000,13.383,13.383,13.294,13.374,4947,0
ALTY.US,D,20190524,000000,13.442,13.442,13.374,13.437,6911,0
ALTY.US,D,20190528,000000,13.374,13.374,13.186,13.285,7411,0
ALTY.US,D,20190529,000000,13.095,13.273,12.288,13.202,6201,0
ALTY.US,D,20190530,000000,13.274,13.292,13.211,13.234,4111,0
ALTY.US,D,20190531,000000,12.984,13.138,11.92,13.106,10504,0
ALTY.US,D,20190603,000000,13.068,13.175,13.054,13.076,3510,0
ALTY.US,D,20190604,000000,13.22,13.248,13.202,13.239,4868,0
ALTY.US,D,20190605,000000,13.411,13.411,13.211,13.297,6155,0
ALTY.US,D,20190606,000000,13.343,13.429,13.248,13.361,6859,0
ALTY.US,D,20190607,000000,13.411,13.453,13.362,13.429,9375,0
ALTY.US,D,20190610,000000,13.356,13.467,13.302,13.406,11267,0
ALTY.US,D,20190611,000000,13.392,13.429,13.392,13.399,2261,0
ALTY.US,D,20190612,000000,13.429,13.512,13.398,13.398,6040,0
ALTY.US,D,20190613,000000,13.469,13.504,13.457,13.504,1786,0
ALTY.US,D,20190614,000000,13.546,13.546,13.455,13.457,2935,0
ALTY.US,D,20190617,000000,13.546,13.546,13.457,13.48,6078,0
ALTY.US,D,20190618,000000,13.537,13.546,13.522,13.546,4714,0
ALTY.US,D,20190619,000000,13.546,13.546,13.522,13.546,5056,0
ALTY.US,D,20190620,000000,13.616,13.635,13.564,13.602,7621,0
ALTY.US,D,20190621,000000,13.64,13.64,13.546,13.592,3574,0
ALTY.US,D,20190624,000000,13.64,13.64,13.565,13.607,5228,0
ALTY.US,D,20190625,000000,13.64,13.64,13.546,13.592,3962,0
ALTY.US,D,20190626,000000,13.583,13.602,13.504,13.508,8508,0
ALTY.US,D,20190627,000000,13.429,13.548,13.429,13.548,7220,0
ALTY.US,D,20190628,000000,13.592,13.614,13.57,13.614,1689,0
ALTY.US,D,20190701,000000,13.64,13.682,13.576,13.621,14489,0
ALTY.US,D,20190702,000000,13.632,13.682,13.614,13.631,5124,0
ALTY.US,D,20190703,000000,13.777,13.777,13.638,13.711,5874,0
ALTY.US,D,20190705,000000,13.802,13.802,13.64,13.744,13397,0
ALTY.US,D,20190708,000000,13.73,13.735,13.682,13.692,8601,0
ALTY.US,D,20190709,000000,13.73,13.758,13.673,13.703,5360,0
ALTY.US,D,20190710,000000,13.721,13.83,13.721,13.796,5394,0
ALTY.US,D,20190711,000000,13.796,13.838,13.794,13.794,11796,0
ALTY.US,D,20190712,000000,13.798,13.868,13.77,13.838,7221,0
ALTY.US,D,20190715,000000,13.796,13.868,13.796,13.82,4349,0
ALTY.US,D,20190716,000000,13.788,13.838,13.777,13.777,6843,0
ALTY.US,D,20190717,000000,13.758,13.786,13.73,13.744,5878,0
ALTY.US,D,20190718,000000,13.73,13.802,13.73,13.782,17267,0
ALTY.US,D,20190719,000000,13.768,13.81,13.73,13.73,17963,0
ALTY.US,D,20190722,000000,13.658,13.786,13.658,13.711,10436,0
ALTY.US,D,20190723,000000,13.786,13.786,13.73,13.786,5245,0
ALTY.US,D,20190724,000000,13.858,13.858,13.786,13.858,7923,0
ALTY.US,D,20190725,000000,13.768,13.82,13.768,13.775,4928,0
ALTY.US,D,20190726,000000,13.74,13.812,13.73,13.74,5129,0
ALTY.US,D,20190729,000000,13.795,13.82,13.778,13.82,6192,0
ALTY.US,D,20190730,000000,13.82,13.843,13.82,13.843,6097,0
ALTY.US,D,20190731,000000,13.858,13.915,13.812,13.838,8174,0
ALTY.US,D,20190801,000000,13.768,13.868,13.747,13.868,20929,0
ALTY.US,D,20190802,000000,13.959,13.959,13.73,13.73,14708,0
ALTY.US,D,20190805,000000,13.821,13.821,13.407,13.464,32933,0
ALTY.US,D,20190806,000000,13.553,13.611,13.464,13.531,7205,0
ALTY.US,D,20190807,000000,13.442,13.563,13.427,13.563,5317,0
ALTY.US,D,20190808,000000,13.749,13.749,13.527,13.711,519531,0
ALTY.US,D,20190809,000000,13.51,13.692,13.51,13.664,5587,0
ALTY.US,D,20190812,000000,13.589,13.61,13.501,13.563,12568,0
ALTY.US,D,20190813,000000,13.527,13.63,13.527,13.553,48112,0
ALTY.US,D,20190814,000000,13.657,13.657,13.343,13.343,17182,0
ALTY.US,D,20190815,000000,13.361,13.37,13.297,13.326,7752,0
ALTY.US,D,20190816,000000,13.535,13.535,13.438,13.517,5204,0
ALTY.US,D,20190819,000000,13.582,13.59,13.535,13.563,6296,0
ALTY.US,D,20190820,000000,13.527,13.591,13.527,13.567,1177,0
ALTY.US,D,20190821,000000,13.591,13.62,13.563,13.596,20614,0
ALTY.US,D,20190822,000000,13.601,13.657,13.544,13.573,10204,0
ALTY.US,D,20190823,000000,13.582,13.591,13.481,13.481,4703,0
ALTY.US,D,20190826,000000,13.521,13.531,13.464,13.464,6587,0
ALTY.US,D,20190827,000000,13.436,13.582,13.427,13.427,14159,0
ALTY.US,D,20190828,000000,13.361,13.454,13.361,13.407,12004,0
ALTY.US,D,20190829,000000,13.482,13.523,13.464,13.522,4556,0
ALTY.US,D,20190830,000000,13.519,13.528,13.492,13.514,3811,0
ALTY.US,D,20190903,000000,13.519,13.521,13.435,13.445,5422,0
ALTY.US,D,20190904,000000,13.481,13.601,13.473,13.544,8667,0
ALTY.US,D,20190905,000000,13.658,13.658,13.559,13.601,25575,0
ALTY.US,D,20190906,000000,13.563,13.601,13.563,13.601,2971,0
ALTY.US,D,20190909,000000,13.636,13.683,13.636,13.683,10151,0
ALTY.US,D,20190910,000000,13.683,13.723,13.671,13.712,14451,0
ALTY.US,D,20190911,000000,13.741,13.779,13.741,13.779,3368,0
ALTY.US,D,20190912,000000,13.797,13.805,13.771,13.805,3267,0
ALTY.US,D,20190913,000000,13.851,13.851,13.806,13.823,13143,0
ALTY.US,D,20190916,000000,13.831,13.841,13.781,13.831,6061,0
ALTY.US,D,20190917,000000,13.775,13.798,13.775,13.798,1054,0
ALTY.US,D,20190918,000000,13.831,13.909,13.815,13.909,13420,0
ALTY.US,D,20190919,000000,14.001,14.001,13.851,13.869,13021,0
ALTY.US,D,20190920,000000,13.89,13.919,13.875,13.883,5506,0
ALTY.US,D,20190923,000000,13.861,14.129,13.64,13.899,10354,0
ALTY.US,D,20190924,000000,13.901,13.909,13.815,13.815,14989,0
ALTY.US,D,20190925,000000,13.833,13.86,13.831,13.859,4737,0
ALTY.US,D,20190926,000000,13.861,13.871,13.846,13.861,4555,0
ALTY.US,D,20190927,000000,13.895,13.899,13.805,13.805,4040,0
ALTY.US,D,20190930,000000,13.89,13.89,13.851,13.881,6318,0
ALTY.US,D,20191001,000000,13.882,13.882,13.76,13.76,4163,0
ALTY.US,D,20191002,000000,13.76,13.76,13.544,13.591,16380,0
ALTY.US,D,20191003,000000,13.658,13.658,13.558,13.591,16956,0
ALTY.US,D,20191004,000000,13.658,13.699,13.64,13.671,12647,0
ALTY.US,D,20191007,000000,13.732,13.732,13.682,13.708,5241,0
ALTY.US,D,20191008,000000,13.675,13.675,13.611,13.626,3746,0
ALTY.US,D,20191009,000000,13.658,13.664,13.621,13.631,6329,0
ALTY.US,D,20191010,000000,13.675,13.675,13.631,13.641,6730,0
ALTY.US,D,20191011,000000,13.732,13.807,13.684,13.741,18636,0
ALTY.US,D,20191014,000000,13.675,13.719,13.663,13.682,10139,0
ALTY.US,D,20191015,000000,13.704,13.771,13.704,13.741,37777,0
ALTY.US,D,20191016,000000,13.741,13.789,13.704,13.789,32766,0
ALTY.US,D,20191017,000000,13.761,13.786,13.735,13.761,9042,0
ALTY.US,D,20191018,000000,13.779,13.813,13.773,13.782,2884,0
ALTY.US,D,20191021,000000,13.825,13.873,13.813,13.857,7184,0
ALTY.US,D,20191022,000000,13.901,13.939,13.857,13.9,10556,0
ALTY.US,D,20191023,000000,13.873,13.925,13.873,13.901,5420,0
ALTY.US,D,20191024,000000,13.922,13.929,13.854,13.854,9271,0
ALTY.US,D,20191025,000000,13.885,13.892,13.841,13.873,7107,0
ALTY.US,D,20191028,000000,13.914,13.914,13.836,13.843,8050,0
ALTY.US,D,20191029,000000,13.821,13.853,13.821,13.853,1936,0
ALTY.US,D,20191030,000000,13.873,13.892,13.807,13.883,26154,0
ALTY.US,D,20191031,000000,13.843,13.873,13.827,13.873,5454,0
ALTY.US,D,20191101,000000,13.883,13.975,13.883,13.939,18876,0
ALTY.US,D,20191104,000000,14.031,14.034,13.984,14.011,17247,0
ALTY.US,D,20191105,000000,14.097,14.097,13.957,13.969,6609,0
ALTY.US,D,20191106,000000,13.96,13.987,13.923,13.933,5804,0
ALTY.US,D,20191107,000000,13.946,13.957,13.852,13.882,47221,0
ALTY.US,D,20191108,000000,13.856,13.895,13.835,13.835,4296,0
ALTY.US,D,20191111,000000,13.882,13.882,13.832,13.832,5900,0
ALTY.US,D,20191112,000000,13.882,13.882,13.833,13.853,4071,0
ALTY.US,D,20191113,000000,13.832,13.852,13.797,13.806,131999,0
ALTY.US,D,20191114,000000,13.816,13.891,13.808,13.842,10329,0
ALTY.US,D,20191115,000000,13.842,13.852,13.816,13.842,6200,0
ALTY.US,D,20191118,000000,13.872,13.872,13.816,13.816,12937,0
ALTY.US,D,20191119,000000,13.824,13.842,13.806,13.811,7075,0
ALTY.US,D,20191120,000000,13.816,13.816,13.733,13.778,11434,0
ALTY.US,D,20191121,000000,13.816,13.816,13.702,13.764,29816,0
ALTY.US,D,20191122,000000,13.787,13.806,13.749,13.787,11119,0
ALTY.US,D,20191125,000000,13.806,13.852,13.805,13.824,6733,0
ALTY.US,D,20191126,000000,13.816,13.865,13.797,13.82,16287,0
ALTY.US,D,20191127,000000,13.824,13.852,13.798,13.837,4897,0
ALTY.US,D,20191129,000000,13.887,13.891,13.825,13.847,13285,0
ALTY.US,D,20191202,000000,13.92,13.92,13.78,13.787,8153,0
ALTY.US,D,20191203,000000,13.735,13.778,13.693,13.763,5049,0
ALTY.US,D,20191204,000000,13.843,13.856,13.812,13.851,11054,0
ALTY.US,D,20191205,000000,13.841,13.861,13.823,13.847,16203,0
ALTY.US,D,20191206,000000,13.899,13.918,13.861,13.902,11683,0
ALTY.US,D,20191209,000000,13.899,13.956,13.89,13.914,106616,0
ALTY.US,D,20191210,000000,13.881,13.946,13.881,13.934,15324,0
ALTY.US,D,20191211,000000,13.927,13.927,13.899,13.914,12146,0
ALTY.US,D,20191212,000000,13.881,14.011,13.881,13.937,5752,0
ALTY.US,D,20191213,000000,13.909,13.956,13.909,13.951,8812,0
ALTY.US,D,20191216,000000,13.956,14.085,13.956,14.083,20128,0
ALTY.US,D,20191217,000000,14.069,14.13,14.06,14.116,9720,0
ALTY.US,D,20191218,000000,14.125,14.173,14.107,14.144,9319,0
ALTY.US,D,20191219,000000,14.134,14.193,14.134,14.164,3257,0
ALTY.US,D,20191220,000000,14.203,14.203,14.154,14.174,11933,0
ALTY.US,D,20191223,000000,14.164,14.185,14.144,14.149,12195,0
ALTY.US,D,20191224,000000,14.125,14.203,14.125,14.198,3167,0
ALTY.US,D,20191226,000000,14.278,14.278,14.203,14.237,4417,0
ALTY.US,D,20191227,000000,14.344,14.344,14.238,14.238,4920,0
ALTY.US,D,20191230,000000,14.238,14.238,13.988,14.002,17159,0
ALTY.US,D,20191231,000000,13.964,14.045,13.964,14.031,21849,0
ALTY.US,D,20200102,000000,14.066,14.079,13.983,14.039,30900,0
ALTY.US,D,20200103,000000,14.036,14.096,14.036,14.069,8533,0
ALTY.US,D,20200106,000000,14.079,14.125,14.041,14.107,30772,0
ALTY.US,D,20200107,000000,14.116,14.116,14.066,14.107,11884,0
ALTY.US,D,20200108,000000,14.107,14.129,14.041,14.087,22322,0
ALTY.US,D,20200109,000000,14.086,14.154,14.086,14.134,14077,0
ALTY.US,D,20200110,000000,14.116,14.134,14.079,14.12,47546,0
ALTY.US,D,20200113,000000,14.116,14.212,14.109,14.174,28758,0
ALTY.US,D,20200114,000000,14.198,14.217,14.174,14.208,16047,0
ALTY.US,D,20200115,000000,14.22,14.258,14.208,14.243,8568,0
ALTY.US,D,20200116,000000,14.288,14.297,14.278,14.288,8819,0
ALTY.US,D,20200117,000000,14.288,14.344,14.268,14.302,205342,0
ALTY.US,D,20200121,000000,14.307,14.307,14.238,14.258,44389,0
ALTY.US,D,20200122,000000,14.326,14.326,14.25,14.26,10133,0
ALTY.US,D,20200123,000000,14.268,14.278,14.215,14.268,6592,0
ALTY.US,D,20200124,000000,14.297,14.316,14.15,14.184,7918,0
ALTY.US,D,20200127,000000,14.134,14.134,14.065,14.09,28640,0
ALTY.US,D,20200128,000000,14.079,14.162,14.079,14.159,8979,0
ALTY.US,D,20200129,000000,14.154,14.215,14.154,14.189,8733,0
ALTY.US,D,20200130,000000,14.159,14.167,14.116,14.149,8574,0
ALTY.US,D,20200131,000000,14.125,14.125,14.046,14.046,6534,0
ALTY.US,D,20200203,000000,14.041,14.144,14.041,14.083,8320,0
ALTY.US,D,20200204,000000,14.164,14.184,14.154,14.154,5658,0
ALTY.US,D,20200205,000000,14.105,14.224,14.105,14.224,12817,0
ALTY.US,D,20200206,000000,14.267,14.277,14.227,14.233,10919,0
ALTY.US,D,20200207,000000,14.205,14.237,14.195,14.206,10269,0
ALTY.US,D,20200210,000000,14.192,14.222,14.182,14.214,5127,0
ALTY.US,D,20200211,000000,14.211,14.267,14.211,14.242,40847,0
ALTY.US,D,20200212,000000,14.306,14.315,14.303,14.306,3979,0
ALTY.US,D,20200213,000000,14.32,14.335,14.3,14.315,17147,0
ALTY.US,D,20200214,000000,14.335,14.343,14.325,14.339,7271,0
ALTY.US,D,20200218,000000,14.335,14.368,14.328,14.348,11008,0
ALTY.US,D,20200219,000000,14.42,14.42,14.311,14.311,6384,0
ALTY.US,D,20200220,000000,14.353,14.367,14.325,14.367,7326,0
ALTY.US,D,20200221,000000,14.296,14.339,14.257,14.294,16978,0
ALTY.US,D,20200224,000000,14.172,14.172,14.023,14.067,55498,0
ALTY.US,D,20200225,000000,14.132,14.132,13.56,13.618,36323,0
ALTY.US,D,20200226,000000,13.628,13.783,13.588,13.603,14354,0
ALTY.US,D,20200227,000000,13.532,13.532,13.083,13.107,37886,0
ALTY.US,D,20200228,000000,12.844,12.844,12.472,12.721,34555,0
ALTY.US,D,20200302,000000,12.73,13.213,12.701,13.189,33991,0
ALTY.US,D,20200303,000000,13.418,13.446,13.125,13.154,17068,0
ALTY.US,D,20200304,000000,12.987,13.398,12.987,13.349,14174,0
ALTY.US,D,20200305,000000,13.23,13.23,13.045,13.083,14516,0
ALTY.US,D,20200306,000000,12.662,12.912,12.661,12.73,8579,0
ALTY.US,D,20200309,000000,12.185,12.414,11.488,11.705,75951,0
ALTY.US,D,20200310,000000,12.089,12.089,11.46,11.737,15811,0
ALTY.US,D,20200311,000000,11.737,11.737,11.125,11.125,29363,0
ALTY.US,D,20200312,000000,10.103,11.306,9.731,9.752,34754,0
ALTY.US,D,20200313,000000,10.185,10.185,9.645,10.028,23803,0
ALTY.US,D,20200316,000000,9.654,10.285,8.862,8.862,55050,0
ALTY.US,D,20200317,000000,8.6138,9.1889,8.356,8.5659,130511,0
ALTY.US,D,20200318,000000,8.48,8.48,6.5032,6.9234,51234,0
ALTY.US,D,20200319,000000,6.6656,7.8115,6.484,7.5239,40540,0
ALTY.US,D,20200320,000000,8.1169,8.4226,7.5633,7.759,19902,0
ALTY.US,D,20200323,000000,7.4009,7.4379,6.3981,6.9902,34356,0
ALTY.US,D,20200324,000000,7.4294,7.7638,7.2673,7.5362,30727,0
ALTY.US,D,20200325,000000,7.7925,8.4949,7.382,7.993,25106,0
ALTY.US,D,20200326,000000,8.0216,9.0235,8.0216,8.5859,8472,0
ALTY.US,D,20200327,000000,8.69,8.6997,8.4057,8.5755,8527,0
ALTY.US,D,20200330,000000,8.6805,8.6805,7.8976,8.3368,9922,0
ALTY.US,D,20200331,000000,8.5818,8.5818,8.3654,8.3929,17754,0
ALTY.US,D,20200401,000000,8.2127,8.2127,7.7543,7.7558,12049,0
ALTY.US,D,20200402,000000,7.8402,7.9787,7.7635,7.8296,4519,0
ALTY.US,D,20200403,000000,7.8694,7.8694,7.3569,7.4827,9156,0
ALTY.US,D,20200406,000000,7.7339,8.1014,7.7339,7.9081,6000,0
ALTY.US,D,20200407,000000,7.9176,8.6318,7.9176,8.3091,34374,0
ALTY.US,D,20200408,000000,8.1302,8.8747,8.1302,8.8061,10606,0
ALTY.US,D,20200409,000000,8.8457,9.726,8.8457,9.3773,24272,0
ALTY.US,D,20200413,000000,9.3872,9.4255,9.1129,9.3489,11406,0
ALTY.US,D,20200414,000000,9.745,9.745,9.4753,9.601,9251,0
ALTY.US,D,20200415,000000,9.1067,9.2676,9.0197,9.0778,12209,0
ALTY.US,D,20200416,000000,9.2421,9.2421,8.9037,8.9172,8459,0
ALTY.US,D,20200417,000000,9.2354,9.332,9.1744,9.2431,3044,0
ALTY.US,D,20200420,000000,9.0971,9.2656,8.9617,8.9617,10609,0
ALTY.US,D,20200421,000000,8.9327,8.9881,8.8271,8.9376,4525,0
ALTY.US,D,20200422,000000,8.9908,9.1067,8.9617,9.0092,5814,0
ALTY.US,D,20200423,000000,9.0101,9.2254,9.0101,9.0844,2233,0
ALTY.US,D,20200424,000000,9.1454,9.1937,9.0421,9.1937,2614,0
ALTY.US,D,20200427,000000,9.1552,9.4255,9.1502,9.3912,6636,0
ALTY.US,D,20200428,000000,9.511,9.629,9.4554,9.521,4280,0
ALTY.US,D,20200429,000000,9.754,10.064,9.702,9.987,11125,0
ALTY.US,D,20200430,000000,9.997,9.997,9.737,9.817,15277,0
ALTY.US,D,20200501,000000,9.716,9.716,9.4155,9.4453,7092,0
ALTY.US,D,20200504,000000,9.2998,9.4554,9.2308,9.397,11534,0
ALTY.US,D,20200505,000000,9.4353,9.638,9.332,9.3912,9604,0
ALTY.US,D,20200506,000000,9.3193,9.3763,9.3096,9.3529,5509,0
ALTY.US,D,20200507,000000,9.3586,9.634,9.3586,9.4733,3711,0
ALTY.US,D,20200508,000000,9.551,9.722,9.551,9.722,9518,0
ALTY.US,D,20200511,000000,9.667,9.732,9.581,9.652,12189,0
ALTY.US,D,20200512,000000,9.667,9.696,9.566,9.566,3277,0
ALTY.US,D,20200513,000000,9.4255,9.4654,9.1106,9.2131,4964,0
ALTY.US,D,20200514,000000,9.0584,9.343,8.8845,9.3193,13709,0
ALTY.US,D,20200515,000000,9.2517,9.3872,9.2517,9.3489,9083,0
ALTY.US,D,20200518,000000,9.4453,9.803,9.4453,9.764,11986,0
ALTY.US,D,20200519,000000,9.764,9.899,9.696,9.813,7809,0
ALTY.US,D,20200520,000000,9.997,10.005,9.919,9.977,8030,0
ALTY.US,D,20200521,000000,10.007,10.082,9.958,10.047,8046,0
ALTY.US,D,20200522,000000,10.03,10.092,10.002,10.084,7692,0
ALTY.US,D,20200526,000000,10.42,10.45,10.325,10.389,13376,0
ALTY.US,D,20200527,000000,10.586,10.615,10.315,10.517,13786,0
ALTY.US,D,20200528,000000,10.615,10.615,10.445,10.45,8110,0
ALTY.US,D,20200529,000000,10.393,10.46,10.286,10.44,11419,0
ALTY.US,D,20200601,000000,10.42,10.606,10.411,10.581,9952,0
ALTY.US,D,20200602,000000,10.692,10.731,10.646,10.693,15050,0
ALTY.US,D,20200603,000000,10.798,10.972,10.692,10.921,12671,0
ALTY.US,D,20200604,000000,10.963,11.079,10.865,11.079,9130,0
ALTY.US,D,20200605,000000,11.273,11.591,11.273,11.426,12636,0
ALTY.US,D,20200608,000000,11.727,11.881,11.671,11.881,15093,0
ALTY.US,D,20200609,000000,11.794,11.794,11.559,11.586,10794,0
ALTY.US,D,20200610,000000,11.601,11.601,11.118,11.214,16383,0
ALTY.US,D,20200611,000000,10.935,10.935,10.393,10.44,23578,0
ALTY.US,D,20200612,000000,10.794,10.846,10.509,10.751,11611,0
ALTY.US,D,20200615,000000,10.606,10.972,10.528,10.866,21127,0
ALTY.US,D,20200616,000000,11.369,11.495,10.953,11.065,26060,0
ALTY.US,D,20200617,000000,11.021,11.03,10.891,10.891,5708,0
ALTY.US,D,20200618,000000,10.76,10.972,10.76,10.808,10802,0
ALTY.US,D,20200619,000000,10.915,10.934,10.702,10.702,9703,0
ALTY.US,D,20200622,000000,10.732,10.732,10.578,10.662,10628,0
ALTY.US,D,20200623,000000,10.789,10.789,10.644,10.657,19213,0
ALTY.US,D,20200624,000000,10.634,10.634,10.224,10.411,25179,0
ALTY.US,D,20200625,000000,10.305,10.44,10.227,10.394,13984,0
ALTY.US,D,20200626,000000,10.393,10.393,10.176,10.201,12366,0
ALTY.US,D,20200629,000000,10.325,10.345,10.2,10.294,43850,0
ALTY.US,D,20200630,000000,10.315,10.44,10.311,10.42,9467,0
ALTY.US,D,20200701,000000,10.402,10.49,10.365,10.46,36309,0
ALTY.US,D,20200702,000000,10.576,10.615,10.47,10.47,62176,0
ALTY.US,D,20200706,000000,10.619,10.619,10.287,10.376,12599,0
ALTY.US,D,20200707,000000,10.386,10.386,10.238,10.253,14673,0
ALTY.US,D,20200708,000000,10.317,10.357,10.211,10.277,15313,0
ALTY.US,D,20200709,000000,10.277,10.277,10.042,10.078,8710,0
ALTY.US,D,20200710,000000,9.996,10.132,9.996,10.102,9303,0
ALTY.US,D,20200713,000000,10.112,10.244,10.112,10.156,7629,0
ALTY.US,D,20200714,000000,10.073,10.176,10.073,10.151,6449,0
ALTY.US,D,20200715,000000,10.287,10.414,10.287,10.371,6685,0
ALTY.US,D,20200716,000000,10.376,10.395,10.267,10.342,17308,0
ALTY.US,D,20200717,000000,10.404,10.404,10.317,10.332,3735,0
ALTY.US,D,20200720,000000,10.337,10.352,10.239,10.311,14133,0
ALTY.US,D,20200721,000000,10.317,10.473,10.317,10.443,8247,0
ALTY.US,D,20200722,000000,10.453,10.541,10.376,10.526,4232,0
ALTY.US,D,20200723,000000,10.483,10.512,10.404,10.438,5095,0
ALTY.US,D,20200724,000000,10.44,10.459,10.371,10.371,11893,0
ALTY.US,D,20200727,000000,10.453,10.453,10.366,10.376,6956,0
ALTY.US,D,20200728,000000,10.396,10.443,10.396,10.433,1535,0
ALTY.US,D,20200729,000000,10.483,10.554,10.444,10.554,13200,0
ALTY.US,D,20200730,000000,10.503,10.503,10.414,10.491,8515,0
ALTY.US,D,20200731,000000,10.561,10.561,10.366,10.493,15380,0
ALTY.US,D,20200803,000000,10.483,10.571,10.404,10.541,32472,0
ALTY.US,D,20200804,000000,10.541,10.657,10.506,10.644,10860,0
ALTY.US,D,20200805,000000,10.629,10.629,10.561,10.6,23786,0
ALTY.US,D,20200806,000000,10.61,10.682,10.6,10.655,6901,0
ALTY.US,D,20200807,000000,10.658,10.727,10.639,10.727,14188,0
ALTY.US,D,20200810,000000,10.823,10.9,10.823,10.873,12327,0
ALTY.US,D,20200811,000000,11.009,11.009,10.795,10.795,54541,0
ALTY.US,D,20200812,000000,10.898,10.902,10.853,10.868,4050,0
ALTY.US,D,20200813,000000,10.912,10.95,10.795,10.828,16224,0
ALTY.US,D,20200814,000000,10.873,10.873,10.804,10.846,13645,0
ALTY.US,D,20200817,000000,10.922,10.922,10.804,10.823,20559,0
ALTY.US,D,20200818,000000,10.902,10.902,10.717,10.742,10849,0
ALTY.US,D,20200819,000000,10.813,10.813,10.687,10.707,5715,0
ALTY.US,D,20200820,000000,10.717,10.717,10.657,10.667,5162,0
ALTY.US,D,20200821,000000,10.657,10.657,10.571,10.596,65373,0
ALTY.US,D,20200824,000000,10.657,10.757,10.59,10.727,13548,0
ALTY.US,D,20200825,000000,10.727,10.775,10.667,10.697,6823,0
ALTY.US,D,20200826,000000,10.686,10.686,10.585,10.587,6373,0
ALTY.US,D,20200827,000000,10.677,10.677,10.61,10.651,6276,0
ALTY.US,D,20200828,000000,10.707,10.766,10.648,10.751,21280,0
ALTY.US,D,20200831,000000,10.813,10.813,10.639,10.657,26932,0
ALTY.US,D,20200901,000000,10.707,10.737,10.662,10.697,11074,0
ALTY.US,D,20200902,000000,10.697,10.727,10.677,10.727,10544,0
ALTY.US,D,20200903,000000,10.707,10.707,10.522,10.531,18365,0
ALTY.US,D,20200904,000000,10.648,10.648,10.327,10.468,15828,0
ALTY.US,D,20200908,000000,10.433,10.463,10.364,10.433,17261,0
ALTY.US,D,20200909,000000,10.551,10.551,10.51,10.531,7478,0
ALTY.US,D,20200910,000000,10.551,10.554,10.376,10.448,9421,0
ALTY.US,D,20200911,000000,10.503,10.503,10.411,10.414,4281,0
ALTY.US,D,20200914,000000,10.531,10.717,10.498,10.59,69789,0
ALTY.US,D,20200915,000000,10.6,10.657,10.534,10.541,10503,0
ALTY.US,D,20200916,000000,10.629,10.677,10.571,10.648,6289,0
ALTY.US,D,20200917,000000,10.607,10.619,10.541,10.568,16213,0
ALTY.US,D,20200918,000000,10.566,10.571,10.483,10.5,12408,0
ALTY.US,D,20200921,000000,10.433,10.433,10.289,10.321,23144,0
ALTY.US,D,20200922,000000,10.433,10.453,10.347,10.358,7041,0
ALTY.US,D,20200923,000000,10.414,10.423,10.063,10.139,19276,0
ALTY.US,D,20200924,000000,10.063,10.122,9.966,10.021,8419,0
ALTY.US,D,20200925,000000,9.976,10.122,9.976,10.107,10233,0
ALTY.US,D,20200928,000000,10.211,10.337,10.211,10.297,6230,0
ALTY.US,D,20200929,000000,10.483,10.483,10.191,10.277,38205,0
ALTY.US,D,20200930,000000,10.357,10.357,10.267,10.307,21303,0
ALTY.US,D,20201001,000000,10.327,10.367,10.258,10.367,6949,0
ALTY.US,D,20201002,000000,10.238,10.453,10.238,10.453,5143,0
ALTY.US,D,20201005,000000,10.505,10.505,10.455,10.476,6968,0
ALTY.US,D,20201006,000000,10.514,10.583,10.48,10.48,17336,0
ALTY.US,D,20201007,000000,10.505,10.524,10.455,10.475,13852,0
ALTY.US,D,20201008,000000,10.583,10.656,10.583,10.656,6093,0
ALTY.US,D,20201009,000000,10.671,10.688,10.583,10.635,19478,0
ALTY.US,D,20201012,000000,10.651,10.651,10.627,10.651,1958,0
ALTY.US,D,20201013,000000,10.642,10.642,10.574,10.574,3424,0
ALTY.US,D,20201014,000000,10.632,10.642,10.593,10.612,51365,0
ALTY.US,D,20201015,000000,10.574,10.612,10.515,10.588,7043,0
ALTY.US,D,20201016,000000,10.622,10.622,10.556,10.564,3772,0
ALTY.US,D,20201019,000000,10.574,10.574,10.416,10.425,10385,0
ALTY.US,D,20201020,000000,10.455,10.505,10.446,10.48,13460,0
ALTY.US,D,20201021,000000,10.505,10.505,10.435,10.465,6013,0
ALTY.US,D,20201022,000000,10.485,10.564,10.48,10.515,15093,0
ALTY.US,D,20201023,000000,10.583,10.651,10.564,10.593,10622,0
ALTY.US,D,20201026,000000,10.574,10.593,10.396,10.425,6417,0
ALTY.US,D,20201027,000000,10.485,10.485,10.387,10.406,11588,0
ALTY.US,D,20201028,000000,10.328,10.328,10.181,10.181,11912,0
ALTY.US,D,20201029,000000,10.141,10.236,10.072,10.236,11884,0
ALTY.US,D,20201030,000000,10.181,10.224,10.072,10.139,8286,0
ALTY.US,D,20201102,000000,10.171,10.328,10.171,10.312,6255,0
ALTY.US,D,20201103,000000,10.409,10.475,10.399,10.475,6159,0
ALTY.US,D,20201104,000000,10.396,10.514,10.303,10.416,9733,0
ALTY.US,D,20201105,000000,10.495,10.603,10.495,10.569,9741,0
ALTY.US,D,20201106,000000,10.603,10.603,10.445,10.478,14210,0
ALTY.US,D,20201109,000000,10.661,10.938,10.661,10.826,46848,0
ALTY.US,D,20201110,000000,10.896,11.038,10.896,11.01,11405,0
ALTY.US,D,20201111,000000,11.006,11.055,10.97,11.025,7247,0
ALTY.US,D,20201112,000000,10.976,10.986,10.871,10.898,11927,0
ALTY.US,D,20201113,000000,10.951,11.083,10.951,11.062,8788,0
ALTY.US,D,20201116,000000,11.173,11.298,11.153,11.252,14976,0
ALTY.US,D,20201117,000000,11.212,11.31,11.202,11.281,12264,0
ALTY.US,D,20201118,000000,11.281,11.379,11.193,11.202,10929,0
ALTY.US,D,20201119,000000,11.241,11.241,11.183,11.222,2536,0
ALTY.US,D,20201120,000000,11.261,11.261,11.203,11.243,5000,0
ALTY.US,D,20201123,000000,11.33,11.418,11.33,11.398,11989,0
ALTY.US,D,20201124,000000,11.546,11.58,11.428,11.536,8860,0
ALTY.US,D,20201125,000000,11.546,11.566,11.482,11.522,10715,0
ALTY.US,D,20201127,000000,11.526,11.526,11.432,11.453,10153,0
ALTY.US,D,20201130,000000,11.468,11.468,11.281,11.291,26660,0
ALTY.US,D,20201201,000000,11.438,11.497,11.403,11.442,18818,0
ALTY.US,D,20201202,000000,11.468,11.556,11.438,11.536,20821,0
ALTY.US,D,20201203,000000,11.526,11.546,11.447,11.526,16028,0
ALTY.US,D,20201204,000000,11.487,11.595,11.487,11.595,15489,0
ALTY.US,D,20201207,000000,11.487,11.563,11.487,11.517,7142,0
ALTY.US,D,20201208,000000,11.497,11.578,11.497,11.561,14904,0
ALTY.US,D,20201209,000000,11.615,11.62,11.499,11.556,8365,0
ALTY.US,D,20201210,000000,11.448,11.595,11.448,11.595,7885,0
ALTY.US,D,20201211,000000,11.458,11.624,11.458,11.615,10925,0
ALTY.US,D,20201214,000000,11.625,11.713,11.556,11.575,14605,0
ALTY.US,D,20201215,000000,11.586,11.668,11.586,11.663,6006,0
ALTY.US,D,20201216,000000,11.683,11.693,11.645,11.693,14329,0
ALTY.US,D,20201217,000000,11.733,11.733,11.673,11.713,15427,0
ALTY.US,D,20201218,000000,11.763,11.763,11.64,11.64,15981,0
ALTY.US,D,20201221,000000,11.645,11.645,11.438,11.516,23178,0
ALTY.US,D,20201222,000000,11.511,11.516,11.438,11.482,7712,0
ALTY.US,D,20201223,000000,11.418,11.546,11.418,11.468,18601,0
ALTY.US,D,20201224,000000,11.448,11.478,11.418,11.478,13238,0
ALTY.US,D,20201228,000000,11.526,11.536,11.448,11.478,15018,0
ALTY.US,D,20201229,000000,11.487,11.51,11.438,11.438,8658,0
ALTY.US,D,20201230,000000,11.478,11.537,11.448,11.454,17818,0
ALTY.US,D,20201231,000000,11.487,11.567,11.439,11.567,23472,0
ALTY.US,D,20210104,000000,11.567,11.586,11.379,11.428,35272,0
ALTY.US,D,20210105,000000,11.428,11.557,11.428,11.532,8505,0
ALTY.US,D,20210106,000000,11.616,11.687,11.552,11.685,12546,0
ALTY.US,D,20210107,000000,11.695,11.715,11.656,11.656,15545,0
ALTY.US,D,20210108,000000,11.695,11.715,11.626,11.715,30625,0
ALTY.US,D,20210111,000000,11.715,11.715,11.636,11.665,14812,0
ALTY.US,D,20210112,000000,11.695,11.765,11.683,11.725,26651,0
ALTY.US,D,20210113,000000,11.765,11.833,11.755,11.814,8884,0
ALTY.US,D,20210114,000000,11.819,11.903,11.819,11.866,33711,0
ALTY.US,D,20210115,000000,11.883,11.903,11.777,11.891,9536,0
ALTY.US,D,20210119,000000,11.893,11.943,11.834,11.887,24545,0
ALTY.US,D,20210120,000000,11.913,11.963,11.893,11.948,8149,0
ALTY.US,D,20210121,000000,11.923,11.963,11.883,11.902,27161,0
ALTY.US,D,20210122,000000,11.824,11.883,11.804,11.883,9313,0
ALTY.US,D,20210125,000000,11.883,11.923,11.82,11.903,21919,0
ALTY.US,D,20210126,000000,11.893,11.943,11.883,11.913,17352,0
ALTY.US,D,20210127,000000,11.873,11.873,11.695,11.715,20569,0
ALTY.US,D,20210128,000000,11.745,11.824,11.685,11.804,11270,0
ALTY.US,D,20210129,000000,11.755,11.81,11.656,11.725,24315,0
ALTY.US,D,20210201,000000,11.804,11.853,11.732,11.843,24925,0
ALTY.US,D,20210202,000000,11.873,12.012,11.873,11.923,21979,0
ALTY.US,D,20210203,000000,11.923,11.923,11.843,11.923,16952,0
ALTY.US,D,20210204,000000,11.973,12.002,11.923,11.982,18883,0
ALTY.US,D,20210205,000000,11.992,12.051,11.992,12.051,12185,0
ALTY.US,D,20210208,000000,12.091,12.121,12.091,12.096,17008,0
ALTY.US,D,20210209,000000,12.17,12.17,12.093,12.111,5716,0
ALTY.US,D,20210210,000000,12.161,12.219,12.141,12.19,15498,0
ALTY.US,D,20210211,000000,12.219,12.229,12.17,12.229,25760,0
ALTY.US,D,20210212,000000,12.209,12.239,12.18,12.219,16089,0
ALTY.US,D,20210216,000000,12.368,12.368,12.267,12.269,29635,0
ALTY.US,D,20210217,000000,12.319,12.319,12.219,12.289,26937,0
ALTY.US,D,20210218,000000,12.279,12.279,12.18,12.202,17135,0
ALTY.US,D,20210219,000000,12.19,12.289,12.19,12.259,34131,0
ALTY.US,D,20210222,000000,12.17,12.329,12.17,12.309,23138,0
ALTY.US,D,20210223,000000,12.289,12.289,12.161,12.289,19833,0
ALTY.US,D,20210224,000000,12.25,12.437,12.249,12.418,21111,0
ALTY.US,D,20210225,000000,12.368,12.446,12.19,12.195,20473,0
ALTY.US,D,20210226,000000,12.226,12.279,12.131,12.131,20750,0
ALTY.US,D,20210301,000000,12.269,12.359,12.259,12.279,8894,0
ALTY.US,D,20210302,000000,12.329,12.349,12.269,12.339,10640,0
ALTY.US,D,20210303,000000,12.299,12.299,12.19,12.259,11234,0
ALTY.US,D,20210304,000000,12.349,12.349,12.081,12.19,16761,0
ALTY.US,D,20210305,000000,12.359,12.359,11.982,12.204,20419,0
ALTY.US,D,20210308,000000,12.229,12.319,12.18,12.296,23025,0
ALTY.US,D,20210309,000000,12.368,12.408,12.334,12.359,15899,0
ALTY.US,D,20210310,000000,12.407,12.497,12.388,12.472,16138,0
ALTY.US,D,20210311,000000,12.565,12.565,12.474,12.537,23914,0
ALTY.US,D,20210312,000000,12.557,12.575,12.474,12.543,22914,0
ALTY.US,D,20210315,000000,12.595,12.705,12.574,12.666,15010,0
ALTY.US,D,20210316,000000,12.695,12.695,12.575,12.596,11994,0
ALTY.US,D,20210317,000000,12.635,12.643,12.56,12.643,12846,0
ALTY.US,D,20210318,000000,12.665,12.665,12.417,12.417,19402,0
ALTY.US,D,20210319,000000,12.442,12.557,12.442,12.547,3107,0
ALTY.US,D,20210322,000000,12.547,12.547,12.467,12.527,8269,0
ALTY.US,D,20210323,000000,12.505,12.507,12.385,12.417,12563,0
ALTY.US,D,20210324,000000,12.477,12.537,12.41,12.412,11303,0
ALTY.US,D,20210325,000000,12.374,12.447,12.279,12.447,9149,0
ALTY.US,D,20210326,000000,12.47,12.538,12.47,12.538,6552,0
ALTY.US,D,20210329,000000,12.517,12.556,12.457,12.537,13438,0
ALTY.US,D,20210330,000000,12.517,12.565,12.47,12.552,10691,0
ALTY.US,D,20210331,000000,12.595,12.595,12.547,12.565,7912,0
ALTY.US,D,20210401,000000,12.635,12.665,12.585,12.655,30994,0
ALTY.US,D,20210405,000000,12.774,12.774,12.665,12.665,19492,0
ALTY.US,D,20210406,000000,12.745,12.814,12.725,12.764,16855,0
ALTY.US,D,20210407,000000,12.705,12.804,12.705,12.764,13427,0
ALTY.US,D,20210408,000000,12.824,12.834,12.761,12.834,14017,0
ALTY.US,D,20210409,000000,12.884,12.924,12.824,12.844,12070,0
ALTY.US,D,20210412,000000,12.884,12.904,12.868,12.904,11828,0
ALTY.US,D,20210413,000000,12.944,12.983,12.858,12.983,11919,0
ALTY.US,D,20210414,000000,13.013,13.013,12.939,12.992,8948,0
ALTY.US,D,20210415,000000,13.063,13.063,12.993,13.038,15675,0
ALTY.US,D,20210416,000000,13.093,13.093,12.999,13.063,22919,0
ALTY.US,D,20210419,000000,13.023,13.073,13.023,13.047,12415,0
ALTY.US,D,20210420,000000,13.113,13.113,12.963,13.002,18237,0
ALTY.US,D,20210421,000000,13.033,13.099,12.988,13.043,8764,0
ALTY.US,D,20210422,000000,13.133,13.133,12.994,13.023,10663,0
ALTY.US,D,20210423,000000,13.083,13.143,13.063,13.109,13997,0
ALTY.US,D,20210426,000000,13.182,13.182,13.113,13.162,22303,0
ALTY.US,D,20210427,000000,13.252,13.262,13.133,13.182,31545,0
ALTY.US,D,20210428,000000,13.262,13.272,13.209,13.262,15152,0
ALTY.US,D,20210429,000000,13.272,13.361,13.248,13.322,13745,0
ALTY.US,D,20210430,000000,13.371,13.371,13.292,13.337,29970,0
ALTY.US,D,20210503,000000,13.341,13.421,13.341,13.391,81652,0
ALTY.US,D,20210504,000000,13.381,13.401,13.242,13.341,28306,0
ALTY.US,D,20210505,000000,13.351,13.351,13.143,13.242,39568,0
ALTY.US,D,20210506,000000,13.301,13.302,13.162,13.262,18975,0
ALTY.US,D,20210507,000000,13.262,13.391,13.262,13.391,15173,0
ALTY.US,D,20210510,000000,13.371,13.491,13.371,13.441,57368,0
ALTY.US,D,20210511,000000,13.381,13.381,13.162,13.292,19877,0
ALTY.US,D,20210512,000000,13.262,13.262,12.884,12.914,33561,0
ALTY.US,D,20210513,000000,12.884,13.132,12.884,13.092,14984,0
ALTY.US,D,20210514,000000,13.093,13.282,13.093,13.252,22764,0
ALTY.US,D,20210517,000000,13.182,13.305,13.182,13.282,8947,0
ALTY.US,D,20210518,000000,13.351,13.401,13.322,13.351,19623,0
ALTY.US,D,20210519,000000,13.192,13.242,13.023,13.222,43409,0
ALTY.US,D,20210520,000000,13.264,13.341,13.264,13.341,4515,0
ALTY.US,D,20210521,000000,13.431,13.431,13.302,13.337,11460,0
ALTY.US,D,20210524,000000,13.441,13.441,13.371,13.441,7223,0
ALTY.US,D,20210525,000000,13.55,13.55,13.341,13.341,30132,0
ALTY.US,D,20210526,000000,13.391,13.391,13.341,13.381,9080,0
ALTY.US,D,20210527,000000,13.501,13.501,13.361,13.411,21754,0
ALTY.US,D,20210528,000000,13.501,13.501,13.372,13.421,22024,0
ALTY.US,D,20210601,000000,13.531,13.57,13.451,13.57,224629,0
ALTY.US,D,20210602,000000,13.64,13.64,13.536,13.562,60817,0
ALTY.US,D,20210603,000000,13.521,13.521,13.451,13.501,17622,0
ALTY.US,D,20210604,000000,13.511,13.531,13.471,13.531,27705,0
ALTY.US,D,20210607,000000,13.531,13.63,13.521,13.61,40576,0
ALTY.US,D,20210608,000000,13.67,13.67,13.59,13.64,19908,0
ALTY.US,D,20210609,000000,13.57,13.729,13.57,13.69,24666,0
ALTY.US,D,20210610,000000,13.68,13.749,13.64,13.729,13575,0
ALTY.US,D,20210611,000000,13.72,13.789,13.7,13.786,10025,0
ALTY.US,D,20210614,000000,13.779,13.849,13.779,13.804,30926,0
ALTY.US,D,20210615,000000,13.829,13.829,13.72,13.754,23697,0
ALTY.US,D,20210616,000000,13.749,13.829,13.749,13.769,16939,0
ALTY.US,D,20210617,000000,13.739,13.769,13.511,13.54,51561,0
ALTY.US,D,20210618,000000,13.501,13.521,13.381,13.401,34224,0
ALTY.US,D,20210621,000000,13.481,13.62,13.381,13.6,31018,0
ALTY.US,D,20210622,000000,13.72,13.72,13.541,13.61,25519,0
ALTY.US,D,20210623,000000,13.64,13.64,13.58,13.585,26686,0
ALTY.US,D,20210624,000000,13.6,13.61,13.57,13.6,29122,0
ALTY.US,D,20210625,000000,13.64,13.64,13.57,13.615,15334,0
ALTY.US,D,20210628,000000,13.6,13.64,13.501,13.57,16061,0
ALTY.US,D,20210629,000000,13.61,13.61,13.54,13.54,17029,0
ALTY.US,D,20210630,000000,13.58,13.58,13.54,13.55,20367,0
ALTY.US,D,20210701,000000,13.61,13.62,13.557,13.6,13748,0
ALTY.US,D,20210702,000000,13.6,13.64,13.55,13.63,16081,0
ALTY.US,D,20210706,000000,13.6,13.64,13.53,13.61,33684,0
ALTY.US,D,20210707,000000,13.59,13.615,13.49,13.56,20714,0
ALTY.US,D,20210708,000000,13.49,13.4922,13.38,13.42,18625,0
ALTY.US,D,20210709,000000,13.44,13.6,13.44,13.59,25147,0
ALTY.US,D,20210712,000000,13.64,13.69,13.59,13.69,17078,0
ALTY.US,D,20210713,000000,13.54,13.62,13.531,13.59,8714,0
ALTY.US,D,20210714,000000,13.64,13.64,13.52,13.56,15205,0
ALTY.US,D,20210715,000000,13.49,13.54,13.46,13.46,16115,0
ALTY.US,D,20210716,000000,13.51,13.54,13.48,13.48,4952,0
ALTY.US,D,20210719,000000,13.39,13.39,13.18,13.22,38470,0
ALTY.US,D,20210720,000000,13.2513,13.46,13.2513,13.43,11740,0
ALTY.US,D,20210721,000000,13.51,13.58,13.491,13.5,12428,0
ALTY.US,D,20210722,000000,13.48,13.58,13.47,13.54,12155,0
ALTY.US,D,20210723,000000,13.49,13.58,13.49,13.51,20251,0
ALTY.US,D,20210726,000000,13.56,13.64,13.56,13.63,21705,0
ALTY.US,D,20210727,000000,13.61,13.61,13.55,13.5978,10526,0
ALTY.US,D,20210728,000000,13.64,13.67,13.58,13.66,24875,0
ALTY.US,D,20210729,000000,13.69,13.73,13.66,13.7003,16982,0
ALTY.US,D,20210730,000000,13.7,13.75,13.6306,13.68,15399,0
ALTY.US,D,20210802,000000,13.75,13.75,13.66,13.6746,17543,0
ALTY.US,D,20210803,000000,13.59,13.6799,13.56,13.6542,27756,0
ALTY.US,D,20210804,000000,13.56,13.608,13.521,13.55,14558,0
ALTY.US,D,20210805,000000,13.53,13.64,13.53,13.6095,24364,0
ALTY.US,D,20210806,000000,13.69,13.69,13.61,13.6413,16952,0
ALTY.US,D,20210809,000000,13.68,13.68,13.58,13.62,16669,0
ALTY.US,D,20210810,000000,13.56,13.67,13.56,13.655,23297,0
ALTY.US,D,20210811,000000,13.61,13.71,13.61,13.71,9664,0
ALTY.US,D,20210812,000000,13.73,13.77,13.67,13.77,11731,0
ALTY.US,D,20210813,000000,13.79,13.79,13.7,13.72,14117,0
ALTY.US,D,20210816,000000,13.7,13.76,13.6898,13.75,20337,0
ALTY.US,D,20210817,000000,13.72,13.72,13.62,13.63,5751,0
ALTY.US,D,20210818,000000,13.68,13.68,13.58,13.64,10152,0
ALTY.US,D,20210819,000000,13.6,13.61,13.47,13.47,12671,0
ALTY.US,D,20210820,000000,13.5,13.6,13.5,13.55,19597,0
ALTY.US,D,20210823,000000,13.6,13.67,13.59,13.65,8455,0
ALTY.US,D,20210824,000000,13.7,13.7,13.62,13.64,25603,0
ALTY.US,D,20210825,000000,13.7,13.74,13.64,13.7,7133,0
ALTY.US,D,20210826,000000,13.69,13.749,13.61,13.65,32810,0
ALTY.US,D,20210827,000000,13.651,13.76,13.64,13.74,15391,0
ALTY.US,D,20210830,000000,13.71,13.75,13.67,13.7254,30287,0
ALTY.US,D,20210831,000000,13.76,13.76,13.68,13.72,31965,0
ALTY.US,D,20210901,000000,13.77,13.84,13.77,13.825,8933,0
