<TICKER>,<PER>,<DATE>,<TIME>,<OPEN>,<HIGH>,<LOW>,<CLOSE>,<VOL>,<OPENINT>
AMCA.US,D,20170811,000000,22.57,22.577,22.546,22.556,7080,0
AMCA.US,D,20170814,000000,22.763,22.763,22.763,22.763,122,0
AMCA.US,D,20170815,000000,22.707,22.707,22.696,22.696,655,0
AMCA.US,D,20170817,000000,22.543,22.543,22.46,22.46,2024,0
AMCA.US,D,20170818,000000,22.304,22.429,22.304,22.429,2636,0
AMCA.US,D,20170821,000000,22.389,22.441,22.352,22.441,3011,0
AMCA.US,D,20170823,000000,22.573,22.573,22.573,22.573,219,0
AMCA.US,D,20170825,000000,22.577,22.646,22.577,22.617,1106,0
AMCA.US,D,20170828,000000,22.527,22.527,22.527,22.527,876,0
AMCA.US,D,20170830,000000,22.607,22.607,22.607,22.607,161,0
AMCA.US,D,20170912,000000,22.694,22.694,22.694,22.694,546,0
AMCA.US,D,20170913,000000,22.763,22.763,22.763,22.763,2157,0
AMCA.US,D,20170914,000000,22.789,22.808,22.789,22.794,31069,0
AMCA.US,D,20170915,000000,22.799,22.799,22.799,22.799,1113,0
AMCA.US,D,20170918,000000,22.808,22.854,22.808,22.854,984,0
AMCA.US,D,20170922,000000,22.899,22.899,22.864,22.864,394,0
AMCA.US,D,20170927,000000,23.12,23.13,23.12,23.13,4361,0
AMCA.US,D,20170928,000000,23.138,23.138,23.138,23.138,111,0
AMCA.US,D,20171002,000000,23.275,23.294,23.275,23.275,873,0
AMCA.US,D,20171005,000000,23.394,23.498,23.394,23.498,4707,0
AMCA.US,D,20171006,000000,23.423,23.423,23.42,23.423,1154,0
AMCA.US,D,20171009,000000,23.423,23.423,23.423,23.423,600,0
AMCA.US,D,20171010,000000,23.442,23.442,23.385,23.385,1294,0
AMCA.US,D,20171011,000000,23.385,23.385,23.385,23.385,2183,0
AMCA.US,D,20171013,000000,23.295,23.295,23.175,23.252,2098,0
AMCA.US,D,20171016,000000,23.236,23.236,23.236,23.236,207,0
AMCA.US,D,20171017,000000,23.237,23.237,23.237,23.237,111,0
AMCA.US,D,20171018,000000,23.332,23.332,23.332,23.332,2183,0
AMCA.US,D,20171023,000000,23.614,23.614,23.535,23.535,1357,0
AMCA.US,D,20171024,000000,23.535,23.535,23.535,23.535,1984,0
AMCA.US,D,20171025,000000,23.341,23.341,23.341,23.341,1092,0
AMCA.US,D,20171027,000000,23.367,23.367,23.349,23.349,218,0
AMCA.US,D,20171031,000000,23.394,23.469,23.394,23.451,1510,0
AMCA.US,D,20171103,000000,23.543,23.543,23.543,23.543,1249,0
AMCA.US,D,20171108,000000,23.375,23.375,23.375,23.375,172,0
AMCA.US,D,20171113,000000,23.432,23.432,23.432,23.432,746,0
AMCA.US,D,20171115,000000,23.744,23.744,23.595,23.595,1352,0
AMCA.US,D,20171117,000000,23.551,23.551,23.551,23.551,111,0
AMCA.US,D,20171128,000000,23.698,23.698,23.671,23.689,6016,0
AMCA.US,D,20171129,000000,24,24,24,24,172,0
AMCA.US,D,20171130,000000,24.432,24.432,24.384,24.384,9446,0
AMCA.US,D,20171201,000000,24.451,24.451,24.209,24.209,700,0
AMCA.US,D,20171204,000000,24.77,24.87,24.77,24.852,37202,0
AMCA.US,D,20171205,000000,24.681,24.69,24.681,24.69,4110,0
AMCA.US,D,20171206,000000,24.494,24.532,24.494,24.532,8197,0
AMCA.US,D,20171207,000000,24.588,24.588,24.588,24.588,12306,0
AMCA.US,D,20171208,000000,24.751,24.751,24.751,24.751,219,0
AMCA.US,D,20171212,000000,24.843,24.87,24.843,24.87,141239,0
AMCA.US,D,20171213,000000,24.869,24.88,24.869,24.88,17353,0
AMCA.US,D,20171214,000000,24.88,24.88,24.646,24.646,19895,0
AMCA.US,D,20171215,000000,24.77,24.779,24.77,24.779,1529,0
AMCA.US,D,20171218,000000,24.955,25.009,24.955,24.964,56216,0
AMCA.US,D,20171219,000000,25.064,25.064,25.064,25.064,1124,0
AMCA.US,D,20171220,000000,24.917,24.922,24.917,24.922,1753,0
AMCA.US,D,20171221,000000,24.908,25.032,24.908,25.032,950,0
AMCA.US,D,20171222,000000,25.041,25.041,25.032,25.032,3022,0
AMCA.US,D,20171226,000000,25.096,25.096,25.032,25.074,1017,0
AMCA.US,D,20171227,000000,25.032,25.032,25.032,25.032,680,0
AMCA.US,D,20171229,000000,25.153,25.153,25.143,25.143,514,0
AMCA.US,D,20180102,000000,25.18,25.18,25.077,25.096,12648,0
AMCA.US,D,20180103,000000,25.362,25.362,25.124,25.124,3752,0
AMCA.US,D,20180104,000000,25.143,25.262,25.143,25.198,1309,0
AMCA.US,D,20180105,000000,25.222,25.222,25.222,25.222,431,0
AMCA.US,D,20180108,000000,25.362,25.362,25.362,25.362,185,0
AMCA.US,D,20180109,000000,25.279,25.417,25.279,25.409,12151,0
AMCA.US,D,20180111,000000,25.474,25.482,25.409,25.482,25777,0
AMCA.US,D,20180112,000000,25.538,25.611,25.538,25.565,4464,0
AMCA.US,D,20180116,000000,25.794,25.794,25.629,25.629,12629,0
AMCA.US,D,20180117,000000,25.538,25.754,25.538,25.723,1081,0
AMCA.US,D,20180118,000000,25.75,25.75,25.75,25.75,21879,0
AMCA.US,D,20180119,000000,25.804,25.832,25.749,25.804,17411,0
AMCA.US,D,20180122,000000,25.785,26.024,25.785,26.024,3199,0
AMCA.US,D,20180123,000000,26.109,26.109,26.086,26.086,1077,0
AMCA.US,D,20180124,000000,26.099,26.18,26.006,26.006,3875,0
AMCA.US,D,20180125,000000,26.052,26.056,26.041,26.056,1287,0
AMCA.US,D,20180126,000000,26.071,26.099,26.041,26.041,993,0
AMCA.US,D,20180129,000000,26.152,26.219,26.152,26.219,364,0
AMCA.US,D,20180130,000000,25.895,25.905,25.895,25.895,1009,0
AMCA.US,D,20180131,000000,25.886,25.905,25.734,25.785,1923,0
AMCA.US,D,20180201,000000,25.85,25.85,25.757,25.757,18281,0
AMCA.US,D,20180202,000000,25.638,25.638,25.336,25.336,837,0
AMCA.US,D,20180205,000000,25.153,25.225,24.527,24.688,18722,0
AMCA.US,D,20180206,000000,24.366,24.366,24.122,24.206,1206,0
AMCA.US,D,20180207,000000,24.446,24.841,24.446,24.693,3998,0
AMCA.US,D,20180208,000000,24.446,26.658,23.845,23.845,7552,0
AMCA.US,D,20180209,000000,23.736,23.865,23.424,23.645,7153,0
AMCA.US,D,20180212,000000,24.094,24.212,24.013,24.141,2259,0
AMCA.US,D,20180213,000000,24.163,24.163,24.163,24.163,125,0
AMCA.US,D,20180214,000000,24.6,24.623,24.6,24.623,654,0
AMCA.US,D,20180215,000000,24.727,24.803,24.583,24.803,2884,0
AMCA.US,D,20180216,000000,25.052,25.052,24.894,24.894,1092,0
AMCA.US,D,20180220,000000,24.718,24.718,24.718,24.718,434,0
AMCA.US,D,20180221,000000,24.79,24.79,24.79,24.79,293,0
AMCA.US,D,20180223,000000,24.665,24.711,24.665,24.711,2420,0
AMCA.US,D,20180226,000000,24.995,24.995,24.968,24.968,3417,0
AMCA.US,D,20180227,000000,25.143,25.143,25.114,25.114,815,0
AMCA.US,D,20180228,000000,24.736,24.736,24.736,24.736,283,0
AMCA.US,D,20180301,000000,24.308,24.308,24.308,24.308,427,0
AMCA.US,D,20180306,000000,24.618,24.697,24.517,24.697,3003,0
AMCA.US,D,20180307,000000,24.497,24.516,24.497,24.516,275,0
AMCA.US,D,20180309,000000,24.702,24.959,24.702,24.959,6804,0
AMCA.US,D,20180312,000000,24.985,24.985,24.953,24.953,1090,0
AMCA.US,D,20180313,000000,25.059,25.068,24.887,24.887,10790,0
AMCA.US,D,20180314,000000,24.932,24.932,24.841,24.841,516,0
AMCA.US,D,20180315,000000,24.813,24.813,24.755,24.765,3814,0
AMCA.US,D,20180319,000000,24.471,24.471,24.471,24.471,213,0
AMCA.US,D,20180320,000000,24.471,24.518,24.471,24.518,3951,0
AMCA.US,D,20180323,000000,24.081,24.099,23.951,23.955,2656,0
AMCA.US,D,20180326,000000,23.728,23.728,23.728,23.728,433,0
AMCA.US,D,20180327,000000,24.147,24.147,23.978,23.978,810,0
AMCA.US,D,20180329,000000,24.008,24.008,24.008,24.008,303,0
AMCA.US,D,20180404,000000,23.776,24.104,23.629,24.099,5239,0
AMCA.US,D,20180405,000000,24.247,24.247,24.247,24.247,393,0
AMCA.US,D,20180409,000000,24.045,24.045,23.897,23.933,2924,0
AMCA.US,D,20180410,000000,24.045,24.209,24.045,24.147,2268,0
AMCA.US,D,20180411,000000,23.978,23.978,23.978,23.978,672,0
AMCA.US,D,20180416,000000,24.089,24.193,24.089,24.193,9753,0
AMCA.US,D,20180417,000000,24.423,24.433,24.36,24.36,341,0
AMCA.US,D,20180418,000000,24.515,24.515,24.376,24.505,40328,0
AMCA.US,D,20180419,000000,24.451,24.451,23.343,24.349,1499,0
AMCA.US,D,20180420,000000,24.433,24.433,24.217,24.217,373,0
AMCA.US,D,20180423,000000,24.217,24.227,24.217,24.227,2326,0
AMCA.US,D,20180424,000000,24.433,24.433,24.433,24.433,590,0
AMCA.US,D,20180425,000000,24.227,24.227,24.227,24.227,225,0
AMCA.US,D,20180427,000000,24.423,24.543,24.385,24.543,3618,0
AMCA.US,D,20180430,000000,24.607,24.607,24.285,24.285,1664,0
AMCA.US,D,20180501,000000,24.209,24.209,24.209,24.209,111,0
AMCA.US,D,20180502,000000,24.174,24.285,24.174,24.209,2007,0
AMCA.US,D,20180503,000000,23.859,23.988,23.859,23.988,1746,0
AMCA.US,D,20180504,000000,24.174,24.174,24.174,24.174,292,0
AMCA.US,D,20180507,000000,24.433,24.433,24.295,24.34,2597,0
AMCA.US,D,20180509,000000,24.285,24.285,24.285,24.285,772,0
AMCA.US,D,20180511,000000,24.654,24.654,24.654,24.654,541,0
AMCA.US,D,20180514,000000,24.692,24.783,24.692,24.783,489,0
AMCA.US,D,20180518,000000,24.71,24.71,24.701,24.701,402,0
AMCA.US,D,20180521,000000,24.764,24.764,24.726,24.726,730,0
AMCA.US,D,20180522,000000,24.83,24.83,24.802,24.802,473,0
AMCA.US,D,20180523,000000,24.597,24.654,24.597,24.654,3272,0
AMCA.US,D,20180524,000000,24.71,24.71,24.71,24.71,111,0
AMCA.US,D,20180529,000000,24.495,24.515,24.487,24.515,645,0
AMCA.US,D,20180530,000000,24.515,24.84,24.515,24.84,1158,0
AMCA.US,D,20180531,000000,24.71,24.83,24.543,24.543,1016,0
AMCA.US,D,20180604,000000,24.83,24.83,24.83,24.83,881,0
AMCA.US,D,20180605,000000,24.745,24.745,24.745,24.745,858,0
AMCA.US,D,20180606,000000,24.856,24.922,24.787,24.922,2883,0
AMCA.US,D,20180611,000000,25.181,25.263,25.172,25.225,2831,0
AMCA.US,D,20180612,000000,25.172,25.291,25.172,25.234,895,0
AMCA.US,D,20180614,000000,25.154,25.172,25.097,25.163,10548,0
AMCA.US,D,20180615,000000,25.135,25.135,25.088,25.125,2217,0
AMCA.US,D,20180619,000000,25.059,25.105,25.023,25.097,4295,0
AMCA.US,D,20180620,000000,25.144,25.185,25.144,25.185,455,0
AMCA.US,D,20180621,000000,25.135,25.199,25.125,25.163,54055,0
AMCA.US,D,20180622,000000,25.276,25.3,25.276,25.3,6657,0
AMCA.US,D,20180625,000000,25.281,25.281,25.013,25.018,3359,0
AMCA.US,D,20180626,000000,25.144,25.144,24.951,25.032,1817,0
AMCA.US,D,20180627,000000,25.059,25.125,25.059,25.059,2617,0
AMCA.US,D,20180628,000000,24.812,24.812,24.773,24.786,556,0
AMCA.US,D,20180629,000000,25.1,25.1,25.1,25.1,575,0
AMCA.US,D,20180702,000000,24.874,24.955,24.861,24.955,652,0
AMCA.US,D,20180703,000000,25.145,25.145,25.089,25.145,6584,0
AMCA.US,D,20180705,000000,25.106,25.106,25.106,25.106,549,0
AMCA.US,D,20180706,000000,25.258,25.365,25.241,25.34,3127,0
AMCA.US,D,20180709,000000,25.461,25.507,25.451,25.507,1088,0
AMCA.US,D,20180710,000000,25.507,25.552,25.507,25.535,1713,0
AMCA.US,D,20180711,000000,25.454,25.454,25.431,25.431,627,0
AMCA.US,D,20180712,000000,25.404,25.513,25.404,25.479,7699,0
AMCA.US,D,20180713,000000,25.552,25.552,25.552,25.552,135,0
AMCA.US,D,20180717,000000,25.579,25.579,25.533,25.533,1432,0
AMCA.US,D,20180718,000000,25.461,25.461,25.461,25.461,226,0
AMCA.US,D,20180719,000000,25.673,25.673,25.673,25.673,391,0
AMCA.US,D,20180720,000000,25.608,25.608,25.552,25.552,1081,0
AMCA.US,D,20180723,000000,25.654,25.655,25.654,25.655,707,0
AMCA.US,D,20180724,000000,25.599,25.599,25.589,25.589,561,0
AMCA.US,D,20180725,000000,25.636,25.636,25.579,25.589,1402,0
AMCA.US,D,20180726,000000,25.765,25.786,25.765,25.786,642,0
AMCA.US,D,20180727,000000,25.896,25.896,25.683,25.683,670,0
AMCA.US,D,20180730,000000,25.732,25.743,25.697,25.697,2538,0
AMCA.US,D,20180731,000000,25.764,25.764,25.764,25.764,1075,0
AMCA.US,D,20180801,000000,25.85,25.85,25.673,25.673,615,0
AMCA.US,D,20180802,000000,25.646,25.769,25.646,25.769,216,0
AMCA.US,D,20180803,000000,25.863,25.901,25.863,25.901,357,0
AMCA.US,D,20180807,000000,26.064,26.118,26.064,26.118,333,0
AMCA.US,D,20180809,000000,26.193,26.213,26.193,26.213,710,0
AMCA.US,D,20180814,000000,26.017,26.135,26.017,26.127,1891,0
AMCA.US,D,20180815,000000,25.998,26.007,25.98,26.007,668,0
AMCA.US,D,20180816,000000,26.203,26.203,26.203,26.203,244,0
AMCA.US,D,20180820,000000,26.526,26.526,26.526,26.526,116,0
AMCA.US,D,20180821,000000,26.574,26.574,26.536,26.536,1100,0
AMCA.US,D,20180822,000000,26.454,26.454,26.435,26.435,677,0
AMCA.US,D,20180823,000000,26.482,26.482,26.445,26.445,823,0
AMCA.US,D,20180824,000000,26.415,26.415,26.415,26.415,203,0
AMCA.US,D,20180827,000000,26.612,26.658,26.612,26.643,670,0
AMCA.US,D,20180828,000000,26.676,26.676,26.635,26.636,1939,0
AMCA.US,D,20180830,000000,26.658,26.658,26.658,26.658,1512,0
AMCA.US,D,20180905,000000,26.662,26.662,26.614,26.614,878,0
AMCA.US,D,20180906,000000,26.751,26.751,26.747,26.747,1551,0
AMCA.US,D,20180907,000000,26.681,26.691,26.658,26.658,3139,0
AMCA.US,D,20180910,000000,26.666,26.769,26.666,26.713,3592,0
AMCA.US,D,20180911,000000,26.565,26.565,26.565,26.565,847,0
AMCA.US,D,20180912,000000,26.844,26.844,26.684,26.733,9812,0
AMCA.US,D,20180913,000000,26.694,26.769,26.694,26.733,16087,0
AMCA.US,D,20180914,000000,26.713,26.742,26.648,26.648,18772,0
AMCA.US,D,20180917,000000,26.844,26.844,26.844,26.844,181,0
AMCA.US,D,20180918,000000,26.676,26.864,26.676,26.864,2135,0
AMCA.US,D,20180919,000000,26.844,26.864,26.777,26.777,6608,0
AMCA.US,D,20180920,000000,26.796,26.945,26.796,26.898,9690,0
AMCA.US,D,20180924,000000,26.796,26.796,26.641,26.684,1811,0
AMCA.US,D,20180925,000000,26.666,26.666,26.666,26.666,131,0
AMCA.US,D,20180926,000000,26.76,26.76,26.602,26.602,1272,0
AMCA.US,D,20180927,000000,26.564,26.564,26.564,26.564,119,0
AMCA.US,D,20180928,000000,26.545,26.545,26.499,26.508,1934,0
AMCA.US,D,20181003,000000,26.612,26.63,26.525,26.525,1567,0
AMCA.US,D,20181004,000000,26.472,26.515,26.404,26.491,6316,0
AMCA.US,D,20181005,000000,26.481,26.612,26.39,26.462,4335,0
AMCA.US,D,20181008,000000,26.394,26.394,26.394,26.394,168,0
AMCA.US,D,20181009,000000,26.602,26.684,26.583,26.612,2386,0
AMCA.US,D,20181010,000000,26.723,26.723,26.35,26.35,680,0
AMCA.US,D,20181011,000000,26.031,26.031,25.367,25.54,13040,0
AMCA.US,D,20181012,000000,25.576,25.582,25.252,25.422,5477,0
AMCA.US,D,20181015,000000,25.414,25.592,25.414,25.581,6554,0
AMCA.US,D,20181016,000000,25.604,25.901,25.604,25.838,2047,0
AMCA.US,D,20181017,000000,25.901,25.91,25.825,25.825,1344,0
AMCA.US,D,20181018,000000,25.725,25.725,25.591,25.591,800,0
AMCA.US,D,20181019,000000,25.614,25.614,25.614,25.614,208,0
AMCA.US,D,20181022,000000,25.61,25.676,25.61,25.676,807,0
AMCA.US,D,20181023,000000,25.04,25.351,25.04,25.255,1652,0
AMCA.US,D,20181024,000000,24.967,24.967,24.967,24.967,161,0
AMCA.US,D,20181025,000000,24.759,24.957,24.759,24.957,13988,0
AMCA.US,D,20181026,000000,24.91,24.91,24.667,24.667,1299,0
AMCA.US,D,20181029,000000,25.05,25.069,24.545,24.545,7914,0
AMCA.US,D,20181030,000000,24.939,24.968,24.862,24.967,1118,0
AMCA.US,D,20181031,000000,25.301,25.367,25.301,25.367,9625,0
AMCA.US,D,20181101,000000,25.402,25.402,25.402,25.402,146,0
AMCA.US,D,20181102,000000,25.271,25.276,25.271,25.276,502,0
AMCA.US,D,20181105,000000,25.47,25.47,25.47,25.47,267,0
AMCA.US,D,20181107,000000,25.869,26.13,25.869,26.098,9226,0
AMCA.US,D,20181108,000000,26.087,26.124,26.04,26.04,7791,0
AMCA.US,D,20181109,000000,26.108,26.108,25.841,25.841,504,0
AMCA.US,D,20181112,000000,25.872,25.872,25.872,25.872,574,0
AMCA.US,D,20181113,000000,25.76,25.767,25.684,25.685,1897,0
AMCA.US,D,20181114,000000,25.666,25.666,25.666,25.666,1141,0
AMCA.US,D,20181115,000000,25.19,25.19,25.135,25.135,1431,0
AMCA.US,D,20181116,000000,25.61,25.61,25.61,25.61,642,0
AMCA.US,D,20181119,000000,25.619,25.619,25.519,25.519,649,0
AMCA.US,D,20181120,000000,25.377,25.377,25.059,25.059,958,0
AMCA.US,D,20181121,000000,25.109,25.109,25.109,25.109,807,0
AMCA.US,D,20181123,000000,24.808,24.843,24.808,24.843,814,0
AMCA.US,D,20181126,000000,25.19,25.218,25.19,25.218,1415,0
AMCA.US,D,20181127,000000,25.144,25.276,25.144,25.276,615,0
AMCA.US,D,20181128,000000,25.395,25.768,25.311,25.768,983,0
AMCA.US,D,20181129,000000,25.601,25.71,25.601,25.71,1205,0
AMCA.US,D,20181130,000000,25.797,25.872,25.734,25.859,7677,0
AMCA.US,D,20181203,000000,26.246,26.246,25.938,25.973,1433,0
AMCA.US,D,20181204,000000,25.91,25.91,25.377,25.407,2024,0
AMCA.US,D,20181206,000000,25.163,25.163,24.852,24.928,591,0
AMCA.US,D,20181207,000000,25.135,25.135,24.769,24.817,803,0
AMCA.US,D,20181210,000000,24.891,24.891,24.555,24.555,659,0
AMCA.US,D,20181211,000000,25.03,25.03,24.565,24.584,30381,0
AMCA.US,D,20181212,000000,24.817,24.957,24.817,24.957,619,0
AMCA.US,D,20181213,000000,24.629,24.705,24.629,24.638,662,0
AMCA.US,D,20181214,000000,24.507,24.527,24.469,24.527,1501,0
AMCA.US,D,20181217,000000,24.084,24.084,23.857,23.869,1196,0
AMCA.US,D,20181218,000000,23.839,23.839,23.612,23.612,658,0
AMCA.US,D,20181219,000000,23.622,23.838,23.378,23.454,3985,0
AMCA.US,D,20181220,000000,23.266,23.376,22.927,23.029,5078,0
AMCA.US,D,20181221,000000,23.058,23.256,23.058,23.256,1164,0
AMCA.US,D,20181224,000000,22.24,22.26,22.24,22.26,440,0
AMCA.US,D,20181226,000000,22.071,22.071,22.071,22.071,519,0
AMCA.US,D,20181227,000000,22.691,22.691,22.578,22.578,1412,0
AMCA.US,D,20181228,000000,23.209,23.343,23.107,23.108,12266,0
AMCA.US,D,20181231,000000,23.266,23.294,23.181,23.294,773,0
AMCA.US,D,20190102,000000,23.106,23.359,23.086,23.313,47527,0
AMCA.US,D,20190103,000000,23.226,23.226,23.115,23.115,2549,0
AMCA.US,D,20190104,000000,23.472,23.602,23.472,23.602,1119,0
AMCA.US,D,20190107,000000,23.661,23.989,23.661,23.857,1964,0
AMCA.US,D,20190108,000000,24.15,24.15,23.904,23.951,4953,0
AMCA.US,D,20190109,000000,24.084,24.215,24.084,24.173,11499,0
AMCA.US,D,20190110,000000,24.158,24.215,24.009,24.215,2523,0
AMCA.US,D,20190111,000000,24.158,24.158,24.158,24.158,108,0
AMCA.US,D,20190114,000000,24.234,24.234,24.224,24.224,226,0
AMCA.US,D,20190115,000000,24.207,24.311,24.207,24.311,512,0
AMCA.US,D,20190116,000000,24.565,24.565,24.488,24.536,11830,0
AMCA.US,D,20190117,000000,24.517,24.517,24.517,24.517,214,0
AMCA.US,D,20190118,000000,24.732,24.854,24.732,24.854,3235,0
AMCA.US,D,20190122,000000,24.884,24.884,24.751,24.751,1200,0
AMCA.US,D,20190123,000000,24.96,24.96,24.742,24.742,14494,0
AMCA.US,D,20190125,000000,25.139,25.139,25.006,25.054,10940,0
AMCA.US,D,20190128,000000,24.874,24.939,24.874,24.939,924,0
AMCA.US,D,20190129,000000,24.996,24.996,24.996,24.996,108,0
AMCA.US,D,20190130,000000,25.006,25.149,25.006,25.149,578,0
AMCA.US,D,20190131,000000,25.204,25.337,25.204,25.337,1499,0
AMCA.US,D,20190201,000000,25.355,25.355,25.299,25.299,686,0
AMCA.US,D,20190204,000000,25.449,25.478,25.299,25.347,5134,0
AMCA.US,D,20190205,000000,25.486,25.496,25.439,25.478,3954,0
AMCA.US,D,20190206,000000,25.391,25.411,25.391,25.411,591,0
AMCA.US,D,20190207,000000,25.373,25.373,25.25,25.25,622,0
AMCA.US,D,20190208,000000,25.26,25.26,25.26,25.26,266,0
AMCA.US,D,20190211,000000,25.496,25.496,25.363,25.373,1406,0
AMCA.US,D,20190212,000000,25.724,25.724,25.684,25.684,1900,0
AMCA.US,D,20190213,000000,25.694,25.767,25.694,25.742,2301,0
AMCA.US,D,20190214,000000,25.589,25.777,25.579,25.767,4130,0
AMCA.US,D,20190215,000000,25.999,26.003,25.999,26.003,594,0
AMCA.US,D,20190219,000000,26.116,26.152,26,26.152,3458,0
AMCA.US,D,20190220,000000,26.023,26.081,26.023,26.081,850,0
AMCA.US,D,20190221,000000,25.956,25.956,25.943,25.943,483,0
AMCA.US,D,20190222,000000,25.994,26.109,25.994,26.109,792,0
AMCA.US,D,20190226,000000,26.135,26.135,25.994,26.023,799,0
AMCA.US,D,20190227,000000,25.92,25.929,25.92,25.929,557,0
AMCA.US,D,20190228,000000,25.938,26.013,25.938,26.013,1912,0
AMCA.US,D,20190301,000000,26.023,26.023,25.92,25.956,1082,0
AMCA.US,D,20190304,000000,25.956,25.956,25.627,25.627,1512,0
AMCA.US,D,20190305,000000,25.786,25.786,25.767,25.767,1502,0
AMCA.US,D,20190306,000000,25.751,25.751,25.751,25.751,234,0
AMCA.US,D,20190307,000000,25.516,25.516,25.516,25.516,601,0
AMCA.US,D,20190308,000000,25.27,25.401,25.27,25.401,1409,0
AMCA.US,D,20190311,000000,25.459,25.459,25.459,25.459,423,0
AMCA.US,D,20190312,000000,25.694,25.872,25.694,25.853,8522,0
AMCA.US,D,20190313,000000,25.806,26.013,25.806,25.986,2643,0
AMCA.US,D,20190314,000000,25.92,26.024,25.91,26.024,2555,0
AMCA.US,D,20190315,000000,26.023,26.099,26.013,26.032,13423,0
AMCA.US,D,20190318,000000,26.212,26.212,26.135,26.162,7861,0
AMCA.US,D,20190319,000000,26.23,26.277,26.054,26.054,6112,0
AMCA.US,D,20190320,000000,25.976,26.023,25.88,26.003,4544,0
AMCA.US,D,20190321,000000,25.93,26.073,25.93,26.073,379,0
AMCA.US,D,20190325,000000,25.844,25.844,25.722,25.722,1099,0
AMCA.US,D,20190326,000000,25.871,25.871,25.758,25.758,1438,0
AMCA.US,D,20190327,000000,25.9,25.9,25.741,25.741,789,0
AMCA.US,D,20190329,000000,26.135,26.135,26.135,26.135,779,0
AMCA.US,D,20190401,000000,26.109,26.173,26.109,26.163,3460,0
AMCA.US,D,20190402,000000,26.183,26.183,26.183,26.183,1100,0
AMCA.US,D,20190403,000000,26.25,26.25,26.25,26.25,213,0
AMCA.US,D,20190405,000000,26.354,26.492,26.354,26.492,1805,0
AMCA.US,D,20190408,000000,26.638,26.638,26.449,26.471,1031,0
AMCA.US,D,20190409,000000,26.391,26.391,26.391,26.391,798,0
AMCA.US,D,20190410,000000,26.382,26.4,26.382,26.382,1253,0
AMCA.US,D,20190411,000000,26.429,26.506,26.429,26.487,3372,0
AMCA.US,D,20190412,000000,26.449,26.458,26.449,26.458,955,0
AMCA.US,D,20190415,000000,26.522,26.595,26.522,26.595,430,0
AMCA.US,D,20190416,000000,26.629,26.657,26.439,26.439,3558,0
AMCA.US,D,20190417,000000,26.61,26.61,26.371,26.371,2819,0
AMCA.US,D,20190422,000000,26.487,26.487,26.354,26.354,1344,0
AMCA.US,D,20190423,000000,26.384,26.542,26.384,26.542,3350,0
AMCA.US,D,20190424,000000,26.522,26.522,26.522,26.522,108,0
AMCA.US,D,20190425,000000,26.571,26.581,26.468,26.567,871,0
AMCA.US,D,20190426,000000,26.617,26.63,26.617,26.63,444,0
AMCA.US,D,20190429,000000,26.629,26.694,26.629,26.694,814,0
AMCA.US,D,20190430,000000,26.6,26.6,26.6,26.6,576,0
AMCA.US,D,20190501,000000,26.798,26.798,26.798,26.798,590,0
AMCA.US,D,20190503,000000,26.702,26.712,26.702,26.712,621,0
AMCA.US,D,20190506,000000,26.638,26.675,26.638,26.675,636,0
AMCA.US,D,20190507,000000,26.468,26.468,26.468,26.468,1461,0
AMCA.US,D,20190510,000000,26.135,26.429,26.135,26.429,7161,0
AMCA.US,D,20190515,000000,25.947,26.203,25.947,26.203,930,0
AMCA.US,D,20190516,000000,26.423,26.449,26.423,26.449,1587,0
AMCA.US,D,20190517,000000,26.4,26.496,26.4,26.457,3741,0
AMCA.US,D,20190520,000000,26.419,26.419,26.419,26.419,113,0
AMCA.US,D,20190521,000000,26.513,26.513,26.513,26.513,108,0
AMCA.US,D,20190522,000000,26.505,26.522,26.505,26.505,3522,0
AMCA.US,D,20190523,000000,26.241,26.241,26.193,26.193,4390,0
AMCA.US,D,20190524,000000,26.382,26.382,26.173,26.306,9636,0
AMCA.US,D,20190528,000000,26.382,26.419,26.023,26.023,60561,0
AMCA.US,D,20190529,000000,25.994,25.994,25.776,25.79,1228,0
AMCA.US,D,20190530,000000,25.805,25.821,25.805,25.821,666,0
AMCA.US,D,20190603,000000,25.615,25.698,25.587,25.692,2937,0
AMCA.US,D,20190604,000000,26.081,26.081,26.081,26.081,638,0
AMCA.US,D,20190605,000000,26.163,26.364,26.163,26.335,8021,0
AMCA.US,D,20190606,000000,26.364,26.372,26.364,26.372,848,0
AMCA.US,D,20190607,000000,26.665,26.665,26.571,26.571,261,0
AMCA.US,D,20190610,000000,26.665,26.665,26.665,26.665,224,0
AMCA.US,D,20190611,000000,26.61,26.61,26.571,26.571,820,0
AMCA.US,D,20190612,000000,26.478,26.478,26.471,26.471,259,0
AMCA.US,D,20190613,000000,26.532,26.581,26.527,26.527,757,0
AMCA.US,D,20190614,000000,26.513,26.591,26.513,26.591,998,0
AMCA.US,D,20190617,000000,26.657,26.657,26.657,26.657,132,0
AMCA.US,D,20190618,000000,26.828,26.838,26.828,26.838,563,0
AMCA.US,D,20190619,000000,26.799,26.799,26.761,26.761,321,0
AMCA.US,D,20190620,000000,27.104,27.104,26.789,26.789,1747,0
AMCA.US,D,20190621,000000,27.023,27.023,26.971,26.971,688,0
AMCA.US,D,20190624,000000,26.914,26.914,26.77,26.77,707,0
AMCA.US,D,20190625,000000,26.723,26.723,26.657,26.657,740,0
AMCA.US,D,20190626,000000,26.581,26.581,26.496,26.496,3187,0
AMCA.US,D,20190627,000000,26.581,26.675,26.542,26.675,660,0
AMCA.US,D,20190628,000000,26.743,26.838,26.743,26.838,245,0
AMCA.US,D,20190701,000000,26.961,27.065,26.961,26.971,433,0
AMCA.US,D,20190702,000000,27.026,27.026,26.971,26.99,919,0
AMCA.US,D,20190703,000000,27.256,27.256,27.256,27.256,107,0
AMCA.US,D,20190705,000000,27.151,27.209,27.151,27.209,1116,0
AMCA.US,D,20190708,000000,27.312,27.312,27.189,27.189,333,0
AMCA.US,D,20190709,000000,27.179,27.246,27.179,27.195,631,0
AMCA.US,D,20190710,000000,27.282,27.282,27.282,27.282,128,0
AMCA.US,D,20190711,000000,27.388,27.388,27.388,27.388,148,0
AMCA.US,D,20190712,000000,27.465,27.531,27.465,27.531,376,0
AMCA.US,D,20190715,000000,27.778,27.778,27.598,27.598,391,0
AMCA.US,D,20190716,000000,27.664,27.664,27.498,27.498,739,0
AMCA.US,D,20190717,000000,27.361,27.37,27.322,27.322,580,0
AMCA.US,D,20190718,000000,27.302,27.351,27.302,27.351,482,0
AMCA.US,D,20190719,000000,27.351,27.351,27.323,27.323,268,0
AMCA.US,D,20190722,000000,27.322,27.322,27.123,27.123,391,0
AMCA.US,D,20190723,000000,27.123,27.241,27.123,27.241,1268,0
AMCA.US,D,20190724,000000,27.142,27.263,27.142,27.263,551,0
AMCA.US,D,20190726,000000,27.489,27.489,27.489,27.489,127,0
AMCA.US,D,20190729,000000,27.465,27.559,27.465,27.505,1278,0
AMCA.US,D,20190731,000000,27.626,27.626,27.263,27.263,1616,0
AMCA.US,D,20190801,000000,27.292,27.292,27.045,27.045,3087,0
AMCA.US,D,20190805,000000,26.438,26.438,26.116,26.116,2471,0
AMCA.US,D,20190806,000000,26.229,26.513,26.216,26.513,36402,0
AMCA.US,D,20190807,000000,26.058,26.486,26.058,26.486,183935,0
AMCA.US,D,20190808,000000,26.647,26.885,26.647,26.885,1697,0
AMCA.US,D,20190809,000000,26.743,26.789,26.657,26.789,13191,0
AMCA.US,D,20190812,000000,26.591,26.6,26.581,26.6,44918,0
AMCA.US,D,20190813,000000,26.889,26.889,26.552,26.77,527,0
AMCA.US,D,20190814,000000,26.372,26.399,26.078,26.078,633,0
AMCA.US,D,20190815,000000,26.115,26.201,26.077,26.161,3166,0
AMCA.US,D,20190816,000000,26.428,26.571,26.428,26.522,7215,0
AMCA.US,D,20190819,000000,26.885,26.885,26.743,26.834,8425,0
AMCA.US,D,20190820,000000,26.77,26.77,26.665,26.665,315,0
AMCA.US,D,20190821,000000,26.794,26.794,26.794,26.794,107,0
AMCA.US,D,20190822,000000,26.885,26.885,26.808,26.808,638,0
AMCA.US,D,20190823,000000,26.813,26.813,26.428,26.428,7305,0
AMCA.US,D,20190826,000000,26.567,26.567,26.372,26.477,10920,0
AMCA.US,D,20190827,000000,26.629,26.629,26.343,26.438,1407,0
AMCA.US,D,20190828,000000,26.428,26.467,26.428,26.467,419,0
AMCA.US,D,20190829,000000,26.799,26.922,26.799,26.885,4021,0
AMCA.US,D,20190830,000000,26.932,26.961,26.885,26.894,1029,0
AMCA.US,D,20190903,000000,26.694,26.818,26.694,26.818,980,0
AMCA.US,D,20190904,000000,26.961,27.074,26.961,27.074,940,0
AMCA.US,D,20190905,000000,27.351,27.351,27.273,27.273,4294,0
AMCA.US,D,20190906,000000,27.342,27.342,27.342,27.342,859,0
AMCA.US,D,20190909,000000,27.457,27.457,27.457,27.457,109,0
AMCA.US,D,20190911,000000,27.644,27.645,27.644,27.645,1168,0
AMCA.US,D,20190916,000000,27.664,27.664,27.664,27.664,107,0
AMCA.US,D,20190926,000000,27.53,27.53,27.53,27.53,389,0
AMCA.US,D,20190927,000000,27.577,27.577,27.577,27.577,833,0
AMCA.US,D,20191002,000000,26.812,26.812,26.801,26.801,2088,0
AMCA.US,D,20191003,000000,26.696,26.906,26.552,26.906,3652,0
AMCA.US,D,20191004,000000,27.079,27.27,27.079,27.27,3223,0
AMCA.US,D,20191007,000000,27.214,27.214,27.195,27.195,1096,0
AMCA.US,D,20191008,000000,26.906,27.04,26.841,26.85,2215,0
AMCA.US,D,20191010,000000,27.185,27.185,27.185,27.185,1869,0
AMCA.US,D,20191011,000000,27.539,27.539,27.539,27.539,122,0
AMCA.US,D,20191014,000000,27.53,27.53,27.53,27.53,106,0
AMCA.US,D,20191017,000000,27.741,27.751,27.741,27.751,416,0
AMCA.US,D,20191018,000000,27.895,27.895,27.895,27.895,220,0
AMCA.US,D,20191022,000000,27.817,28.118,27.817,28.118,2550,0
AMCA.US,D,20191023,000000,28.05,28.05,28.05,28.05,378,0
AMCA.US,D,20191024,000000,28.019,28.019,27.951,27.951,324,0
AMCA.US,D,20191025,000000,28.114,28.114,28.067,28.067,210,0
AMCA.US,D,20191028,000000,28.22,28.22,28.172,28.172,641,0
AMCA.US,D,20191029,000000,28.057,28.191,28.057,28.191,446,0
AMCA.US,D,20191030,000000,28.076,28.114,28.076,28.114,1847,0
AMCA.US,D,20191031,000000,27.97,27.97,27.97,27.97,184,0
AMCA.US,D,20191104,000000,28.344,28.344,28.344,28.344,108,0
AMCA.US,D,20191105,000000,28.363,28.363,28.363,28.363,107,0
AMCA.US,D,20191106,000000,28.243,28.315,28.229,28.239,600,0
AMCA.US,D,20191107,000000,28.517,28.517,28.44,28.44,1462,0
AMCA.US,D,20191108,000000,28.393,28.403,28.392,28.403,587,0
AMCA.US,D,20191112,000000,28.469,28.469,28.392,28.392,211,0
AMCA.US,D,20191113,000000,28.383,28.45,28.383,28.45,1870,0
AMCA.US,D,20191114,000000,28.487,28.487,28.431,28.431,345,0
AMCA.US,D,20191118,000000,28.761,28.768,28.761,28.768,386,0
AMCA.US,D,20191119,000000,28.669,28.669,28.656,28.656,35219,0
AMCA.US,D,20191120,000000,28.593,28.593,28.517,28.517,747,0
AMCA.US,D,20191122,000000,28.603,28.603,28.593,28.593,1365,0
AMCA.US,D,20191126,000000,28.821,28.861,28.821,28.861,788,0
AMCA.US,D,20191127,000000,28.929,28.966,28.929,28.964,2127,0
AMCA.US,D,20191129,000000,28.919,28.919,28.843,28.852,3235,0
AMCA.US,D,20191202,000000,28.881,28.881,28.623,28.637,8513,0
AMCA.US,D,20191203,000000,28.603,28.603,28.354,28.477,6610,0
AMCA.US,D,20191204,000000,28.668,28.692,28.668,28.679,3826,0
AMCA.US,D,20191205,000000,28.623,28.688,28.623,28.688,2411,0
AMCA.US,D,20191206,000000,28.929,28.929,28.891,28.895,2817,0
AMCA.US,D,20191209,000000,29.081,29.081,28.839,28.839,7263,0
AMCA.US,D,20191210,000000,28.795,28.805,28.757,28.757,3757,0
AMCA.US,D,20191211,000000,28.757,28.757,28.689,28.736,5338,0
AMCA.US,D,20191212,000000,28.956,28.956,28.941,28.941,106,0
AMCA.US,D,20191213,000000,28.843,28.95,28.843,28.95,503,0
AMCA.US,D,20191219,000000,29.282,29.3,29.275,29.275,1142,0
AMCA.US,D,20191220,000000,29.425,29.477,29.425,29.477,112,0
AMCA.US,D,20191223,000000,29.455,29.455,29.385,29.385,309,0
AMCA.US,D,20191224,000000,29.417,29.43,29.417,29.43,259,0
AMCA.US,D,20191226,000000,29.455,29.468,29.455,29.468,1281,0
AMCA.US,D,20191231,000000,29.359,29.445,29.359,29.408,882,0
AMCA.US,D,20200102,000000,29.513,29.523,29.404,29.444,3112,0
AMCA.US,D,20200106,000000,29.338,29.403,29.338,29.403,639,0
AMCA.US,D,20200107,000000,29.284,29.315,29.284,29.315,339,0
AMCA.US,D,20200108,000000,29.533,29.533,29.533,29.533,150,0
AMCA.US,D,20200110,000000,29.554,29.554,29.472,29.472,532,0
AMCA.US,D,20200116,000000,29.792,29.875,29.792,29.875,284,0
AMCA.US,D,20200121,000000,29.958,29.975,29.93,29.93,749,0
AMCA.US,D,20200122,000000,30.077,30.086,29.975,29.975,682,0
AMCA.US,D,20200123,000000,30.035,30.035,30.035,30.035,411,0
AMCA.US,D,20200124,000000,29.639,29.639,29.639,29.639,196,0
AMCA.US,D,20200127,000000,29.513,29.513,29.364,29.364,3696,0
AMCA.US,D,20200128,000000,29.329,29.669,29.329,29.621,2517,0
AMCA.US,D,20200129,000000,29.609,29.609,29.609,29.609,105,0
AMCA.US,D,20200130,000000,29.232,29.556,29.232,29.556,382,0
AMCA.US,D,20200131,000000,29.185,29.185,29.118,29.134,976,0
AMCA.US,D,20200203,000000,29.37,29.37,29.242,29.242,363,0
AMCA.US,D,20200204,000000,29.6,29.6,29.6,29.6,105,0
AMCA.US,D,20200205,000000,29.879,29.957,29.879,29.938,1036,0
AMCA.US,D,20200206,000000,30.218,30.218,29.967,29.967,331,0
AMCA.US,D,20200210,000000,29.89,29.955,29.89,29.955,602,0
AMCA.US,D,20200211,000000,30.082,30.085,30.082,30.085,271,0
AMCA.US,D,20200214,000000,30.354,30.404,30.349,30.404,1333,0
AMCA.US,D,20200218,000000,30.343,30.36,30.343,30.36,750,0
AMCA.US,D,20200221,000000,30.395,30.396,30.346,30.346,615,0
AMCA.US,D,20200224,000000,29.673,29.738,29.562,29.562,1956,0
AMCA.US,D,20200225,000000,29.204,29.227,28.626,28.669,3619,0
AMCA.US,D,20200226,000000,28.93,28.93,28.363,28.363,1808,0
AMCA.US,D,20200227,000000,27.655,27.901,27.202,27.202,1007,0
AMCA.US,D,20200228,000000,26.694,26.694,26.056,26.26,3476,0
AMCA.US,D,20200302,000000,27.195,27.814,27.195,27.814,1449,0
AMCA.US,D,20200303,000000,27.978,28.046,26.579,27.197,2537,0
AMCA.US,D,20200305,000000,27.389,27.497,27.389,27.497,423,0
AMCA.US,D,20200306,000000,26.618,26.996,26.433,26.996,4348,0
AMCA.US,D,20200309,000000,24.962,24.962,24.878,24.878,546,0
AMCA.US,D,20200310,000000,25.313,25.817,24.674,25.817,1685,0
AMCA.US,D,20200311,000000,24.859,24.859,24.619,24.619,4247,0
AMCA.US,D,20200312,000000,23.257,23.257,22.204,22.204,1427,0
AMCA.US,D,20200313,000000,23.171,23.895,22.38,23.895,2560,0
AMCA.US,D,20200316,000000,21.786,21.786,20.854,20.854,296,0
AMCA.US,D,20200317,000000,21.22,22.025,21.22,22.025,2025,0
AMCA.US,D,20200318,000000,20.67,20.757,19.125,20.369,4452,0
AMCA.US,D,20200319,000000,19.927,20.679,19.927,20.679,1755,0
AMCA.US,D,20200320,000000,20.563,20.563,19.644,19.644,2463,0
AMCA.US,D,20200323,000000,18.855,18.855,18.787,18.827,2302,0
AMCA.US,D,20200324,000000,20.159,20.629,20.159,20.629,1528,0
AMCA.US,D,20200325,000000,21.02,21.162,20.519,21.162,4920,0
AMCA.US,D,20200327,000000,22.198,22.198,22.198,22.198,600,0
AMCA.US,D,20200330,000000,22.14,22.581,22.043,22.581,8969,0
AMCA.US,D,20200331,000000,22.033,22.097,22.033,22.097,121,0
AMCA.US,D,20200402,000000,21.225,21.225,21.225,21.225,200,0
AMCA.US,D,20200403,000000,21.186,21.186,20.777,20.892,6310,0
AMCA.US,D,20200406,000000,22.217,22.43,22.198,22.43,1699,0
AMCA.US,D,20200407,000000,22.84,23.247,22.608,22.608,7453,0
AMCA.US,D,20200408,000000,22.792,23.553,22.792,23.553,2017,0
AMCA.US,D,20200409,000000,24.456,24.456,24.264,24.264,510,0
AMCA.US,D,20200413,000000,24.262,24.262,23.503,23.699,2236,0
AMCA.US,D,20200414,000000,24.144,24.241,24.144,24.241,104,0
AMCA.US,D,20200415,000000,23.688,23.688,23.326,23.532,4947,0
AMCA.US,D,20200417,000000,24.028,24.437,24.028,24.437,1107,0
AMCA.US,D,20200420,000000,24.222,24.271,23.909,23.909,2572,0
AMCA.US,D,20200427,000000,24.038,24.606,24.038,24.606,685,0
AMCA.US,D,20200428,000000,24.884,24.884,24.712,24.712,1993,0
AMCA.US,D,20200429,000000,25.389,25.389,25.049,25.196,834,0
AMCA.US,D,20200504,000000,23.755,24.081,23.755,24.081,550,0
AMCA.US,D,20200505,000000,24.514,24.547,24.203,24.234,5220,0
AMCA.US,D,20200506,000000,24.3,24.3,23.835,23.835,1881,0
AMCA.US,D,20200508,000000,24.672,24.683,24.644,24.644,713,0
AMCA.US,D,20200511,000000,24.388,24.524,24.388,24.524,4493,0
AMCA.US,D,20200512,000000,24.717,24.717,24.717,24.717,207,0
AMCA.US,D,20200513,000000,23.663,23.774,23.288,23.434,1006,0
AMCA.US,D,20200520,000000,24.854,24.854,24.756,24.756,808,0
AMCA.US,D,20200521,000000,24.699,24.704,24.699,24.704,207,0
AMCA.US,D,20200522,000000,24.593,24.768,24.593,24.768,156,0
AMCA.US,D,20200526,000000,25.302,25.487,25.302,25.323,6344,0
AMCA.US,D,20200527,000000,25.857,25.984,25.566,25.984,5255,0
AMCA.US,D,20200601,000000,26.072,26.164,26.072,26.164,325,0
AMCA.US,D,20200603,000000,26.656,26.656,26.656,26.656,268,0
AMCA.US,D,20200604,000000,26.772,26.938,26.772,26.875,1827,0
AMCA.US,D,20200605,000000,27.726,27.784,27.629,27.662,998,0
AMCA.US,D,20200608,000000,27.92,27.92,27.92,27.92,241,0
AMCA.US,D,20200610,000000,27.356,27.356,27.194,27.194,1200,0
AMCA.US,D,20200611,000000,26.246,26.411,25.543,25.543,7041,0
AMCA.US,D,20200615,000000,25.042,25.845,25.042,25.845,1290,0
AMCA.US,D,20200616,000000,26.559,26.559,26.5,26.511,921,0
AMCA.US,D,20200617,000000,26.382,26.397,26.354,26.366,524,0
AMCA.US,D,20200624,000000,25.434,25.434,25.414,25.414,281,0
AMCA.US,D,20200625,000000,25.386,25.642,25.386,25.642,389,0
AMCA.US,D,20200629,000000,25.121,25.422,25.121,25.422,2050,0
AMCA.US,D,20200630,000000,25.639,25.765,25.639,25.765,108,0
AMCA.US,D,20200701,000000,25.825,25.825,25.825,25.825,153,0
AMCA.US,D,20200706,000000,26.051,26.06,26.051,26.06,150,0
AMCA.US,D,20200707,000000,25.825,25.825,25.825,25.825,128,0
AMCA.US,D,20200709,000000,25.699,25.699,25.376,25.376,3028,0
AMCA.US,D,20200710,000000,25.394,25.807,25.394,25.807,236,0
AMCA.US,D,20200713,000000,25.992,25.992,25.724,25.724,271,0
AMCA.US,D,20200717,000000,26.589,26.606,26.589,26.606,247,0
AMCA.US,D,20200720,000000,26.422,26.472,26.422,26.447,1334,0
AMCA.US,D,20200723,000000,26.911,26.911,26.798,26.798,105,0
AMCA.US,D,20200724,000000,26.794,26.812,26.713,26.713,335,0
AMCA.US,D,20200729,000000,26.863,27.075,26.863,27.075,1645,0
AMCA.US,D,20200730,000000,26.892,26.921,26.892,26.921,205,0
AMCA.US,D,20200803,000000,26.985,26.985,26.963,26.963,155,0
AMCA.US,D,20200805,000000,27.225,27.235,27.223,27.235,806,0
AMCA.US,D,20200806,000000,27.142,27.245,27.142,27.245,2724,0
AMCA.US,D,20200812,000000,27.908,27.908,27.84,27.84,7913,0
AMCA.US,D,20200813,000000,27.737,27.742,27.737,27.742,220,0
AMCA.US,D,20200824,000000,27.527,27.782,27.527,27.782,600,0
AMCA.US,D,20200826,000000,27.654,27.723,27.654,27.723,2970,0
AMCA.US,D,20200827,000000,27.919,27.919,27.918,27.918,243,0
AMCA.US,D,20200901,000000,27.811,27.811,27.811,27.811,213,0
AMCA.US,D,20200902,000000,28.056,28.056,28.056,28.056,117,0
AMCA.US,D,20200903,000000,27.84,27.84,27.694,27.761,522,0
AMCA.US,D,20200904,000000,27.904,27.904,27.39,27.663,969,0
AMCA.US,D,20200908,000000,27.272,27.272,27.204,27.204,251,0
AMCA.US,D,20200909,000000,27.43,27.507,27.43,27.507,135,0
AMCA.US,D,20200910,000000,27.654,27.654,27.127,27.127,288,0
AMCA.US,D,20200911,000000,27.077,27.258,27.077,27.258,375,0
AMCA.US,D,20200914,000000,27.644,27.734,27.644,27.734,522,0
AMCA.US,D,20200915,000000,27.88,27.88,27.777,27.777,117,0
AMCA.US,D,20200921,000000,26.696,26.696,26.666,26.686,1139,0
AMCA.US,D,20200923,000000,27.107,27.107,26.492,26.492,499,0
AMCA.US,D,20200924,000000,26.38,26.38,26.223,26.263,2104,0
AMCA.US,D,20200925,000000,26.968,26.968,26.263,26.263,1,0
AMCA.US,D,20200928,000000,27.09,27.375,27.09,27.375,2552,0
AMCA.US,D,20200929,000000,27.209,27.256,27.209,27.256,199,0
AMCA.US,D,20201006,000000,28.481,28.481,28.064,28.064,404,0
AMCA.US,D,20201008,000000,28.662,28.667,28.662,28.667,2590,0
AMCA.US,D,20201014,000000,28.836,28.836,28.606,28.606,1013,0
AMCA.US,D,20201016,000000,28.481,28.776,27.367,28.776,5557,0
AMCA.US,D,20201022,000000,28.254,28.254,28.254,28.254,207,0
AMCA.US,D,20201026,000000,28.086,28.086,28.086,28.086,669,0
AMCA.US,D,20201027,000000,27.988,27.988,27.988,27.988,3668,0
AMCA.US,D,20201030,000000,27.051,27.071,27.051,27.051,14440,0
AMCA.US,D,20201102,000000,27.573,27.573,27.573,27.573,144,0
AMCA.US,D,20201103,000000,28.343,28.353,28.329,28.353,306,0
AMCA.US,D,20201112,000000,29.811,29.811,29.66,29.66,5671,0
AMCA.US,D,20201113,000000,30.205,30.205,30.147,30.147,103,0
AMCA.US,D,20201119,000000,29.93,30.017,29.93,30.017,103,0
AMCA.US,D,20201130,000000,30.511,30.571,30.265,30.312,2422,0
AMCA.US,D,20201201,000000,30.561,30.625,30.561,30.605,540,0
AMCA.US,D,20201210,000000,30.965,30.985,30.909,30.939,7931,0
AMCA.US,D,20201215,000000,30.846,31.054,30.787,31.011,9973,0
AMCA.US,D,20201216,000000,31.034,31.034,30.975,30.975,406,0
AMCA.US,D,20201217,000000,31.193,31.193,31.155,31.155,402,0
AMCA.US,D,20201218,000000,31.078,31.078,31.054,31.074,597,0
AMCA.US,D,20201222,000000,30.965,30.965,30.965,30.965,214,0
AMCA.US,D,20201223,000000,31.134,31.134,31.134,31.134,165,0
AMCA.US,D,20201224,000000,31.084,31.084,31.084,31.084,2,0
AMCA.US,D,20201228,000000,31.154,31.154,31.141,31.141,2024,0
AMCA.US,D,20201231,000000,31.064,31.064,31.064,31.064,5,0
AMCA.US,D,20210105,000000,30.846,30.846,30.846,30.846,208,0
AMCA.US,D,20210106,000000,31.52,31.827,31.52,31.827,162,0
AMCA.US,D,20210108,000000,32.204,32.204,32.204,32.204,207,0
AMCA.US,D,20210111,000000,32.103,32.208,32.103,32.208,1022,0
AMCA.US,D,20210115,000000,32.134,32.273,32.134,32.273,219,0
AMCA.US,D,20210119,000000,32.346,32.346,32.31,32.31,1240,0
AMCA.US,D,20210120,000000,32.432,32.487,32.432,32.487,1471,0
AMCA.US,D,20210121,000000,32.342,32.342,32.314,32.314,116,0
AMCA.US,D,20210125,000000,32.294,32.294,32.234,32.282,809,0
AMCA.US,D,20210127,000000,31.857,31.857,31.123,31.123,2537,0
AMCA.US,D,20210128,000000,31.73,31.738,31.569,31.569,900,0
AMCA.US,D,20210129,000000,31.005,31.169,31.005,31.046,1441,0
AMCA.US,D,20210202,000000,31.589,31.761,31.589,31.761,200,0
AMCA.US,D,20210203,000000,31.807,31.921,31.718,31.896,1459,0
AMCA.US,D,20210204,000000,32.072,32.262,31.981,32.105,3065,0
AMCA.US,D,20210208,000000,32.541,32.571,32.497,32.571,1378,0
AMCA.US,D,20210209,000000,32.442,32.442,32.442,32.442,271,0
AMCA.US,D,20210211,000000,32.73,32.731,32.725,32.725,615,0
AMCA.US,D,20210216,000000,33.126,33.126,32.863,32.863,1616,0
AMCA.US,D,20210219,000000,33.046,33.046,33.009,33.009,213,0
AMCA.US,D,20210222,000000,33.057,33.057,32.897,32.897,2118,0
AMCA.US,D,20210226,000000,32.531,32.531,32.262,32.262,383,0
AMCA.US,D,20210308,000000,33.44,33.44,33.195,33.195,234,0
AMCA.US,D,20210310,000000,33.452,33.522,33.452,33.452,1622,0
AMCA.US,D,20210311,000000,33.757,33.785,33.757,33.785,442,0
AMCA.US,D,20210312,000000,34.047,34.151,34.047,34.151,144,0
AMCA.US,D,20210315,000000,34.424,34.424,34.147,34.369,1514,0
AMCA.US,D,20210319,000000,33.949,33.949,33.949,33.949,238,0
AMCA.US,D,20210322,000000,33.969,33.994,33.959,33.994,468,0
AMCA.US,D,20210324,000000,34.087,34.117,33.723,33.723,1234,0
AMCA.US,D,20210326,000000,34.422,34.664,34.422,34.664,602,0
AMCA.US,D,20210329,000000,34.411,34.468,34.411,34.468,410,0
AMCA.US,D,20210330,000000,34.558,34.558,34.506,34.506,157,0
AMCA.US,D,20210405,000000,35.026,35.106,35.026,35.106,484,0
AMCA.US,D,20210407,000000,35.024,35.059,35.024,35.059,164,0
AMCA.US,D,20210408,000000,35.066,35.072,35.066,35.072,482,0
AMCA.US,D,20210409,000000,35.285,35.285,35.285,35.285,126,0
AMCA.US,D,20210412,000000,35.36,35.414,35.36,35.414,185,0
AMCA.US,D,20210413,000000,35.375,35.395,35.275,35.38,5710,0
AMCA.US,D,20210416,000000,35.913,35.913,35.873,35.873,458,0
AMCA.US,D,20210421,000000,35.889,35.9,35.889,35.9,401,0
AMCA.US,D,20210422,000000,35.983,35.983,35.704,35.704,341,0
AMCA.US,D,20210423,000000,36.102,36.122,36.028,36.028,1020,0
AMCA.US,D,20210426,000000,36.162,36.162,36.05,36.05,637,0
AMCA.US,D,20210427,000000,36.042,36.127,36.002,36.116,1380,0
AMCA.US,D,20210430,000000,36.212,36.277,36.212,36.277,483,0
AMCA.US,D,20210503,000000,36.57,36.648,36.443,36.513,3866,0
AMCA.US,D,20210504,000000,36.471,36.523,36.331,36.523,914,0
AMCA.US,D,20210505,000000,36.653,36.653,36.411,36.411,213,0
AMCA.US,D,20210506,000000,36.43,36.635,36.43,36.635,302,0
AMCA.US,D,20210513,000000,36.291,36.291,36.142,36.255,546,0
AMCA.US,D,20210514,000000,36.6,36.692,36.595,36.692,340,0
AMCA.US,D,20210517,000000,36.68,36.68,36.53,36.575,385,0
AMCA.US,D,20210518,000000,36.481,36.481,36.295,36.295,633,0
AMCA.US,D,20210519,000000,35.793,35.793,35.793,35.793,295,0
AMCA.US,D,20210525,000000,36.381,36.471,36.292,36.295,1694,0
AMCA.US,D,20210526,000000,36.371,36.501,36.361,36.466,9491,0
AMCA.US,D,20210527,000000,36.531,36.595,36.531,36.595,503,0
AMCA.US,D,20210528,000000,36.719,36.729,36.672,36.672,914,0
AMCA.US,D,20210601,000000,36.77,36.77,36.67,36.67,1091,0
AMCA.US,D,20210602,000000,36.909,36.929,36.62,36.766,6629,0
AMCA.US,D,20210603,000000,36.798,36.829,36.759,36.759,2216,0
AMCA.US,D,20210604,000000,37.009,37.009,36.71,36.821,4259,0
AMCA.US,D,20210607,000000,36.939,36.939,36.76,36.794,1638,0
AMCA.US,D,20210608,000000,36.66,36.848,36.64,36.848,567,0
AMCA.US,D,20210609,000000,36.75,36.76,36.676,36.676,741,0
AMCA.US,D,20210611,000000,36.66,36.7306,36.58,36.7306,1843,0
AMCA.US,D,20210614,000000,36.89,36.89,36.5745,36.5745,617,0
AMCA.US,D,20210615,000000,36.56,36.5672,36.43,36.5672,436,0
AMCA.US,D,20210617,000000,36.28,36.299,36.195,36.195,832,0
AMCA.US,D,20210618,000000,35.69,35.69,35.5114,35.5114,430,0
AMCA.US,D,20210621,000000,35.84,36.1928,35.84,36.1928,660,0
AMCA.US,D,20210622,000000,36.16,36.3004,36.16,36.3004,583,0
AMCA.US,D,20210625,000000,36.65,36.8423,36.65,36.8423,244,0
AMCA.US,D,20210629,000000,36.78,36.78,36.5204,36.5204,410,0
AMCA.US,D,20210630,000000,36.52,36.583,36.52,36.583,598,0
AMCA.US,D,20210702,000000,36.935,36.935,36.9276,36.9276,426,0
AMCA.US,D,20210706,000000,36.56,36.56,36.56,36.56,264,0
AMCA.US,D,20210707,000000,36.55,36.55,36.55,36.55,303,0
AMCA.US,D,20210708,000000,36.13,36.32,36.13,36.3147,2172,0
AMCA.US,D,20210709,000000,36.43,36.8896,36.43,36.8896,276,0
AMCA.US,D,20210714,000000,36.88,36.88,36.61,36.6637,4964,0
AMCA.US,D,20210715,000000,36.51,36.51,36.51,36.51,106,0
AMCA.US,D,20210719,000000,36,36,35.741,35.9364,890,0
AMCA.US,D,20210722,000000,36.789,36.79,36.73,36.7651,9567,0
AMCA.US,D,20210723,000000,36.9,37.0968,36.9,37.0968,2703,0
AMCA.US,D,20210726,000000,36.94,37.05,36.94,37.05,384,0
AMCA.US,D,20210727,000000,37.03,37.03,37.03,37.03,256,0
AMCA.US,D,20210804,000000,37.25,37.25,37.2142,37.2142,151,0
AMCA.US,D,20210805,000000,37.269,37.3361,37.23,37.3361,1839,0
AMCA.US,D,20210809,000000,37.53,37.5347,37.53,37.5347,327,0
AMCA.US,D,20210811,000000,37.61,37.73,37.61,37.71,1205,0
AMCA.US,D,20210812,000000,37.78,37.815,37.78,37.815,417,0
AMCA.US,D,20210813,000000,37.73,37.73,37.71,37.72,391,0
AMCA.US,D,20210817,000000,37.49,37.555,37.4759,37.555,1644,0
AMCA.US,D,20210818,000000,37.605,37.605,37.3375,37.3375,128,0
AMCA.US,D,20210819,000000,37.44,37.62,37.35,37.48,17570,0
AMCA.US,D,20210820,000000,37.53,37.585,37.53,37.585,219,0
AMCA.US,D,20210823,000000,37.68,37.68,37.55,37.55,3032,0
