<TICKER>,<PER>,<DATE>,<TIME>,<OPEN>,<HIGH>,<LOW>,<CLOSE>,<VOL>,<OPENINT>
AQWA.US,D,20210413,000000,15.252,15.271,15.182,15.257,3207,0
AQWA.US,D,20210414,000000,15.302,15.319,15.302,15.312,1380,0
AQWA.US,D,20210415,000000,15.77,15.77,15.371,15.416,2690,0
AQWA.US,D,20210416,000000,15.481,17.037,15.477,15.551,13694,0
AQWA.US,D,20210419,000000,15.641,15.641,15.523,15.534,39013,0
AQWA.US,D,20210420,000000,15.561,15.581,15.471,15.506,13760,0
AQWA.US,D,20210421,000000,15.551,15.63,15.511,15.616,13477,0
AQWA.US,D,20210422,000000,15.701,15.731,15.651,15.731,14386,0
AQWA.US,D,20210423,000000,15.671,15.75,15.671,15.686,9763,0
AQWA.US,D,20210426,000000,15.691,15.691,15.573,15.576,2190,0
AQWA.US,D,20210427,000000,15.611,15.611,15.401,15.452,9905,0
AQWA.US,D,20210428,000000,15.541,15.561,15.496,15.501,8993,0
AQWA.US,D,20210429,000000,15.471,15.571,15.471,15.537,2352,0
AQWA.US,D,20210430,000000,15.561,15.571,15.451,15.489,6085,0
AQWA.US,D,20210503,000000,15.611,15.651,15.566,15.593,6310,0
AQWA.US,D,20210504,000000,15.581,15.621,15.541,15.621,5952,0
AQWA.US,D,20210505,000000,15.661,15.661,15.561,15.611,2298,0
AQWA.US,D,20210506,000000,15.726,15.726,15.651,15.725,1750,0
AQWA.US,D,20210507,000000,15.77,15.879,15.77,15.85,2030,0
AQWA.US,D,20210510,000000,15.94,16.018,15.893,15.893,6619,0
AQWA.US,D,20210511,000000,15.81,15.81,15.661,15.71,15552,0
AQWA.US,D,20210512,000000,15.561,15.561,15.312,15.312,3748,0
AQWA.US,D,20210513,000000,15.481,15.651,15.481,15.631,4825,0
AQWA.US,D,20210514,000000,15.85,15.85,15.827,15.827,1742,0
AQWA.US,D,20210517,000000,15.78,15.78,15.672,15.672,5112,0
AQWA.US,D,20210518,000000,15.731,15.731,15.63,15.63,6576,0
AQWA.US,D,20210519,000000,15.531,15.531,15.431,15.501,4526,0
AQWA.US,D,20210520,000000,15.591,15.671,15.591,15.671,2229,0
AQWA.US,D,20210521,000000,15.711,15.731,15.691,15.726,1941,0
AQWA.US,D,20210524,000000,15.8,15.81,15.779,15.793,2198,0
AQWA.US,D,20210525,000000,15.83,15.83,15.78,15.795,1306,0
AQWA.US,D,20210526,000000,15.821,15.92,15.82,15.9,4001,0
AQWA.US,D,20210527,000000,15.96,15.98,15.945,15.945,1746,0
AQWA.US,D,20210528,000000,15.99,15.99,15.924,15.924,900,0
AQWA.US,D,20210601,000000,16.06,16.06,15.989,16,2337,0
AQWA.US,D,20210602,000000,16.06,16.06,15.97,15.98,1484,0
AQWA.US,D,20210603,000000,15.95,15.95,15.83,15.835,7733,0
AQWA.US,D,20210604,000000,15.935,15.96,15.921,15.945,1151,0
AQWA.US,D,20210607,000000,16.02,16.02,15.965,15.985,2514,0
AQWA.US,D,20210608,000000,16,16,15.87,15.962,2762,0
AQWA.US,D,20210609,000000,15.93,15.955,15.93,15.93,1130,0
AQWA.US,D,20210610,000000,15.9,15.97,15.9,15.915,1938,0
AQWA.US,D,20210611,000000,15.99,16.01,15.92,16.01,1643,0
AQWA.US,D,20210614,000000,16.07,16.07,16,16,1446,0
AQWA.US,D,20210615,000000,16.04,16.07,16,16.07,1366,0
AQWA.US,D,20210616,000000,16.07,16.08,15.84,15.859,10577,0
AQWA.US,D,20210617,000000,15.86,15.86,15.76,15.825,3682,0
AQWA.US,D,20210618,000000,15.681,15.681,15.522,15.522,2152,0
AQWA.US,D,20210621,000000,15.531,15.79,15.531,15.779,3164,0
AQWA.US,D,20210622,000000,15.83,15.83,15.77,15.821,630,0
AQWA.US,D,20210623,000000,15.85,15.85,15.79,15.79,1211,0
AQWA.US,D,20210624,000000,15.681,15.681,15.681,15.681,1026,0
AQWA.US,D,20210625,000000,15.858,15.858,15.781,15.835,2821,0
AQWA.US,D,20210628,000000,15.9,15.949,15.87,15.93,3254,0
AQWA.US,D,20210629,000000,15.91,15.98,15.88,15.8922,3480,0
AQWA.US,D,20210630,000000,15.86,15.87,15.825,15.825,4143,0
AQWA.US,D,20210701,000000,15.889,15.889,15.8501,15.865,1671,0
AQWA.US,D,20210702,000000,15.89,16.01,15.89,15.97,1360,0
AQWA.US,D,20210706,000000,15.92,15.94,15.83,15.94,2928,0
AQWA.US,D,20210707,000000,15.991,16.1209,15.991,16.1209,1434,0
AQWA.US,D,20210708,000000,16.06,16.06,15.91,15.91,4577,0
AQWA.US,D,20210709,000000,16.08,16.13,16.08,16.1202,1075,0
AQWA.US,D,20210712,000000,16.17,16.2094,16.15,16.2094,3525,0
AQWA.US,D,20210713,000000,16.19,16.24,16.175,16.175,4727,0
AQWA.US,D,20210714,000000,16.179,16.179,16.11,16.14,25709,0
AQWA.US,D,20210715,000000,16.1047,16.15,16.09,16.15,4720,0
AQWA.US,D,20210716,000000,16.24,16.25,16.18,16.19,5889,0
AQWA.US,D,20210719,000000,16.08,16.08,15.985,15.985,3182,0
AQWA.US,D,20210720,000000,16.02,16.29,16.02,16.26,2541,0
AQWA.US,D,20210721,000000,16.31,16.38,16.29,16.3012,2741,0
AQWA.US,D,20210722,000000,16.36,16.36,16.21,16.24,5289,0
AQWA.US,D,20210723,000000,16.36,16.39,16.33,16.39,2736,0
AQWA.US,D,20210726,000000,16.44,16.46,16.41,16.435,3703,0
AQWA.US,D,20210727,000000,16.449,16.53,16.405,16.515,2674,0
AQWA.US,D,20210728,000000,16.58,16.58,16.4301,16.5076,5440,0
AQWA.US,D,20210729,000000,16.63,16.67,16.571,16.65,4218,0
AQWA.US,D,20210730,000000,16.68,16.75,16.68,16.71,5902,0
AQWA.US,D,20210802,000000,16.76,16.78,16.7001,16.71,9744,0
AQWA.US,D,20210803,000000,16.73,16.9,16.705,16.88,4109,0
AQWA.US,D,20210804,000000,16.86,16.89,16.855,16.89,6560,0
AQWA.US,D,20210805,000000,16.96,16.96,16.8775,16.9388,3661,0
AQWA.US,D,20210806,000000,16.98,16.98,16.95,16.96,9459,0
AQWA.US,D,20210809,000000,17.3,17.3,16.7821,16.84,13067,0
AQWA.US,D,20210810,000000,16.84,16.88,16.84,16.855,2613,0
AQWA.US,D,20210811,000000,16.98,16.98,16.885,16.94,7197,0
AQWA.US,D,20210812,000000,17,17,16.95,16.955,13125,0
AQWA.US,D,20210813,000000,16.97,17.18,16.9665,17.18,4497,0
AQWA.US,D,20210816,000000,17.02,17.09,16.9,17.0643,7821,0
AQWA.US,D,20210817,000000,17.04,17.05,16.9514,16.96,8407,0
AQWA.US,D,20210818,000000,16.92,16.939,16.7831,16.7831,19687,0
AQWA.US,D,20210819,000000,16.75,16.96,16.72,16.96,6151,0
AQWA.US,D,20210820,000000,16.79,16.98,16.79,16.95,15368,0
AQWA.US,D,20210823,000000,17.01,17.03,16.937,16.9788,8936,0
AQWA.US,D,20210824,000000,16.99,17.03,16.931,17.03,3641,0
AQWA.US,D,20210825,000000,16.99,17.08,16.99,17.08,3714,0
AQWA.US,D,20210826,000000,17,17,16.92,16.95,6885,0
AQWA.US,D,20210827,000000,17.031,17.0601,17.0112,17.0361,4906,0
AQWA.US,D,20210830,000000,17.11,17.185,17.11,17.185,6812,0
AQWA.US,D,20210831,000000,17.195,17.2299,17.1701,17.174,4484,0
AQWA.US,D,20210901,000000,17.22,17.26,17.16,17.26,10119,0
