<TICKER>,<PER>,<DATE>,<TIME>,<OPEN>,<HIGH>,<LOW>,<CLOSE>,<VOL>,<OPENINT>
ASET.US,D,20151125,000000,21.385,21.385,21.385,21.385,583,0
ASET.US,D,20151127,000000,21.36,21.369,21.36,21.369,2336,0
ASET.US,D,20151130,000000,21.431,21.431,21.431,21.431,583,0
ASET.US,D,20151201,000000,21.472,21.516,21.472,21.516,8181,0
ASET.US,D,20151202,000000,21.369,21.385,21.266,21.266,3356,0
ASET.US,D,20151203,000000,21.107,21.107,21.107,21.107,583,0
ASET.US,D,20151207,000000,21.012,21.028,21.012,21.028,1287,0
ASET.US,D,20151208,000000,20.84,20.84,20.84,20.84,897,0
ASET.US,D,20151210,000000,20.822,20.822,20.77,20.822,7363,0
ASET.US,D,20151215,000000,20.669,20.729,20.661,20.702,5727,0
ASET.US,D,20151216,000000,20.712,20.927,20.712,20.927,24778,0
ASET.US,D,20151217,000000,20.908,20.908,20.831,20.831,818,0
ASET.US,D,20151221,000000,20.692,20.692,20.692,20.692,583,0
ASET.US,D,20151222,000000,20.788,20.822,20.746,20.822,9467,0
ASET.US,D,20151223,000000,21.028,21.133,21.028,21.133,8413,0
ASET.US,D,20151224,000000,21.148,21.148,21.148,21.148,4443,0
ASET.US,D,20151229,000000,21.296,21.296,21.251,21.251,5181,0
ASET.US,D,20151230,000000,21.223,21.223,21.172,21.172,577,0
ASET.US,D,20151231,000000,21.039,21.067,21.039,21.067,346,0
ASET.US,D,20160104,000000,20.726,20.726,20.679,20.688,346,0
ASET.US,D,20160105,000000,20.809,20.887,20.757,20.887,577,0
ASET.US,D,20160106,000000,20.648,20.648,20.629,20.629,346,0
ASET.US,D,20160107,000000,20.332,20.332,20.315,20.315,1502,0
ASET.US,D,20160108,000000,20.179,20.179,20.179,20.179,114,0
ASET.US,D,20160111,000000,20.222,20.222,20.005,20.098,5781,0
ASET.US,D,20160112,000000,20.222,20.222,19.943,20.068,1271,0
ASET.US,D,20160113,000000,20.196,20.196,19.929,19.929,1850,0
ASET.US,D,20160114,000000,19.97,20.068,19.97,20.068,695,0
ASET.US,D,20160115,000000,19.651,19.651,19.651,19.651,114,0
ASET.US,D,20160119,000000,19.739,19.739,19.566,19.641,5204,0
ASET.US,D,20160120,000000,19.398,19.398,18.986,19.39,5780,0
ASET.US,D,20160121,000000,19.504,19.504,19.39,19.39,4279,0
ASET.US,D,20160122,000000,19.806,19.868,19.806,19.868,233,0
ASET.US,D,20160126,000000,19.979,20.015,19.979,20.015,1041,0
ASET.US,D,20160127,000000,19.323,20.509,19.323,20.509,233,0
ASET.US,D,20160129,000000,20.465,20.473,20.465,20.465,2892,0
ASET.US,D,20160201,000000,20.433,20.566,20.429,20.541,20855,0
ASET.US,D,20160217,000000,20.385,20.395,20.385,20.395,2213,0
ASET.US,D,20160222,000000,20.878,20.878,20.844,20.844,1341,0
ASET.US,D,20160223,000000,20.62,20.62,20.62,20.62,134,0
ASET.US,D,20160229,000000,20.696,20.861,20.696,20.861,346,0
ASET.US,D,20160301,000000,20.844,20.844,20.844,20.844,233,0
ASET.US,D,20160302,000000,20.941,20.941,20.941,20.941,233,0
ASET.US,D,20160303,000000,21.153,21.153,21.153,21.153,233,0
ASET.US,D,20160308,000000,21.304,21.935,21.226,21.287,1990,0
ASET.US,D,20160314,000000,21.72,21.72,21.72,21.72,233,0
ASET.US,D,20160318,000000,22.234,22.234,22.227,22.227,383,0
ASET.US,D,20160321,000000,22.125,22.125,22.107,22.107,233,0
ASET.US,D,20160322,000000,21.977,21.977,21.977,21.977,114,0
ASET.US,D,20160323,000000,21.794,21.794,21.794,21.794,464,0
ASET.US,D,20160328,000000,21.916,21.916,21.916,21.916,124,0
ASET.US,D,20160330,000000,22.334,22.334,22.334,22.334,1462,0
ASET.US,D,20160401,000000,21.995,21.995,21.969,21.969,462,0
ASET.US,D,20160404,000000,22.115,22.115,22.115,22.115,697,0
ASET.US,D,20160411,000000,22.308,22.308,22.308,22.308,344,0
ASET.US,D,20160419,000000,22.811,22.811,22.811,22.811,346,0
ASET.US,D,20160420,000000,22.812,22.812,22.812,22.812,697,0
ASET.US,D,20160421,000000,22.569,22.569,22.422,22.422,574,0
ASET.US,D,20160422,000000,22.541,22.541,22.541,22.541,133,0
ASET.US,D,20160503,000000,22.523,22.523,22.523,22.523,232,0
ASET.US,D,20160510,000000,22.804,22.804,22.804,22.804,232,0
ASET.US,D,20160512,000000,22.647,22.647,22.647,22.647,232,0
ASET.US,D,20160527,000000,22.584,22.584,22.584,22.584,288,0
ASET.US,D,20160531,000000,22.518,22.518,22.518,22.518,114,0
ASET.US,D,20160602,000000,22.53,22.543,22.53,22.543,522,0
ASET.US,D,20160609,000000,23.079,23.079,23.079,23.079,441,0
ASET.US,D,20160613,000000,22.619,22.619,22.619,22.619,114,0
ASET.US,D,20160614,000000,22.455,22.455,22.455,22.455,114,0
ASET.US,D,20160615,000000,22.602,22.611,22.602,22.61,1728,0
ASET.US,D,20160616,000000,22.395,22.438,22.395,22.413,616,0
ASET.US,D,20160617,000000,22.585,22.615,22.551,22.551,440,0
ASET.US,D,20160620,000000,22.959,22.959,22.959,22.959,114,0
ASET.US,D,20160622,000000,23.124,23.143,23.028,23.028,462,0
ASET.US,D,20160624,000000,22.429,22.429,22.429,22.429,114,0
ASET.US,D,20160627,000000,22.151,22.151,22.151,22.151,113,0
ASET.US,D,20160701,000000,23.464,23.464,23.464,23.464,113,0
ASET.US,D,20160705,000000,23.272,23.296,23.272,23.296,229,0
ASET.US,D,20160715,000000,23.831,23.831,23.831,23.831,113,0
ASET.US,D,20160719,000000,23.691,23.691,23.691,23.691,113,0
ASET.US,D,20160720,000000,23.841,23.85,23.826,23.849,2538,0
ASET.US,D,20160721,000000,23.751,23.751,23.751,23.751,229,0
ASET.US,D,20160727,000000,23.831,23.831,23.661,23.795,1756,0
ASET.US,D,20160728,000000,23.822,23.822,23.822,23.822,113,0
ASET.US,D,20160811,000000,23.857,23.869,23.857,23.858,341,0
ASET.US,D,20160812,000000,23.907,23.907,23.907,23.907,113,0
ASET.US,D,20160817,000000,23.637,23.646,23.637,23.646,229,0
ASET.US,D,20160818,000000,23.735,23.751,23.735,23.751,229,0
ASET.US,D,20160824,000000,23.637,23.637,23.637,23.637,550,0
ASET.US,D,20160829,000000,23.524,23.524,23.524,23.524,113,0
ASET.US,D,20160901,000000,23.349,23.349,23.349,23.349,457,0
ASET.US,D,20160908,000000,23.831,23.831,23.831,23.831,113,0
ASET.US,D,20160909,000000,23.569,23.569,23.569,23.569,113,0
ASET.US,D,20160912,000000,22.973,23.367,22.973,23.367,229,0
ASET.US,D,20160913,000000,23.084,23.084,23.084,23.084,113,0
ASET.US,D,20160915,000000,22.867,22.939,22.867,22.939,229,0
ASET.US,D,20160916,000000,22.876,22.876,22.876,22.876,229,0
ASET.US,D,20160922,000000,23.673,23.682,23.673,23.682,457,0
ASET.US,D,20160923,000000,23.655,23.664,23.637,23.664,2674,0
ASET.US,D,20160926,000000,23.555,23.555,23.555,23.555,112,0
ASET.US,D,20160929,000000,23.641,23.695,23.555,23.555,1247,0
ASET.US,D,20161006,000000,22.734,22.734,22.734,22.734,228,0
ASET.US,D,20161007,000000,22.637,22.637,22.637,22.637,362,0
ASET.US,D,20161010,000000,22.755,22.779,22.755,22.756,2139,0
ASET.US,D,20161011,000000,22.523,22.523,22.523,22.523,368,0
ASET.US,D,20161012,000000,22.516,22.576,22.516,22.576,228,0
ASET.US,D,20161017,000000,22.656,22.656,22.656,22.656,228,0
ASET.US,D,20161018,000000,22.824,22.902,22.824,22.876,455,0
ASET.US,D,20161019,000000,22.85,22.85,22.85,22.85,112,0
ASET.US,D,20161026,000000,22.637,22.682,22.637,22.682,228,0
ASET.US,D,20161102,000000,22.278,22.278,22.278,22.278,112,0
ASET.US,D,20161107,000000,22.359,22.359,22.359,22.359,1125,0
ASET.US,D,20161114,000000,21.65,21.65,21.65,21.65,228,0
ASET.US,D,20161115,000000,21.876,21.907,21.876,21.907,1181,0
ASET.US,D,20161118,000000,21.765,21.765,21.765,21.765,1285,0
ASET.US,D,20161121,000000,21.969,21.969,21.969,21.969,228,0
ASET.US,D,20161122,000000,22.012,22.021,22.012,22.021,272,0
ASET.US,D,20161123,000000,21.995,21.995,21.995,21.995,235,0
ASET.US,D,20161125,000000,22.093,22.093,22.093,22.093,489,0
ASET.US,D,20161130,000000,22.263,22.263,22.263,22.263,228,0
ASET.US,D,20161207,000000,22.596,22.596,22.596,22.596,995,0
ASET.US,D,20161208,000000,22.656,22.656,22.656,22.656,469,0
ASET.US,D,20161213,000000,22.948,22.948,22.939,22.939,566,0
ASET.US,D,20161214,000000,22.665,22.681,22.575,22.576,1622,0
ASET.US,D,20161215,000000,22.453,22.461,22.453,22.461,1815,0
ASET.US,D,20161219,000000,22.576,23.485,22.576,22.61,22479,0
ASET.US,D,20161220,000000,22.656,22.656,22.656,22.656,112,0
ASET.US,D,20161221,000000,22.71,22.715,22.71,22.715,789,0
ASET.US,D,20161222,000000,22.55,22.602,22.55,22.585,455,0
ASET.US,D,20161228,000000,22.654,23.538,22.564,22.572,3246,0
ASET.US,D,20161229,000000,22.654,22.654,22.654,22.654,559,0
ASET.US,D,20161230,000000,22.807,22.807,22.792,22.793,2462,0
ASET.US,D,20170105,000000,23.279,23.279,23.244,23.244,895,0
ASET.US,D,20170110,000000,23.272,23.272,23.272,23.272,256,0
ASET.US,D,20170111,000000,23.08,23.155,23.08,23.148,740,0
ASET.US,D,20170112,000000,23.147,23.147,23.147,23.147,449,0
ASET.US,D,20170113,000000,23.18,23.18,23.18,23.18,218,0
ASET.US,D,20170117,000000,23.235,23.235,23.227,23.227,377,0
ASET.US,D,20170118,000000,23.198,23.198,23.198,23.198,111,0
ASET.US,D,20170119,000000,23.147,23.147,23.054,23.054,23279,0
ASET.US,D,20170120,000000,23.147,23.147,23.147,23.147,796,0
ASET.US,D,20170123,000000,23.287,23.288,23.281,23.281,352,0
ASET.US,D,20170125,000000,23.288,23.297,23.288,23.297,2689,0
ASET.US,D,20170126,000000,23.314,23.314,23.247,23.272,4121,0
ASET.US,D,20170127,000000,23.108,23.118,23.105,23.118,1635,0
ASET.US,D,20170130,000000,22.985,22.995,22.931,22.983,2469,0
ASET.US,D,20170131,000000,23.06,23.099,23.06,23.099,1573,0
ASET.US,D,20170201,000000,23.005,23.029,23.005,23.025,1594,0
ASET.US,D,20170202,000000,23.054,23.127,23.029,23.108,3746,0
ASET.US,D,20170203,000000,23.145,23.225,23.145,23.22,2998,0
ASET.US,D,20170206,000000,23.071,23.08,23.037,23.08,6298,0
ASET.US,D,20170207,000000,23.09,23.108,23.061,23.064,3716,0
ASET.US,D,20170209,000000,23.279,23.306,23.272,23.305,1962,0
ASET.US,D,20170210,000000,23.314,23.451,23.309,23.442,10897,0
ASET.US,D,20170213,000000,23.403,23.458,23.403,23.458,1359,0
ASET.US,D,20170214,000000,23.297,23.408,23.276,23.408,4168,0
ASET.US,D,20170215,000000,23.322,23.403,23.306,23.403,3111,0
ASET.US,D,20170216,000000,23.442,23.46,23.413,23.46,3522,0
ASET.US,D,20170217,000000,23.378,23.432,23.36,23.431,1551,0
ASET.US,D,20170221,000000,23.512,23.635,23.512,23.635,5252,0
ASET.US,D,20170222,000000,23.573,23.573,23.52,23.572,6654,0
ASET.US,D,20170223,000000,23.57,23.6,23.57,23.6,1136,0
ASET.US,D,20170224,000000,23.557,23.564,23.546,23.546,1648,0
ASET.US,D,20170227,000000,23.645,23.645,23.618,23.641,1280,0
ASET.US,D,20170228,000000,23.592,23.634,23.538,23.565,2565,0
ASET.US,D,20170301,000000,23.607,23.744,23.583,23.744,4989,0
ASET.US,D,20170302,000000,23.573,23.573,23.476,23.476,2363,0
ASET.US,D,20170303,000000,23.422,23.494,23.387,23.494,2436,0
ASET.US,D,20170306,000000,23.403,23.403,23.387,23.387,756,0
ASET.US,D,20170307,000000,23.387,23.396,23.36,23.36,2984,0
ASET.US,D,20170308,000000,23.36,23.36,23.104,23.108,1621,0
ASET.US,D,20170309,000000,23.08,23.108,22.994,23.071,4198,0
ASET.US,D,20170310,000000,23.037,23.037,23.037,23.037,272,0
ASET.US,D,20170313,000000,23.152,23.172,23.118,23.162,4517,0
ASET.US,D,20170314,000000,23.045,23.045,23.023,23.037,1315,0
ASET.US,D,20170315,000000,23.155,23.205,23.155,23.205,1214,0
ASET.US,D,20170316,000000,23.528,23.528,23.486,23.512,2730,0
ASET.US,D,20170317,000000,23.533,23.608,23.533,23.608,704,0
ASET.US,D,20170320,000000,23.6,23.863,23.547,23.592,8196,0
ASET.US,D,20170321,000000,23.654,23.654,23.403,23.409,3747,0
ASET.US,D,20170322,000000,23.451,23.503,23.369,23.503,5464,0
ASET.US,D,20170324,000000,23.615,23.644,23.615,23.64,806,0
ASET.US,D,20170327,000000,23.561,23.602,23.561,23.602,527,0
ASET.US,D,20170328,000000,23.62,23.632,23.62,23.632,636,0
ASET.US,D,20170329,000000,23.624,23.68,23.624,23.661,2336,0
ASET.US,D,20170330,000000,23.688,23.688,23.657,23.669,1716,0
ASET.US,D,20170331,000000,23.68,23.759,23.661,23.733,2550,0
ASET.US,D,20170403,000000,23.624,23.63,23.624,23.63,769,0
ASET.US,D,20170405,000000,23.822,23.851,23.822,23.851,1524,0
ASET.US,D,20170406,000000,23.858,23.884,23.858,23.884,352,0
ASET.US,D,20170407,000000,23.901,23.901,23.901,23.901,356,0
ASET.US,D,20170410,000000,23.901,23.91,23.901,23.91,292,0
ASET.US,D,20170412,000000,24.063,24.063,24.002,24.002,2518,0
ASET.US,D,20170413,000000,24.037,24.037,23.938,23.956,1177,0
ASET.US,D,20170417,000000,24.1,24.125,24.1,24.125,420,0
ASET.US,D,20170418,000000,24.015,24.072,24.015,24.072,1655,0
ASET.US,D,20170419,000000,24.063,24.063,23.928,23.928,2373,0
ASET.US,D,20170420,000000,24.047,24.047,24.037,24.047,1664,0
ASET.US,D,20170421,000000,24,24.011,23.962,23.984,3801,0
ASET.US,D,20170424,000000,24.091,24.091,24.072,24.075,602,0
ASET.US,D,20170425,000000,24.178,24.178,24.178,24.178,816,0
ASET.US,D,20170426,000000,24.178,24.206,24.164,24.164,2494,0
ASET.US,D,20170427,000000,24.145,24.17,24.099,24.125,2812,0
ASET.US,D,20170428,000000,24.037,24.037,24.02,24.02,3611,0
ASET.US,D,20170501,000000,24.055,24.081,24.028,24.081,4339,0
ASET.US,D,20170502,000000,24.081,24.117,24.081,24.117,681,0
ASET.US,D,20170503,000000,23.956,23.975,23.956,23.975,3590,0
ASET.US,D,20170504,000000,23.872,23.872,23.872,23.872,148,0
ASET.US,D,20170505,000000,24.055,24.154,24.055,24.145,3658,0
ASET.US,D,20170508,000000,24.107,24.107,24.055,24.1,2573,0
ASET.US,D,20170509,000000,24.063,24.063,24.002,24.021,3588,0
ASET.US,D,20170511,000000,24.008,24.021,24.008,24.021,353,0
ASET.US,D,20170512,000000,24.072,24.091,24.067,24.072,2116,0
ASET.US,D,20170516,000000,24.205,24.205,24.196,24.196,519,0
ASET.US,D,20170517,000000,24.091,24.091,24.055,24.055,963,0
ASET.US,D,20170519,000000,24.252,24.342,24.252,24.342,402,0
ASET.US,D,20170522,000000,24.349,24.412,24.349,24.412,491,0
ASET.US,D,20170523,000000,24.42,24.476,24.42,24.431,3000,0
ASET.US,D,20170524,000000,24.455,24.507,24.45,24.507,1496,0
ASET.US,D,20170525,000000,24.538,24.538,24.538,24.538,111,0
ASET.US,D,20170526,000000,24.493,24.493,24.493,24.493,849,0
ASET.US,D,20170530,000000,24.515,24.515,24.515,24.515,358,0
ASET.US,D,20170531,000000,24.591,24.591,24.528,24.529,2470,0
ASET.US,D,20170601,000000,24.636,24.729,24.636,24.729,1683,0
ASET.US,D,20170602,000000,24.768,24.851,24.768,24.851,543,0
ASET.US,D,20170605,000000,24.806,24.842,24.806,24.842,1109,0
ASET.US,D,20170606,000000,24.783,24.783,24.783,24.783,111,0
ASET.US,D,20170607,000000,24.768,24.768,24.768,24.768,334,0
ASET.US,D,20170608,000000,24.71,24.728,24.707,24.724,1916,0
ASET.US,D,20170609,000000,24.681,24.681,24.664,24.664,400,0
ASET.US,D,20170612,000000,24.737,24.737,24.681,24.729,795,0
ASET.US,D,20170613,000000,24.824,24.824,24.824,24.824,235,0
ASET.US,D,20170614,000000,25.004,25.006,25.004,25.006,417,0
ASET.US,D,20170615,000000,24.782,24.796,24.782,24.796,350,0
ASET.US,D,20170616,000000,24.824,24.95,24.824,24.95,3410,0
ASET.US,D,20170619,000000,24.946,24.95,24.934,24.934,582,0
ASET.US,D,20170620,000000,24.664,24.691,24.659,24.664,1176,0
ASET.US,D,20170621,000000,24.681,24.681,24.578,24.578,1848,0
ASET.US,D,20170622,000000,24.668,24.681,24.631,24.631,1355,0
ASET.US,D,20170623,000000,24.685,24.74,24.685,24.695,2187,0
ASET.US,D,20170626,000000,24.782,24.782,24.74,24.744,772,0
ASET.US,D,20170627,000000,24.749,24.749,24.685,24.685,630,0
ASET.US,D,20170628,000000,24.559,24.758,24.559,24.758,2645,0
ASET.US,D,20170629,000000,24.468,24.468,24.468,24.468,466,0
ASET.US,D,20170630,000000,24.515,24.568,24.51,24.554,1815,0
ASET.US,D,20170703,000000,24.675,24.675,24.62,24.62,278,0
ASET.US,D,20170706,000000,24.334,24.378,24.332,24.334,1167,0
ASET.US,D,20170707,000000,24.343,24.343,24.343,24.343,743,0
ASET.US,D,20170710,000000,24.36,24.387,24.355,24.369,1409,0
ASET.US,D,20170711,000000,24.258,24.323,24.258,24.323,638,0
ASET.US,D,20170713,000000,24.554,24.559,24.554,24.559,764,0
ASET.US,D,20170714,000000,24.753,24.762,24.752,24.762,1587,0
ASET.US,D,20170717,000000,24.819,24.819,24.787,24.787,1096,0
ASET.US,D,20170718,000000,24.866,24.866,24.866,24.866,124,0
ASET.US,D,20170719,000000,25.002,25.002,24.987,24.987,646,0
ASET.US,D,20170720,000000,25.059,25.059,25.059,25.059,129,0
ASET.US,D,20170721,000000,24.981,25.031,24.981,25.028,11998,0
ASET.US,D,20170724,000000,24.938,24.973,24.938,24.955,1484,0
ASET.US,D,20170725,000000,24.963,24.992,24.947,24.973,4588,0
ASET.US,D,20170726,000000,24.964,25.028,24.964,25.028,1791,0
ASET.US,D,20170727,000000,25.064,25.072,25.064,25.072,1181,0
ASET.US,D,20170728,000000,25.173,25.173,25.16,25.16,4292,0
ASET.US,D,20170731,000000,25.177,25.214,25.177,25.214,2845,0
ASET.US,D,20170801,000000,25.358,25.406,25.358,25.38,4969,0
ASET.US,D,20170802,000000,25.254,25.298,25.254,25.298,1979,0
ASET.US,D,20170804,000000,25.271,25.345,25.271,25.345,1410,0
ASET.US,D,20170807,000000,25.325,25.325,25.303,25.316,3467,0
ASET.US,D,20170808,000000,25.254,25.254,25.246,25.246,2031,0
ASET.US,D,20170809,000000,25.165,25.199,25.165,25.199,1549,0
ASET.US,D,20170810,000000,25.07,25.07,25.016,25.018,2782,0
ASET.US,D,20170814,000000,25.184,25.219,25.184,25.219,637,0
ASET.US,D,20170815,000000,25.115,25.115,25.114,25.114,395,0
ASET.US,D,20170816,000000,25.254,25.254,25.254,25.254,114,0
ASET.US,D,20170817,000000,25.219,25.219,25.097,25.097,2454,0
ASET.US,D,20170818,000000,25.038,25.07,25.038,25.07,2170,0
ASET.US,D,20170821,000000,25.112,25.117,25.094,25.099,2188,0
ASET.US,D,20170822,000000,25.228,25.246,25.191,25.228,4313,0
ASET.US,D,20170823,000000,25.219,25.219,25.218,25.218,815,0
ASET.US,D,20170824,000000,25.303,25.303,25.228,25.228,1345,0
ASET.US,D,20170825,000000,25.34,25.34,25.307,25.316,1025,0
ASET.US,D,20170828,000000,25.298,25.298,25.245,25.271,1189,0
ASET.US,D,20170829,000000,25.271,25.271,25.271,25.271,477,0
ASET.US,D,20170830,000000,25.242,25.252,25.242,25.246,549,0
ASET.US,D,20170831,000000,25.4,25.4,25.4,25.4,254,0
ASET.US,D,20170901,000000,25.496,25.496,25.469,25.489,2786,0
ASET.US,D,20170905,000000,25.461,25.461,25.274,25.293,1842,0
ASET.US,D,20170906,000000,25.496,25.498,25.496,25.498,1007,0
ASET.US,D,20170907,000000,25.56,25.56,25.56,25.56,439,0
ASET.US,D,20170908,000000,25.56,25.56,25.56,25.56,553,0
ASET.US,D,20170911,000000,25.705,25.744,25.685,25.744,2592,0
ASET.US,D,20170912,000000,26.03,26.03,25.632,25.65,3786,0
ASET.US,D,20170913,000000,25.542,25.542,25.469,25.469,638,0
ASET.US,D,20170914,000000,25.452,25.532,25.452,25.532,802,0
ASET.US,D,20170915,000000,25.532,25.577,25.532,25.577,1545,0
ASET.US,D,20170918,000000,25.529,25.578,25.516,25.578,2773,0
ASET.US,D,20170919,000000,25.588,25.614,25.56,25.614,1359,0
ASET.US,D,20170920,000000,25.655,25.695,25.498,25.498,3225,0
ASET.US,D,20170921,000000,25.532,25.532,25.498,25.507,3553,0
ASET.US,D,20170922,000000,25.507,25.507,25.465,25.465,559,0
ASET.US,D,20170925,000000,25.465,25.489,25.465,25.489,510,0
ASET.US,D,20170927,000000,25.35,25.406,25.301,25.406,4322,0
ASET.US,D,20170928,000000,25.334,25.406,25.334,25.406,1474,0
ASET.US,D,20170929,000000,25.441,25.489,25.441,25.489,3969,0
ASET.US,D,20171002,000000,25.443,25.469,25.443,25.469,1381,0
ASET.US,D,20171003,000000,25.428,25.461,25.428,25.459,4768,0
ASET.US,D,20171004,000000,25.389,25.469,25.379,25.469,3566,0
ASET.US,D,20171005,000000,25.387,25.475,25.387,25.475,497,0
ASET.US,D,20171006,000000,25.386,25.406,25.386,25.406,1157,0
ASET.US,D,20171009,000000,25.461,25.469,25.432,25.432,2941,0
ASET.US,D,20171010,000000,25.597,25.605,25.597,25.605,2158,0
ASET.US,D,20171011,000000,25.651,25.672,25.651,25.672,440,0
ASET.US,D,20171012,000000,25.715,25.726,25.714,25.715,1485,0
ASET.US,D,20171013,000000,25.786,25.786,25.745,25.756,7997,0
ASET.US,D,20171016,000000,25.768,25.768,25.74,25.74,979,0
ASET.US,D,20171017,000000,25.686,25.736,25.686,25.716,12299,0
ASET.US,D,20171018,000000,25.76,25.76,25.745,25.755,1379,0
ASET.US,D,20171019,000000,25.676,25.76,25.676,25.76,3671,0
ASET.US,D,20171020,000000,25.688,25.716,25.676,25.706,22234,0
ASET.US,D,20171023,000000,25.633,25.67,25.621,25.621,2246,0
ASET.US,D,20171024,000000,25.615,25.615,25.587,25.597,2214,0
ASET.US,D,20171025,000000,25.362,25.379,25.333,25.333,1256,0
ASET.US,D,20171026,000000,25.43,25.43,25.396,25.415,5056,0
ASET.US,D,20171027,000000,25.323,25.489,25.323,25.478,5708,0
ASET.US,D,20171030,000000,25.478,25.478,25.469,25.469,1508,0
ASET.US,D,20171031,000000,25.442,25.549,25.433,25.549,3280,0
ASET.US,D,20171101,000000,25.615,25.661,25.588,25.588,6237,0
ASET.US,D,20171102,000000,25.587,25.604,25.569,25.569,2993,0
ASET.US,D,20171103,000000,25.587,25.605,25.587,25.588,3984,0
ASET.US,D,20171106,000000,25.605,25.676,25.605,25.676,1729,0
ASET.US,D,20171108,000000,25.767,25.805,25.767,25.805,599,0
ASET.US,D,20171109,000000,25.736,25.768,25.726,25.768,2090,0
ASET.US,D,20171110,000000,25.745,25.745,25.695,25.702,2206,0
ASET.US,D,20171113,000000,25.65,25.65,25.65,25.65,332,0
ASET.US,D,20171114,000000,25.623,25.623,25.605,25.614,3629,0
ASET.US,D,20171115,000000,25.498,25.516,25.488,25.488,5086,0
ASET.US,D,20171116,000000,25.569,25.66,25.569,25.66,1994,0
ASET.US,D,20171117,000000,25.524,25.525,25.514,25.516,3108,0
ASET.US,D,20171120,000000,25.516,25.516,25.516,25.516,392,0
ASET.US,D,20171121,000000,25.666,25.666,25.666,25.666,474,0
ASET.US,D,20171122,000000,25.686,25.745,25.686,25.745,2730,0
ASET.US,D,20171124,000000,25.823,25.833,25.823,25.833,652,0
ASET.US,D,20171127,000000,25.785,25.785,25.75,25.768,7072,0
ASET.US,D,20171128,000000,25.768,25.796,25.758,25.795,1534,0
ASET.US,D,20171129,000000,25.816,25.842,25.816,25.823,3727,0
ASET.US,D,20171130,000000,25.951,25.993,25.951,25.968,3928,0
ASET.US,D,20171201,000000,25.968,26.013,25.918,25.994,4073,0
ASET.US,D,20171204,000000,26.01,26.013,26.003,26.013,5329,0
ASET.US,D,20171205,000000,25.9,25.9,25.9,25.9,329,0
ASET.US,D,20171206,000000,25.792,25.816,25.745,25.804,2399,0
ASET.US,D,20171207,000000,25.786,25.786,25.786,25.786,399,0
ASET.US,D,20171208,000000,25.942,25.994,25.942,25.985,3256,0
ASET.US,D,20171211,000000,25.968,25.994,25.968,25.994,2997,0
ASET.US,D,20171212,000000,26.049,26.106,26.023,26.093,3216,0
ASET.US,D,20171213,000000,26.13,26.205,26.129,26.205,629,0
ASET.US,D,20171214,000000,26.112,26.113,26.089,26.089,1774,0
ASET.US,D,20171215,000000,26.087,26.126,26.087,26.121,475,0
ASET.US,D,20171218,000000,26.285,26.285,26.26,26.267,1186,0
ASET.US,D,20171219,000000,26.116,26.131,25.977,26.022,2274,0
ASET.US,D,20171220,000000,26.023,26.023,25.985,26.002,1917,0
ASET.US,D,20171221,000000,26.002,26.03,26.002,26.003,4755,0
ASET.US,D,20171222,000000,26.011,26.011,26.011,26.011,295,0
ASET.US,D,20171226,000000,26.147,26.149,26.121,26.121,644,0
ASET.US,D,20171227,000000,26.139,26.186,26.139,26.158,1391,0
ASET.US,D,20171228,000000,26.226,26.278,26.226,26.278,2515,0
ASET.US,D,20171229,000000,26.305,26.305,26.295,26.295,988,0
ASET.US,D,20180102,000000,26.371,26.371,26.371,26.371,207,0
ASET.US,D,20180103,000000,26.433,26.433,26.433,26.433,358,0
ASET.US,D,20180104,000000,26.459,26.46,26.459,26.459,832,0
ASET.US,D,20180105,000000,26.469,26.497,26.451,26.497,2385,0
ASET.US,D,20180108,000000,26.505,26.591,26.505,26.562,2254,0
ASET.US,D,20180109,000000,26.497,26.533,26.487,26.487,4011,0
ASET.US,D,20180110,000000,26.251,26.268,26.221,26.221,1245,0
ASET.US,D,20180111,000000,26.265,26.321,26.261,26.321,10102,0
ASET.US,D,20180112,000000,26.345,26.379,26.343,26.379,7847,0
ASET.US,D,20180116,000000,26.521,26.521,26.365,26.365,1677,0
ASET.US,D,20180117,000000,26.58,26.58,26.524,26.524,818,0
ASET.US,D,20180118,000000,26.398,26.424,26.355,26.424,855,0
ASET.US,D,20180119,000000,26.424,26.477,26.407,26.477,32621,0
ASET.US,D,20180122,000000,26.581,26.643,26.581,26.623,2614,0
ASET.US,D,20180123,000000,26.697,26.744,26.668,26.721,1530,0
ASET.US,D,20180124,000000,26.827,26.845,26.818,26.818,960,0
ASET.US,D,20180125,000000,26.858,26.858,26.751,26.786,1754,0
ASET.US,D,20180129,000000,26.682,26.712,26.633,26.638,2790,0
ASET.US,D,20180130,000000,26.524,26.524,26.443,26.469,3479,0
ASET.US,D,20180131,000000,26.566,26.566,26.565,26.565,368,0
ASET.US,D,20180201,000000,26.524,26.524,26.524,26.524,310,0
ASET.US,D,20180202,000000,26.216,26.216,26.087,26.095,4123,0
ASET.US,D,20180205,000000,25.829,25.829,25.078,25.078,5024,0
ASET.US,D,20180206,000000,25.219,25.228,24.943,25.018,21110,0
ASET.US,D,20180207,000000,25.336,25.336,25.336,25.336,458,0
ASET.US,D,20180208,000000,25.068,25.068,24.521,24.526,6593,0
ASET.US,D,20180209,000000,24.619,24.619,24.455,24.455,567,0
ASET.US,D,20180212,000000,24.724,24.979,24.72,24.952,2886,0
ASET.US,D,20180213,000000,24.822,25.053,24.805,25.035,5689,0
ASET.US,D,20180214,000000,24.989,25.228,24.987,25.199,7193,0
ASET.US,D,20180215,000000,25.167,25.317,25.167,25.317,2071,0
ASET.US,D,20180216,000000,25.502,25.502,25.455,25.502,2581,0
ASET.US,D,20180220,000000,25.325,25.336,25.319,25.336,2004,0
ASET.US,D,20180221,000000,25.254,25.254,25.179,25.179,1380,0
ASET.US,D,20180222,000000,25.073,25.105,25.073,25.105,837,0
ASET.US,D,20180223,000000,25.254,25.436,25.254,25.436,2634,0
ASET.US,D,20180226,000000,25.541,25.628,25.541,25.628,1693,0
ASET.US,D,20180227,000000,25.341,25.341,25.149,25.158,4874,0
ASET.US,D,20180228,000000,25.096,25.115,24.935,24.935,4353,0
ASET.US,D,20180301,000000,24.795,24.795,24.735,24.735,1878,0
ASET.US,D,20180302,000000,24.564,24.564,24.564,24.564,157,0
ASET.US,D,20180305,000000,24.93,24.93,24.92,24.92,461,0
ASET.US,D,20180306,000000,24.943,25.017,24.943,25.016,1561,0
ASET.US,D,20180307,000000,25.043,25.066,25.002,25.066,1263,0
ASET.US,D,20180308,000000,25.086,25.154,25.068,25.154,3967,0
ASET.US,D,20180309,000000,25.254,25.304,25.254,25.304,528,0
ASET.US,D,20180312,000000,25.418,25.418,25.385,25.409,1028,0
ASET.US,D,20180313,000000,25.445,25.445,25.445,25.445,676,0
ASET.US,D,20180314,000000,25.359,25.359,25.299,25.306,3318,0
ASET.US,D,20180315,000000,25.299,25.314,25.184,25.184,2868,0
ASET.US,D,20180319,000000,25.179,25.179,25.068,25.082,3902,0
ASET.US,D,20180320,000000,25.105,25.105,25.061,25.082,2358,0
ASET.US,D,20180321,000000,25.057,25.172,25.057,25.158,1893,0
ASET.US,D,20180322,000000,24.951,24.951,24.893,24.893,482,0
ASET.US,D,20180323,000000,24.87,24.87,24.553,24.553,2677,0
ASET.US,D,20180326,000000,24.621,24.649,24.621,24.649,454,0
ASET.US,D,20180327,000000,24.832,24.979,24.823,24.979,2599,0
ASET.US,D,20180328,000000,24.947,25.012,24.947,25.012,1391,0
ASET.US,D,20180329,000000,25.2,25.205,25.2,25.205,372,0
ASET.US,D,20180402,000000,25.007,25.017,25.007,25.017,301,0
ASET.US,D,20180403,000000,24.956,25.083,24.923,25.044,16994,0
ASET.US,D,20180404,000000,24.979,25.087,24.957,25.062,4308,0
ASET.US,D,20180405,000000,25.318,25.346,25.263,25.346,1315,0
ASET.US,D,20180409,000000,25.273,25.42,25.273,25.392,1426,0
ASET.US,D,20180410,000000,25.338,25.41,25.338,25.41,1125,0
ASET.US,D,20180411,000000,25.427,25.427,25.427,25.427,293,0
ASET.US,D,20180412,000000,25.362,25.37,25.331,25.37,2105,0
ASET.US,D,20180413,000000,25.385,25.41,25.366,25.41,2182,0
ASET.US,D,20180416,000000,25.538,25.556,25.533,25.533,1963,0
ASET.US,D,20180417,000000,25.667,25.772,25.658,25.772,3338,0
ASET.US,D,20180418,000000,25.874,25.887,25.874,25.887,2682,0
ASET.US,D,20180420,000000,25.529,25.529,25.418,25.475,15685,0
ASET.US,D,20180423,000000,25.49,25.49,25.428,25.436,1410,0
ASET.US,D,20180424,000000,25.474,25.519,25.473,25.519,1183,0
ASET.US,D,20180425,000000,25.366,25.374,25.332,25.374,2679,0
ASET.US,D,20180427,000000,25.725,25.725,25.725,25.725,1968,0
ASET.US,D,20180501,000000,25.546,25.603,25.457,25.57,7531,0
ASET.US,D,20180502,000000,25.551,25.667,25.551,25.658,3261,0
ASET.US,D,20180503,000000,25.447,25.528,25.447,25.528,3341,0
ASET.US,D,20180504,000000,25.735,25.754,25.713,25.754,607,0
ASET.US,D,20180507,000000,25.725,25.739,25.695,25.739,1134,0
ASET.US,D,20180508,000000,25.59,25.59,25.572,25.572,1334,0
ASET.US,D,20180509,000000,25.621,25.725,25.621,25.658,3035,0
ASET.US,D,20180510,000000,25.725,25.868,25.725,25.86,2434,0
ASET.US,D,20180511,000000,25.992,25.992,25.938,25.942,8490,0
ASET.US,D,20180514,000000,25.967,25.967,25.915,25.915,249,0
ASET.US,D,20180515,000000,25.621,25.629,25.621,25.628,1073,0
ASET.US,D,20180516,000000,25.551,25.658,25.551,25.626,3024,0
ASET.US,D,20180517,000000,25.61,25.61,25.59,25.59,469,0
ASET.US,D,20180518,000000,25.503,25.503,25.457,25.503,2109,0
ASET.US,D,20180521,000000,25.684,25.705,25.684,25.705,1909,0
ASET.US,D,20180522,000000,25.749,25.749,25.749,25.749,267,0
ASET.US,D,20180523,000000,25.575,25.575,25.575,25.575,147,0
ASET.US,D,20180524,000000,25.633,25.655,25.621,25.64,1049,0
ASET.US,D,20180525,000000,25.637,25.637,25.575,25.59,3173,0
ASET.US,D,20180529,000000,25.383,25.457,25.3,25.366,4529,0
ASET.US,D,20180530,000000,25.575,25.78,25.575,25.735,2600,0
ASET.US,D,20180531,000000,25.667,25.684,25.628,25.684,3290,0
ASET.US,D,20180601,000000,25.725,25.749,25.705,25.72,1874,0
ASET.US,D,20180604,000000,25.943,25.943,25.823,25.865,728,0
ASET.US,D,20180605,000000,25.855,25.855,25.811,25.835,3642,0
ASET.US,D,20180606,000000,25.85,25.949,25.85,25.948,2349,0
ASET.US,D,20180607,000000,25.895,25.9,25.895,25.9,7689,0
ASET.US,D,20180608,000000,25.891,25.91,25.891,25.91,5238,0
ASET.US,D,20180611,000000,25.984,25.988,25.974,25.987,3712,0
ASET.US,D,20180612,000000,25.953,26.026,25.953,25.954,1681,0
ASET.US,D,20180613,000000,25.884,25.884,25.777,25.789,820,0
ASET.US,D,20180614,000000,25.855,25.874,25.855,25.874,2220,0
ASET.US,D,20180615,000000,25.791,25.846,25.782,25.816,3124,0
ASET.US,D,20180618,000000,25.71,25.744,25.71,25.744,1028,0
ASET.US,D,20180619,000000,25.561,25.648,25.556,25.64,12035,0
ASET.US,D,20180620,000000,25.715,25.72,25.685,25.685,1240,0
ASET.US,D,20180621,000000,25.566,25.566,25.566,25.566,531,0
ASET.US,D,20180625,000000,25.599,25.599,25.561,25.561,735,0
ASET.US,D,20180626,000000,25.607,25.736,25.607,25.736,2887,0
ASET.US,D,20180627,000000,25.612,25.612,25.576,25.576,1364,0
ASET.US,D,20180628,000000,25.599,25.641,25.599,25.641,547,0
ASET.US,D,20180629,000000,25.736,25.825,25.736,25.816,1984,0
ASET.US,D,20180702,000000,25.546,25.575,25.546,25.575,398,0
ASET.US,D,20180703,000000,25.772,25.772,25.772,25.772,198,0
ASET.US,D,20180706,000000,26.148,26.148,26.148,26.148,662,0
ASET.US,D,20180709,000000,26.153,26.153,26.096,26.109,1258,0
ASET.US,D,20180710,000000,26.056,26.109,26.046,26.109,3736,0
ASET.US,D,20180711,000000,26.02,26.036,25.849,25.849,2996,0
ASET.US,D,20180712,000000,25.964,26.015,25.964,26.001,2271,0
ASET.US,D,20180713,000000,25.968,26.009,25.968,26.009,896,0
ASET.US,D,20180716,000000,25.938,25.938,25.872,25.903,3662,0
ASET.US,D,20180717,000000,25.853,25.882,25.849,25.858,8121,0
ASET.US,D,20180718,000000,25.816,25.853,25.765,25.82,9563,0
ASET.US,D,20180719,000000,25.649,25.816,25.649,25.816,1517,0
ASET.US,D,20180720,000000,25.83,25.843,25.83,25.843,582,0
ASET.US,D,20180723,000000,25.746,25.788,25.741,25.782,1775,0
ASET.US,D,20180724,000000,25.83,25.83,25.83,25.83,353,0
ASET.US,D,20180725,000000,25.83,25.991,25.83,25.987,2238,0
ASET.US,D,20180726,000000,26.029,26.105,26.029,26.076,1318,0
ASET.US,D,20180727,000000,26.114,26.114,26.114,26.114,323,0
ASET.US,D,20180730,000000,26.113,26.12,26.096,26.113,2827,0
ASET.US,D,20180731,000000,26.26,26.273,26.234,26.234,6612,0
ASET.US,D,20180801,000000,26.096,26.096,26.018,26.018,1476,0
ASET.US,D,20180802,000000,25.946,26.066,25.946,26.055,12014,0
ASET.US,D,20180803,000000,26.029,26.153,26.029,26.153,1050,0
ASET.US,D,20180807,000000,26.261,26.261,26.216,26.226,8298,0
ASET.US,D,20180808,000000,26.181,26.201,26.181,26.201,799,0
ASET.US,D,20180809,000000,26.186,26.206,26.179,26.191,1531,0
ASET.US,D,20180810,000000,25.918,25.928,25.841,25.841,1107,0
ASET.US,D,20180813,000000,25.736,25.787,25.736,25.756,1766,0
ASET.US,D,20180814,000000,25.853,25.928,25.853,25.882,6069,0
ASET.US,D,20180815,000000,25.612,25.676,25.612,25.676,2673,0
ASET.US,D,20180816,000000,25.825,25.928,25.816,25.89,1509,0
ASET.US,D,20180817,000000,25.89,25.983,25.89,25.983,444,0
ASET.US,D,20180820,000000,26.12,26.13,26.12,26.12,922,0
ASET.US,D,20180821,000000,26.096,26.13,26.096,26.116,1006,0
ASET.US,D,20180822,000000,26.105,26.113,26.05,26.066,2083,0
ASET.US,D,20180823,000000,25.995,25.995,25.898,25.898,2151,0
ASET.US,D,20180824,000000,26.046,26.046,26.029,26.029,578,0
ASET.US,D,20180827,000000,26.186,26.186,26.086,26.12,10952,0
ASET.US,D,20180828,000000,26.242,26.242,26.13,26.189,2583,0
ASET.US,D,20180829,000000,26.329,26.329,26.329,26.329,372,0
ASET.US,D,20180830,000000,26.11,26.168,26.084,26.103,11458,0
ASET.US,D,20180831,000000,26.1,26.1,26.011,26.035,7101,0
ASET.US,D,20180904,000000,25.938,25.938,25.761,25.809,7549,0
ASET.US,D,20180905,000000,25.794,25.827,25.794,25.827,1090,0
ASET.US,D,20180906,000000,25.844,25.853,25.792,25.853,2413,0
ASET.US,D,20180907,000000,25.745,25.761,25.672,25.672,1110,0
ASET.US,D,20180910,000000,25.769,25.769,25.769,25.769,283,0
ASET.US,D,20180911,000000,25.706,25.825,25.706,25.825,820,0
ASET.US,D,20180912,000000,25.946,25.958,25.839,25.839,1511,0
ASET.US,D,20180913,000000,26.056,26.138,26.046,26.11,8541,0
ASET.US,D,20180914,000000,25.988,26.029,25.988,26.029,471,0
ASET.US,D,20180917,000000,26.147,26.147,26.129,26.129,2261,0
ASET.US,D,20180918,000000,26.278,26.297,26.266,26.296,2454,0
ASET.US,D,20180919,000000,26.234,26.234,26.117,26.138,3774,0
ASET.US,D,20180920,000000,26.158,26.226,26.148,26.226,412,0
ASET.US,D,20180921,000000,26.287,26.304,26.278,26.278,1997,0
ASET.US,D,20180924,000000,26.008,26.036,25.983,26.036,11237,0
ASET.US,D,20180925,000000,26.086,26.086,26.056,26.056,663,0
ASET.US,D,20180926,000000,26.056,26.056,26.029,26.055,2491,0
ASET.US,D,20180927,000000,25.983,26.061,25.937,26.061,11354,0
ASET.US,D,20180928,000000,25.842,25.937,25.842,25.929,2294,0
ASET.US,D,20181001,000000,25.99,25.99,25.987,25.987,437,0
ASET.US,D,20181002,000000,25.851,25.945,25.851,25.909,2776,0
ASET.US,D,20181004,000000,25.666,25.666,25.526,25.526,2335,0
ASET.US,D,20181005,000000,25.591,25.591,25.489,25.526,2053,0
ASET.US,D,20181008,000000,25.498,25.666,25.498,25.666,1708,0
ASET.US,D,20181009,000000,25.683,25.745,25.656,25.731,1816,0
ASET.US,D,20181010,000000,25.349,25.359,25.259,25.259,1484,0
ASET.US,D,20181011,000000,24.956,24.956,24.956,24.956,158,0
ASET.US,D,20181012,000000,24.716,24.788,24.706,24.706,5429,0
ASET.US,D,20181015,000000,24.769,24.929,24.668,24.826,7038,0
ASET.US,D,20181016,000000,25.246,25.246,25.246,25.246,173,0
ASET.US,D,20181017,000000,25.153,25.206,25.153,25.153,1870,0
ASET.US,D,20181018,000000,25.004,25.004,24.994,24.994,321,0
ASET.US,D,20181019,000000,25.263,25.263,25.143,25.218,1346,0
ASET.US,D,20181022,000000,25.302,25.302,25.302,25.302,173,0
ASET.US,D,20181023,000000,24.64,24.919,24.64,24.919,547,0
ASET.US,D,20181024,000000,24.778,24.807,24.561,24.561,647,0
ASET.US,D,20181025,000000,24.745,24.778,24.745,24.778,403,0
ASET.US,D,20181026,000000,24.322,24.593,24.314,24.398,18597,0
ASET.US,D,20181029,000000,24.759,24.788,24.426,24.426,24891,0
ASET.US,D,20181030,000000,24.676,24.716,24.593,24.689,2847,0
ASET.US,D,20181031,000000,24.706,24.769,24.706,24.743,1398,0
ASET.US,D,20181101,000000,24.843,24.864,24.843,24.855,909,0
ASET.US,D,20181102,000000,24.929,24.929,24.64,24.761,2410,0
ASET.US,D,20181105,000000,24.965,24.965,24.947,24.959,1010,0
ASET.US,D,20181106,000000,25.05,25.068,25.04,25.068,3691,0
ASET.US,D,20181107,000000,25.263,25.349,25.263,25.349,214,0
ASET.US,D,20181108,000000,25.363,25.368,25.258,25.29,2045,0
ASET.US,D,20181109,000000,25.171,25.171,25.171,25.171,343,0
ASET.US,D,20181112,000000,25.153,25.165,25.009,25.009,5430,0
ASET.US,D,20181113,000000,25.004,25.045,24.985,25,1258,0
ASET.US,D,20181114,000000,25.013,25.124,25.013,25.088,964,0
ASET.US,D,20181115,000000,24.874,25.06,24.845,25.06,1019,0
ASET.US,D,20181116,000000,25.18,25.247,25.125,25.153,11694,0
ASET.US,D,20181119,000000,25.124,25.143,25.082,25.082,700,0
ASET.US,D,20181120,000000,24.864,24.864,24.864,24.864,726,0
ASET.US,D,20181121,000000,25.068,25.104,24.98,24.99,1445,0
ASET.US,D,20181126,000000,25.031,25.104,25.031,25.056,1182,0
ASET.US,D,20181127,000000,25.004,25.138,24.276,24.276,973,0
ASET.US,D,20181128,000000,25.104,25.414,25.104,25.414,2033,0
ASET.US,D,20181129,000000,25.32,25.385,25.32,25.385,1204,0
ASET.US,D,20181130,000000,25.263,25.368,25.263,25.368,1988,0
ASET.US,D,20181203,000000,25.489,25.489,25.489,25.489,619,0
ASET.US,D,20181204,000000,25.308,25.308,25.114,25.124,7186,0
ASET.US,D,20181206,000000,24.929,24.992,24.835,24.992,1781,0
ASET.US,D,20181207,000000,25.263,25.263,25.013,25.013,8262,0
ASET.US,D,20181210,000000,25.022,25.095,24.995,24.995,11459,0
ASET.US,D,20181211,000000,25.171,25.18,24.938,25.124,3908,0
ASET.US,D,20181212,000000,25.254,25.254,25.114,25.114,4557,0
ASET.US,D,20181213,000000,25.095,25.134,25.068,25.068,743,0
ASET.US,D,20181214,000000,24.935,24.935,24.854,24.854,973,0
ASET.US,D,20181217,000000,24.807,24.807,24.807,24.807,234,0
ASET.US,D,20181218,000000,24.536,24.548,24.536,24.548,466,0
ASET.US,D,20181219,000000,24.649,24.653,24.305,24.318,4921,0
ASET.US,D,20181220,000000,24.261,24.332,24.261,24.261,1028,0
ASET.US,D,20181221,000000,24.191,24.248,23.875,23.875,2080,0
ASET.US,D,20181224,000000,23.447,23.456,23.279,23.279,885,0
ASET.US,D,20181226,000000,23.241,23.612,23.2,23.612,2593,0
ASET.US,D,20181227,000000,23.447,23.484,23.419,23.447,2232,0
ASET.US,D,20181228,000000,23.945,24.013,23.897,24.013,916,0
ASET.US,D,20181231,000000,23.945,23.945,23.691,23.833,29912,0
ASET.US,D,20190102,000000,23.757,23.902,23.711,23.888,1080,0
ASET.US,D,20190103,000000,23.888,23.896,23.805,23.833,2151,0
ASET.US,D,20190104,000000,24.256,24.256,24.256,24.256,434,0
ASET.US,D,20190107,000000,24.426,24.464,24.426,24.464,371,0
ASET.US,D,20190108,000000,24.763,24.763,24.763,24.763,397,0
ASET.US,D,20190109,000000,24.971,24.971,24.829,24.829,1381,0
ASET.US,D,20190110,000000,24.961,25.08,24.961,25.073,4384,0
ASET.US,D,20190111,000000,25.092,25.092,25.092,25.092,202,0
ASET.US,D,20190114,000000,25.101,25.101,25.092,25.092,524,0
ASET.US,D,20190115,000000,25.218,25.218,25.131,25.16,1464,0
ASET.US,D,20190116,000000,25.262,25.31,25.262,25.31,622,0
ASET.US,D,20190117,000000,25.272,25.416,25.272,25.416,1012,0
ASET.US,D,20190118,000000,25.461,25.461,25.449,25.461,14239,0
ASET.US,D,20190122,000000,25.273,25.452,25.273,25.273,1027,0
ASET.US,D,20190123,000000,25.461,25.461,25.338,25.358,5385,0
ASET.US,D,20190124,000000,25.461,25.461,25.38,25.38,5611,0
ASET.US,D,20190125,000000,25.593,25.593,25.593,25.593,1621,0
ASET.US,D,20190128,000000,25.593,25.606,25.593,25.606,426,0
ASET.US,D,20190129,000000,25.856,25.888,25.856,25.878,2210,0
ASET.US,D,20190130,000000,25.902,25.902,25.902,25.902,200,0
ASET.US,D,20190131,000000,26.118,26.175,26.118,26.172,491,0
ASET.US,D,20190201,000000,26.147,26.167,26.097,26.097,1415,0
ASET.US,D,20190204,000000,26.093,26.157,26.043,26.137,94774,0
ASET.US,D,20190205,000000,26.252,26.252,26.252,26.252,834,0
ASET.US,D,20190206,000000,26.28,26.28,26.147,26.157,18153,0
ASET.US,D,20190207,000000,26.11,26.132,26.043,26.043,1218,0
ASET.US,D,20190208,000000,26.083,26.128,26.033,26.128,3657,0
ASET.US,D,20190212,000000,26.185,26.197,26.185,26.197,890,0
ASET.US,D,20190213,000000,26.253,26.253,26.185,26.226,3265,0
ASET.US,D,20190214,000000,26.175,26.175,26.106,26.106,6146,0
ASET.US,D,20190215,000000,26.44,26.454,26.44,26.44,1974,0
ASET.US,D,20190219,000000,26.524,26.637,26.524,26.637,1686,0
ASET.US,D,20190220,000000,26.657,26.707,26.572,26.659,3880,0
ASET.US,D,20190221,000000,26.608,26.704,26.608,26.621,2094,0
ASET.US,D,20190222,000000,26.89,26.91,26.807,26.807,2930,0
ASET.US,D,20190225,000000,26.835,26.92,26.835,26.845,2999,0
ASET.US,D,20190226,000000,26.797,26.836,26.797,26.836,3030,0
ASET.US,D,20190227,000000,26.741,26.741,26.741,26.741,213,0
ASET.US,D,20190228,000000,26.686,26.696,26.686,26.696,426,0
ASET.US,D,20190301,000000,26.647,26.657,26.622,26.657,1124,0
ASET.US,D,20190304,000000,26.608,26.608,26.533,26.533,607,0
ASET.US,D,20190305,000000,26.581,26.713,26.581,26.696,2404,0
ASET.US,D,20190306,000000,26.608,26.618,26.549,26.571,1589,0
ASET.US,D,20190307,000000,26.553,26.581,26.524,26.524,1601,0
ASET.US,D,20190308,000000,26.459,26.467,26.45,26.467,1226,0
ASET.US,D,20190311,000000,26.696,26.817,26.696,26.817,4466,0
ASET.US,D,20190312,000000,26.89,26.914,26.89,26.914,658,0
ASET.US,D,20190313,000000,27.013,27.05,27.013,27.05,1263,0
ASET.US,D,20190314,000000,27.013,27.013,27.013,27.013,186,0
ASET.US,D,20190315,000000,27.118,27.193,27.118,27.121,3511,0
ASET.US,D,20190318,000000,27.202,27.202,27.193,27.193,855,0
ASET.US,D,20190319,000000,27.202,27.202,27.108,27.108,1120,0
ASET.US,D,20190320,000000,27.022,27.099,27.022,27.099,464,0
ASET.US,D,20190321,000000,27.286,27.391,27.286,27.347,1972,0
ASET.US,D,20190322,000000,27.165,27.165,27.099,27.128,489,0
ASET.US,D,20190325,000000,27.137,27.137,27.137,27.137,670,0
ASET.US,D,20190326,000000,27.316,27.333,27.31,27.31,1005,0
ASET.US,D,20190327,000000,27.372,27.372,27.332,27.332,922,0
ASET.US,D,20190328,000000,27.289,27.362,27.231,27.352,1781,0
ASET.US,D,20190329,000000,27.397,27.397,27.372,27.372,829,0
ASET.US,D,20190401,000000,27.44,27.514,27.44,27.504,4726,0
ASET.US,D,20190402,000000,27.421,27.44,27.382,27.382,6168,0
ASET.US,D,20190403,000000,27.637,27.649,27.637,27.649,243,0
ASET.US,D,20190404,000000,27.514,27.514,27.45,27.45,869,0
ASET.US,D,20190405,000000,27.534,27.534,27.494,27.494,611,0
ASET.US,D,20190408,000000,27.524,27.524,27.514,27.514,1563,0
ASET.US,D,20190409,000000,27.382,27.382,27.382,27.382,616,0
ASET.US,D,20190410,000000,27.524,27.524,27.524,27.524,453,0
ASET.US,D,20190411,000000,27.465,27.484,27.465,27.484,959,0
ASET.US,D,20190412,000000,27.572,27.572,27.543,27.551,2115,0
ASET.US,D,20190415,000000,27.524,27.524,27.524,27.524,411,0
ASET.US,D,20190416,000000,27.462,27.462,27.454,27.459,2590,0
ASET.US,D,20190417,000000,27.308,27.308,27.25,27.308,7966,0
ASET.US,D,20190418,000000,27.411,27.411,27.393,27.393,772,0
ASET.US,D,20190422,000000,27.252,27.252,27.231,27.231,1458,0
ASET.US,D,20190424,000000,27.32,27.32,27.32,27.32,266,0
ASET.US,D,20190425,000000,27.33,27.401,27.33,27.401,1317,0
ASET.US,D,20190426,000000,27.44,27.465,27.431,27.465,1393,0
ASET.US,D,20190429,000000,27.475,27.475,27.475,27.475,225,0
ASET.US,D,20190430,000000,27.504,27.532,27.484,27.532,2115,0
ASET.US,D,20190501,000000,27.6,27.637,27.59,27.59,734,0
ASET.US,D,20190502,000000,27.426,27.426,27.352,27.352,1506,0
ASET.US,D,20190507,000000,27.193,27.193,27.146,27.146,634,0
ASET.US,D,20190508,000000,27.128,27.128,27.031,27.031,1792,0
ASET.US,D,20190510,000000,27.337,27.337,27.316,27.316,720,0
ASET.US,D,20190513,000000,26.967,27.065,26.967,27.013,2221,0
ASET.US,D,20190514,000000,27.25,27.278,27.178,27.178,3458,0
ASET.US,D,20190515,000000,27.118,27.118,27.118,27.118,290,0
ASET.US,D,20190516,000000,27.451,27.451,27.451,27.451,183,0
ASET.US,D,20190517,000000,27.411,27.421,27.411,27.421,848,0
ASET.US,D,20190520,000000,27.438,27.438,27.308,27.308,1359,0
ASET.US,D,20190521,000000,27.411,27.411,27.411,27.411,133,0
ASET.US,D,20190522,000000,27.382,27.421,27.241,27.416,2963,0
ASET.US,D,20190523,000000,27.265,27.293,27.265,27.293,1475,0
ASET.US,D,20190524,000000,27.462,27.465,27.44,27.449,2352,0
ASET.US,D,20190528,000000,27.449,27.449,27.236,27.246,2826,0
ASET.US,D,20190529,000000,27.07,27.079,27.013,27.034,2634,0
ASET.US,D,20190530,000000,26.976,27.04,26.976,27.04,539,0
ASET.US,D,20190531,000000,26.871,26.976,26.871,26.976,221,0
ASET.US,D,20190603,000000,27.05,27.065,27.05,27.065,942,0
ASET.US,D,20190604,000000,27.146,27.224,27.146,27.217,640,0
ASET.US,D,20190605,000000,27.372,27.475,27.372,27.391,1652,0
ASET.US,D,20190606,000000,27.581,27.637,27.581,27.637,507,0
ASET.US,D,20190607,000000,27.834,27.839,27.834,27.839,931,0
ASET.US,D,20190610,000000,27.75,27.75,27.723,27.723,2006,0
ASET.US,D,20190611,000000,27.798,27.798,27.723,27.723,348,0
ASET.US,D,20190612,000000,27.76,27.76,27.742,27.742,425,0
ASET.US,D,20190613,000000,27.769,27.798,27.742,27.75,7418,0
ASET.US,D,20190614,000000,27.733,27.798,27.733,27.76,592,0
ASET.US,D,20190617,000000,27.817,27.822,27.817,27.822,477,0
ASET.US,D,20190618,000000,27.982,27.982,27.977,27.977,1504,0
ASET.US,D,20190619,000000,27.977,28.081,27.977,28.081,534,0
ASET.US,D,20190620,000000,28.345,28.345,28.309,28.309,1486,0
ASET.US,D,20190621,000000,28.184,28.198,28.184,28.188,529,0
ASET.US,D,20190624,000000,28.244,28.244,28.244,28.244,179,0
ASET.US,D,20190626,000000,27.845,27.887,27.845,27.864,1004,0
ASET.US,D,20190627,000000,27.788,27.844,27.788,27.834,1363,0
ASET.US,D,20190628,000000,27.911,27.92,27.911,27.92,420,0
ASET.US,D,20190701,000000,27.988,28,27.93,27.949,3331,0
ASET.US,D,20190702,000000,28.215,28.215,28.201,28.201,321,0
ASET.US,D,20190703,000000,28.486,28.521,28.472,28.521,2223,0
ASET.US,D,20190705,000000,28.245,28.455,28.215,28.416,1525,0
ASET.US,D,20190708,000000,28.368,28.378,28.339,28.368,1460,0
ASET.US,D,20190709,000000,28.293,28.328,28.293,28.328,700,0
ASET.US,D,20190710,000000,28.472,28.472,28.472,28.472,107,0
ASET.US,D,20190711,000000,28.416,28.435,28.416,28.435,833,0
ASET.US,D,20190712,000000,28.406,28.441,28.406,28.43,498,0
ASET.US,D,20190715,000000,28.464,28.464,28.464,28.464,105,0
ASET.US,D,20190716,000000,28.33,28.33,28.33,28.33,105,0
ASET.US,D,20190717,000000,28.254,28.254,28.254,28.254,598,0
ASET.US,D,20190718,000000,28.206,28.206,28.206,28.206,124,0
ASET.US,D,20190722,000000,28.03,28.03,28.03,28.03,305,0
ASET.US,D,20190723,000000,28.083,28.215,28.054,28.206,31401,0
ASET.US,D,20190724,000000,28.186,28.21,28.186,28.21,772,0
ASET.US,D,20190725,000000,28.186,28.186,28.037,28.037,431,0
ASET.US,D,20190726,000000,28.063,28.14,28.063,28.14,903,0
ASET.US,D,20190729,000000,28.177,28.206,28.177,28.206,964,0
ASET.US,D,20190730,000000,28.038,28.094,28.038,28.094,2083,0
ASET.US,D,20190731,000000,28.073,28.106,28.073,28.103,1616,0
ASET.US,D,20190801,000000,27.844,27.949,27.722,27.722,1812,0
ASET.US,D,20190802,000000,27.703,27.703,27.703,27.703,106,0
ASET.US,D,20190805,000000,27.255,27.255,27.103,27.236,4765,0
ASET.US,D,20190806,000000,27.319,27.402,27.264,27.388,1161,0
ASET.US,D,20190807,000000,27.328,27.559,27.328,27.511,767,0
ASET.US,D,20190808,000000,27.645,27.784,27.645,27.784,758,0
ASET.US,D,20190809,000000,27.62,27.712,27.599,27.712,1233,0
ASET.US,D,20190812,000000,27.625,27.625,27.549,27.549,928,0
ASET.US,D,20190813,000000,27.664,27.724,27.664,27.724,854,0
ASET.US,D,20190814,000000,27.348,27.348,27.296,27.321,961,0
ASET.US,D,20190815,000000,27.312,27.348,27.312,27.344,441,0
ASET.US,D,20190816,000000,27.588,27.682,27.588,27.682,458,0
ASET.US,D,20190819,000000,27.901,27.925,27.9,27.925,1790,0
ASET.US,D,20190820,000000,27.835,27.835,27.759,27.768,788,0
ASET.US,D,20190821,000000,27.864,27.874,27.864,27.874,32724,0
ASET.US,D,20190822,000000,27.854,27.854,27.854,27.854,132,0
ASET.US,D,20190823,000000,27.549,27.549,27.549,27.549,461,0
ASET.US,D,20190826,000000,27.66,27.66,27.606,27.64,890,0
ASET.US,D,20190827,000000,27.807,27.807,27.778,27.778,447,0
ASET.US,D,20190828,000000,27.805,27.817,27.805,27.817,1054,0
ASET.US,D,20190829,000000,27.978,27.978,27.93,27.94,370,0
ASET.US,D,20190830,000000,27.978,27.978,27.978,27.978,106,0
ASET.US,D,20190903,000000,27.891,28.017,27.891,28.017,473,0
ASET.US,D,20190904,000000,28.33,28.33,28.33,28.33,212,0
ASET.US,D,20190905,000000,28.359,28.359,28.352,28.359,885,0
ASET.US,D,20190906,000000,28.387,28.387,28.33,28.354,1839,0
ASET.US,D,20190909,000000,28.313,28.313,28.313,28.313,105,0
ASET.US,D,20190911,000000,28.225,28.261,28.225,28.261,496,0
ASET.US,D,20190912,000000,28.359,28.368,28.359,28.368,489,0
ASET.US,D,20190916,000000,28.33,28.33,28.33,28.33,105,0
ASET.US,D,20190917,000000,28.472,28.492,28.472,28.492,581,0
ASET.US,D,20190918,000000,28.502,28.536,28.392,28.396,2313,0
ASET.US,D,20190919,000000,28.608,28.608,28.608,28.608,209,0
ASET.US,D,20190920,000000,28.599,28.628,28.53,28.56,2509,0
ASET.US,D,20190923,000000,28.51,28.53,28.51,28.53,403,0
ASET.US,D,20190924,000000,28.665,28.665,28.525,28.525,613,0
ASET.US,D,20190925,000000,28.435,28.445,28.435,28.435,354,0
ASET.US,D,20190926,000000,28.531,28.637,28.531,28.627,2154,0
ASET.US,D,20190927,000000,28.59,28.59,28.59,28.59,104,0
ASET.US,D,20190930,000000,28.603,28.603,28.58,28.58,254,0
ASET.US,D,20191001,000000,28.378,28.388,28.329,28.329,375,0
ASET.US,D,20191002,000000,28.061,28.076,28.047,28.076,613,0
ASET.US,D,20191003,000000,28.159,28.159,28.094,28.159,236,0
ASET.US,D,20191004,000000,28.334,28.388,28.334,28.388,508,0
ASET.US,D,20191007,000000,28.501,28.511,28.501,28.501,463,0
ASET.US,D,20191008,000000,28.234,28.234,28.234,28.234,105,0
ASET.US,D,20191009,000000,28.406,28.415,28.389,28.389,1036,0
ASET.US,D,20191010,000000,28.32,28.482,28.32,28.482,464,0
ASET.US,D,20191011,000000,28.713,28.713,28.64,28.64,242,0
ASET.US,D,20191014,000000,28.58,28.581,28.58,28.581,369,0
ASET.US,D,20191015,000000,28.703,28.749,28.703,28.749,1547,0
ASET.US,D,20191016,000000,28.692,28.769,28.692,28.769,4671,0
ASET.US,D,20191017,000000,28.838,28.877,28.838,28.877,325,0
ASET.US,D,20191018,000000,28.848,28.865,28.848,28.865,295,0
ASET.US,D,20191021,000000,29.02,29.02,29.001,29.001,937,0
ASET.US,D,20191022,000000,29.155,29.155,29.07,29.077,1856,0
ASET.US,D,20191023,000000,29.077,29.077,29.077,29.077,310,0
ASET.US,D,20191024,000000,29.087,29.087,29.087,29.087,189,0
ASET.US,D,20191025,000000,28.991,28.991,28.991,28.991,122,0
ASET.US,D,20191028,000000,28.981,28.981,28.977,28.977,306,0
ASET.US,D,20191029,000000,28.976,28.976,28.976,28.976,208,0
ASET.US,D,20191030,000000,28.923,28.923,28.923,28.923,145,0
ASET.US,D,20191031,000000,29.061,29.061,29.011,29.011,624,0
ASET.US,D,20191104,000000,29.192,29.192,29.192,29.192,387,0
ASET.US,D,20191105,000000,29.011,29.053,28.981,29.053,1713,0
ASET.US,D,20191106,000000,29.077,29.077,29.03,29.03,1320,0
ASET.US,D,20191108,000000,28.886,28.886,28.868,28.868,344,0
ASET.US,D,20191111,000000,28.809,28.809,28.809,28.809,256,0
ASET.US,D,20191112,000000,28.79,28.79,28.771,28.771,2467,0
ASET.US,D,20191113,000000,28.827,28.837,28.827,28.837,687,0
ASET.US,D,20191114,000000,28.848,28.848,28.848,28.848,167,0
ASET.US,D,20191115,000000,28.971,28.971,28.971,28.971,111,0
ASET.US,D,20191118,000000,29.097,29.107,29.097,29.107,149,0
ASET.US,D,20191119,000000,29.107,29.154,29.107,29.11,1164,0
ASET.US,D,20191120,000000,29.02,29.02,28.837,28.996,1605,0
ASET.US,D,20191121,000000,28.848,28.885,28.848,28.848,1715,0
ASET.US,D,20191122,000000,28.779,28.836,28.76,28.824,2136,0
ASET.US,D,20191125,000000,28.926,28.93,28.923,28.93,438,0
ASET.US,D,20191126,000000,28.913,29.073,28.913,29.073,580,0
ASET.US,D,20191127,000000,29.126,29.186,29.126,29.186,231,0
ASET.US,D,20191129,000000,29.077,29.077,29.014,29.014,1227,0
ASET.US,D,20191202,000000,28.799,28.799,28.799,28.799,380,0
ASET.US,D,20191203,000000,28.657,28.736,28.657,28.736,1982,0
ASET.US,D,20191204,000000,28.905,28.923,28.905,28.92,560,0
ASET.US,D,20191205,000000,28.886,28.96,28.886,28.957,439,0
ASET.US,D,20191206,000000,29.145,29.145,29.111,29.111,570,0
ASET.US,D,20191209,000000,29.068,29.068,29.048,29.051,413,0
ASET.US,D,20191210,000000,28.991,29.037,28.991,28.998,2024,0
ASET.US,D,20191211,000000,28.97,29.053,28.97,29.023,933,0
ASET.US,D,20191212,000000,29.02,29.02,28.895,28.895,664,0
ASET.US,D,20191213,000000,28.943,29.021,28.943,29.021,2033,0
ASET.US,D,20191216,000000,29.171,29.228,29.171,29.228,178,0
ASET.US,D,20191217,000000,29.221,29.221,29.131,29.131,419,0
ASET.US,D,20191218,000000,29.202,29.221,29.202,29.221,613,0
ASET.US,D,20191219,000000,29.278,29.278,29.277,29.277,259,0
ASET.US,D,20191220,000000,29.432,29.457,29.432,29.446,249,0
ASET.US,D,20191223,000000,29.402,29.432,29.36,29.36,971,0
ASET.US,D,20191227,000000,29.618,29.622,29.617,29.617,1194,0
ASET.US,D,20191231,000000,29.511,29.656,29.511,29.656,874,0
ASET.US,D,20200102,000000,29.637,29.637,29.588,29.608,1271,0
ASET.US,D,20200103,000000,29.549,29.556,29.549,29.556,272,0
ASET.US,D,20200106,000000,29.51,29.587,29.51,29.576,425,0
ASET.US,D,20200107,000000,29.445,29.453,29.443,29.451,547,0
ASET.US,D,20200108,000000,29.457,29.569,29.457,29.492,1937,0
ASET.US,D,20200109,000000,29.532,29.532,29.532,29.532,627,0
ASET.US,D,20200113,000000,29.714,29.846,29.714,29.846,1315,0
ASET.US,D,20200114,000000,29.818,29.849,29.818,29.849,434,0
ASET.US,D,20200115,000000,29.939,29.963,29.939,29.963,366,0
ASET.US,D,20200116,000000,30.152,30.186,30.152,30.186,305,0
ASET.US,D,20200123,000000,30.2,30.313,30.191,30.303,690,0
ASET.US,D,20200124,000000,30.23,30.232,30.23,30.232,525,0
ASET.US,D,20200127,000000,29.875,29.952,29.875,29.875,1534,0
ASET.US,D,20200128,000000,30.036,30.06,30.017,30.06,2977,0
ASET.US,D,20200130,000000,29.811,30.072,29.811,30.072,2501,0
ASET.US,D,20200131,000000,29.811,29.811,29.727,29.727,337,0
ASET.US,D,20200203,000000,29.851,29.851,29.705,29.722,350,0
ASET.US,D,20200204,000000,30.007,30.036,29.982,29.982,640,0
ASET.US,D,20200205,000000,30.123,30.14,30.113,30.113,280,0
ASET.US,D,20200206,000000,30.2,30.238,30.19,30.238,32389,0
ASET.US,D,20200207,000000,30.085,30.088,30.085,30.088,338,0
ASET.US,D,20200210,000000,30.132,30.206,30.123,30.206,1250,0
ASET.US,D,20200211,000000,30.403,30.403,30.346,30.348,765,0
ASET.US,D,20200212,000000,30.477,30.477,30.477,30.477,217,0
ASET.US,D,20200213,000000,30.472,30.479,30.472,30.479,184,0
ASET.US,D,20200214,000000,30.586,30.643,30.58,30.643,1464,0
ASET.US,D,20200218,000000,30.561,30.561,30.423,30.499,6210,0
ASET.US,D,20200219,000000,30.589,30.589,30.543,30.543,124,0
ASET.US,D,20200220,000000,30.482,30.515,30.482,30.515,193,0
ASET.US,D,20200221,000000,30.472,30.565,30.472,30.515,2087,0
ASET.US,D,20200224,000000,29.743,29.938,29.743,29.867,607,0
ASET.US,D,20200225,000000,29.676,29.676,29.201,29.201,225,0
ASET.US,D,20200227,000000,28.384,28.384,28.384,28.384,140,0
ASET.US,D,20200228,000000,26.888,27.423,26.888,27.37,2981,0
ASET.US,D,20200302,000000,27.646,28.131,27.646,28.131,833,0
ASET.US,D,20200303,000000,28.293,28.293,27.886,27.99,840,0
ASET.US,D,20200304,000000,28.579,29.015,28.579,29.015,330,0
ASET.US,D,20200305,000000,28.608,28.608,28.608,28.608,134,0
ASET.US,D,20200306,000000,28.011,28.011,27.558,28.011,824,0
ASET.US,D,20200309,000000,26.004,26.004,25.799,25.799,489,0
ASET.US,D,20200310,000000,26.469,26.484,26.253,26.466,4122,0
ASET.US,D,20200311,000000,25.46,25.46,25.199,25.205,638,0
ASET.US,D,20200312,000000,23.089,23.089,20.604,22.594,6628,0
ASET.US,D,20200313,000000,23.371,23.371,23.069,23.069,763,0
ASET.US,D,20200316,000000,20.253,21.709,20.253,20.909,4088,0
ASET.US,D,20200317,000000,21.768,21.941,21.768,21.941,174,0
ASET.US,D,20200318,000000,20.399,20.399,20.157,20.399,5915,0
ASET.US,D,20200319,000000,20.662,20.964,20.647,20.954,2323,0
ASET.US,D,20200320,000000,20.565,20.565,19.719,20,7234,0
ASET.US,D,20200323,000000,19.406,19.457,19.378,19.457,623,0
ASET.US,D,20200324,000000,20.642,21.169,20.599,21.169,10922,0
ASET.US,D,20200325,000000,22.06,22.201,21.589,21.589,14015,0
ASET.US,D,20200327,000000,22.686,22.754,22.376,22.376,3522,0
ASET.US,D,20200330,000000,22.344,22.833,22.344,22.833,1364,0
ASET.US,D,20200331,000000,22.717,22.735,22.453,22.624,4701,0
ASET.US,D,20200401,000000,21.575,21.575,21.528,21.528,318,0
ASET.US,D,20200402,000000,21.516,21.839,21.516,21.839,4347,0
ASET.US,D,20200403,000000,21.501,21.501,21.32,21.382,3448,0
ASET.US,D,20200406,000000,22.454,22.667,22.454,22.667,2730,0
ASET.US,D,20200407,000000,23.302,23.302,22.867,22.867,993,0
ASET.US,D,20200408,000000,23.232,23.569,23.232,23.569,966,0
ASET.US,D,20200409,000000,24.354,24.47,24.354,24.47,580,0
ASET.US,D,20200413,000000,23.838,23.887,23.838,23.887,375,0
ASET.US,D,20200414,000000,24.325,24.359,24.325,24.359,574,0
ASET.US,D,20200421,000000,23.165,23.165,22.99,23.037,1220,0
ASET.US,D,20200422,000000,23.535,23.535,23.535,23.535,166,0
ASET.US,D,20200423,000000,23.554,23.554,23.379,23.379,442,0
ASET.US,D,20200424,000000,23.369,23.574,23.312,23.574,3035,0
ASET.US,D,20200428,000000,24.266,24.306,24.217,24.217,1145,0
ASET.US,D,20200429,000000,24.773,24.773,24.74,24.74,2441,0
ASET.US,D,20200504,000000,23.468,23.65,23.378,23.65,7447,0
ASET.US,D,20200507,000000,23.838,23.838,23.711,23.711,14558,0
ASET.US,D,20200508,000000,24.07,24.198,24.07,24.195,512,0
ASET.US,D,20200511,000000,24.15,24.15,24.062,24.062,2552,0
ASET.US,D,20200513,000000,23.311,23.311,23.112,23.112,401,0
ASET.US,D,20200514,000000,22.861,23.105,22.783,23.105,1291,0
ASET.US,D,20200515,000000,22.881,23.087,22.881,23.087,1899,0
ASET.US,D,20200518,000000,24.08,24.15,24.08,24.1,831,0
ASET.US,D,20200519,000000,23.895,24.064,23.877,23.877,1028,0
ASET.US,D,20200520,000000,24.171,24.205,24.171,24.205,1538,0
ASET.US,D,20200521,000000,24.06,24.06,24.023,24.023,209,0
ASET.US,D,20200526,000000,24.812,24.852,24.792,24.792,702,0
ASET.US,D,20200528,000000,25.114,25.114,25.114,25.114,198,0
ASET.US,D,20200529,000000,25.137,25.153,25.137,25.153,348,0
ASET.US,D,20200601,000000,25.32,25.543,25.32,25.543,414,0
ASET.US,D,20200602,000000,25.808,25.827,25.71,25.778,13959,0
ASET.US,D,20200604,000000,26.217,26.227,26.146,26.146,1757,0
ASET.US,D,20200605,000000,26.978,26.978,26.949,26.949,204,0
ASET.US,D,20200608,000000,26.996,27.202,26.889,27.202,5685,0
ASET.US,D,20200609,000000,26.812,26.899,26.763,26.842,3858,0
ASET.US,D,20200610,000000,26.578,26.578,26.578,26.578,204,0
ASET.US,D,20200612,000000,25.515,25.621,25.47,25.621,955,0
ASET.US,D,20200615,000000,25.808,25.808,25.606,25.714,2552,0
ASET.US,D,20200616,000000,26.197,26.197,25.941,25.941,627,0
ASET.US,D,20200617,000000,25.904,26.09,25.876,25.887,3956,0
ASET.US,D,20200618,000000,25.827,25.827,25.71,25.768,897,0
ASET.US,D,20200619,000000,25.876,25.876,25.593,25.593,2774,0
ASET.US,D,20200622,000000,25.544,25.611,25.525,25.603,2226,0
ASET.US,D,20200623,000000,25.661,25.7,25.611,25.611,1672,0
ASET.US,D,20200624,000000,25.339,25.339,24.978,25.01,2544,0
ASET.US,D,20200625,000000,24.978,24.978,24.881,24.91,5396,0
ASET.US,D,20200626,000000,24.881,24.881,24.852,24.852,173,0
ASET.US,D,20200629,000000,25.054,25.111,25.054,25.111,1128,0
ASET.US,D,20200630,000000,25.155,25.283,25.155,25.283,207,0
ASET.US,D,20200701,000000,25.498,25.586,25.498,25.557,771,0
ASET.US,D,20200702,000000,25.745,25.754,25.672,25.672,344,0
ASET.US,D,20200706,000000,26.058,26.058,25.843,25.855,832,0
ASET.US,D,20200707,000000,25.538,25.596,25.538,25.587,616,0
ASET.US,D,20200708,000000,25.558,25.598,25.449,25.598,229,0
ASET.US,D,20200709,000000,25.518,25.518,25.105,25.224,24479,0
ASET.US,D,20200710,000000,25.411,25.411,25.411,25.411,103,0
ASET.US,D,20200713,000000,25.508,25.577,25.284,25.284,37490,0
ASET.US,D,20200714,000000,25.204,25.605,25.204,25.605,4069,0
ASET.US,D,20200715,000000,25.813,25.862,25.685,25.808,14558,0
ASET.US,D,20200716,000000,25.73,25.765,25.605,25.759,6812,0
ASET.US,D,20200717,000000,25.939,25.991,25.93,25.991,1678,0
ASET.US,D,20200720,000000,25.891,25.891,25.852,25.852,849,0
ASET.US,D,20200721,000000,26.038,26.038,26.029,26.038,1029,0
ASET.US,D,20200722,000000,26.009,26.185,26.009,26.117,4358,0
ASET.US,D,20200723,000000,26.088,26.176,26.003,26.003,1145,0
ASET.US,D,20200724,000000,25.989,25.989,25.92,25.92,1091,0
ASET.US,D,20200727,000000,26.029,26.122,26.007,26.122,2913,0
ASET.US,D,20200728,000000,25.989,26.255,25.989,26.255,1754,0
ASET.US,D,20200729,000000,26.412,26.431,26.402,26.402,1026,0
ASET.US,D,20200730,000000,26.175,26.304,26.108,26.284,3903,0
ASET.US,D,20200731,000000,25.925,25.979,25.925,25.979,274,0
ASET.US,D,20200803,000000,25.979,26.215,25.979,26.215,309,0
ASET.US,D,20200804,000000,26.46,26.46,26.46,26.46,132,0
ASET.US,D,20200805,000000,26.765,26.765,26.765,26.765,102,0
ASET.US,D,20200806,000000,26.489,26.576,26.421,26.576,5897,0
ASET.US,D,20200807,000000,26.499,26.579,26.469,26.469,6462,0
ASET.US,D,20200810,000000,26.814,26.814,26.797,26.797,374,0
ASET.US,D,20200811,000000,26.608,26.627,26.608,26.627,282,0
ASET.US,D,20200812,000000,27.02,27.024,27.02,27.024,307,0
ASET.US,D,20200813,000000,26.962,27.01,26.814,26.814,886,0
ASET.US,D,20200814,000000,26.863,26.881,26.775,26.775,1523,0
ASET.US,D,20200817,000000,26.912,26.912,26.912,26.912,169,0
ASET.US,D,20200818,000000,26.952,26.962,26.922,26.922,1383,0
ASET.US,D,20200819,000000,26.775,26.804,26.629,26.629,1509,0
ASET.US,D,20200820,000000,26.746,26.755,26.706,26.71,2782,0
ASET.US,D,20200821,000000,26.549,26.599,26.549,26.588,781,0
ASET.US,D,20200824,000000,26.795,26.804,26.795,26.804,1363,0
ASET.US,D,20200826,000000,26.775,26.819,26.75,26.819,814,0
ASET.US,D,20200827,000000,26.824,26.824,26.795,26.795,635,0
ASET.US,D,20200828,000000,26.795,26.795,26.785,26.785,447,0
ASET.US,D,20200831,000000,26.853,26.853,26.727,26.853,2141,0
ASET.US,D,20200902,000000,26.99,27.213,26.971,27.213,1007,0
ASET.US,D,20200904,000000,26.629,26.629,26.629,26.629,194,0
ASET.US,D,20200908,000000,26.323,26.579,26.323,26.579,215,0
ASET.US,D,20200911,000000,26.613,26.613,26.589,26.589,359,0
ASET.US,D,20200914,000000,26.697,26.935,26.697,26.902,943,0
ASET.US,D,20200915,000000,27.109,27.109,27.099,27.099,420,0
ASET.US,D,20200917,000000,26.912,26.912,26.912,26.912,306,0
ASET.US,D,20200918,000000,26.559,26.584,26.559,26.584,247,0
ASET.US,D,20200921,000000,26.146,26.146,25.91,25.91,818,0
ASET.US,D,20200922,000000,26.136,26.212,26.136,26.177,227,0
ASET.US,D,20200923,000000,26.175,26.175,25.675,25.676,4309,0
ASET.US,D,20200924,000000,25.695,25.795,25.655,25.715,1543,0
ASET.US,D,20200925,000000,25.966,26.031,25.966,26.031,152,0
ASET.US,D,20200928,000000,26.328,26.397,26.269,26.338,5439,0
ASET.US,D,20200929,000000,26.318,26.319,26.159,26.159,1233,0
ASET.US,D,20200930,000000,26.179,26.179,26.179,26.179,163,0
ASET.US,D,20201001,000000,26.358,26.358,26.358,26.358,222,0
ASET.US,D,20201002,000000,26.426,26.632,26.426,26.632,598,0
ASET.US,D,20201005,000000,26.812,26.931,26.753,26.911,2217,0
ASET.US,D,20201006,000000,26.961,26.961,26.664,26.719,1372,0
ASET.US,D,20201007,000000,26.871,26.871,26.842,26.842,285,0
ASET.US,D,20201008,000000,27.148,27.148,27.119,27.119,202,0
ASET.US,D,20201009,000000,27.138,27.138,27.129,27.129,500,0
ASET.US,D,20201012,000000,27.345,27.354,27.248,27.354,3028,0
ASET.US,D,20201013,000000,27.112,27.112,27.059,27.099,1008,0
ASET.US,D,20201014,000000,26.999,27.033,26.994,26.994,502,0
ASET.US,D,20201015,000000,26.783,26.783,26.773,26.773,1280,0
ASET.US,D,20201016,000000,26.896,26.896,26.896,26.896,443,0
ASET.US,D,20201021,000000,26.678,26.678,26.505,26.585,3694,0
ASET.US,D,20201023,000000,26.634,26.723,26.634,26.723,203,0
ASET.US,D,20201029,000000,25.605,25.61,25.487,25.537,6728,0
ASET.US,D,20201102,000000,25.745,25.765,25.745,25.765,212,0
ASET.US,D,20201103,000000,26.259,26.269,26.229,26.269,5545,0
ASET.US,D,20201109,000000,27.702,27.702,27.553,27.553,204,0
ASET.US,D,20201110,000000,27.979,28.008,27.869,28.008,18208,0
ASET.US,D,20201111,000000,28.166,28.166,28.166,28.166,288,0
ASET.US,D,20201113,000000,28.004,28.147,28.004,28.147,373,0
ASET.US,D,20201120,000000,28.256,28.266,28.251,28.251,1351,0
ASET.US,D,20201123,000000,28.384,28.443,28.384,28.443,649,0
ASET.US,D,20201124,000000,28.898,28.913,28.898,28.912,384,0
ASET.US,D,20201127,000000,28.888,28.888,28.888,28.888,102,0
ASET.US,D,20201201,000000,28.779,28.779,28.73,28.73,486,0
ASET.US,D,20201204,000000,29.283,29.303,29.215,29.303,1216,0
ASET.US,D,20201207,000000,29.175,29.243,29.175,29.195,1099,0
ASET.US,D,20201208,000000,29.22,29.234,29.215,29.234,1836,0
ASET.US,D,20201209,000000,29.298,29.298,29.076,29.209,7137,0
ASET.US,D,20201210,000000,29.323,29.323,29.215,29.299,15452,0
ASET.US,D,20201214,000000,29.166,29.176,29.066,29.077,3312,0
ASET.US,D,20201215,000000,29.442,29.442,29.423,29.423,206,0
ASET.US,D,20201216,000000,29.401,29.402,29.323,29.402,1163,0
ASET.US,D,20201217,000000,29.605,29.605,29.605,29.605,274,0
ASET.US,D,20201218,000000,29.427,29.462,29.361,29.361,2093,0
ASET.US,D,20201221,000000,28.948,28.948,28.948,28.948,365,0
ASET.US,D,20201222,000000,28.849,28.849,28.829,28.839,2412,0
ASET.US,D,20201223,000000,29.106,29.106,29.106,29.106,287,0
ASET.US,D,20201224,000000,29.066,29.156,29.031,29.156,1852,0
ASET.US,D,20201228,000000,29.196,29.264,29.196,29.264,615,0
ASET.US,D,20201229,000000,29.364,29.364,29.304,29.304,1004,0
ASET.US,D,20201230,000000,29.404,29.424,29.384,29.384,581,0
ASET.US,D,20201231,000000,29.284,29.414,29.284,29.414,360,0
ASET.US,D,20210105,000000,29.454,29.663,29.434,29.663,752,0
ASET.US,D,20210106,000000,30.061,30.115,30.061,30.114,2045,0
ASET.US,D,20210107,000000,30.179,30.212,30.13,30.212,2028,0
ASET.US,D,20210108,000000,30.17,30.189,30.17,30.189,239,0
ASET.US,D,20210111,000000,30.031,30.051,30.031,30.031,505,0
ASET.US,D,20210112,000000,30.001,30.299,30.001,30.207,2743,0
ASET.US,D,20210113,000000,30.254,30.309,30.209,30.259,1368,0
ASET.US,D,20210114,000000,30.408,30.557,30.408,30.498,1177,0
ASET.US,D,20210115,000000,30.061,30.219,30.061,30.167,273,0
ASET.US,D,20210119,000000,30.224,30.309,30.224,30.309,2312,0
ASET.US,D,20210120,000000,30.418,30.557,30.418,30.557,291,0
ASET.US,D,20210121,000000,30.319,30.354,30.319,30.335,461,0
ASET.US,D,20210125,000000,30.011,30.164,30.011,30.164,270,0
ASET.US,D,20210126,000000,30.15,30.15,30.13,30.14,604,0
ASET.US,D,20210127,000000,29.603,29.693,29.314,29.384,1184,0
ASET.US,D,20210128,000000,29.857,29.857,29.776,29.776,323,0
ASET.US,D,20210129,000000,29.244,29.324,29.235,29.235,381,0
ASET.US,D,20210201,000000,29.622,29.622,29.605,29.605,152,0
ASET.US,D,20210202,000000,29.711,29.856,29.711,29.831,6016,0
ASET.US,D,20210203,000000,29.941,29.997,29.851,29.997,487,0
ASET.US,D,20210204,000000,30.001,30.011,29.991,30.011,647,0
ASET.US,D,20210205,000000,30.229,30.304,30.229,30.304,470,0
ASET.US,D,20210208,000000,30.508,30.548,30.508,30.544,1987,0
ASET.US,D,20210209,000000,30.507,30.608,30.507,30.608,937,0
ASET.US,D,20210210,000000,30.593,30.643,30.587,30.587,1106,0
ASET.US,D,20210211,000000,30.656,30.656,30.633,30.633,245,0
ASET.US,D,20210212,000000,30.706,30.746,30.706,30.746,201,0
ASET.US,D,20210216,000000,30.985,30.985,30.935,30.935,438,0
ASET.US,D,20210217,000000,30.715,30.866,30.715,30.85,4385,0
ASET.US,D,20210218,000000,30.647,30.696,30.647,30.696,2879,0
ASET.US,D,20210219,000000,30.766,30.825,30.766,30.777,1212,0
ASET.US,D,20210222,000000,30.816,30.955,30.816,30.916,1474,0
ASET.US,D,20210223,000000,30.876,31.095,30.876,31.059,1908,0
ASET.US,D,20210224,000000,31.214,31.283,31.214,31.283,632,0
ASET.US,D,20210225,000000,31.293,31.293,30.746,30.746,1325,0
ASET.US,D,20210226,000000,30.4,30.4,30.245,30.267,1614,0
ASET.US,D,20210301,000000,30.726,30.831,30.726,30.728,989,0
ASET.US,D,20210302,000000,30.666,30.776,30.656,30.722,1240,0
ASET.US,D,20210303,000000,30.706,30.706,30.686,30.686,1540,0
ASET.US,D,20210304,000000,30.736,30.736,30.199,30.352,2426,0
ASET.US,D,20210305,000000,30.437,30.85,30.437,30.85,5994,0
ASET.US,D,20210308,000000,30.956,30.956,30.918,30.918,115,0
ASET.US,D,20210309,000000,31.242,31.258,31.123,31.123,1503,0
ASET.US,D,20210310,000000,31.253,31.452,31.253,31.452,2578,0
ASET.US,D,20210311,000000,31.721,31.721,31.648,31.648,294,0
ASET.US,D,20210312,000000,31.76,31.805,31.751,31.805,1247,0
ASET.US,D,20210315,000000,31.7,31.899,31.7,31.899,1544,0
ASET.US,D,20210316,000000,31.801,31.89,31.801,31.836,2820,0
ASET.US,D,20210318,000000,31.641,31.661,31.611,31.611,834,0
ASET.US,D,20210319,000000,31.419,31.522,31.393,31.393,411,0
ASET.US,D,20210323,000000,31.302,31.363,31.085,31.095,2367,0
ASET.US,D,20210324,000000,31.253,31.293,31.077,31.077,3325,0
ASET.US,D,20210325,000000,30.965,31.243,30.835,31.214,1198,0
ASET.US,D,20210326,000000,31.403,31.703,31.403,31.703,2765,0
ASET.US,D,20210329,000000,31.554,31.783,31.554,31.753,8907,0
ASET.US,D,20210330,000000,31.524,31.534,31.454,31.515,752,0
ASET.US,D,20210406,000000,32.082,32.102,32.053,32.053,4301,0
ASET.US,D,20210407,000000,32.063,32.063,32.053,32.058,600,0
ASET.US,D,20210409,000000,31.963,32.053,31.963,32.049,263,0
ASET.US,D,20210412,000000,32.082,32.102,32.019,32.028,3078,0
ASET.US,D,20210413,000000,32.082,32.172,32.082,32.172,6402,0
ASET.US,D,20210414,000000,32.322,32.322,32.304,32.304,13072,0
ASET.US,D,20210415,000000,32.522,32.671,32.522,32.646,4349,0
ASET.US,D,20210416,000000,32.791,32.871,32.786,32.786,501,0
ASET.US,D,20210419,000000,32.641,32.715,32.641,32.715,651,0
ASET.US,D,20210420,000000,32.542,32.561,32.462,32.48,2886,0
ASET.US,D,20210421,000000,32.492,32.741,32.492,32.726,8216,0
ASET.US,D,20210422,000000,32.701,32.811,32.571,32.591,3353,0
ASET.US,D,20210423,000000,32.731,32.828,32.731,32.828,2416,0
ASET.US,D,20210426,000000,32.881,32.971,32.881,32.904,7336,0
ASET.US,D,20210427,000000,32.851,32.876,32.851,32.876,1032,0
ASET.US,D,20210428,000000,32.971,33.011,32.966,32.988,2382,0
ASET.US,D,20210429,000000,33.07,33.075,33.07,33.075,213,0
ASET.US,D,20210430,000000,32.851,32.861,32.831,32.831,484,0
ASET.US,D,20210503,000000,33.05,33.24,33.05,33.24,1255,0
ASET.US,D,20210504,000000,33.09,33.1,32.911,33.1,8104,0
ASET.US,D,20210505,000000,33.19,33.324,33.19,33.324,2746,0
ASET.US,D,20210506,000000,33.574,33.648,33.574,33.648,843,0
ASET.US,D,20210507,000000,34.118,34.118,34.092,34.092,1832,0
ASET.US,D,20210510,000000,34.378,34.378,34.094,34.094,438,0
ASET.US,D,20210511,000000,33.719,33.848,33.719,33.796,1503,0
ASET.US,D,20210512,000000,33.43,33.43,33.43,33.43,574,0
ASET.US,D,20210513,000000,33.09,33.35,33.09,33.3,3387,0
ASET.US,D,20210514,000000,33.654,33.769,33.654,33.739,6706,0
ASET.US,D,20210517,000000,33.7,33.829,33.688,33.784,5759,0
ASET.US,D,20210518,000000,33.769,33.819,33.679,33.694,2990,0
ASET.US,D,20210519,000000,33.2,33.2,33.041,33.06,1591,0
ASET.US,D,20210521,000000,33.46,33.519,33.446,33.446,5291,0
ASET.US,D,20210524,000000,33.574,33.629,33.574,33.629,2723,0
ASET.US,D,20210525,000000,33.639,33.639,33.46,33.485,13815,0
ASET.US,D,20210526,000000,33.589,33.589,33.545,33.545,279,0
ASET.US,D,20210528,000000,33.739,33.849,33.739,33.829,7326,0
ASET.US,D,20210601,000000,34.108,34.128,34.063,34.098,6673,0
ASET.US,D,20210602,000000,34.258,34.308,34.258,34.259,1026,0
ASET.US,D,20210603,000000,34.058,34.088,34.058,34.088,3338,0
ASET.US,D,20210604,000000,34.308,34.318,34.308,34.318,247,0
ASET.US,D,20210607,000000,34.326,34.338,34.326,34.338,537,0
ASET.US,D,20210608,000000,34.308,34.383,34.308,34.368,1608,0
ASET.US,D,20210609,000000,34.328,34.388,34.328,34.388,1764,0
ASET.US,D,20210610,000000,34.314,34.428,34.314,34.368,2673,0
ASET.US,D,20210611,000000,34.298,34.342,34.298,34.342,556,0
ASET.US,D,20210614,000000,34.248,34.336,34.248,34.336,1143,0
ASET.US,D,20210615,000000,34.208,34.328,34.208,34.278,2373,0
ASET.US,D,20210616,000000,34.268,34.268,33.919,34.038,1242,0
ASET.US,D,20210617,000000,33.719,33.719,33.509,33.509,3484,0
ASET.US,D,20210618,000000,33.1,33.1,32.881,32.881,305724,0
ASET.US,D,20210621,000000,33.06,33.385,33.05,33.385,154986,0
ASET.US,D,20210622,000000,33.35,33.44,33.25,33.4,3557,0
ASET.US,D,20210623,000000,33.499,33.539,33.26,33.26,154801,0
ASET.US,D,20210624,000000,33.41,33.4321,33.34,33.4321,4959,0
ASET.US,D,20210625,000000,33.52,33.53,33.5,33.53,2850,0
ASET.US,D,20210628,000000,33.43,33.45,33.2641,33.34,8194,0
ASET.US,D,20210629,000000,33.335,33.335,33.259,33.2846,1079,0
ASET.US,D,20210630,000000,33.13,33.2139,33.13,33.2139,413,0
ASET.US,D,20210701,000000,33.4,33.42,33.38,33.3909,4061,0
ASET.US,D,20210702,000000,33.4,33.4,33.4,33.4,250,0
ASET.US,D,20210706,000000,33.22,33.3782,33.22,33.3782,2468,0
ASET.US,D,20210707,000000,33.439,33.499,33.439,33.499,612,0
ASET.US,D,20210709,000000,33.55,33.7,33.55,33.6699,3338,0
ASET.US,D,20210712,000000,33.72,33.79,33.67,33.7051,4008,0
ASET.US,D,20210713,000000,33.544,33.569,33.544,33.56,881,0
ASET.US,D,20210716,000000,33.18,33.18,33.0153,33.0153,220,0
ASET.US,D,20210719,000000,32.37,32.4,32.24,32.24,1239,0
ASET.US,D,20210720,000000,32.66,32.66,32.64,32.6436,1175,0
ASET.US,D,20210722,000000,32.879,32.96,32.865,32.96,2511,0
ASET.US,D,20210723,000000,33.07,33.07,33.015,33.06,1440,0
ASET.US,D,20210726,000000,33.22,33.2515,33.22,33.2515,2401,0
ASET.US,D,20210727,000000,33.12,33.14,33.08,33.14,2500,0
ASET.US,D,20210728,000000,33.21,33.28,33.18,33.28,3397,0
ASET.US,D,20210729,000000,33.62,33.62,33.56,33.56,1927,0
ASET.US,D,20210730,000000,33.32,33.349,33.2929,33.2929,1366,0
ASET.US,D,20210802,000000,33.32,33.32,33.25,33.25,2022,0
ASET.US,D,20210804,000000,33.29,33.2901,33.2894,33.2894,244,0
ASET.US,D,20210805,000000,33.3501,33.37,33.3122,33.3122,597,0
ASET.US,D,20210806,000000,33.3061,33.34,33.3061,33.3129,2014,0
ASET.US,D,20210809,000000,33.25,33.25,33.08,33.24,1611,0
ASET.US,D,20210810,000000,33.37,33.385,33.37,33.37,676,0
ASET.US,D,20210811,000000,33.59,33.595,33.58,33.59,1775,0
ASET.US,D,20210812,000000,33.47,33.54,33.47,33.54,286,0
ASET.US,D,20210813,000000,33.5903,33.665,33.5903,33.6501,527,0
ASET.US,D,20210816,000000,33.51,33.5315,33.51,33.5315,802,0
ASET.US,D,20210818,000000,33.23,33.23,33,33,414,0
ASET.US,D,20210819,000000,32.66,32.72,32.58,32.58,948,0
ASET.US,D,20210820,000000,32.83,32.8494,32.83,32.8494,456,0
ASET.US,D,20210823,000000,33.09,33.09,33.075,33.075,165,0
ASET.US,D,20210824,000000,33.235,33.235,33.2053,33.2053,536,0
ASET.US,D,20210825,000000,33.299,33.34,33.2596,33.2596,942,0
ASET.US,D,20210826,000000,33.11,33.14,33.04,33.0407,704,0
ASET.US,D,20210827,000000,33.225,33.495,33.225,33.4816,916,0
ASET.US,D,20210830,000000,33.55,33.555,33.515,33.515,547,0
ASET.US,D,20210901,000000,33.59,33.59,33.59,33.59,202,0
