<TICKER>,<PER>,<DATE>,<TIME>,<OPEN>,<HIGH>,<LOW>,<CLOSE>,<VOL>,<OPENINT>
BFIT.US,D,20160921,000000,15.426,15.426,15.426,15.426,517,0
BFIT.US,D,20160926,000000,15.406,15.406,15.262,15.262,670,0
BFIT.US,D,20160927,000000,15.484,15.484,15.484,15.484,113,0
BFIT.US,D,20161003,000000,15.338,15.338,15.338,15.338,172,0
BFIT.US,D,20161013,000000,14.81,14.81,14.81,14.81,155,0
BFIT.US,D,20161017,000000,14.845,14.845,14.845,14.845,516,0
BFIT.US,D,20161026,000000,14.695,14.695,14.695,14.695,103,0
BFIT.US,D,20161101,000000,14.689,14.689,14.507,14.507,416,0
BFIT.US,D,20161109,000000,14.116,14.116,14.116,14.116,696,0
BFIT.US,D,20161209,000000,14.615,14.615,14.615,14.615,200,0
BFIT.US,D,20161219,000000,14.367,14.367,14.367,14.367,1030,0
BFIT.US,D,20161227,000000,14.193,14.193,14.193,14.193,1083,0
BFIT.US,D,20161229,000000,14.127,14.127,14.127,14.127,218,0
BFIT.US,D,20161230,000000,14.177,14.177,14.177,14.177,170,0
BFIT.US,D,20170109,000000,14.432,14.432,14.432,14.432,126,0
BFIT.US,D,20170117,000000,14.579,14.655,14.579,14.655,204,0
BFIT.US,D,20170120,000000,14.627,14.627,14.627,14.627,174,0
BFIT.US,D,20170123,000000,14.56,14.56,14.481,14.521,2341,0
BFIT.US,D,20170125,000000,14.642,14.642,14.642,14.642,204,0
BFIT.US,D,20170127,000000,14.521,14.521,14.521,14.521,172,0
BFIT.US,D,20170130,000000,14.46,14.46,14.46,14.46,139,0
BFIT.US,D,20170206,000000,14.462,14.462,14.462,14.462,274,0
BFIT.US,D,20170214,000000,14.452,14.452,14.452,14.452,140,0
BFIT.US,D,20170215,000000,14.511,14.511,14.511,14.511,259,0
BFIT.US,D,20170221,000000,14.511,14.517,14.511,14.517,204,0
BFIT.US,D,20170314,000000,14.519,14.519,14.519,14.519,488,0
BFIT.US,D,20170321,000000,14.736,14.736,14.714,14.714,674,0
BFIT.US,D,20170327,000000,14.785,14.785,14.785,14.785,204,0
BFIT.US,D,20170330,000000,14.844,14.844,14.844,14.844,155,0
BFIT.US,D,20170420,000000,15.144,15.144,15.144,15.144,628,0
BFIT.US,D,20170426,000000,15.253,15.253,15.21,15.21,350,0
BFIT.US,D,20170503,000000,15.124,15.124,15.116,15.116,2126,0
BFIT.US,D,20170504,000000,15.16,15.16,15.16,15.16,304,0
BFIT.US,D,20170505,000000,15.327,15.327,15.327,15.327,445,0
BFIT.US,D,20170508,000000,15.32,15.32,15.253,15.253,458,0
BFIT.US,D,20170509,000000,15.388,15.388,15.388,15.388,375,0
BFIT.US,D,20170510,000000,15.398,15.398,15.398,15.398,279,0
BFIT.US,D,20170512,000000,15.263,15.263,15.24,15.263,606,0
BFIT.US,D,20170515,000000,15.329,15.339,15.267,15.283,2810,0
BFIT.US,D,20170518,000000,15.047,15.047,15.047,15.047,429,0
BFIT.US,D,20170519,000000,15.096,15.096,15.057,15.057,412,0
BFIT.US,D,20170526,000000,15.16,15.16,15.16,15.16,140,0
BFIT.US,D,20170530,000000,15.193,15.193,15.193,15.193,107,0
BFIT.US,D,20170531,000000,15.18,15.18,15.18,15.18,513,0
BFIT.US,D,20170605,000000,15.425,15.425,15.425,15.425,188,0
BFIT.US,D,20170607,000000,15.339,15.349,15.318,15.349,1247,0
BFIT.US,D,20170612,000000,15.457,15.457,15.457,15.457,584,0
BFIT.US,D,20170613,000000,15.515,15.515,15.515,15.515,1020,0
BFIT.US,D,20170622,000000,15.495,15.495,15.495,15.495,107,0
BFIT.US,D,20170623,000000,15.457,15.525,15.44,15.524,777,0
BFIT.US,D,20170629,000000,15.476,15.476,15.476,15.476,614,0
BFIT.US,D,20170630,000000,15.73,15.73,15.73,15.73,127,0
BFIT.US,D,20170705,000000,15.681,15.681,15.681,15.681,513,0
BFIT.US,D,20170711,000000,15.476,15.476,15.476,15.476,585,0
BFIT.US,D,20170717,000000,15.71,15.71,15.686,15.71,3556,0
BFIT.US,D,20170718,000000,15.525,15.525,15.525,15.525,559,0
BFIT.US,D,20170724,000000,15.74,15.759,15.74,15.759,5567,0
BFIT.US,D,20170726,000000,15.622,15.622,15.604,15.604,343,0
BFIT.US,D,20170727,000000,15.73,15.73,15.73,15.73,102,0
BFIT.US,D,20170731,000000,15.75,15.75,15.75,15.75,574,0
BFIT.US,D,20170809,000000,15.895,15.895,15.895,15.895,102,0
BFIT.US,D,20170814,000000,15.867,15.867,15.867,15.867,204,0
BFIT.US,D,20170815,000000,16.014,16.014,15.845,15.845,452,0
BFIT.US,D,20170817,000000,15.788,15.788,15.74,15.74,819,0
BFIT.US,D,20170818,000000,15.486,15.486,15.486,15.486,154,0
BFIT.US,D,20170822,000000,15.535,15.535,15.525,15.535,2523,0
BFIT.US,D,20170823,000000,15.408,15.515,15.408,15.515,400,0
BFIT.US,D,20170824,000000,15.535,15.545,15.519,15.545,1694,0
BFIT.US,D,20170828,000000,15.456,15.457,15.456,15.457,308,0
BFIT.US,D,20170829,000000,15.289,15.297,15.289,15.297,405,0
BFIT.US,D,20170831,000000,15.525,15.525,15.525,15.525,166,0
BFIT.US,D,20170906,000000,15.505,15.515,15.505,15.515,1201,0
BFIT.US,D,20170907,000000,15.604,15.604,15.555,15.556,2666,0
BFIT.US,D,20170912,000000,15.681,15.788,15.681,15.788,265,0
BFIT.US,D,20170915,000000,15.857,15.857,15.857,15.857,204,0
BFIT.US,D,20170918,000000,15.914,15.914,15.778,15.778,289,0
BFIT.US,D,20170921,000000,15.7,15.7,15.7,15.7,2113,0
BFIT.US,D,20170925,000000,15.613,15.613,15.505,15.505,477,0
BFIT.US,D,20170926,000000,15.622,15.622,15.622,15.622,307,0
BFIT.US,D,20170927,000000,15.7,15.7,15.7,15.7,358,0
BFIT.US,D,20170929,000000,15.651,15.651,15.651,15.651,102,0
BFIT.US,D,20171002,000000,15.69,15.69,15.584,15.584,774,0
BFIT.US,D,20171011,000000,15.857,15.857,15.857,15.857,122,0
BFIT.US,D,20171013,000000,15.837,15.837,15.837,15.837,169,0
BFIT.US,D,20171019,000000,15.7,15.7,15.7,15.7,162,0
BFIT.US,D,20171025,000000,15.826,15.826,15.826,15.826,353,0
BFIT.US,D,20171031,000000,15.867,15.924,15.867,15.924,7146,0
BFIT.US,D,20171107,000000,15.588,15.588,15.588,15.588,261,0
BFIT.US,D,20171113,000000,15.555,15.555,15.555,15.555,687,0
BFIT.US,D,20171114,000000,15.649,15.649,15.649,15.649,1025,0
BFIT.US,D,20171120,000000,16.149,16.149,16.149,16.149,1050,0
BFIT.US,D,20171121,000000,16.227,16.227,16.2,16.2,726,0
BFIT.US,D,20171122,000000,16.227,16.227,16.227,16.227,308,0
BFIT.US,D,20171128,000000,16.276,16.276,16.276,16.276,393,0
BFIT.US,D,20171129,000000,16.403,16.403,16.403,16.403,697,0
BFIT.US,D,20171204,000000,16.253,16.253,16.253,16.253,257,0
BFIT.US,D,20171205,000000,16.201,16.266,16.201,16.266,1333,0
BFIT.US,D,20171208,000000,16.549,16.549,16.548,16.548,356,0
BFIT.US,D,20171218,000000,16.521,16.521,16.521,16.521,1057,0
BFIT.US,D,20171219,000000,16.506,16.506,16.506,16.506,144,0
BFIT.US,D,20171221,000000,16.598,16.598,16.598,16.598,954,0
BFIT.US,D,20171229,000000,16.285,16.354,16.285,16.354,661,0
BFIT.US,D,20180103,000000,16.501,16.501,16.471,16.471,1434,0
BFIT.US,D,20180104,000000,16.501,16.501,16.359,16.422,948,0
BFIT.US,D,20180109,000000,16.383,16.426,16.383,16.426,517,0
BFIT.US,D,20180110,000000,16.375,16.375,16.366,16.366,776,0
BFIT.US,D,20180111,000000,16.457,16.457,16.457,16.457,493,0
BFIT.US,D,20180112,000000,16.501,16.501,16.501,16.501,102,0
BFIT.US,D,20180122,000000,16.893,17.11,16.893,17.11,4235,0
BFIT.US,D,20180123,000000,17.148,17.148,17.148,17.148,233,0
BFIT.US,D,20180124,000000,17.266,17.266,17.186,17.186,793,0
BFIT.US,D,20180125,000000,17.374,17.374,17.28,17.28,1849,0
BFIT.US,D,20180126,000000,17.289,17.289,17.237,17.237,212,0
BFIT.US,D,20180129,000000,17.285,17.285,17.285,17.285,729,0
BFIT.US,D,20180130,000000,17.153,17.173,17.153,17.173,404,0
BFIT.US,D,20180131,000000,17.177,17.177,17.177,17.177,979,0
BFIT.US,D,20180205,000000,16.686,16.706,16.368,16.368,1250,0
BFIT.US,D,20180206,000000,16.325,16.325,16.325,16.325,4,0
BFIT.US,D,20180208,000000,16.323,16.323,16.323,16.323,207,0
BFIT.US,D,20180209,000000,15.99,16.193,15.99,16.193,974,0
BFIT.US,D,20180215,000000,16.686,16.834,16.686,16.726,1441,0
BFIT.US,D,20180216,000000,16.893,16.893,16.864,16.864,387,0
BFIT.US,D,20180220,000000,16.725,16.725,16.725,16.725,122,0
BFIT.US,D,20180223,000000,16.721,16.824,16.721,16.824,391,0
BFIT.US,D,20180226,000000,17.002,17.002,17.002,17.002,153,0
BFIT.US,D,20180301,000000,16.666,16.666,16.386,16.386,1152,0
BFIT.US,D,20180302,000000,16.255,16.255,16.255,16.255,121,0
BFIT.US,D,20180308,000000,16.933,16.933,16.933,16.933,172,0
BFIT.US,D,20180315,000000,17.256,17.256,17.256,17.256,129,0
BFIT.US,D,20180316,000000,17.249,17.249,17.249,17.249,103,0
BFIT.US,D,20180322,000000,17.147,17.147,17.147,17.147,745,0
BFIT.US,D,20180326,000000,16.983,17.08,16.814,17.08,2018,0
BFIT.US,D,20180402,000000,16.982,16.982,16.982,16.982,169,0
BFIT.US,D,20180403,000000,17.177,17.177,17.16,17.16,1821,0
BFIT.US,D,20180404,000000,17.369,17.369,17.369,17.369,643,0
BFIT.US,D,20180405,000000,17.384,17.384,17.384,17.384,283,0
BFIT.US,D,20180406,000000,17.59,17.59,17.454,17.499,3287,0
BFIT.US,D,20180409,000000,17.45,17.45,17.433,17.433,330,0
BFIT.US,D,20180410,000000,17.473,17.473,17.473,17.473,103,0
BFIT.US,D,20180411,000000,17.492,17.492,17.492,17.492,298,0
BFIT.US,D,20180412,000000,17.64,17.659,17.64,17.659,1558,0
BFIT.US,D,20180413,000000,17.57,17.57,17.483,17.483,1732,0
BFIT.US,D,20180418,000000,17.61,17.62,17.61,17.62,1930,0
BFIT.US,D,20180419,000000,17.522,17.522,17.522,17.522,599,0
BFIT.US,D,20180420,000000,17.492,17.492,17.492,17.492,580,0
BFIT.US,D,20180423,000000,17.305,17.427,17.305,17.394,1893,0
BFIT.US,D,20180424,000000,17.345,17.345,17.345,17.345,592,0
BFIT.US,D,20180425,000000,17.295,17.355,17.295,17.355,400,0
BFIT.US,D,20180426,000000,17.454,17.473,17.454,17.473,1399,0
BFIT.US,D,20180430,000000,17.619,17.619,17.502,17.502,525,0
BFIT.US,D,20180501,000000,17.438,17.438,17.438,17.438,606,0
BFIT.US,D,20180504,000000,17.502,17.502,17.476,17.502,5915,0
BFIT.US,D,20180508,000000,17.541,17.555,17.541,17.541,4891,0
BFIT.US,D,20180509,000000,17.6,17.6,17.502,17.502,558,0
BFIT.US,D,20180511,000000,17.679,17.679,17.669,17.669,1639,0
BFIT.US,D,20180514,000000,17.776,17.776,17.776,17.776,267,0
BFIT.US,D,20180515,000000,17.728,17.728,17.647,17.647,920,0
BFIT.US,D,20180516,000000,17.758,17.758,17.758,17.758,1542,0
BFIT.US,D,20180518,000000,17.796,17.796,17.796,17.796,109,0
BFIT.US,D,20180521,000000,17.972,17.972,17.914,17.914,460,0
BFIT.US,D,20180522,000000,17.962,17.962,17.909,17.909,482,0
BFIT.US,D,20180524,000000,17.905,17.905,17.905,17.905,758,0
BFIT.US,D,20180531,000000,18.12,18.189,18.099,18.099,2620,0
BFIT.US,D,20180604,000000,18.494,18.494,18.494,18.494,3411,0
BFIT.US,D,20180605,000000,18.592,18.634,18.592,18.634,1782,0
BFIT.US,D,20180606,000000,18.787,18.787,18.7,18.754,3283,0
BFIT.US,D,20180607,000000,18.629,18.629,18.602,18.602,961,0
BFIT.US,D,20180608,000000,18.632,18.632,18.632,18.632,224,0
BFIT.US,D,20180612,000000,18.848,18.914,18.848,18.895,1953,0
BFIT.US,D,20180613,000000,18.944,18.944,18.885,18.924,2038,0
BFIT.US,D,20180614,000000,18.808,18.924,18.808,18.924,1068,0
BFIT.US,D,20180615,000000,18.817,18.817,18.78,18.803,2662,0
BFIT.US,D,20180618,000000,18.725,18.725,17.905,18.69,1697,0
BFIT.US,D,20180619,000000,18.424,18.424,18.405,18.424,1334,0
BFIT.US,D,20180620,000000,18.725,18.725,18.69,18.69,2620,0
BFIT.US,D,20180621,000000,18.67,18.709,18.652,18.652,418,0
BFIT.US,D,20180622,000000,18.846,18.846,18.69,18.69,755,0
BFIT.US,D,20180625,000000,18.632,18.632,18.632,18.632,166,0
BFIT.US,D,20180626,000000,18.414,18.509,18.414,18.509,1824,0
BFIT.US,D,20180628,000000,18.355,18.355,18.292,18.355,2053,0
BFIT.US,D,20180629,000000,18.573,18.573,18.573,18.573,1585,0
BFIT.US,D,20180703,000000,18.464,18.464,18.464,18.464,191,0
BFIT.US,D,20180705,000000,18.434,18.434,18.434,18.434,413,0
BFIT.US,D,20180706,000000,18.545,18.566,18.545,18.566,862,0
BFIT.US,D,20180709,000000,18.612,18.612,18.571,18.609,1483,0
BFIT.US,D,20180710,000000,18.642,18.642,18.572,18.572,2824,0
BFIT.US,D,20180711,000000,18.474,18.474,18.374,18.374,203,0
BFIT.US,D,20180712,000000,18.365,18.365,18.365,18.365,301,0
BFIT.US,D,20180713,000000,18.566,18.566,18.566,18.566,203,0
BFIT.US,D,20180716,000000,18.484,18.592,18.484,18.503,2654,0
BFIT.US,D,20180717,000000,18.642,18.642,18.567,18.61,547,0
BFIT.US,D,20180718,000000,18.652,18.652,18.602,18.602,1186,0
BFIT.US,D,20180719,000000,18.532,18.532,18.532,18.532,326,0
BFIT.US,D,20180723,000000,18.503,18.661,18.503,18.661,1451,0
BFIT.US,D,20180724,000000,18.572,18.622,18.503,18.622,1925,0
BFIT.US,D,20180725,000000,18.652,18.694,18.652,18.694,436,0
BFIT.US,D,20180726,000000,18.734,18.734,18.7,18.7,412,0
BFIT.US,D,20180727,000000,18.446,18.446,18.446,18.446,112,0
BFIT.US,D,20180730,000000,18.267,18.267,18.267,18.267,305,0
BFIT.US,D,20180731,000000,18.259,18.259,18.196,18.196,365,0
BFIT.US,D,20180802,000000,18.259,18.395,18.249,18.336,951,0
BFIT.US,D,20180803,000000,18.454,18.836,18.454,18.817,1510,0
BFIT.US,D,20180806,000000,18.581,18.675,18.581,18.648,543,0
BFIT.US,D,20180807,000000,18.571,18.591,18.571,18.581,604,0
BFIT.US,D,20180808,000000,18.671,18.671,18.671,18.671,510,0
BFIT.US,D,20180809,000000,18.671,18.934,18.671,18.934,1734,0
BFIT.US,D,20180810,000000,18.944,18.954,18.934,18.934,1263,0
BFIT.US,D,20180813,000000,18.836,18.836,18.678,18.678,315,0
BFIT.US,D,20180814,000000,18.62,18.62,18.62,18.62,171,0
BFIT.US,D,20180816,000000,18.836,18.836,18.532,18.532,25901,0
BFIT.US,D,20180817,000000,18.692,18.692,18.692,18.692,282,0
BFIT.US,D,20180820,000000,18.836,18.836,18.836,18.836,118,0
BFIT.US,D,20180821,000000,18.934,18.944,18.934,18.944,452,0
BFIT.US,D,20180822,000000,18.954,19.161,18.954,19.161,818,0
BFIT.US,D,20180824,000000,19.152,19.152,19.152,19.152,206,0
BFIT.US,D,20180827,000000,19.29,19.29,19.207,19.209,1698,0
BFIT.US,D,20180828,000000,19.298,19.298,19.241,19.241,1074,0
BFIT.US,D,20180829,000000,19.388,19.388,19.388,19.388,811,0
BFIT.US,D,20180830,000000,19.318,19.334,19.28,19.28,2077,0
BFIT.US,D,20180831,000000,19.426,19.464,19.397,19.464,993,0
BFIT.US,D,20180904,000000,19.22,19.308,19.148,19.278,3338,0
BFIT.US,D,20180905,000000,18.895,19.074,18.798,18.798,1252,0
BFIT.US,D,20180906,000000,19.025,19.025,19.025,19.025,297,0
BFIT.US,D,20180907,000000,18.974,18.974,18.768,18.768,532,0
BFIT.US,D,20180910,000000,19.092,19.092,19.092,19.092,486,0
BFIT.US,D,20180911,000000,19.177,19.177,19.177,19.177,250,0
BFIT.US,D,20180912,000000,19.19,19.19,19.19,19.19,536,0
BFIT.US,D,20180913,000000,19.298,19.388,19.131,19.308,9311,0
BFIT.US,D,20180914,000000,19.258,19.268,19.258,19.259,820,0
BFIT.US,D,20180917,000000,19.288,19.288,19.258,19.258,574,0
BFIT.US,D,20180918,000000,19.288,19.338,19.081,19.289,2032,0
BFIT.US,D,20180919,000000,19.209,19.23,19.209,19.23,793,0
BFIT.US,D,20180920,000000,19.348,19.378,19.268,19.378,1453,0
BFIT.US,D,20180921,000000,19.436,19.436,19.111,19.111,1618,0
BFIT.US,D,20180924,000000,19.258,19.338,19.258,19.338,1533,0
BFIT.US,D,20180925,000000,19.483,19.493,19.436,19.436,3216,0
BFIT.US,D,20180926,000000,19.417,19.528,19.098,19.528,718,0
BFIT.US,D,20180927,000000,19.266,19.266,19.266,19.266,230,0
BFIT.US,D,20180928,000000,19.313,19.313,19.313,19.313,176,0
BFIT.US,D,20181001,000000,19.543,19.543,19.251,19.33,4340,0
BFIT.US,D,20181002,000000,19.378,19.378,19.142,19.142,4223,0
BFIT.US,D,20181004,000000,19.043,19.043,18.664,18.664,2539,0
BFIT.US,D,20181005,000000,18.797,18.797,18.5,18.622,5610,0
BFIT.US,D,20181008,000000,18.562,18.562,18.479,18.479,441,0
BFIT.US,D,20181009,000000,18.652,18.652,18.336,18.414,5639,0
BFIT.US,D,20181010,000000,18.336,18.341,17.886,17.896,47185,0
BFIT.US,D,20181011,000000,17.747,17.748,17.522,17.748,3097,0
BFIT.US,D,20181012,000000,18.15,18.15,17.89,17.918,928,0
BFIT.US,D,20181016,000000,18.065,18.065,18.065,18.065,256,0
BFIT.US,D,20181019,000000,18.129,18.129,17.954,17.954,870,0
BFIT.US,D,20181022,000000,17.912,17.912,17.912,17.912,108,0
BFIT.US,D,20181023,000000,17.596,17.728,17.443,17.728,1324,0
BFIT.US,D,20181024,000000,17.654,17.654,17.654,17.654,427,0
BFIT.US,D,20181025,000000,17.579,17.579,17.579,17.579,183,0
BFIT.US,D,20181029,000000,17.541,17.565,17.473,17.512,2066,0
BFIT.US,D,20181031,000000,17.856,17.856,17.856,17.856,101,0
BFIT.US,D,20181101,000000,18.142,18.142,18.142,18.142,311,0
BFIT.US,D,20181112,000000,18.209,18.267,18.101,18.101,360,0
BFIT.US,D,20181114,000000,18.365,18.479,18.338,18.479,1192,0
BFIT.US,D,20181116,000000,18.281,18.522,18.259,18.503,19492,0
BFIT.US,D,20181119,000000,18.111,18.111,18.111,18.111,248,0
BFIT.US,D,20181120,000000,17.71,17.826,17.612,17.612,951,0
BFIT.US,D,20181121,000000,18.041,18.121,17.973,18.011,743,0
BFIT.US,D,20181123,000000,18.061,18.14,18.061,18.14,2077,0
BFIT.US,D,20181126,000000,18.209,18.209,18.209,18.209,121,0
BFIT.US,D,20181127,000000,18.159,18.159,18.072,18.072,529,0
BFIT.US,D,20181128,000000,18.464,18.464,18.464,18.464,101,0
BFIT.US,D,20181130,000000,18.307,18.307,18.104,18.104,681,0
BFIT.US,D,20181204,000000,18.807,18.807,18.429,18.429,2801,0
BFIT.US,D,20181206,000000,18.209,18.277,17.953,18.277,888,0
BFIT.US,D,20181207,000000,18.081,18.081,17.992,17.992,15262,0
BFIT.US,D,20181210,000000,17.669,17.669,17.669,17.669,28625,0
BFIT.US,D,20181211,000000,17.806,17.806,17.806,17.806,164,0
BFIT.US,D,20181212,000000,18.041,18.041,17.752,17.752,521,0
BFIT.US,D,20181213,000000,17.587,17.587,17.587,17.587,255,0
BFIT.US,D,20181217,000000,17.285,17.32,17.177,17.276,1619,0
BFIT.US,D,20181218,000000,17.051,17.203,17.051,17.203,426,0
BFIT.US,D,20181220,000000,16.687,16.687,16.648,16.648,792,0
BFIT.US,D,20181221,000000,16.79,16.79,16.746,16.746,18751,0
BFIT.US,D,20181224,000000,16.854,16.854,16.499,16.499,55967,0
BFIT.US,D,20181226,000000,16.704,16.704,16.704,16.704,193,0
BFIT.US,D,20181227,000000,16.686,16.903,16.636,16.903,1709,0
BFIT.US,D,20181228,000000,17.416,17.416,16.973,17.387,1348,0
BFIT.US,D,20181231,000000,17.396,17.396,17.287,17.367,19073,0
BFIT.US,D,20190102,000000,17.231,17.231,17.231,17.231,686,0
BFIT.US,D,20190104,000000,17.436,17.576,17.436,17.455,673,0
BFIT.US,D,20190107,000000,17.634,17.91,17.634,17.91,1261,0
BFIT.US,D,20190108,000000,17.891,17.9,17.794,17.794,2189,0
BFIT.US,D,20190109,000000,17.978,18.256,17.978,18.256,308,0
BFIT.US,D,20190110,000000,17.712,18.008,17.712,18.008,2998,0
BFIT.US,D,20190111,000000,17.91,17.91,17.91,17.91,310,0
BFIT.US,D,20190116,000000,18.107,18.137,18.032,18.032,155092,0
BFIT.US,D,20190117,000000,18.037,18.324,18.037,18.324,1319,0
BFIT.US,D,20190122,000000,18.386,18.386,18.386,18.386,287,0
BFIT.US,D,20190123,000000,18.561,18.561,18.309,18.407,15236,0
BFIT.US,D,20190124,000000,18.432,18.432,18.283,18.283,762,0
BFIT.US,D,20190125,000000,18.447,18.447,18.447,18.447,357,0
BFIT.US,D,20190128,000000,18.511,18.511,18.51,18.51,614,0
BFIT.US,D,20190129,000000,18.561,18.591,18.561,18.591,420,0
BFIT.US,D,20190130,000000,18.641,18.768,18.462,18.685,5791,0
BFIT.US,D,20190131,000000,18.648,18.648,18.648,18.648,478,0
BFIT.US,D,20190201,000000,18.69,18.69,18.509,18.641,845,0
BFIT.US,D,20190204,000000,18.729,18.729,18.729,18.729,10137,0
BFIT.US,D,20190205,000000,18.945,19.024,18.923,18.923,2622,0
BFIT.US,D,20190206,000000,18.866,18.886,18.597,18.792,10725,0
BFIT.US,D,20190207,000000,18.393,18.611,18.304,18.611,4161,0
BFIT.US,D,20190208,000000,18.611,18.611,18.611,18.611,299,0
BFIT.US,D,20190211,000000,18.719,18.724,18.611,18.709,1412,0
BFIT.US,D,20190212,000000,18.641,18.945,18.641,18.945,29387,0
BFIT.US,D,20190213,000000,18.749,18.836,18.67,18.836,11015,0
BFIT.US,D,20190214,000000,18.791,18.935,18.791,18.925,935,0
BFIT.US,D,20190215,000000,18.964,18.964,18.67,18.753,2898,0
BFIT.US,D,20190220,000000,18.758,19.103,18.758,19.094,13123,0
BFIT.US,D,20190222,000000,18.915,18.915,18.915,18.915,132,0
BFIT.US,D,20190225,000000,18.778,18.778,18.778,18.778,533,0
BFIT.US,D,20190226,000000,18.94,19.079,18.94,19.079,1362,0
BFIT.US,D,20190227,000000,19.154,19.154,19.114,19.114,3240,0
BFIT.US,D,20190301,000000,19.234,19.234,19.234,19.234,269,0
BFIT.US,D,20190305,000000,19.39,19.439,19.341,19.429,1679,0
BFIT.US,D,20190306,000000,19.266,19.291,19.266,19.291,229,0
BFIT.US,D,20190307,000000,19.222,19.222,19.142,19.2,966,0
BFIT.US,D,20190311,000000,18.729,19.144,18.729,19.029,4883,0
BFIT.US,D,20190313,000000,19.024,19.232,19.024,19.232,2175,0
BFIT.US,D,20190314,000000,19.164,19.164,19.164,19.164,679,0
BFIT.US,D,20190315,000000,19.646,19.646,19.341,19.341,3459,0
BFIT.US,D,20190318,000000,19.461,19.461,19.461,19.461,145,0
BFIT.US,D,20190319,000000,19.39,19.656,19.39,19.656,1134,0
BFIT.US,D,20190321,000000,19.449,19.449,19.449,19.449,20347,0
BFIT.US,D,20190322,000000,18.896,18.896,18.896,18.896,404,0
BFIT.US,D,20190325,000000,19.154,19.154,19.044,19.084,32801,0
BFIT.US,D,20190326,000000,19.272,19.272,19.232,19.241,26007,0
BFIT.US,D,20190327,000000,19.044,19.141,19.044,19.141,202,0
BFIT.US,D,20190329,000000,19.32,19.349,19.32,19.349,253,0
BFIT.US,D,20190401,000000,19.646,19.646,19.537,19.537,2429,0
BFIT.US,D,20190402,000000,19.567,19.567,19.364,19.364,710,0
BFIT.US,D,20190403,000000,19.567,19.567,19.547,19.547,31333,0
BFIT.US,D,20190404,000000,19.459,19.547,19.459,19.547,30712,0
BFIT.US,D,20190405,000000,19.556,19.626,19.468,19.468,2473,0
BFIT.US,D,20190408,000000,19.685,19.685,19.447,19.447,675,0
BFIT.US,D,20190409,000000,19.537,19.55,19.213,19.281,9171,0
BFIT.US,D,20190410,000000,19.439,19.537,19.371,19.537,19104,0
BFIT.US,D,20190411,000000,19.54,19.547,19.54,19.547,704,0
BFIT.US,D,20190412,000000,19.773,19.773,19.704,19.704,1534,0
BFIT.US,D,20190415,000000,19.864,19.992,19.864,19.992,1283,0
BFIT.US,D,20190416,000000,20.08,20.08,19.844,20.061,207601,0
BFIT.US,D,20190417,000000,20.071,20.071,20.071,20.071,153,0
BFIT.US,D,20190418,000000,20.09,20.09,19.794,19.794,7161,0
BFIT.US,D,20190422,000000,19.744,19.744,19.597,19.715,17903,0
BFIT.US,D,20190423,000000,19.646,19.962,19.646,19.844,3432,0
BFIT.US,D,20190424,000000,19.943,20.031,19.849,20.031,1224,0
BFIT.US,D,20190425,000000,19.755,19.755,19.755,19.755,5646,0
BFIT.US,D,20190426,000000,19.867,20.12,19.849,19.852,3849,0
BFIT.US,D,20190429,000000,20.15,20.219,20.119,20.119,1230,0
BFIT.US,D,20190430,000000,20.209,20.209,19.97,19.97,1588,0
BFIT.US,D,20190502,000000,19.834,20.098,19.834,20.098,414,0
BFIT.US,D,20190503,000000,20.209,20.288,20.196,20.251,3213,0
BFIT.US,D,20190506,000000,19.902,20.001,19.902,20.001,647,0
BFIT.US,D,20190507,000000,19.804,19.886,19.627,19.886,2521,0
BFIT.US,D,20190509,000000,19.794,19.794,19.794,19.794,2849,0
BFIT.US,D,20190510,000000,19.558,19.835,19.558,19.835,607,0
BFIT.US,D,20190513,000000,19.646,19.646,19.213,19.313,767,0
BFIT.US,D,20190514,000000,19.449,19.449,19.364,19.364,1037,0
BFIT.US,D,20190515,000000,19.569,19.666,19.569,19.666,209,0
BFIT.US,D,20190516,000000,19.606,19.606,19.606,19.606,663,0
BFIT.US,D,20190517,000000,19.607,19.607,19.429,19.429,539,0
BFIT.US,D,20190520,000000,19.333,19.421,19.333,19.421,344,0
BFIT.US,D,20190521,000000,19.557,19.557,19.37,19.37,8642,0
BFIT.US,D,20190522,000000,19.497,19.497,19.408,19.408,328,0
BFIT.US,D,20190523,000000,19.41,19.41,19.215,19.215,1499,0
BFIT.US,D,20190524,000000,18.994,19.04,18.994,19.04,548,0
BFIT.US,D,20190529,000000,18.782,18.807,18.782,18.787,35229,0
BFIT.US,D,20190530,000000,18.806,18.806,18.806,18.806,671,0
BFIT.US,D,20190531,000000,18.581,18.581,18.581,18.581,106,0
BFIT.US,D,20190603,000000,18.462,18.696,18.462,18.511,4379,0
BFIT.US,D,20190604,000000,18.703,18.827,18.703,18.827,839,0
BFIT.US,D,20190606,000000,18.896,18.896,18.896,18.896,295,0
BFIT.US,D,20190607,000000,19.054,19.154,19.054,19.154,738,0
BFIT.US,D,20190610,000000,19.164,19.555,19.164,19.537,1474,0
BFIT.US,D,20190611,000000,19.273,19.346,19.273,19.341,5562,0
BFIT.US,D,20190614,000000,19.251,19.42,19.251,19.42,20981,0
BFIT.US,D,20190617,000000,19.617,19.646,19.617,19.622,3438,0
BFIT.US,D,20190618,000000,19.567,19.674,19.567,19.646,885,0
BFIT.US,D,20190619,000000,19.744,19.744,19.637,19.725,1113,0
BFIT.US,D,20190620,000000,19.744,19.744,19.642,19.715,1047,0
BFIT.US,D,20190621,000000,19.567,19.567,19.567,19.567,10675,0
BFIT.US,D,20190624,000000,19.705,19.705,19.439,19.439,1194,0
BFIT.US,D,20190625,000000,19.607,19.607,19.607,19.607,373,0
BFIT.US,D,20190627,000000,19.507,19.507,19.507,19.507,469,0
BFIT.US,D,20190628,000000,19.517,19.517,19.517,19.517,100,0
BFIT.US,D,20190701,000000,19.818,19.835,19.745,19.745,1040,0
BFIT.US,D,20190702,000000,19.805,19.805,19.725,19.725,18102,0
BFIT.US,D,20190705,000000,19.681,19.744,19.58,19.665,4336,0
BFIT.US,D,20190708,000000,19.597,19.745,19.597,19.745,93774,0
BFIT.US,D,20190709,000000,19.656,19.656,19.563,19.563,267,0
BFIT.US,D,20190710,000000,19.785,19.785,19.785,19.785,203,0
BFIT.US,D,20190711,000000,19.705,19.705,19.419,19.419,116157,0
BFIT.US,D,20190712,000000,19.58,19.58,19.58,19.58,135,0
BFIT.US,D,20190715,000000,19.567,19.567,19.477,19.517,938,0
BFIT.US,D,20190718,000000,19.33,19.567,19.292,19.567,41113,0
BFIT.US,D,20190719,000000,19.399,19.399,19.399,19.399,313,0
BFIT.US,D,20190722,000000,19.765,19.795,19.549,19.617,51727,0
BFIT.US,D,20190723,000000,19.745,19.745,19.448,19.448,468,0
BFIT.US,D,20190724,000000,19.62,19.62,19.62,19.62,189,0
BFIT.US,D,20190725,000000,19.755,19.755,19.552,19.552,336,0
BFIT.US,D,20190726,000000,19.497,19.75,19.497,19.75,6375,0
BFIT.US,D,20190729,000000,19.745,19.785,19.745,19.785,268,0
BFIT.US,D,20190730,000000,19.607,19.646,19.567,19.646,6377,0
BFIT.US,D,20190801,000000,19.607,19.607,19.26,19.418,2945,0
BFIT.US,D,20190802,000000,18.942,19.052,18.771,19.022,28402,0
BFIT.US,D,20190805,000000,18.893,18.893,18.589,18.589,3062,0
BFIT.US,D,20190806,000000,18.942,18.942,18.829,18.829,722,0
BFIT.US,D,20190808,000000,19.025,19.025,19.025,19.025,1072,0
BFIT.US,D,20190809,000000,19.07,19.07,19.07,19.07,261,0
BFIT.US,D,20190812,000000,19.022,19.022,19.022,19.022,264,0
BFIT.US,D,20190813,000000,19.046,19.046,19.046,19.046,151,0
BFIT.US,D,20190814,000000,18.627,18.627,18.627,18.627,470,0
BFIT.US,D,20190819,000000,18.725,18.992,18.725,18.909,9852,0
BFIT.US,D,20190820,000000,18.916,18.916,18.916,18.916,537,0
BFIT.US,D,20190822,000000,18.873,18.873,18.873,18.873,157,0
BFIT.US,D,20190823,000000,18.861,19.132,18.794,18.814,4838,0
BFIT.US,D,20190826,000000,18.972,18.982,18.972,18.982,290,0
BFIT.US,D,20190827,000000,19.023,19.023,19.023,19.023,201,0
BFIT.US,D,20190828,000000,18.799,18.824,18.715,18.824,7510,0
BFIT.US,D,20190830,000000,19.162,19.181,19.115,19.115,927,0
BFIT.US,D,20190903,000000,19.102,19.102,19.022,19.022,4810,0
BFIT.US,D,20190904,000000,18.992,19.072,18.992,19.032,31698,0
BFIT.US,D,20190905,000000,19.28,19.28,19.27,19.27,805,0
BFIT.US,D,20190906,000000,19.505,19.599,19.505,19.599,602,0
BFIT.US,D,20190909,000000,19.399,19.506,19.399,19.506,505,0
BFIT.US,D,20190911,000000,19.723,19.723,19.723,19.723,1020,0
BFIT.US,D,20190912,000000,19.815,20.07,19.815,19.893,1021,0
BFIT.US,D,20190913,000000,20.152,20.152,20.152,20.152,999,0
BFIT.US,D,20190917,000000,20.063,20.26,20.053,20.26,50571,0
BFIT.US,D,20190918,000000,20.172,20.172,19.963,20.033,14243,0
BFIT.US,D,20190920,000000,20.072,20.072,20.072,20.072,1500,0
BFIT.US,D,20190923,000000,19.934,19.934,19.934,19.934,211,0
BFIT.US,D,20190924,000000,19.815,19.973,19.815,19.895,31227,0
BFIT.US,D,20190925,000000,19.904,19.904,19.904,19.904,332,0
BFIT.US,D,20190930,000000,19.947,19.947,19.935,19.944,963,0
BFIT.US,D,20191002,000000,19.39,19.39,19.39,19.39,549,0
BFIT.US,D,20191004,000000,19.507,19.675,19.507,19.507,5495,0
BFIT.US,D,20191007,000000,19.597,19.963,19.597,19.885,38156,0
BFIT.US,D,20191008,000000,19.685,19.685,19.685,19.685,16540,0
BFIT.US,D,20191009,000000,19.607,19.76,19.607,19.76,36391,0
BFIT.US,D,20191010,000000,19.809,19.809,19.809,19.809,404,0
BFIT.US,D,20191011,000000,19.915,20.41,19.915,20.25,7968,0
BFIT.US,D,20191014,000000,20.173,20.36,20.053,20.28,11195,0
BFIT.US,D,20191017,000000,20.647,20.647,20.43,20.459,6787,0
BFIT.US,D,20191018,000000,20.35,20.375,20.227,20.375,2669,0
BFIT.US,D,20191021,000000,20.211,20.211,20.191,20.191,1548,0
BFIT.US,D,20191023,000000,20.32,20.32,20.212,20.212,363,0
BFIT.US,D,20191024,000000,20.006,20.006,20.006,20.006,180,0
BFIT.US,D,20191025,000000,20.082,20.092,19.883,19.973,4796,0
BFIT.US,D,20191028,000000,20.119,20.119,20.119,20.119,258,0
BFIT.US,D,20191029,000000,20.013,20.276,20.013,20.276,5176,0
BFIT.US,D,20191031,000000,20.355,20.355,20.355,20.355,651,0
BFIT.US,D,20191101,000000,20.613,20.617,20.403,20.403,2042,0
BFIT.US,D,20191104,000000,20.492,20.492,20.492,20.492,682,0
BFIT.US,D,20191105,000000,20.489,20.577,20.245,20.435,2801,0
BFIT.US,D,20191107,000000,20.704,20.704,20.537,20.696,40891,0
BFIT.US,D,20191108,000000,20.597,20.736,20.597,20.696,489,0
BFIT.US,D,20191112,000000,20.776,20.836,20.766,20.766,2422,0
BFIT.US,D,20191113,000000,20.736,20.736,20.736,20.736,3207,0
BFIT.US,D,20191114,000000,20.31,20.41,20.31,20.34,5454,0
BFIT.US,D,20191115,000000,20.546,20.766,20.543,20.766,1641,0
BFIT.US,D,20191118,000000,20.876,20.876,20.724,20.724,13239,0
BFIT.US,D,20191120,000000,20.906,20.945,20.856,20.866,2350,0
BFIT.US,D,20191121,000000,20.836,20.836,20.836,20.836,185,0
BFIT.US,D,20191122,000000,20.489,20.826,20.489,20.56,13276,0
BFIT.US,D,20191125,000000,21.073,21.073,20.901,20.901,117,0
BFIT.US,D,20191126,000000,21.132,21.132,21.053,21.053,1459,0
BFIT.US,D,20191127,000000,21.17,21.216,21.023,21.216,3338,0
BFIT.US,D,20191129,000000,21.129,21.129,21.043,21.043,617,0
BFIT.US,D,20191202,000000,21.063,21.063,20.901,20.901,7379,0
BFIT.US,D,20191203,000000,20.711,20.851,20.711,20.851,271,0
BFIT.US,D,20191204,000000,21.089,21.089,20.964,21.033,3400,0
BFIT.US,D,20191205,000000,21.211,21.291,21.162,21.162,995,0
BFIT.US,D,20191206,000000,21.45,21.45,21.266,21.266,769,0
BFIT.US,D,20191209,000000,21.281,21.375,21.261,21.291,7420,0
BFIT.US,D,20191210,000000,21.192,21.192,20.846,21.152,322601,0
BFIT.US,D,20191211,000000,21.043,21.043,20.716,20.941,1421,0
BFIT.US,D,20191212,000000,20.914,20.914,20.906,20.906,561,0
BFIT.US,D,20191213,000000,20.736,20.936,20.736,20.936,441,0
BFIT.US,D,20191217,000000,21.023,21.132,21.023,21.132,1170,0
BFIT.US,D,20191218,000000,21.398,21.398,21.398,21.398,108,0
BFIT.US,D,20191219,000000,21.579,21.579,21.579,21.579,157,0
BFIT.US,D,20191220,000000,21.678,21.688,21.489,21.489,899,0
BFIT.US,D,20191223,000000,21.555,21.815,21.555,21.648,731,0
BFIT.US,D,20191224,000000,21.805,21.805,21.599,21.619,2369,0
BFIT.US,D,20191226,000000,21.683,21.715,21.6,21.6,335,0
BFIT.US,D,20191227,000000,21.688,21.688,21.589,21.589,636,0
BFIT.US,D,20191230,000000,21.558,21.558,21.518,21.518,226,0
BFIT.US,D,20191231,000000,21.565,21.737,21.565,21.621,3162,0
BFIT.US,D,20200102,000000,21.43,21.575,21.43,21.575,17664,0
BFIT.US,D,20200103,000000,21.37,21.464,21.37,21.464,979,0
BFIT.US,D,20200106,000000,21.539,21.579,21.45,21.579,6714,0
BFIT.US,D,20200107,000000,21.522,21.619,21.522,21.619,673,0
BFIT.US,D,20200108,000000,21.565,21.766,21.565,21.656,1687,0
BFIT.US,D,20200109,000000,21.821,21.896,21.796,21.796,938,0
BFIT.US,D,20200110,000000,21.956,21.956,21.605,21.688,11012,0
BFIT.US,D,20200113,000000,21.519,21.856,21.519,21.747,10556,0
BFIT.US,D,20200114,000000,22.045,22.065,21.796,21.906,275996,0
BFIT.US,D,20200115,000000,21.994,22.085,21.891,21.891,4290,0
BFIT.US,D,20200116,000000,22.065,22.175,21.97,22.14,6781,0
BFIT.US,D,20200117,000000,22.223,22.243,21.896,22.243,2868,0
BFIT.US,D,20200121,000000,22.055,22.065,21.698,21.698,10670,0
BFIT.US,D,20200122,000000,21.975,21.975,21.888,21.888,1369,0
BFIT.US,D,20200123,000000,21.678,21.688,21.517,21.629,3133,0
BFIT.US,D,20200124,000000,21.43,21.43,21.22,21.36,1826,0
BFIT.US,D,20200127,000000,20.894,21.031,20.685,20.92,6756,0
BFIT.US,D,20200128,000000,20.963,21.052,20.764,21.002,2210,0
BFIT.US,D,20200130,000000,20.634,20.672,20.605,20.672,2121,0
BFIT.US,D,20200131,000000,20.652,20.652,20.371,20.371,2845,0
BFIT.US,D,20200203,000000,20.31,20.458,20.31,20.422,135777,0
BFIT.US,D,20200204,000000,20.794,20.924,20.735,20.854,18416,0
BFIT.US,D,20200205,000000,20.894,20.935,20.834,20.909,50117,0
BFIT.US,D,20200206,000000,20.864,20.872,20.857,20.859,1641,0
BFIT.US,D,20200207,000000,20.824,20.824,20.496,20.546,7830,0
BFIT.US,D,20200210,000000,20.595,20.605,20.565,20.605,844,0
BFIT.US,D,20200211,000000,20.804,20.804,20.565,20.623,23970,0
BFIT.US,D,20200212,000000,20.754,20.829,20.754,20.829,1393,0
BFIT.US,D,20200213,000000,20.675,20.722,20.665,20.665,23468,0
BFIT.US,D,20200214,000000,20.742,20.798,20.734,20.734,5069,0
BFIT.US,D,20200218,000000,20.704,20.704,20.545,20.625,63582,0
BFIT.US,D,20200219,000000,20.754,20.894,20.754,20.779,3869,0
BFIT.US,D,20200220,000000,20.584,20.704,20.584,20.704,125,0
BFIT.US,D,20200221,000000,20.565,20.595,20.521,20.521,2341,0
BFIT.US,D,20200224,000000,19.771,19.92,19.741,19.806,1359,0
BFIT.US,D,20200225,000000,19.93,19.93,19.366,19.366,580,0
BFIT.US,D,20200226,000000,19.472,19.612,19.126,19.131,1990,0
BFIT.US,D,20200227,000000,18.788,19.086,18.6,18.61,2093,0
BFIT.US,D,20200228,000000,18.222,18.414,18.212,18.414,1131,0
BFIT.US,D,20200302,000000,18.45,18.887,18.371,18.877,163560,0
BFIT.US,D,20200303,000000,18.682,18.689,18.311,18.49,1538,0
BFIT.US,D,20200304,000000,18.65,18.872,18.65,18.872,1111,0
BFIT.US,D,20200305,000000,18.708,18.708,18.46,18.46,701,0
BFIT.US,D,20200306,000000,18.033,18.301,18.033,18.222,2227,0
BFIT.US,D,20200309,000000,17.108,17.637,17.108,17.328,4857,0
BFIT.US,D,20200310,000000,17.59,17.703,17.298,17.703,4391,0
BFIT.US,D,20200311,000000,16.909,16.909,16.603,16.692,1887,0
BFIT.US,D,20200312,000000,15.709,15.709,14.588,15.123,3125,0
BFIT.US,D,20200313,000000,15.248,15.475,15.094,15.475,2571,0
BFIT.US,D,20200316,000000,12.929,14.453,12.929,13.634,18446,0
BFIT.US,D,20200317,000000,13.644,14.15,13.644,14.058,5362,0
BFIT.US,D,20200318,000000,13.515,13.515,12.8,12.8,3929,0
BFIT.US,D,20200319,000000,13.415,13.781,13.118,13.706,1608,0
BFIT.US,D,20200320,000000,14.052,14.052,13.773,13.773,2230,0
BFIT.US,D,20200323,000000,13.535,13.614,12.77,13.347,34083,0
BFIT.US,D,20200324,000000,14.22,14.477,13.785,14.353,9123,0
BFIT.US,D,20200325,000000,14.827,15.448,14.827,15.233,8538,0
BFIT.US,D,20200326,000000,15.809,15.859,15.799,15.799,584,0
BFIT.US,D,20200327,000000,15.397,15.402,15.397,15.402,1428,0
BFIT.US,D,20200330,000000,15.659,15.759,15.461,15.686,11368,0
BFIT.US,D,20200331,000000,15.699,15.739,15.543,15.566,3237,0
BFIT.US,D,20200401,000000,15.013,15.013,14.796,14.796,4496,0
BFIT.US,D,20200402,000000,14.758,14.866,14.697,14.866,8633,0
BFIT.US,D,20200403,000000,14.677,14.677,14.483,14.483,1359,0
BFIT.US,D,20200406,000000,15.143,15.412,15.074,15.369,52248,0
BFIT.US,D,20200407,000000,16.052,16.052,16.052,16.052,1851,0
BFIT.US,D,20200408,000000,15.739,15.841,15.739,15.841,820,0
BFIT.US,D,20200409,000000,16.256,16.542,16.256,16.542,1474,0
BFIT.US,D,20200413,000000,16.504,16.504,16.276,16.34,2487,0
BFIT.US,D,20200415,000000,16.266,16.34,16.266,16.34,2918,0
BFIT.US,D,20200416,000000,16.484,16.632,16.067,16.534,25060,0
BFIT.US,D,20200417,000000,16.802,17.022,16.802,17.022,1011,0
BFIT.US,D,20200420,000000,17.081,17.091,17.021,17.086,9667,0
BFIT.US,D,20200422,000000,16.771,16.772,16.719,16.719,1295,0
BFIT.US,D,20200423,000000,16.882,16.882,16.773,16.773,141,0
BFIT.US,D,20200424,000000,16.931,17.091,16.832,17.041,19255,0
BFIT.US,D,20200427,000000,17.131,17.131,17.131,17.131,250,0
BFIT.US,D,20200428,000000,17.593,17.593,17.593,17.593,450,0
BFIT.US,D,20200429,000000,18.123,18.123,18.123,18.123,946,0
BFIT.US,D,20200501,000000,17.075,17.075,17.021,17.059,840,0
BFIT.US,D,20200504,000000,16.961,17.181,16.941,17.181,1854,0
BFIT.US,D,20200505,000000,17.388,17.388,17.388,17.388,1444,0
BFIT.US,D,20200506,000000,17.188,17.22,17.178,17.22,13420,0
BFIT.US,D,20200507,000000,17.547,17.845,17.547,17.805,12877,0
BFIT.US,D,20200508,000000,18.075,18.152,18.073,18.143,1655,0
BFIT.US,D,20200511,000000,18.252,18.252,18.043,18.222,3674,0
BFIT.US,D,20200512,000000,18.161,18.161,17.775,17.779,5310,0
BFIT.US,D,20200513,000000,17.526,17.53,17.526,17.53,1246,0
BFIT.US,D,20200514,000000,17.096,17.532,17.028,17.532,1912,0
BFIT.US,D,20200518,000000,18.133,18.645,18.133,18.44,3859,0
BFIT.US,D,20200519,000000,18.465,18.669,18.465,18.54,5379,0
BFIT.US,D,20200520,000000,18.748,18.788,18.682,18.712,623,0
BFIT.US,D,20200522,000000,18.55,18.63,18.55,18.596,351,0
BFIT.US,D,20200526,000000,19.126,19.295,19.126,19.156,5135,0
BFIT.US,D,20200527,000000,19.443,19.443,19.126,19.439,3676,0
BFIT.US,D,20200528,000000,19.652,19.652,19.403,19.403,358,0
BFIT.US,D,20200529,000000,19.453,19.453,19.453,19.453,901,0
BFIT.US,D,20200601,000000,19.472,19.959,19.472,19.871,22690,0
BFIT.US,D,20200602,000000,20.109,20.177,19.959,20.1,21387,0
BFIT.US,D,20200603,000000,20.364,20.605,20.364,20.575,1827,0
BFIT.US,D,20200604,000000,20.495,20.495,20.379,20.39,898,0
BFIT.US,D,20200605,000000,20.854,21.032,20.854,20.929,4199,0
BFIT.US,D,20200608,000000,21.062,21.08,20.934,21.08,3714,0
BFIT.US,D,20200609,000000,20.754,20.804,20.657,20.744,6630,0
BFIT.US,D,20200610,000000,20.784,20.784,20.55,20.556,1720,0
BFIT.US,D,20200611,000000,19.94,19.94,19.463,19.463,1749,0
BFIT.US,D,20200612,000000,19.821,19.821,19.542,19.801,3517,0
BFIT.US,D,20200615,000000,19.741,19.979,19.672,19.979,2599,0
BFIT.US,D,20200616,000000,20.417,20.417,20.181,20.181,1072,0
BFIT.US,D,20200617,000000,20.417,20.417,20.049,20.089,26506,0
BFIT.US,D,20200618,000000,20.079,20.079,19.94,20.008,25436,0
BFIT.US,D,20200619,000000,20.149,20.149,19.721,19.761,25040,0
BFIT.US,D,20200622,000000,19.781,20.019,19.701,19.942,29301,0
BFIT.US,D,20200623,000000,20.139,20.18,20.029,20.079,53812,0
BFIT.US,D,20200624,000000,19.851,19.871,19.365,19.572,16309,0
BFIT.US,D,20200625,000000,19.602,19.662,19.572,19.662,796,0
BFIT.US,D,20200626,000000,19.562,19.562,19.39,19.39,3683,0
BFIT.US,D,20200629,000000,19.537,19.637,19.537,19.637,1321,0
BFIT.US,D,20200630,000000,19.676,19.706,19.617,19.657,1791,0
BFIT.US,D,20200701,000000,19.736,19.816,19.735,19.735,446,0
BFIT.US,D,20200702,000000,20.155,20.155,20.035,20.115,1349,0
BFIT.US,D,20200706,000000,20.243,20.243,20.189,20.222,1555,0
BFIT.US,D,20200707,000000,20.175,20.175,19.906,19.906,667,0
BFIT.US,D,20200708,000000,19.846,19.996,19.846,19.996,1247,0
BFIT.US,D,20200709,000000,19.846,19.955,19.846,19.857,997,0
BFIT.US,D,20200710,000000,19.896,19.896,19.826,19.826,1187,0
BFIT.US,D,20200713,000000,20.253,20.323,19.856,19.955,7797,0
BFIT.US,D,20200714,000000,19.746,19.919,19.701,19.919,2117,0
BFIT.US,D,20200715,000000,20.362,20.413,20.343,20.413,1546,0
BFIT.US,D,20200716,000000,20.253,20.293,20.253,20.263,1286,0
BFIT.US,D,20200717,000000,20.353,20.353,20.263,20.283,519,0
BFIT.US,D,20200720,000000,20.175,20.233,20.155,20.214,6785,0
BFIT.US,D,20200721,000000,20.512,20.562,20.442,20.562,1508,0
BFIT.US,D,20200722,000000,20.492,20.492,20.383,20.383,2778,0
BFIT.US,D,20200723,000000,20.612,20.612,20.612,20.612,521,0
BFIT.US,D,20200724,000000,20.413,20.413,20.233,20.263,1557,0
BFIT.US,D,20200727,000000,20.224,20.423,20.224,20.401,3007,0
BFIT.US,D,20200729,000000,20.423,20.579,20.423,20.579,4786,0
BFIT.US,D,20200730,000000,20.224,20.413,20.214,20.413,92143,0
BFIT.US,D,20200731,000000,20.343,20.373,19.995,20.162,48734,0
BFIT.US,D,20200803,000000,20.15,20.206,20.135,20.206,506,0
BFIT.US,D,20200804,000000,20.393,20.403,20.393,20.403,405,0
BFIT.US,D,20200805,000000,20.662,20.771,20.662,20.749,5689,0
BFIT.US,D,20200806,000000,20.642,20.701,20.632,20.632,991,0
BFIT.US,D,20200807,000000,20.537,20.582,20.532,20.578,719,0
BFIT.US,D,20200810,000000,20.711,20.881,20.711,20.881,1295,0
BFIT.US,D,20200811,000000,21.059,21.107,21.039,21.039,3599,0
BFIT.US,D,20200812,000000,21.059,21.059,21.059,21.059,142,0
BFIT.US,D,20200813,000000,21.009,21.228,21.009,21.134,10263,0
BFIT.US,D,20200814,000000,21.079,21.159,21.049,21.119,8945,0
BFIT.US,D,20200817,000000,21.238,21.238,21.203,21.203,1829,0
BFIT.US,D,20200818,000000,21.278,21.278,21.129,21.18,17292,0
BFIT.US,D,20200819,000000,21.179,21.198,21.13,21.159,3445,0
BFIT.US,D,20200820,000000,21.049,21.089,21.049,21.089,284,0
BFIT.US,D,20200821,000000,21.009,21.258,21.009,21.233,15507,0
BFIT.US,D,20200824,000000,21.428,21.577,21.428,21.567,15847,0
BFIT.US,D,20200826,000000,21.517,21.657,21.517,21.636,3167,0
BFIT.US,D,20200827,000000,21.617,21.746,21.617,21.697,1494,0
BFIT.US,D,20200828,000000,21.657,22.711,21.603,22.711,3133,0
BFIT.US,D,20200831,000000,21.637,21.637,21.45,21.45,1298,0
BFIT.US,D,20200901,000000,21.358,21.677,21.358,21.667,4246,0
BFIT.US,D,20200903,000000,21.845,21.845,21.687,21.697,1010,0
BFIT.US,D,20200904,000000,21.7,21.7,21.238,21.508,4825,0
BFIT.US,D,20200908,000000,21.288,21.467,21.259,21.348,2330,0
BFIT.US,D,20200909,000000,21.408,21.553,21.398,21.511,21608,0
BFIT.US,D,20200910,000000,21.617,21.637,21.288,21.305,9599,0
BFIT.US,D,20200911,000000,21.418,21.637,21.388,21.637,20732,0
BFIT.US,D,20200914,000000,21.697,21.755,21.688,21.706,2578,0
BFIT.US,D,20200915,000000,21.925,21.925,21.845,21.85,1355,0
BFIT.US,D,20200916,000000,22.014,22.034,22.004,22.014,1556,0
BFIT.US,D,20200917,000000,21.925,21.974,21.885,21.912,29233,0
BFIT.US,D,20200918,000000,21.964,21.964,21.825,21.845,3144,0
BFIT.US,D,20200921,000000,21.657,21.657,21.258,21.477,10571,0
BFIT.US,D,20200922,000000,21.393,21.557,21.362,21.557,3579,0
BFIT.US,D,20200923,000000,21.815,21.865,21.612,21.612,4237,0
BFIT.US,D,20200924,000000,21.457,21.577,21.388,21.428,7700,0
BFIT.US,D,20200925,000000,21.398,21.612,21.398,21.612,4249,0
BFIT.US,D,20200928,000000,21.935,21.935,21.785,21.865,3623,0
BFIT.US,D,20200929,000000,21.955,21.955,21.768,21.768,5261,0
BFIT.US,D,20200930,000000,21.835,21.835,21.835,21.835,1421,0
BFIT.US,D,20201001,000000,21.964,22.094,21.964,22.094,5978,0
BFIT.US,D,20201002,000000,21.994,22.244,21.885,22.244,4812,0
BFIT.US,D,20201005,000000,22.591,22.88,22.492,22.88,7193,0
BFIT.US,D,20201006,000000,22.631,22.647,22.485,22.485,4442,0
BFIT.US,D,20201007,000000,22.521,22.691,22.521,22.645,5264,0
BFIT.US,D,20201008,000000,22.83,22.83,22.601,22.631,25476,0
BFIT.US,D,20201009,000000,22.815,22.86,22.78,22.86,2346,0
BFIT.US,D,20201012,000000,23.059,23.059,22.935,23.039,8158,0
BFIT.US,D,20201013,000000,22.86,23.029,22.82,22.93,4187,0
BFIT.US,D,20201014,000000,23.04,23.079,22.884,22.92,3198,0
BFIT.US,D,20201015,000000,22.621,22.79,22.581,22.79,4122,0
BFIT.US,D,20201016,000000,22.84,22.85,22.78,22.78,1643,0
BFIT.US,D,20201019,000000,22.84,22.84,22.603,22.603,5512,0
BFIT.US,D,20201020,000000,22.795,22.86,22.795,22.84,2223,0
BFIT.US,D,20201021,000000,22.74,22.925,22.74,22.815,4190,0
BFIT.US,D,20201022,000000,22.716,22.853,22.716,22.853,2260,0
BFIT.US,D,20201023,000000,22.752,22.959,22.752,22.959,760,0
BFIT.US,D,20201026,000000,22.77,22.77,22.453,22.59,3062,0
BFIT.US,D,20201027,000000,22.711,22.711,22.485,22.485,1640,0
BFIT.US,D,20201028,000000,22.373,22.373,21.935,22.057,9020,0
BFIT.US,D,20201029,000000,22.174,22.213,22.046,22.182,2878,0
BFIT.US,D,20201030,000000,22.024,22.024,21.467,21.517,8293,0
BFIT.US,D,20201102,000000,21.716,21.725,21.477,21.597,2697,0
BFIT.US,D,20201103,000000,21.775,22.104,21.775,22.074,9185,0
BFIT.US,D,20201104,000000,22.253,22.601,22.214,22.443,3315,0
BFIT.US,D,20201105,000000,22.94,22.999,22.9,22.979,11614,0
BFIT.US,D,20201106,000000,23.159,23.159,23.019,23.019,2223,0
BFIT.US,D,20201109,000000,24.173,24.173,23.462,23.462,9227,0
BFIT.US,D,20201110,000000,23.447,23.546,23.327,23.347,17188,0
BFIT.US,D,20201111,000000,23.287,23.447,23.268,23.447,9515,0
BFIT.US,D,20201112,000000,23.437,23.446,23.181,23.181,975,0
BFIT.US,D,20201113,000000,23.31,23.387,23.31,23.352,1195,0
BFIT.US,D,20201116,000000,23.636,23.935,23.636,23.885,9441,0
BFIT.US,D,20201117,000000,23.641,23.96,23.62,23.89,1714,0
BFIT.US,D,20201118,000000,24.044,24.163,24.044,24.123,6478,0
BFIT.US,D,20201119,000000,24.024,24.193,24.024,24.193,3985,0
BFIT.US,D,20201120,000000,24.223,24.233,24.187,24.208,2588,0
BFIT.US,D,20201123,000000,24.272,24.272,24.173,24.193,4492,0
BFIT.US,D,20201124,000000,24.282,24.381,24.272,24.381,9225,0
BFIT.US,D,20201125,000000,24.193,24.193,24.053,24.093,20757,0
BFIT.US,D,20201127,000000,24.246,24.262,24.223,24.251,1391,0
BFIT.US,D,20201130,000000,24.262,24.262,23.992,24.044,1955,0
BFIT.US,D,20201201,000000,24.322,24.511,24.322,24.422,3920,0
BFIT.US,D,20201202,000000,24.362,24.372,24.153,24.309,9270,0
BFIT.US,D,20201203,000000,24.452,24.74,24.452,24.611,5775,0
BFIT.US,D,20201204,000000,24.849,24.869,24.747,24.829,6822,0
BFIT.US,D,20201207,000000,24.819,24.819,24.641,24.701,8957,0
BFIT.US,D,20201208,000000,24.76,24.869,24.76,24.829,4618,0
BFIT.US,D,20201209,000000,24.939,24.977,24.701,24.78,5440,0
BFIT.US,D,20201210,000000,24.939,24.974,24.894,24.974,3045,0
BFIT.US,D,20201211,000000,24.809,24.809,24.55,24.621,5107,0
BFIT.US,D,20201214,000000,24.859,24.919,24.721,24.721,10772,0
BFIT.US,D,20201215,000000,24.914,25.098,24.91,25.098,4380,0
BFIT.US,D,20201216,000000,25.228,25.228,25.109,25.217,6093,0
BFIT.US,D,20201217,000000,25.347,25.347,25.138,25.231,10806,0
BFIT.US,D,20201218,000000,25.317,25.317,24.989,25.138,7438,0
BFIT.US,D,20201221,000000,24.889,25.068,24.752,25.014,5405,0
BFIT.US,D,20201222,000000,25.088,25.088,24.899,25.028,16592,0
BFIT.US,D,20201223,000000,25.267,25.387,25.267,25.387,4031,0
BFIT.US,D,20201224,000000,25.377,25.377,25.318,25.331,2645,0
BFIT.US,D,20201228,000000,25.615,25.615,25.437,25.467,14367,0
BFIT.US,D,20201229,000000,25.546,25.546,25.277,25.387,27864,0
BFIT.US,D,20201230,000000,25.686,25.686,25.537,25.576,7501,0
BFIT.US,D,20201231,000000,25.453,25.552,25.453,25.537,2848,0
BFIT.US,D,20210104,000000,25.706,25.706,25.167,25.217,8043,0
BFIT.US,D,20210105,000000,25.427,25.766,25.427,25.766,4512,0
BFIT.US,D,20210106,000000,26.041,26.146,26.023,26.088,6610,0
BFIT.US,D,20210107,000000,26.146,26.236,26.116,26.196,18142,0
BFIT.US,D,20210108,000000,26.316,26.316,25.986,26.146,7123,0
BFIT.US,D,20210111,000000,25.916,26.056,25.886,25.926,28289,0
BFIT.US,D,20210112,000000,25.976,26.076,25.966,26.046,8354,0
BFIT.US,D,20210113,000000,26.036,26.036,25.896,25.919,5738,0
BFIT.US,D,20210114,000000,25.926,26.156,25.926,26.056,14318,0
BFIT.US,D,20210115,000000,26.046,26.046,25.608,25.71,3808,0
BFIT.US,D,20210119,000000,26.136,26.136,25.975,25.996,12017,0
BFIT.US,D,20210120,000000,26.076,26.206,26.071,26.198,3409,0
BFIT.US,D,20210121,000000,26.196,26.206,26.051,26.164,4329,0
BFIT.US,D,20210122,000000,25.966,26.056,25.919,26.056,2337,0
BFIT.US,D,20210125,000000,26.216,26.266,25.906,26.076,12524,0
BFIT.US,D,20210126,000000,26.146,26.146,25.836,25.934,36017,0
BFIT.US,D,20210127,000000,25.557,25.651,25.322,25.322,5537,0
BFIT.US,D,20210128,000000,25.387,25.696,25.387,25.646,1961,0
BFIT.US,D,20210129,000000,25.397,25.466,25.037,25.177,6183,0
BFIT.US,D,20210201,000000,25.397,25.537,25.337,25.537,3326,0
BFIT.US,D,20210202,000000,25.676,25.926,25.676,25.899,2783,0
BFIT.US,D,20210203,000000,25.916,25.946,25.826,25.916,4198,0
BFIT.US,D,20210204,000000,25.984,26.206,25.984,26.135,1656,0
BFIT.US,D,20210205,000000,26.355,26.545,26.355,26.54,6785,0
BFIT.US,D,20210208,000000,26.665,26.725,26.645,26.686,4649,0
BFIT.US,D,20210209,000000,26.745,26.885,26.745,26.885,3855,0
BFIT.US,D,20210210,000000,27.045,27.055,26.894,26.901,7793,0
BFIT.US,D,20210211,000000,26.895,27.124,26.895,27.065,6598,0
BFIT.US,D,20210212,000000,26.935,27.025,26.915,26.915,6078,0
BFIT.US,D,20210216,000000,27.134,27.134,26.915,26.945,4784,0
BFIT.US,D,20210217,000000,26.765,26.875,26.621,26.875,5133,0
BFIT.US,D,20210218,000000,26.565,26.715,26.446,26.715,4750,0
BFIT.US,D,20210219,000000,26.765,26.805,26.753,26.77,13072,0
BFIT.US,D,20210222,000000,26.525,26.555,26.435,26.511,3292,0
BFIT.US,D,20210223,000000,26.016,26.384,25.718,26.355,6052,0
BFIT.US,D,20210224,000000,26.126,26.331,26.067,26.286,2307,0
BFIT.US,D,20210225,000000,26.306,26.555,26.027,26.215,2308,0
BFIT.US,D,20210226,000000,26.056,26.056,25.616,25.955,9996,0
BFIT.US,D,20210301,000000,26.126,26.545,26.126,26.475,4370,0
BFIT.US,D,20210302,000000,26.335,26.344,26.116,26.211,3737,0
BFIT.US,D,20210303,000000,26.116,26.256,26.046,26.046,6268,0
BFIT.US,D,20210304,000000,25.886,25.886,25.412,25.412,12955,0
BFIT.US,D,20210305,000000,25.846,25.846,25.227,25.636,14896,0
BFIT.US,D,20210308,000000,25.607,25.916,25.607,25.836,5942,0
BFIT.US,D,20210309,000000,25.916,26.096,25.916,26.006,13918,0
BFIT.US,D,20210310,000000,26.206,26.206,26.046,26.186,4781,0
BFIT.US,D,20210311,000000,26.525,26.695,26.5,26.63,6222,0
BFIT.US,D,20210312,000000,26.645,26.645,26.515,26.64,6397,0
BFIT.US,D,20210315,000000,26.715,26.845,26.715,26.845,36862,0
BFIT.US,D,20210316,000000,26.965,26.965,26.665,26.775,4990,0
BFIT.US,D,20210317,000000,26.69,26.965,26.69,26.945,5050,0
BFIT.US,D,20210318,000000,26.945,27.045,26.725,26.756,3552,0
BFIT.US,D,20210319,000000,26.765,26.915,26.665,26.915,3664,0
BFIT.US,D,20210322,000000,26.695,26.794,26.695,26.785,1802,0
BFIT.US,D,20210323,000000,26.565,26.565,26.365,26.365,1772,0
BFIT.US,D,20210324,000000,26.355,26.355,25.836,25.856,6455,0
BFIT.US,D,20210325,000000,25.586,26.116,25.586,26.116,1142,0
BFIT.US,D,20210326,000000,26.166,26.415,26.166,26.326,2734,0
BFIT.US,D,20210329,000000,26.375,26.595,26.263,26.375,5496,0
BFIT.US,D,20210330,000000,26.306,26.452,26.306,26.452,1472,0
BFIT.US,D,20210331,000000,26.455,26.505,26.435,26.505,4136,0
BFIT.US,D,20210401,000000,26.645,26.705,26.635,26.685,289504,0
BFIT.US,D,20210405,000000,26.945,26.965,26.715,26.942,8104,0
BFIT.US,D,20210406,000000,26.665,27.06,26.665,26.885,289188,0
BFIT.US,D,20210407,000000,27.055,27.085,26.866,27.035,7520,0
BFIT.US,D,20210408,000000,27.174,27.354,27.075,27.294,20729,0
BFIT.US,D,20210409,000000,27.294,27.334,27.259,27.32,2850,0
BFIT.US,D,20210412,000000,27.436,27.644,27.436,27.614,2223,0
BFIT.US,D,20210413,000000,27.804,27.804,27.594,27.724,6707,0
BFIT.US,D,20210414,000000,27.674,27.794,27.574,27.624,10565,0
BFIT.US,D,20210415,000000,27.654,27.918,27.654,27.868,2792,0
BFIT.US,D,20210416,000000,27.854,27.977,27.854,27.943,5310,0
BFIT.US,D,20210419,000000,27.953,27.953,27.714,27.774,5463,0
BFIT.US,D,20210420,000000,27.664,27.683,27.264,27.43,21233,0
BFIT.US,D,20210421,000000,27.494,27.714,27.494,27.624,4234,0
BFIT.US,D,20210422,000000,27.824,27.973,27.706,27.774,4311,0
BFIT.US,D,20210423,000000,27.784,28.053,27.784,27.979,16374,0
BFIT.US,D,20210426,000000,28.163,28.163,27.953,27.953,7147,0
BFIT.US,D,20210427,000000,28.023,28.053,27.963,27.973,4223,0
BFIT.US,D,20210428,000000,28.093,28.093,27.744,27.883,2243,0
BFIT.US,D,20210429,000000,27.993,28.223,27.883,27.938,1568,0
BFIT.US,D,20210430,000000,27.774,27.774,27.464,27.554,3062,0
BFIT.US,D,20210503,000000,27.754,27.834,27.664,27.829,9250,0
BFIT.US,D,20210504,000000,27.644,27.644,27.204,27.484,19718,0
BFIT.US,D,20210505,000000,27.544,27.554,27.464,27.533,2542,0
BFIT.US,D,20210506,000000,27.674,27.853,27.664,27.714,9367,0
BFIT.US,D,20210507,000000,27.973,28.363,27.973,28.283,2523,0
BFIT.US,D,20210510,000000,28.288,28.348,28.083,28.083,3475,0
BFIT.US,D,20210511,000000,27.694,27.824,27.514,27.804,26021,0
BFIT.US,D,20210512,000000,27.464,27.464,26.965,27.075,2360,0
BFIT.US,D,20210513,000000,27.324,27.444,27.304,27.394,7235,0
BFIT.US,D,20210514,000000,27.684,27.933,27.684,27.924,1792,0
BFIT.US,D,20210517,000000,27.928,28.083,27.928,28.083,2634,0
BFIT.US,D,20210518,000000,28.363,28.363,28.213,28.233,2384,0
BFIT.US,D,20210519,000000,27.903,27.913,27.834,27.844,1256,0
BFIT.US,D,20210520,000000,27.993,28.253,27.993,28.253,1700,0
BFIT.US,D,20210521,000000,28.223,28.223,28.163,28.163,850,0
BFIT.US,D,20210524,000000,28.313,28.593,28.313,28.593,3289,0
BFIT.US,D,20210525,000000,28.772,28.772,28.672,28.682,1328,0
BFIT.US,D,20210526,000000,28.962,29.102,28.822,29.092,7841,0
BFIT.US,D,20210527,000000,29.192,29.362,29.162,29.352,13992,0
BFIT.US,D,20210528,000000,29.491,29.516,29.381,29.421,12651,0
BFIT.US,D,20210601,000000,29.621,29.621,29.441,29.471,8173,0
BFIT.US,D,20210602,000000,29.481,29.481,29.357,29.357,3988,0
BFIT.US,D,20210603,000000,29.391,29.391,29.187,29.252,69875,0
BFIT.US,D,20210604,000000,29.471,29.471,29.362,29.387,3268,0
BFIT.US,D,20210607,000000,29.511,29.651,29.511,29.551,5148,0
BFIT.US,D,20210608,000000,29.541,29.551,29.457,29.551,4259,0
BFIT.US,D,20210609,000000,29.461,29.531,29.411,29.411,2716,0
BFIT.US,D,20210610,000000,29.312,29.312,29.162,29.212,5626,0
BFIT.US,D,20210611,000000,29.212,29.33,29.212,29.33,1417,0
BFIT.US,D,20210614,000000,29.431,29.481,29.142,29.182,7255,0
BFIT.US,D,20210615,000000,29.222,29.252,29.057,29.152,10836,0
BFIT.US,D,20210616,000000,29.202,29.252,29.052,29.052,11230,0
BFIT.US,D,20210617,000000,29.272,29.329,29.122,29.322,1899,0
BFIT.US,D,20210618,000000,29.252,29.252,29.052,29.102,3459,0
BFIT.US,D,20210621,000000,29.162,29.491,29.162,29.458,9361,0
BFIT.US,D,20210622,000000,29.441,29.751,29.401,29.751,20536,0
BFIT.US,D,20210623,000000,29.851,29.931,29.701,29.822,5046,0
BFIT.US,D,20210624,000000,29.961,30.011,29.861,30.011,5153,0
BFIT.US,D,20210625,000000,30.29,30.5,30.29,30.5,9915,0
BFIT.US,D,20210628,000000,30.85,30.85,30.38,30.532,63379,0
BFIT.US,D,20210629,000000,30.65,30.65,30.5013,30.615,10385,0
BFIT.US,D,20210630,000000,30.63,30.63,30.4,30.49,11784,0
BFIT.US,D,20210701,000000,30.61,30.64,30.47,30.603,4954,0
BFIT.US,D,20210702,000000,30.65,30.69,30.56,30.69,5448,0
BFIT.US,D,20210706,000000,30.53,30.53,30.1699,30.229,9199,0
BFIT.US,D,20210707,000000,30.46,30.63,30.38,30.53,5233,0
BFIT.US,D,20210708,000000,30,30.06,29.65,30.02,6819,0
BFIT.US,D,20210709,000000,30.35,30.69,30.35,30.69,2590,0
BFIT.US,D,20210712,000000,30.53,30.56,30.401,30.56,43580,0
BFIT.US,D,20210713,000000,30.32,30.3699,30.15,30.15,13675,0
BFIT.US,D,20210714,000000,30.25,30.32,30.07,30.08,57724,0
BFIT.US,D,20210715,000000,30.1,30.1,29.92,29.92,2798,0
BFIT.US,D,20210716,000000,29.88,29.88,29.52,29.53,11358,0
BFIT.US,D,20210719,000000,29.11,29.315,29.04,29.07,54863,0
BFIT.US,D,20210720,000000,29.13,29.82,29.13,29.82,17191,0
BFIT.US,D,20210721,000000,29.76,29.98,29.7501,29.98,3141,0
BFIT.US,D,20210722,000000,29.87,29.87,29.64,29.64,1715,0
BFIT.US,D,20210723,000000,29.63,29.81,29.561,29.805,5262,0
BFIT.US,D,20210726,000000,29.81,29.82,29.71,29.82,230618,0
BFIT.US,D,20210727,000000,29.47,29.47,29.11,29.15,5709,0
BFIT.US,D,20210728,000000,29.62,29.92,29.6142,29.92,4405,0
BFIT.US,D,20210729,000000,29.89,30.18,29.89,29.9411,4928,0
BFIT.US,D,20210730,000000,30,30,30,30,950,0
BFIT.US,D,20210802,000000,30.04,30.14,29.9301,29.9312,235301,0
BFIT.US,D,20210803,000000,30.4,30.42,30.255,30.42,7210,0
BFIT.US,D,20210804,000000,30.6,30.78,30.54,30.55,19557,0
BFIT.US,D,20210805,000000,30.46,30.69,30.46,30.69,6991,0
BFIT.US,D,20210806,000000,30.53,30.53,30.3,30.3,4009,0
BFIT.US,D,20210809,000000,30.3,30.42,30.3,30.38,9299,0
BFIT.US,D,20210810,000000,30.54,30.679,30.54,30.639,6843,0
BFIT.US,D,20210811,000000,30.62,30.71,30.6097,30.6552,1273,0
BFIT.US,D,20210812,000000,30.49,30.5,30.341,30.4,3905,0
BFIT.US,D,20210813,000000,30.53,30.57,30.46,30.47,22857,0
BFIT.US,D,20210816,000000,30.38,30.47,30.3,30.47,3459,0
BFIT.US,D,20210817,000000,29.98,29.98,29.52,29.52,8128,0
BFIT.US,D,20210818,000000,29.7,29.9199,29.7,29.85,6137,0
BFIT.US,D,20210819,000000,29.4,29.589,29.366,29.48,2925,0
BFIT.US,D,20210820,000000,29.44,29.68,29.44,29.58,1852,0
BFIT.US,D,20210823,000000,29.86,30.26,29.86,30.26,17075,0
BFIT.US,D,20210824,000000,30.24,30.42,30.24,30.42,5052,0
BFIT.US,D,20210825,000000,30.31,30.4806,30.31,30.4725,3051,0
BFIT.US,D,20210826,000000,30.33,30.33,30.2201,30.2201,1232,0
BFIT.US,D,20210827,000000,30.345,30.529,30.345,30.529,2841,0
BFIT.US,D,20210830,000000,30.6,30.6,30.44,30.5001,1106,0
BFIT.US,D,20210831,000000,30.68,30.68,30.6044,30.6044,665,0
BFIT.US,D,20210901,000000,30.74,30.97,30.74,30.9088,10074,0
