<TICKER>,<PER>,<DATE>,<TIME>,<OPEN>,<HIGH>,<LOW>,<CLOSE>,<VOL>,<OPENINT>
BGRN.US,D,20181127,000000,48.143,48.143,48.143,48.143,419,0
BGRN.US,D,20181128,000000,48.082,48.106,48.071,48.071,1156,0
BGRN.US,D,20181130,000000,48.222,48.222,48.222,48.222,151,0
BGRN.US,D,20181204,000000,48.469,48.479,48.469,48.479,229,0
BGRN.US,D,20181207,000000,48.469,48.469,48.469,48.469,151,0
BGRN.US,D,20181221,000000,48.689,48.719,48.689,48.694,4930,0
BGRN.US,D,20190104,000000,48.906,48.906,48.785,48.785,2268,0
BGRN.US,D,20190108,000000,48.755,48.755,48.755,48.755,274,0
BGRN.US,D,20190109,000000,48.815,48.815,48.815,48.815,251,0
BGRN.US,D,20190110,000000,48.851,48.861,48.805,48.851,2823,0
BGRN.US,D,20190111,000000,48.938,48.938,48.91,48.91,3291,0
BGRN.US,D,20190114,000000,48.918,48.918,48.918,48.918,2136,0
BGRN.US,D,20190115,000000,48.987,49.007,48.987,48.997,8058,0
BGRN.US,D,20190116,000000,48.923,48.997,48.923,48.997,21694,0
BGRN.US,D,20190122,000000,49.008,49.045,48.952,49.008,1051,0
BGRN.US,D,20190123,000000,49.055,49.065,49.055,49.065,571,0
BGRN.US,D,20190124,000000,49.203,49.203,49.203,49.203,1138,0
BGRN.US,D,20190125,000000,49.2,49.2,49.2,49.2,848,0
BGRN.US,D,20190128,000000,49.181,49.19,49.181,49.19,966,0
BGRN.US,D,20190130,000000,49.256,49.331,49.256,49.331,1949,0
BGRN.US,D,20190131,000000,49.477,49.487,49.467,49.477,678,0
BGRN.US,D,20190201,000000,49.418,49.418,49.418,49.418,180,0
BGRN.US,D,20190205,000000,49.42,49.42,49.42,49.42,996,0
BGRN.US,D,20190206,000000,49.505,49.515,49.505,49.515,520,0
BGRN.US,D,20190207,000000,49.487,49.487,49.487,49.487,162,0
BGRN.US,D,20190208,000000,49.559,49.605,49.559,49.605,774,0
BGRN.US,D,20190211,000000,49.562,49.572,49.562,49.572,1158,0
BGRN.US,D,20190212,000000,49.542,49.542,49.542,49.542,574,0
BGRN.US,D,20190214,000000,49.671,49.681,49.661,49.671,1348,0
BGRN.US,D,20190215,000000,49.661,49.681,49.655,49.666,1569,0
BGRN.US,D,20190219,000000,49.727,49.744,49.727,49.744,2386,0
BGRN.US,D,20190221,000000,49.654,49.654,49.654,49.654,105,0
BGRN.US,D,20190222,000000,49.698,49.803,49.698,49.784,1094,0
BGRN.US,D,20190225,000000,49.764,49.764,49.764,49.764,536,0
BGRN.US,D,20190227,000000,49.754,49.754,49.708,49.716,789,0
BGRN.US,D,20190228,000000,49.671,49.671,49.612,49.612,1358,0
BGRN.US,D,20190301,000000,49.622,49.63,49.525,49.63,1488,0
BGRN.US,D,20190306,000000,49.822,49.851,49.822,49.842,3196,0
BGRN.US,D,20190308,000000,50.038,50.038,50.018,50.018,961,0
BGRN.US,D,20190313,000000,50.048,50.082,50.048,50.082,1189,0
BGRN.US,D,20190314,000000,50.047,50.047,50.047,50.047,156,0
BGRN.US,D,20190315,000000,50.099,50.162,50.075,50.162,2344,0
BGRN.US,D,20190318,000000,50.198,50.198,50.151,50.151,1530,0
BGRN.US,D,20190319,000000,50.144,50.188,50.144,50.181,862,0
BGRN.US,D,20190320,000000,50.208,50.208,50.19,50.19,1553,0
BGRN.US,D,20190321,000000,50.343,50.343,50.343,50.343,243,0
BGRN.US,D,20190322,000000,50.604,50.604,50.604,50.604,679,0
BGRN.US,D,20190325,000000,50.575,50.619,50.532,50.619,1040,0
BGRN.US,D,20190326,000000,50.595,50.633,50.488,50.624,3183,0
BGRN.US,D,20190327,000000,50.72,50.757,50.72,50.73,726,0
BGRN.US,D,20190328,000000,50.744,50.744,50.744,50.744,963,0
BGRN.US,D,20190329,000000,50.69,50.69,50.642,50.642,579,0
BGRN.US,D,20190401,000000,50.614,50.614,50.614,50.614,511,0
BGRN.US,D,20190402,000000,50.598,50.651,50.598,50.651,821,0
BGRN.US,D,20190403,000000,50.517,50.517,50.517,50.517,1817,0
BGRN.US,D,20190404,000000,50.522,50.604,50.522,50.604,1331,0
BGRN.US,D,20190409,000000,50.625,50.625,50.625,50.625,211,0
BGRN.US,D,20190410,000000,50.73,50.73,50.695,50.695,1114,0
BGRN.US,D,20190411,000000,50.72,50.739,50.614,50.72,7940,0
BGRN.US,D,20190412,000000,50.624,50.624,50.468,50.575,2604,0
BGRN.US,D,20190415,000000,50.556,50.556,50.546,50.546,512,0
BGRN.US,D,20190416,000000,50.492,50.498,50.492,50.498,10910,0
BGRN.US,D,20190417,000000,50.536,50.661,50.508,50.526,26813,0
BGRN.US,D,20190418,000000,50.641,50.641,50.641,50.641,416,0
BGRN.US,D,20190423,000000,50.651,50.67,50.651,50.661,31249,0
BGRN.US,D,20190424,000000,50.806,50.844,50.788,50.835,5138,0
BGRN.US,D,20190425,000000,50.824,50.824,50.692,50.692,1297,0
BGRN.US,D,20190426,000000,50.881,50.891,50.855,50.891,4200,0
BGRN.US,D,20190429,000000,50.844,50.844,50.825,50.825,1411,0
BGRN.US,D,20190430,000000,50.825,50.891,50.796,50.881,4554,0
BGRN.US,D,20190501,000000,50.911,50.941,50.825,50.932,1433,0
BGRN.US,D,20190502,000000,50.901,50.901,50.839,50.839,16149,0
BGRN.US,D,20190503,000000,50.891,50.891,50.862,50.862,4671,0
BGRN.US,D,20190506,000000,50.931,50.931,50.896,50.896,725,0
BGRN.US,D,20190507,000000,51.01,51.02,50.983,51.01,2968,0
BGRN.US,D,20190508,000000,50.986,50.986,50.986,50.986,767,0
BGRN.US,D,20190509,000000,50.974,50.985,50.872,50.952,54842,0
BGRN.US,D,20190510,000000,50.941,50.941,50.941,50.941,62197,0
BGRN.US,D,20190513,000000,51.03,51.03,50.994,51.02,238962,0
BGRN.US,D,20190514,000000,51.06,51.06,50.931,50.931,424,0
BGRN.US,D,20190515,000000,51.05,51.154,51.05,51.145,1713,0
BGRN.US,D,20190516,000000,51.107,51.107,51.106,51.106,501,0
BGRN.US,D,20190517,000000,51.126,51.163,51.108,51.108,104944,0
BGRN.US,D,20190520,000000,51.096,51.096,51.035,51.079,4568,0
BGRN.US,D,20190521,000000,50.976,51.04,50.95,50.995,4422,0
BGRN.US,D,20190523,000000,51.145,51.191,51.145,51.172,2233,0
BGRN.US,D,20190524,000000,51.154,51.182,51.135,51.18,8542,0
BGRN.US,D,20190528,000000,51.278,51.288,51.162,51.288,3477,0
BGRN.US,D,20190529,000000,51.347,51.357,51.32,51.337,6888,0
BGRN.US,D,20190530,000000,51.337,51.337,51.304,51.304,2011,0
BGRN.US,D,20190531,000000,51.568,51.618,51.337,51.491,3740,0
BGRN.US,D,20190603,000000,51.578,51.636,51.453,51.608,21023,0
BGRN.US,D,20190604,000000,51.878,51.878,51.563,51.627,2137,0
BGRN.US,D,20190605,000000,51.724,51.739,51.724,51.739,1844,0
BGRN.US,D,20190606,000000,51.734,51.739,51.724,51.739,1090,0
BGRN.US,D,20190607,000000,51.956,51.971,51.915,51.956,4474,0
BGRN.US,D,20190610,000000,51.82,51.82,51.792,51.792,1772,0
BGRN.US,D,20190611,000000,51.878,51.887,51.77,51.77,2022,0
BGRN.US,D,20190612,000000,51.85,51.85,51.85,51.85,700,0
BGRN.US,D,20190613,000000,51.917,51.956,51.897,51.956,6129,0
BGRN.US,D,20190614,000000,51.917,52.007,51.917,52.007,1218,0
BGRN.US,D,20190617,000000,52.003,52.003,51.878,51.994,5118,0
BGRN.US,D,20190618,000000,52.277,52.305,52.277,52.305,1258,0
BGRN.US,D,20190619,000000,52.216,52.216,52.16,52.16,878,0
BGRN.US,D,20190620,000000,52.406,52.45,52.392,52.45,1981,0
BGRN.US,D,20190621,000000,52.392,52.392,52.353,52.353,691,0
BGRN.US,D,20190624,000000,52.418,52.418,52.418,52.418,643,0
BGRN.US,D,20190625,000000,52.531,52.555,52.494,52.545,2726,0
BGRN.US,D,20190626,000000,52.437,52.454,52.381,52.381,2599,0
BGRN.US,D,20190627,000000,52.545,52.545,52.496,52.535,1034,0
BGRN.US,D,20190628,000000,52.545,52.575,52.545,52.575,707,0
BGRN.US,D,20190701,000000,52.623,52.681,52.623,52.642,10171,0
BGRN.US,D,20190702,000000,52.681,52.73,52.606,52.73,26689,0
BGRN.US,D,20190703,000000,52.885,52.885,52.858,52.858,2279,0
BGRN.US,D,20190705,000000,52.837,52.837,52.769,52.786,1209,0
BGRN.US,D,20190708,000000,52.783,52.797,52.779,52.779,1416,0
BGRN.US,D,20190709,000000,52.71,52.72,52.623,52.71,4047,0
BGRN.US,D,20190710,000000,52.623,52.633,52.585,52.623,1849,0
BGRN.US,D,20190711,000000,52.458,52.458,52.405,52.405,830,0
BGRN.US,D,20190712,000000,52.44,52.468,52.313,52.468,12633,0
BGRN.US,D,20190715,000000,52.585,52.595,52.545,52.545,2855,0
BGRN.US,D,20190716,000000,52.613,52.633,52.587,52.633,1838,0
BGRN.US,D,20190717,000000,52.717,52.807,52.717,52.79,8655,0
BGRN.US,D,20190718,000000,52.742,52.788,52.742,52.788,842,0
BGRN.US,D,20190719,000000,52.866,52.905,52.855,52.905,7055,0
BGRN.US,D,20190723,000000,52.954,52.964,52.891,52.891,1411,0
BGRN.US,D,20190724,000000,53.042,53.08,53.042,53.08,13076,0
BGRN.US,D,20190725,000000,53.07,53.07,52.964,52.964,1863,0
BGRN.US,D,20190726,000000,53.127,53.127,53.06,53.095,3536,0
BGRN.US,D,20190729,000000,53.186,53.186,53.147,53.176,7992,0
BGRN.US,D,20190730,000000,53.196,53.196,53.176,53.186,2974,0
BGRN.US,D,20190731,000000,53.254,53.419,53.254,53.331,1678,0
BGRN.US,D,20190801,000000,53.409,53.465,53.323,53.465,20136,0
BGRN.US,D,20190805,000000,53.709,53.709,53.651,53.708,5877,0
BGRN.US,D,20190806,000000,53.797,53.807,53.797,53.797,1372,0
BGRN.US,D,20190807,000000,54.001,54.107,54.001,54.031,2009,0
BGRN.US,D,20190808,000000,53.699,53.934,53.689,53.925,6524,0
BGRN.US,D,20190809,000000,53.791,53.875,53.791,53.875,2931,0
BGRN.US,D,20190812,000000,53.893,53.959,53.893,53.948,2648,0
BGRN.US,D,20190813,000000,53.991,54.079,53.991,54.07,3610,0
BGRN.US,D,20190814,000000,54.167,54.247,54.167,54.172,1696,0
BGRN.US,D,20190815,000000,54.399,54.575,54.273,54.536,17853,0
BGRN.US,D,20190816,000000,57.157,57.157,54.329,54.516,16070,0
BGRN.US,D,20190819,000000,54.234,54.273,54.234,54.234,5352,0
BGRN.US,D,20190820,000000,54.343,54.389,54.264,54.337,1839,0
BGRN.US,D,20190821,000000,54.369,54.369,54.32,54.32,32588,0
BGRN.US,D,20190822,000000,54.177,54.205,54.079,54.196,3356,0
BGRN.US,D,20190823,000000,54.205,54.339,54.196,54.332,5793,0
BGRN.US,D,20190826,000000,54.287,54.288,54.249,54.249,2206,0
BGRN.US,D,20190827,000000,54.399,54.476,54.311,54.476,3195,0
BGRN.US,D,20190828,000000,54.514,54.562,54.514,54.555,1565,0
BGRN.US,D,20190829,000000,54.595,54.595,54.489,54.489,582,0
BGRN.US,D,20190830,000000,54.506,54.506,54.496,54.496,2349,0
BGRN.US,D,20190903,000000,54.595,54.595,54.466,54.516,2735,0
BGRN.US,D,20190904,000000,54.329,54.456,54.329,54.456,1089,0
BGRN.US,D,20190905,000000,54.146,54.146,54.054,54.054,2280,0
BGRN.US,D,20190906,000000,54.195,54.232,54.143,54.223,1847,0
BGRN.US,D,20190909,000000,53.952,53.981,53.952,53.972,1770,0
BGRN.US,D,20190910,000000,53.884,53.884,53.62,53.747,2103,0
BGRN.US,D,20190911,000000,53.737,53.791,53.717,53.775,3168,0
BGRN.US,D,20190912,000000,53.981,53.981,53.61,53.707,2165,0
BGRN.US,D,20190913,000000,53.515,53.515,53.515,53.515,650,0
BGRN.US,D,20190916,000000,53.59,53.59,53.494,53.494,1414,0
BGRN.US,D,20190917,000000,53.6,53.6,53.475,53.475,4699,0
BGRN.US,D,20190918,000000,53.717,53.74,53.62,53.687,5026,0
BGRN.US,D,20190919,000000,53.785,53.785,53.717,53.731,5925,0
BGRN.US,D,20190920,000000,53.765,53.815,53.758,53.815,2660,0
BGRN.US,D,20190923,000000,54.01,54.01,54.01,54.01,778,0
BGRN.US,D,20190924,000000,54.126,54.361,54.126,54.211,11503,0
BGRN.US,D,20190925,000000,54.205,54.213,54.03,54.04,8150,0
BGRN.US,D,20190926,000000,54.06,54.111,54.052,54.087,4131,0
BGRN.US,D,20190927,000000,54.089,54.136,54.04,54.04,1441,0
BGRN.US,D,20190930,000000,54.156,54.156,54.096,54.136,8966,0
BGRN.US,D,20191001,000000,54.02,54.086,53.974,54.082,2064,0
BGRN.US,D,20191002,000000,54.059,54.116,54.059,54.106,4159,0
BGRN.US,D,20191003,000000,54.205,54.292,54.205,54.273,10972,0
BGRN.US,D,20191004,000000,54.282,54.301,54.275,54.275,2759,0
BGRN.US,D,20191007,000000,54.282,54.282,54.195,54.213,6685,0
BGRN.US,D,20191008,000000,54.292,54.292,54.237,54.238,3218,0
BGRN.US,D,20191009,000000,54.213,54.213,54.069,54.089,1761,0
BGRN.US,D,20191010,000000,54,54,53.903,53.903,4761,0
BGRN.US,D,20191011,000000,53.774,53.804,53.764,53.764,3247,0
BGRN.US,D,20191014,000000,53.864,53.864,53.814,53.824,1415,0
BGRN.US,D,20191015,000000,53.844,53.844,53.671,53.671,3562,0
BGRN.US,D,20191016,000000,53.677,53.706,53.669,53.696,16741,0
BGRN.US,D,20191017,000000,53.677,53.677,53.677,53.677,682,0
BGRN.US,D,20191018,000000,53.677,53.677,53.54,53.593,4311,0
BGRN.US,D,20191021,000000,53.452,53.569,53.416,53.502,2982,0
BGRN.US,D,20191022,000000,53.593,53.686,53.593,53.636,5353,0
BGRN.US,D,20191023,000000,53.774,53.774,53.691,53.691,727,0
BGRN.US,D,20191024,000000,53.756,53.774,53.746,53.746,2439,0
BGRN.US,D,20191025,000000,53.756,53.756,53.635,53.645,2314,0
BGRN.US,D,20191028,000000,53.54,53.54,53.442,53.532,4877,0
BGRN.US,D,20191029,000000,53.552,53.633,53.505,53.558,4939,0
BGRN.US,D,20191030,000000,53.639,53.648,53.619,53.629,17301,0
BGRN.US,D,20191031,000000,53.828,53.873,53.828,53.864,902,0
BGRN.US,D,20191101,000000,53.824,53.824,53.706,53.708,3179,0
BGRN.US,D,20191104,000000,53.696,53.696,53.608,53.647,2669,0
BGRN.US,D,20191105,000000,53.559,53.559,53.449,53.511,6191,0
BGRN.US,D,20191106,000000,53.511,53.656,53.461,53.656,17766,0
BGRN.US,D,20191107,000000,53.666,53.666,53.316,53.409,21235,0
BGRN.US,D,20191108,000000,53.365,53.44,53.316,53.394,6238,0
BGRN.US,D,20191111,000000,53.355,53.374,53.254,53.374,2325,0
BGRN.US,D,20191112,000000,53.355,53.355,53.227,53.345,5404,0
BGRN.US,D,20191113,000000,53.521,53.521,53.374,53.511,13803,0
BGRN.US,D,20191114,000000,53.637,53.676,53.511,53.539,5613,0
BGRN.US,D,20191115,000000,53.608,53.628,53.576,53.628,2059,0
BGRN.US,D,20191118,000000,53.656,53.656,53.521,53.583,2395,0
BGRN.US,D,20191119,000000,53.563,53.603,53.559,53.603,2091,0
BGRN.US,D,20191120,000000,53.598,53.705,53.598,53.656,994,0
BGRN.US,D,20191121,000000,53.598,53.608,53.491,53.539,4059,0
BGRN.US,D,20191122,000000,53.611,53.706,53.611,53.666,7634,0
BGRN.US,D,20191125,000000,53.706,53.706,53.632,53.638,20521,0
BGRN.US,D,20191126,000000,53.764,53.764,53.756,53.756,6211,0
BGRN.US,D,20191127,000000,53.794,53.794,53.716,53.716,1936,0
BGRN.US,D,20191129,000000,53.726,53.774,53.716,53.726,6219,0
BGRN.US,D,20191202,000000,53.051,53.051,52.904,52.983,5154,0
BGRN.US,D,20191203,000000,53.249,53.335,53.249,53.277,4291,0
BGRN.US,D,20191204,000000,53.267,53.267,53.149,53.188,3877,0
BGRN.US,D,20191205,000000,53.09,53.139,53.004,53.076,5489,0
BGRN.US,D,20191206,000000,53.117,53.117,53.024,53.071,2779,0
BGRN.US,D,20191209,000000,53.199,53.199,53.071,53.095,3628,0
BGRN.US,D,20191210,000000,53.189,53.189,53.031,53.09,3803,0
BGRN.US,D,20191211,000000,53.169,53.218,53.169,53.194,1844,0
BGRN.US,D,20191212,000000,53.095,53.365,52.988,52.988,6793,0
BGRN.US,D,20191213,000000,53.003,53.257,53.003,53.189,7781,0
BGRN.US,D,20191216,000000,53.287,53.287,53.144,53.157,24045,0
BGRN.US,D,20191217,000000,53.237,53.237,53.214,53.214,5940,0
BGRN.US,D,20191218,000000,53.129,53.149,53.033,53.066,6503,0
BGRN.US,D,20191219,000000,53.076,53.125,53.056,53.066,8170,0
BGRN.US,D,20191220,000000,53.12,53.165,53.026,53.101,4150,0
BGRN.US,D,20191223,000000,53.135,53.142,53.046,53.056,5228,0
BGRN.US,D,20191224,000000,52.988,53.145,52.988,53.067,1397,0
BGRN.US,D,20191226,000000,53.066,53.151,53.066,53.15,1254,0
BGRN.US,D,20191227,000000,53.165,53.215,53.134,53.16,3453,0
BGRN.US,D,20191230,000000,53.036,53.066,52.908,53.036,5809,0
BGRN.US,D,20191231,000000,53.036,53.056,52.931,52.933,10570,0
BGRN.US,D,20200102,000000,53.175,53.175,53.109,53.12,4242,0
BGRN.US,D,20200103,000000,53.353,53.402,53.353,53.387,5158,0
BGRN.US,D,20200106,000000,53.45,53.45,53.225,53.294,2643,0
BGRN.US,D,20200107,000000,53.49,53.49,53.272,53.322,14637,0
BGRN.US,D,20200108,000000,53.277,53.314,53.138,53.175,8507,0
BGRN.US,D,20200109,000000,53.185,53.185,53.106,53.18,9631,0
BGRN.US,D,20200110,000000,53.22,53.294,53.22,53.254,20922,0
BGRN.US,D,20200113,000000,53.274,53.274,53.036,53.106,7786,0
BGRN.US,D,20200114,000000,53.205,53.215,53.145,53.145,10781,0
BGRN.US,D,20200115,000000,53.353,53.353,53.177,53.294,5540,0
BGRN.US,D,20200116,000000,53.363,55.503,53.309,53.363,27820,0
BGRN.US,D,20200117,000000,53.343,53.447,53.274,53.333,30384,0
BGRN.US,D,20200121,000000,53.796,53.796,53.402,53.49,10693,0
BGRN.US,D,20200122,000000,53.539,53.569,53.49,53.549,8106,0
BGRN.US,D,20200123,000000,53.657,53.786,53.645,53.662,6054,0
BGRN.US,D,20200124,000000,53.737,53.836,53.727,53.806,9668,0
BGRN.US,D,20200127,000000,54.034,54.034,53.886,53.97,13318,0
BGRN.US,D,20200128,000000,53.955,53.965,53.788,53.928,11250,0
BGRN.US,D,20200129,000000,53.974,54.044,53.906,54.009,1975,0
BGRN.US,D,20200130,000000,54.044,54.152,54.044,54.078,78294,0
BGRN.US,D,20200131,000000,54.162,54.447,54.162,54.215,23173,0
BGRN.US,D,20200203,000000,54.227,54.267,54.084,54.208,11707,0
BGRN.US,D,20200204,000000,54.089,54.089,53.961,54.06,17512,0
BGRN.US,D,20200205,000000,53.971,53.98,53.929,53.931,9026,0
BGRN.US,D,20200206,000000,53.951,54.05,53.862,54,5268,0
BGRN.US,D,20200207,000000,54.119,54.159,54.03,54.099,11850,0
BGRN.US,D,20200210,000000,54.198,54.305,54.159,54.198,9455,0
BGRN.US,D,20200211,000000,54.365,54.365,54.119,54.119,21944,0
BGRN.US,D,20200212,000000,54.099,54.119,54.099,54.099,14390,0
BGRN.US,D,20200213,000000,54.129,54.217,54.082,54.099,6809,0
BGRN.US,D,20200214,000000,54.139,54.237,54.126,54.179,6929,0
BGRN.US,D,20200218,000000,54.257,54.325,54.247,54.247,15623,0
BGRN.US,D,20200219,000000,54.179,54.315,54.179,54.277,11616,0
BGRN.US,D,20200220,000000,54.385,54.455,54.348,54.43,10401,0
BGRN.US,D,20200221,000000,54.495,54.575,54.468,54.475,17434,0
BGRN.US,D,20200224,000000,54.662,54.672,54.545,54.58,17015,0
BGRN.US,D,20200225,000000,54.623,54.722,54.623,54.647,8114,0
BGRN.US,D,20200226,000000,54.515,54.604,54.505,54.555,11491,0
BGRN.US,D,20200227,000000,54.569,54.712,54.533,54.585,6834,0
BGRN.US,D,20200228,000000,54.761,54.854,54.642,54.779,45070,0
BGRN.US,D,20200302,000000,54.961,54.979,54.776,54.776,10049,0
BGRN.US,D,20200303,000000,54.8,55.034,54.8,55.034,5223,0
BGRN.US,D,20200304,000000,55.337,55.337,54.936,54.936,7275,0
BGRN.US,D,20200305,000000,55.129,55.228,55.029,55.104,126917,0
BGRN.US,D,20200306,000000,55.377,55.377,55.168,55.196,8303,0
BGRN.US,D,20200309,000000,55.705,55.705,55.158,55.288,45810,0
BGRN.US,D,20200310,000000,54.831,55.337,54.801,54.866,56411,0
BGRN.US,D,20200311,000000,54.861,55.007,54.759,54.759,16133,0
BGRN.US,D,20200312,000000,53.619,54.604,53.619,53.882,7203,0
BGRN.US,D,20200313,000000,53.283,54.068,53.184,53.734,10144,0
BGRN.US,D,20200316,000000,53.729,53.729,52.871,53.214,5133,0
BGRN.US,D,20200317,000000,53.273,53.273,52.299,52.554,12952,0
BGRN.US,D,20200318,000000,51.634,52.254,51.568,51.659,32439,0
BGRN.US,D,20200319,000000,51.804,52.159,51.674,51.684,12237,0
BGRN.US,D,20200320,000000,52.429,52.459,52.12,52.158,4795,0
BGRN.US,D,20200323,000000,52,52.462,51.853,52.462,28313,0
BGRN.US,D,20200324,000000,52.199,52.199,51.823,52.04,47834,0
BGRN.US,D,20200325,000000,51.892,52.109,51.863,52.025,5897,0
BGRN.US,D,20200326,000000,51.882,52.518,51.882,52.339,8315,0
BGRN.US,D,20200327,000000,52.389,52.816,52.389,52.696,5781,0
BGRN.US,D,20200330,000000,52.821,52.965,52.627,52.761,2644,0
BGRN.US,D,20200331,000000,53.044,53.044,52.627,52.696,4747,0
BGRN.US,D,20200401,000000,52.926,52.926,52.487,52.487,6225,0
BGRN.US,D,20200402,000000,52.906,52.906,52.527,52.607,7805,0
BGRN.US,D,20200403,000000,52.796,52.816,52.398,52.629,26637,0
BGRN.US,D,20200406,000000,52.73,52.776,52.48,52.667,20587,0
BGRN.US,D,20200407,000000,52.482,52.607,52.318,52.423,1808,0
BGRN.US,D,20200408,000000,52.368,52.527,52.368,52.527,11354,0
BGRN.US,D,20200409,000000,52.587,52.906,52.587,52.871,5161,0
BGRN.US,D,20200413,000000,53.015,53.085,52.806,52.916,146325,0
BGRN.US,D,20200414,000000,53.195,53.245,52.976,53.05,14759,0
BGRN.US,D,20200415,000000,53.463,53.503,53.175,53.37,10243,0
BGRN.US,D,20200416,000000,53.493,53.523,53.275,53.442,23859,0
BGRN.US,D,20200417,000000,53.622,53.622,53.339,53.409,7236,0
BGRN.US,D,20200420,000000,53.453,53.513,53.193,53.31,30210,0
BGRN.US,D,20200421,000000,53.523,53.533,53.185,53.225,15872,0
BGRN.US,D,20200422,000000,53.175,53.344,53.175,53.175,2416,0
BGRN.US,D,20200423,000000,53.592,53.592,53.275,53.393,10924,0
BGRN.US,D,20200424,000000,53.592,53.702,53.374,53.523,25873,0
BGRN.US,D,20200427,000000,53.394,53.533,53.394,53.477,9026,0
BGRN.US,D,20200428,000000,53.443,53.612,53.443,53.546,2165,0
BGRN.US,D,20200429,000000,53.542,53.922,53.542,53.748,13517,0
BGRN.US,D,20200430,000000,53.737,54.052,53.737,53.992,18895,0
BGRN.US,D,20200501,000000,53.742,53.832,53.523,53.597,24070,0
BGRN.US,D,20200504,000000,53.882,53.882,53.543,53.671,7689,0
BGRN.US,D,20200505,000000,53.962,53.962,53.493,53.592,28914,0
BGRN.US,D,20200506,000000,53.374,53.453,53.301,53.369,2989,0
BGRN.US,D,20200507,000000,53.662,53.662,53.473,53.592,12348,0
BGRN.US,D,20200508,000000,53.572,53.682,53.507,53.528,8751,0
BGRN.US,D,20200511,000000,53.612,53.612,53.403,53.488,7445,0
BGRN.US,D,20200512,000000,53.414,53.602,53.374,53.424,8381,0
BGRN.US,D,20200513,000000,53.702,53.702,53.456,53.483,8540,0
BGRN.US,D,20200514,000000,53.702,53.702,53.503,53.528,11946,0
BGRN.US,D,20200515,000000,53.672,53.672,53.509,53.514,4384,0
BGRN.US,D,20200518,000000,53.672,53.672,53.414,53.498,10043,0
BGRN.US,D,20200519,000000,53.473,53.473,53.431,53.448,2864,0
BGRN.US,D,20200520,000000,53.622,53.622,53.518,53.622,3309,0
BGRN.US,D,20200521,000000,53.822,53.822,53.622,53.637,6969,0
BGRN.US,D,20200522,000000,53.752,53.752,53.612,53.672,4986,0
BGRN.US,D,20200526,000000,53.672,53.772,53.542,53.597,12922,0
BGRN.US,D,20200527,000000,53.772,53.772,53.612,53.627,7100,0
BGRN.US,D,20200528,000000,53.739,53.837,53.739,53.747,10269,0
BGRN.US,D,20200529,000000,53.841,53.942,53.841,53.912,15080,0
BGRN.US,D,20200601,000000,53.933,53.933,53.713,53.783,15260,0
BGRN.US,D,20200602,000000,53.838,53.863,53.823,53.823,7540,0
BGRN.US,D,20200603,000000,53.993,54.003,53.823,53.828,19434,0
BGRN.US,D,20200604,000000,53.793,53.873,53.773,53.813,13973,0
BGRN.US,D,20200605,000000,53.923,53.953,53.763,53.873,21810,0
BGRN.US,D,20200608,000000,53.943,54.241,53.943,53.993,32759,0
BGRN.US,D,20200609,000000,54.202,54.401,53.953,54.028,23889,0
BGRN.US,D,20200610,000000,54.023,54.133,53.973,54.058,12607,0
BGRN.US,D,20200611,000000,54.173,54.341,54.123,54.217,11108,0
BGRN.US,D,20200612,000000,54.401,54.401,54.234,54.311,15649,0
BGRN.US,D,20200615,000000,54.391,54.391,54.226,54.257,10778,0
BGRN.US,D,20200616,000000,54.241,54.302,54.211,54.261,15700,0
BGRN.US,D,20200617,000000,54.361,54.363,54.229,54.236,5555,0
BGRN.US,D,20200618,000000,54.331,54.491,54.331,54.446,7754,0
BGRN.US,D,20200619,000000,54.531,54.571,54.341,54.371,26240,0
BGRN.US,D,20200622,000000,54.511,54.723,54.511,54.571,7826,0
BGRN.US,D,20200623,000000,54.471,54.561,54.428,54.506,9692,0
BGRN.US,D,20200624,000000,54.511,54.611,54.501,54.556,7678,0
BGRN.US,D,20200625,000000,54.691,54.77,54.611,54.711,33594,0
BGRN.US,D,20200626,000000,54.731,54.731,54.596,54.696,11310,0
BGRN.US,D,20200629,000000,54.691,54.77,54.671,54.711,32898,0
BGRN.US,D,20200630,000000,54.77,54.77,54.502,54.601,27090,0
BGRN.US,D,20200701,000000,54.571,54.571,54.469,54.519,7413,0
BGRN.US,D,20200702,000000,54.689,54.691,54.661,54.661,4030,0
BGRN.US,D,20200706,000000,54.681,54.731,54.601,54.696,15163,0
BGRN.US,D,20200707,000000,54.77,54.84,54.581,54.8,16826,0
BGRN.US,D,20200708,000000,54.87,54.88,54.822,54.841,7431,0
BGRN.US,D,20200709,000000,54.94,54.98,54.803,54.9,22087,0
BGRN.US,D,20200710,000000,55.03,55.03,54.8,54.885,15807,0
BGRN.US,D,20200713,000000,54.84,54.84,54.79,54.84,9093,0
BGRN.US,D,20200714,000000,54.95,54.95,54.747,54.865,3775,0
BGRN.US,D,20200715,000000,54.92,54.98,54.86,54.93,25123,0
BGRN.US,D,20200716,000000,55.08,55.08,55,55.08,5055,0
BGRN.US,D,20200717,000000,55.08,55.12,54.994,55.089,37567,0
BGRN.US,D,20200720,000000,55.11,55.19,55.11,55.129,10258,0
BGRN.US,D,20200721,000000,55.25,55.25,55.18,55.203,17366,0
BGRN.US,D,20200722,000000,55.39,55.39,55.24,55.29,2821,0
BGRN.US,D,20200723,000000,55.39,55.39,55.288,55.3,5770,0
BGRN.US,D,20200724,000000,55.24,55.33,55.18,55.29,7817,0
BGRN.US,D,20200727,000000,55.37,55.41,55.232,55.3,6995,0
BGRN.US,D,20200728,000000,55.42,55.53,55.41,55.437,8302,0
BGRN.US,D,20200729,000000,55.42,55.44,55.351,55.39,7822,0
BGRN.US,D,20200730,000000,55.455,55.61,55.39,55.485,3191,0
BGRN.US,D,20200731,000000,55.52,55.54,55.4,55.447,37856,0
BGRN.US,D,20200803,000000,55.42,55.49,55.42,55.47,4021,0
BGRN.US,D,20200804,000000,55.46,55.65,55.46,55.64,11045,0
BGRN.US,D,20200805,000000,55.54,55.55,55.37,55.4,17522,0
BGRN.US,D,20200806,000000,55.597,55.67,55.597,55.64,20920,0
BGRN.US,D,20200807,000000,55.64,55.71,55.58,55.591,9294,0
BGRN.US,D,20200810,000000,55.7,55.705,55.61,55.64,22000,0
BGRN.US,D,20200811,000000,55.54,55.54,55.469,55.52,7722,0
BGRN.US,D,20200812,000000,55.57,55.57,55.389,55.4,10824,0
BGRN.US,D,20200813,000000,55.32,55.32,55.133,55.16,9781,0
BGRN.US,D,20200814,000000,55.231,55.32,55.231,55.25,9424,0
BGRN.US,D,20200817,000000,55.36,55.389,55.2,55.21,12088,0
BGRN.US,D,20200818,000000,55.4,55.44,55.306,55.38,5602,0
BGRN.US,D,20200819,000000,55.43,55.46,55.35,55.4,7479,0
BGRN.US,D,20200820,000000,55.569,55.58,55.48,55.491,19336,0
BGRN.US,D,20200821,000000,55.56,55.563,55.495,55.54,5024,0
BGRN.US,D,20200824,000000,55.57,55.57,55.442,55.46,10193,0
BGRN.US,D,20200825,000000,55.32,55.36,55.22,55.32,12856,0
BGRN.US,D,20200826,000000,55.14,55.3,55.13,55.3,9978,0
BGRN.US,D,20200827,000000,55.128,55.16,55.083,55.12,8691,0
BGRN.US,D,20200828,000000,55.13,55.21,55.13,55.195,22065,0
BGRN.US,D,20200831,000000,55.15,55.15,55.085,55.12,23559,0
BGRN.US,D,20200901,000000,55,55.31,55,55.3,22149,0
BGRN.US,D,20200902,000000,55.42,55.45,55.37,55.42,3772,0
BGRN.US,D,20200903,000000,55.53,55.54,55.469,55.501,7306,0
BGRN.US,D,20200904,000000,55.383,55.42,55.31,55.31,10302,0
BGRN.US,D,20200908,000000,55.34,55.49,55.34,55.428,6262,0
BGRN.US,D,20200909,000000,55.51,55.51,55.31,55.37,8676,0
BGRN.US,D,20200910,000000,55.31,55.387,55.225,55.374,7187,0
BGRN.US,D,20200911,000000,55.29,55.463,55.29,55.463,3607,0
BGRN.US,D,20200914,000000,55.54,55.54,55.486,55.486,6734,0
BGRN.US,D,20200915,000000,55.48,55.51,55.48,55.5,8830,0
BGRN.US,D,20200916,000000,55.54,55.59,55.48,55.485,7120,0
BGRN.US,D,20200917,000000,55.65,55.65,55.545,55.565,7737,0
BGRN.US,D,20200918,000000,55.63,55.63,55.53,55.545,6503,0
BGRN.US,D,20200921,000000,55.52,55.68,55.515,55.62,9763,0
BGRN.US,D,20200922,000000,55.46,55.61,55.46,55.61,11060,0
BGRN.US,D,20200923,000000,55.59,55.6,55.41,55.42,13015,0
BGRN.US,D,20200924,000000,55.41,55.527,55.41,55.472,5504,0
BGRN.US,D,20200925,000000,55.59,55.59,55.472,55.565,13399,0
BGRN.US,D,20200928,000000,55.59,55.59,55.508,55.519,10165,0
BGRN.US,D,20200929,000000,55.66,55.66,55.564,55.63,34733,0
BGRN.US,D,20200930,000000,55.565,55.58,55.54,55.57,17737,0
BGRN.US,D,20201001,000000,55.55,55.67,55.5201,55.65,30477,0
BGRN.US,D,20201002,000000,55.68,55.7,55.5312,55.635,18483,0
BGRN.US,D,20201005,000000,55.585,55.585,55.496,55.55,22309,0
BGRN.US,D,20201006,000000,55.61,55.62,55.575,55.5823,6645,0
BGRN.US,D,20201007,000000,55.62,55.62,55.45,55.5623,36425,0
BGRN.US,D,20201008,000000,55.63,55.68,55.595,55.61,24135,0
BGRN.US,D,20201009,000000,55.74,55.76,55.65,55.69,11602,0
BGRN.US,D,20201012,000000,55.77,55.77,55.68,55.695,12979,0
BGRN.US,D,20201013,000000,55.78,55.81,55.75,55.78,14927,0
BGRN.US,D,20201014,000000,55.94,55.94,55.801,55.875,8782,0
BGRN.US,D,20201015,000000,55.9888,56,55.97,55.97,8703,0
BGRN.US,D,20201016,000000,56,56.0223,55.946,55.965,6073,0
BGRN.US,D,20201019,000000,55.96,55.98,55.94,55.9523,27790,0
BGRN.US,D,20201020,000000,56,56,55.8843,55.908,5430,0
BGRN.US,D,20201021,000000,55.91,55.91,55.81,55.85,12492,0
BGRN.US,D,20201022,000000,55.82,55.82,55.77,55.78,117167,0
BGRN.US,D,20201023,000000,55.785,55.88,55.7501,55.88,40285,0
BGRN.US,D,20201026,000000,55.87,55.9,55.84,55.88,28644,0
BGRN.US,D,20201027,000000,55.82,56.01,55.82,56,19122,0
BGRN.US,D,20201028,000000,56.02,56.02,55.84,55.94,13194,0
BGRN.US,D,20201029,000000,55.97,56.03,55.95,55.98,16207,0
BGRN.US,D,20201030,000000,55.92,55.92,55.855,55.9,23688,0
BGRN.US,D,20201102,000000,55.78,55.78,55.67,55.76,14168,0
BGRN.US,D,20201103,000000,55.78,55.8,55.71,55.8,11376,0
BGRN.US,D,20201104,000000,55.92,55.94,55.87,55.89,15923,0
BGRN.US,D,20201105,000000,55.85,55.99,55.8,55.99,21889,0
BGRN.US,D,20201106,000000,55.93,55.93,55.845,55.9,5564,0
BGRN.US,D,20201109,000000,55.72,55.72,55.543,55.57,17451,0
BGRN.US,D,20201110,000000,55.55,55.57,55.4412,55.521,31173,0
BGRN.US,D,20201111,000000,55.61,55.675,55.563,55.64,20759,0
BGRN.US,D,20201112,000000,55.69,55.84,55.69,55.83,13917,0
BGRN.US,D,20201113,000000,55.9,55.9,55.77,55.85,13598,0
BGRN.US,D,20201116,000000,55.83,55.88,55.8,55.85,18232,0
BGRN.US,D,20201117,000000,55.89,55.97,55.89,55.97,9773,0
BGRN.US,D,20201118,000000,55.98,55.98,55.905,55.95,32319,0
BGRN.US,D,20201119,000000,56.03,56.04,56,56,17833,0
BGRN.US,D,20201120,000000,56.07,56.12,56.005,56.12,31176,0
BGRN.US,D,20201123,000000,56.05,56.07,55.98,56.03,35452,0
BGRN.US,D,20201124,000000,56.03,56.065,55.98,56.02,24892,0
BGRN.US,D,20201125,000000,56.03,56.05,55.9315,56.02,13577,0
BGRN.US,D,20201127,000000,56.08,56.1,55.99,56.1,8292,0
BGRN.US,D,20201130,000000,56.11,56.11,56,56.07,13674,0
BGRN.US,D,20201201,000000,55.98,55.98,55.79,55.8,47579,0
BGRN.US,D,20201202,000000,55.89,55.94,55.81,55.91,27703,0
BGRN.US,D,20201203,000000,55.98,56.04,55.9452,56.03,20519,0
BGRN.US,D,20201204,000000,56.01,56.0337,55.98,56.03,10346,0
BGRN.US,D,20201207,000000,56.1,56.13,56.055,56.1,22266,0
BGRN.US,D,20201208,000000,56.18,56.2,56.135,56.19,14313,0
BGRN.US,D,20201209,000000,56.07,56.17,56.055,56.17,16390,0
BGRN.US,D,20201210,000000,56.14,56.23,56.125,56.23,9305,0
BGRN.US,D,20201211,000000,56.31,56.34,56.2534,56.33,28545,0
BGRN.US,D,20201214,000000,56.23,56.26,55.97,56.25,20814,0
BGRN.US,D,20201215,000000,56.24,56.3,56.1868,56.24,26078,0
BGRN.US,D,20201216,000000,56.08,56.13,55.8,56.12,20460,0
BGRN.US,D,20201217,000000,56.21,56.21,56.01,56.075,33105,0
BGRN.US,D,20201218,000000,56.14,56.15,56.07,56.13,45249,0
BGRN.US,D,20201221,000000,56.14,56.2,56.0514,56.14,45344,0
BGRN.US,D,20201222,000000,56.1,56.22,56.1,56.2,31944,0
BGRN.US,D,20201223,000000,56.05,56.1,56.003,56.03,21167,0
BGRN.US,D,20201224,000000,56.09,56.12,56.03,56.11,7268,0
BGRN.US,D,20201228,000000,56.1,56.15,56.0439,56.0764,29528,0
BGRN.US,D,20201229,000000,56.12,56.2,56.0621,56.14,39877,0
BGRN.US,D,20201230,000000,56.2,56.21,55.89,56.19,16034,0
BGRN.US,D,20201231,000000,56.24,56.25,56.11,56.25,16066,0
BGRN.US,D,20210104,000000,56.29,56.32,56.185,56.31,42793,0
BGRN.US,D,20210105,000000,56.31,56.31,56.24,56.28,35974,0
BGRN.US,D,20210106,000000,56.13,56.13,56.0261,56.09,22325,0
BGRN.US,D,20210107,000000,56.09,56.1,56.01,56.1,15883,0
BGRN.US,D,20210108,000000,56.02,56.13,56,56.1,78476,0
BGRN.US,D,20210111,000000,55.98,56.02,55.91,55.96,61320,0
BGRN.US,D,20210112,000000,55.89,55.89,55.6801,55.89,70081,0
BGRN.US,D,20210113,000000,56,56.06,55.935,56.06,17634,0
BGRN.US,D,20210114,000000,56.055,56.1,56.0001,56.06,23582,0
BGRN.US,D,20210115,000000,56.08,56.08,56.0162,56.05,13059,0
BGRN.US,D,20210119,000000,55.99,56.05,55.9501,56.02,29424,0
BGRN.US,D,20210120,000000,56.09,56.09,55.95,56.05,30291,0
BGRN.US,D,20210121,000000,55.95,55.95,55.79,55.8,18595,0
BGRN.US,D,20210122,000000,55.98,56.01,55.872,56.01,18079,0
BGRN.US,D,20210125,000000,56.13,56.15,56.02,56.15,96729,0
BGRN.US,D,20210126,000000,56.07,56.1,56.03,56.05,40742,0
BGRN.US,D,20210127,000000,56.06,56.09,55.99,55.99,44178,0
BGRN.US,D,20210128,000000,56.02,56.03,55.88,55.945,21716,0
BGRN.US,D,20210129,000000,55.84,55.92,55.835,55.91,17235,0
BGRN.US,D,20210201,000000,55.91,55.96,55.85,55.96,23501,0
BGRN.US,D,20210202,000000,55.88,55.9,55.82,55.82,33940,0
BGRN.US,D,20210203,000000,55.83,55.83,55.7023,55.7652,25392,0
BGRN.US,D,20210204,000000,55.75,55.76,55.7005,55.76,16723,0
BGRN.US,D,20210205,000000,55.72,55.76,55.68,55.7166,42677,0
BGRN.US,D,20210208,000000,55.67,55.73,55.6,55.7,22115,0
BGRN.US,D,20210209,000000,55.71,55.74,55.6701,55.7075,23873,0
BGRN.US,D,20210210,000000,55.74,55.74,55.62,55.63,10935,0
BGRN.US,D,20210211,000000,55.72,55.72,55.69,55.69,15349,0
BGRN.US,D,20210212,000000,55.54,55.56,55.51,55.51,15492,0
BGRN.US,D,20210216,000000,55.5,55.5,55.16,55.16,25993,0
BGRN.US,D,20210217,000000,55.19,55.28,55.19,55.26,17068,0
BGRN.US,D,20210218,000000,55.15,55.22,55.115,55.21,24636,0
BGRN.US,D,20210219,000000,55.09,55.105,55.04,55.065,24621,0
BGRN.US,D,20210222,000000,55.06,55.33,54.96,54.9736,68285,0
BGRN.US,D,20210223,000000,54.92,54.99,54.8791,54.97,17152,0
BGRN.US,D,20210224,000000,54.82,54.9599,54.7804,54.93,17422,0
BGRN.US,D,20210225,000000,54.7066,55.13,54.4137,54.52,86990,0
BGRN.US,D,20210226,000000,54.695,54.8896,54.69,54.8896,28196,0
BGRN.US,D,20210301,000000,55.03,55.11,54.9918,55.11,31099,0
BGRN.US,D,20210302,000000,55,55.11,55,55.11,12735,0
BGRN.US,D,20210303,000000,55.12,55.12,54.86,54.89,21491,0
BGRN.US,D,20210304,000000,54.86,54.9,54.705,54.745,25345,0
BGRN.US,D,20210305,000000,54.72,54.83,54.7,54.815,33586,0
BGRN.US,D,20210308,000000,54.74,54.74,54.6401,54.65,20781,0
BGRN.US,D,20210309,000000,54.77,54.78,54.7154,54.78,22173,0
BGRN.US,D,20210310,000000,54.78,54.78,54.7704,54.78,17936,0
BGRN.US,D,20210311,000000,54.88,54.93,54.87,54.879,19686,0
BGRN.US,D,20210312,000000,54.73,54.73,54.59,54.67,56956,0
BGRN.US,D,20210315,000000,54.67,54.9,54.67,54.7704,21893,0
BGRN.US,D,20210316,000000,54.89,54.89,54.7428,54.76,13521,0
BGRN.US,D,20210317,000000,54.62,54.695,54.55,54.6828,26709,0
BGRN.US,D,20210318,000000,54.46,54.54,54.41,54.52,22945,0
BGRN.US,D,20210319,000000,54.5329,54.57,54.5201,54.56,19441,0
BGRN.US,D,20210322,000000,54.58,54.65,54.58,54.635,12569,0
BGRN.US,D,20210323,000000,54.72,54.78,54.712,54.78,9810,0
BGRN.US,D,20210324,000000,54.95,54.95,54.75,54.8317,37462,0
BGRN.US,D,20210325,000000,54.86,54.9091,54.86,54.89,14338,0
BGRN.US,D,20210326,000000,54.78,54.83,54.7479,54.8,24609,0
BGRN.US,D,20210329,000000,54.76,54.76,54.63,54.65,16999,0
BGRN.US,D,20210330,000000,54.56,54.65,54.555,54.65,19854,0
BGRN.US,D,20210331,000000,54.68,54.71,54.655,54.665,15550,0
BGRN.US,D,20210401,000000,54.78,54.81,54.75,54.81,15432,0
BGRN.US,D,20210405,000000,54.7,54.7421,54.62,54.73,35436,0
BGRN.US,D,20210406,000000,54.8,54.936,54.8,54.92,20851,0
BGRN.US,D,20210407,000000,54.99,54.99,54.765,54.78,24506,0
BGRN.US,D,20210408,000000,54.84,54.905,54.79,54.8201,36440,0
BGRN.US,D,20210409,000000,54.7,54.81,54.68,54.78,18337,0
BGRN.US,D,20210412,000000,54.72,54.75,54.6901,54.7106,28603,0
BGRN.US,D,20210413,000000,54.72,54.85,54.7,54.8064,40033,0
BGRN.US,D,20210414,000000,54.75,54.755,54.63,54.66,15847,0
BGRN.US,D,20210415,000000,54.7301,54.88,54.73,54.85,8013,0
BGRN.US,D,20210416,000000,54.75,54.76,54.7142,54.7142,15377,0
BGRN.US,D,20210419,000000,54.57,54.66,54.5501,54.614,20835,0
BGRN.US,D,20210420,000000,54.63,54.7498,54.63,54.7293,5256,0
BGRN.US,D,20210421,000000,54.7845,54.84,54.7719,54.8311,7642,0
BGRN.US,D,20210422,000000,55.02,55.02,54.74,54.8046,87156,0
BGRN.US,D,20210423,000000,54.69,54.74,54.684,54.72,29453,0
BGRN.US,D,20210426,000000,54.78,54.79,54.7247,54.7247,21757,0
BGRN.US,D,20210427,000000,54.72,54.73,54.65,54.65,26166,0
BGRN.US,D,20210428,000000,54.55,54.7,54.55,54.7,18199,0
BGRN.US,D,20210429,000000,54.4917,54.67,54.43,54.52,20324,0
BGRN.US,D,20210430,000000,54.56,54.56,54.4906,54.53,24339,0
BGRN.US,D,20210503,000000,54.55,54.6,54.53,54.59,23706,0
BGRN.US,D,20210504,000000,54.64,54.68,54.59,54.625,14393,0
BGRN.US,D,20210505,000000,54.59,54.66,54.5758,54.6406,6859,0
BGRN.US,D,20210506,000000,54.59,54.65,54.5582,54.6187,63667,0
BGRN.US,D,20210507,000000,54.5,54.64,54.45,54.5,32678,0
BGRN.US,D,20210510,000000,54.46,54.54,54.36,54.375,128267,0
BGRN.US,D,20210511,000000,54.27,54.33,54.18,54.28,22579,0
BGRN.US,D,20210512,000000,54.23,54.23,54.06,54.0941,19820,0
BGRN.US,D,20210513,000000,54.14,54.169,54.1095,54.1422,9319,0
BGRN.US,D,20210514,000000,54.08,54.23,54.08,54.205,7549,0
BGRN.US,D,20210517,000000,54.12,54.18,54.07,54.1261,17669,0
BGRN.US,D,20210518,000000,54.07,54.0994,54,54.035,20340,0
BGRN.US,D,20210519,000000,53.98,54.0707,53.93,53.99,11276,0
BGRN.US,D,20210520,000000,54.1139,54.16,54.1,54.13,8461,0
BGRN.US,D,20210521,000000,54.28,54.28,54.19,54.24,13520,0
BGRN.US,D,20210524,000000,54.24,54.33,54.1705,54.3,17018,0
BGRN.US,D,20210525,000000,54.36,54.48,54.3114,54.42,16771,0
BGRN.US,D,20210526,000000,54.57,54.57,54.4801,54.5094,8064,0
BGRN.US,D,20210527,000000,54.415,54.44,54.4001,54.4172,12465,0
BGRN.US,D,20210528,000000,54.4,54.4798,54.4,54.455,11514,0
BGRN.US,D,20210601,000000,54.47,54.49,54.4097,54.45,23755,0
BGRN.US,D,20210602,000000,54.47,54.59,54.47,54.52,29918,0
BGRN.US,D,20210603,000000,54.75,54.75,54.4277,54.4353,15100,0
BGRN.US,D,20210604,000000,54.43,54.6,54.43,54.5734,11489,0
BGRN.US,D,20210607,000000,54.48,54.54,54.47,54.5141,12556,0
BGRN.US,D,20210608,000000,54.6203,54.66,54.61,54.62,13635,0
BGRN.US,D,20210609,000000,54.8,54.86,54.65,54.711,28574,0
BGRN.US,D,20210610,000000,54.56,54.8,54.56,54.8,14590,0
BGRN.US,D,20210611,000000,54.885,54.92,54.865,54.91,8933,0
BGRN.US,D,20210614,000000,54.81,54.81,54.635,54.635,18003,0
BGRN.US,D,20210615,000000,54.64,54.72,54.6305,54.699,24499,0
BGRN.US,D,20210616,000000,54.73,54.76,54.53,54.53,9019,0
BGRN.US,D,20210617,000000,54.63,54.74,54.5701,54.705,39646,0
BGRN.US,D,20210618,000000,54.72,54.8,54.6751,54.7439,17376,0
BGRN.US,D,20210621,000000,54.65,54.65,54.5506,54.6447,12651,0
BGRN.US,D,20210622,000000,54.78,54.78,54.54,54.5799,13423,0
BGRN.US,D,20210623,000000,54.64,54.65,54.6,54.62,9817,0
BGRN.US,D,20210624,000000,54.67,54.69,54.63,54.64,29473,0
BGRN.US,D,20210625,000000,54.79,54.79,54.461,54.505,12005,0
BGRN.US,D,20210628,000000,54.56,54.66,54.56,54.635,13864,0
BGRN.US,D,20210629,000000,54.71,54.71,54.59,54.65,29798,0
BGRN.US,D,20210630,000000,54.62,54.77,54.62,54.74,15590,0
BGRN.US,D,20210701,000000,54.71,54.8093,54.71,54.75,11816,0
BGRN.US,D,20210702,000000,54.84,54.93,54.838,54.91,13616,0
BGRN.US,D,20210706,000000,54.94,55.08,54.94,55.05,16608,0
BGRN.US,D,20210707,000000,55.19,55.225,55.17,55.18,9558,0
BGRN.US,D,20210708,000000,55.32,55.32,55.1924,55.215,60970,0
BGRN.US,D,20210709,000000,55.13,55.13,55.02,55.07,14077,0
BGRN.US,D,20210712,000000,55.18,55.21,55.091,55.1251,43529,0
BGRN.US,D,20210713,000000,55.12,55.1757,55,55.0337,7081,0
BGRN.US,D,20210714,000000,55.27,55.27,55.11,55.22,31123,0
BGRN.US,D,20210715,000000,55.39,55.39,55.2301,55.37,14693,0
BGRN.US,D,20210716,000000,55.44,55.44,55.34,55.41,27469,0
BGRN.US,D,20210719,000000,55.41,55.56,55.41,55.5348,20227,0
BGRN.US,D,20210720,000000,55.68,55.68,55.5204,55.531,8011,0
BGRN.US,D,20210721,000000,55.51,55.52,55.4108,55.5,16447,0
BGRN.US,D,20210722,000000,55.5795,55.651,55.5524,55.65,8948,0
BGRN.US,D,20210723,000000,55.63,55.66,55.6,55.64,9052,0
BGRN.US,D,20210726,000000,55.78,55.78,55.61,55.64,15722,0
BGRN.US,D,20210727,000000,55.685,55.72,55.6829,55.72,5473,0
BGRN.US,D,20210728,000000,55.69,55.75,55.65,55.75,11559,0
BGRN.US,D,20210729,000000,55.66,55.74,55.66,55.74,8240,0
BGRN.US,D,20210730,000000,55.76,55.7868,55.72,55.756,22043,0
BGRN.US,D,20210802,000000,55.88,55.905,55.8109,55.89,10424,0
BGRN.US,D,20210803,000000,55.95,55.99,55.92,55.95,10088,0
BGRN.US,D,20210804,000000,56,56,55.885,55.985,9008,0
BGRN.US,D,20210805,000000,56.18,56.18,55.98,56.03,40088,0
BGRN.US,D,20210806,000000,55.85,55.85,55.75,55.76,8879,0
BGRN.US,D,20210809,000000,55.91,55.91,55.7442,55.77,30270,0
BGRN.US,D,20210810,000000,55.76,55.85,55.76,55.79,12671,0
BGRN.US,D,20210811,000000,55.72,55.78,55.7007,55.78,21726,0
BGRN.US,D,20210812,000000,55.86,55.86,55.73,55.78,11524,0
BGRN.US,D,20210813,000000,55.77,55.838,55.77,55.82,8409,0
BGRN.US,D,20210816,000000,55.93,55.93,55.849,55.87,18746,0
BGRN.US,D,20210817,000000,55.79,55.83,55.78,55.8,13504,0
BGRN.US,D,20210818,000000,55.85,55.899,55.78,55.85,20306,0
BGRN.US,D,20210819,000000,55.91,55.97,55.86,55.93,9200,0
BGRN.US,D,20210820,000000,56,56,55.88,55.9458,48516,0
BGRN.US,D,20210823,000000,55.95,55.95,55.86,55.9,31229,0
BGRN.US,D,20210824,000000,56.07,56.07,55.835,55.85,45198,0
BGRN.US,D,20210825,000000,55.76,55.76,55.6,55.63,21597,0
BGRN.US,D,20210826,000000,55.63,55.63,55.54,55.59,17645,0
BGRN.US,D,20210827,000000,55.66,55.7648,55.5,55.65,18594,0
BGRN.US,D,20210830,000000,55.81,55.86,55.66,55.77,17007,0
BGRN.US,D,20210831,000000,55.72,55.72,55.52,55.54,19982,0
BGRN.US,D,20210901,000000,55.55,55.57,55.47,55.57,70183,0
