<TICKER>,<PER>,<DATE>,<TIME>,<OPEN>,<HIGH>,<LOW>,<CLOSE>,<VOL>,<OPENINT>
BOTZ.US,D,20160916,000000,14.312,14.312,14.295,14.295,1543,0
BOTZ.US,D,20160919,000000,14.411,14.439,14.407,14.429,618,0
BOTZ.US,D,20160920,000000,14.556,14.556,14.556,14.556,105,0
BOTZ.US,D,20160922,000000,14.955,14.965,14.867,14.897,3802,0
BOTZ.US,D,20160923,000000,14.907,14.907,14.819,14.848,9525,0
BOTZ.US,D,20160926,000000,14.73,14.73,14.614,14.614,2923,0
BOTZ.US,D,20160927,000000,14.75,16.219,14.698,14.789,3512,0
BOTZ.US,D,20160928,000000,14.867,14.887,14.789,14.887,2970,0
BOTZ.US,D,20160929,000000,14.887,14.887,14.829,14.838,3890,0
BOTZ.US,D,20160930,000000,14.857,14.887,14.78,14.887,3809,0
BOTZ.US,D,20161003,000000,14.936,14.936,14.77,14.835,3546,0
BOTZ.US,D,20161004,000000,14.965,14.965,14.829,14.829,10812,0
BOTZ.US,D,20161005,000000,14.955,14.984,14.955,14.965,1375,0
BOTZ.US,D,20161006,000000,14.974,14.974,14.882,14.917,3851,0
BOTZ.US,D,20161007,000000,14.926,14.936,14.877,14.926,8837,0
BOTZ.US,D,20161010,000000,15.013,15.022,14.99,14.995,11169,0
BOTZ.US,D,20161011,000000,15.031,15.031,14.877,14.877,6239,0
BOTZ.US,D,20161012,000000,14.887,14.887,14.768,14.819,4854,0
BOTZ.US,D,20161013,000000,14.662,14.701,14.583,14.701,6542,0
BOTZ.US,D,20161014,000000,14.75,14.76,14.701,14.701,3062,0
BOTZ.US,D,20161017,000000,14.76,14.789,14.73,14.75,10970,0
BOTZ.US,D,20161018,000000,14.945,14.945,14.858,14.867,3408,0
BOTZ.US,D,20161019,000000,14.936,14.936,14.829,14.838,6221,0
BOTZ.US,D,20161020,000000,14.838,14.877,14.829,14.877,9085,0
BOTZ.US,D,20161021,000000,14.86,14.877,14.86,14.877,286,0
BOTZ.US,D,20161024,000000,15.013,15.013,14.857,14.877,12873,0
BOTZ.US,D,20161025,000000,14.829,14.829,14.73,14.75,15497,0
BOTZ.US,D,20161026,000000,14.737,14.76,14.711,14.75,4113,0
BOTZ.US,D,20161027,000000,14.682,14.682,14.583,14.583,22723,0
BOTZ.US,D,20161028,000000,14.643,14.672,14.603,14.643,3656,0
BOTZ.US,D,20161031,000000,14.682,14.682,14.603,14.603,2678,0
BOTZ.US,D,20161101,000000,14.623,14.623,14.536,14.536,5829,0
BOTZ.US,D,20161102,000000,14.498,14.498,14.401,14.401,10514,0
BOTZ.US,D,20161103,000000,14.574,14.574,14.421,14.458,3315,0
BOTZ.US,D,20161104,000000,14.478,14.478,14.332,14.411,7383,0
BOTZ.US,D,20161107,000000,14.652,14.652,14.561,14.565,5976,0
BOTZ.US,D,20161108,000000,14.574,14.643,14.556,14.633,3253,0
BOTZ.US,D,20161109,000000,14.391,14.662,14.391,14.643,15265,0
BOTZ.US,D,20161110,000000,14.78,14.829,14.662,14.77,2326,0
BOTZ.US,D,20161111,000000,14.75,14.77,14.73,14.75,5007,0
BOTZ.US,D,20161114,000000,14.74,14.809,14.73,14.809,5659,0
BOTZ.US,D,20161115,000000,14.76,14.848,14.76,14.848,3200,0
BOTZ.US,D,20161116,000000,14.747,14.747,14.669,14.676,2107,0
BOTZ.US,D,20161117,000000,14.838,14.926,14.777,14.926,4640,0
BOTZ.US,D,20161118,000000,14.838,14.838,14.705,14.711,7502,0
BOTZ.US,D,20161121,000000,14.768,14.799,14.711,14.765,13598,0
BOTZ.US,D,20161122,000000,14.799,14.799,14.717,14.739,2111,0
BOTZ.US,D,20161123,000000,14.74,14.77,14.634,14.77,11263,0
BOTZ.US,D,20161125,000000,14.78,14.789,14.73,14.78,6056,0
BOTZ.US,D,20161128,000000,14.838,14.838,14.73,14.77,13955,0
BOTZ.US,D,20161129,000000,14.73,14.803,14.72,14.78,9771,0
BOTZ.US,D,20161130,000000,14.73,14.78,14.629,14.662,10411,0
BOTZ.US,D,20161201,000000,14.692,14.692,14.484,14.488,8542,0
BOTZ.US,D,20161202,000000,14.411,14.421,14.285,14.421,8384,0
BOTZ.US,D,20161205,000000,14.527,14.613,14.527,14.581,9059,0
BOTZ.US,D,20161206,000000,14.565,14.574,14.473,14.547,6061,0
BOTZ.US,D,20161207,000000,14.593,14.75,14.537,14.711,9026,0
BOTZ.US,D,20161208,000000,14.819,14.819,14.71,14.799,8291,0
BOTZ.US,D,20161209,000000,14.819,14.819,14.711,14.78,9974,0
BOTZ.US,D,20161212,000000,14.77,14.77,14.613,14.623,16464,0
BOTZ.US,D,20161213,000000,14.74,14.759,14.707,14.73,11248,0
BOTZ.US,D,20161214,000000,14.72,14.72,14.488,14.488,15654,0
BOTZ.US,D,20161215,000000,14.488,14.517,14.478,14.517,5114,0
BOTZ.US,D,20161216,000000,14.527,14.527,14.427,14.439,12265,0
BOTZ.US,D,20161219,000000,14.439,14.556,14.439,14.536,6442,0
BOTZ.US,D,20161220,000000,14.593,14.593,14.527,14.556,11386,0
BOTZ.US,D,20161221,000000,14.583,14.583,14.498,14.536,10727,0
BOTZ.US,D,20161222,000000,14.556,14.556,14.488,14.498,3786,0
BOTZ.US,D,20161223,000000,14.652,14.672,14.488,14.534,7586,0
BOTZ.US,D,20161227,000000,14.565,14.565,14.515,14.533,19961,0
BOTZ.US,D,20161228,000000,14.661,14.671,14.536,14.582,22230,0
BOTZ.US,D,20161229,000000,14.573,14.573,14.515,14.523,9599,0
BOTZ.US,D,20161230,000000,14.496,14.651,14.496,14.592,7953,0
BOTZ.US,D,20170103,000000,14.7,14.7,14.602,14.691,8014,0
BOTZ.US,D,20170104,000000,14.857,14.906,14.789,14.906,17734,0
BOTZ.US,D,20170105,000000,15.002,15.095,14.916,14.935,23406,0
BOTZ.US,D,20170106,000000,14.973,14.983,14.916,14.954,29451,0
BOTZ.US,D,20170109,000000,15.03,15.03,14.893,14.916,35067,0
BOTZ.US,D,20170110,000000,14.993,14.993,14.935,14.973,14529,0
BOTZ.US,D,20170111,000000,15.05,15.079,14.993,15.079,18360,0
BOTZ.US,D,20170112,000000,15.167,15.167,15.03,15.118,12981,0
BOTZ.US,D,20170113,000000,15.177,15.216,15.128,15.206,47036,0
BOTZ.US,D,20170117,000000,15.265,15.265,15.079,15.099,35711,0
BOTZ.US,D,20170118,000000,15.099,15.128,14.993,15.089,21410,0
BOTZ.US,D,20170119,000000,15.235,15.284,15.079,15.157,22028,0
BOTZ.US,D,20170120,000000,15.381,15.381,15.235,15.235,27262,0
BOTZ.US,D,20170123,000000,15.362,15.362,15.265,15.351,32739,0
BOTZ.US,D,20170124,000000,15.489,15.567,15.371,15.567,42542,0
BOTZ.US,D,20170125,000000,15.887,15.936,15.804,15.926,78254,0
BOTZ.US,D,20170126,000000,16.101,16.101,15.926,15.946,67650,0
BOTZ.US,D,20170127,000000,16.005,16.005,15.861,15.888,52008,0
BOTZ.US,D,20170130,000000,15.887,15.887,15.692,15.828,26658,0
BOTZ.US,D,20170131,000000,15.906,15.906,15.776,15.873,18789,0
BOTZ.US,D,20170201,000000,16.091,16.091,15.946,16.024,41700,0
BOTZ.US,D,20170202,000000,15.965,15.965,15.858,15.946,35440,0
BOTZ.US,D,20170203,000000,16.024,16.024,15.955,15.995,41542,0
BOTZ.US,D,20170206,000000,15.965,15.965,15.799,15.906,61202,0
BOTZ.US,D,20170207,000000,16.005,16.005,15.906,15.916,99529,0
BOTZ.US,D,20170208,000000,15.995,15.995,15.897,15.916,42040,0
BOTZ.US,D,20170209,000000,16.005,16.005,15.828,15.878,109672,0
BOTZ.US,D,20170210,000000,16.082,16.082,15.955,15.985,66058,0
BOTZ.US,D,20170213,000000,16.227,16.227,16.085,16.151,55285,0
BOTZ.US,D,20170214,000000,16.141,16.17,16.005,16.17,54292,0
BOTZ.US,D,20170215,000000,16.17,16.188,16.062,16.16,60945,0
BOTZ.US,D,20170216,000000,16.198,16.205,16.089,16.151,51497,0
BOTZ.US,D,20170217,000000,16.17,16.247,16.151,16.247,24118,0
BOTZ.US,D,20170221,000000,16.306,16.323,16.267,16.291,100710,0
BOTZ.US,D,20170222,000000,16.287,16.287,16.209,16.247,63229,0
BOTZ.US,D,20170223,000000,16.404,16.404,16.258,16.31,48681,0
BOTZ.US,D,20170224,000000,16.296,16.296,16.101,16.151,68804,0
BOTZ.US,D,20170227,000000,16.198,16.208,16.072,16.17,44066,0
BOTZ.US,D,20170228,000000,16.208,16.223,16.141,16.141,99453,0
BOTZ.US,D,20170301,000000,16.315,16.423,16.296,16.403,90203,0
BOTZ.US,D,20170302,000000,16.374,16.374,16.247,16.277,36526,0
BOTZ.US,D,20170303,000000,16.335,16.335,16.193,16.261,53649,0
BOTZ.US,D,20170306,000000,16.218,16.277,16.141,16.189,49469,0
BOTZ.US,D,20170307,000000,16.16,16.16,16.091,16.129,81512,0
BOTZ.US,D,20170308,000000,16.17,16.198,16.121,16.141,60401,0
BOTZ.US,D,20170309,000000,16.179,16.179,16.101,16.126,75729,0
BOTZ.US,D,20170310,000000,16.179,16.31,16.179,16.277,62627,0
BOTZ.US,D,20170313,000000,16.515,16.577,16.499,16.529,115325,0
BOTZ.US,D,20170314,000000,16.539,16.539,16.417,16.451,110676,0
BOTZ.US,D,20170315,000000,16.519,16.651,16.442,16.597,79126,0
BOTZ.US,D,20170316,000000,16.764,16.786,16.651,16.656,112609,0
BOTZ.US,D,20170317,000000,16.791,16.821,16.727,16.801,195568,0
BOTZ.US,D,20170320,000000,16.869,16.869,16.784,16.821,160818,0
BOTZ.US,D,20170321,000000,16.938,16.948,16.666,16.666,69374,0
BOTZ.US,D,20170322,000000,16.666,16.686,16.568,16.666,66176,0
BOTZ.US,D,20170323,000000,16.696,16.813,16.676,16.764,55384,0
BOTZ.US,D,20170324,000000,16.811,16.879,16.764,16.827,179804,0
BOTZ.US,D,20170327,000000,16.791,16.889,16.734,16.849,175751,0
BOTZ.US,D,20170328,000000,16.968,17.005,16.899,16.958,152690,0
BOTZ.US,D,20170329,000000,16.977,16.977,16.899,16.963,86002,0
BOTZ.US,D,20170330,000000,16.977,16.977,16.899,16.908,82799,0
BOTZ.US,D,20170331,000000,16.879,16.899,16.791,16.892,69718,0
BOTZ.US,D,20170403,000000,16.899,16.899,16.782,16.852,72159,0
BOTZ.US,D,20170404,000000,16.801,16.801,16.708,16.763,54523,0
BOTZ.US,D,20170405,000000,16.859,16.899,16.764,16.764,108973,0
BOTZ.US,D,20170406,000000,16.696,16.696,16.636,16.646,80613,0
BOTZ.US,D,20170407,000000,16.696,16.754,16.666,16.734,83755,0
BOTZ.US,D,20170410,000000,16.705,16.734,16.636,16.656,104754,0
BOTZ.US,D,20170411,000000,16.636,16.636,16.539,16.617,75187,0
BOTZ.US,D,20170412,000000,16.617,16.617,16.5,16.539,58477,0
BOTZ.US,D,20170413,000000,16.539,16.539,16.442,16.461,46340,0
BOTZ.US,D,20170417,000000,16.539,16.568,16.471,16.568,78971,0
BOTZ.US,D,20170418,000000,16.519,16.529,16.442,16.491,82707,0
BOTZ.US,D,20170419,000000,16.549,16.734,16.549,16.734,109522,0
BOTZ.US,D,20170420,000000,16.791,16.84,16.734,16.801,131465,0
BOTZ.US,D,20170421,000000,16.801,16.801,16.734,16.764,51759,0
BOTZ.US,D,20170424,000000,16.977,17.085,16.889,17.085,76252,0
BOTZ.US,D,20170425,000000,17.085,17.085,17.026,17.068,127517,0
BOTZ.US,D,20170426,000000,17.114,17.221,17.114,17.221,111354,0
BOTZ.US,D,20170427,000000,17.288,17.298,17.268,17.291,121524,0
BOTZ.US,D,20170428,000000,17.367,17.473,17.288,17.473,328933,0
BOTZ.US,D,20170501,000000,17.493,17.536,17.436,17.503,223406,0
BOTZ.US,D,20170502,000000,17.53,17.53,17.444,17.473,83466,0
BOTZ.US,D,20170503,000000,17.424,17.463,17.347,17.463,136727,0
BOTZ.US,D,20170504,000000,17.483,17.52,17.429,17.503,70092,0
BOTZ.US,D,20170505,000000,17.58,17.649,17.513,17.649,100091,0
BOTZ.US,D,20170508,000000,17.707,17.707,17.649,17.677,234393,0
BOTZ.US,D,20170509,000000,17.697,17.697,17.58,17.621,324212,0
BOTZ.US,D,20170510,000000,17.687,17.687,17.56,17.609,110824,0
BOTZ.US,D,20170511,000000,17.629,17.629,17.483,17.53,193790,0
BOTZ.US,D,20170512,000000,17.609,17.629,17.555,17.599,121536,0
BOTZ.US,D,20170515,000000,17.697,17.736,17.641,17.687,259123,0
BOTZ.US,D,20170516,000000,17.804,17.804,17.707,17.756,231732,0
BOTZ.US,D,20170517,000000,17.736,17.736,17.513,17.52,170035,0
BOTZ.US,D,20170518,000000,17.503,17.503,17.357,17.483,166394,0
BOTZ.US,D,20170519,000000,17.667,17.776,17.647,17.736,168089,0
BOTZ.US,D,20170522,000000,17.794,17.93,17.794,17.921,269086,0
BOTZ.US,D,20170523,000000,17.959,17.959,17.892,17.93,261199,0
BOTZ.US,D,20170524,000000,17.93,17.93,17.863,17.883,116796,0
BOTZ.US,D,20170525,000000,18.047,18.047,17.978,18.017,151783,0
BOTZ.US,D,20170526,000000,18.007,18.007,17.93,17.997,100018,0
BOTZ.US,D,20170530,000000,18.047,18.085,17.997,18.085,126264,0
BOTZ.US,D,20170531,000000,18.174,18.174,18.041,18.105,285942,0
BOTZ.US,D,20170601,000000,18.222,18.252,18.164,18.252,276806,0
BOTZ.US,D,20170602,000000,18.476,18.592,18.452,18.592,463485,0
BOTZ.US,D,20170605,000000,18.64,18.64,18.592,18.64,305070,0
BOTZ.US,D,20170606,000000,18.573,18.64,18.505,18.545,426218,0
BOTZ.US,D,20170607,000000,18.621,18.621,18.525,18.583,189676,0
BOTZ.US,D,20170608,000000,18.583,18.583,18.485,18.573,155270,0
BOTZ.US,D,20170609,000000,18.583,18.584,18.348,18.427,382493,0
BOTZ.US,D,20170612,000000,18.29,18.29,18.105,18.232,251553,0
BOTZ.US,D,20170613,000000,18.28,18.334,18.252,18.32,190943,0
BOTZ.US,D,20170614,000000,18.358,18.368,18.232,18.29,237339,0
BOTZ.US,D,20170615,000000,18.012,18.056,17.94,18.037,156346,0
BOTZ.US,D,20170616,000000,18.056,18.135,18.028,18.125,129774,0
BOTZ.US,D,20170619,000000,18.232,18.339,18.232,18.339,255160,0
BOTZ.US,D,20170620,000000,18.398,18.427,18.31,18.339,230784,0
BOTZ.US,D,20170621,000000,18.398,18.427,18.348,18.408,208435,0
BOTZ.US,D,20170622,000000,18.437,18.437,18.368,18.408,154621,0
BOTZ.US,D,20170623,000000,18.476,18.476,18.404,18.427,164673,0
BOTZ.US,D,20170626,000000,18.515,18.553,18.427,18.432,322213,0
BOTZ.US,D,20170627,000000,18.457,18.457,18.312,18.329,135572,0
BOTZ.US,D,20170628,000000,18.29,18.378,18.222,18.348,157812,0
BOTZ.US,D,20170629,000000,18.348,18.348,18.056,18.135,249646,0
BOTZ.US,D,20170630,000000,18.212,18.212,18.115,18.152,134580,0
BOTZ.US,D,20170703,000000,18.242,18.242,18.066,18.066,103830,0
BOTZ.US,D,20170705,000000,18.075,18.075,17.988,18.047,199136,0
BOTZ.US,D,20170706,000000,18.007,18.027,17.913,17.959,118493,0
BOTZ.US,D,20170707,000000,17.988,18.135,17.988,18.125,93569,0
BOTZ.US,D,20170710,000000,18.154,18.242,18.144,18.222,126592,0
BOTZ.US,D,20170711,000000,18.3,18.358,18.252,18.358,147661,0
BOTZ.US,D,20170712,000000,18.495,18.583,18.465,18.573,234765,0
BOTZ.US,D,20170713,000000,18.63,18.63,18.515,18.563,942149,0
BOTZ.US,D,20170714,000000,18.65,18.737,18.602,18.737,207961,0
BOTZ.US,D,20170717,000000,18.806,18.806,18.663,18.684,158474,0
BOTZ.US,D,20170718,000000,18.698,18.766,18.68,18.756,168510,0
BOTZ.US,D,20170719,000000,18.806,18.825,18.756,18.796,195725,0
BOTZ.US,D,20170720,000000,18.796,18.923,18.771,18.903,3125339,0
BOTZ.US,D,20170721,000000,19.029,19.059,18.972,19.049,390224,0
BOTZ.US,D,20170724,000000,19.064,19.068,18.962,19.039,330788,0
BOTZ.US,D,20170725,000000,19.079,19.089,19.02,19.069,583185,0
BOTZ.US,D,20170726,000000,19.175,19.186,19.118,19.175,850088,0
BOTZ.US,D,20170727,000000,19.293,19.362,19.165,19.239,986106,0
BOTZ.US,D,20170728,000000,19.254,19.37,19.215,19.352,564909,0
BOTZ.US,D,20170731,000000,19.409,19.409,19.263,19.342,728374,0
BOTZ.US,D,20170801,000000,19.419,19.437,19.362,19.399,442903,0
BOTZ.US,D,20170802,000000,19.535,19.535,19.409,19.506,453942,0
BOTZ.US,D,20170803,000000,19.457,19.526,19.457,19.477,580413,0
BOTZ.US,D,20170804,000000,19.437,19.495,19.39,19.477,346585,0
BOTZ.US,D,20170807,000000,19.467,19.565,19.437,19.555,313927,0
BOTZ.US,D,20170808,000000,19.594,19.594,19.477,19.526,427988,0
BOTZ.US,D,20170809,000000,19.457,19.545,19.403,19.545,513972,0
BOTZ.US,D,20170810,000000,19.467,19.477,19.205,19.215,576566,0
BOTZ.US,D,20170811,000000,19.165,19.205,19.098,19.17,382077,0
BOTZ.US,D,20170814,000000,19.352,19.457,19.329,19.457,345874,0
BOTZ.US,D,20170815,000000,19.497,19.506,19.409,19.467,387225,0
BOTZ.US,D,20170816,000000,19.487,19.555,19.487,19.555,551025,0
BOTZ.US,D,20170817,000000,19.653,19.692,19.487,19.526,434178,0
BOTZ.US,D,20170818,000000,19.526,19.594,19.437,19.506,276197,0
BOTZ.US,D,20170821,000000,19.555,19.555,19.428,19.477,202323,0
BOTZ.US,D,20170822,000000,19.604,19.721,19.574,19.721,499561,0
BOTZ.US,D,20170823,000000,19.721,19.759,19.702,19.759,372644,0
BOTZ.US,D,20170824,000000,19.749,19.764,19.663,19.663,452679,0
BOTZ.US,D,20170825,000000,19.692,19.711,19.634,19.634,322405,0
BOTZ.US,D,20170828,000000,19.721,19.73,19.672,19.73,250810,0
BOTZ.US,D,20170829,000000,19.702,19.759,19.69,19.759,544817,0
BOTZ.US,D,20170830,000000,19.739,19.827,19.73,19.817,478654,0
BOTZ.US,D,20170831,000000,19.827,19.954,19.817,19.944,431705,0
BOTZ.US,D,20170901,000000,20.071,20.1,19.993,20.062,459133,0
BOTZ.US,D,20170905,000000,19.944,20.033,19.856,19.974,1578885,0
BOTZ.US,D,20170906,000000,20.071,20.071,19.993,20.033,555426,0
BOTZ.US,D,20170907,000000,20.139,20.187,20.1,20.187,619257,0
BOTZ.US,D,20170908,000000,20.305,20.333,20.236,20.26,491971,0
BOTZ.US,D,20170911,000000,20.527,20.587,20.508,20.567,779988,0
BOTZ.US,D,20170912,000000,20.694,20.704,20.625,20.704,1006982,0
BOTZ.US,D,20170913,000000,20.704,20.704,20.605,20.625,1005069,0
BOTZ.US,D,20170914,000000,20.625,20.704,20.547,20.704,712883,0
BOTZ.US,D,20170915,000000,20.762,20.85,20.732,20.85,863327,0
BOTZ.US,D,20170918,000000,20.945,21.053,20.916,21.033,1563344,0
BOTZ.US,D,20170919,000000,21.141,21.15,21.048,21.15,997564,0
BOTZ.US,D,20170920,000000,21.268,21.286,21.122,21.268,1130520,0
BOTZ.US,D,20170921,000000,21.072,21.072,20.84,20.916,1661285,0
BOTZ.US,D,20170922,000000,20.916,20.918,20.84,20.869,632184,0
BOTZ.US,D,20170925,000000,20.945,20.965,20.782,20.85,762638,0
BOTZ.US,D,20170926,000000,20.762,20.811,20.625,20.645,755829,0
BOTZ.US,D,20170927,000000,20.733,20.85,20.714,20.85,853424,0
BOTZ.US,D,20170928,000000,20.869,20.995,20.84,20.995,730556,0
BOTZ.US,D,20170929,000000,21.092,21.17,21.063,21.16,1018595,0
BOTZ.US,D,20171002,000000,21.286,21.324,21.248,21.306,1078991,0
BOTZ.US,D,20171003,000000,21.405,21.473,21.375,21.473,956048,0
BOTZ.US,D,20171004,000000,21.511,21.55,21.463,21.541,972550,0
BOTZ.US,D,20171005,000000,21.501,21.501,21.405,21.483,813502,0
BOTZ.US,D,20171006,000000,21.336,21.375,21.286,21.355,950259,0
BOTZ.US,D,20171009,000000,21.492,21.501,21.405,21.473,540985,0
BOTZ.US,D,20171010,000000,21.578,21.608,21.501,21.578,712017,0
BOTZ.US,D,20171011,000000,21.636,21.694,21.608,21.694,764004,0
BOTZ.US,D,20171012,000000,21.803,21.881,21.763,21.841,1105702,0
BOTZ.US,D,20171013,000000,22.094,22.192,22.084,22.172,1826918,0
BOTZ.US,D,20171016,000000,22.25,22.28,22.231,22.26,1858866,0
BOTZ.US,D,20171017,000000,22.309,22.454,22.28,22.454,3473864,0
BOTZ.US,D,20171018,000000,22.385,22.454,22.328,22.454,1725206,0
BOTZ.US,D,20171019,000000,22.26,22.328,22.133,22.328,1527632,0
BOTZ.US,D,20171020,000000,22.444,22.511,22.385,22.474,3057232,0
BOTZ.US,D,20171023,000000,22.726,22.814,22.687,22.755,2659005,0
BOTZ.US,D,20171024,000000,22.736,23.02,22.707,23.01,2947342,0
BOTZ.US,D,20171025,000000,23.029,23.029,22.669,22.824,2904026,0
BOTZ.US,D,20171026,000000,22.804,22.834,22.046,22.318,4275110,0
BOTZ.US,D,20171027,000000,22.3,22.444,22.182,22.435,1803926,0
BOTZ.US,D,20171030,000000,22.669,22.669,22.572,22.659,1450665,0
BOTZ.US,D,20171031,000000,22.804,22.981,22.804,22.961,1752852,0
BOTZ.US,D,20171101,000000,23.135,23.135,22.961,23.01,1576721,0
BOTZ.US,D,20171102,000000,22.961,22.981,22.716,22.921,1127631,0
BOTZ.US,D,20171103,000000,22.902,23,22.882,23,1166328,0
BOTZ.US,D,20171106,000000,23.154,23.193,23.01,23.164,1305788,0
BOTZ.US,D,20171107,000000,23.316,23.446,23.31,23.446,1661877,0
BOTZ.US,D,20171108,000000,23.7,23.7,23.554,23.642,2011151,0
BOTZ.US,D,20171109,000000,23.426,23.515,23.106,23.31,2877030,0
BOTZ.US,D,20171110,000000,23.349,23.436,23.31,23.408,1503495,0
BOTZ.US,D,20171113,000000,23.164,23.243,23.057,23.243,1468054,0
BOTZ.US,D,20171114,000000,23.164,23.243,23.116,23.184,969103,0
BOTZ.US,D,20171115,000000,22.902,22.951,22.736,22.912,1373770,0
BOTZ.US,D,20171116,000000,23.233,23.426,23.204,23.398,1250903,0
BOTZ.US,D,20171117,000000,23.436,23.495,23.408,23.418,872905,0
BOTZ.US,D,20171120,000000,23.525,23.642,23.497,23.593,1309715,0
BOTZ.US,D,20171121,000000,23.835,23.933,23.835,23.933,1664522,0
BOTZ.US,D,20171122,000000,24.118,24.196,23.966,24.06,1906073,0
BOTZ.US,D,20171124,000000,24.274,24.293,24.176,24.196,1544434,0
BOTZ.US,D,20171127,000000,24.176,24.215,24.128,24.138,2067523,0
BOTZ.US,D,20171128,000000,24.04,24.07,23.938,24.02,1355874,0
BOTZ.US,D,20171129,000000,23.952,23.991,23.456,23.534,2308792,0
BOTZ.US,D,20171130,000000,23.349,23.369,23.135,23.261,2559987,0
BOTZ.US,D,20171201,000000,23.31,23.31,22.912,23.193,1495563,0
BOTZ.US,D,20171204,000000,23.203,23.261,22.697,22.716,1926478,0
BOTZ.US,D,20171205,000000,22.746,22.814,22.581,22.64,1485865,0
BOTZ.US,D,20171206,000000,22.503,22.64,22.474,22.601,971639,0
BOTZ.US,D,20171207,000000,22.669,22.892,22.669,22.873,1359239,0
BOTZ.US,D,20171208,000000,23.02,23.039,22.863,22.951,2790471,0
BOTZ.US,D,20171211,000000,22.863,22.892,22.775,22.844,1064938,0
BOTZ.US,D,20171212,000000,22.697,22.755,22.649,22.697,1266107,0
BOTZ.US,D,20171213,000000,22.522,22.572,22.454,22.503,1171935,0
BOTZ.US,D,20171214,000000,22.572,22.581,22.395,22.405,722178,0
BOTZ.US,D,20171215,000000,22.572,22.711,22.552,22.678,881607,0
BOTZ.US,D,20171218,000000,23.01,23.106,23.01,23.096,2192301,0
BOTZ.US,D,20171219,000000,23.067,23.067,22.892,22.912,765186,0
BOTZ.US,D,20171220,000000,23.049,23.057,22.921,22.971,720185,0
BOTZ.US,D,20171221,000000,22.981,23.077,22.981,23.01,740907,0
BOTZ.US,D,20171222,000000,23.096,23.135,23,23.125,678317,0
BOTZ.US,D,20171226,000000,23.057,23.253,23.057,23.233,719675,0
BOTZ.US,D,20171227,000000,23.213,23.31,23.166,23.271,808883,0
BOTZ.US,D,20171228,000000,23.271,23.271,23.154,23.203,759937,0
BOTZ.US,D,20171229,000000,23.271,23.271,23.057,23.057,942246,0
BOTZ.US,D,20180102,000000,23.349,23.349,23.349,23.349,1250900,0
BOTZ.US,D,20180103,000000,23.446,23.826,23.446,23.812,2399220,0
BOTZ.US,D,20180104,000000,24.225,24.244,24.128,24.166,3153625,0
BOTZ.US,D,20180105,000000,24.352,24.459,24.293,24.439,2042925,0
BOTZ.US,D,20180108,000000,24.479,24.662,24.459,24.614,3015610,0
BOTZ.US,D,20180109,000000,24.672,24.761,24.614,24.682,3190045,0
BOTZ.US,D,20180110,000000,24.692,24.878,24.662,24.848,1943064,0
BOTZ.US,D,20180111,000000,24.935,25.071,24.92,25.071,2136673,0
BOTZ.US,D,20180112,000000,25.257,25.48,25.198,25.47,2558151,0
BOTZ.US,D,20180116,000000,26.025,26.191,25.825,25.889,4836028,0
BOTZ.US,D,20180117,000000,26.063,26.297,25.968,26.258,3537615,0
BOTZ.US,D,20180118,000000,26.151,26.219,26.093,26.191,4155352,0
BOTZ.US,D,20180119,000000,26.413,26.521,26.413,26.521,2963330,0
BOTZ.US,D,20180122,000000,26.413,26.56,26.346,26.56,3314644,0
BOTZ.US,D,20180123,000000,26.502,26.677,26.502,26.639,2891426,0
BOTZ.US,D,20180124,000000,26.6,26.6,26.239,26.403,3442539,0
BOTZ.US,D,20180125,000000,26.366,26.403,26.171,26.258,2311133,0
BOTZ.US,D,20180126,000000,26.366,26.54,26.287,26.54,1850655,0
BOTZ.US,D,20180129,000000,26.413,26.433,26.267,26.366,2185016,0
BOTZ.US,D,20180130,000000,25.909,25.987,25.694,25.801,3061459,0
BOTZ.US,D,20180131,000000,25.879,25.938,25.722,25.752,3118906,0
BOTZ.US,D,20180201,000000,25.811,26.034,25.782,25.948,1545127,0
BOTZ.US,D,20180202,000000,25.645,25.645,25.233,25.247,3006328,0
BOTZ.US,D,20180205,000000,24.614,24.799,23.349,23.749,7407590,0
BOTZ.US,D,20180206,000000,23.446,24.361,22.921,24.313,5608918,0
BOTZ.US,D,20180207,000000,24.196,24.507,24.128,24.186,3548059,0
BOTZ.US,D,20180208,000000,24.089,24.118,23.154,23.154,3039916,0
BOTZ.US,D,20180209,000000,23.544,23.544,22.562,23.261,3311059,0
BOTZ.US,D,20180212,000000,23.554,23.807,23.369,23.72,2216316,0
BOTZ.US,D,20180213,000000,23.3,23.446,23.135,23.418,1577166,0
BOTZ.US,D,20180214,000000,23.039,23.759,23.02,23.73,2619122,0
BOTZ.US,D,20180215,000000,24.04,24.128,23.818,24.118,2100720,0
BOTZ.US,D,20180216,000000,24.138,24.274,24.035,24.118,2015513,0
BOTZ.US,D,20180220,000000,23.981,24.186,23.894,23.991,1134586,0
BOTZ.US,D,20180221,000000,24.234,24.391,24.001,24.01,2655437,0
BOTZ.US,D,20180222,000000,24.089,24.254,24.02,24.05,1210330,0
BOTZ.US,D,20180223,000000,24.206,24.333,24.108,24.323,1051916,0
BOTZ.US,D,20180226,000000,24.469,24.555,24.323,24.546,2509370,0
BOTZ.US,D,20180227,000000,24.594,24.662,24.343,24.352,1446047,0
BOTZ.US,D,20180228,000000,24.343,24.362,23.971,23.971,1667997,0
BOTZ.US,D,20180301,000000,23.807,23.826,23.164,23.31,2767051,0
BOTZ.US,D,20180302,000000,23.154,23.602,22.99,23.563,1886856,0
BOTZ.US,D,20180305,000000,23.261,23.652,23.233,23.583,1414630,0
BOTZ.US,D,20180306,000000,24.01,24.079,23.893,24.03,1701272,0
BOTZ.US,D,20180307,000000,23.642,23.739,23.505,23.72,3132560,0
BOTZ.US,D,20180308,000000,23.845,23.893,23.764,23.883,1426937,0
BOTZ.US,D,20180309,000000,24.06,24.225,23.991,24.215,1542987,0
BOTZ.US,D,20180312,000000,24.323,24.449,24.313,24.381,1928142,0
BOTZ.US,D,20180313,000000,24.536,24.604,24.215,24.264,2048402,0
BOTZ.US,D,20180314,000000,24.536,24.546,24.323,24.42,1077582,0
BOTZ.US,D,20180315,000000,24.564,24.632,24.449,24.526,1443507,0
BOTZ.US,D,20180316,000000,24.371,24.42,24.274,24.313,1336971,0
BOTZ.US,D,20180319,000000,24.07,24.157,23.642,23.835,1425012,0
BOTZ.US,D,20180320,000000,23.7,23.852,23.663,23.789,795574,0
BOTZ.US,D,20180321,000000,23.739,23.947,23.694,23.769,1727974,0
BOTZ.US,D,20180322,000000,23.845,23.913,23.475,23.485,1683139,0
BOTZ.US,D,20180323,000000,23.243,23.299,22.716,22.726,1890196,0
BOTZ.US,D,20180326,000000,23.174,23.379,22.951,23.379,988000,0
BOTZ.US,D,20180327,000000,23.622,23.681,22.912,23.029,1929061,0
BOTZ.US,D,20180328,000000,23.125,23.184,22.863,23.039,1652705,0
BOTZ.US,D,20180329,000000,23.174,23.676,23.164,23.534,1181019,0
BOTZ.US,D,20180402,000000,23.359,23.475,22.794,22.971,1500319,0
BOTZ.US,D,20180403,000000,23.029,23.125,22.863,23.096,898639,0
BOTZ.US,D,20180404,000000,22.395,22.781,22.3,22.746,1642087,0
BOTZ.US,D,20180405,000000,22.883,22.921,22.728,22.863,862504,0
BOTZ.US,D,20180406,000000,22.601,22.692,22.25,22.328,1884706,0
BOTZ.US,D,20180409,000000,22.375,22.547,22.28,22.28,891956,0
BOTZ.US,D,20180410,000000,22.726,22.971,22.71,22.912,1496808,0
BOTZ.US,D,20180411,000000,22.981,23.219,22.981,23.067,1007596,0
BOTZ.US,D,20180412,000000,23.039,23.223,23.01,23.145,1231252,0
BOTZ.US,D,20180413,000000,23.253,23.281,23.049,23.125,726481,0
BOTZ.US,D,20180416,000000,23.193,23.233,23.117,23.174,477509,0
BOTZ.US,D,20180417,000000,23.29,23.485,23.223,23.456,725526,0
BOTZ.US,D,20180418,000000,23.662,23.869,23.635,23.807,2306357,0
BOTZ.US,D,20180419,000000,23.817,23.817,23.563,23.642,732618,0
BOTZ.US,D,20180420,000000,23.475,23.485,23.349,23.408,537941,0
BOTZ.US,D,20180423,000000,23.389,23.436,23.154,23.213,582894,0
BOTZ.US,D,20180424,000000,23.359,23.436,22.903,23.029,1207895,0
BOTZ.US,D,20180425,000000,22.765,22.794,22.534,22.687,1329772,0
BOTZ.US,D,20180426,000000,22.873,22.892,22.726,22.824,763484,0
BOTZ.US,D,20180427,000000,22.716,22.76,22.552,22.572,732049,0
BOTZ.US,D,20180430,000000,22.581,22.707,22.474,22.474,865377,0
BOTZ.US,D,20180501,000000,22.405,22.435,22.25,22.415,776777,0
BOTZ.US,D,20180502,000000,22.405,22.474,22.313,22.348,558807,0
BOTZ.US,D,20180503,000000,22.28,22.435,22.084,22.395,1218489,0
BOTZ.US,D,20180504,000000,22.318,22.64,22.26,22.601,702077,0
BOTZ.US,D,20180507,000000,22.659,22.834,22.64,22.755,734150,0
BOTZ.US,D,20180508,000000,22.824,22.941,22.765,22.921,616841,0
BOTZ.US,D,20180509,000000,22.902,23,22.834,22.941,919833,0
BOTZ.US,D,20180510,000000,23.106,23.164,23.087,23.154,889452,0
BOTZ.US,D,20180511,000000,23.223,23.349,23.208,23.261,755183,0
BOTZ.US,D,20180514,000000,23.271,23.398,23.271,23.32,646233,0
BOTZ.US,D,20180515,000000,23.039,23.057,22.809,22.853,811912,0
BOTZ.US,D,20180516,000000,22.834,22.931,22.794,22.853,789028,0
BOTZ.US,D,20180517,000000,22.844,22.951,22.814,22.853,657988,0
BOTZ.US,D,20180518,000000,23.049,23.049,22.941,22.951,775904,0
BOTZ.US,D,20180521,000000,23.135,23.233,23.082,23.154,603476,0
BOTZ.US,D,20180522,000000,23.339,23.349,23.135,23.164,972208,0
BOTZ.US,D,20180523,000000,22.931,23.096,22.873,23.077,1341110,0
BOTZ.US,D,20180524,000000,22.834,22.883,22.659,22.863,960219,0
BOTZ.US,D,20180525,000000,22.804,22.863,22.765,22.814,941018,0
BOTZ.US,D,20180529,000000,22.64,22.716,22.522,22.601,1221302,0
BOTZ.US,D,20180530,000000,22.542,22.765,22.542,22.716,648888,0
BOTZ.US,D,20180531,000000,22.707,22.716,22.572,22.611,1114771,0
BOTZ.US,D,20180601,000000,22.62,22.883,22.62,22.824,876640,0
BOTZ.US,D,20180604,000000,22.921,23.01,22.912,22.981,684640,0
BOTZ.US,D,20180605,000000,22.971,23.01,22.903,22.99,777325,0
BOTZ.US,D,20180606,000000,22.824,22.921,22.775,22.912,783863,0
BOTZ.US,D,20180607,000000,22.971,22.99,22.721,22.824,1130281,0
BOTZ.US,D,20180608,000000,22.784,22.873,22.759,22.863,633686,0
BOTZ.US,D,20180611,000000,22.873,23.062,22.873,23.039,903508,0
BOTZ.US,D,20180612,000000,23,23.039,22.921,22.961,483106,0
BOTZ.US,D,20180613,000000,23,23,22.775,22.834,1083744,0
BOTZ.US,D,20180614,000000,22.784,22.834,22.64,22.755,1144935,0
BOTZ.US,D,20180615,000000,22.522,22.572,22.415,22.483,660290,0
BOTZ.US,D,20180618,000000,22.212,22.231,22.111,22.202,1364455,0
BOTZ.US,D,20180619,000000,21.948,21.948,21.754,21.891,1458892,0
BOTZ.US,D,20180620,000000,22.103,22.163,22.066,22.113,797053,0
BOTZ.US,D,20180621,000000,22.221,22.221,22.007,22.056,797395,0
BOTZ.US,D,20180622,000000,22.202,22.25,22.066,22.076,1005725,0
BOTZ.US,D,20180625,000000,21.803,21.841,21.438,21.55,1208127,0
BOTZ.US,D,20180626,000000,21.636,21.763,21.574,21.676,768927,0
BOTZ.US,D,20180627,000000,21.598,21.734,21.365,21.365,1214041,0
BOTZ.US,D,20180628,000000,21.306,21.501,21.243,21.463,999061,0
BOTZ.US,D,20180629,000000,21.501,21.569,21.405,21.414,463084,0
BOTZ.US,D,20180702,000000,21.132,21.346,21.072,21.326,934081,0
BOTZ.US,D,20180703,000000,21.365,21.443,21.296,21.316,511698,0
BOTZ.US,D,20180705,000000,20.985,21.082,20.888,21.082,1395515,0
BOTZ.US,D,20180706,000000,21.16,21.346,21.141,21.296,770301,0
BOTZ.US,D,20180709,000000,21.414,21.511,21.405,21.511,725051,0
BOTZ.US,D,20180710,000000,21.676,21.793,21.666,21.793,769518,0
BOTZ.US,D,20180711,000000,21.453,21.559,21.355,21.365,751644,0
BOTZ.US,D,20180712,000000,21.473,21.578,21.414,21.578,626791,0
BOTZ.US,D,20180713,000000,21.541,21.598,21.501,21.55,642061,0
BOTZ.US,D,20180716,000000,21.55,21.636,21.511,21.521,660119,0
BOTZ.US,D,20180717,000000,21.122,21.326,21.122,21.316,917567,0
BOTZ.US,D,20180718,000000,21.306,21.375,21.258,21.375,906767,0
BOTZ.US,D,20180719,000000,21.423,21.492,21.375,21.483,632172,0
BOTZ.US,D,20180720,000000,21.385,21.453,21.355,21.365,427499,0
BOTZ.US,D,20180723,000000,21.258,21.316,21.175,21.238,911585,0
BOTZ.US,D,20180724,000000,21.598,21.636,21.385,21.443,790608,0
BOTZ.US,D,20180725,000000,21.541,21.812,21.423,21.803,725273,0
BOTZ.US,D,20180726,000000,21.798,22.041,21.783,22.027,658797,0
BOTZ.US,D,20180727,000000,22.172,22.24,21.981,22.046,677581,0
BOTZ.US,D,20180730,000000,21.958,22.017,21.685,21.694,452710,0
BOTZ.US,D,20180731,000000,21.656,21.812,21.626,21.704,538471,0
BOTZ.US,D,20180801,000000,21.754,21.793,21.618,21.694,622144,0
BOTZ.US,D,20180802,000000,21.443,21.626,21.423,21.618,581217,0
BOTZ.US,D,20180803,000000,21.608,21.646,21.569,21.618,462231,0
BOTZ.US,D,20180806,000000,21.559,21.559,21.492,21.541,459497,0
BOTZ.US,D,20180807,000000,21.694,21.694,21.501,21.531,854575,0
BOTZ.US,D,20180808,000000,21.685,21.773,21.598,21.744,1688547,0
BOTZ.US,D,20180809,000000,21.793,21.94,21.793,21.871,567898,0
BOTZ.US,D,20180810,000000,21.608,21.685,21.554,21.618,457155,0
BOTZ.US,D,20180813,000000,21.453,21.531,21.306,21.326,669486,0
BOTZ.US,D,20180814,000000,21.306,21.405,21.283,21.365,427125,0
BOTZ.US,D,20180815,000000,21.033,21.092,20.806,20.965,733270,0
BOTZ.US,D,20180816,000000,21.102,21.18,21.063,21.112,545362,0
BOTZ.US,D,20180817,000000,21.2,21.306,21.076,21.228,602238,0
BOTZ.US,D,20180820,000000,21.248,21.306,21.2,21.286,414700,0
BOTZ.US,D,20180821,000000,21.375,21.531,21.336,21.483,602883,0
BOTZ.US,D,20180822,000000,21.541,21.729,21.541,21.685,1134038,0
BOTZ.US,D,20180823,000000,21.569,21.685,21.569,21.608,384075,0
BOTZ.US,D,20180824,000000,21.578,21.671,21.578,21.666,459255,0
BOTZ.US,D,20180827,000000,21.881,22.066,21.881,22.056,727346,0
BOTZ.US,D,20180828,000000,22.3,22.338,22.25,22.309,687858,0
BOTZ.US,D,20180829,000000,22.309,22.454,22.3,22.454,627396,0
BOTZ.US,D,20180830,000000,22.338,22.439,22.323,22.357,397607,0
BOTZ.US,D,20180831,000000,22.348,22.444,22.348,22.425,523939,0
BOTZ.US,D,20180904,000000,22.123,22.172,22.046,22.123,534503,0
BOTZ.US,D,20180905,000000,21.93,21.953,21.68,21.822,569370,0
BOTZ.US,D,20180906,000000,21.822,21.923,21.656,21.754,951406,0
BOTZ.US,D,20180907,000000,21.414,21.588,21.349,21.463,933104,0
BOTZ.US,D,20180910,000000,21.598,21.631,21.511,21.608,767638,0
BOTZ.US,D,20180911,000000,21.453,21.55,21.346,21.483,484865,0
BOTZ.US,D,20180912,000000,21.385,21.423,21.238,21.375,432598,0
BOTZ.US,D,20180913,000000,21.511,21.598,21.458,21.559,497421,0
BOTZ.US,D,20180914,000000,21.93,22.046,21.891,22.046,805002,0
BOTZ.US,D,20180917,000000,22.076,22.113,21.987,22.027,850763,0
BOTZ.US,D,20180918,000000,22.084,22.328,22.084,22.318,510312,0
BOTZ.US,D,20180919,000000,22.366,22.473,22.366,22.395,590727,0
BOTZ.US,D,20180920,000000,22.493,22.512,22.366,22.444,2157938,0
BOTZ.US,D,20180921,000000,22.522,22.611,22.435,22.444,383815,0
BOTZ.US,D,20180924,000000,22.493,22.493,22.348,22.444,571540,0
BOTZ.US,D,20180925,000000,22.405,22.405,22.275,22.348,447142,0
BOTZ.US,D,20180926,000000,22.318,22.444,22.27,22.29,379861,0
BOTZ.US,D,20180927,000000,22.113,22.221,22.076,22.153,1522756,0
BOTZ.US,D,20180928,000000,22.113,22.309,22.113,22.26,354246,0
BOTZ.US,D,20181001,000000,22.493,22.591,22.444,22.474,504409,0
BOTZ.US,D,20181002,000000,22.375,22.425,22.291,22.338,1588787,0
BOTZ.US,D,20181003,000000,22.3,22.3,22.153,22.163,666678,0
BOTZ.US,D,20181004,000000,22.163,22.163,21.714,21.803,573346,0
BOTZ.US,D,20181005,000000,21.694,21.817,21.365,21.501,700434,0
BOTZ.US,D,20181008,000000,21.306,21.355,21.053,21.268,644274,0
BOTZ.US,D,20181009,000000,20.926,21.056,20.87,20.945,661633,0
BOTZ.US,D,20181010,000000,20.655,20.655,19.896,19.896,3080860,0
BOTZ.US,D,20181011,000000,19.807,20.043,19.428,19.526,2048719,0
BOTZ.US,D,20181012,000000,19.964,20.1,19.73,20.023,1046510,0
BOTZ.US,D,20181015,000000,20.013,20.043,19.774,19.896,1079529,0
BOTZ.US,D,20181016,000000,20.206,20.567,20.187,20.527,1210431,0
BOTZ.US,D,20181017,000000,20.674,20.674,20.411,20.537,765715,0
BOTZ.US,D,20181018,000000,20.236,20.246,19.769,19.856,714135,0
BOTZ.US,D,20181019,000000,19.934,20.013,19.634,19.653,688313,0
BOTZ.US,D,20181022,000000,19.73,19.817,19.614,19.739,480776,0
BOTZ.US,D,20181023,000000,19.215,19.506,19.01,19.38,1162189,0
BOTZ.US,D,20181024,000000,19.108,19.215,18.368,18.368,1418774,0
BOTZ.US,D,20181025,000000,18.476,18.727,18.398,18.63,1686323,0
BOTZ.US,D,20181026,000000,18.203,18.48,17.94,18.261,1913465,0
BOTZ.US,D,20181029,000000,18.427,18.515,17.707,17.921,1307374,0
BOTZ.US,D,20181030,000000,18.066,18.64,18.066,18.64,1133660,0
BOTZ.US,D,20181031,000000,19.195,19.312,19.069,19.185,1558080,0
BOTZ.US,D,20181101,000000,19.293,19.409,19.02,19.399,565783,0
BOTZ.US,D,20181102,000000,19.944,20.097,19.716,19.876,777983,0
BOTZ.US,D,20181105,000000,19.846,19.861,19.627,19.788,656700,0
BOTZ.US,D,20181106,000000,19.739,19.876,19.73,19.846,835207,0
BOTZ.US,D,20181107,000000,19.964,20.159,19.9,20.149,985292,0
BOTZ.US,D,20181108,000000,19.891,19.925,19.73,19.788,847989,0
BOTZ.US,D,20181109,000000,19.497,19.535,19.273,19.409,888849,0
BOTZ.US,D,20181112,000000,19.39,19.399,18.962,18.972,507287,0
BOTZ.US,D,20181113,000000,19.069,19.296,18.967,19.049,873657,0
BOTZ.US,D,20181114,000000,19.215,19.273,18.874,19.02,1351046,0
BOTZ.US,D,20181115,000000,18.884,19.252,18.796,19.205,713941,0
BOTZ.US,D,20181116,000000,18.747,18.962,18.66,18.884,640078,0
BOTZ.US,D,20181119,000000,18.967,19.049,18.536,18.545,848405,0
BOTZ.US,D,20181120,000000,18.095,18.393,18.017,18.144,1312464,0
BOTZ.US,D,20181121,000000,18.466,18.612,18.427,18.495,618375,0
BOTZ.US,D,20181123,000000,18.242,18.437,18.242,18.29,353149,0
BOTZ.US,D,20181126,000000,18.63,18.825,18.612,18.825,1597806,0
BOTZ.US,D,20181127,000000,18.737,18.786,18.631,18.708,421851,0
BOTZ.US,D,20181128,000000,18.962,19.322,18.85,19.312,536559,0
BOTZ.US,D,20181129,000000,19.225,19.352,19.113,19.215,763592,0
BOTZ.US,D,20181130,000000,19.165,19.205,19.059,19.175,381668,0
BOTZ.US,D,20181203,000000,19.584,19.609,19.447,19.555,683318,0
BOTZ.US,D,20181204,000000,19.322,19.352,18.553,18.553,1089312,0
BOTZ.US,D,20181206,000000,18.007,18.188,17.708,18.174,1491542,0
BOTZ.US,D,20181207,000000,18.105,18.174,17.653,17.726,1257957,0
BOTZ.US,D,20181210,000000,17.599,17.722,17.331,17.639,936051,0
BOTZ.US,D,20181211,000000,17.639,17.677,17.263,17.384,2106612,0
BOTZ.US,D,20181212,000000,17.697,17.93,17.58,17.717,1140968,0
BOTZ.US,D,20181213,000000,17.786,17.878,17.589,17.609,652277,0
BOTZ.US,D,20181214,000000,17.317,17.376,17.152,17.181,2378089,0
BOTZ.US,D,20181217,000000,17.045,17.09,16.705,16.811,1151829,0
BOTZ.US,D,20181218,000000,16.986,17.123,16.864,16.928,3941042,0
BOTZ.US,D,20181219,000000,17.055,17.172,16.597,16.714,1264810,0
BOTZ.US,D,20181220,000000,16.577,16.676,16.257,16.404,2410385,0
BOTZ.US,D,20181221,000000,16.277,16.364,15.936,15.946,1601602,0
BOTZ.US,D,20181224,000000,15.722,15.868,15.577,15.625,1645644,0
BOTZ.US,D,20181226,000000,15.848,16.345,15.753,16.325,1599015,0
BOTZ.US,D,20181227,000000,16.151,16.394,15.897,16.394,1292710,0
BOTZ.US,D,20181228,000000,16.531,16.67,16.39,16.511,1333078,0
BOTZ.US,D,20181231,000000,16.571,16.622,16.443,16.521,1343819,0
BOTZ.US,D,20190102,000000,16.354,16.659,16.285,16.6,354914,0
BOTZ.US,D,20190103,000000,16.443,16.482,16.077,16.157,1260346,0
BOTZ.US,D,20190104,000000,16.195,16.71,16.195,16.67,1117189,0
BOTZ.US,D,20190107,000000,16.787,17.075,16.787,16.946,1222684,0
BOTZ.US,D,20190108,000000,17.223,17.261,16.971,17.173,881840,0
BOTZ.US,D,20190109,000000,17.261,17.459,17.251,17.419,624270,0
BOTZ.US,D,20190110,000000,17.223,17.419,17.173,17.419,700269,0
BOTZ.US,D,20190111,000000,17.261,17.271,17.175,17.251,302256,0
BOTZ.US,D,20190114,000000,17.193,17.228,17.075,17.144,506763,0
BOTZ.US,D,20190115,000000,17.518,17.617,17.439,17.527,904189,0
BOTZ.US,D,20190116,000000,17.647,17.786,17.622,17.676,783317,0
BOTZ.US,D,20190117,000000,17.479,17.815,17.38,17.766,436999,0
BOTZ.US,D,20190118,000000,18.001,18.17,17.946,18.16,614051,0
BOTZ.US,D,20190122,000000,17.835,17.835,17.504,17.557,920235,0
BOTZ.US,D,20190123,000000,17.676,17.766,17.439,17.557,737575,0
BOTZ.US,D,20190124,000000,17.696,17.894,17.656,17.855,381732,0
BOTZ.US,D,20190125,000000,18.15,18.278,18.13,18.268,671189,0
BOTZ.US,D,20190128,000000,18.001,18.021,17.885,17.953,649159,0
BOTZ.US,D,20190129,000000,17.815,17.855,17.681,17.696,1908843,0
BOTZ.US,D,20190130,000000,17.835,18.09,17.746,18.041,469792,0
BOTZ.US,D,20190131,000000,18.12,18.293,18.051,18.219,728212,0
BOTZ.US,D,20190201,000000,18.318,18.357,18.224,18.268,555626,0
BOTZ.US,D,20190204,000000,18.337,18.437,18.258,18.437,313646,0
BOTZ.US,D,20190205,000000,18.594,18.661,18.548,18.633,529670,0
BOTZ.US,D,20190206,000000,18.633,18.712,18.609,18.673,570260,0
BOTZ.US,D,20190207,000000,18.653,18.653,18.362,18.447,565883,0
BOTZ.US,D,20190208,000000,18.16,18.278,17.981,18.268,388944,0
BOTZ.US,D,20190211,000000,18.278,18.357,18.258,18.337,417375,0
BOTZ.US,D,20190212,000000,18.751,18.98,18.722,18.98,1062045,0
BOTZ.US,D,20190213,000000,19.088,19.173,19.063,19.118,750726,0
BOTZ.US,D,20190214,000000,19.008,19.124,18.91,19.058,619783,0
BOTZ.US,D,20190215,000000,19.206,19.374,19.183,19.374,757818,0
BOTZ.US,D,20190219,000000,19.374,19.512,19.285,19.413,2176935,0
BOTZ.US,D,20190220,000000,19.452,19.571,19.432,19.551,807284,0
BOTZ.US,D,20190221,000000,19.502,19.512,19.384,19.442,521290,0
BOTZ.US,D,20190222,000000,19.601,19.68,19.601,19.67,1659024,0
BOTZ.US,D,20190225,000000,19.887,19.946,19.837,19.857,2737334,0
BOTZ.US,D,20190226,000000,19.807,19.855,19.748,19.778,854411,0
BOTZ.US,D,20190227,000000,19.581,19.668,19.472,19.581,698535,0
BOTZ.US,D,20190228,000000,19.403,19.403,19.265,19.265,1234875,0
BOTZ.US,D,20190301,000000,19.403,19.512,19.374,19.512,574062,0
BOTZ.US,D,20190304,000000,19.661,19.686,19.384,19.502,1224774,0
BOTZ.US,D,20190305,000000,19.492,19.561,19.442,19.442,892040,0
BOTZ.US,D,20190306,000000,19.482,19.502,19.265,19.265,422409,0
BOTZ.US,D,20190307,000000,18.998,19.048,18.781,18.801,1034287,0
BOTZ.US,D,20190308,000000,18.604,18.761,18.476,18.756,2376918,0
BOTZ.US,D,20190311,000000,18.851,19.156,18.851,19.137,506784,0
BOTZ.US,D,20190312,000000,19.226,19.384,19.226,19.325,810247,0
BOTZ.US,D,20190313,000000,19.275,19.512,19.275,19.452,494908,0
BOTZ.US,D,20190314,000000,19.403,19.403,19.275,19.325,1315247,0
BOTZ.US,D,20190315,000000,19.472,19.56,19.462,19.492,421953,0
BOTZ.US,D,20190318,000000,19.531,19.651,19.531,19.651,708121,0
BOTZ.US,D,20190319,000000,19.788,19.817,19.671,19.738,461357,0
BOTZ.US,D,20190320,000000,19.71,19.862,19.601,19.71,322551,0
BOTZ.US,D,20190321,000000,19.611,19.897,19.601,19.887,436331,0
BOTZ.US,D,20190322,000000,19.917,19.917,19.512,19.512,663818,0
BOTZ.US,D,20190325,000000,19.452,19.581,19.374,19.522,875594,0
BOTZ.US,D,20190326,000000,19.748,19.837,19.631,19.738,497066,0
BOTZ.US,D,20190327,000000,19.729,19.788,19.403,19.561,566919,0
BOTZ.US,D,20190328,000000,19.621,19.729,19.561,19.729,455181,0
BOTZ.US,D,20190329,000000,19.748,19.827,19.72,19.817,629261,0
BOTZ.US,D,20190401,000000,20.056,20.212,20.036,20.212,634886,0
BOTZ.US,D,20190402,000000,20.331,20.36,20.262,20.34,531517,0
BOTZ.US,D,20190403,000000,20.687,20.806,20.627,20.707,665609,0
BOTZ.US,D,20190404,000000,20.717,20.776,20.639,20.756,535736,0
BOTZ.US,D,20190405,000000,20.855,20.942,20.836,20.942,503484,0
BOTZ.US,D,20190408,000000,20.903,20.932,20.786,20.932,494736,0
BOTZ.US,D,20190409,000000,20.912,20.932,20.855,20.855,714280,0
BOTZ.US,D,20190410,000000,20.903,21.011,20.894,21.011,475658,0
BOTZ.US,D,20190411,000000,21.011,21.021,20.917,20.942,1009391,0
BOTZ.US,D,20190412,000000,21.16,21.17,21.061,21.141,736872,0
BOTZ.US,D,20190415,000000,21.229,21.278,21.141,21.16,951040,0
BOTZ.US,D,20190416,000000,21.427,21.457,21.358,21.408,762337,0
BOTZ.US,D,20190417,000000,21.673,21.702,21.437,21.467,680085,0
BOTZ.US,D,20190418,000000,21.447,21.531,21.398,21.487,838727,0
BOTZ.US,D,20190422,000000,21.378,21.388,21.288,21.338,810035,0
BOTZ.US,D,20190423,000000,21.288,21.437,21.229,21.427,1282225,0
BOTZ.US,D,20190424,000000,21.17,21.229,21.071,21.081,1458773,0
BOTZ.US,D,20190425,000000,21.021,21.051,20.893,20.922,984706,0
BOTZ.US,D,20190426,000000,20.932,21.041,20.816,21.041,469780,0
BOTZ.US,D,20190429,000000,21.011,21.16,21.011,21.141,591109,0
BOTZ.US,D,20190430,000000,21.091,21.249,21.091,21.229,534511,0
BOTZ.US,D,20190501,000000,21.269,21.358,21.081,21.081,348628,0
BOTZ.US,D,20190502,000000,21.091,21.17,20.937,21.071,582456,0
BOTZ.US,D,20190503,000000,21.209,21.477,21.19,21.477,1277339,0
BOTZ.US,D,20190506,000000,20.912,21.18,20.786,21.131,739903,0
BOTZ.US,D,20190507,000000,20.746,20.746,20.36,20.43,1252700,0
BOTZ.US,D,20190508,000000,20.38,20.538,20.35,20.4,446835,0
BOTZ.US,D,20190509,000000,20.056,20.232,19.891,20.173,920068,0
BOTZ.US,D,20190510,000000,20.114,20.331,19.946,20.331,668061,0
BOTZ.US,D,20190513,000000,19.738,19.748,19.403,19.403,2954032,0
BOTZ.US,D,20190514,000000,19.601,19.857,19.591,19.788,927358,0
BOTZ.US,D,20190515,000000,19.601,19.927,19.581,19.897,604443,0
BOTZ.US,D,20190516,000000,19.887,20.085,19.867,19.996,457579,0
BOTZ.US,D,20190517,000000,19.798,19.914,19.641,19.651,553154,0
BOTZ.US,D,20190520,000000,19.166,19.325,19.128,19.156,1281935,0
BOTZ.US,D,20190521,000000,19.285,19.35,19.256,19.345,722576,0
BOTZ.US,D,20190522,000000,19.335,19.335,19.186,19.206,346439,0
BOTZ.US,D,20190523,000000,18.93,18.93,18.643,18.702,1259372,0
BOTZ.US,D,20190524,000000,18.95,18.998,18.86,18.95,419049,0
BOTZ.US,D,20190528,000000,19.018,19.018,18.741,18.741,1118118,0
BOTZ.US,D,20190529,000000,18.702,18.751,18.594,18.693,806828,0
BOTZ.US,D,20190530,000000,18.88,18.983,18.86,18.98,467245,0
BOTZ.US,D,20190531,000000,18.712,18.712,18.555,18.555,494376,0
BOTZ.US,D,20190603,000000,18.486,18.555,18.387,18.466,744753,0
BOTZ.US,D,20190604,000000,18.673,19.108,18.673,19.088,621840,0
BOTZ.US,D,20190605,000000,19.325,19.325,19.088,19.206,403894,0
BOTZ.US,D,20190606,000000,19.118,19.176,18.998,19.098,324343,0
BOTZ.US,D,20190607,000000,19.246,19.492,19.236,19.492,432141,0
BOTZ.US,D,20190610,000000,19.651,19.778,19.651,19.7,624228,0
BOTZ.US,D,20190611,000000,19.946,20.026,19.778,19.847,342801,0
BOTZ.US,D,20190612,000000,19.778,19.798,19.541,19.541,495631,0
BOTZ.US,D,20190613,000000,19.631,19.674,19.568,19.67,570096,0
BOTZ.US,D,20190614,000000,19.531,19.531,19.256,19.256,1097728,0
BOTZ.US,D,20190617,000000,19.394,19.472,19.384,19.462,315247,0
BOTZ.US,D,20190618,000000,19.561,19.748,19.484,19.738,711820,0
BOTZ.US,D,20190619,000000,19.936,20.085,19.872,20.056,637071,0
BOTZ.US,D,20190620,000000,20.331,20.39,20.194,20.36,540607,0
BOTZ.US,D,20190621,000000,20.282,20.34,20.183,20.232,627850,0
BOTZ.US,D,20190624,000000,20.302,20.321,20.202,20.202,312509,0
BOTZ.US,D,20190625,000000,20.262,20.312,20.085,20.085,417487,0
BOTZ.US,D,20190626,000000,20.193,20.262,20.104,20.134,1161468,0
BOTZ.US,D,20190627,000000,20.372,20.442,20.322,20.432,671751,0
BOTZ.US,D,20190628,000000,20.462,20.641,20.462,20.631,537046,0
BOTZ.US,D,20190701,000000,21.048,21.113,20.86,20.968,623801,0
BOTZ.US,D,20190702,000000,20.998,21.028,20.831,20.87,397155,0
BOTZ.US,D,20190703,000000,20.831,20.978,20.786,20.978,2175592,0
BOTZ.US,D,20190705,000000,20.711,20.711,20.462,20.651,444571,0
BOTZ.US,D,20190708,000000,20.541,20.561,20.427,20.442,481733,0
BOTZ.US,D,20190709,000000,20.213,20.213,20.015,20.065,2537894,0
BOTZ.US,D,20190710,000000,20.154,20.243,20.085,20.173,1649602,0
BOTZ.US,D,20190711,000000,20.183,20.183,20.035,20.065,734947,0
BOTZ.US,D,20190712,000000,20.005,20.005,19.895,19.955,528555,0
BOTZ.US,D,20190715,000000,20.005,20.065,19.895,19.905,538663,0
BOTZ.US,D,20190716,000000,19.905,19.905,19.745,19.775,434281,0
BOTZ.US,D,20190717,000000,19.945,19.945,19.815,19.865,396477,0
BOTZ.US,D,20190718,000000,19.677,19.83,19.607,19.805,408841,0
BOTZ.US,D,20190719,000000,19.945,20.03,19.84,19.905,431556,0
BOTZ.US,D,20190722,000000,19.945,20.055,19.945,20.055,348725,0
BOTZ.US,D,20190723,000000,20.303,20.303,20.163,20.303,348321,0
BOTZ.US,D,20190724,000000,20.213,20.382,20.163,20.382,383090,0
BOTZ.US,D,20190725,000000,20.322,20.372,20.045,20.055,757290,0
BOTZ.US,D,20190726,000000,20.045,20.055,19.895,19.915,356800,0
BOTZ.US,D,20190729,000000,19.885,19.885,19.717,19.785,520713,0
BOTZ.US,D,20190730,000000,19.795,19.805,19.667,19.795,417509,0
BOTZ.US,D,20190731,000000,19.795,19.865,19.359,19.507,490574,0
BOTZ.US,D,20190801,000000,19.527,19.735,19.12,19.159,1336919,0
BOTZ.US,D,20190802,000000,19.04,19.139,18.692,18.791,2610294,0
BOTZ.US,D,20190805,000000,18.324,18.414,17.818,17.917,1404449,0
BOTZ.US,D,20190806,000000,18.235,18.429,18.185,18.404,2657174,0
BOTZ.US,D,20190807,000000,18.274,18.414,18.045,18.354,1021933,0
BOTZ.US,D,20190808,000000,18.474,18.831,18.474,18.831,530942,0
BOTZ.US,D,20190809,000000,18.573,18.583,18.294,18.374,620977,0
BOTZ.US,D,20190812,000000,18.394,18.409,18.135,18.175,783674,0
BOTZ.US,D,20190813,000000,18.291,18.761,18.255,18.692,664885,0
BOTZ.US,D,20190814,000000,18.235,18.264,17.965,17.965,1078127,0
BOTZ.US,D,20190815,000000,18.125,18.175,17.937,18.065,533941,0
BOTZ.US,D,20190816,000000,18.245,18.414,18.155,18.384,674672,0
BOTZ.US,D,20190819,000000,18.524,18.603,18.494,18.544,501201,0
BOTZ.US,D,20190820,000000,18.494,18.603,18.434,18.454,464093,0
BOTZ.US,D,20190821,000000,18.662,18.759,18.629,18.701,425405,0
BOTZ.US,D,20190822,000000,18.682,18.711,18.524,18.603,318504,0
BOTZ.US,D,20190823,000000,18.514,18.603,18.035,18.045,1578538,0
BOTZ.US,D,20190826,000000,18.354,18.414,18.195,18.314,1497585,0
BOTZ.US,D,20190827,000000,18.344,18.385,18.135,18.145,697887,0
BOTZ.US,D,20190828,000000,18.035,18.205,17.985,18.165,736964,0
BOTZ.US,D,20190829,000000,18.394,18.504,18.374,18.494,486677,0
BOTZ.US,D,20190830,000000,18.642,18.721,18.553,18.692,1384010,0
BOTZ.US,D,20190903,000000,18.484,18.512,18.354,18.404,394492,0
BOTZ.US,D,20190904,000000,18.534,18.756,18.534,18.721,1156285,0
BOTZ.US,D,20190905,000000,19.02,19.249,18.921,19.229,588374,0
BOTZ.US,D,20190906,000000,19.259,19.349,19.219,19.309,409156,0
BOTZ.US,D,20190909,000000,19.477,19.547,19.427,19.537,368810,0
BOTZ.US,D,20190910,000000,19.527,19.755,19.457,19.735,476731,0
BOTZ.US,D,20190911,000000,19.865,20.075,19.825,20.075,590912,0
BOTZ.US,D,20190912,000000,20.213,20.362,20.104,20.342,482602,0
BOTZ.US,D,20190913,000000,20.342,20.422,20.303,20.362,510063,0
BOTZ.US,D,20190916,000000,20.243,20.288,20.154,20.213,282213,0
BOTZ.US,D,20190917,000000,20.085,20.163,20.005,20.154,363718,0
BOTZ.US,D,20190918,000000,20.173,20.203,19.975,20.193,277415,0
BOTZ.US,D,20190919,000000,20.203,20.313,20.117,20.134,324958,0
BOTZ.US,D,20190920,000000,20.035,20.104,19.875,19.885,373468,0
BOTZ.US,D,20190923,000000,19.795,19.885,19.755,19.845,318123,0
BOTZ.US,D,20190924,000000,20.005,20.045,19.672,19.726,533472,0
BOTZ.US,D,20190925,000000,19.567,19.835,19.482,19.835,525571,0
BOTZ.US,D,20190926,000000,19.825,19.845,19.726,19.815,379078,0
BOTZ.US,D,20190927,000000,19.865,19.905,19.577,19.637,800671,0
BOTZ.US,D,20190930,000000,19.765,19.925,19.755,19.905,347270,0
BOTZ.US,D,20191001,000000,19.975,20.07,19.677,19.687,431019,0
BOTZ.US,D,20191002,000000,19.388,19.408,19.05,19.13,735764,0
BOTZ.US,D,20191003,000000,19.209,19.437,19.03,19.437,355751,0
BOTZ.US,D,20191004,000000,19.447,19.637,19.397,19.637,554213,0
BOTZ.US,D,20191007,000000,19.567,19.687,19.517,19.537,478252,0
BOTZ.US,D,20191008,000000,19.378,19.378,19.159,19.169,496389,0
BOTZ.US,D,20191009,000000,19.279,19.424,19.259,19.388,341242,0
BOTZ.US,D,20191010,000000,19.159,19.359,19.09,19.229,1037642,0
BOTZ.US,D,20191011,000000,19.497,19.815,19.458,19.717,613250,0
BOTZ.US,D,20191014,000000,19.607,19.677,19.557,19.627,230556,0
BOTZ.US,D,20191015,000000,19.745,20.075,19.745,20.035,409227,0
BOTZ.US,D,20191016,000000,19.975,20.139,19.955,20.055,263462,0
BOTZ.US,D,20191017,000000,20.085,20.208,20.005,20.114,287950,0
BOTZ.US,D,20191018,000000,20.144,20.223,20.04,20.183,399034,0
BOTZ.US,D,20191021,000000,20.233,20.332,20.233,20.313,171924,0
BOTZ.US,D,20191022,000000,20.303,20.322,20.154,20.163,255545,0
BOTZ.US,D,20191023,000000,20.144,20.308,20.085,20.283,716673,0
BOTZ.US,D,20191024,000000,20.352,20.409,20.288,20.402,393640,0
BOTZ.US,D,20191025,000000,20.392,20.631,20.382,20.591,732080,0
BOTZ.US,D,20191028,000000,20.681,20.918,20.681,20.908,442794,0
BOTZ.US,D,20191029,000000,20.928,21.028,20.84,20.89,345233,0
BOTZ.US,D,20191030,000000,20.811,20.831,20.581,20.791,259223,0
BOTZ.US,D,20191031,000000,20.721,20.721,20.541,20.671,519457,0
BOTZ.US,D,20191101,000000,20.968,21.188,20.968,21.188,617669,0
BOTZ.US,D,20191104,000000,21.367,21.487,21.347,21.487,872826,0
BOTZ.US,D,20191105,000000,21.457,21.575,21.447,21.556,491450,0
BOTZ.US,D,20191106,000000,21.457,21.477,21.296,21.357,429801,0
BOTZ.US,D,20191107,000000,21.506,21.724,21.447,21.615,764437,0
BOTZ.US,D,20191108,000000,21.496,21.536,21.387,21.477,512993,0
BOTZ.US,D,20191111,000000,21.198,21.367,21.198,21.327,382823,0
BOTZ.US,D,20191112,000000,21.417,21.526,21.367,21.437,361976,0
BOTZ.US,D,20191113,000000,21.227,21.367,21.207,21.247,408970,0
BOTZ.US,D,20191114,000000,21.188,21.267,21.148,21.257,387248,0
BOTZ.US,D,20191115,000000,21.287,21.377,21.247,21.347,348193,0
BOTZ.US,D,20191118,000000,21.217,21.337,21.198,21.317,299604,0
BOTZ.US,D,20191119,000000,21.188,21.237,21.048,21.118,368799,0
BOTZ.US,D,20191120,000000,21.058,21.178,20.948,21.028,414794,0
BOTZ.US,D,20191121,000000,20.998,21.016,20.899,20.948,238936,0
BOTZ.US,D,20191122,000000,21.078,21.128,20.972,21.058,414437,0
BOTZ.US,D,20191125,000000,21.207,21.467,21.207,21.467,588131,0
BOTZ.US,D,20191126,000000,21.477,21.546,21.427,21.467,326718,0
BOTZ.US,D,20191127,000000,21.556,21.575,21.496,21.566,326336,0
BOTZ.US,D,20191129,000000,21.407,21.407,21.307,21.327,229951,0
BOTZ.US,D,20191202,000000,21.397,21.427,21.038,21.058,641201,0
BOTZ.US,D,20191203,000000,20.899,21.148,20.835,21.148,555265,0
BOTZ.US,D,20191204,000000,21.307,21.427,21.307,21.357,323977,0
BOTZ.US,D,20191205,000000,21.407,21.427,21.307,21.347,267890,0
BOTZ.US,D,20191206,000000,21.566,21.684,21.516,21.674,569427,0
BOTZ.US,D,20191209,000000,21.625,21.664,21.526,21.526,277013,0
BOTZ.US,D,20191210,000000,21.437,21.605,21.437,21.536,257241,0
BOTZ.US,D,20191211,000000,21.496,21.634,21.477,21.634,312144,0
BOTZ.US,D,20191212,000000,21.605,21.963,21.575,21.963,904374,0
BOTZ.US,D,20191213,000000,21.993,22.272,21.991,22.152,584794,0
BOTZ.US,D,20191216,000000,22.192,22.291,22.162,22.202,493208,0
BOTZ.US,D,20191217,000000,22.092,22.202,22.073,22.162,363283,0
BOTZ.US,D,20191218,000000,21.983,22.013,21.914,21.924,370356,0
BOTZ.US,D,20191219,000000,21.934,22.033,21.904,22.023,384450,0
BOTZ.US,D,20191220,000000,22.033,22.073,21.924,21.924,365349,0
BOTZ.US,D,20191223,000000,21.924,22.003,21.898,21.973,299319,0
BOTZ.US,D,20191224,000000,21.993,22.023,21.966,21.993,140506,0
BOTZ.US,D,20191226,000000,22.023,22.15,22.013,22.142,366527,0
BOTZ.US,D,20191227,000000,22.142,22.152,21.993,21.993,335924,0
BOTZ.US,D,20191230,000000,21.993,22.023,21.764,21.764,382262,0
BOTZ.US,D,20191231,000000,21.714,21.824,21.634,21.774,309723,0
BOTZ.US,D,20200102,000000,22.013,22.152,21.973,22.152,361057,0
BOTZ.US,D,20200103,000000,21.904,21.969,21.764,21.834,443787,0
BOTZ.US,D,20200106,000000,21.884,22.102,21.854,22.102,653654,0
BOTZ.US,D,20200107,000000,22.102,22.112,21.953,21.993,234968,0
BOTZ.US,D,20200108,000000,21.953,22.182,21.944,22.172,475602,0
BOTZ.US,D,20200109,000000,22.242,22.331,22.192,22.312,419017,0
BOTZ.US,D,20200110,000000,22.391,22.511,22.272,22.272,454785,0
BOTZ.US,D,20200113,000000,22.341,22.501,22.302,22.501,421003,0
BOTZ.US,D,20200114,000000,22.501,22.591,22.381,22.531,282353,0
BOTZ.US,D,20200115,000000,22.521,22.521,22.321,22.331,299464,0
BOTZ.US,D,20200116,000000,22.391,22.461,22.312,22.421,382484,0
BOTZ.US,D,20200117,000000,22.481,22.521,22.391,22.441,238732,0
BOTZ.US,D,20200121,000000,22.341,22.361,22.172,22.172,603603,0
BOTZ.US,D,20200122,000000,22.351,22.401,22.285,22.302,381659,0
BOTZ.US,D,20200123,000000,22.321,22.481,22.212,22.481,441003,0
BOTZ.US,D,20200124,000000,22.531,22.581,22.212,22.262,539593,0
BOTZ.US,D,20200127,000000,21.604,21.734,21.505,21.604,785807,0
BOTZ.US,D,20200128,000000,21.704,21.914,21.634,21.884,445957,0
BOTZ.US,D,20200129,000000,22.132,22.132,21.864,21.914,369321,0
BOTZ.US,D,20200130,000000,21.764,21.904,21.604,21.904,381872,0
BOTZ.US,D,20200131,000000,21.674,21.674,21.276,21.316,1055631,0
BOTZ.US,D,20200203,000000,21.505,21.654,21.446,21.614,546545,0
BOTZ.US,D,20200204,000000,21.884,22.082,21.874,22.082,966552,0
BOTZ.US,D,20200205,000000,22.371,22.396,22.212,22.351,472525,0
BOTZ.US,D,20200206,000000,22.401,22.451,22.262,22.441,285563,0
BOTZ.US,D,20200207,000000,22.262,22.341,22.142,22.142,428436,0
BOTZ.US,D,20200210,000000,22.172,22.481,22.172,22.481,416456,0
BOTZ.US,D,20200211,000000,22.521,22.849,22.521,22.829,1480359,0
BOTZ.US,D,20200212,000000,22.899,22.969,22.849,22.959,484914,0
BOTZ.US,D,20200213,000000,22.739,22.846,22.699,22.719,367543,0
BOTZ.US,D,20200214,000000,22.779,22.838,22.702,22.759,567160,0
BOTZ.US,D,20200218,000000,22.581,22.601,22.401,22.491,441076,0
BOTZ.US,D,20200219,000000,22.491,22.748,22.491,22.67,752456,0
BOTZ.US,D,20200220,000000,22.641,22.749,22.262,22.581,782176,0
BOTZ.US,D,20200221,000000,22.421,22.471,22.087,22.142,732795,0
BOTZ.US,D,20200224,000000,21.117,21.316,20.977,21.037,1559196,0
BOTZ.US,D,20200225,000000,21.326,21.406,20.554,20.629,2059310,0
BOTZ.US,D,20200226,000000,20.838,21.172,20.719,20.789,1560845,0
BOTZ.US,D,20200227,000000,20.231,20.619,19.862,19.872,2304679,0
BOTZ.US,D,20200228,000000,19.335,20.191,19.254,20.181,1728460,0
BOTZ.US,D,20200302,000000,20.231,20.469,19.762,20.469,1268581,0
BOTZ.US,D,20200303,000000,20.609,20.789,19.812,20.042,1125082,0
BOTZ.US,D,20200304,000000,20.4,20.878,20.251,20.878,884124,0
BOTZ.US,D,20200305,000000,20.221,20.469,20.002,20.111,1073471,0
BOTZ.US,D,20200306,000000,19.654,19.902,19.414,19.684,926922,0
BOTZ.US,D,20200309,000000,18.499,18.618,17.875,17.96,1687422,0
BOTZ.US,D,20200310,000000,18.774,18.867,17.975,18.797,1707045,0
BOTZ.US,D,20200311,000000,18.409,18.449,17.702,17.842,1342474,0
BOTZ.US,D,20200312,000000,16.427,16.433,15.74,15.76,2027271,0
BOTZ.US,D,20200313,000000,16.855,17.174,15.93,17.174,1255832,0
BOTZ.US,D,20200316,000000,15.402,16.189,14.954,15.043,1516640,0
BOTZ.US,D,20200317,000000,15.602,16.238,15.204,16.119,1566016,0
BOTZ.US,D,20200318,000000,15.213,15.68,14.705,15.552,1306853,0
BOTZ.US,D,20200319,000000,15.213,15.93,15.033,15.661,940038,0
BOTZ.US,D,20200320,000000,15.9,16.298,15.342,15.482,2301738,0
BOTZ.US,D,20200323,000000,15.492,15.71,15.133,15.397,1314995,0
BOTZ.US,D,20200324,000000,16.577,17.364,16.577,17.364,1401297,0
BOTZ.US,D,20200325,000000,17.453,18.01,16.955,17.682,922060,0
BOTZ.US,D,20200326,000000,17.891,18.667,17.842,18.637,1048464,0
BOTZ.US,D,20200327,000000,17.921,18.558,17.921,18.09,799570,0
BOTZ.US,D,20200330,000000,18.12,18.399,17.923,18.389,678632,0
BOTZ.US,D,20200331,000000,17.98,18.474,17.942,18.06,616900,0
BOTZ.US,D,20200401,000000,17.433,17.503,16.995,16.995,992339,0
BOTZ.US,D,20200402,000000,17.005,17.423,16.95,17.373,618071,0
BOTZ.US,D,20200403,000000,17.135,17.294,16.707,16.845,545503,0
BOTZ.US,D,20200406,000000,17.522,18.22,17.423,18.14,723224,0
BOTZ.US,D,20200407,000000,18.897,18.962,18.02,18.02,400756,0
BOTZ.US,D,20200408,000000,18.17,18.444,17.911,18.409,699292,0
BOTZ.US,D,20200409,000000,18.687,18.927,18.529,18.717,550823,0
BOTZ.US,D,20200413,000000,18.637,18.667,18.419,18.568,432563,0
BOTZ.US,D,20200414,000000,19.016,19.355,18.957,19.305,802187,0
BOTZ.US,D,20200415,000000,18.847,18.887,18.628,18.727,706153,0
BOTZ.US,D,20200416,000000,18.767,18.887,18.558,18.857,805851,0
BOTZ.US,D,20200417,000000,19.195,19.258,18.917,19.205,573112,0
BOTZ.US,D,20200420,000000,18.967,19.275,18.917,18.917,594059,0
BOTZ.US,D,20200421,000000,18.777,18.857,18.409,18.429,900264,0
BOTZ.US,D,20200422,000000,18.837,19.175,18.827,19.126,759786,0
BOTZ.US,D,20200423,000000,19.255,19.444,19.076,19.136,541100,0
BOTZ.US,D,20200424,000000,19.335,19.444,19.136,19.414,533086,0
BOTZ.US,D,20200427,000000,19.714,20.002,19.614,19.952,1288390,0
BOTZ.US,D,20200428,000000,20.39,20.509,20.092,20.191,588776,0
BOTZ.US,D,20200429,000000,20.569,20.962,20.532,20.888,1104825,0
BOTZ.US,D,20200430,000000,20.579,20.619,20.301,20.33,861470,0
BOTZ.US,D,20200501,000000,19.922,20.042,19.714,19.752,677760,0
BOTZ.US,D,20200504,000000,19.594,19.912,19.574,19.912,552819,0
BOTZ.US,D,20200505,000000,20.151,20.296,20.042,20.121,376265,0
BOTZ.US,D,20200506,000000,20.271,20.339,20.065,20.072,375451,0
BOTZ.US,D,20200507,000000,20.619,20.809,20.559,20.759,607646,0
BOTZ.US,D,20200508,000000,21.047,21.087,20.868,21.087,691690,0
BOTZ.US,D,20200511,000000,20.987,21.366,20.987,21.326,547889,0
BOTZ.US,D,20200512,000000,21.366,21.376,20.838,20.838,654018,0
BOTZ.US,D,20200513,000000,21.137,21.256,20.689,20.917,747482,0
BOTZ.US,D,20200514,000000,20.46,20.719,20.181,20.669,723464,0
BOTZ.US,D,20200515,000000,20.649,21.077,20.619,21.077,618165,0
BOTZ.US,D,20200518,000000,21.505,22.003,21.406,21.944,1166883,0
BOTZ.US,D,20200519,000000,21.864,22.152,21.804,21.854,909589,0
BOTZ.US,D,20200520,000000,22.321,22.591,22.321,22.451,1130935,0
BOTZ.US,D,20200521,000000,22.441,22.471,22.122,22.152,638628,0
BOTZ.US,D,20200522,000000,22.152,22.531,22.107,22.521,687881,0
BOTZ.US,D,20200526,000000,23.029,23.148,22.899,22.979,1273809,0
BOTZ.US,D,20200527,000000,23.138,23.148,22.516,23.009,768480,0
BOTZ.US,D,20200528,000000,23.188,23.546,23.109,23.138,1787641,0
BOTZ.US,D,20200529,000000,22.969,23.118,22.71,23.078,1544176,0
BOTZ.US,D,20200601,000000,23.307,23.526,23.108,23.506,932619,0
BOTZ.US,D,20200602,000000,23.546,23.576,23.347,23.516,817442,0
BOTZ.US,D,20200603,000000,23.566,23.786,23.526,23.726,940130,0
BOTZ.US,D,20200604,000000,23.606,23.746,23.455,23.506,820729,0
BOTZ.US,D,20200605,000000,23.736,24.084,23.736,23.904,1601785,0
BOTZ.US,D,20200608,000000,23.815,23.944,23.616,23.944,941832,0
BOTZ.US,D,20200609,000000,23.706,24.009,23.616,23.914,581187,0
BOTZ.US,D,20200610,000000,24.044,24.114,23.854,23.944,609106,0
BOTZ.US,D,20200611,000000,23.436,23.526,22.581,22.581,1900185,0
BOTZ.US,D,20200612,000000,23.198,23.486,22.611,23.039,1295995,0
BOTZ.US,D,20200615,000000,22.551,23.178,22.312,23.128,918677,0
BOTZ.US,D,20200616,000000,23.686,23.815,23.148,23.556,1141934,0
BOTZ.US,D,20200617,000000,23.736,23.934,22.551,23.766,889161,0
BOTZ.US,D,20200618,000000,23.696,23.696,23.496,23.586,569824,0
BOTZ.US,D,20200619,000000,23.894,23.994,23.546,23.556,934536,0
BOTZ.US,D,20200622,000000,23.666,23.924,23.566,23.924,581028,0
BOTZ.US,D,20200623,000000,24.114,24.193,23.929,23.954,760830,0
BOTZ.US,D,20200624,000000,23.934,23.974,23.337,23.476,993676,0
BOTZ.US,D,20200625,000000,23.636,23.974,23.476,23.954,811405,0
BOTZ.US,D,20200626,000000,23.815,23.815,23.397,23.456,833173,0
BOTZ.US,D,20200629,000000,23.5,23.75,23.38,23.72,723045,0
BOTZ.US,D,20200630,000000,23.69,23.939,23.607,23.83,556542,0
BOTZ.US,D,20200701,000000,23.929,24.029,23.849,23.969,1696012,0
BOTZ.US,D,20200702,000000,24.009,24.139,23.969,23.989,678155,0
BOTZ.US,D,20200706,000000,24.458,24.648,24.458,24.588,1215223,0
BOTZ.US,D,20200707,000000,24.548,24.693,24.349,24.409,750355,0
BOTZ.US,D,20200708,000000,24.438,24.648,24.329,24.648,530937,0
BOTZ.US,D,20200709,000000,24.698,24.758,24.329,24.538,636884,0
BOTZ.US,D,20200710,000000,24.748,24.878,24.643,24.878,1200500,0
BOTZ.US,D,20200713,000000,24.848,24.958,24.259,24.349,1315382,0
BOTZ.US,D,20200714,000000,24.289,24.738,24.224,24.728,932388,0
BOTZ.US,D,20200715,000000,25.157,25.327,25.027,25.207,885026,0
BOTZ.US,D,20200716,000000,24.868,24.938,24.758,24.778,743211,0
BOTZ.US,D,20200717,000000,24.928,25.187,24.908,25.187,616141,0
BOTZ.US,D,20200720,000000,25.187,25.467,25.077,25.447,637932,0
BOTZ.US,D,20200721,000000,25.547,25.646,25.477,25.497,603649,0
BOTZ.US,D,20200722,000000,25.517,25.696,25.487,25.626,605963,0
BOTZ.US,D,20200723,000000,25.636,25.906,25.422,25.587,839034,0
BOTZ.US,D,20200724,000000,25.387,25.477,25.207,25.317,667818,0
BOTZ.US,D,20200727,000000,25.587,25.936,25.587,25.866,981112,0
BOTZ.US,D,20200728,000000,25.736,25.846,25.507,25.537,685244,0
BOTZ.US,D,20200729,000000,25.537,25.816,25.537,25.786,546881,0
BOTZ.US,D,20200730,000000,25.367,25.686,25.157,25.616,615520,0
BOTZ.US,D,20200731,000000,25.467,25.497,25.072,25.277,717761,0
BOTZ.US,D,20200803,000000,25.477,25.856,25.397,25.846,996043,0
BOTZ.US,D,20200804,000000,25.716,25.996,25.686,25.996,604619,0
BOTZ.US,D,20200805,000000,26.205,26.348,26.056,26.265,800625,0
BOTZ.US,D,20200806,000000,26.285,26.34,26.116,26.325,713555,0
BOTZ.US,D,20200807,000000,26.215,26.315,26.016,26.225,605794,0
BOTZ.US,D,20200810,000000,26.215,26.295,26.066,26.255,672928,0
BOTZ.US,D,20200811,000000,26.655,26.675,26.26,26.315,1219431,0
BOTZ.US,D,20200812,000000,26.695,27.024,26.685,27.014,1275225,0
BOTZ.US,D,20200813,000000,26.994,27.044,26.854,26.924,775364,0
BOTZ.US,D,20200814,000000,26.924,26.989,26.809,26.884,442706,0
BOTZ.US,D,20200817,000000,27.054,27.364,27.054,27.364,967587,0
BOTZ.US,D,20200818,000000,27.393,27.453,27.174,27.264,705936,0
BOTZ.US,D,20200819,000000,27.294,27.294,26.994,26.994,694223,0
BOTZ.US,D,20200820,000000,26.785,26.924,26.615,26.874,682108,0
BOTZ.US,D,20200821,000000,26.605,26.755,26.555,26.755,546287,0
BOTZ.US,D,20200824,000000,27.154,27.224,26.879,27.014,1172468,0
BOTZ.US,D,20200825,000000,26.994,27.084,26.884,27.014,527624,0
BOTZ.US,D,20200826,000000,27.014,27.144,26.994,27.104,629213,0
BOTZ.US,D,20200827,000000,27.104,27.106,26.685,26.794,947905,0
BOTZ.US,D,20200828,000000,26.854,27.134,26.854,27.104,718309,0
BOTZ.US,D,20200831,000000,27.044,27.164,26.904,27.054,946060,0
BOTZ.US,D,20200901,000000,27.154,27.443,27.063,27.443,912346,0
BOTZ.US,D,20200902,000000,27.893,28.082,27.7,28.082,1184439,0
BOTZ.US,D,20200903,000000,27.793,27.793,26.794,26.964,3912331,0
BOTZ.US,D,20200904,000000,26.984,27.144,25.976,26.874,2045134,0
BOTZ.US,D,20200908,000000,26.34,26.834,26.295,26.495,1296707,0
BOTZ.US,D,20200909,000000,26.929,27.164,26.804,27.084,1357732,0
BOTZ.US,D,20200910,000000,27.204,27.314,26.715,26.765,1261104,0
BOTZ.US,D,20200911,000000,27.054,27.164,26.705,26.834,1119003,0
BOTZ.US,D,20200914,000000,27.294,27.503,27.224,27.413,1042458,0
BOTZ.US,D,20200915,000000,27.733,27.833,27.623,27.723,883882,0
BOTZ.US,D,20200916,000000,27.793,27.883,27.593,27.633,778668,0
BOTZ.US,D,20200917,000000,27.224,27.54,27.224,27.513,891144,0
BOTZ.US,D,20200918,000000,27.673,27.673,27.154,27.324,863680,0
BOTZ.US,D,20200921,000000,26.775,26.859,26.445,26.804,1309338,0
BOTZ.US,D,20200922,000000,26.814,27.044,26.61,27.024,964913,0
BOTZ.US,D,20200923,000000,27.154,27.274,26.74,26.785,879142,0
BOTZ.US,D,20200924,000000,26.615,26.994,26.485,26.735,648751,0
BOTZ.US,D,20200925,000000,26.645,27.124,26.605,27.114,731708,0
BOTZ.US,D,20200928,000000,27.354,27.513,27.304,27.513,954157,0
BOTZ.US,D,20200929,000000,27.743,28.022,27.743,27.853,1713062,0
BOTZ.US,D,20200930,000000,27.813,28.052,27.753,27.823,950069,0
BOTZ.US,D,20201001,000000,28.082,28.242,27.982,28.192,913077,0
BOTZ.US,D,20201002,000000,27.633,28.002,27.583,27.933,1158532,0
BOTZ.US,D,20201005,000000,27.933,28.232,27.933,28.222,1115222,0
BOTZ.US,D,20201006,000000,28.272,28.542,28.032,28.142,1291999,0
BOTZ.US,D,20201007,000000,28.402,28.636,28.402,28.611,1809889,0
BOTZ.US,D,20201008,000000,28.831,28.851,28.651,28.701,759381,0
BOTZ.US,D,20201009,000000,28.781,29.011,28.781,28.981,1077178,0
BOTZ.US,D,20201012,000000,29.18,29.248,29.051,29.22,1242565,0
BOTZ.US,D,20201013,000000,29.21,29.309,29.12,29.22,590155,0
BOTZ.US,D,20201014,000000,29.32,29.42,29.121,29.19,734643,0
BOTZ.US,D,20201015,000000,28.621,28.881,28.561,28.841,1085078,0
BOTZ.US,D,20201016,000000,28.841,29.041,28.826,28.851,711440,0
BOTZ.US,D,20201019,000000,29.001,29.205,28.741,28.811,946691,0
BOTZ.US,D,20201020,000000,28.991,29.24,28.986,29.081,3634020,0
BOTZ.US,D,20201021,000000,29.19,29.19,28.911,28.921,828849,0
BOTZ.US,D,20201022,000000,28.961,29.031,28.731,28.991,1037421,0
BOTZ.US,D,20201023,000000,29.051,29.091,28.826,28.991,690422,0
BOTZ.US,D,20201026,000000,28.701,28.721,28.192,28.372,2439326,0
BOTZ.US,D,20201027,000000,28.522,28.601,28.422,28.472,706284,0
BOTZ.US,D,20201028,000000,27.963,28.122,27.653,27.673,2215255,0
BOTZ.US,D,20201029,000000,27.933,28.192,27.883,28.042,2193992,0
BOTZ.US,D,20201030,000000,27.843,27.943,27.483,27.663,1526782,0
BOTZ.US,D,20201102,000000,27.953,28.002,27.693,27.903,1134404,0
BOTZ.US,D,20201103,000000,28.332,28.721,28.292,28.601,1162370,0
BOTZ.US,D,20201104,000000,28.91,29.27,28.671,29.071,1246461,0
BOTZ.US,D,20201105,000000,29.64,29.899,29.6,29.879,1348119,0
BOTZ.US,D,20201106,000000,29.71,29.914,29.53,29.809,984781,0
BOTZ.US,D,20201109,000000,30.913,30.947,30.249,30.548,1446135,0
BOTZ.US,D,20201110,000000,29.889,29.968,29.55,29.72,1252977,0
BOTZ.US,D,20201111,000000,30.059,30.299,30.04,30.169,931606,0
BOTZ.US,D,20201112,000000,30.249,30.259,29.879,29.949,582201,0
BOTZ.US,D,20201113,000000,30.239,30.448,30.134,30.448,737361,0
BOTZ.US,D,20201116,000000,30.808,31.027,30.738,31.027,996993,0
BOTZ.US,D,20201117,000000,30.748,30.858,30.498,30.788,773512,0
BOTZ.US,D,20201118,000000,31.047,31.137,30.738,30.738,685902,0
BOTZ.US,D,20201119,000000,30.638,30.898,30.558,30.898,650538,0
BOTZ.US,D,20201120,000000,30.927,31.097,30.888,31.007,561716,0
BOTZ.US,D,20201123,000000,31.257,31.297,30.927,31.107,960007,0
BOTZ.US,D,20201124,000000,31.417,31.526,31.197,31.516,992359,0
BOTZ.US,D,20201125,000000,31.516,31.608,31.312,31.506,1000478,0
BOTZ.US,D,20201127,000000,31.756,31.946,31.71,31.946,921354,0
BOTZ.US,D,20201130,000000,31.996,32.026,31.596,31.596,1396992,0
BOTZ.US,D,20201201,000000,32.222,32.405,32.066,32.345,1044176,0
BOTZ.US,D,20201202,000000,32.315,32.355,32.155,32.295,849393,0
BOTZ.US,D,20201203,000000,32.305,32.415,32.215,32.295,525443,0
BOTZ.US,D,20201204,000000,32.235,32.645,32.225,32.645,1059677,0
BOTZ.US,D,20201207,000000,32.295,32.355,32.066,32.145,813299,0
BOTZ.US,D,20201208,000000,32.145,32.33,32.076,32.295,623699,0
BOTZ.US,D,20201209,000000,32.61,32.61,31.906,32.095,698123,0
BOTZ.US,D,20201210,000000,31.866,32.19,31.756,32.095,966895,0
BOTZ.US,D,20201211,000000,31.946,32.046,31.746,31.976,532818,0
BOTZ.US,D,20201214,000000,32.345,32.454,32.145,32.205,744212,0
BOTZ.US,D,20201215,000000,32.275,32.545,32.255,32.545,1069388,0
BOTZ.US,D,20201216,000000,32.545,32.615,32.285,32.445,682063,0
BOTZ.US,D,20201217,000000,32.744,32.864,32.684,32.864,901014,0
BOTZ.US,D,20201218,000000,32.934,32.944,32.66,32.744,917235,0
BOTZ.US,D,20201221,000000,32.115,32.634,32.016,32.565,894702,0
BOTZ.US,D,20201222,000000,32.645,32.809,32.545,32.774,936233,0
BOTZ.US,D,20201223,000000,32.984,33.134,32.964,33.024,704282,0
BOTZ.US,D,20201224,000000,33.054,33.054,32.874,32.904,267021,0
BOTZ.US,D,20201228,000000,33.184,33.225,33.004,33.074,555020,0
BOTZ.US,D,20201229,000000,33.4,33.443,33.089,33.194,574185,0
BOTZ.US,D,20201230,000000,33.323,33.543,33.279,33.333,819246,0
BOTZ.US,D,20201231,000000,33.313,33.313,33.014,33.079,740593,0
BOTZ.US,D,20210104,000000,33.433,33.463,32.754,32.944,1381908,0
BOTZ.US,D,20210105,000000,33.074,33.613,33.064,33.533,1044967,0
BOTZ.US,D,20210106,000000,33.393,33.803,33.283,33.583,1457600,0
BOTZ.US,D,20210107,000000,33.788,34.117,33.708,34.092,1165910,0
BOTZ.US,D,20210108,000000,34.422,34.561,33.892,34.322,1204199,0
BOTZ.US,D,20210111,000000,33.952,34.267,33.831,34.122,1309981,0
BOTZ.US,D,20210112,000000,34.192,34.317,34.002,34.312,984975,0
BOTZ.US,D,20210113,000000,34.342,34.47,34.222,34.342,641261,0
BOTZ.US,D,20210114,000000,34.751,35.29,34.751,35.2,1075092,0
BOTZ.US,D,20210115,000000,34.801,34.801,34.222,34.461,1210590,0
BOTZ.US,D,20210119,000000,34.861,35.06,34.701,35.04,1134556,0
BOTZ.US,D,20210120,000000,35.29,35.59,35.24,35.56,1620130,0
BOTZ.US,D,20210121,000000,35.679,35.679,35.285,35.55,1059976,0
BOTZ.US,D,20210122,000000,35.457,35.459,35.15,35.36,691145,0
BOTZ.US,D,20210125,000000,35.47,35.949,35.19,35.53,947006,0
BOTZ.US,D,20210126,000000,35.56,35.58,35.181,35.39,917052,0
BOTZ.US,D,20210127,000000,35.001,35.27,34.651,34.881,1393378,0
BOTZ.US,D,20210128,000000,34.751,35.02,34.701,34.721,1161920,0
BOTZ.US,D,20210129,000000,34.362,34.511,33.683,33.793,1370314,0
BOTZ.US,D,20210201,000000,34.432,34.581,34.152,34.521,690909,0
BOTZ.US,D,20210202,000000,34.801,35.011,34.581,35.011,1120427,0
BOTZ.US,D,20210203,000000,34.949,35.08,34.73,34.811,753438,0
BOTZ.US,D,20210204,000000,34.581,34.761,34.481,34.751,1434083,0
BOTZ.US,D,20210205,000000,34.921,35.01,34.761,35.001,581928,0
BOTZ.US,D,20210208,000000,35.22,35.57,35.198,35.57,898231,0
BOTZ.US,D,20210209,000000,35.779,36.049,35.749,36.049,889802,0
BOTZ.US,D,20210210,000000,36.029,36.258,35.611,36.019,1304936,0
BOTZ.US,D,20210211,000000,36.218,36.348,35.949,36.278,681734,0
BOTZ.US,D,20210212,000000,36.119,36.398,35.959,36.398,598991,0
BOTZ.US,D,20210216,000000,36.708,36.798,36.209,36.308,1229271,0
BOTZ.US,D,20210217,000000,36.149,36.149,35.41,35.699,989655,0
BOTZ.US,D,20210218,000000,35.25,35.4,34.891,35.35,1412724,0
BOTZ.US,D,20210219,000000,35.54,35.909,35.54,35.739,724864,0
BOTZ.US,D,20210222,000000,35.341,35.41,34.941,34.941,897133,0
BOTZ.US,D,20210223,000000,34.382,34.641,33.523,34.501,1823901,0
BOTZ.US,D,20210224,000000,34.042,34.601,33.763,34.581,1359526,0
BOTZ.US,D,20210225,000000,34.501,34.691,33.353,33.503,1309963,0
BOTZ.US,D,20210226,000000,33.463,33.833,33.024,33.563,1699627,0
BOTZ.US,D,20210301,000000,33.942,34.372,33.942,34.372,736506,0
BOTZ.US,D,20210302,000000,34.641,34.641,34.062,34.072,1927247,0
BOTZ.US,D,20210303,000000,33.753,33.803,33.094,33.094,1512578,0
BOTZ.US,D,20210304,000000,32.994,33.084,31.736,32.095,3037564,0
BOTZ.US,D,20210305,000000,32.425,32.565,31.187,32.465,1612238,0
BOTZ.US,D,20210308,000000,32.026,32.295,31.457,31.477,2043370,0
BOTZ.US,D,20210309,000000,31.956,32.455,31.921,32.315,1660966,0
BOTZ.US,D,20210310,000000,32.615,32.964,32.566,32.684,849414,0
BOTZ.US,D,20210311,000000,33.144,33.363,32.914,33.323,667756,0
BOTZ.US,D,20210312,000000,33.194,33.438,33.094,33.433,1126605,0
BOTZ.US,D,20210315,000000,33.443,33.693,33.293,33.693,510436,0
BOTZ.US,D,20210316,000000,33.853,33.891,33.393,33.543,551295,0
BOTZ.US,D,20210317,000000,33.244,33.823,33.169,33.773,673921,0
BOTZ.US,D,20210318,000000,33.643,33.853,33.064,33.074,882603,0
BOTZ.US,D,20210319,000000,33.074,33.418,32.904,33.343,595941,0
BOTZ.US,D,20210322,000000,33.174,33.543,33.064,33.373,621380,0
BOTZ.US,D,20210323,000000,33.204,33.204,32.295,32.385,825690,0
BOTZ.US,D,20210324,000000,32.532,32.585,31.876,31.876,1014962,0
BOTZ.US,D,20210325,000000,31.646,32.485,31.646,32.435,895702,0
BOTZ.US,D,20210326,000000,32.565,33.094,32.525,33.094,646889,0
BOTZ.US,D,20210329,000000,32.986,33.074,32.665,32.694,473818,0
BOTZ.US,D,20210330,000000,32.575,32.884,32.415,32.804,471289,0
BOTZ.US,D,20210331,000000,32.704,33.202,32.704,33.084,1151174,0
BOTZ.US,D,20210401,000000,33.363,33.992,33.363,33.992,588386,0
BOTZ.US,D,20210405,000000,34.302,34.682,34.286,34.641,1089837,0
BOTZ.US,D,20210406,000000,34.438,34.641,34.362,34.412,908305,0
BOTZ.US,D,20210407,000000,34.412,34.412,34.032,34.092,552912,0
BOTZ.US,D,20210408,000000,34.471,34.531,34.352,34.531,499832,0
BOTZ.US,D,20210409,000000,34.581,34.651,34.471,34.651,324257,0
BOTZ.US,D,20210412,000000,34.312,34.417,34.032,34.392,371628,0
BOTZ.US,D,20210413,000000,34.392,34.691,34.392,34.691,365155,0
BOTZ.US,D,20210414,000000,34.691,34.831,34.481,34.551,515699,0
BOTZ.US,D,20210415,000000,34.881,35.11,34.686,35.08,724406,0
BOTZ.US,D,20210416,000000,35.22,35.38,35.06,35.36,685592,0
BOTZ.US,D,20210419,000000,35.34,35.34,34.611,34.821,666582,0
BOTZ.US,D,20210420,000000,34.471,34.571,33.932,34.102,703397,0
BOTZ.US,D,20210421,000000,33.932,34.721,33.872,34.721,461037,0
BOTZ.US,D,20210422,000000,34.901,35.08,34.571,34.691,734460,0
BOTZ.US,D,20210423,000000,34.741,35.18,34.696,35.06,556992,0
BOTZ.US,D,20210426,000000,35.07,35.364,35.065,35.34,492529,0
BOTZ.US,D,20210427,000000,35.23,35.23,34.911,34.961,605758,0
BOTZ.US,D,20210428,000000,35.04,35.125,34.811,35.001,666051,0
BOTZ.US,D,20210429,000000,35.19,35.2,34.432,34.771,627045,0
BOTZ.US,D,20210430,000000,34.451,34.571,34.197,34.282,445266,0
BOTZ.US,D,20210503,000000,34.541,34.561,34.162,34.212,930696,0
BOTZ.US,D,20210504,000000,33.823,33.823,32.894,33.254,1236875,0
BOTZ.US,D,20210505,000000,33.683,33.733,33.423,33.653,1216691,0
BOTZ.US,D,20210506,000000,33.593,33.743,33.323,33.723,849966,0
BOTZ.US,D,20210507,000000,33.843,34.252,33.843,34.212,436155,0
BOTZ.US,D,20210510,000000,34.202,34.202,33.323,33.323,670184,0
BOTZ.US,D,20210511,000000,32.51,33.064,32.265,32.944,944841,0
BOTZ.US,D,20210512,000000,32.245,32.345,31.546,31.596,878277,0
BOTZ.US,D,20210513,000000,31.716,32.086,31.596,31.956,583845,0
BOTZ.US,D,20210514,000000,32.275,32.864,32.205,32.794,615253,0
BOTZ.US,D,20210517,000000,32.376,32.415,32.066,32.295,770711,0
BOTZ.US,D,20210518,000000,32.625,32.877,32.495,32.505,461787,0
BOTZ.US,D,20210519,000000,32.026,32.38,31.856,32.305,533009,0
BOTZ.US,D,20210520,000000,32.635,33.024,32.619,32.914,482324,0
BOTZ.US,D,20210521,000000,33.244,33.294,32.934,33.084,584837,0
BOTZ.US,D,20210524,000000,33.244,33.508,33.176,33.423,340553,0
BOTZ.US,D,20210525,000000,33.553,33.563,33.224,33.313,319628,0
BOTZ.US,D,20210526,000000,33.443,33.633,33.383,33.613,319502,0
BOTZ.US,D,20210527,000000,33.623,33.862,33.575,33.833,386967,0
BOTZ.US,D,20210528,000000,34.072,34.342,34.057,34.192,391622,0
BOTZ.US,D,20210601,000000,34.432,34.432,34.087,34.202,388552,0
BOTZ.US,D,20210602,000000,34.262,34.451,34.152,34.392,290315,0
BOTZ.US,D,20210603,000000,34.152,34.411,34.032,34.262,310243,0
BOTZ.US,D,20210604,000000,34.521,34.921,34.519,34.871,538889,0
BOTZ.US,D,20210607,000000,34.883,35.031,34.791,35.001,631287,0
BOTZ.US,D,20210608,000000,34.961,34.971,34.681,34.861,305238,0
BOTZ.US,D,20210609,000000,34.931,34.931,34.442,34.461,394287,0
BOTZ.US,D,20210610,000000,34.491,34.689,34.392,34.611,417463,0
BOTZ.US,D,20210611,000000,34.811,34.861,34.621,34.861,303316,0
BOTZ.US,D,20210614,000000,34.911,35.153,34.901,35.13,371753,0
BOTZ.US,D,20210615,000000,35.16,35.179,34.961,35.09,381588,0
BOTZ.US,D,20210616,000000,35.1,35.26,34.741,34.981,895802,0
BOTZ.US,D,20210617,000000,34.795,35.07,34.751,35.021,394588,0
BOTZ.US,D,20210618,000000,34.731,34.756,34.342,34.342,459555,0
BOTZ.US,D,20210621,000000,34.442,34.731,34.172,34.711,797078,0
BOTZ.US,D,20210622,000000,34.861,34.916,34.451,34.831,302450,0
BOTZ.US,D,20210623,000000,34.861,34.901,34.611,34.671,326878,0
BOTZ.US,D,20210624,000000,34.881,35.135,34.871,35.12,611814,0
BOTZ.US,D,20210625,000000,35.35,35.365,35.14,35.16,250295,0
BOTZ.US,D,20210628,000000,35.13,35.335,35.13,35.33,285707,0
BOTZ.US,D,20210629,000000,35.28,35.42,35.17,35.25,200333,0
BOTZ.US,D,20210630,000000,35.09,35.09,34.765,34.95,304955,0
BOTZ.US,D,20210701,000000,34.98,35.005,34.53,34.71,315180,0
BOTZ.US,D,20210702,000000,34.95,35.11,34.67,34.84,389911,0
BOTZ.US,D,20210706,000000,34.95,34.99,34.59,34.85,493414,0
BOTZ.US,D,20210707,000000,35.14,35.14,34.43,34.53,423695,0
BOTZ.US,D,20210708,000000,33.93,34.37,33.76,34.18,614784,0
BOTZ.US,D,20210709,000000,34.542,34.78,34.45,34.78,455760,0
BOTZ.US,D,20210712,000000,34.83,35.16,34.82,35.15,343285,0
BOTZ.US,D,20210713,000000,35.08,35.08,34.61,34.61,502829,0
BOTZ.US,D,20210714,000000,34.81,34.81,34.21,34.22,475342,0
BOTZ.US,D,20210715,000000,34.06,34.06,33.465,33.74,593535,0
BOTZ.US,D,20210716,000000,33.76,33.87,33.265,33.37,349992,0
BOTZ.US,D,20210719,000000,32.62,32.875,32.5,32.76,1579423,0
BOTZ.US,D,20210720,000000,32.83,33.43,32.68,33.34,425103,0
BOTZ.US,D,20210721,000000,33.55,33.88,33.4,33.87,472850,0
BOTZ.US,D,20210722,000000,34.01,34.04,33.71,33.8,282266,0
BOTZ.US,D,20210723,000000,33.97,33.97,33.68,33.86,229277,0
BOTZ.US,D,20210726,000000,33.75,33.94,33.6885,33.88,297448,0
BOTZ.US,D,20210727,000000,33.73,33.73,33.14,33.48,623107,0
BOTZ.US,D,20210728,000000,33.54,34.05,33.54,33.92,725933,0
BOTZ.US,D,20210729,000000,34.21,34.35,34.17,34.22,495547,0
BOTZ.US,D,20210730,000000,34.07,34.28,33.96,34.01,352661,0
BOTZ.US,D,20210802,000000,34.27,34.5,34.27,34.39,364395,0
BOTZ.US,D,20210803,000000,34.53,34.6,34.251,34.59,308649,0
BOTZ.US,D,20210804,000000,34.31,34.57,34.31,34.42,354065,0
BOTZ.US,D,20210805,000000,34.6,34.825,34.48,34.8,338079,0
BOTZ.US,D,20210806,000000,34.58,34.595,34.27,34.36,254899,0
BOTZ.US,D,20210809,000000,34.24,34.6665,34.24,34.57,259225,0
BOTZ.US,D,20210810,000000,34.8,34.81,34.46,34.48,235658,0
BOTZ.US,D,20210811,000000,35.15,35.184,34.77,35.14,607650,0
BOTZ.US,D,20210812,000000,34.98,35.38,34.98,35.27,457395,0
BOTZ.US,D,20210813,000000,35.1,35.43,35.1,35.43,345166,0
BOTZ.US,D,20210816,000000,34.97,35.06,34.65,35,676674,0
BOTZ.US,D,20210817,000000,34.39,34.775,34.32,34.69,1252145,0
BOTZ.US,D,20210818,000000,34.61,35,34.56,34.69,455985,0
BOTZ.US,D,20210819,000000,34.385,34.8473,34.25,34.5,588712,0
BOTZ.US,D,20210820,000000,34.47,34.78,34.4506,34.7,397640,0
BOTZ.US,D,20210823,000000,35.26,35.775,35.22,35.74,502556,0
BOTZ.US,D,20210824,000000,35.84,36.55,35.84,36.44,501067,0
BOTZ.US,D,20210825,000000,36.3,36.4162,36.18,36.25,446322,0
BOTZ.US,D,20210826,000000,36.23,36.42,35.99,36.19,648531,0
BOTZ.US,D,20210827,000000,36.12,36.8,36.12,36.8,395974,0
BOTZ.US,D,20210830,000000,36.83,36.895,36.565,36.6,401339,0
BOTZ.US,D,20210831,000000,36.81,36.8484,36.605,36.67,410449,0
BOTZ.US,D,20210901,000000,36.99,37.36,36.99,37.3,752849,0
