<TICKER>,<PER>,<DATE>,<TIME>,<OPEN>,<HIGH>,<LOW>,<CLOSE>,<VOL>,<OPENINT>
BSCE.US,D,20181019,000000,23.095,23.095,23.095,23.095,102,0
BSCE.US,D,20181022,000000,23.039,23.039,23.039,23.039,229,0
BSCE.US,D,20181025,000000,23.095,23.095,23.095,23.095,226,0
BSCE.US,D,20181101,000000,23.066,23.076,23.048,23.048,2147,0
BSCE.US,D,20181107,000000,23.121,23.131,23.121,23.131,2749,0
BSCE.US,D,20181112,000000,23.121,23.121,23.121,23.121,1078,0
BSCE.US,D,20181114,000000,23.159,23.179,23.159,23.179,221,0
BSCE.US,D,20181121,000000,23.007,23.009,23.007,23.009,284,0
BSCE.US,D,20181128,000000,23.056,23.056,23.056,23.056,184,0
BSCE.US,D,20181130,000000,23.045,23.046,23.039,23.039,1962,0
BSCE.US,D,20181204,000000,23.105,23.105,23.105,23.105,651,0
BSCE.US,D,20181206,000000,23.056,23.056,23.056,23.056,271,0
BSCE.US,D,20181207,000000,23.121,23.121,23.121,23.121,336,0
BSCE.US,D,20181210,000000,23.07,23.07,23.07,23.07,82,0
BSCE.US,D,20181211,000000,23.08,23.08,23.08,23.08,7,0
BSCE.US,D,20181212,000000,23.146,23.146,23.117,23.117,187,0
BSCE.US,D,20181213,000000,23.177,23.177,23.159,23.159,865,0
BSCE.US,D,20181214,000000,23.164,23.164,23.164,23.164,231,0
BSCE.US,D,20181217,000000,23.197,23.197,23.197,23.197,82,0
BSCE.US,D,20181218,000000,23.26,23.355,23.229,23.229,1249,0
BSCE.US,D,20181219,000000,23.26,23.27,23.224,23.224,933,0
BSCE.US,D,20181220,000000,23.27,23.27,23.236,23.236,219,0
BSCE.US,D,20181221,000000,23.253,23.253,23.197,23.197,2458,0
BSCE.US,D,20181224,000000,23.211,23.211,23.211,23.211,5,0
BSCE.US,D,20181226,000000,23.211,23.27,23.211,23.211,100,0
BSCE.US,D,20181227,000000,23.28,23.28,23.271,23.271,218,0
BSCE.US,D,20181228,000000,23.394,23.413,23.296,23.296,1859,0
BSCE.US,D,20181231,000000,23.3,23.3,23.3,23.3,11,0
BSCE.US,D,20190102,000000,23.318,23.356,23.308,23.308,8230,0
BSCE.US,D,20190103,000000,23.341,23.413,23.341,23.365,2282,0
BSCE.US,D,20190104,000000,23.44,23.46,23.382,23.403,7954,0
BSCE.US,D,20190107,000000,23.47,23.47,23.427,23.427,1068,0
BSCE.US,D,20190108,000000,23.48,23.48,23.431,23.431,5676,0
BSCE.US,D,20190109,000000,23.522,23.522,23.522,23.522,855,0
BSCE.US,D,20190110,000000,23.505,23.513,23.47,23.47,1702,0
BSCE.US,D,20190111,000000,23.455,23.484,23.455,23.484,1511,0
BSCE.US,D,20190114,000000,23.431,23.48,23.431,23.48,613,0
BSCE.US,D,20190115,000000,23.542,23.542,23.505,23.505,100,0
BSCE.US,D,20190116,000000,23.548,23.548,23.546,23.546,218,0
BSCE.US,D,20190117,000000,23.543,23.566,23.543,23.566,319,0
BSCE.US,D,20190118,000000,23.638,23.648,23.61,23.61,669,0
BSCE.US,D,20190122,000000,23.668,23.677,23.624,23.624,9574,0
BSCE.US,D,20190123,000000,23.695,23.705,23.666,23.666,3976,0
BSCE.US,D,20190124,000000,23.729,23.729,23.729,23.729,50,0
BSCE.US,D,20190125,000000,23.752,23.752,23.748,23.748,897,0
BSCE.US,D,20190128,000000,23.69,23.705,23.69,23.705,205,0
BSCE.US,D,20190129,000000,23.752,23.827,23.729,23.729,2227,0
BSCE.US,D,20190130,000000,23.743,23.786,23.733,23.774,1708,0
BSCE.US,D,20190131,000000,23.873,23.911,23.834,23.834,15098,0
BSCE.US,D,20190201,000000,23.901,23.966,23.847,23.883,2754,0
BSCE.US,D,20190204,000000,23.844,23.858,23.844,23.858,1173,0
BSCE.US,D,20190205,000000,23.958,23.958,23.921,23.921,1063,0
BSCE.US,D,20190206,000000,23.896,23.896,23.896,23.896,1,0
BSCE.US,D,20190207,000000,23.899,23.95,23.896,23.896,2587,0
BSCE.US,D,20190208,000000,23.852,23.931,23.852,23.883,6338,0
BSCE.US,D,20190211,000000,23.891,23.901,23.848,23.863,7237,0
BSCE.US,D,20190212,000000,23.896,23.896,23.896,23.896,1,0
BSCE.US,D,20190213,000000,23.931,23.931,23.893,23.911,7526,0
BSCE.US,D,20190214,000000,23.957,23.968,23.921,23.946,4187,0
BSCE.US,D,20190215,000000,23.977,23.977,23.921,23.947,2442,0
BSCE.US,D,20190219,000000,23.987,23.987,23.95,23.95,13561,0
BSCE.US,D,20190220,000000,23.987,23.997,23.923,23.923,12743,0
BSCE.US,D,20190221,000000,23.987,23.987,23.95,23.95,712,0
BSCE.US,D,20190222,000000,23.952,23.982,23.944,23.982,2775,0
BSCE.US,D,20190225,000000,24.045,24.045,24.011,24.011,410,0
BSCE.US,D,20190226,000000,23.987,24.036,23.987,24.036,275,0
BSCE.US,D,20190227,000000,24.057,24.057,24.031,24.031,1532,0
BSCE.US,D,20190228,000000,24.081,24.081,24.026,24.026,3922,0
BSCE.US,D,20190301,000000,24.036,24.036,24.036,24.036,274,0
BSCE.US,D,20190304,000000,24.041,24.072,24.041,24.061,1805,0
BSCE.US,D,20190305,000000,24.062,24.081,24.026,24.053,4779,0
BSCE.US,D,20190306,000000,24.091,24.091,24.057,24.057,2825,0
BSCE.US,D,20190307,000000,24.067,24.067,24.067,24.067,1,0
BSCE.US,D,20190308,000000,24.073,24.076,24.073,24.076,1060,0
BSCE.US,D,20190311,000000,24.086,24.086,24.086,24.086,295,0
BSCE.US,D,20190312,000000,24.081,24.125,24.072,24.125,6046,0
BSCE.US,D,20190313,000000,24.114,24.12,24.114,24.12,521,0
BSCE.US,D,20190314,000000,24.14,24.14,24.14,24.14,21,0
BSCE.US,D,20190315,000000,24.171,24.171,24.171,24.171,25,0
BSCE.US,D,20190318,000000,24.215,24.225,24.175,24.175,2725,0
BSCE.US,D,20190319,000000,24.212,24.22,24.212,24.22,341,0
BSCE.US,D,20190320,000000,24.237,24.272,24.237,24.272,3117,0
BSCE.US,D,20190321,000000,24.262,24.262,24.262,24.262,135,0
BSCE.US,D,20190322,000000,24.253,24.253,24.253,24.253,44,0
BSCE.US,D,20190325,000000,24.319,24.319,24.31,24.319,517,0
BSCE.US,D,20190326,000000,24.254,24.347,24.254,24.325,7769,0
BSCE.US,D,20190327,000000,24.3,24.3,24.247,24.247,50105,0
BSCE.US,D,20190328,000000,24.281,24.281,24.253,24.253,1055,0
BSCE.US,D,20190329,000000,24.263,24.315,24.263,24.315,162,0
BSCE.US,D,20190401,000000,24.293,24.293,24.285,24.285,171,0
BSCE.US,D,20190402,000000,24.295,24.295,24.295,24.295,1,0
BSCE.US,D,20190403,000000,24.328,24.328,24.328,24.328,977,0
BSCE.US,D,20190404,000000,24.363,24.363,24.342,24.342,646,0
BSCE.US,D,20190405,000000,24.319,24.371,24.272,24.328,5010,0
BSCE.US,D,20190408,000000,24.319,24.319,24.319,24.319,1,0
BSCE.US,D,20190409,000000,24.332,24.332,24.332,24.332,66,0
BSCE.US,D,20190410,000000,24.375,24.375,24.367,24.367,391,0
BSCE.US,D,20190411,000000,24.314,24.332,24.314,24.332,1388,0
BSCE.US,D,20190412,000000,24.3,24.3,24.3,24.3,228,0
BSCE.US,D,20190415,000000,24.324,24.324,24.324,24.324,1,0
BSCE.US,D,20190416,000000,24.345,24.356,24.345,24.356,792,0
BSCE.US,D,20190417,000000,24.347,24.405,24.347,24.356,1448,0
BSCE.US,D,20190418,000000,24.369,24.4,24.319,24.361,15525,0
BSCE.US,D,20190422,000000,24.368,24.386,24.331,24.352,2638,0
BSCE.US,D,20190423,000000,24.425,24.425,24.376,24.376,713,0
BSCE.US,D,20190424,000000,24.445,24.445,24.4,24.4,360,0
BSCE.US,D,20190425,000000,24.415,24.435,24.396,24.396,5319,0
BSCE.US,D,20190426,000000,24.414,24.445,24.4,24.4,2143,0
BSCE.US,D,20190429,000000,24.435,24.454,24.374,24.405,2433,0
BSCE.US,D,20190430,000000,24.461,24.461,24.441,24.449,827,0
BSCE.US,D,20190501,000000,24.443,24.443,24.425,24.437,2141,0
BSCE.US,D,20190502,000000,24.48,24.48,24.415,24.415,2649,0
BSCE.US,D,20190503,000000,24.462,24.49,24.445,24.445,1538,0
BSCE.US,D,20190506,000000,24.407,24.47,24.407,24.435,1116,0
BSCE.US,D,20190507,000000,24.399,24.461,24.399,24.42,2733,0
BSCE.US,D,20190508,000000,24.446,24.454,24.435,24.451,2328,0
BSCE.US,D,20190509,000000,24.461,24.461,24.418,24.42,894,0
BSCE.US,D,20190510,000000,24.469,24.469,24.44,24.44,114,0
BSCE.US,D,20190513,000000,24.43,24.43,24.43,24.43,15,0
BSCE.US,D,20190514,000000,24.48,24.48,24.449,24.449,274,0
BSCE.US,D,20190515,000000,24.451,24.465,24.451,24.465,100,0
BSCE.US,D,20190516,000000,24.48,24.48,24.48,24.48,15,0
BSCE.US,D,20190517,000000,24.454,24.454,24.454,24.454,124,0
BSCE.US,D,20190520,000000,24.46,24.485,24.46,24.485,264,0
BSCE.US,D,20190521,000000,24.465,24.465,24.465,24.465,328,0
BSCE.US,D,20190522,000000,24.461,24.461,24.445,24.454,22368,0
BSCE.US,D,20190523,000000,24.445,24.445,24.427,24.435,26845,0
BSCE.US,D,20190524,000000,24.425,24.425,24.415,24.415,5384,0
BSCE.US,D,20190528,000000,24.425,24.518,24.425,24.48,3429,0
BSCE.US,D,20190529,000000,24.518,24.518,24.44,24.44,2001,0
BSCE.US,D,20190530,000000,24.547,24.552,24.547,24.552,391,0
BSCE.US,D,20190531,000000,24.523,24.523,24.523,24.523,100,0
BSCE.US,D,20190603,000000,24.547,24.547,24.547,24.547,83,0
BSCE.US,D,20190604,000000,24.604,24.604,24.562,24.562,866,0
BSCE.US,D,20190605,000000,24.604,24.604,24.604,24.604,129,0
BSCE.US,D,20190606,000000,24.608,24.608,24.608,24.608,54,0
BSCE.US,D,20190607,000000,24.628,24.658,24.628,24.633,350,0
BSCE.US,D,20190610,000000,24.688,24.703,24.658,24.658,213,0
BSCE.US,D,20190611,000000,24.643,24.668,24.643,24.668,217,0
BSCE.US,D,20190612,000000,24.688,24.688,24.688,24.688,3,0
BSCE.US,D,20190613,000000,24.708,24.708,24.708,24.708,3,0
BSCE.US,D,20190614,000000,24.708,24.708,24.708,24.708,3,0
BSCE.US,D,20190617,000000,24.713,24.713,24.713,24.713,9,0
BSCE.US,D,20190618,000000,24.769,24.769,24.769,24.769,1,0
BSCE.US,D,20190619,000000,24.863,24.863,24.863,24.863,3,0
BSCE.US,D,20190620,000000,24.895,24.895,24.895,24.895,158,0
BSCE.US,D,20190621,000000,24.87,24.87,24.858,24.858,223,0
BSCE.US,D,20190624,000000,24.881,24.881,24.881,24.881,155,0
BSCE.US,D,20190625,000000,24.913,24.913,24.885,24.885,221,0
BSCE.US,D,20190626,000000,24.93,24.934,24.866,24.885,3132,0
BSCE.US,D,20190627,000000,24.93,24.93,24.93,24.93,132,0
BSCE.US,D,20190628,000000,24.959,24.959,24.959,24.959,82,0
BSCE.US,D,20190701,000000,25.009,25.038,24.994,24.994,870,0
BSCE.US,D,20190702,000000,25.014,25.057,25.014,25.019,3078,0
BSCE.US,D,20190703,000000,25.043,25.043,25.043,25.043,112,0
BSCE.US,D,20190705,000000,25.009,25.009,25.009,25.009,25,0
BSCE.US,D,20190708,000000,25.047,25.047,25.004,25.004,290,0
BSCE.US,D,20190709,000000,24.959,24.979,24.939,24.979,241,0
BSCE.US,D,20190710,000000,24.983,25.028,24.979,24.979,770,0
BSCE.US,D,20190711,000000,24.979,24.979,24.979,24.979,18,0
BSCE.US,D,20190712,000000,24.979,24.979,24.979,24.979,53,0
BSCE.US,D,20190715,000000,25.016,25.016,24.999,24.999,120,0
BSCE.US,D,20190716,000000,25.019,25.019,24.994,24.994,768,0
BSCE.US,D,20190717,000000,25.057,25.057,25.013,25.013,969,0
BSCE.US,D,20190718,000000,25.062,25.062,25.062,25.062,42,0
BSCE.US,D,20190719,000000,25.04,25.075,24.979,25.023,1680,0
BSCE.US,D,20190722,000000,25.028,25.028,25.028,25.028,50,0
BSCE.US,D,20190723,000000,25.085,25.085,24.979,25.068,5628,0
BSCE.US,D,20190724,000000,25.075,25.075,25.075,25.075,50,0
BSCE.US,D,20190725,000000,25.094,25.094,25.075,25.075,995,0
BSCE.US,D,20190726,000000,25.087,25.088,25.08,25.08,721,0
BSCE.US,D,20190729,000000,25.08,25.08,25.08,25.08,74,0
BSCE.US,D,20190730,000000,25.08,25.08,25.08,25.08,51,0
BSCE.US,D,20190731,000000,25.047,25.052,25.047,25.052,7405,0
BSCE.US,D,20190801,000000,25.209,25.219,25.113,25.113,6611,0
BSCE.US,D,20190802,000000,25.094,25.094,25.094,25.094,1,0
BSCE.US,D,20190805,000000,25.089,25.089,25.089,25.089,134,0
BSCE.US,D,20190806,000000,25.128,25.128,25.128,25.128,21,0
BSCE.US,D,20190807,000000,25.16,25.18,25.147,25.147,412,0
BSCE.US,D,20190808,000000,25.16,25.16,25.16,25.16,96,0
BSCE.US,D,20190809,000000,25.16,25.16,25.16,25.16,96,0
BSCE.US,D,20190813,000000,25.138,25.138,25.138,25.138,57,0
BSCE.US,D,20190814,000000,25.175,25.18,25.156,25.156,6316,0
BSCE.US,D,20190815,000000,25.17,25.17,25.17,25.17,1,0
BSCE.US,D,20190816,000000,25.208,25.208,25.208,25.208,4,0
BSCE.US,D,20190819,000000,25.187,25.187,25.17,25.17,3105,0
BSCE.US,D,20190820,000000,25.239,25.239,25.19,25.19,2699,0
BSCE.US,D,20190821,000000,25.204,25.239,25.2,25.2,2987,0
BSCE.US,D,20190822,000000,25.195,25.195,25.19,25.19,154,0
BSCE.US,D,20190823,000000,25.259,25.259,25.209,25.209,3102,0
BSCE.US,D,20190826,000000,25.268,25.268,25.219,25.219,279,0
BSCE.US,D,20190827,000000,25.268,25.268,25.249,25.249,2577,0
BSCE.US,D,20190828,000000,25.263,25.263,25.263,25.263,223,0
BSCE.US,D,20190829,000000,25.278,25.278,25.278,25.278,335,0
BSCE.US,D,20190830,000000,25.337,25.337,25.302,25.302,290,0
BSCE.US,D,20190903,000000,25.327,25.338,25.327,25.327,869,0
BSCE.US,D,20190904,000000,25.33,25.403,25.33,25.38,860,0
BSCE.US,D,20190905,000000,25.357,25.357,25.357,25.357,178,0
BSCE.US,D,20190906,000000,25.349,25.403,25.349,25.37,1311,0
BSCE.US,D,20190909,000000,25.385,25.389,25.342,25.342,1549,0
BSCE.US,D,20190910,000000,25.288,25.288,25.288,25.288,198,0
BSCE.US,D,20190911,000000,25.357,25.357,25.322,25.322,420,0
BSCE.US,D,20190912,000000,25.384,25.394,25.342,25.342,777,0
BSCE.US,D,20190913,000000,25.385,25.385,25.327,25.327,319,0
BSCE.US,D,20190916,000000,25.337,25.337,25.337,25.337,13,0
BSCE.US,D,20190917,000000,25.355,25.362,25.355,25.362,336,0
BSCE.US,D,20190918,000000,25.375,25.375,25.362,25.362,210,0
BSCE.US,D,20190919,000000,25.45,25.45,25.389,25.389,1004,0
BSCE.US,D,20190920,000000,25.44,25.44,25.44,25.44,90,0
BSCE.US,D,20190923,000000,25.499,25.499,25.435,25.435,1030,0
BSCE.US,D,20190924,000000,25.459,25.459,25.445,25.445,132,0
BSCE.US,D,20190925,000000,25.412,25.412,25.412,25.412,217,0
BSCE.US,D,20190926,000000,25.43,25.43,25.43,25.43,222,0
BSCE.US,D,20190927,000000,25.425,25.425,25.417,25.417,238,0
BSCE.US,D,20190930,000000,25.476,25.485,25.445,25.445,242,0
BSCE.US,D,20191001,000000,25.473,25.473,25.437,25.455,1130,0
BSCE.US,D,20191002,000000,25.477,25.477,25.46,25.46,212,0
BSCE.US,D,20191003,000000,25.486,25.549,25.486,25.509,784,0
BSCE.US,D,20191004,000000,25.539,25.539,25.539,25.539,202,0
BSCE.US,D,20191007,000000,25.529,25.529,25.504,25.504,1076,0
BSCE.US,D,20191008,000000,25.499,25.522,25.499,25.509,1092,0
BSCE.US,D,20191009,000000,25.559,25.559,25.485,25.485,868,0
BSCE.US,D,20191010,000000,25.51,25.519,25.47,25.475,1889,0
BSCE.US,D,20191011,000000,25.465,25.465,25.465,25.465,330,0
BSCE.US,D,20191014,000000,25.46,25.46,25.46,25.46,18,0
BSCE.US,D,20191015,000000,25.438,25.465,25.438,25.465,142,0
BSCE.US,D,20191016,000000,25.509,25.519,25.465,25.465,2583,0
BSCE.US,D,20191017,000000,25.48,25.485,25.48,25.485,235,0
BSCE.US,D,20191018,000000,25.529,25.529,25.529,25.529,30,0
BSCE.US,D,20191021,000000,25.489,25.489,25.489,25.489,47,0
BSCE.US,D,20191022,000000,25.539,25.539,25.529,25.529,298,0
BSCE.US,D,20191023,000000,25.539,25.539,25.539,25.539,14,0
BSCE.US,D,20191024,000000,25.542,25.564,25.542,25.564,1750,0
BSCE.US,D,20191025,000000,25.583,25.583,25.583,25.583,2,0
BSCE.US,D,20191028,000000,25.578,25.578,25.544,25.544,334,0
BSCE.US,D,20191029,000000,25.59,25.59,25.544,25.544,1127,0
BSCE.US,D,20191030,000000,25.587,25.617,25.564,25.564,2025,0
BSCE.US,D,20191031,000000,25.583,25.583,25.583,25.583,68,0
BSCE.US,D,20191101,000000,25.583,25.587,25.583,25.587,334,0
BSCE.US,D,20191104,000000,25.578,25.578,25.578,25.578,5,0
BSCE.US,D,20191105,000000,25.544,25.568,25.535,25.568,503,0
BSCE.US,D,20191106,000000,25.559,25.559,25.559,25.559,8,0
BSCE.US,D,20191107,000000,25.544,25.544,25.529,25.529,397,0
BSCE.US,D,20191108,000000,25.544,25.544,25.544,25.544,62,0
BSCE.US,D,20191111,000000,25.549,25.573,25.549,25.573,251,0
BSCE.US,D,20191112,000000,25.544,25.544,25.544,25.544,61,0
BSCE.US,D,20191113,000000,25.544,25.592,25.544,25.544,126,0
BSCE.US,D,20191114,000000,25.573,25.573,25.573,25.573,1,0
BSCE.US,D,20191115,000000,25.607,25.607,25.564,25.564,931,0
BSCE.US,D,20191118,000000,25.592,25.592,25.592,25.592,33,0
BSCE.US,D,20191119,000000,25.568,25.568,25.559,25.559,1946,0
BSCE.US,D,20191120,000000,25.559,25.612,25.559,25.573,225,0
BSCE.US,D,20191121,000000,25.627,25.627,25.578,25.605,698,0
BSCE.US,D,20191122,000000,25.568,25.568,25.568,25.568,63,0
BSCE.US,D,20191125,000000,25.557,25.657,25.557,25.617,2909,0
BSCE.US,D,20191126,000000,25.622,25.622,25.622,25.622,242,0
BSCE.US,D,20191127,000000,25.568,25.626,25.559,25.616,6357,0
BSCE.US,D,20191129,000000,25.642,25.642,25.642,25.642,61,0
BSCE.US,D,20191202,000000,25.637,25.657,25.592,25.592,1847,0
BSCE.US,D,20191203,000000,25.676,25.676,25.612,25.612,2714,0
BSCE.US,D,20191204,000000,25.644,25.667,25.627,25.627,693,0
BSCE.US,D,20191205,000000,25.637,25.637,25.637,25.637,1,0
BSCE.US,D,20191206,000000,25.632,25.632,25.611,25.632,1355,0
BSCE.US,D,20191209,000000,25.649,25.649,25.642,25.642,388,0
BSCE.US,D,20191210,000000,25.686,25.686,25.622,25.622,152,0
BSCE.US,D,20191211,000000,25.649,25.679,25.649,25.671,723,0
BSCE.US,D,20191212,000000,25.652,25.652,25.652,25.652,27,0
BSCE.US,D,20191213,000000,25.69,25.69,25.69,25.69,27,0
BSCE.US,D,20191216,000000,25.676,25.686,25.647,25.686,1611,0
BSCE.US,D,20191217,000000,25.773,25.773,25.686,25.719,3996,0
BSCE.US,D,20191218,000000,25.728,25.728,25.728,25.728,46,0
BSCE.US,D,20191219,000000,25.735,25.753,25.728,25.728,471,0
BSCE.US,D,20191220,000000,25.722,25.748,25.722,25.748,1969,0
BSCE.US,D,20191223,000000,25.587,25.587,25.559,25.559,409,0
BSCE.US,D,20191224,000000,25.564,25.564,25.564,25.564,73,0
BSCE.US,D,20191226,000000,25.564,25.564,25.564,25.564,11,0
BSCE.US,D,20191227,000000,25.59,25.617,25.578,25.578,327,0
BSCE.US,D,20191230,000000,25.601,25.627,25.592,25.592,495,0
BSCE.US,D,20200102,000000,25.647,25.647,25.587,25.622,903,0
BSCE.US,D,20200106,000000,25.667,25.667,25.617,25.667,793,0
BSCE.US,D,20200107,000000,25.667,25.667,25.627,25.627,178,0
BSCE.US,D,20200108,000000,25.676,25.686,25.637,25.637,550,0
BSCE.US,D,20200110,000000,25.667,25.667,25.667,25.667,509,0
BSCE.US,D,20200115,000000,25.733,25.763,25.709,25.709,2283,0
BSCE.US,D,20200117,000000,25.696,25.723,25.696,25.723,504,0
BSCE.US,D,20200121,000000,25.697,25.753,25.652,25.652,12175,0
BSCE.US,D,20200124,000000,25.733,25.733,25.681,25.681,408,0
BSCE.US,D,20200128,000000,25.743,25.743,25.69,25.69,1316,0
BSCE.US,D,20200130,000000,25.714,25.783,25.695,25.733,6222,0
BSCE.US,D,20200131,000000,25.733,25.733,25.728,25.728,917,0
BSCE.US,D,20200203,000000,25.758,25.803,25.758,25.758,5079,0
BSCE.US,D,20200204,000000,25.796,25.796,25.753,25.753,199,0
BSCE.US,D,20200205,000000,25.719,25.822,25.719,25.758,1889,0
BSCE.US,D,20200206,000000,25.832,25.832,25.783,25.783,785,0
BSCE.US,D,20200207,000000,25.753,25.842,25.753,25.803,884,0
BSCE.US,D,20200211,000000,25.842,25.842,25.798,25.798,351,0
BSCE.US,D,20200212,000000,25.82,25.82,25.798,25.798,674,0
BSCE.US,D,20200213,000000,25.763,25.852,25.763,25.808,1991,0
BSCE.US,D,20200218,000000,25.872,25.882,25.792,25.832,1908,0
BSCE.US,D,20200219,000000,25.882,25.882,25.837,25.837,851,0
BSCE.US,D,20200220,000000,25.852,25.852,25.852,25.852,215,0
BSCE.US,D,20200224,000000,25.822,25.862,25.822,25.862,22537,0
BSCE.US,D,20200225,000000,25.845,25.845,25.829,25.829,107,0
BSCE.US,D,20200226,000000,25.828,25.832,25.828,25.832,672,0
BSCE.US,D,20200227,000000,25.733,25.733,25.728,25.728,1002,0
BSCE.US,D,20200228,000000,25.695,25.695,25.69,25.69,432,0
BSCE.US,D,20200302,000000,25.762,25.762,25.723,25.723,203,0
BSCE.US,D,20200303,000000,25.872,25.872,25.817,25.817,514,0
BSCE.US,D,20200304,000000,25.939,25.939,25.897,25.897,891,0
BSCE.US,D,20200305,000000,25.939,25.949,25.902,25.902,399,0
BSCE.US,D,20200306,000000,25.813,25.862,25.813,25.862,378,0
BSCE.US,D,20200309,000000,25.749,25.749,25.577,25.577,1581,0
BSCE.US,D,20200310,000000,25.429,25.429,25.283,25.358,1306,0
BSCE.US,D,20200311,000000,25.317,25.538,25.202,25.498,10147,0
BSCE.US,D,20200312,000000,24.9,25.036,24.89,25.036,1272,0
BSCE.US,D,20200313,000000,24.89,25.136,24.89,25.051,1629,0
BSCE.US,D,20200316,000000,25.214,25.214,24.622,24.622,1252,0
BSCE.US,D,20200317,000000,24.333,24.442,24.294,24.352,9297,0
BSCE.US,D,20200318,000000,23.963,23.984,23.417,23.815,5384,0
BSCE.US,D,20200319,000000,23.657,23.677,23.539,23.539,3492,0
BSCE.US,D,20200320,000000,23.637,23.677,23.578,23.677,491,0
BSCE.US,D,20200323,000000,23.295,23.435,23.275,23.435,5787,0
BSCE.US,D,20200324,000000,23.524,23.524,23.382,23.382,5869,0
BSCE.US,D,20200327,000000,23.717,23.805,23.717,23.805,371,0
BSCE.US,D,20200330,000000,23.843,23.843,23.8,23.8,224,0
BSCE.US,D,20200331,000000,23.901,23.901,23.82,23.82,1390,0
BSCE.US,D,20200403,000000,23.756,23.756,23.736,23.736,100,0
BSCE.US,D,20200407,000000,23.746,23.851,23.746,23.851,486,0
BSCE.US,D,20200409,000000,24.193,24.193,24.089,24.142,1311,0
BSCE.US,D,20200414,000000,24.37,24.37,24.304,24.304,249,0
BSCE.US,D,20200420,000000,24.372,24.427,24.362,24.427,592,0
BSCE.US,D,20200424,000000,24.5,24.509,24.447,24.447,1147,0
BSCE.US,D,20200501,000000,24.569,24.574,24.422,24.574,2263,0
BSCE.US,D,20200514,000000,24.752,24.752,24.647,24.742,1481,0
BSCE.US,D,20200519,000000,24.796,24.796,24.767,24.791,513,0
BSCE.US,D,20200520,000000,24.826,24.962,24.816,24.888,3592,0
BSCE.US,D,20200521,000000,25.042,25.052,25.042,25.052,3549,0
BSCE.US,D,20200522,000000,25.082,25.091,25.013,25.027,3441,0
BSCE.US,D,20200526,000000,25.16,25.16,25.16,25.16,886,0
BSCE.US,D,20200603,000000,25.338,25.338,25.268,25.268,382,0
BSCE.US,D,20200604,000000,25.358,25.358,25.318,25.318,478,0
BSCE.US,D,20200608,000000,25.436,25.436,25.383,25.398,588,0
BSCE.US,D,20200609,000000,25.466,25.495,25.466,25.476,2697,0
BSCE.US,D,20200610,000000,25.406,25.486,25.406,25.466,1172,0
BSCE.US,D,20200611,000000,25.446,25.446,25.378,25.378,1239,0
BSCE.US,D,20200612,000000,25.416,25.416,25.363,25.363,1087,0
BSCE.US,D,20200615,000000,25.418,25.418,25.343,25.343,384,0
BSCE.US,D,20200616,000000,25.466,25.466,25.399,25.399,577,0
BSCE.US,D,20200618,000000,25.486,25.486,25.416,25.416,453,0
BSCE.US,D,20200619,000000,25.495,25.495,25.426,25.426,785,0
BSCE.US,D,20200624,000000,25.406,25.436,25.368,25.368,4473,0
BSCE.US,D,20200625,000000,25.416,25.416,25.368,25.368,403,0
BSCE.US,D,20200626,000000,25.38,25.38,25.363,25.363,1193,0
BSCE.US,D,20200629,000000,25.398,25.398,25.363,25.363,809,0
BSCE.US,D,20200630,000000,25.406,25.406,25.368,25.368,423,0
BSCE.US,D,20200701,000000,25.378,25.446,25.378,25.378,428,0
BSCE.US,D,20200708,000000,25.505,25.515,25.456,25.456,369,0
BSCE.US,D,20200713,000000,25.486,25.486,25.486,25.486,405,0
BSCE.US,D,20200714,000000,25.338,25.574,25.338,25.486,9847,0
BSCE.US,D,20200715,000000,25.515,25.584,25.515,25.515,1557,0
BSCE.US,D,20200716,000000,25.603,25.603,25.535,25.535,1692,0
BSCE.US,D,20200721,000000,25.613,25.613,25.466,25.593,1433,0
BSCE.US,D,20200722,000000,25.613,25.613,25.54,25.54,561,0
BSCE.US,D,20200723,000000,25.683,25.683,25.544,25.579,1555,0
BSCE.US,D,20200727,000000,25.683,25.683,25.554,25.613,1508,0
BSCE.US,D,20200728,000000,25.722,25.752,25.673,25.673,569,0
BSCE.US,D,20200729,000000,25.703,25.703,25.643,25.643,704,0
BSCE.US,D,20200731,000000,25.693,25.703,25.628,25.628,795,0
BSCE.US,D,20200803,000000,25.722,25.722,25.658,25.658,759,0
BSCE.US,D,20200804,000000,25.673,25.752,25.673,25.673,443,0
BSCE.US,D,20200805,000000,25.742,25.742,25.603,25.678,1402,0
BSCE.US,D,20200806,000000,25.688,25.752,25.679,25.688,1777,0
BSCE.US,D,20200807,000000,25.762,25.762,25.693,25.693,538,0
BSCE.US,D,20200812,000000,25.812,25.812,25.812,25.812,230,0
BSCE.US,D,20200814,000000,25.742,25.742,25.742,25.742,173,0
BSCE.US,D,20200817,000000,25.653,25.673,25.653,25.673,699,0
BSCE.US,D,20200820,000000,25.812,25.812,25.752,25.752,174,0
BSCE.US,D,20200824,000000,25.767,25.767,25.767,25.767,304,0
BSCE.US,D,20200828,000000,25.871,25.871,25.871,25.871,304,0
BSCE.US,D,20200901,000000,25.901,25.92,25.863,25.866,3962,0
BSCE.US,D,20200902,000000,25.929,25.989,25.836,25.871,3315,0
BSCE.US,D,20200904,000000,25.929,25.929,25.812,25.812,1265,0
BSCE.US,D,20200910,000000,25.929,25.929,25.871,25.871,341,0
BSCE.US,D,20200918,000000,25.959,25.959,25.911,25.911,1771,0
BSCE.US,D,20200921,000000,25.831,25.831,25.831,25.831,193,0
BSCE.US,D,20200923,000000,25.732,25.732,25.703,25.703,10086,0
BSCE.US,D,20200924,000000,25.782,25.782,25.727,25.727,175,0
BSCE.US,D,20201001,000000,25.841,25.841,25.767,25.767,186,0
BSCE.US,D,20201007,000000,25.881,25.881,25.821,25.821,119,0
BSCE.US,D,20201009,000000,25.92,25.92,25.851,25.851,194,0
BSCE.US,D,20201012,000000,25.866,25.866,25.866,25.866,369,0
BSCE.US,D,20201014,000000,25.854,25.933,25.839,25.871,3853,0
BSCE.US,D,20201016,000000,25.949,25.949,25.881,25.881,210,0
BSCE.US,D,20201022,000000,25.828,25.88,25.802,25.802,3159,0
BSCE.US,D,20201023,000000,25.807,25.881,25.802,25.802,2247,0
BSCE.US,D,20201026,000000,25.797,25.871,25.732,25.797,3313,0
BSCE.US,D,20201027,000000,25.831,25.831,25.772,25.772,730,0
BSCE.US,D,20201028,000000,25.831,25.831,25.693,25.772,5040,0
BSCE.US,D,20201103,000000,25.831,25.831,25.772,25.772,4199,0
BSCE.US,D,20201104,000000,25.831,25.891,25.831,25.881,6423,0
BSCE.US,D,20201105,000000,25.939,25.979,25.901,25.901,3858,0
BSCE.US,D,20201110,000000,26.019,26.024,25.964,25.964,304,0
BSCE.US,D,20201111,000000,26.009,26.009,25.901,25.979,1891,0
BSCE.US,D,20201116,000000,26.088,26.088,26.019,26.019,194,0
BSCE.US,D,20201119,000000,26.04,26.073,26.04,26.073,384,0
BSCE.US,D,20201127,000000,26.138,26.138,26.138,26.138,1511,0
BSCE.US,D,20201202,000000,26.157,26.192,26.157,26.177,40323,0
BSCE.US,D,20201203,000000,26.207,26.277,26.143,26.143,22054,0
BSCE.US,D,20201208,000000,26.237,26.237,26.157,26.157,547,0
BSCE.US,D,20201209,000000,26.098,26.247,26.088,26.167,5499,0
BSCE.US,D,20201211,000000,26.247,26.257,26.177,26.177,1974,0
BSCE.US,D,20201215,000000,26.192,26.257,26.118,26.192,2707,0
BSCE.US,D,20201216,000000,26.118,26.118,26.118,26.118,22,0
BSCE.US,D,20201217,000000,26.128,26.128,26.128,26.128,30,0
BSCE.US,D,20201218,000000,26.157,26.237,26.157,26.237,1565,0
BSCE.US,D,20201222,000000,26.068,26.147,26.068,26.147,512,0
BSCE.US,D,20201223,000000,26.068,26.068,26.068,26.068,13,0
BSCE.US,D,20201224,000000,26.058,26.058,26.058,26.058,4,0
BSCE.US,D,20201228,000000,26.147,26.192,26.147,26.192,572,0
BSCE.US,D,20201229,000000,26.224,26.224,26.202,26.202,375,0
BSCE.US,D,20201230,000000,26.267,26.267,26.207,26.207,1083,0
BSCE.US,D,20201231,000000,26.275,26.275,26.207,26.207,210,0
BSCE.US,D,20210104,000000,26.207,26.237,26.207,26.237,966,0
BSCE.US,D,20210105,000000,26.118,26.118,26.118,26.118,5,0
BSCE.US,D,20210106,000000,26.118,26.118,26.118,26.118,1,0
BSCE.US,D,20210107,000000,26.202,26.247,26.202,26.202,649,0
BSCE.US,D,20210108,000000,26.247,26.257,26.169,26.202,872,0
BSCE.US,D,20210111,000000,26.202,26.267,26.197,26.197,5558,0
BSCE.US,D,20210112,000000,26.147,26.162,25.969,26.162,1924,0
BSCE.US,D,20210115,000000,26.257,26.267,26.118,26.192,2976,0
BSCE.US,D,20210119,000000,26.19,26.19,26.19,26.19,470,0
BSCE.US,D,20210122,000000,26.182,26.235,26.131,26.235,566,0
BSCE.US,D,20210125,000000,26.219,26.29,26.219,26.26,582,0
BSCE.US,D,20210126,000000,26.283,26.3,26.283,26.3,488,0
BSCE.US,D,20210127,000000,26.31,26.31,26.31,26.31,283,0
BSCE.US,D,20210129,000000,26.245,26.275,26.22,26.25,7685,0
BSCE.US,D,20210201,000000,26.18,26.255,26.18,26.255,3451,0
BSCE.US,D,20210202,000000,26.255,26.32,26.255,26.255,1083,0
BSCE.US,D,20210203,000000,26.255,26.32,26.255,26.255,963,0
BSCE.US,D,20210204,000000,26.32,26.32,26.26,26.26,213,0
BSCE.US,D,20210205,000000,26.232,26.27,26.232,26.27,462,0
BSCE.US,D,20210208,000000,26.35,26.35,26.35,26.35,3174,0
BSCE.US,D,20210212,000000,26.31,26.31,26.26,26.26,337,0
BSCE.US,D,20210216,000000,26.21,26.29,26.21,26.21,2032,0
BSCE.US,D,20210217,000000,26.24,26.29,26.24,26.245,438,0
BSCE.US,D,20210218,000000,26.35,26.35,26.246,26.255,2033,0
BSCE.US,D,20210219,000000,26.2,27.353,26.2,26.31,738395,0
BSCE.US,D,20210222,000000,26.24,26.27,26.24,26.25,3532,0
BSCE.US,D,20210223,000000,26.23,26.26,26.23,26.245,5263,0
BSCE.US,D,20210224,000000,26.23,26.28,26.105,26.26,7073,0
BSCE.US,D,20210225,000000,26.22,26.222,26.185,26.185,6502,0
BSCE.US,D,20210226,000000,26.2,26.23,26.18,26.199,16092,0
BSCE.US,D,20210301,000000,26.22,26.24,26.08,26.22,8262,0
BSCE.US,D,20210302,000000,26.25,26.25,26.221,26.23,2646,0
BSCE.US,D,20210303,000000,26.217,26.23,26.21,26.21,3384,0
BSCE.US,D,20210304,000000,26.23,26.24,26.173,26.19,6106,0
BSCE.US,D,20210305,000000,26.17,26.21,26.17,26.21,3142,0
BSCE.US,D,20210308,000000,26.15,26.15,26.13,26.13,1061,0
BSCE.US,D,20210309,000000,26.155,26.17,26.15,26.17,2519,0
BSCE.US,D,20210310,000000,26.18,26.21,26.175,26.195,4450,0
BSCE.US,D,20210311,000000,26.21,26.239,26.21,26.23,2036,0
BSCE.US,D,20210312,000000,26.25,26.25,26.19,26.2,2075,0
BSCE.US,D,20210315,000000,26.208,26.22,26.2,26.22,3154,0
BSCE.US,D,20210316,000000,26.24,26.24,26.21,26.225,9722,0
BSCE.US,D,20210317,000000,26.219,26.291,26.196,26.285,7606,0
BSCE.US,D,20210318,000000,26.229,26.23,26.21,26.23,1414,0
BSCE.US,D,20210319,000000,26.23,26.239,26.22,26.23,4731,0
BSCE.US,D,20210322,000000,26.109,26.13,26.109,26.13,2977,0
BSCE.US,D,20210323,000000,26.11,26.11,26.1,26.1,4186,0
BSCE.US,D,20210324,000000,26,26.119,26,26.11,3187,0
BSCE.US,D,20210325,000000,26.101,26.12,26.1,26.12,4990,0
BSCE.US,D,20210326,000000,26.1,26.108,26.1,26.108,3426,0
BSCE.US,D,20210329,000000,26.106,26.11,26.09,26.1,2773,0
BSCE.US,D,20210330,000000,26.08,26.11,26.08,26.11,2936,0
BSCE.US,D,20210331,000000,26.138,26.138,26.12,26.13,2048,0
BSCE.US,D,20210401,000000,26.14,26.16,26.13,26.15,6052,0
BSCE.US,D,20210405,000000,26.12,26.15,26.12,26.15,3122,0
BSCE.US,D,20210406,000000,26.15,26.16,26.15,26.16,4839,0
BSCE.US,D,20210407,000000,26.141,26.16,26.14,26.15,3249,0
BSCE.US,D,20210408,000000,26.17,26.18,26.16,26.17,2622,0
BSCE.US,D,20210409,000000,26.17,26.17,26.16,26.17,4331,0
BSCE.US,D,20210412,000000,26.16,26.16,26.15,26.16,3618,0
BSCE.US,D,20210413,000000,26.17,26.18,26.165,26.18,2707,0
BSCE.US,D,20210414,000000,26.175,26.18,26.17,26.17,2167,0
BSCE.US,D,20210415,000000,26.2,26.22,26.19,26.21,3145,0
BSCE.US,D,20210416,000000,26.192,26.2,26.19,26.195,4669,0
BSCE.US,D,20210419,000000,26.14,26.145,26.11,26.12,10061,0
BSCE.US,D,20210420,000000,26.12,26.125,26.115,26.12,18030,0
BSCE.US,D,20210421,000000,26.115,26.115,26.1,26.11,3082,0
BSCE.US,D,20210422,000000,26.101,26.11,26.09,26.103,3102,0
BSCE.US,D,20210423,000000,26.11,26.115,26.1,26.115,1494,0
BSCE.US,D,20210426,000000,26.103,26.103,26.091,26.095,870,0
BSCE.US,D,20210427,000000,26.09,26.095,26.05,26.07,15408,0
BSCE.US,D,20210428,000000,26.093,26.109,26.091,26.1,1280,0
BSCE.US,D,20210429,000000,26.1,26.11,26.1,26.11,2214,0
BSCE.US,D,20210430,000000,26.14,26.15,26.13,26.135,6892,0
BSCE.US,D,20210503,000000,26.13,26.14,26.13,26.135,6382,0
BSCE.US,D,20210504,000000,26.138,26.14,25.99,26.01,76867,0
BSCE.US,D,20210505,000000,26.1,26.12,26.1,26.1,4614,0
BSCE.US,D,20210506,000000,26.13,26.13,26.116,26.13,2579,0
BSCE.US,D,20210507,000000,26.14,26.15,26.14,26.15,2054,0
BSCE.US,D,20210510,000000,26.15,26.15,26.135,26.135,2033,0
BSCE.US,D,20210511,000000,26.13,26.15,26.13,26.14,3039,0
BSCE.US,D,20210512,000000,26.12,26.12,26.09,26.091,2481,0
BSCE.US,D,20210513,000000,26.12,26.139,26.12,26.13,6672,0
BSCE.US,D,20210514,000000,26.13,26.14,26.13,26.14,5255,0
BSCE.US,D,20210517,000000,26.15,26.15,26.145,26.145,1051,0
BSCE.US,D,20210518,000000,26.141,26.145,26.14,26.14,7792,0
BSCE.US,D,20210519,000000,26.15,26.16,26.14,26.14,11111,0
BSCE.US,D,20210520,000000,26.18,26.19,26.17,26.18,1511,0
BSCE.US,D,20210521,000000,26.17,26.18,26.17,26.17,2868,0
BSCE.US,D,20210524,000000,26.12,26.13,26.12,26.125,10938,0
BSCE.US,D,20210525,000000,26.139,26.16,26.12,26.14,104429,0
BSCE.US,D,20210526,000000,26.13,26.15,26.13,26.14,4458,0
BSCE.US,D,20210527,000000,26.33,26.33,26.14,26.145,7780,0
BSCE.US,D,20210528,000000,26.151,26.155,26.15,26.155,2000,0
BSCE.US,D,20210601,000000,26.16,26.165,26.14,26.155,18562,0
BSCE.US,D,20210602,000000,26.16,26.16,26.15,26.155,3081,0
BSCE.US,D,20210603,000000,26.149,26.15,26.135,26.135,5953,0
BSCE.US,D,20210604,000000,26.15,26.17,26.15,26.16,2465,0
BSCE.US,D,20210607,000000,26.17,26.17,26.15,26.155,8927,0
BSCE.US,D,20210608,000000,26.18,26.18,26.165,26.17,1275,0
BSCE.US,D,20210609,000000,26.17,26.189,26.17,26.17,6890,0
BSCE.US,D,20210610,000000,26.181,26.199,26.18,26.19,4053,0
BSCE.US,D,20210611,000000,26.2,26.2,26.191,26.195,4112,0
BSCE.US,D,20210614,000000,26.21,26.21,26.18,26.18,13937,0
BSCE.US,D,20210615,000000,26.176,26.2,26.17,26.195,8040,0
BSCE.US,D,20210616,000000,26.199,26.199,26.145,26.145,2584,0
BSCE.US,D,20210617,000000,26.161,26.18,26.16,26.16,6629,0
BSCE.US,D,20210618,000000,26.155,26.17,26.151,26.155,3092,0
BSCE.US,D,20210621,000000,26.11,26.12,26.11,26.11,3654,0
BSCE.US,D,20210622,000000,26.11,26.125,26.11,26.125,3695,0
BSCE.US,D,20210623,000000,26.12,26.13,26.12,26.125,3100,0
BSCE.US,D,20210624,000000,26.12,26.14,26.12,26.13,1207,0
BSCE.US,D,20210625,000000,26.13,26.13,26.12,26.125,2515,0
BSCE.US,D,20210628,000000,26.14,26.15,26.13,26.14,3404,0
BSCE.US,D,20210629,000000,26.14,26.14,26.13,26.135,1907,0
BSCE.US,D,20210630,000000,26.135,26.149,26.13,26.14,3018,0
BSCE.US,D,20210701,000000,26.14,26.15,26.13,26.14,6157,0
BSCE.US,D,20210702,000000,26.131,26.155,26.13,26.155,4970,0
BSCE.US,D,20210706,000000,26.07,26.15,26.07,26.15,1823,0
BSCE.US,D,20210707,000000,26.141,26.15,26.14,26.15,3770,0
BSCE.US,D,20210708,000000,26.15,26.16,26.14,26.15,1487,0
BSCE.US,D,20210709,000000,26.14,26.15,26.14,26.15,3472,0
BSCE.US,D,20210712,000000,26.16,26.16,26.14,26.15,1670,0
BSCE.US,D,20210713,000000,26.16,26.16,26.14,26.14,3397,0
BSCE.US,D,20210714,000000,26.151,26.17,26.15,26.155,13932,0
BSCE.US,D,20210715,000000,26.155,26.17,26.15,26.155,3330,0
BSCE.US,D,20210716,000000,26.15,26.16,26.15,26.15,2968,0
BSCE.US,D,20210719,000000,26,26.11,26,26.1,5463,0
BSCE.US,D,20210720,000000,26.119,26.12,26.1,26.11,2987,0
BSCE.US,D,20210721,000000,26.109,26.11,26.1,26.1,2493,0
BSCE.US,D,20210722,000000,26.115,26.115,26.105,26.11,10491,0
BSCE.US,D,20210723,000000,26.11,26.12,26.11,26.12,3036,0
BSCE.US,D,20210726,000000,26.12,26.12,26.1,26.11,2066,0
BSCE.US,D,20210727,000000,26.099,26.099,26.09,26.09,2005,0
BSCE.US,D,20210728,000000,26.11,26.15,26.11,26.15,40520,0
BSCE.US,D,20210729,000000,26.15,26.152,26.14,26.15,1517,0
BSCE.US,D,20210730,000000,26.159,26.16,26.14,26.14,6494,0
BSCE.US,D,20210802,000000,26.17,26.17,26.16,26.16,2549,0
BSCE.US,D,20210803,000000,26.179,26.179,26.16,26.16,1355,0
BSCE.US,D,20210804,000000,26.16,26.16,26.16,26.16,1028,0
BSCE.US,D,20210805,000000,26.17,26.18,26.16,26.17,12525,0
BSCE.US,D,20210806,000000,26.15,26.17,26.15,26.16,4269,0
BSCE.US,D,20210809,000000,26.14,26.16,26.14,26.15,3625,0
BSCE.US,D,20210810,000000,26.16,26.169,26.16,26.16,951,0
BSCE.US,D,20210811,000000,26.17,26.18,26.166,26.18,2821,0
BSCE.US,D,20210812,000000,26.171,26.18,26.17,26.18,2715,0
BSCE.US,D,20210813,000000,26.195,26.2,26.195,26.195,4616,0
BSCE.US,D,20210816,000000,26.195,26.2,26.195,26.198,3285,0
BSCE.US,D,20210817,000000,26.181,26.2,26.18,26.18,3307,0
BSCE.US,D,20210818,000000,26.18,26.198,26.18,26.198,1828,0
BSCE.US,D,20210819,000000,26.19,26.195,26.19,26.195,410,0
BSCE.US,D,20210820,000000,26.19,26.19,26.185,26.185,2157,0
BSCE.US,D,20210823,000000,26.19,26.195,26.19,26.195,4303,0
BSCE.US,D,20210824,000000,26.2099,26.2099,26.1901,26.2,1689,0
BSCE.US,D,20210825,000000,26.2001,26.21,26.2,26.2,3971,0
BSCE.US,D,20210826,000000,26.205,26.2199,26.2,26.205,3532,0
BSCE.US,D,20210827,000000,26.22,26.22,26.2101,26.22,662,0
BSCE.US,D,20210830,000000,26.229,26.23,26.2201,26.225,3515,0
BSCE.US,D,20210831,000000,26.23,26.24,26.22,26.23,3470,0
BSCE.US,D,20210901,000000,26.24,26.25,26.23,26.24,3989,0
