<TICKER>,<PER>,<DATE>,<TIME>,<OPEN>,<HIGH>,<LOW>,<CLOSE>,<VOL>,<OPENINT>
BSCR.US,D,20170929,000000,18.304,18.304,18.301,18.304,19590,0
BSCR.US,D,20171002,000000,18.295,18.32,18.295,18.32,3268,0
BSCR.US,D,20171003,000000,18.304,18.34,18.304,18.33,32687,0
BSCR.US,D,20171004,000000,18.378,18.378,18.335,18.335,1363,0
BSCR.US,D,20171005,000000,18.34,18.34,18.328,18.338,5708,0
BSCR.US,D,20171006,000000,18.286,18.32,18.286,18.32,11507,0
BSCR.US,D,20171009,000000,18.33,18.33,18.318,18.33,9866,0
BSCR.US,D,20171010,000000,18.34,18.34,18.33,18.33,3607,0
BSCR.US,D,20171011,000000,18.345,18.368,18.345,18.361,2670,0
BSCR.US,D,20171012,000000,18.36,18.36,18.35,18.357,4136,0
BSCR.US,D,20171013,000000,18.411,18.411,18.4,18.411,7603,0
BSCR.US,D,20171016,000000,18.395,18.395,18.395,18.395,4175,0
BSCR.US,D,20171017,000000,18.378,18.378,18.378,18.378,100,0
BSCR.US,D,20171018,000000,18.378,18.378,18.377,18.377,6997,0
BSCR.US,D,20171019,000000,18.411,18.411,18.395,18.395,3666,0
BSCR.US,D,20171020,000000,18.36,18.36,18.36,18.36,283,0
BSCR.US,D,20171024,000000,18.36,18.368,18.352,18.368,10120,0
BSCR.US,D,20171025,000000,18.295,18.313,18.286,18.313,3170,0
BSCR.US,D,20171030,000000,18.388,18.388,18.388,18.388,224,0
BSCR.US,D,20171102,000000,18.399,18.399,18.391,18.399,1930,0
BSCR.US,D,20171103,000000,18.407,18.407,18.374,18.38,10208,0
BSCR.US,D,20171106,000000,18.402,18.407,18.402,18.407,4792,0
BSCR.US,D,20171107,000000,18.39,18.399,18.382,18.382,17429,0
BSCR.US,D,20171109,000000,18.351,18.354,18.331,18.344,24121,0
BSCR.US,D,20171110,000000,18.262,18.262,18.259,18.262,1969,0
BSCR.US,D,20171113,000000,18.29,18.29,18.258,18.262,6855,0
BSCR.US,D,20171114,000000,18.253,18.262,18.253,18.257,1916,0
BSCR.US,D,20171116,000000,18.3,18.308,18.29,18.29,5112,0
BSCR.US,D,20171117,000000,18.334,18.334,18.305,18.305,5635,0
BSCR.US,D,20171120,000000,18.324,18.324,18.317,18.317,2230,0
BSCR.US,D,20171121,000000,18.344,18.344,18.334,18.334,1058,0
BSCR.US,D,20171122,000000,18.381,18.435,18.37,18.425,5262,0
BSCR.US,D,20171127,000000,18.399,18.415,18.392,18.415,10647,0
BSCR.US,D,20171129,000000,18.399,18.399,18.399,18.399,100,0
BSCR.US,D,20171130,000000,18.399,18.399,18.344,18.354,981,0
BSCR.US,D,20171204,000000,18.397,18.397,18.37,18.39,2088,0
BSCR.US,D,20171205,000000,18.38,18.38,18.378,18.38,13891,0
BSCR.US,D,20171206,000000,18.432,18.433,18.432,18.433,2719,0
BSCR.US,D,20171207,000000,18.433,18.433,18.413,18.433,16543,0
BSCR.US,D,20171208,000000,18.387,18.406,18.385,18.385,2116,0
BSCR.US,D,20171211,000000,18.433,18.433,18.433,18.433,872,0
BSCR.US,D,20171213,000000,18.433,18.462,18.428,18.462,4203,0
BSCR.US,D,20171214,000000,18.462,18.462,18.423,18.443,4680,0
BSCR.US,D,20171215,000000,18.462,18.462,18.443,18.443,21944,0
BSCR.US,D,20171218,000000,18.477,18.479,18.448,18.448,3330,0
BSCR.US,D,20171219,000000,18.413,18.413,18.341,18.37,7418,0
BSCR.US,D,20171220,000000,18.322,18.351,18.322,18.322,6115,0
BSCR.US,D,20171221,000000,18.332,18.332,18.332,18.332,223,0
BSCR.US,D,20171222,000000,18.327,18.327,18.327,18.327,111,0
BSCR.US,D,20171226,000000,18.342,18.342,18.342,18.342,284,0
BSCR.US,D,20171228,000000,18.451,18.457,18.437,18.45,4261,0
BSCR.US,D,20171229,000000,18.447,18.447,18.442,18.442,19797,0
BSCR.US,D,20180102,000000,18.466,18.466,18.385,18.437,23483,0
BSCR.US,D,20180103,000000,18.427,18.447,18.401,18.447,9964,0
BSCR.US,D,20180104,000000,18.4,18.437,18.397,18.437,7478,0
BSCR.US,D,20180105,000000,18.408,18.417,18.365,18.417,18932,0
BSCR.US,D,20180108,000000,18.456,18.456,18.4,18.447,12702,0
BSCR.US,D,20180109,000000,18.417,18.417,18.355,18.357,131439,0
BSCR.US,D,20180110,000000,18.325,18.392,18.291,18.392,200143,0
BSCR.US,D,20180111,000000,18.373,18.408,18.373,18.4,54003,0
BSCR.US,D,20180112,000000,18.365,18.408,18.345,18.394,30692,0
BSCR.US,D,20180116,000000,18.427,18.427,18.392,18.408,32689,0
BSCR.US,D,20180117,000000,18.373,18.373,18.31,18.355,30155,0
BSCR.US,D,20180118,000000,18.274,18.309,18.236,18.244,33240,0
BSCR.US,D,20180119,000000,18.244,18.256,18.227,18.249,11910,0
BSCR.US,D,20180122,000000,18.241,18.254,18.213,18.213,4483,0
BSCR.US,D,20180123,000000,18.272,18.299,18.227,18.291,94350,0
BSCR.US,D,20180124,000000,18.272,18.291,18.263,18.274,5741,0
BSCR.US,D,20180125,000000,18.243,18.325,18.243,18.312,13144,0
BSCR.US,D,20180126,000000,18.325,18.325,18.295,18.317,42986,0
BSCR.US,D,20180129,000000,18.236,18.244,18.217,18.244,35661,0
BSCR.US,D,20180130,000000,18.227,18.254,18.172,18.2,44710,0
BSCR.US,D,20180131,000000,18.208,18.231,18.199,18.225,15440,0
BSCR.US,D,20180201,000000,18.244,18.244,18.134,18.16,15454,0
BSCR.US,D,20180202,000000,18.085,18.085,18.053,18.067,12953,0
BSCR.US,D,20180205,000000,18.039,18.138,18.029,18.124,32506,0
BSCR.US,D,20180206,000000,18.074,18.143,18.067,18.095,99401,0
BSCR.US,D,20180207,000000,18.115,18.115,18.009,18.009,5028,0
BSCR.US,D,20180208,000000,17.962,17.989,17.936,17.943,4792,0
BSCR.US,D,20180209,000000,17.917,17.925,17.91,17.91,2994,0
BSCR.US,D,20180212,000000,17.916,17.934,17.884,17.921,4005,0
BSCR.US,D,20180213,000000,17.894,17.917,17.868,17.917,66900,0
BSCR.US,D,20180214,000000,17.82,17.835,17.82,17.823,10271,0
BSCR.US,D,20180215,000000,17.894,17.898,17.858,17.894,24098,0
BSCR.US,D,20180216,000000,17.925,17.952,17.915,17.917,24526,0
BSCR.US,D,20180220,000000,17.84,17.894,17.84,17.893,17809,0
BSCR.US,D,20180221,000000,17.894,17.894,17.811,17.82,14267,0
BSCR.US,D,20180222,000000,17.877,17.877,17.82,17.849,9932,0
BSCR.US,D,20180223,000000,17.901,17.917,17.876,17.916,11323,0
BSCR.US,D,20180226,000000,17.981,17.981,17.94,17.94,5876,0
BSCR.US,D,20180227,000000,17.898,17.899,17.859,17.859,2513,0
BSCR.US,D,20180228,000000,17.891,17.894,17.88,17.894,6549,0
BSCR.US,D,20180301,000000,17.868,17.91,17.85,17.91,2686,0
BSCR.US,D,20180302,000000,17.848,18.114,17.839,17.848,39646,0
BSCR.US,D,20180305,000000,17.876,17.876,17.833,17.848,3267,0
BSCR.US,D,20180306,000000,17.857,17.867,17.825,17.825,13250,0
BSCR.US,D,20180307,000000,17.819,17.857,17.791,17.791,5805,0
BSCR.US,D,20180308,000000,17.857,17.857,17.824,17.824,6539,0
BSCR.US,D,20180309,000000,17.839,17.839,17.771,17.81,4686,0
BSCR.US,D,20180312,000000,17.8,17.819,17.796,17.804,6480,0
BSCR.US,D,20180313,000000,17.845,17.848,17.805,17.812,10592,0
BSCR.US,D,20180314,000000,17.781,17.857,17.781,17.819,7244,0
BSCR.US,D,20180315,000000,17.843,17.848,17.819,17.835,10395,0
BSCR.US,D,20180316,000000,17.829,17.839,17.791,17.834,3368,0
BSCR.US,D,20180319,000000,17.781,17.837,17.781,17.804,19222,0
BSCR.US,D,20180320,000000,17.726,17.791,17.716,17.716,13767,0
BSCR.US,D,20180321,000000,17.744,17.753,17.718,17.734,12473,0
BSCR.US,D,20180322,000000,17.795,17.829,17.727,17.761,6562,0
BSCR.US,D,20180323,000000,17.753,17.771,17.701,17.771,18262,0
BSCR.US,D,20180326,000000,17.726,17.744,17.711,17.726,11985,0
BSCR.US,D,20180327,000000,17.771,17.819,17.734,17.819,5402,0
BSCR.US,D,20180328,000000,17.867,17.867,17.81,17.81,3324,0
BSCR.US,D,20180329,000000,17.886,17.913,17.881,17.9,13196,0
BSCR.US,D,20180402,000000,17.886,17.909,17.857,17.887,5413,0
BSCR.US,D,20180403,000000,17.891,17.891,17.871,17.871,6583,0
BSCR.US,D,20180404,000000,17.871,17.881,17.832,17.857,8420,0
BSCR.US,D,20180405,000000,17.859,17.862,17.828,17.852,2255,0
BSCR.US,D,20180406,000000,17.891,17.906,17.871,17.892,5128,0
BSCR.US,D,20180409,000000,17.891,17.914,17.871,17.894,6419,0
BSCR.US,D,20180410,000000,17.909,17.922,17.881,17.881,28304,0
BSCR.US,D,20180411,000000,17.948,17.957,17.891,17.929,13155,0
BSCR.US,D,20180412,000000,17.906,17.906,17.898,17.898,320,0
BSCR.US,D,20180413,000000,17.843,17.843,17.843,17.843,157431,0
BSCR.US,D,20180416,000000,17.891,17.906,17.871,17.897,5960,0
BSCR.US,D,20180417,000000,17.898,17.899,17.86,17.898,5419,0
BSCR.US,D,20180418,000000,17.89,17.891,17.843,17.843,6812,0
BSCR.US,D,20180419,000000,17.776,17.786,17.744,17.758,11776,0
BSCR.US,D,20180420,000000,17.712,17.749,17.712,17.73,2833,0
BSCR.US,D,20180423,000000,17.701,17.71,17.624,17.687,20500,0
BSCR.US,D,20180424,000000,17.683,17.683,17.615,17.647,8734,0
BSCR.US,D,20180425,000000,17.615,17.615,17.586,17.606,1627,0
BSCR.US,D,20180426,000000,17.645,17.645,17.606,17.615,8789,0
BSCR.US,D,20180427,000000,17.646,17.646,17.646,17.646,868,0
BSCR.US,D,20180430,000000,17.644,17.692,17.644,17.676,5881,0
BSCR.US,D,20180501,000000,17.606,17.654,17.597,17.624,3791,0
BSCR.US,D,20180502,000000,17.636,17.646,17.626,17.627,3442,0
BSCR.US,D,20180503,000000,17.675,17.685,17.621,17.645,2658,0
BSCR.US,D,20180504,000000,17.613,17.646,17.613,17.616,7334,0
BSCR.US,D,20180507,000000,17.654,17.654,17.609,17.636,4362,0
BSCR.US,D,20180508,000000,17.626,17.636,17.583,17.625,15543,0
BSCR.US,D,20180509,000000,17.555,17.616,17.555,17.607,5557,0
BSCR.US,D,20180510,000000,17.634,17.675,17.634,17.675,7094,0
BSCR.US,D,20180511,000000,17.693,17.693,17.652,17.693,4732,0
BSCR.US,D,20180514,000000,17.646,17.693,17.626,17.676,10981,0
BSCR.US,D,20180515,000000,17.57,17.588,17.508,17.559,3207,0
BSCR.US,D,20180516,000000,17.546,17.555,17.546,17.554,1916,0
BSCR.US,D,20180517,000000,17.536,17.536,17.489,17.517,6804,0
BSCR.US,D,20180518,000000,17.563,17.578,17.549,17.578,4521,0
BSCR.US,D,20180521,000000,17.578,17.598,17.557,17.587,12211,0
BSCR.US,D,20180523,000000,17.646,17.646,17.646,17.646,497,0
BSCR.US,D,20180524,000000,17.703,17.703,17.687,17.703,2275,0
BSCR.US,D,20180525,000000,17.751,17.778,17.741,17.778,5290,0
BSCR.US,D,20180529,000000,17.769,17.883,17.769,17.87,15161,0
BSCR.US,D,20180530,000000,17.819,17.819,17.789,17.797,2474,0
BSCR.US,D,20180531,000000,17.807,17.817,17.791,17.8,3376,0
BSCR.US,D,20180601,000000,17.741,17.778,17.741,17.76,18489,0
BSCR.US,D,20180604,000000,17.727,17.727,17.723,17.723,3252,0
BSCR.US,D,20180605,000000,17.74,17.778,17.706,17.769,25911,0
BSCR.US,D,20180606,000000,17.713,17.713,17.683,17.683,667,0
BSCR.US,D,20180607,000000,17.661,17.76,17.661,17.736,13689,0
BSCR.US,D,20180608,000000,17.722,17.741,17.713,17.713,11793,0
BSCR.US,D,20180611,000000,17.703,17.703,17.693,17.703,1747,0
BSCR.US,D,20180612,000000,17.693,17.713,17.675,17.713,5567,0
BSCR.US,D,20180613,000000,17.713,17.713,17.669,17.675,3515,0
BSCR.US,D,20180614,000000,17.732,17.741,17.715,17.741,12490,0
BSCR.US,D,20180615,000000,17.778,17.778,17.741,17.741,5056,0
BSCR.US,D,20180618,000000,17.741,17.741,17.722,17.741,3412,0
BSCR.US,D,20180619,000000,17.721,17.75,17.721,17.727,1264,0
BSCR.US,D,20180620,000000,17.76,17.76,17.675,17.685,5672,0
BSCR.US,D,20180621,000000,17.702,17.703,17.689,17.702,6672,0
BSCR.US,D,20180622,000000,17.656,17.675,17.656,17.675,1580,0
BSCR.US,D,20180625,000000,17.713,17.713,17.646,17.689,13186,0
BSCR.US,D,20180626,000000,17.693,17.708,17.685,17.685,1050,0
BSCR.US,D,20180627,000000,17.75,17.778,17.742,17.778,16707,0
BSCR.US,D,20180628,000000,17.75,17.75,17.731,17.741,3030,0
BSCR.US,D,20180629,000000,17.746,17.769,17.746,17.75,10717,0
BSCR.US,D,20180702,000000,17.76,17.76,17.703,17.741,21706,0
BSCR.US,D,20180703,000000,17.76,17.792,17.75,17.792,6011,0
BSCR.US,D,20180705,000000,17.793,17.807,17.786,17.807,8019,0
BSCR.US,D,20180706,000000,17.854,17.854,17.841,17.841,3771,0
BSCR.US,D,20180709,000000,17.831,17.841,17.831,17.841,1119,0
BSCR.US,D,20180710,000000,17.817,17.854,17.817,17.841,7108,0
BSCR.US,D,20180711,000000,17.845,17.864,17.844,17.864,3259,0
BSCR.US,D,20180712,000000,17.873,17.883,17.859,17.859,7572,0
BSCR.US,D,20180713,000000,17.892,17.925,17.886,17.905,15974,0
BSCR.US,D,20180716,000000,17.898,17.899,17.883,17.883,6404,0
BSCR.US,D,20180717,000000,17.899,17.899,17.88,17.88,4271,0
BSCR.US,D,20180718,000000,17.892,17.899,17.864,17.883,15223,0
BSCR.US,D,20180719,000000,17.892,17.909,17.892,17.909,3565,0
BSCR.US,D,20180720,000000,17.873,17.873,17.848,17.869,2072,0
BSCR.US,D,20180723,000000,17.807,17.807,17.769,17.791,7358,0
BSCR.US,D,20180724,000000,17.826,17.826,17.778,17.807,20502,0
BSCR.US,D,20180725,000000,17.845,17.892,17.836,17.873,15115,0
BSCR.US,D,20180726,000000,17.892,17.898,17.859,17.864,9366,0
BSCR.US,D,20180727,000000,17.892,17.892,17.873,17.873,2061,0
BSCR.US,D,20180730,000000,17.891,17.899,17.862,17.892,13004,0
BSCR.US,D,20180731,000000,17.902,17.917,17.897,17.899,3367,0
BSCR.US,D,20180801,000000,17.864,17.873,17.826,17.873,3769,0
BSCR.US,D,20180802,000000,17.864,17.892,17.864,17.88,4895,0
BSCR.US,D,20180803,000000,17.934,17.943,17.917,17.935,6340,0
BSCR.US,D,20180806,000000,17.98,17.981,17.957,17.972,9576,0
BSCR.US,D,20180807,000000,17.952,17.952,17.913,17.943,5849,0
BSCR.US,D,20180808,000000,17.925,17.925,17.896,17.913,11264,0
BSCR.US,D,20180809,000000,17.943,17.952,17.921,17.934,17552,0
BSCR.US,D,20180810,000000,17.925,17.981,17.925,17.962,6092,0
BSCR.US,D,20180813,000000,17.952,17.972,17.909,17.957,16351,0
BSCR.US,D,20180814,000000,17.981,17.981,17.917,17.977,54456,0
BSCR.US,D,20180815,000000,17.989,17.999,17.952,17.989,1576,0
BSCR.US,D,20180816,000000,17.98,18.009,17.98,17.999,9336,0
BSCR.US,D,20180817,000000,18.027,18.039,17.987,18.029,5199,0
BSCR.US,D,20180820,000000,18.068,18.078,18.04,18.078,16038,0
BSCR.US,D,20180821,000000,18.059,18.059,18.019,18.048,1505,0
BSCR.US,D,20180822,000000,18.086,18.086,18.054,18.054,7721,0
BSCR.US,D,20180823,000000,18.068,18.068,18.045,18.059,16386,0
BSCR.US,D,20180824,000000,18.025,18.078,18.025,18.068,10681,0
BSCR.US,D,20180827,000000,18.059,18.059,18.013,18.059,11833,0
BSCR.US,D,20180828,000000,18.038,18.038,17.996,18.019,5206,0
BSCR.US,D,20180829,000000,18.029,18.029,18.004,18.019,7797,0
BSCR.US,D,20180830,000000,18.029,18.049,18.009,18.029,6138,0
BSCR.US,D,20180831,000000,18.049,18.049,18.024,18.029,5661,0
BSCR.US,D,20180904,000000,17.989,17.989,17.962,17.972,7077,0
BSCR.US,D,20180905,000000,17.972,17.989,17.947,17.975,26070,0
BSCR.US,D,20180906,000000,17.989,18.019,17.989,18.019,6793,0
BSCR.US,D,20180907,000000,17.933,17.952,17.933,17.943,3872,0
BSCR.US,D,20180910,000000,17.952,17.962,17.935,17.952,13640,0
BSCR.US,D,20180911,000000,17.934,17.934,17.901,17.917,19124,0
BSCR.US,D,20180912,000000,17.962,17.962,17.941,17.952,3314,0
BSCR.US,D,20180913,000000,17.989,17.989,17.955,17.981,12010,0
BSCR.US,D,20180914,000000,17.932,17.962,17.932,17.948,22712,0
BSCR.US,D,20180917,000000,17.892,17.962,17.892,17.943,5112,0
BSCR.US,D,20180918,000000,17.934,17.934,17.899,17.899,24493,0
BSCR.US,D,20180919,000000,17.899,17.899,17.856,17.883,25038,0
BSCR.US,D,20180920,000000,17.883,17.917,17.864,17.892,9046,0
BSCR.US,D,20180921,000000,17.899,17.925,17.864,17.917,35753,0
BSCR.US,D,20180924,000000,17.883,17.892,17.854,17.892,13839,0
BSCR.US,D,20180925,000000,17.864,17.864,17.826,17.856,5464,0
BSCR.US,D,20180926,000000,17.925,17.934,17.891,17.934,23581,0
BSCR.US,D,20180927,000000,17.934,17.952,17.915,17.933,16411,0
BSCR.US,D,20180928,000000,17.972,17.972,17.943,17.962,8989,0
BSCR.US,D,20181001,000000,17.892,17.952,17.892,17.892,22853,0
BSCR.US,D,20181002,000000,17.899,17.962,17.899,17.925,18248,0
BSCR.US,D,20181003,000000,17.943,17.943,17.845,17.864,8161,0
BSCR.US,D,20181004,000000,17.807,17.826,17.807,17.812,15550,0
BSCR.US,D,20181005,000000,17.75,17.768,17.74,17.74,42593,0
BSCR.US,D,20181008,000000,17.74,17.768,17.74,17.752,7638,0
BSCR.US,D,20181009,000000,17.768,17.787,17.75,17.778,22662,0
BSCR.US,D,20181010,000000,17.75,17.768,17.74,17.759,71909,0
BSCR.US,D,20181011,000000,17.797,17.826,17.759,17.794,38315,0
BSCR.US,D,20181012,000000,17.817,17.836,17.788,17.788,24217,0
BSCR.US,D,20181015,000000,17.817,17.817,17.759,17.797,18771,0
BSCR.US,D,20181016,000000,17.797,17.817,17.75,17.817,13765,0
BSCR.US,D,20181017,000000,17.79,17.793,17.745,17.758,7400,0
BSCR.US,D,20181018,000000,17.74,17.778,17.731,17.75,21956,0
BSCR.US,D,20181019,000000,17.733,17.768,17.709,17.727,49463,0
BSCR.US,D,20181022,000000,17.759,17.759,17.702,17.74,13821,0
BSCR.US,D,20181023,000000,17.768,17.778,17.74,17.74,9800,0
BSCR.US,D,20181024,000000,17.788,17.788,17.767,17.783,7550,0
BSCR.US,D,20181025,000000,17.765,17.778,17.749,17.778,17412,0
BSCR.US,D,20181026,000000,17.786,17.816,17.768,17.786,4885,0
BSCR.US,D,20181029,000000,17.763,17.797,17.731,17.788,6827,0
BSCR.US,D,20181030,000000,17.778,17.778,17.733,17.759,9127,0
BSCR.US,D,20181031,000000,17.731,17.749,17.701,17.731,10810,0
BSCR.US,D,20181101,000000,17.722,17.759,17.715,17.731,12980,0
BSCR.US,D,20181102,000000,17.673,17.705,17.663,17.673,21566,0
BSCR.US,D,20181105,000000,17.695,17.712,17.663,17.702,10374,0
BSCR.US,D,20181106,000000,17.722,17.722,17.689,17.689,10217,0
BSCR.US,D,20181107,000000,17.768,17.768,17.722,17.731,6136,0
BSCR.US,D,20181108,000000,17.731,17.731,17.644,17.686,19501,0
BSCR.US,D,20181109,000000,17.712,17.731,17.702,17.731,8898,0
BSCR.US,D,20181112,000000,17.759,17.759,17.702,17.716,9338,0
BSCR.US,D,20181113,000000,17.707,17.731,17.707,17.717,5616,0
BSCR.US,D,20181114,000000,17.677,17.722,17.677,17.702,26775,0
BSCR.US,D,20181115,000000,17.702,17.702,17.659,17.692,13622,0
BSCR.US,D,20181116,000000,17.692,17.722,17.663,17.722,7227,0
BSCR.US,D,20181119,000000,17.702,17.712,17.702,17.702,18516,0
BSCR.US,D,20181120,000000,17.624,17.683,17.615,17.615,6515,0
BSCR.US,D,20181121,000000,17.712,17.712,17.683,17.69,9880,0
BSCR.US,D,20181123,000000,17.682,17.722,17.682,17.722,6642,0
BSCR.US,D,20181126,000000,17.722,17.722,17.685,17.697,10208,0
BSCR.US,D,20181127,000000,17.702,17.702,17.683,17.692,8267,0
BSCR.US,D,20181128,000000,17.692,17.731,17.663,17.722,12187,0
BSCR.US,D,20181129,000000,17.731,17.731,17.663,17.712,24322,0
BSCR.US,D,20181130,000000,17.702,17.702,17.628,17.634,11798,0
BSCR.US,D,20181203,000000,17.722,17.74,17.722,17.74,4370,0
BSCR.US,D,20181204,000000,17.759,17.768,17.725,17.75,6377,0
BSCR.US,D,20181206,000000,17.778,17.836,17.722,17.778,50571,0
BSCR.US,D,20181207,000000,17.787,17.807,17.778,17.797,29805,0
BSCR.US,D,20181210,000000,17.826,17.826,17.752,17.817,17947,0
BSCR.US,D,20181211,000000,17.836,17.845,17.768,17.797,13744,0
BSCR.US,D,20181212,000000,17.831,17.836,17.804,17.804,16804,0
BSCR.US,D,20181213,000000,17.874,17.874,17.823,17.831,18140,0
BSCR.US,D,20181214,000000,17.864,17.864,17.806,17.826,14953,0
BSCR.US,D,20181217,000000,17.874,17.884,17.864,17.869,13574,0
BSCR.US,D,20181218,000000,17.893,17.918,17.893,17.9,19909,0
BSCR.US,D,20181219,000000,17.918,17.925,17.9,17.9,11550,0
BSCR.US,D,20181220,000000,17.935,17.935,17.822,17.845,7286,0
BSCR.US,D,20181221,000000,17.807,17.835,17.797,17.826,12463,0
BSCR.US,D,20181224,000000,17.844,17.844,17.793,17.793,1043,0
BSCR.US,D,20181226,000000,17.778,17.793,17.759,17.759,4806,0
BSCR.US,D,20181227,000000,17.789,17.854,17.788,17.817,16552,0
BSCR.US,D,20181228,000000,17.864,17.9,17.85,17.879,7945,0
BSCR.US,D,20181231,000000,17.9,17.984,17.864,17.941,4372,0
BSCR.US,D,20190102,000000,17.975,17.979,17.92,17.969,11239,0
BSCR.US,D,20190103,000000,17.984,18.035,17.984,18.006,26709,0
BSCR.US,D,20190104,000000,17.965,17.965,17.91,17.941,15096,0
BSCR.US,D,20190107,000000,17.975,17.984,17.926,17.96,31152,0
BSCR.US,D,20190108,000000,17.965,17.992,17.955,17.97,21674,0
BSCR.US,D,20190109,000000,18.012,18.042,17.992,18.022,19437,0
BSCR.US,D,20190110,000000,18.072,18.072,17.984,18.017,17065,0
BSCR.US,D,20190111,000000,18.1,18.13,18.044,18.097,32684,0
BSCR.US,D,20190114,000000,18.077,18.11,17.992,18.081,35915,0
BSCR.US,D,20190115,000000,18.052,18.12,18.022,18.068,22972,0
BSCR.US,D,20190116,000000,18.072,18.12,18.039,18.12,20235,0
BSCR.US,D,20190117,000000,18.032,18.125,18.032,18.105,8777,0
BSCR.US,D,20190118,000000,18.1,18.169,18.1,18.139,13412,0
BSCR.US,D,20190122,000000,18.189,18.208,18.18,18.187,3451,0
BSCR.US,D,20190123,000000,18.208,18.217,18.188,18.215,7788,0
BSCR.US,D,20190124,000000,18.302,18.302,18.198,18.217,269700,0
BSCR.US,D,20190125,000000,18.227,18.273,18.227,18.246,17612,0
BSCR.US,D,20190128,000000,18.254,18.287,18.253,18.259,4366,0
BSCR.US,D,20190129,000000,18.311,18.319,18.27,18.294,25354,0
BSCR.US,D,20190130,000000,18.311,18.378,18.293,18.368,4537,0
BSCR.US,D,20190131,000000,18.454,18.511,18.444,18.487,37265,0
BSCR.US,D,20190201,000000,18.472,18.511,18.405,18.416,26568,0
BSCR.US,D,20190204,000000,18.424,18.434,18.378,18.429,21791,0
BSCR.US,D,20190205,000000,18.454,18.492,18.444,18.454,21699,0
BSCR.US,D,20190206,000000,18.511,18.511,18.454,18.492,22907,0
BSCR.US,D,20190207,000000,18.492,18.511,18.463,18.502,17518,0
BSCR.US,D,20190208,000000,18.511,18.521,18.478,18.492,8109,0
BSCR.US,D,20190211,000000,18.458,18.492,18.424,18.459,5113,0
BSCR.US,D,20190212,000000,18.434,18.467,18.414,18.464,10574,0
BSCR.US,D,20190213,000000,18.426,18.472,18.414,18.444,2683,0
BSCR.US,D,20190214,000000,18.53,18.53,18.454,18.477,11131,0
BSCR.US,D,20190215,000000,18.473,18.502,18.473,18.482,7889,0
BSCR.US,D,20190219,000000,18.558,18.558,18.521,18.539,16079,0
BSCR.US,D,20190220,000000,18.498,18.53,18.498,18.523,10279,0
BSCR.US,D,20190221,000000,18.472,18.481,18.436,18.459,6578,0
BSCR.US,D,20190222,000000,18.512,18.558,18.512,18.521,14259,0
BSCR.US,D,20190225,000000,18.549,18.549,18.498,18.514,12756,0
BSCR.US,D,20190226,000000,18.568,18.577,18.527,18.549,6499,0
BSCR.US,D,20190227,000000,18.568,18.568,18.501,18.514,15771,0
BSCR.US,D,20190228,000000,18.539,18.549,18.464,18.511,34415,0
BSCR.US,D,20190301,000000,18.505,18.529,18.464,18.472,2118,0
BSCR.US,D,20190304,000000,18.492,18.549,18.472,18.516,15515,0
BSCR.US,D,20190305,000000,18.521,18.538,18.497,18.511,22147,0
BSCR.US,D,20190306,000000,18.577,18.577,18.554,18.568,11420,0
BSCR.US,D,20190307,000000,18.606,18.626,18.558,18.626,13622,0
BSCR.US,D,20190308,000000,18.616,18.619,18.568,18.616,25940,0
BSCR.US,D,20190311,000000,18.616,18.626,18.582,18.606,17447,0
BSCR.US,D,20190312,000000,18.617,18.685,18.606,18.675,8122,0
BSCR.US,D,20190313,000000,18.685,18.69,18.636,18.665,8123,0
BSCR.US,D,20190314,000000,18.646,18.685,18.636,18.636,8136,0
BSCR.US,D,20190315,000000,18.732,18.732,18.665,18.709,16987,0
BSCR.US,D,20190318,000000,18.742,18.742,18.708,18.71,28656,0
BSCR.US,D,20190319,000000,18.705,18.733,18.7,18.723,9974,0
BSCR.US,D,20190320,000000,18.719,18.813,18.719,18.809,5693,0
BSCR.US,D,20190321,000000,18.838,18.862,18.818,18.832,7317,0
BSCR.US,D,20190322,000000,18.924,18.962,18.907,18.962,4737,0
BSCR.US,D,20190325,000000,18.886,19.02,18.886,18.991,15641,0
BSCR.US,D,20190326,000000,18.991,19.011,18.942,19.001,16377,0
BSCR.US,D,20190327,000000,19.049,19.049,18.992,19.011,3565,0
BSCR.US,D,20190328,000000,18.982,19.049,18.962,19.049,19698,0
BSCR.US,D,20190329,000000,19.02,19.02,18.952,19.003,27102,0
BSCR.US,D,20190401,000000,18.99,18.99,18.939,18.947,13600,0
BSCR.US,D,20190402,000000,18.937,18.962,18.934,18.947,15893,0
BSCR.US,D,20190403,000000,18.915,18.934,18.873,18.929,27252,0
BSCR.US,D,20190404,000000,18.952,18.972,18.942,18.972,41797,0
BSCR.US,D,20190405,000000,18.962,18.986,18.945,18.986,18036,0
BSCR.US,D,20190408,000000,18.972,18.991,18.959,18.981,22633,0
BSCR.US,D,20190409,000000,19.02,19.03,18.983,19.011,17497,0
BSCR.US,D,20190410,000000,19.03,19.058,19.03,19.044,98661,0
BSCR.US,D,20190411,000000,19.044,19.052,19.02,19.044,3952,0
BSCR.US,D,20190412,000000,19.04,19.046,19.008,19.016,11675,0
BSCR.US,D,20190415,000000,19.046,19.058,19.02,19.04,18694,0
BSCR.US,D,20190416,000000,19.015,19.015,18.991,18.992,4528,0
BSCR.US,D,20190417,000000,18.991,19.011,18.972,19.001,24245,0
BSCR.US,D,20190418,000000,19.016,19.016,18.991,19.001,4506,0
BSCR.US,D,20190422,000000,19.001,19.001,18.972,18.991,12172,0
BSCR.US,D,20190423,000000,19.001,19.02,18.991,19.014,6959,0
BSCR.US,D,20190424,000000,19.077,19.107,19.059,19.107,10301,0
BSCR.US,D,20190425,000000,19.086,19.087,19.04,19.042,12344,0
BSCR.US,D,20190426,000000,19.136,19.136,19.096,19.112,39526,0
BSCR.US,D,20190429,000000,19.069,19.117,19.068,19.098,25788,0
BSCR.US,D,20190430,000000,19.097,19.127,19.087,19.087,11246,0
BSCR.US,D,20190501,000000,19.155,19.204,19.096,19.096,16038,0
BSCR.US,D,20190502,000000,19.097,19.097,19.001,19.049,32316,0
BSCR.US,D,20190503,000000,19.087,19.117,19.068,19.089,7526,0
BSCR.US,D,20190506,000000,19.127,19.146,19.088,19.118,17375,0
BSCR.US,D,20190507,000000,19.156,19.164,19.117,19.155,15830,0
BSCR.US,D,20190508,000000,19.174,19.174,19.087,19.087,24170,0
BSCR.US,D,20190509,000000,19.155,19.155,19.092,19.136,7509,0
BSCR.US,D,20190510,000000,19.146,19.155,19.135,19.136,13851,0
BSCR.US,D,20190513,000000,19.174,19.184,19.159,19.164,31887,0
BSCR.US,D,20190514,000000,19.164,19.174,19.164,19.171,17742,0
BSCR.US,D,20190515,000000,19.232,19.232,19.184,19.204,16057,0
BSCR.US,D,20190516,000000,19.204,19.213,19.184,19.213,16267,0
BSCR.US,D,20190517,000000,19.204,19.213,19.184,19.202,10602,0
BSCR.US,D,20190520,000000,19.204,19.204,19.141,19.141,7347,0
BSCR.US,D,20190521,000000,19.155,19.164,19.141,19.155,6308,0
BSCR.US,D,20190522,000000,19.146,19.194,19.146,19.174,6931,0
BSCR.US,D,20190523,000000,19.213,19.252,19.213,19.237,13345,0
BSCR.US,D,20190524,000000,19.242,19.252,19.213,19.252,10738,0
BSCR.US,D,20190528,000000,19.29,19.309,19.267,19.3,24171,0
BSCR.US,D,20190529,000000,19.319,19.319,19.266,19.266,7567,0
BSCR.US,D,20190530,000000,19.309,19.358,19.286,19.338,29207,0
BSCR.US,D,20190531,000000,19.447,19.447,19.348,19.407,36989,0
BSCR.US,D,20190603,000000,19.388,19.486,19.388,19.457,11945,0
BSCR.US,D,20190604,000000,19.446,19.457,19.417,19.457,30314,0
BSCR.US,D,20190605,000000,19.466,19.514,19.466,19.486,15646,0
BSCR.US,D,20190606,000000,19.504,19.523,19.466,19.481,32754,0
BSCR.US,D,20190607,000000,19.524,19.58,19.524,19.557,15314,0
BSCR.US,D,20190610,000000,19.534,19.544,19.486,19.486,12435,0
BSCR.US,D,20190611,000000,19.519,19.519,19.504,19.509,1724,0
BSCR.US,D,20190612,000000,19.524,19.552,19.519,19.552,17427,0
BSCR.US,D,20190613,000000,19.58,19.609,19.55,19.586,21993,0
BSCR.US,D,20190614,000000,19.574,19.599,19.562,19.586,13472,0
BSCR.US,D,20190617,000000,19.609,19.609,19.544,19.589,21656,0
BSCR.US,D,20190618,000000,19.685,19.685,19.636,19.68,17861,0
BSCR.US,D,20190619,000000,19.599,19.77,19.599,19.764,19920,0
BSCR.US,D,20190620,000000,19.843,19.892,19.83,19.852,56901,0
BSCR.US,D,20190621,000000,19.824,19.824,19.784,19.804,18483,0
BSCR.US,D,20190624,000000,19.862,19.892,19.843,19.872,35265,0
BSCR.US,D,20190625,000000,19.882,19.892,19.836,19.843,17484,0
BSCR.US,D,20190626,000000,19.804,19.833,19.775,19.794,18708,0
BSCR.US,D,20190627,000000,19.852,19.882,19.814,19.872,5996,0
BSCR.US,D,20190628,000000,19.872,19.921,19.869,19.892,5866,0
BSCR.US,D,20190701,000000,19.939,19.959,19.894,19.921,9448,0
BSCR.US,D,20190702,000000,19.959,19.998,19.911,19.988,20344,0
BSCR.US,D,20190703,000000,20.007,20.044,20.007,20.026,12099,0
BSCR.US,D,20190705,000000,19.882,19.911,19.843,19.887,16918,0
BSCR.US,D,20190708,000000,19.931,19.931,19.862,19.892,20561,0
BSCR.US,D,20190709,000000,19.882,19.882,19.814,19.862,39765,0
BSCR.US,D,20190710,000000,19.882,19.892,19.833,19.872,40078,0
BSCR.US,D,20190711,000000,19.862,19.862,19.773,19.814,79725,0
BSCR.US,D,20190712,000000,19.764,19.824,19.764,19.809,12043,0
BSCR.US,D,20190715,000000,19.833,19.843,19.814,19.839,8099,0
BSCR.US,D,20190716,000000,19.799,19.814,19.771,19.814,29924,0
BSCR.US,D,20190717,000000,19.843,19.882,19.838,19.882,52912,0
BSCR.US,D,20190718,000000,19.931,19.931,19.862,19.931,23120,0
BSCR.US,D,20190719,000000,19.911,19.921,19.892,19.906,6145,0
BSCR.US,D,20190722,000000,19.945,19.959,19.921,19.936,37288,0
BSCR.US,D,20190723,000000,19.902,19.95,19.902,19.95,29096,0
BSCR.US,D,20190724,000000,19.959,19.978,19.94,19.968,24218,0
BSCR.US,D,20190725,000000,19.959,19.959,19.915,19.931,12749,0
BSCR.US,D,20190726,000000,19.968,19.978,19.94,19.959,19585,0
BSCR.US,D,20190729,000000,19.998,19.998,19.94,19.978,20920,0
BSCR.US,D,20190730,000000,19.968,19.968,19.917,19.968,41082,0
BSCR.US,D,20190731,000000,19.959,20.016,19.95,19.968,10236,0
BSCR.US,D,20190801,000000,20.044,20.162,20.029,20.133,25057,0
BSCR.US,D,20190802,000000,20.122,20.153,20.113,20.153,22727,0
BSCR.US,D,20190805,000000,20.153,20.201,20.153,20.182,17370,0
BSCR.US,D,20190806,000000,20.221,20.231,20.181,20.227,8693,0
BSCR.US,D,20190807,000000,20.348,20.348,20.24,20.24,18414,0
BSCR.US,D,20190808,000000,20.201,20.26,20.143,20.24,12687,0
BSCR.US,D,20190809,000000,20.279,20.279,20.211,20.211,5833,0
BSCR.US,D,20190812,000000,20.289,20.308,20.25,20.308,16564,0
BSCR.US,D,20190813,000000,20.328,20.328,20.25,20.25,8201,0
BSCR.US,D,20190814,000000,20.338,20.338,20.304,20.313,26082,0
BSCR.US,D,20190815,000000,20.348,20.396,20.308,20.391,14929,0
BSCR.US,D,20190816,000000,20.386,20.416,20.348,20.401,16832,0
BSCR.US,D,20190819,000000,20.36,20.396,20.343,20.377,6700,0
BSCR.US,D,20190820,000000,20.445,20.455,20.396,20.445,24559,0
BSCR.US,D,20190821,000000,20.386,20.474,20.386,20.464,20662,0
BSCR.US,D,20190822,000000,20.455,20.455,20.435,20.435,27946,0
BSCR.US,D,20190823,000000,20.455,20.533,20.422,20.533,32013,0
BSCR.US,D,20190826,000000,20.533,20.533,20.489,20.513,17928,0
BSCR.US,D,20190827,000000,20.494,20.582,20.494,20.582,27774,0
BSCR.US,D,20190828,000000,20.62,20.62,20.563,20.569,18769,0
BSCR.US,D,20190829,000000,20.582,20.582,20.504,20.543,15070,0
BSCR.US,D,20190830,000000,20.553,20.553,20.517,20.553,16831,0
BSCR.US,D,20190903,000000,20.553,20.601,20.523,20.596,14603,0
BSCR.US,D,20190904,000000,20.553,20.586,20.528,20.567,40651,0
BSCR.US,D,20190905,000000,20.455,20.474,20.416,20.45,8090,0
BSCR.US,D,20190906,000000,20.494,20.501,20.464,20.494,4338,0
BSCR.US,D,20190909,000000,20.416,20.425,20.377,20.411,9411,0
BSCR.US,D,20190910,000000,20.338,20.358,20.289,20.298,18174,0
BSCR.US,D,20190911,000000,20.289,20.289,20.251,20.265,13386,0
BSCR.US,D,20190912,000000,20.289,20.309,20.247,20.25,24310,0
BSCR.US,D,20190913,000000,20.18,20.21,20.122,20.122,36610,0
BSCR.US,D,20190916,000000,20.17,20.19,20.132,20.188,8847,0
BSCR.US,D,20190917,000000,20.2,20.24,20.178,20.215,18731,0
BSCR.US,D,20190918,000000,20.289,20.318,20.235,20.24,29857,0
BSCR.US,D,20190919,000000,20.307,20.308,20.27,20.27,13509,0
BSCR.US,D,20190920,000000,20.26,20.367,20.26,20.338,19064,0
BSCR.US,D,20190923,000000,20.416,20.445,20.401,20.401,22541,0
BSCR.US,D,20190924,000000,20.367,20.455,20.367,20.416,13301,0
BSCR.US,D,20190925,000000,20.435,20.435,20.328,20.343,17304,0
BSCR.US,D,20190926,000000,20.386,20.416,20.377,20.377,7238,0
BSCR.US,D,20190927,000000,20.377,20.416,20.338,20.396,17476,0
BSCR.US,D,20190930,000000,20.416,20.425,20.372,20.411,22756,0
BSCR.US,D,20191001,000000,20.358,20.464,20.358,20.44,3476,0
BSCR.US,D,20191002,000000,20.474,20.494,20.435,20.474,19341,0
BSCR.US,D,20191003,000000,20.494,20.583,20.48,20.554,16305,0
BSCR.US,D,20191004,000000,20.573,20.602,20.554,20.593,9826,0
BSCR.US,D,20191007,000000,20.563,20.573,20.524,20.534,13696,0
BSCR.US,D,20191008,000000,20.583,20.583,20.534,20.563,15270,0
BSCR.US,D,20191009,000000,20.524,20.563,20.519,20.524,18260,0
BSCR.US,D,20191010,000000,20.476,20.476,20.423,20.436,15328,0
BSCR.US,D,20191011,000000,20.406,20.406,20.358,20.358,24268,0
BSCR.US,D,20191014,000000,20.435,20.435,20.386,20.411,17933,0
BSCR.US,D,20191015,000000,20.435,20.435,20.372,20.372,5650,0
BSCR.US,D,20191016,000000,20.396,20.435,20.396,20.421,8289,0
BSCR.US,D,20191017,000000,20.425,20.455,20.415,20.435,4534,0
BSCR.US,D,20191018,000000,20.455,20.464,20.445,20.445,6762,0
BSCR.US,D,20191021,000000,20.435,20.435,20.377,20.401,24967,0
BSCR.US,D,20191022,000000,20.455,20.464,20.406,20.43,36709,0
BSCR.US,D,20191023,000000,20.484,20.484,20.435,20.454,18631,0
BSCR.US,D,20191024,000000,20.495,20.504,20.469,20.469,6206,0
BSCR.US,D,20191025,000000,20.484,20.484,20.425,20.45,22513,0
BSCR.US,D,20191028,000000,20.416,20.416,20.388,20.399,11584,0
BSCR.US,D,20191029,000000,20.445,20.445,20.394,20.425,9683,0
BSCR.US,D,20191030,000000,20.409,20.464,20.409,20.464,14703,0
BSCR.US,D,20191031,000000,20.573,20.573,20.563,20.568,17572,0
BSCR.US,D,20191101,000000,20.573,20.602,20.54,20.549,20502,0
BSCR.US,D,20191104,000000,20.534,20.534,20.464,20.524,20868,0
BSCR.US,D,20191105,000000,20.464,20.464,20.377,20.425,184124,0
BSCR.US,D,20191106,000000,20.427,20.494,20.425,20.474,15838,0
BSCR.US,D,20191107,000000,20.435,20.435,20.348,20.396,22282,0
BSCR.US,D,20191108,000000,20.348,20.406,20.348,20.381,21953,0
BSCR.US,D,20191111,000000,20.386,20.396,20.367,20.379,12464,0
BSCR.US,D,20191112,000000,20.396,20.396,20.363,20.372,85069,0
BSCR.US,D,20191113,000000,20.427,20.435,20.396,20.425,11435,0
BSCR.US,D,20191114,000000,20.474,20.504,20.474,20.489,11681,0
BSCR.US,D,20191115,000000,20.484,20.494,20.455,20.469,16318,0
BSCR.US,D,20191118,000000,20.534,20.534,20.524,20.534,10096,0
BSCR.US,D,20191119,000000,20.533,20.544,20.524,20.54,36843,0
BSCR.US,D,20191120,000000,20.573,20.573,20.55,20.563,6722,0
BSCR.US,D,20191121,000000,20.554,20.554,20.526,20.529,25134,0
BSCR.US,D,20191122,000000,20.534,20.554,20.534,20.554,19234,0
BSCR.US,D,20191125,000000,20.554,20.602,20.554,20.583,20162,0
BSCR.US,D,20191126,000000,20.632,20.642,20.602,20.637,25797,0
BSCR.US,D,20191127,000000,20.612,20.612,20.592,20.602,18318,0
BSCR.US,D,20191129,000000,20.612,20.612,20.573,20.588,7487,0
BSCR.US,D,20191202,000000,20.534,20.554,20.524,20.545,19475,0
BSCR.US,D,20191203,000000,20.632,20.671,20.613,20.657,33225,0
BSCR.US,D,20191204,000000,20.632,20.662,20.573,20.622,28659,0
BSCR.US,D,20191205,000000,20.602,20.632,20.563,20.612,7638,0
BSCR.US,D,20191206,000000,20.583,20.612,20.554,20.602,22639,0
BSCR.US,D,20191209,000000,20.592,20.632,20.573,20.597,199100,0
BSCR.US,D,20191210,000000,20.622,20.632,20.563,20.602,15230,0
BSCR.US,D,20191211,000000,20.612,20.681,20.583,20.671,46497,0
BSCR.US,D,20191212,000000,20.662,20.662,20.544,20.573,18164,0
BSCR.US,D,20191213,000000,20.632,20.671,20.592,20.671,21270,0
BSCR.US,D,20191216,000000,20.642,20.642,20.621,20.627,12535,0
BSCR.US,D,20191217,000000,20.633,20.633,20.612,20.617,18854,0
BSCR.US,D,20191218,000000,20.612,20.612,20.573,20.612,10629,0
BSCR.US,D,20191219,000000,20.622,20.647,20.571,20.607,45022,0
BSCR.US,D,20191220,000000,20.612,20.632,20.602,20.622,23143,0
BSCR.US,D,20191223,000000,20.554,20.563,20.554,20.563,41411,0
BSCR.US,D,20191224,000000,20.534,20.592,20.534,20.583,29736,0
BSCR.US,D,20191226,000000,20.578,20.612,20.551,20.612,27039,0
BSCR.US,D,20191227,000000,20.652,20.662,20.598,20.662,89295,0
BSCR.US,D,20191230,000000,20.564,20.671,20.563,20.657,197170,0
BSCR.US,D,20191231,000000,20.583,20.671,20.563,20.657,197170,0
BSCR.US,D,20200102,000000,20.681,20.681,20.637,20.637,25396,0
BSCR.US,D,20200103,000000,20.662,20.72,20.662,20.711,29606,0
BSCR.US,D,20200106,000000,20.73,20.73,20.671,20.701,42062,0
BSCR.US,D,20200107,000000,20.681,20.691,20.63,20.657,55967,0
BSCR.US,D,20200108,000000,20.671,20.681,20.622,20.647,38962,0
BSCR.US,D,20200109,000000,20.632,20.671,20.601,20.66,32352,0
BSCR.US,D,20200110,000000,20.701,20.72,20.662,20.713,29849,0
BSCR.US,D,20200113,000000,20.7,20.711,20.673,20.691,19943,0
BSCR.US,D,20200114,000000,20.711,20.72,20.673,20.72,26755,0
BSCR.US,D,20200115,000000,20.76,20.779,20.707,20.779,421778,0
BSCR.US,D,20200116,000000,20.756,20.76,20.715,20.74,263382,0
BSCR.US,D,20200117,000000,20.728,20.739,20.691,20.711,41122,0
BSCR.US,D,20200121,000000,20.779,20.779,20.72,20.735,81464,0
BSCR.US,D,20200122,000000,20.755,20.755,20.72,20.735,45187,0
BSCR.US,D,20200123,000000,20.789,20.789,20.738,20.755,19478,0
BSCR.US,D,20200124,000000,20.819,20.819,20.769,20.794,45285,0
BSCR.US,D,20200127,000000,20.966,20.966,20.818,20.839,26360,0
BSCR.US,D,20200128,000000,20.83,20.839,20.799,20.814,25346,0
BSCR.US,D,20200129,000000,20.887,20.897,20.864,20.877,61916,0
BSCR.US,D,20200130,000000,20.877,20.936,20.877,20.911,24794,0
BSCR.US,D,20200131,000000,20.925,20.956,20.907,20.946,32007,0
BSCR.US,D,20200203,000000,20.907,20.986,20.907,20.966,396600,0
BSCR.US,D,20200204,000000,20.936,20.946,20.869,20.907,128750,0
BSCR.US,D,20200205,000000,20.878,20.897,20.859,20.872,101032,0
BSCR.US,D,20200206,000000,20.897,20.897,20.864,20.877,59441,0
BSCR.US,D,20200207,000000,20.946,20.946,20.887,20.926,37910,0
BSCR.US,D,20200210,000000,20.986,20.986,20.935,20.971,38361,0
BSCR.US,D,20200211,000000,20.976,20.976,20.946,20.961,65531,0
BSCR.US,D,20200212,000000,20.946,20.946,20.897,20.926,82536,0
BSCR.US,D,20200213,000000,20.956,20.956,20.907,20.926,31378,0
BSCR.US,D,20200214,000000,20.986,20.986,20.936,20.976,74782,0
BSCR.US,D,20200218,000000,21.006,21.006,20.966,20.986,34462,0
BSCR.US,D,20200219,000000,20.988,21.006,20.971,20.983,64340,0
BSCR.US,D,20200220,000000,20.987,21.026,20.986,21.006,552237,0
BSCR.US,D,20200221,000000,21.096,21.096,21.026,21.056,52679,0
BSCR.US,D,20200224,000000,21.115,21.203,21.068,21.081,47620,0
BSCR.US,D,20200225,000000,21.086,21.135,21.076,21.096,114327,0
BSCR.US,D,20200226,000000,21.056,21.125,21.056,21.096,41152,0
BSCR.US,D,20200227,000000,21.144,21.144,20.996,21.026,35752,0
BSCR.US,D,20200228,000000,21.006,21.164,21.006,21.146,54128,0
BSCR.US,D,20200302,000000,21.227,21.228,21.118,21.118,68189,0
BSCR.US,D,20200303,000000,21.169,21.4,21.086,21.315,65996,0
BSCR.US,D,20200304,000000,21.43,21.439,21.362,21.375,136918,0
BSCR.US,D,20200305,000000,21.402,21.439,21.35,21.365,41305,0
BSCR.US,D,20200306,000000,21.36,21.43,21.193,21.35,144518,0
BSCR.US,D,20200309,000000,21.046,21.232,20.986,21.052,68473,0
BSCR.US,D,20200310,000000,20.938,20.956,20.729,20.747,48812,0
BSCR.US,D,20200311,000000,20.749,20.749,20.166,20.216,79736,0
BSCR.US,D,20200312,000000,19.902,20.014,19.378,19.596,98767,0
BSCR.US,D,20200313,000000,20.366,20.366,19.614,20.043,136321,0
BSCR.US,D,20200316,000000,18.411,19.971,18.411,19.864,46765,0
BSCR.US,D,20200317,000000,19.638,19.683,19.265,19.348,92419,0
BSCR.US,D,20200318,000000,18.866,18.984,18.116,18.458,66123,0
BSCR.US,D,20200319,000000,18.441,18.441,17.841,17.855,85281,0
BSCR.US,D,20200320,000000,17.938,18.236,17.643,17.687,19668,0
BSCR.US,D,20200323,000000,17.957,18.608,17.957,18.519,77234,0
BSCR.US,D,20200324,000000,18.747,18.891,18.491,18.652,41140,0
BSCR.US,D,20200325,000000,18.778,19.225,18.778,19.131,37799,0
BSCR.US,D,20200326,000000,19.201,19.399,19.112,19.329,92100,0
BSCR.US,D,20200327,000000,19.28,19.28,19.089,19.26,37342,0
BSCR.US,D,20200330,000000,19.191,19.439,19.181,19.407,55378,0
BSCR.US,D,20200331,000000,19.497,19.614,19.468,19.537,32328,0
BSCR.US,D,20200401,000000,19.439,19.439,19.211,19.3,82258,0
BSCR.US,D,20200402,000000,19.397,19.429,19.32,19.399,16022,0
BSCR.US,D,20200403,000000,19.389,19.389,19.312,19.312,22012,0
BSCR.US,D,20200406,000000,19.399,19.512,19.399,19.507,36785,0
BSCR.US,D,20200407,000000,19.665,19.665,19.573,19.61,19569,0
BSCR.US,D,20200408,000000,19.595,19.882,19.595,19.828,70159,0
BSCR.US,D,20200409,000000,19.991,20.523,19.991,20.357,50539,0
BSCR.US,D,20200413,000000,20.384,20.483,20.286,20.429,49236,0
BSCR.US,D,20200414,000000,20.483,20.553,20.266,20.553,172775,0
BSCR.US,D,20200415,000000,20.493,20.631,20.425,20.631,280189,0
BSCR.US,D,20200416,000000,20.611,20.661,20.532,20.631,804335,0
BSCR.US,D,20200417,000000,20.739,20.769,20.533,20.572,450841,0
BSCR.US,D,20200420,000000,20.582,20.611,20.454,20.601,30362,0
BSCR.US,D,20200421,000000,20.572,20.572,20.355,20.414,31364,0
BSCR.US,D,20200422,000000,20.553,20.553,20.423,20.44,21400,0
BSCR.US,D,20200423,000000,20.599,20.641,20.463,20.621,30896,0
BSCR.US,D,20200424,000000,20.611,20.631,20.475,20.631,123380,0
BSCR.US,D,20200427,000000,20.631,20.631,20.483,20.553,21395,0
BSCR.US,D,20200428,000000,20.68,20.68,20.553,20.601,31979,0
BSCR.US,D,20200429,000000,20.562,20.7,20.553,20.63,51795,0
BSCR.US,D,20200430,000000,20.671,20.769,20.603,20.719,26322,0
BSCR.US,D,20200501,000000,20.661,20.661,20.493,20.513,18715,0
BSCR.US,D,20200504,000000,20.641,20.671,20.523,20.621,172157,0
BSCR.US,D,20200505,000000,20.609,20.71,20.572,20.626,25241,0
BSCR.US,D,20200506,000000,20.513,20.611,20.464,20.572,51115,0
BSCR.US,D,20200507,000000,20.564,20.621,20.473,20.587,16741,0
BSCR.US,D,20200508,000000,20.533,20.621,20.524,20.562,24312,0
BSCR.US,D,20200511,000000,20.463,20.56,20.444,20.515,18114,0
BSCR.US,D,20200512,000000,20.661,20.661,20.484,20.631,16204,0
BSCR.US,D,20200513,000000,20.562,20.71,20.543,20.71,21115,0
BSCR.US,D,20200514,000000,20.631,20.7,20.562,20.691,40221,0
BSCR.US,D,20200515,000000,20.729,20.749,20.572,20.665,39245,0
BSCR.US,D,20200518,000000,20.69,20.809,20.68,20.769,32289,0
BSCR.US,D,20200519,000000,20.739,20.809,20.71,20.804,24805,0
BSCR.US,D,20200520,000000,20.918,21.018,20.83,20.968,22026,0
BSCR.US,D,20200521,000000,21.048,21.108,20.948,21.078,21525,0
BSCR.US,D,20200522,000000,21.108,21.108,21.008,21.083,16098,0
BSCR.US,D,20200526,000000,21.028,21.161,21.01,21.123,50316,0
BSCR.US,D,20200527,000000,21.103,21.216,21.048,21.191,50780,0
BSCR.US,D,20200528,000000,21.166,21.216,21.078,21.191,30858,0
BSCR.US,D,20200529,000000,21.255,21.314,21.186,21.299,31343,0
BSCR.US,D,20200601,000000,21.354,21.354,21.225,21.255,67319,0
BSCR.US,D,20200602,000000,21.255,21.324,21.245,21.323,213150,0
BSCR.US,D,20200603,000000,21.344,21.473,21.314,21.389,77429,0
BSCR.US,D,20200604,000000,21.314,21.443,21.314,21.404,20707,0
BSCR.US,D,20200605,000000,21.453,21.483,21.314,21.443,33604,0
BSCR.US,D,20200608,000000,21.459,21.513,21.364,21.458,33764,0
BSCR.US,D,20200609,000000,21.443,21.503,21.407,21.473,29840,0
BSCR.US,D,20200610,000000,21.493,21.578,21.473,21.528,58186,0
BSCR.US,D,20200611,000000,21.523,21.523,21.324,21.372,29413,0
BSCR.US,D,20200612,000000,21.523,21.523,21.399,21.483,29107,0
BSCR.US,D,20200615,000000,21.434,21.643,21.394,21.613,40548,0
BSCR.US,D,20200616,000000,21.682,21.734,21.654,21.731,13955,0
BSCR.US,D,20200617,000000,21.701,21.751,21.633,21.727,23689,0
BSCR.US,D,20200618,000000,21.682,21.761,21.633,21.682,39278,0
BSCR.US,D,20200619,000000,21.643,21.721,21.643,21.691,35162,0
BSCR.US,D,20200622,000000,21.623,21.672,21.603,21.616,37650,0
BSCR.US,D,20200623,000000,21.573,21.602,21.523,21.583,25130,0
BSCR.US,D,20200624,000000,21.543,21.563,21.463,21.553,49030,0
BSCR.US,D,20200625,000000,21.563,21.593,21.528,21.538,164743,0
BSCR.US,D,20200626,000000,21.523,21.523,21.453,21.483,42345,0
BSCR.US,D,20200629,000000,21.503,21.593,21.476,21.593,28861,0
BSCR.US,D,20200630,000000,21.553,21.623,21.553,21.583,64543,0
BSCR.US,D,20200701,000000,21.603,21.643,21.573,21.608,25529,0
BSCR.US,D,20200702,000000,21.672,21.691,21.613,21.682,35335,0
BSCR.US,D,20200706,000000,21.683,21.721,21.653,21.706,17665,0
BSCR.US,D,20200707,000000,21.662,21.771,21.662,21.734,191080,0
BSCR.US,D,20200708,000000,21.731,21.731,21.682,21.707,25776,0
BSCR.US,D,20200709,000000,21.699,21.761,21.699,21.742,23713,0
BSCR.US,D,20200710,000000,21.761,21.761,21.711,21.736,12959,0
BSCR.US,D,20200713,000000,21.741,21.761,21.682,21.706,25358,0
BSCR.US,D,20200714,000000,21.741,21.8,21.701,21.78,14582,0
BSCR.US,D,20200715,000000,21.78,21.819,21.731,21.79,58208,0
BSCR.US,D,20200716,000000,21.815,21.849,21.81,21.824,56204,0
BSCR.US,D,20200717,000000,21.859,21.889,21.81,21.859,25345,0
BSCR.US,D,20200720,000000,21.839,21.899,21.839,21.876,62453,0
BSCR.US,D,20200721,000000,21.849,21.918,21.829,21.829,58814,0
BSCR.US,D,20200722,000000,21.869,21.949,21.869,21.921,65299,0
BSCR.US,D,20200723,000000,21.889,21.949,21.889,21.929,30465,0
BSCR.US,D,20200724,000000,21.929,21.929,21.889,21.889,75586,0
BSCR.US,D,20200727,000000,21.889,21.919,21.81,21.859,54879,0
BSCR.US,D,20200728,000000,21.819,21.919,21.819,21.879,60979,0
BSCR.US,D,20200729,000000,21.879,21.959,21.859,21.959,43177,0
BSCR.US,D,20200730,000000,21.939,21.978,21.909,21.954,21812,0
BSCR.US,D,20200731,000000,21.968,21.998,21.919,21.979,26041,0
BSCR.US,D,20200803,000000,21.952,22.018,21.949,22.018,25214,0
BSCR.US,D,20200804,000000,21.978,22.068,21.978,22.046,189393,0
BSCR.US,D,20200805,000000,22.028,22.088,21.998,22.06,61701,0
BSCR.US,D,20200806,000000,22.018,22.118,22.018,22.098,56251,0
BSCR.US,D,20200807,000000,22.088,22.108,22.052,22.068,53659,0
BSCR.US,D,20200810,000000,22.058,22.078,21.998,22.03,63700,0
BSCR.US,D,20200811,000000,21.978,21.978,21.934,21.964,71400,0
BSCR.US,D,20200812,000000,21.949,21.978,21.899,21.924,54000,0
BSCR.US,D,20200813,000000,21.927,21.959,21.824,21.834,164589,0
BSCR.US,D,20200814,000000,21.859,21.879,21.8,21.829,63574,0
BSCR.US,D,20200817,000000,21.8,21.859,21.8,21.859,86411,0
BSCR.US,D,20200818,000000,21.849,21.909,21.819,21.869,45376,0
BSCR.US,D,20200819,000000,21.889,21.909,21.849,21.849,129874,0
BSCR.US,D,20200820,000000,21.889,21.919,21.85,21.89,20511,0
BSCR.US,D,20200821,000000,21.929,21.929,21.889,21.929,28365,0
BSCR.US,D,20200824,000000,21.929,21.939,21.888,21.919,76585,0
BSCR.US,D,20200825,000000,21.859,21.889,21.799,21.869,52520,0
BSCR.US,D,20200826,000000,21.834,21.889,21.8,21.869,17499,0
BSCR.US,D,20200827,000000,21.853,21.869,21.79,21.812,58290,0
BSCR.US,D,20200828,000000,21.849,21.869,21.81,21.844,50594,0
BSCR.US,D,20200831,000000,21.869,21.939,21.851,21.91,32948,0
BSCR.US,D,20200901,000000,21.889,21.998,21.874,21.978,135590,0
BSCR.US,D,20200902,000000,21.961,22.048,21.949,22.039,101148,0
BSCR.US,D,20200903,000000,22.028,22.033,21.972,22.003,75990,0
BSCR.US,D,20200904,000000,21.968,21.968,21.87,21.904,22439,0
BSCR.US,D,20200908,000000,21.899,21.909,21.859,21.882,26580,0
BSCR.US,D,20200909,000000,21.859,21.919,21.859,21.909,113254,0
BSCR.US,D,20200910,000000,21.899,21.909,21.849,21.884,87360,0
BSCR.US,D,20200911,000000,21.929,21.929,21.869,21.919,28205,0
BSCR.US,D,20200914,000000,21.919,21.962,21.899,21.924,34520,0
BSCR.US,D,20200915,000000,21.914,21.968,21.909,21.968,23547,0
BSCR.US,D,20200916,000000,21.959,21.996,21.939,21.961,45764,0
BSCR.US,D,20200917,000000,21.949,21.988,21.92,21.968,39850,0
BSCR.US,D,20200918,000000,21.968,21.968,21.951,21.964,34633,0
BSCR.US,D,20200921,000000,21.919,21.919,21.879,21.895,54357,0
BSCR.US,D,20200922,000000,21.889,21.901,21.864,21.864,21396,0
BSCR.US,D,20200923,000000,21.879,21.889,21.81,21.81,39503,0
BSCR.US,D,20200924,000000,21.8,21.8,21.749,21.749,47374,0
BSCR.US,D,20200925,000000,21.691,21.751,21.691,21.741,29611,0
BSCR.US,D,20200928,000000,21.761,21.839,21.721,21.787,59849,0
BSCR.US,D,20200929,000000,21.829,21.839,21.795,21.839,23455,0
BSCR.US,D,20200930,000000,21.819,21.829,21.775,21.819,17827,0
BSCR.US,D,20201001,000000,21.797,21.869,21.787,21.869,24207,0
BSCR.US,D,20201002,000000,21.78,21.869,21.78,21.859,42419,0
BSCR.US,D,20201005,000000,21.829,21.849,21.8,21.819,54613,0
BSCR.US,D,20201006,000000,21.81,21.859,21.79,21.834,114944,0
BSCR.US,D,20201007,000000,21.81,21.849,21.78,21.81,34125,0
BSCR.US,D,20201008,000000,21.79,21.869,21.79,21.869,15930,0
BSCR.US,D,20201009,000000,21.859,21.879,21.834,21.864,23023,0
BSCR.US,D,20201012,000000,21.889,21.949,21.876,21.924,18159,0
BSCR.US,D,20201013,000000,21.939,21.949,21.879,21.914,72224,0
BSCR.US,D,20201014,000000,21.949,21.949,21.879,21.939,124479,0
BSCR.US,D,20201015,000000,21.869,21.929,21.869,21.909,32420,0
BSCR.US,D,20201016,000000,21.919,21.949,21.839,21.894,131721,0
BSCR.US,D,20201019,000000,21.8,21.879,21.8,21.849,81986,0
BSCR.US,D,20201020,000000,21.839,21.839,21.81,21.824,19238,0
BSCR.US,D,20201021,000000,21.79,21.827,21.78,21.81,22847,0
BSCR.US,D,20201022,000000,21.771,21.8,21.771,21.795,28970,0
BSCR.US,D,20201023,000000,21.795,21.829,21.79,21.829,30034,0
BSCR.US,D,20201026,000000,21.849,21.889,21.824,21.855,54141,0
BSCR.US,D,20201027,000000,21.839,21.919,21.839,21.909,51448,0
BSCR.US,D,20201028,000000,21.909,21.909,21.839,21.849,68337,0
BSCR.US,D,20201029,000000,21.8,21.829,21.768,21.795,31182,0
BSCR.US,D,20201030,000000,21.8,21.815,21.743,21.761,37076,0
BSCR.US,D,20201102,000000,21.741,21.819,21.741,21.741,29517,0
BSCR.US,D,20201103,000000,21.751,21.787,21.751,21.78,39858,0
BSCR.US,D,20201104,000000,21.849,21.968,21.849,21.968,20610,0
BSCR.US,D,20201105,000000,21.978,22.008,21.949,21.983,65556,0
BSCR.US,D,20201106,000000,21.909,21.978,21.899,21.978,46364,0
BSCR.US,D,20201109,000000,21.909,21.919,21.839,21.909,33435,0
BSCR.US,D,20201110,000000,21.849,21.899,21.819,21.819,40861,0
BSCR.US,D,20201111,000000,21.859,21.879,21.81,21.869,16800,0
BSCR.US,D,20201112,000000,21.879,21.929,21.859,21.919,25128,0
BSCR.US,D,20201113,000000,21.939,21.949,21.879,21.91,25528,0
BSCR.US,D,20201116,000000,21.939,21.998,21.909,21.998,157517,0
BSCR.US,D,20201117,000000,21.988,22.028,21.939,21.968,178578,0
BSCR.US,D,20201118,000000,21.988,22.038,21.988,22.038,15915,0
BSCR.US,D,20201119,000000,22.048,22.108,21.988,22.078,32074,0
BSCR.US,D,20201120,000000,22.058,22.088,22.026,22.049,26087,0
BSCR.US,D,20201123,000000,22.068,22.088,22.038,22.078,34746,0
BSCR.US,D,20201124,000000,22.058,22.088,22.028,22.068,23456,0
BSCR.US,D,20201125,000000,22.048,22.128,22.038,22.098,58721,0
BSCR.US,D,20201127,000000,22.073,22.138,22.073,22.138,20631,0
BSCR.US,D,20201130,000000,22.148,22.178,22.138,22.168,39602,0
BSCR.US,D,20201201,000000,22.148,22.148,22.098,22.104,20413,0
BSCR.US,D,20201202,000000,22.058,22.138,22.058,22.128,66705,0
BSCR.US,D,20201203,000000,22.128,22.178,22.098,22.158,39115,0
BSCR.US,D,20201204,000000,22.108,22.118,22.078,22.093,31022,0
BSCR.US,D,20201207,000000,22.113,22.148,22.098,22.123,46096,0
BSCR.US,D,20201208,000000,22.118,22.138,22.108,22.128,39271,0
BSCR.US,D,20201209,000000,22.078,22.086,22.028,22.048,227526,0
BSCR.US,D,20201210,000000,22.088,22.138,22.078,22.128,29749,0
BSCR.US,D,20201211,000000,22.138,22.168,22.118,22.148,46001,0
BSCR.US,D,20201214,000000,22.108,22.148,22.108,22.148,49400,0
BSCR.US,D,20201215,000000,22.143,22.188,22.138,22.183,55730,0
BSCR.US,D,20201216,000000,22.148,22.188,22.128,22.168,53589,0
BSCR.US,D,20201217,000000,22.188,22.198,22.148,22.198,108262,0
BSCR.US,D,20201218,000000,22.188,22.208,22.172,22.188,173997,0
BSCR.US,D,20201221,000000,22.128,22.129,22.108,22.128,104289,0
BSCR.US,D,20201222,000000,22.138,22.168,22.126,22.168,105781,0
BSCR.US,D,20201223,000000,22.118,22.178,22.118,22.178,45824,0
BSCR.US,D,20201224,000000,22.188,22.218,22.178,22.218,26101,0
BSCR.US,D,20201228,000000,22.183,22.237,22.178,22.223,50452,0
BSCR.US,D,20201229,000000,22.218,22.247,22.218,22.237,63714,0
BSCR.US,D,20201230,000000,22.229,22.277,22.229,22.277,60163,0
BSCR.US,D,20201231,000000,22.257,22.287,22.255,22.267,56969,0
BSCR.US,D,20210104,000000,22.247,22.272,22.247,22.267,59059,0
BSCR.US,D,20210105,000000,22.228,22.257,22.218,22.257,80521,0
BSCR.US,D,20210106,000000,22.168,22.228,22.168,22.208,41187,0
BSCR.US,D,20210107,000000,22.178,22.208,22.178,22.198,48023,0
BSCR.US,D,20210108,000000,22.164,22.178,22.158,22.178,49217,0
BSCR.US,D,20210111,000000,22.138,22.168,22.118,22.128,156348,0
BSCR.US,D,20210112,000000,22.108,22.158,22.088,22.158,55992,0
BSCR.US,D,20210113,000000,22.178,22.237,22.168,22.228,215280,0
BSCR.US,D,20210114,000000,22.224,22.252,22.211,22.212,71240,0
BSCR.US,D,20210115,000000,22.218,22.237,22.208,22.233,18053,0
BSCR.US,D,20210119,000000,22.22,22.239,22.21,22.239,72866,0
BSCR.US,D,20210120,000000,22.22,22.259,22.217,22.234,84189,0
BSCR.US,D,20210121,000000,22.2,22.239,22.19,22.239,74881,0
BSCR.US,D,20210122,000000,22.21,22.249,22.205,22.215,49941,0
BSCR.US,D,20210125,000000,22.21,22.259,22.21,22.249,58015,0
BSCR.US,D,20210126,000000,22.22,22.249,22.215,22.249,40043,0
BSCR.US,D,20210127,000000,22.239,22.249,22.22,22.23,51276,0
BSCR.US,D,20210128,000000,22.22,22.239,22.19,22.2,82572,0
BSCR.US,D,20210129,000000,22.17,22.22,22.17,22.21,68786,0
BSCR.US,D,20210201,000000,22.21,22.259,22.21,22.239,73937,0
BSCR.US,D,20210202,000000,22.195,22.23,22.195,22.215,58733,0
BSCR.US,D,20210203,000000,22.2,22.23,22.19,22.225,133262,0
BSCR.US,D,20210204,000000,22.21,22.239,22.198,22.235,85877,0
BSCR.US,D,20210205,000000,22.259,22.259,22.239,22.249,145219,0
BSCR.US,D,20210208,000000,22.239,22.269,22.239,22.259,72014,0
BSCR.US,D,20210209,000000,22.248,22.259,22.23,22.239,50548,0
BSCR.US,D,20210210,000000,22.249,22.279,22.249,22.274,170081,0
BSCR.US,D,20210211,000000,22.269,22.279,22.252,22.254,66536,0
BSCR.US,D,20210212,000000,22.23,22.257,22.22,22.235,80970,0
BSCR.US,D,20210216,000000,22.19,22.19,22.13,22.135,80555,0
BSCR.US,D,20210217,000000,22.14,22.175,22.14,22.175,47339,0
BSCR.US,D,20210218,000000,22.16,22.18,22.13,22.17,40510,0
BSCR.US,D,20210219,000000,22.15,22.152,22.095,22.095,50648,0
BSCR.US,D,20210222,000000,22.08,22.1,22.05,22.055,63842,0
BSCR.US,D,20210223,000000,22.04,22.095,22.04,22.095,47951,0
BSCR.US,D,20210224,000000,22.03,22.1,22.02,22.1,68997,0
BSCR.US,D,20210225,000000,21.99,22,21.77,21.78,79251,0
BSCR.US,D,20210226,000000,21.83,21.91,21.79,21.88,68839,0
BSCR.US,D,20210301,000000,21.91,21.97,21.9,21.97,66940,0
BSCR.US,D,20210302,000000,21.96,21.98,21.94,21.965,72933,0
BSCR.US,D,20210303,000000,21.91,21.91,21.865,21.865,101983,0
BSCR.US,D,20210304,000000,21.88,21.9,21.755,21.76,72998,0
BSCR.US,D,20210305,000000,21.69,21.75,21.681,21.71,67482,0
BSCR.US,D,20210308,000000,21.661,21.661,21.556,21.556,131537,0
BSCR.US,D,20210309,000000,21.601,21.661,21.593,21.621,46837,0
BSCR.US,D,20210310,000000,21.621,21.7,21.621,21.69,189693,0
BSCR.US,D,20210311,000000,21.72,21.75,21.71,21.71,78550,0
BSCR.US,D,20210312,000000,21.631,21.631,21.601,21.611,54538,0
BSCR.US,D,20210315,000000,21.613,21.671,21.611,21.646,56760,0
BSCR.US,D,20210316,000000,21.661,21.69,21.656,21.661,85349,0
BSCR.US,D,20210317,000000,21.631,21.76,21.601,21.705,45336,0
BSCR.US,D,20210318,000000,21.611,21.641,21.581,21.618,136530,0
BSCR.US,D,20210319,000000,21.601,21.631,21.591,21.591,130118,0
BSCR.US,D,20210322,000000,21.581,21.651,21.571,21.581,96766,0
BSCR.US,D,20210323,000000,21.591,21.671,21.581,21.611,62761,0
BSCR.US,D,20210324,000000,21.581,21.631,21.581,21.611,72886,0
BSCR.US,D,20210325,000000,21.631,21.641,21.581,21.626,39515,0
BSCR.US,D,20210326,000000,21.611,21.631,21.591,21.611,35454,0
BSCR.US,D,20210329,000000,21.611,21.611,21.581,21.581,42355,0
BSCR.US,D,20210330,000000,21.551,21.591,21.531,21.581,65865,0
BSCR.US,D,20210331,000000,21.591,21.611,21.571,21.571,57814,0
BSCR.US,D,20210401,000000,21.621,21.641,21.571,21.631,39549,0
BSCR.US,D,20210405,000000,21.561,21.591,21.541,21.561,36716,0
BSCR.US,D,20210406,000000,21.601,21.681,21.601,21.681,85082,0
BSCR.US,D,20210407,000000,21.77,21.77,21.666,21.681,55429,0
BSCR.US,D,20210408,000000,21.69,21.73,21.69,21.725,56353,0
BSCR.US,D,20210409,000000,21.671,21.72,21.661,21.697,47790,0
BSCR.US,D,20210412,000000,21.681,21.681,21.661,21.676,35814,0
BSCR.US,D,20210413,000000,21.681,21.74,21.681,21.735,39547,0
BSCR.US,D,20210414,000000,21.72,21.74,21.72,21.74,44639,0
BSCR.US,D,20210415,000000,21.76,21.82,21.76,21.79,44578,0
BSCR.US,D,20210416,000000,21.74,21.755,21.7,21.726,50831,0
BSCR.US,D,20210419,000000,21.671,21.71,21.651,21.686,76828,0
BSCR.US,D,20210420,000000,21.7,21.74,21.69,21.725,43961,0
BSCR.US,D,20210421,000000,21.72,21.76,21.72,21.76,64886,0
BSCR.US,D,20210422,000000,21.73,21.76,21.725,21.75,34452,0
BSCR.US,D,20210423,000000,21.75,21.78,21.74,21.755,43474,0
BSCR.US,D,20210426,000000,21.76,21.765,21.74,21.745,42906,0
BSCR.US,D,20210427,000000,21.74,21.75,21.71,21.715,32301,0
BSCR.US,D,20210428,000000,21.72,21.78,21.715,21.735,41091,0
BSCR.US,D,20210429,000000,21.7,21.8,21.681,21.735,54354,0
BSCR.US,D,20210430,000000,21.74,21.78,21.69,21.769,42295,0
BSCR.US,D,20210503,000000,21.77,21.81,21.765,21.795,35880,0
BSCR.US,D,20210504,000000,21.82,21.82,21.75,21.79,78855,0
BSCR.US,D,20210505,000000,21.79,21.83,21.782,21.81,51197,0
BSCR.US,D,20210506,000000,21.81,21.85,21.8,21.84,65962,0
BSCR.US,D,20210507,000000,21.88,21.94,21.84,21.855,37705,0
BSCR.US,D,20210510,000000,21.86,21.94,21.83,21.835,53093,0
BSCR.US,D,20210511,000000,21.81,21.82,21.795,21.815,35907,0
BSCR.US,D,20210512,000000,21.75,21.768,21.73,21.745,29631,0
BSCR.US,D,20210513,000000,21.77,21.81,21.77,21.8,49827,0
BSCR.US,D,20210514,000000,21.84,21.85,21.82,21.83,44542,0
BSCR.US,D,20210517,000000,21.825,21.9,21.81,21.821,56387,0
BSCR.US,D,20210518,000000,21.809,21.87,21.8,21.82,47289,0
BSCR.US,D,20210519,000000,21.82,21.83,21.77,21.78,37268,0
BSCR.US,D,20210520,000000,21.815,21.91,21.815,21.845,32834,0
BSCR.US,D,20210521,000000,21.86,21.86,21.83,21.835,30659,0
BSCR.US,D,20210524,000000,21.81,21.83,21.805,21.82,48452,0
BSCR.US,D,20210525,000000,21.84,21.88,21.83,21.859,44341,0
BSCR.US,D,20210526,000000,21.83,21.885,21.82,21.855,116598,0
BSCR.US,D,20210527,000000,21.84,21.87,21.828,21.835,51517,0
BSCR.US,D,20210528,000000,21.84,21.88,21.8,21.855,145926,0
BSCR.US,D,20210601,000000,21.84,21.86,21.82,21.85,32865,0
BSCR.US,D,20210602,000000,21.86,21.88,21.86,21.875,37238,0
BSCR.US,D,20210603,000000,21.82,21.83,21.8,21.81,27373,0
BSCR.US,D,20210604,000000,21.83,21.88,21.83,21.875,45300,0
BSCR.US,D,20210607,000000,21.85,21.9,21.85,21.88,170639,0
BSCR.US,D,20210608,000000,21.9,21.92,21.851,21.905,49964,0
BSCR.US,D,20210609,000000,21.94,21.98,21.93,21.935,49676,0
BSCR.US,D,20210610,000000,21.91,21.99,21.91,21.985,85135,0
BSCR.US,D,20210611,000000,21.99,21.99,21.965,21.965,52367,0
BSCR.US,D,20210614,000000,21.94,21.949,21.92,21.928,58861,0
BSCR.US,D,20210615,000000,21.92,21.95,21.92,21.94,56431,0
BSCR.US,D,20210616,000000,21.96,21.96,21.845,21.845,87144,0
BSCR.US,D,20210617,000000,21.85,21.86,21.82,21.845,80510,0
BSCR.US,D,20210618,000000,21.82,21.87,21.81,21.855,43974,0
BSCR.US,D,20210621,000000,21.79,21.82,21.773,21.79,33298,0
BSCR.US,D,20210622,000000,21.794,21.848,21.79,21.844,31078,0
BSCR.US,D,20210623,000000,21.83,21.849,21.815,21.815,49412,0
BSCR.US,D,20210624,000000,21.83,21.848,21.822,21.825,39645,0
BSCR.US,D,20210625,000000,21.83,21.835,21.79,21.81,59348,0
BSCR.US,D,20210628,000000,21.82,21.85,21.82,21.845,38924,0
BSCR.US,D,20210629,000000,21.842,21.87,21.83,21.865,34208,0
BSCR.US,D,20210630,000000,21.87,21.89,21.87,21.88,69589,0
BSCR.US,D,20210701,000000,21.88,21.88,21.84,21.86,65981,0
BSCR.US,D,20210702,000000,21.87,21.9,21.87,21.895,15566,0
BSCR.US,D,20210706,000000,21.9,21.97,21.9,21.955,24549,0
BSCR.US,D,20210707,000000,21.98,21.989,21.94,21.975,60529,0
BSCR.US,D,20210708,000000,21.96,22.01,21.96,21.995,98930,0
BSCR.US,D,20210709,000000,21.95,21.97,21.94,21.95,26060,0
BSCR.US,D,20210712,000000,21.959,21.96,21.94,21.945,30088,0
BSCR.US,D,20210713,000000,21.93,21.94,21.89,21.9,43724,0
BSCR.US,D,20210714,000000,21.93,21.96,21.93,21.955,52344,0
BSCR.US,D,20210715,000000,21.97,21.98,21.935,21.965,51150,0
BSCR.US,D,20210716,000000,21.93,21.97,21.93,21.96,46543,0
BSCR.US,D,20210719,000000,22,22.05,21.97,22.03,318747,0
BSCR.US,D,20210720,000000,22.07,22.0816,22.026,22.05,52644,0
BSCR.US,D,20210721,000000,22.01,22.02,22,22,38322,0
BSCR.US,D,20210722,000000,22.02,22.11,22.01,22.05,264012,0
BSCR.US,D,20210723,000000,22.02,22.06,22.01,22.06,16144,0
BSCR.US,D,20210726,000000,22.05,22.07,22.0388,22.0388,95005,0
BSCR.US,D,20210727,000000,22.07,22.08,22.06,22.08,29058,0
BSCR.US,D,20210728,000000,22.06,22.1,22.04,22.1,40612,0
BSCR.US,D,20210729,000000,22.07,22.08,22.0501,22.06,33638,0
BSCR.US,D,20210730,000000,22.09,22.1,22.08,22.08,22803,0
BSCR.US,D,20210802,000000,22.1,22.1499,22.1,22.11,77425,0
BSCR.US,D,20210803,000000,22.13,22.1462,22.12,22.12,32868,0
BSCR.US,D,20210804,000000,22.15,22.17,22.075,22.11,31151,0
BSCR.US,D,20210805,000000,22.07,22.08,22.03,22.0546,46065,0
BSCR.US,D,20210806,000000,22.01,22.02,21.995,21.995,41651,0
BSCR.US,D,20210809,000000,22,22.01,21.94,21.9488,49673,0
BSCR.US,D,20210810,000000,21.95,21.95,21.91,21.91,38404,0
BSCR.US,D,20210811,000000,21.92,22.05,21.91,21.96,151631,0
BSCR.US,D,20210812,000000,21.95,21.96,21.935,21.95,50391,0
BSCR.US,D,20210813,000000,21.96,22,21.96,21.9873,26360,0
BSCR.US,D,20210816,000000,22.02,22.045,22.02,22.02,42731,0
BSCR.US,D,20210817,000000,22.005,22.02,21.9968,22.01,38982,0
BSCR.US,D,20210818,000000,22,22.01,21.96,21.98,48897,0
BSCR.US,D,20210819,000000,22,22.01,21.98,21.99,132786,0
BSCR.US,D,20210820,000000,22,22.01,21.98,21.98,33213,0
BSCR.US,D,20210823,000000,21.97,21.9898,21.9505,21.97,65249,0
BSCR.US,D,20210824,000000,21.95,21.97,21.94,21.95,40122,0
BSCR.US,D,20210825,000000,21.95,21.955,21.92,21.94,53740,0
BSCR.US,D,20210826,000000,21.94,21.94,21.92,21.93,65466,0
BSCR.US,D,20210827,000000,21.93,22,21.91,22,51623,0
BSCR.US,D,20210830,000000,21.99,22.03,21.97,22.03,69942,0
BSCR.US,D,20210831,000000,22.02,22.04,22.01,22.03,51555,0
BSCR.US,D,20210901,000000,22.04,22.05,22.0038,22.02,66973,0
