<TICKER>,<PER>,<DATE>,<TIME>,<OPEN>,<HIGH>,<LOW>,<CLOSE>,<VOL>,<OPENINT>
BSCU.US,D,20200918,000000,19.8,20.346,19.8,19.878,13751,0
BSCU.US,D,20200921,000000,19.869,19.869,19.849,19.849,648,0
BSCU.US,D,20200922,000000,19.869,19.869,19.83,19.83,2367,0
BSCU.US,D,20200923,000000,19.83,19.83,19.7,19.725,11376,0
BSCU.US,D,20200924,000000,19.72,19.75,19.648,19.651,11842,0
BSCU.US,D,20200925,000000,19.671,19.671,19.616,19.616,1704,0
BSCU.US,D,20200928,000000,19.661,19.72,19.661,19.71,2213,0
BSCU.US,D,20200929,000000,19.73,19.73,19.71,19.73,8410,0
BSCU.US,D,20200930,000000,19.72,19.72,19.7,19.7,6996,0
BSCU.US,D,20201001,000000,19.74,19.76,19.74,19.76,1790,0
BSCU.US,D,20201002,000000,19.73,19.75,19.73,19.73,3725,0
BSCU.US,D,20201005,000000,19.72,19.75,19.671,19.683,10833,0
BSCU.US,D,20201006,000000,19.7,19.7,19.7,19.7,1007,0
BSCU.US,D,20201007,000000,19.69,19.75,19.69,19.7,3180,0
BSCU.US,D,20201008,000000,19.77,19.77,19.76,19.765,524,0
BSCU.US,D,20201009,000000,19.76,19.79,19.75,19.761,910,0
BSCU.US,D,20201012,000000,19.83,19.859,19.83,19.84,4480,0
BSCU.US,D,20201013,000000,19.849,19.849,19.82,19.83,2639,0
BSCU.US,D,20201015,000000,19.83,19.83,19.787,19.787,7526,0
BSCU.US,D,20201016,000000,19.82,19.83,19.8,19.801,1316,0
BSCU.US,D,20201019,000000,19.8,19.81,19.77,19.77,1925,0
BSCU.US,D,20201020,000000,19.72,19.748,19.72,19.748,185,0
BSCU.US,D,20201021,000000,19.74,19.74,19.73,19.74,551,0
BSCU.US,D,20201022,000000,19.71,19.71,19.683,19.683,810,0
BSCU.US,D,20201023,000000,19.712,19.75,19.712,19.73,2813,0
BSCU.US,D,20201026,000000,19.75,19.78,19.74,19.78,4927,0
BSCU.US,D,20201027,000000,19.8,19.8,19.78,19.8,554,0
BSCU.US,D,20201028,000000,19.76,19.76,19.735,19.735,3523,0
BSCU.US,D,20201029,000000,19.69,19.7,19.68,19.68,604,0
BSCU.US,D,20201030,000000,19.671,19.671,19.601,19.601,504,0
BSCU.US,D,20201102,000000,19.656,19.658,19.656,19.658,100,0
BSCU.US,D,20201103,000000,19.651,19.651,19.641,19.641,1175,0
BSCU.US,D,20201104,000000,19.82,19.918,19.82,19.893,835,0
BSCU.US,D,20201105,000000,19.957,19.957,19.94,19.94,200,0
BSCU.US,D,20201109,000000,19.84,19.849,19.82,19.82,5191,0
BSCU.US,D,20201110,000000,19.83,19.869,19.801,19.801,895,0
BSCU.US,D,20201111,000000,19.8,19.83,19.8,19.82,413,0
BSCU.US,D,20201112,000000,19.859,19.903,19.859,19.903,704,0
BSCU.US,D,20201113,000000,19.903,19.918,19.903,19.903,454,0
BSCU.US,D,20201116,000000,19.918,19.947,19.918,19.942,5514,0
BSCU.US,D,20201119,000000,20.097,20.097,20.097,20.097,179,0
BSCU.US,D,20201120,000000,20.087,20.097,20.067,20.067,708,0
BSCU.US,D,20201123,000000,20.067,20.067,20.067,20.067,381,0
BSCU.US,D,20201124,000000,20.087,20.087,20.087,20.087,200,0
BSCU.US,D,20201127,000000,20.137,20.137,20.127,20.127,183,0
BSCU.US,D,20201130,000000,20.137,20.174,20.137,20.174,506,0
BSCU.US,D,20201201,000000,20.197,20.197,20.097,20.109,3684,0
BSCU.US,D,20201202,000000,20.087,20.087,20.087,20.087,250,0
BSCU.US,D,20201207,000000,20.167,20.167,20.117,20.117,210,0
BSCU.US,D,20201208,000000,20.117,20.132,20.102,20.102,4636,0
BSCU.US,D,20201209,000000,20.087,20.087,20.007,20.007,4486,0
BSCU.US,D,20201210,000000,20.037,20.117,20.037,20.092,282541,0
BSCU.US,D,20201211,000000,20.117,20.127,20.077,20.092,12807,0
BSCU.US,D,20201214,000000,20.177,20.177,20.047,20.096,12852,0
BSCU.US,D,20201215,000000,20.117,20.147,20.107,20.142,7448,0
BSCU.US,D,20201216,000000,20.127,20.157,20.126,20.127,4771,0
BSCU.US,D,20201217,000000,20.137,20.137,20.127,20.127,2103,0
BSCU.US,D,20201218,000000,20.157,20.207,20.127,20.127,13788,0
BSCU.US,D,20201221,000000,20.197,20.197,20.097,20.097,21538,0
BSCU.US,D,20201222,000000,20.197,20.197,20.136,20.147,2093,0
BSCU.US,D,20201223,000000,20.147,20.167,20.107,20.157,34999,0
BSCU.US,D,20201224,000000,20.177,20.197,20.177,20.187,5359,0
BSCU.US,D,20201228,000000,20.177,20.227,20.177,20.217,8713,0
BSCU.US,D,20201229,000000,20.187,20.247,20.187,20.229,12346,0
BSCU.US,D,20201230,000000,20.257,20.277,20.227,20.247,12141,0
BSCU.US,D,20201231,000000,20.277,20.287,20.257,20.257,19731,0
BSCU.US,D,20210104,000000,20.267,20.267,20.197,20.197,25084,0
BSCU.US,D,20210105,000000,20.177,20.267,20.147,20.152,12222,0
BSCU.US,D,20210106,000000,20.017,20.027,19.987,20.027,10343,0
BSCU.US,D,20210107,000000,19.997,20.006,19.987,19.997,4276,0
BSCU.US,D,20210108,000000,20.017,20.027,19.947,19.957,13575,0
BSCU.US,D,20210111,000000,19.937,19.946,19.888,19.888,19340,0
BSCU.US,D,20210112,000000,19.829,19.897,19.829,19.889,1548,0
BSCU.US,D,20210113,000000,19.977,20.057,19.977,20.017,9513,0
BSCU.US,D,20210114,000000,20.067,20.067,19.977,19.977,10409,0
BSCU.US,D,20210115,000000,20.015,20.047,20.007,20.007,11796,0
BSCU.US,D,20210119,000000,20.067,20.067,20.007,20.007,18407,0
BSCU.US,D,20210120,000000,20.042,20.057,20.007,20.007,16094,0
BSCU.US,D,20210121,000000,19.977,19.987,19.967,19.967,17373,0
BSCU.US,D,20210122,000000,20.017,20.037,19.957,19.957,32342,0
BSCU.US,D,20210125,000000,20.027,20.027,20.017,20.027,25916,0
BSCU.US,D,20210126,000000,20.027,20.037,20.017,20.017,6328,0
BSCU.US,D,20210127,000000,20.117,20.117,19.997,20.007,11325,0
BSCU.US,D,20210128,000000,20.017,20.017,19.997,19.997,7901,0
BSCU.US,D,20210129,000000,19.918,19.937,19.911,19.923,8932,0
BSCU.US,D,20210201,000000,19.997,19.997,19.957,19.957,14141,0
BSCU.US,D,20210202,000000,19.927,19.947,19.923,19.923,10444,0
BSCU.US,D,20210203,000000,19.957,19.977,19.932,19.932,1205,0
BSCU.US,D,20210204,000000,19.908,19.927,19.899,19.914,3736,0
BSCU.US,D,20210205,000000,19.927,19.927,19.918,19.918,3287,0
BSCU.US,D,20210208,000000,19.926,19.941,19.918,19.918,24010,0
BSCU.US,D,20210209,000000,19.927,19.927,19.927,19.927,562,0
BSCU.US,D,20210210,000000,19.952,19.957,19.952,19.957,2893,0
BSCU.US,D,20210211,000000,19.977,19.977,19.927,19.927,11283,0
BSCU.US,D,20210212,000000,19.908,19.918,19.883,19.883,4236,0
BSCU.US,D,20210216,000000,19.848,19.848,19.719,19.719,8392,0
BSCU.US,D,20210217,000000,19.729,19.759,19.728,19.754,10058,0
BSCU.US,D,20210218,000000,19.724,19.779,19.724,19.749,8142,0
BSCU.US,D,20210219,000000,19.739,19.759,19.639,19.639,53912,0
BSCU.US,D,20210222,000000,19.599,19.618,19.529,19.529,2172,0
BSCU.US,D,20210223,000000,19.549,19.549,19.549,19.549,341,0
BSCU.US,D,20210224,000000,19.559,19.569,19.544,19.569,9571,0
BSCU.US,D,20210225,000000,19.419,19.419,19.25,19.25,16143,0
BSCU.US,D,20210226,000000,19.379,19.419,19.319,19.419,14715,0
BSCU.US,D,20210301,000000,19.469,19.478,19.445,19.459,8598,0
BSCU.US,D,20210302,000000,19.499,19.499,19.467,19.479,13942,0
BSCU.US,D,20210303,000000,19.359,19.389,19.359,19.359,1797,0
BSCU.US,D,20210304,000000,19.339,19.359,19.191,19.201,16180,0
BSCU.US,D,20210305,000000,19.131,19.136,19.091,19.136,10650,0
BSCU.US,D,20210308,000000,19.101,19.101,18.991,18.991,5036,0
BSCU.US,D,20210309,000000,19.171,19.171,19.081,19.081,1907,0
BSCU.US,D,20210310,000000,19.141,19.201,19.141,19.171,8521,0
BSCU.US,D,20210311,000000,19.181,19.211,19.177,19.177,10384,0
BSCU.US,D,20210312,000000,19.031,19.04,19.011,19.011,15178,0
BSCU.US,D,20210315,000000,19.051,19.056,19.041,19.046,3298,0
BSCU.US,D,20210316,000000,19.051,19.051,19.028,19.036,18893,0
BSCU.US,D,20210317,000000,18.981,19.101,18.972,19.031,21309,0
BSCU.US,D,20210318,000000,18.886,18.941,18.886,18.921,3484,0
BSCU.US,D,20210319,000000,18.881,18.931,18.881,18.896,5034,0
BSCU.US,D,20210322,000000,18.991,19.031,18.971,18.976,34338,0
BSCU.US,D,20210323,000000,19.011,19.041,19.011,19.021,3476,0
BSCU.US,D,20210324,000000,19.071,19.071,19.031,19.061,2997,0
BSCU.US,D,20210325,000000,19.081,19.091,19.051,19.051,3903,0
BSCU.US,D,20210326,000000,19.031,19.061,19.031,19.051,6864,0
BSCU.US,D,20210329,000000,19.02,19.021,18.981,18.981,19078,0
BSCU.US,D,20210330,000000,18.961,18.991,18.92,18.991,2310,0
BSCU.US,D,20210331,000000,19.021,19.051,19.016,19.021,3180,0
BSCU.US,D,20210401,000000,19.121,19.136,19.121,19.136,2645,0
BSCU.US,D,20210405,000000,19.081,19.121,19.051,19.051,35018,0
BSCU.US,D,20210406,000000,19.131,19.181,19.131,19.166,7289,0
BSCU.US,D,20210407,000000,19.186,19.22,19.171,19.171,6968,0
BSCU.US,D,20210408,000000,19.221,19.241,19.216,19.226,10583,0
BSCU.US,D,20210409,000000,19.191,19.28,19.181,19.186,13997,0
BSCU.US,D,20210412,000000,19.176,19.201,19.171,19.176,13163,0
BSCU.US,D,20210413,000000,19.181,19.251,19.181,19.251,1763,0
BSCU.US,D,20210414,000000,19.253,19.26,19.236,19.245,7532,0
BSCU.US,D,20210415,000000,19.33,19.39,19.33,19.38,2734,0
BSCU.US,D,20210416,000000,19.29,19.329,19.271,19.271,12637,0
BSCU.US,D,20210419,000000,19.206,19.261,19.191,19.191,16917,0
BSCU.US,D,20210420,000000,19.191,19.251,19.191,19.236,9521,0
BSCU.US,D,20210421,000000,19.251,19.271,19.221,19.261,7006,0
BSCU.US,D,20210422,000000,19.3,19.3,19.273,19.284,7473,0
BSCU.US,D,20210423,000000,19.319,19.32,19.292,19.295,5760,0
BSCU.US,D,20210426,000000,19.305,19.31,19.29,19.29,9887,0
BSCU.US,D,20210427,000000,19.29,19.29,19.216,19.216,4779,0
BSCU.US,D,20210428,000000,19.206,19.25,19.177,19.226,6019,0
BSCU.US,D,20210429,000000,19.171,19.191,19.131,19.186,16816,0
BSCU.US,D,20210430,000000,19.191,19.221,19.184,19.206,4313,0
BSCU.US,D,20210503,000000,19.271,19.271,19.246,19.246,5556,0
BSCU.US,D,20210504,000000,19.261,19.275,19.25,19.261,1091,0
BSCU.US,D,20210505,000000,19.29,19.307,19.28,19.28,12946,0
BSCU.US,D,20210507,000000,19.39,19.39,19.315,19.315,7048,0
BSCU.US,D,20210510,000000,19.36,19.38,19.29,19.29,7788,0
BSCU.US,D,20210511,000000,19.231,19.241,19.231,19.241,1912,0
BSCU.US,D,20210512,000000,19.166,19.171,19.101,19.116,7575,0
BSCU.US,D,20210513,000000,19.176,19.221,19.161,19.196,12218,0
BSCU.US,D,20210514,000000,19.231,19.27,19.231,19.261,2666,0
BSCU.US,D,20210517,000000,19.256,19.261,19.246,19.251,3639,0
BSCU.US,D,20210518,000000,19.28,19.29,19.221,19.221,6291,0
BSCU.US,D,20210519,000000,19.221,19.241,19.14,19.158,7089,0
BSCU.US,D,20210520,000000,19.241,19.29,19.241,19.271,17021,0
BSCU.US,D,20210521,000000,19.32,19.32,19.261,19.28,9349,0
BSCU.US,D,20210524,000000,19.261,19.29,19.251,19.261,8449,0
BSCU.US,D,20210525,000000,19.32,19.33,19.31,19.33,2181,0
BSCU.US,D,20210526,000000,19.342,19.349,19.32,19.32,2431,0
BSCU.US,D,20210527,000000,19.28,19.29,19.252,19.271,3971,0
BSCU.US,D,20210528,000000,19.319,19.32,19.3,19.3,6297,0
BSCU.US,D,20210601,000000,19.251,19.31,19.251,19.3,7185,0
BSCU.US,D,20210602,000000,19.33,19.35,19.32,19.34,12846,0
BSCU.US,D,20210603,000000,19.279,19.279,19.261,19.261,1213,0
BSCU.US,D,20210604,000000,19.211,19.39,19.211,19.37,3910,0
BSCU.US,D,20210607,000000,19.37,19.38,19.36,19.36,2735,0
BSCU.US,D,20210608,000000,19.43,19.44,19.43,19.43,2611,0
BSCU.US,D,20210609,000000,19.54,19.54,19.49,19.5,3201,0
BSCU.US,D,20210610,000000,19.58,19.58,19.57,19.57,637,0
BSCU.US,D,20210611,000000,19.599,19.63,19.58,19.58,13431,0
BSCU.US,D,20210614,000000,19.52,19.54,19.511,19.535,1630,0
BSCU.US,D,20210615,000000,19.59,19.59,19.53,19.54,4571,0
BSCU.US,D,20210616,000000,19.57,19.6,19.44,19.44,4359,0
BSCU.US,D,20210617,000000,19.54,19.559,19.52,19.52,1402,0
BSCU.US,D,20210618,000000,19.58,19.682,19.54,19.6,9315,0
BSCU.US,D,20210621,000000,19.555,19.62,19.555,19.57,7320,0
BSCU.US,D,20210623,000000,19.569,19.57,19.535,19.535,6808,0
BSCU.US,D,20210624,000000,19.554,19.559,19.55,19.555,1023,0
BSCU.US,D,20210625,000000,19.55,19.55,19.48,19.5105,1367,0
BSCU.US,D,20210628,000000,19.57,19.62,19.57,19.585,6826,0
BSCU.US,D,20210629,000000,19.62,19.62,19.6,19.6,1775,0
BSCU.US,D,20210630,000000,19.655,19.67,19.6413,19.6413,10642,0
BSCU.US,D,20210701,000000,19.63,19.63,19.6,19.63,2538,0
BSCU.US,D,20210702,000000,19.649,19.66,19.6483,19.6483,2611,0
BSCU.US,D,20210706,000000,19.74,19.81,19.74,19.75,3945,0
BSCU.US,D,20210707,000000,19.81,19.82,19.805,19.81,3697,0
BSCU.US,D,20210708,000000,19.83,19.93,19.8,19.815,8829,0
BSCU.US,D,20210709,000000,19.76,19.77,19.735,19.735,1462,0
BSCU.US,D,20210712,000000,19.76,19.76,19.701,19.735,4279,0
BSCU.US,D,20210713,000000,19.7599,19.7599,19.72,19.72,1131,0
BSCU.US,D,20210714,000000,19.77,19.77,19.7201,19.75,1013,0
BSCU.US,D,20210715,000000,19.83,19.83,19.77,19.81,3718,0
BSCU.US,D,20210716,000000,19.79,19.8,19.7754,19.79,991,0
BSCU.US,D,20210719,000000,19.88,19.9,19.88,19.885,3839,0
BSCU.US,D,20210720,000000,19.908,19.92,19.875,19.875,9764,0
BSCU.US,D,20210721,000000,19.78,19.7864,19.78,19.7819,443,0
BSCU.US,D,20210723,000000,19.819,19.82,19.815,19.815,785,0
BSCU.US,D,20210726,000000,19.83,19.83,19.805,19.805,2469,0
BSCU.US,D,20210727,000000,19.855,19.8617,19.855,19.8617,687,0
BSCU.US,D,20210728,000000,19.842,19.89,19.842,19.89,993,0
BSCU.US,D,20210729,000000,19.85,19.88,19.8423,19.8647,3460,0
BSCU.US,D,20210730,000000,19.93,19.93,19.895,19.895,4340,0
BSCU.US,D,20210802,000000,19.96,20,19.96,19.97,6646,0
BSCU.US,D,20210803,000000,19.99,20,19.97,19.97,3123,0
BSCU.US,D,20210804,000000,20.002,20.02,19.91,19.95,1580,0
BSCU.US,D,20210806,000000,19.86,19.86,19.775,19.775,5306,0
BSCU.US,D,20210809,000000,19.72,19.7299,19.7067,19.7067,873,0
BSCU.US,D,20210810,000000,19.689,19.69,19.665,19.665,464,0
BSCU.US,D,20210811,000000,19.679,19.7039,19.679,19.7039,133,0
BSCU.US,D,20210812,000000,19.65,19.7017,19.65,19.7,5116,0
BSCU.US,D,20210813,000000,19.81,19.81,19.78,19.8,3658,0
BSCU.US,D,20210816,000000,19.86,19.86,19.82,19.835,1669,0
BSCU.US,D,20210817,000000,19.815,19.815,19.805,19.805,1697,0
BSCU.US,D,20210818,000000,19.85,19.85,19.76,19.765,19141,0
BSCU.US,D,20210819,000000,19.795,19.83,19.785,19.805,5519,0
BSCU.US,D,20210820,000000,19.78,19.83,19.78,19.7954,7683,0
BSCU.US,D,20210823,000000,19.78,19.8,19.771,19.785,3216,0
BSCU.US,D,20210824,000000,19.76,19.769,19.75,19.75,2687,0
BSCU.US,D,20210825,000000,19.7281,19.7281,19.68,19.68,3777,0
BSCU.US,D,20210826,000000,19.9,19.9,19.66,19.6757,15445,0
BSCU.US,D,20210827,000000,19.74,19.76,19.74,19.76,4081,0
BSCU.US,D,20210830,000000,19.78,19.8199,19.7739,19.81,14060,0
BSCU.US,D,20210831,000000,19.8,19.809,19.78,19.78,1162,0
BSCU.US,D,20210901,000000,19.79,19.795,19.79,19.795,1143,0
