<TICKER>,<PER>,<DATE>,<TIME>,<OPEN>,<HIGH>,<LOW>,<CLOSE>,<VOL>,<OPENINT>
BSJN.US,D,20151014,000000,19.795,19.864,19.795,19.864,511,0
BSJN.US,D,20151027,000000,20.094,20.108,20.025,20.025,2679,0
BSJN.US,D,20151028,000000,20.123,20.123,20.123,20.123,893,0
BSJN.US,D,20151104,000000,20.219,20.219,20.219,20.219,103,0
BSJN.US,D,20151105,000000,20.219,20.219,20.169,20.169,1400,0
BSJN.US,D,20151106,000000,20.092,20.092,20.014,20.014,1273,0
BSJN.US,D,20151109,000000,19.944,19.944,19.944,19.944,298,0
BSJN.US,D,20151110,000000,19.936,19.936,19.936,19.936,103,0
BSJN.US,D,20151112,000000,19.828,19.828,19.768,19.768,510,0
BSJN.US,D,20151113,000000,19.7,19.7,19.7,19.7,761,0
BSJN.US,D,20151116,000000,19.66,19.66,19.66,19.66,103,0
BSJN.US,D,20151119,000000,19.63,19.63,19.63,19.63,1019,0
BSJN.US,D,20151123,000000,19.636,19.636,19.636,19.636,1019,0
BSJN.US,D,20151130,000000,19.739,19.739,19.723,19.723,761,0
BSJN.US,D,20151201,000000,19.764,19.802,19.764,19.802,2947,0
BSJN.US,D,20151202,000000,19.7,19.7,19.7,19.7,714,0
BSJN.US,D,20151203,000000,19.683,19.683,19.683,19.683,613,0
BSJN.US,D,20151204,000000,19.676,19.676,19.676,19.676,1019,0
BSJN.US,D,20151207,000000,19.457,19.457,19.457,19.457,103,0
BSJN.US,D,20151208,000000,19.443,19.443,19.443,19.443,2924,0
BSJN.US,D,20151209,000000,19.466,19.466,19.466,19.466,1019,0
BSJN.US,D,20151210,000000,19.457,19.457,19.394,19.417,1784,0
BSJN.US,D,20151211,000000,19.148,19.148,18.806,18.806,4835,0
BSJN.US,D,20151214,000000,18.938,19.041,18.884,18.946,4823,0
BSJN.US,D,20151215,000000,19.222,19.239,19.204,19.239,9552,0
BSJN.US,D,20151216,000000,19.172,19.172,19.172,19.172,378,0
BSJN.US,D,20151218,000000,19.11,19.11,19.11,19.11,1273,0
BSJN.US,D,20151221,000000,19.068,19.068,19.068,19.068,2039,0
BSJN.US,D,20151222,000000,19.245,19.284,19.23,19.284,10414,0
BSJN.US,D,20151228,000000,19.222,19.292,19.222,19.292,4924,0
BSJN.US,D,20151230,000000,19.261,19.277,19.261,19.277,339,0
BSJN.US,D,20151231,000000,19.318,19.328,19.057,19.057,7469,0
BSJN.US,D,20160104,000000,19.253,19.253,19.253,19.253,393,0
BSJN.US,D,20160106,000000,19.368,19.368,19.356,19.356,1293,0
BSJN.US,D,20160107,000000,19.299,19.322,19.299,19.322,2939,0
BSJN.US,D,20160108,000000,19.277,19.277,19.277,19.277,1900,0
BSJN.US,D,20160111,000000,19.315,19.315,19.315,19.315,457,0
BSJN.US,D,20160112,000000,19.408,19.408,19.284,19.284,6331,0
BSJN.US,D,20160113,000000,19.052,19.052,19.052,19.052,372,0
BSJN.US,D,20160115,000000,18.778,18.778,18.778,18.778,174,0
BSJN.US,D,20160119,000000,19.08,19.417,18.935,18.935,4815,0
BSJN.US,D,20160121,000000,19.002,19.002,18.858,18.858,2714,0
BSJN.US,D,20160122,000000,19.208,19.208,19.202,19.202,788,0
BSJN.US,D,20160125,000000,19.08,19.08,18.988,18.988,1046,0
BSJN.US,D,20160126,000000,19.114,19.17,19.114,19.17,1816,0
BSJN.US,D,20160127,000000,19.168,19.169,19.072,19.08,1233,0
BSJN.US,D,20160128,000000,19.322,19.322,19.161,19.291,3786,0
BSJN.US,D,20160129,000000,19.291,19.291,19.284,19.291,21658,0
BSJN.US,D,20160201,000000,19.249,19.249,19.22,19.22,685,0
BSJN.US,D,20160202,000000,19.119,19.119,19.076,19.107,1235,0
BSJN.US,D,20160203,000000,19.199,19.296,19.019,19.296,6619,0
BSJN.US,D,20160204,000000,19.217,19.217,19.176,19.184,11200,0
BSJN.US,D,20160208,000000,18.964,18.964,18.715,18.715,921,0
BSJN.US,D,20160209,000000,18.97,18.97,18.821,18.899,9630,0
BSJN.US,D,20160210,000000,18.914,18.914,18.838,18.838,5515,0
BSJN.US,D,20160211,000000,18.732,18.806,18.631,18.751,9402,0
BSJN.US,D,20160212,000000,18.955,18.979,18.955,18.964,13675,0
BSJN.US,D,20160216,000000,18.798,18.907,18.756,18.907,3811,0
BSJN.US,D,20160217,000000,19.119,19.199,19.119,19.199,3025,0
BSJN.US,D,20160218,000000,19.249,19.287,19.199,19.234,4602,0
BSJN.US,D,20160219,000000,19.206,19.227,19.206,19.227,2359,0
BSJN.US,D,20160223,000000,19.327,19.334,19.257,19.333,2294,0
BSJN.US,D,20160224,000000,19.227,19.227,19.184,19.184,1518,0
BSJN.US,D,20160225,000000,19.374,19.515,19.374,19.487,25745,0
BSJN.US,D,20160226,000000,19.598,19.598,19.549,19.549,6849,0
BSJN.US,D,20160229,000000,19.591,19.725,19.591,19.725,1222,0
BSJN.US,D,20160301,000000,19.947,19.979,19.939,19.979,72958,0
BSJN.US,D,20160302,000000,19.953,19.986,19.943,19.943,39647,0
BSJN.US,D,20160303,000000,19.853,19.853,19.853,19.853,1576,0
BSJN.US,D,20160304,000000,20.003,20.003,19.979,19.986,28052,0
BSJN.US,D,20160307,000000,20.058,20.066,20.043,20.05,83450,0
BSJN.US,D,20160308,000000,19.891,19.916,19.891,19.916,33359,0
BSJN.US,D,20160310,000000,20.066,20.084,20.008,20.047,1081,0
BSJN.US,D,20160311,000000,20.285,20.305,20.285,20.296,53694,0
BSJN.US,D,20160314,000000,20.151,20.159,20.151,20.159,18202,0
BSJN.US,D,20160315,000000,20.058,20.058,19.993,19.993,1635,0
BSJN.US,D,20160316,000000,20.035,20.275,19.963,20.225,60111,0
BSJN.US,D,20160317,000000,20.112,20.241,20.112,20.241,31633,0
BSJN.US,D,20160318,000000,20.268,20.268,20.232,20.232,14832,0
BSJN.US,D,20160321,000000,20.232,20.232,20.232,20.232,1549,0
BSJN.US,D,20160322,000000,20.173,20.175,20.137,20.137,7171,0
BSJN.US,D,20160323,000000,20.082,20.082,20.082,20.082,893,0
BSJN.US,D,20160324,000000,19.939,19.939,19.939,19.939,103,0
BSJN.US,D,20160328,000000,20.082,20.082,20.028,20.05,3594,0
BSJN.US,D,20160329,000000,20.009,20.023,19.979,20.023,12317,0
BSJN.US,D,20160330,000000,20.086,20.086,20.058,20.071,7106,0
BSJN.US,D,20160331,000000,20.127,20.199,20.112,20.132,11654,0
BSJN.US,D,20160401,000000,20.095,20.181,20.095,20.166,10971,0
BSJN.US,D,20160404,000000,20.165,20.165,20.114,20.123,3547,0
BSJN.US,D,20160405,000000,20.043,20.063,20.016,20.016,3235,0
BSJN.US,D,20160406,000000,20.133,20.181,20.124,20.156,46903,0
BSJN.US,D,20160407,000000,20.088,20.088,20.088,20.088,173,0
BSJN.US,D,20160408,000000,20.168,20.174,20.168,20.168,792,0
BSJN.US,D,20160411,000000,20.206,20.248,20.206,20.23,5008,0
BSJN.US,D,20160412,000000,20.218,20.218,20.218,20.218,228,0
BSJN.US,D,20160413,000000,20.358,20.358,20.358,20.358,7553,0
BSJN.US,D,20160415,000000,20.303,20.329,20.303,20.318,1163,0
BSJN.US,D,20160420,000000,20.487,20.527,20.45,20.52,38048,0
BSJN.US,D,20160421,000000,20.495,20.495,20.463,20.487,2132,0
BSJN.US,D,20160422,000000,20.487,20.487,20.448,20.471,770,0
BSJN.US,D,20160425,000000,20.48,20.48,20.431,20.431,5933,0
BSJN.US,D,20160426,000000,20.463,20.511,20.463,20.51,827,0
BSJN.US,D,20160427,000000,20.549,20.596,20.52,20.596,83649,0
BSJN.US,D,20160428,000000,20.549,20.601,20.549,20.581,1778,0
BSJN.US,D,20160429,000000,20.463,20.556,20.463,20.549,53621,0
BSJN.US,D,20160502,000000,20.603,20.603,20.603,20.603,731,0
BSJN.US,D,20160503,000000,20.479,20.519,20.479,20.519,906,0
BSJN.US,D,20160504,000000,20.46,20.46,20.46,20.46,351,0
BSJN.US,D,20160505,000000,20.526,20.526,20.435,20.436,5642,0
BSJN.US,D,20160506,000000,20.43,20.447,20.418,20.422,15804,0
BSJN.US,D,20160509,000000,20.389,20.389,20.346,20.346,9111,0
BSJN.US,D,20160510,000000,20.413,20.479,20.413,20.479,5532,0
BSJN.US,D,20160511,000000,20.519,20.519,20.47,20.47,274,0
BSJN.US,D,20160512,000000,20.47,20.519,20.463,20.519,6746,0
BSJN.US,D,20160513,000000,20.437,20.437,20.403,20.403,282,0
BSJN.US,D,20160516,000000,20.455,20.494,20.437,20.49,5110,0
BSJN.US,D,20160517,000000,20.413,20.494,20.413,20.467,29276,0
BSJN.US,D,20160518,000000,20.47,20.479,20.382,20.382,9148,0
BSJN.US,D,20160519,000000,20.343,20.382,20.343,20.382,9485,0
BSJN.US,D,20160520,000000,20.422,20.448,20.403,20.422,5657,0
BSJN.US,D,20160523,000000,20.447,20.494,20.447,20.47,5497,0
BSJN.US,D,20160524,000000,20.525,20.54,20.525,20.533,1820,0
BSJN.US,D,20160526,000000,20.54,20.54,20.533,20.533,693,0
BSJN.US,D,20160527,000000,20.511,20.511,20.502,20.502,6440,0
BSJN.US,D,20160531,000000,20.511,20.519,20.511,20.519,2613,0
BSJN.US,D,20160601,000000,20.454,20.473,20.454,20.473,2865,0
BSJN.US,D,20160602,000000,20.479,20.525,20.462,20.479,6550,0
BSJN.US,D,20160603,000000,20.533,20.533,20.526,20.533,2018,0
BSJN.US,D,20160606,000000,20.57,20.606,20.57,20.606,6574,0
BSJN.US,D,20160607,000000,20.647,20.715,20.647,20.698,2720,0
BSJN.US,D,20160608,000000,20.75,20.773,20.718,20.758,5207,0
BSJN.US,D,20160609,000000,20.698,20.698,20.673,20.673,1670,0
BSJN.US,D,20160610,000000,20.598,20.598,20.53,20.548,3389,0
BSJN.US,D,20160613,000000,20.548,20.573,20.494,20.494,75648,0
BSJN.US,D,20160614,000000,20.479,20.479,20.388,20.388,14899,0
BSJN.US,D,20160615,000000,20.514,20.514,20.388,20.403,127671,0
BSJN.US,D,20160616,000000,20.34,20.34,20.326,20.326,12838,0
BSJN.US,D,20160617,000000,20.47,20.47,20.47,20.47,402,0
BSJN.US,D,20160620,000000,20.648,20.648,20.648,20.648,410,0
BSJN.US,D,20160621,000000,20.556,20.655,20.556,20.655,2625,0
BSJN.US,D,20160622,000000,20.664,20.664,20.624,20.624,2524,0
BSJN.US,D,20160624,000000,20.362,20.519,20.362,20.371,182421,0
BSJN.US,D,20160627,000000,20.346,20.346,20.129,20.137,209598,0
BSJN.US,D,20160628,000000,20.429,20.429,20.388,20.422,33119,0
BSJN.US,D,20160629,000000,20.548,20.664,20.548,20.655,13939,0
BSJN.US,D,20160630,000000,20.628,20.702,20.621,20.702,193918,0
BSJN.US,D,20160701,000000,20.698,20.784,20.698,20.701,3711,0
BSJN.US,D,20160705,000000,20.726,20.726,20.639,20.685,52240,0
BSJN.US,D,20160706,000000,20.648,20.726,20.643,20.726,2160,0
BSJN.US,D,20160707,000000,20.833,20.833,20.775,20.775,801,0
BSJN.US,D,20160708,000000,20.963,21.09,20.963,21.09,25118,0
BSJN.US,D,20160711,000000,21.177,21.212,21.172,21.212,26429,0
BSJN.US,D,20160712,000000,21.308,21.308,21.229,21.229,2080,0
BSJN.US,D,20160713,000000,21.153,21.162,21.108,21.162,14541,0
BSJN.US,D,20160714,000000,21.206,21.214,21.206,21.214,368,0
BSJN.US,D,20160715,000000,21.162,21.198,21.162,21.198,264,0
BSJN.US,D,20160718,000000,21.172,21.222,21.145,21.222,45703,0
BSJN.US,D,20160719,000000,21.222,21.222,21.18,21.186,3025,0
BSJN.US,D,20160721,000000,21.29,21.29,21.261,21.29,1657,0
BSJN.US,D,20160722,000000,21.244,21.254,21.234,21.234,6002,0
BSJN.US,D,20160725,000000,21.247,21.254,21.191,21.22,11186,0
BSJN.US,D,20160726,000000,21.198,21.198,21.136,21.162,23041,0
BSJN.US,D,20160727,000000,21.198,21.198,21.19,21.198,1583,0
BSJN.US,D,20160728,000000,21.092,21.105,21.08,21.096,3863,0
BSJN.US,D,20160729,000000,21.092,21.092,21.083,21.083,538,0
BSJN.US,D,20160801,000000,21.018,21.018,21.018,21.018,273,0
BSJN.US,D,20160802,000000,21.058,21.058,20.978,21.01,5886,0
BSJN.US,D,20160803,000000,21.032,21.11,21.032,21.11,1530,0
BSJN.US,D,20160804,000000,21.21,21.256,21.21,21.25,13140,0
BSJN.US,D,20160805,000000,21.277,21.328,21.257,21.286,38765,0
BSJN.US,D,20160808,000000,21.312,21.367,21.312,21.359,5228,0
BSJN.US,D,20160810,000000,21.469,21.469,21.419,21.45,2031,0
BSJN.US,D,20160811,000000,21.419,21.499,21.419,21.493,2338,0
BSJN.US,D,20160812,000000,21.455,21.469,21.455,21.462,3379,0
BSJN.US,D,20160815,000000,21.546,21.546,21.536,21.536,1157,0
BSJN.US,D,20160816,000000,21.506,21.518,21.506,21.515,1326,0
BSJN.US,D,20160817,000000,21.522,21.546,21.499,21.531,6989,0
BSJN.US,D,20160818,000000,21.553,21.604,21.546,21.604,5853,0
BSJN.US,D,20160819,000000,21.586,21.586,21.56,21.577,4946,0
BSJN.US,D,20160822,000000,21.553,21.562,21.515,21.539,12612,0
BSJN.US,D,20160823,000000,21.604,21.604,21.589,21.603,8725,0
BSJN.US,D,20160824,000000,21.55,21.553,21.521,21.546,9770,0
BSJN.US,D,20160825,000000,21.553,21.613,21.553,21.613,13975,0
BSJN.US,D,20160826,000000,21.594,21.659,21.546,21.577,13131,0
BSJN.US,D,20160829,000000,21.663,21.663,21.658,21.658,2066,0
BSJN.US,D,20160830,000000,21.645,21.663,21.594,21.65,27704,0
BSJN.US,D,20160831,000000,21.64,21.64,21.546,21.569,9618,0
BSJN.US,D,20160901,000000,21.571,21.571,21.513,21.524,2643,0
BSJN.US,D,20160902,000000,21.652,21.688,21.652,21.652,34802,0
BSJN.US,D,20160906,000000,21.697,21.708,21.673,21.697,36597,0
BSJN.US,D,20160907,000000,21.697,21.697,21.663,21.682,4974,0
BSJN.US,D,20160908,000000,21.615,21.682,21.615,21.652,52720,0
BSJN.US,D,20160909,000000,21.555,21.555,21.413,21.413,8839,0
BSJN.US,D,20160912,000000,21.367,21.493,21.355,21.479,43821,0
BSJN.US,D,20160913,000000,21.421,21.421,21.278,21.278,9707,0
BSJN.US,D,20160914,000000,21.287,21.368,21.287,21.313,1152,0
BSJN.US,D,20160915,000000,21.359,21.421,21.359,21.421,999,0
BSJN.US,D,20160916,000000,21.368,21.404,21.347,21.395,4828,0
BSJN.US,D,20160919,000000,21.426,21.448,21.417,21.417,3698,0
BSJN.US,D,20160920,000000,21.421,21.44,21.385,21.385,36119,0
BSJN.US,D,20160921,000000,21.431,21.501,21.413,21.501,72939,0
BSJN.US,D,20160922,000000,21.607,21.624,21.54,21.588,68724,0
BSJN.US,D,20160923,000000,21.58,21.58,21.548,21.548,1524,0
BSJN.US,D,20160926,000000,21.493,21.493,21.493,21.493,298,0
BSJN.US,D,20160927,000000,21.431,21.524,21.431,21.513,2677,0
BSJN.US,D,20160928,000000,21.536,21.664,21.516,21.66,6072,0
BSJN.US,D,20160929,000000,21.638,21.652,21.508,21.508,13390,0
BSJN.US,D,20160930,000000,21.66,21.673,21.657,21.673,1594,0
BSJN.US,D,20161003,000000,21.654,21.674,21.626,21.661,2503,0
BSJN.US,D,20161004,000000,21.69,21.69,21.636,21.636,446,0
BSJN.US,D,20161005,000000,21.738,21.738,21.708,21.718,1684,0
BSJN.US,D,20161006,000000,21.684,21.715,21.684,21.715,317,0
BSJN.US,D,20161007,000000,21.738,21.738,21.654,21.722,2016,0
BSJN.US,D,20161010,000000,21.813,21.846,21.813,21.846,10890,0
BSJN.US,D,20161011,000000,21.804,21.804,21.699,21.699,2739,0
BSJN.US,D,20161012,000000,21.679,21.708,21.666,21.708,1078,0
BSJN.US,D,20161013,000000,21.626,21.668,21.612,21.655,2384,0
BSJN.US,D,20161014,000000,21.69,21.69,21.687,21.687,440,0
BSJN.US,D,20161017,000000,21.69,21.69,21.659,21.69,4721,0
BSJN.US,D,20161018,000000,21.738,21.77,21.722,21.77,5146,0
BSJN.US,D,20161019,000000,21.855,21.855,21.842,21.855,5594,0
BSJN.US,D,20161020,000000,21.804,21.823,21.78,21.813,12009,0
BSJN.US,D,20161021,000000,21.797,21.83,21.779,21.83,3159,0
BSJN.US,D,20161024,000000,21.838,21.846,21.813,21.846,7709,0
BSJN.US,D,20161025,000000,21.823,21.823,21.77,21.823,10755,0
BSJN.US,D,20161026,000000,21.738,21.838,21.734,21.748,8851,0
BSJN.US,D,20161027,000000,21.699,21.722,21.644,21.654,98895,0
BSJN.US,D,20161028,000000,21.654,21.666,21.537,21.556,19091,0
BSJN.US,D,20161031,000000,21.549,21.551,21.509,21.509,5549,0
BSJN.US,D,20161101,000000,21.49,21.49,21.344,21.424,120148,0
BSJN.US,D,20161102,000000,21.348,21.362,21.314,21.362,2884,0
BSJN.US,D,20161103,000000,21.414,21.414,21.34,21.344,2680,0
BSJN.US,D,20161104,000000,21.362,21.406,21.337,21.337,12600,0
BSJN.US,D,20161107,000000,21.489,21.572,21.489,21.566,36726,0
BSJN.US,D,20161108,000000,21.512,21.583,21.474,21.583,108218,0
BSJN.US,D,20161109,000000,21.424,21.535,21.424,21.496,84868,0
BSJN.US,D,20161110,000000,21.37,21.37,21.145,21.234,66542,0
BSJN.US,D,20161111,000000,21.149,21.149,20.915,20.915,3213,0
BSJN.US,D,20161114,000000,21.075,21.156,21.031,21.156,346255,0
BSJN.US,D,20161115,000000,21.279,21.353,21.269,21.353,8560,0
BSJN.US,D,20161116,000000,21.279,21.297,21.266,21.297,9137,0
BSJN.US,D,20161117,000000,21.322,21.337,21.259,21.259,33702,0
BSJN.US,D,20161118,000000,21.288,21.298,21.226,21.271,30198,0
BSJN.US,D,20161121,000000,21.344,21.366,21.337,21.366,8441,0
BSJN.US,D,20161122,000000,21.424,21.481,21.406,21.481,53969,0
BSJN.US,D,20161123,000000,21.416,21.416,21.406,21.414,1486,0
BSJN.US,D,20161125,000000,21.45,21.45,21.45,21.45,292,0
BSJN.US,D,20161128,000000,21.451,21.465,21.437,21.437,3248,0
BSJN.US,D,20161129,000000,21.38,21.451,21.38,21.414,49812,0
BSJN.US,D,20161130,000000,21.414,21.465,21.414,21.465,13438,0
BSJN.US,D,20161201,000000,21.406,21.432,21.379,21.414,35730,0
BSJN.US,D,20161202,000000,21.462,21.464,21.462,21.464,603,0
BSJN.US,D,20161205,000000,21.48,21.528,21.48,21.528,18096,0
BSJN.US,D,20161206,000000,21.535,21.618,21.535,21.618,741,0
BSJN.US,D,20161207,000000,21.669,21.774,21.662,21.743,105671,0
BSJN.US,D,20161208,000000,21.717,21.743,21.677,21.743,7102,0
BSJN.US,D,20161209,000000,21.733,21.776,21.715,21.734,43697,0
BSJN.US,D,20161212,000000,21.71,21.774,21.687,21.71,29905,0
BSJN.US,D,20161213,000000,21.726,21.808,21.726,21.808,11333,0
BSJN.US,D,20161214,000000,21.769,21.801,21.574,21.574,109202,0
BSJN.US,D,20161215,000000,21.594,21.648,21.584,21.638,42228,0
BSJN.US,D,20161216,000000,21.678,21.678,21.625,21.648,76735,0
BSJN.US,D,20161219,000000,21.71,21.758,21.704,21.758,187651,0
BSJN.US,D,20161220,000000,21.669,21.729,21.669,21.726,28297,0
BSJN.US,D,20161221,000000,21.751,21.774,21.704,21.774,52232,0
BSJN.US,D,20161222,000000,21.774,21.808,21.751,21.808,4382,0
BSJN.US,D,20161223,000000,21.774,21.819,21.774,21.813,13259,0
BSJN.US,D,20161227,000000,21.783,21.923,21.783,21.842,21469,0
BSJN.US,D,20161228,000000,21.804,21.855,21.804,21.846,12908,0
BSJN.US,D,20161229,000000,21.836,21.88,21.828,21.88,11592,0
BSJN.US,D,20161230,000000,21.839,21.872,21.824,21.863,2639,0
BSJN.US,D,20170103,000000,21.884,21.959,21.884,21.937,27727,0
BSJN.US,D,20170104,000000,22.011,22.07,21.994,22.07,7889,0
BSJN.US,D,20170105,000000,22.047,22.07,21.984,22.045,53221,0
BSJN.US,D,20170106,000000,22.02,22.061,21.999,22.061,2678,0
BSJN.US,D,20170109,000000,22.07,22.078,22.009,22.07,11929,0
BSJN.US,D,20170110,000000,22.11,22.125,22.078,22.078,4154,0
BSJN.US,D,20170111,000000,22.07,22.07,21.979,22.045,9043,0
BSJN.US,D,20170112,000000,22.07,22.07,21.988,22.061,13637,0
BSJN.US,D,20170113,000000,22.061,22.078,22.031,22.078,11618,0
BSJN.US,D,20170117,000000,22.078,22.085,22.047,22.078,15490,0
BSJN.US,D,20170118,000000,22.061,22.085,22.053,22.085,3031,0
BSJN.US,D,20170119,000000,22.085,22.085,22,22.011,7539,0
BSJN.US,D,20170120,000000,22.008,22.053,21.991,22.053,11224,0
BSJN.US,D,20170123,000000,22.035,22.078,22.012,22.078,7050,0
BSJN.US,D,20170124,000000,22.073,22.133,22.073,22.126,15487,0
BSJN.US,D,20170125,000000,22.126,22.138,22.118,22.138,7789,0
BSJN.US,D,20170126,000000,22.133,22.162,22.127,22.152,23079,0
BSJN.US,D,20170127,000000,22.171,22.179,22.126,22.178,5158,0
BSJN.US,D,20170130,000000,22.149,22.149,22.11,22.141,5878,0
BSJN.US,D,20170131,000000,22.101,22.11,22.078,22.085,7318,0
BSJN.US,D,20170201,000000,22.133,22.193,22.093,22.193,5566,0
BSJN.US,D,20170202,000000,22.186,22.217,22.154,22.217,5974,0
BSJN.US,D,20170203,000000,22.208,22.27,22.201,22.27,50226,0
BSJN.US,D,20170206,000000,22.226,22.27,22.226,22.27,4468,0
BSJN.US,D,20170207,000000,22.27,22.27,22.236,22.252,20155,0
BSJN.US,D,20170208,000000,22.217,22.252,22.193,22.236,26471,0
BSJN.US,D,20170209,000000,22.217,22.27,22.217,22.262,17023,0
BSJN.US,D,20170210,000000,22.236,22.27,22.236,22.27,25906,0
BSJN.US,D,20170213,000000,22.265,22.309,22.265,22.309,34445,0
BSJN.US,D,20170214,000000,22.252,22.302,22.226,22.302,28706,0
BSJN.US,D,20170215,000000,22.287,22.287,22.256,22.287,10118,0
BSJN.US,D,20170216,000000,22.287,22.287,22.252,22.279,20591,0
BSJN.US,D,20170217,000000,22.262,22.317,22.252,22.317,10420,0
BSJN.US,D,20170221,000000,22.309,22.359,22.3,22.333,45453,0
BSJN.US,D,20170222,000000,22.359,22.385,22.352,22.382,8173,0
BSJN.US,D,20170223,000000,22.397,22.433,22.376,22.411,13968,0
BSJN.US,D,20170224,000000,22.393,22.433,22.393,22.433,10194,0
BSJN.US,D,20170227,000000,22.442,22.468,22.428,22.468,4244,0
BSJN.US,D,20170228,000000,22.429,22.451,22.429,22.442,4719,0
BSJN.US,D,20170301,000000,22.537,22.549,22.512,22.537,29887,0
BSJN.US,D,20170302,000000,22.496,22.496,22.47,22.487,9984,0
BSJN.US,D,20170303,000000,22.47,22.47,22.419,22.453,24508,0
BSJN.US,D,20170306,000000,22.444,22.444,22.375,22.386,8781,0
BSJN.US,D,20170307,000000,22.295,22.31,22.243,22.253,27118,0
BSJN.US,D,20170308,000000,22.186,22.202,22.11,22.11,23879,0
BSJN.US,D,20170309,000000,22.009,22.077,21.993,22.051,46619,0
BSJN.US,D,20170310,000000,22.125,22.133,22.006,22.006,23253,0
BSJN.US,D,20170313,000000,22.009,22.069,21.934,22.035,162925,0
BSJN.US,D,20170314,000000,21.976,21.976,21.899,21.925,32340,0
BSJN.US,D,20170315,000000,22.002,22.125,21.982,22.125,161779,0
BSJN.US,D,20170316,000000,22.17,22.198,22.1,22.1,30845,0
BSJN.US,D,20170317,000000,22.125,22.173,22.118,22.133,10119,0
BSJN.US,D,20170320,000000,22.106,22.125,22.085,22.085,4749,0
BSJN.US,D,20170321,000000,22.178,22.178,21.958,21.966,6434,0
BSJN.US,D,20170322,000000,21.925,21.951,21.906,21.931,4475,0
BSJN.US,D,20170323,000000,22.006,22.016,21.992,21.992,3570,0
BSJN.US,D,20170324,000000,22.035,22.076,22.013,22.032,9057,0
BSJN.US,D,20170327,000000,22.043,22.06,22.032,22.06,59638,0
BSJN.US,D,20170328,000000,22.06,22.151,22.035,22.151,22539,0
BSJN.US,D,20170329,000000,22.178,22.253,22.178,22.253,30504,0
BSJN.US,D,20170330,000000,22.31,22.36,22.302,22.351,21716,0
BSJN.US,D,20170331,000000,22.306,22.362,22.306,22.344,3205,0
BSJN.US,D,20170403,000000,22.354,22.363,22.29,22.363,20296,0
BSJN.US,D,20170404,000000,22.337,22.354,22.281,22.354,3095,0
BSJN.US,D,20170405,000000,22.404,22.422,22.337,22.337,8219,0
BSJN.US,D,20170406,000000,22.337,22.372,22.337,22.352,7251,0
BSJN.US,D,20170407,000000,22.346,22.397,22.346,22.372,13104,0
BSJN.US,D,20170410,000000,22.422,22.438,22.411,22.422,6733,0
BSJN.US,D,20170411,000000,22.38,22.38,22.35,22.35,3472,0
BSJN.US,D,20170412,000000,22.363,22.363,22.337,22.363,10052,0
BSJN.US,D,20170413,000000,22.38,22.38,22.324,22.33,22250,0
BSJN.US,D,20170417,000000,22.372,22.372,22.346,22.346,10693,0
BSJN.US,D,20170418,000000,22.342,22.372,22.317,22.372,12220,0
BSJN.US,D,20170419,000000,22.397,22.397,22.33,22.33,9099,0
BSJN.US,D,20170420,000000,22.38,22.397,22.349,22.397,22952,0
BSJN.US,D,20170421,000000,22.389,22.389,22.363,22.38,7522,0
BSJN.US,D,20170424,000000,22.447,22.491,22.447,22.482,13345,0
BSJN.US,D,20170425,000000,22.516,22.532,22.495,22.532,7566,0
BSJN.US,D,20170426,000000,22.481,22.55,22.481,22.541,10740,0
BSJN.US,D,20170427,000000,22.499,22.516,22.473,22.516,8540,0
BSJN.US,D,20170428,000000,22.532,22.55,22.528,22.541,14549,0
BSJN.US,D,20170501,000000,22.569,22.569,22.543,22.552,8208,0
BSJN.US,D,20170502,000000,22.557,22.576,22.539,22.552,6305,0
BSJN.US,D,20170503,000000,22.576,22.576,22.547,22.56,12883,0
BSJN.US,D,20170504,000000,22.492,22.492,22.398,22.414,26617,0
BSJN.US,D,20170505,000000,22.423,22.475,22.423,22.475,7128,0
BSJN.US,D,20170508,000000,22.483,22.5,22.449,22.5,8022,0
BSJN.US,D,20170509,000000,22.509,22.518,22.465,22.5,9314,0
BSJN.US,D,20170510,000000,22.534,22.576,22.518,22.576,5898,0
BSJN.US,D,20170511,000000,22.56,22.584,22.551,22.584,14023,0
BSJN.US,D,20170512,000000,22.606,22.615,22.581,22.594,3073,0
BSJN.US,D,20170515,000000,22.658,22.683,22.649,22.683,23633,0
BSJN.US,D,20170516,000000,22.674,22.701,22.658,22.701,8593,0
BSJN.US,D,20170517,000000,22.64,22.649,22.606,22.606,8195,0
BSJN.US,D,20170518,000000,22.56,22.632,22.56,22.632,7044,0
BSJN.US,D,20170519,000000,22.64,22.667,22.64,22.667,15918,0
BSJN.US,D,20170522,000000,22.737,22.763,22.709,22.744,13549,0
BSJN.US,D,20170523,000000,22.771,22.781,22.744,22.754,20925,0
BSJN.US,D,20170524,000000,22.771,22.79,22.728,22.79,13618,0
BSJN.US,D,20170525,000000,22.798,22.813,22.758,22.781,10183,0
BSJN.US,D,20170526,000000,22.771,22.781,22.737,22.781,4081,0
BSJN.US,D,20170530,000000,22.763,22.79,22.749,22.768,6377,0
BSJN.US,D,20170531,000000,22.763,22.79,22.763,22.79,3699,0
BSJN.US,D,20170601,000000,22.8,22.823,22.792,22.823,78676,0
BSJN.US,D,20170602,000000,22.814,22.853,22.814,22.837,26847,0
BSJN.US,D,20170605,000000,22.844,22.844,22.806,22.814,12104,0
BSJN.US,D,20170606,000000,22.8,22.814,22.792,22.792,13970,0
BSJN.US,D,20170607,000000,22.782,22.782,22.717,22.717,4631,0
BSJN.US,D,20170608,000000,22.702,22.717,22.684,22.717,22836,0
BSJN.US,D,20170609,000000,22.73,22.73,22.677,22.684,8315,0
BSJN.US,D,20170612,000000,22.677,22.738,22.677,22.738,24461,0
BSJN.US,D,20170613,000000,22.742,22.792,22.742,22.792,30971,0
BSJN.US,D,20170614,000000,22.782,22.782,22.738,22.746,7764,0
BSJN.US,D,20170615,000000,22.703,22.711,22.668,22.702,11079,0
BSJN.US,D,20170616,000000,22.668,22.668,22.632,22.65,17605,0
BSJN.US,D,20170619,000000,22.684,22.738,22.684,22.73,48163,0
BSJN.US,D,20170620,000000,22.659,22.659,22.6,22.611,4777,0
BSJN.US,D,20170621,000000,22.608,22.615,22.456,22.456,17050,0
BSJN.US,D,20170622,000000,22.465,22.544,22.465,22.544,9246,0
BSJN.US,D,20170623,000000,22.544,22.585,22.544,22.585,8668,0
BSJN.US,D,20170626,000000,22.613,22.625,22.585,22.624,12729,0
BSJN.US,D,20170627,000000,22.641,22.659,22.596,22.596,5534,0
BSJN.US,D,20170628,000000,22.632,22.684,22.632,22.684,6055,0
BSJN.US,D,20170629,000000,22.668,22.694,22.59,22.616,13912,0
BSJN.US,D,20170630,000000,22.668,22.711,22.626,22.702,25657,0
BSJN.US,D,20170703,000000,22.73,22.73,22.694,22.709,4736,0
BSJN.US,D,20170705,000000,22.65,22.664,22.632,22.65,2837,0
BSJN.US,D,20170706,000000,22.65,22.659,22.62,22.624,7155,0
BSJN.US,D,20170707,000000,22.6,22.668,22.6,22.641,107802,0
BSJN.US,D,20170710,000000,22.659,22.659,22.593,22.641,14895,0
BSJN.US,D,20170711,000000,22.643,22.666,22.616,22.641,8208,0
BSJN.US,D,20170712,000000,22.702,22.73,22.702,22.715,13138,0
BSJN.US,D,20170713,000000,22.738,22.751,22.72,22.751,38358,0
BSJN.US,D,20170714,000000,22.787,22.815,22.787,22.815,36416,0
BSJN.US,D,20170717,000000,22.838,22.845,22.824,22.845,26642,0
BSJN.US,D,20170718,000000,22.871,22.871,22.832,22.871,14436,0
BSJN.US,D,20170719,000000,22.916,22.933,22.903,22.927,9376,0
BSJN.US,D,20170720,000000,22.916,22.949,22.916,22.924,2286,0
BSJN.US,D,20170721,000000,22.889,22.916,22.889,22.907,28493,0
BSJN.US,D,20170724,000000,22.907,22.942,22.897,22.942,9268,0
BSJN.US,D,20170725,000000,22.984,22.984,22.947,22.963,16228,0
BSJN.US,D,20170726,000000,22.97,23.002,22.97,23.002,4533,0
BSJN.US,D,20170727,000000,22.982,22.982,22.917,22.949,16148,0
BSJN.US,D,20170728,000000,22.942,22.949,22.915,22.946,2340,0
BSJN.US,D,20170731,000000,22.949,22.976,22.933,22.972,8381,0
BSJN.US,D,20170801,000000,22.984,22.993,22.949,22.967,21286,0
BSJN.US,D,20170802,000000,22.958,22.984,22.897,22.958,21048,0
BSJN.US,D,20170803,000000,22.958,22.958,22.889,22.916,8593,0
BSJN.US,D,20170804,000000,22.897,22.907,22.879,22.897,4661,0
BSJN.US,D,20170807,000000,22.916,22.924,22.897,22.916,18834,0
BSJN.US,D,20170808,000000,22.87,22.933,22.837,22.837,14092,0
BSJN.US,D,20170809,000000,22.795,22.795,22.75,22.764,11717,0
BSJN.US,D,20170810,000000,22.671,22.683,22.574,22.578,80618,0
BSJN.US,D,20170811,000000,22.658,22.658,22.599,22.648,8229,0
BSJN.US,D,20170814,000000,22.719,22.731,22.71,22.71,2847,0
BSJN.US,D,20170815,000000,22.72,22.729,22.71,22.729,10434,0
BSJN.US,D,20170816,000000,22.733,22.755,22.717,22.737,5915,0
BSJN.US,D,20170817,000000,22.683,22.683,22.63,22.63,7964,0
BSJN.US,D,20170818,000000,22.639,22.693,22.606,22.678,9621,0
BSJN.US,D,20170821,000000,22.693,22.701,22.622,22.683,21451,0
BSJN.US,D,20170822,000000,22.71,22.755,22.701,22.755,47362,0
BSJN.US,D,20170823,000000,22.719,22.764,22.719,22.764,44969,0
BSJN.US,D,20170824,000000,22.781,22.791,22.755,22.772,8990,0
BSJN.US,D,20170825,000000,22.791,22.837,22.791,22.831,9828,0
BSJN.US,D,20170828,000000,22.831,22.831,22.807,22.831,8256,0
BSJN.US,D,20170829,000000,22.807,22.844,22.799,22.844,18176,0
BSJN.US,D,20170830,000000,22.839,22.863,22.837,22.863,14278,0
BSJN.US,D,20170831,000000,22.887,22.907,22.872,22.907,82253,0
BSJN.US,D,20170901,000000,22.896,22.933,22.896,22.933,21815,0
BSJN.US,D,20170905,000000,22.933,22.933,22.877,22.918,19721,0
BSJN.US,D,20170906,000000,22.933,22.933,22.907,22.924,20981,0
BSJN.US,D,20170907,000000,22.924,22.933,22.916,22.916,20647,0
BSJN.US,D,20170908,000000,22.907,22.907,22.853,22.853,18995,0
BSJN.US,D,20170911,000000,22.924,22.945,22.921,22.924,15635,0
BSJN.US,D,20170912,000000,22.942,22.958,22.907,22.949,19610,0
BSJN.US,D,20170913,000000,22.949,22.958,22.924,22.958,20787,0
BSJN.US,D,20170914,000000,22.967,22.993,22.939,22.976,13642,0
BSJN.US,D,20170915,000000,22.984,23.002,22.972,23.002,7781,0
BSJN.US,D,20170918,000000,22.993,23.018,22.967,23.002,10621,0
BSJN.US,D,20170919,000000,22.996,23.028,22.993,23.018,7278,0
BSJN.US,D,20170920,000000,23.022,23.036,22.968,22.984,65614,0
BSJN.US,D,20170921,000000,22.991,23.018,22.968,23.002,5269,0
BSJN.US,D,20170922,000000,22.976,23.002,22.954,23.002,23243,0
BSJN.US,D,20170925,000000,23.028,23.046,23.01,23.046,5706,0
BSJN.US,D,20170926,000000,23.054,23.054,23.027,23.036,11945,0
BSJN.US,D,20170927,000000,23.046,23.069,23.033,23.062,15316,0
BSJN.US,D,20170928,000000,23.059,23.076,23.028,23.062,21501,0
BSJN.US,D,20170929,000000,23.083,23.083,23.061,23.083,6888,0
BSJN.US,D,20171002,000000,23.069,23.083,23.054,23.068,61121,0
BSJN.US,D,20171003,000000,23.062,23.102,23.046,23.092,47362,0
BSJN.US,D,20171004,000000,23.076,23.092,23.062,23.069,7763,0
BSJN.US,D,20171005,000000,23.083,23.111,23.069,23.111,19106,0
BSJN.US,D,20171006,000000,23.076,23.083,23.066,23.083,14225,0
BSJN.US,D,20171009,000000,23.076,23.121,23.069,23.092,19569,0
BSJN.US,D,20171010,000000,23.092,23.102,23.069,23.102,8315,0
BSJN.US,D,20171011,000000,23.102,23.102,23.082,23.102,12884,0
BSJN.US,D,20171012,000000,23.062,23.083,23.062,23.069,11609,0
BSJN.US,D,20171013,000000,23.076,23.076,23.062,23.069,11906,0
BSJN.US,D,20171016,000000,23.062,23.092,23.062,23.092,13528,0
BSJN.US,D,20171017,000000,23.102,23.149,23.092,23.14,11909,0
BSJN.US,D,20171018,000000,23.157,23.157,23.125,23.149,11243,0
BSJN.US,D,20171019,000000,23.157,23.185,23.121,23.176,12678,0
BSJN.US,D,20171020,000000,23.166,23.181,23.14,23.157,13667,0
BSJN.US,D,20171023,000000,23.166,23.193,23.149,23.157,13526,0
BSJN.US,D,20171024,000000,23.18,23.196,23.157,23.176,26087,0
BSJN.US,D,20171025,000000,23.149,23.149,23.069,23.121,19149,0
BSJN.US,D,20171026,000000,23.157,23.157,23.092,23.097,15995,0
BSJN.US,D,20171027,000000,23.111,23.14,23.092,23.121,26075,0
BSJN.US,D,20171030,000000,23.121,23.14,23.102,23.13,6902,0
BSJN.US,D,20171031,000000,23.111,23.14,23.111,23.14,2524,0
BSJN.US,D,20171101,000000,23.149,23.149,23.103,23.103,16206,0
BSJN.US,D,20171102,000000,23.121,23.121,23.076,23.097,5885,0
BSJN.US,D,20171103,000000,23.062,23.111,23.062,23.076,9507,0
BSJN.US,D,20171106,000000,23.076,23.083,23.054,23.07,13748,0
BSJN.US,D,20171107,000000,23.069,23.069,22.983,22.983,30509,0
BSJN.US,D,20171108,000000,22.982,22.982,22.915,22.915,11314,0
BSJN.US,D,20171109,000000,22.821,22.821,22.771,22.821,12118,0
BSJN.US,D,20171110,000000,22.829,22.869,22.829,22.869,8084,0
BSJN.US,D,20171113,000000,22.851,22.887,22.851,22.877,20731,0
BSJN.US,D,20171114,000000,22.816,22.816,22.76,22.778,78890,0
BSJN.US,D,20171115,000000,22.724,22.768,22.654,22.768,14099,0
BSJN.US,D,20171116,000000,22.877,22.966,22.843,22.966,38373,0
BSJN.US,D,20171117,000000,22.923,22.956,22.923,22.941,22973,0
BSJN.US,D,20171120,000000,22.971,22.971,22.941,22.948,8985,0
BSJN.US,D,20171121,000000,23.01,23.018,22.983,22.992,21841,0
BSJN.US,D,20171122,000000,23.018,23.042,23.007,23.042,11316,0
BSJN.US,D,20171124,000000,23.062,23.069,23.054,23.062,6671,0
BSJN.US,D,20171127,000000,23.062,23.069,23.028,23.028,17288,0
BSJN.US,D,20171128,000000,23.054,23.076,23.024,23.069,8590,0
BSJN.US,D,20171129,000000,23.069,23.069,23.022,23.062,11159,0
BSJN.US,D,20171130,000000,23.076,23.097,23.047,23.062,21787,0
BSJN.US,D,20171201,000000,23.083,23.083,22.948,23.076,22593,0
BSJN.US,D,20171204,000000,23.111,23.121,23.057,23.057,35799,0
BSJN.US,D,20171205,000000,23.083,23.083,23.034,23.054,17403,0
BSJN.US,D,20171206,000000,23.046,23.062,23.01,23.01,19112,0
BSJN.US,D,20171207,000000,23.036,23.036,22.992,23.01,44128,0
BSJN.US,D,20171208,000000,23.01,23.062,23.01,23.054,39408,0
BSJN.US,D,20171211,000000,23.054,23.076,23.046,23.076,32980,0
BSJN.US,D,20171212,000000,23.076,23.076,23.046,23.049,56904,0
BSJN.US,D,20171213,000000,23.076,23.076,23.046,23.046,18585,0
BSJN.US,D,20171214,000000,23.076,23.076,22.992,23.001,36322,0
BSJN.US,D,20171215,000000,23.046,23.046,23.01,23.018,31281,0
BSJN.US,D,20171218,000000,23.062,23.069,23.028,23.043,22963,0
BSJN.US,D,20171219,000000,23.046,23.046,23.001,23.027,28139,0
BSJN.US,D,20171220,000000,23.054,23.054,23.002,23.036,9493,0
BSJN.US,D,20171221,000000,23.028,23.062,23.028,23.042,5293,0
BSJN.US,D,20171222,000000,23.062,23.062,23.048,23.048,19001,0
BSJN.US,D,20171226,000000,23.083,23.102,23.069,23.102,11001,0
BSJN.US,D,20171227,000000,23.083,23.102,23.069,23.102,11719,0
BSJN.US,D,20171228,000000,23.102,23.102,23.062,23.062,18753,0
BSJN.US,D,20171229,000000,23.083,23.149,23.077,23.083,13146,0
BSJN.US,D,20180102,000000,23.13,23.156,23.111,23.156,33001,0
BSJN.US,D,20180103,000000,23.186,23.256,23.149,23.247,48646,0
BSJN.US,D,20180104,000000,23.256,23.295,23.256,23.286,32674,0
BSJN.US,D,20180105,000000,23.32,23.34,23.319,23.335,19344,0
BSJN.US,D,20180108,000000,23.34,23.358,23.323,23.35,66127,0
BSJN.US,D,20180109,000000,23.35,23.374,23.278,23.278,294558,0
BSJN.US,D,20180110,000000,23.263,23.286,23.228,23.286,77894,0
BSJN.US,D,20180111,000000,23.286,23.323,23.263,23.286,148744,0
BSJN.US,D,20180112,000000,23.256,23.313,23.247,23.27,28758,0
BSJN.US,D,20180116,000000,23.313,23.313,23.221,23.263,49125,0
BSJN.US,D,20180117,000000,23.278,23.278,23.202,23.228,83866,0
BSJN.US,D,20180118,000000,23.247,23.247,23.167,23.194,105371,0
BSJN.US,D,20180119,000000,23.186,23.202,23.159,23.191,45390,0
BSJN.US,D,20180122,000000,23.202,23.228,23.186,23.228,99459,0
BSJN.US,D,20180123,000000,23.278,23.286,23.221,23.278,147779,0
BSJN.US,D,20180124,000000,23.286,23.286,23.228,23.256,68423,0
BSJN.US,D,20180125,000000,23.295,23.295,23.234,23.256,16371,0
BSJN.US,D,20180126,000000,23.286,23.295,23.256,23.278,30785,0
BSJN.US,D,20180129,000000,23.256,23.256,23.202,23.202,18337,0
BSJN.US,D,20180130,000000,23.194,23.194,23.102,23.111,90748,0
BSJN.US,D,20180131,000000,23.167,23.167,23.124,23.14,22267,0
BSJN.US,D,20180201,000000,23.167,23.167,23.076,23.076,33867,0
BSJN.US,D,20180202,000000,23.045,23.045,22.928,22.938,53030,0
BSJN.US,D,20180205,000000,22.963,22.963,22.808,22.835,90347,0
BSJN.US,D,20180206,000000,22.763,22.973,22.763,22.937,97357,0
BSJN.US,D,20180207,000000,22.991,23.054,22.855,22.855,18337,0
BSJN.US,D,20180208,000000,22.928,22.928,22.664,22.664,115034,0
BSJN.US,D,20180209,000000,22.701,22.701,22.409,22.681,75836,0
BSJN.US,D,20180212,000000,22.717,22.803,22.681,22.753,20324,0
BSJN.US,D,20180213,000000,22.717,22.717,22.627,22.708,28107,0
BSJN.US,D,20180214,000000,22.636,22.727,22.636,22.708,22092,0
BSJN.US,D,20180215,000000,22.835,22.92,22.835,22.891,30658,0
BSJN.US,D,20180216,000000,22.928,22.991,22.923,22.991,22118,0
BSJN.US,D,20180220,000000,22.99,23,22.99,22.99,39601,0
BSJN.US,D,20180221,000000,23.009,23.017,22.873,22.883,19101,0
BSJN.US,D,20180222,000000,22.963,22.975,22.873,22.873,102460,0
BSJN.US,D,20180223,000000,22.92,23.009,22.873,23.009,28648,0
BSJN.US,D,20180226,000000,23.062,23.083,23.045,23.049,24696,0
BSJN.US,D,20180227,000000,23.027,23.036,22.945,22.973,21019,0
BSJN.US,D,20180228,000000,23.027,23.036,22.945,22.949,21921,0
BSJN.US,D,20180301,000000,22.963,22.963,22.882,22.92,18204,0
BSJN.US,D,20180302,000000,22.857,22.883,22.808,22.883,56429,0
BSJN.US,D,20180305,000000,22.883,22.938,22.873,22.92,24953,0
BSJN.US,D,20180306,000000,22.963,22.963,22.873,22.92,64651,0
BSJN.US,D,20180307,000000,22.891,22.891,22.826,22.826,55292,0
BSJN.US,D,20180308,000000,22.901,22.901,22.83,22.873,17149,0
BSJN.US,D,20180309,000000,22.932,22.991,22.924,22.991,22713,0
BSJN.US,D,20180312,000000,22.973,22.973,22.92,22.945,20553,0
BSJN.US,D,20180313,000000,22.963,22.963,22.84,22.883,29024,0
BSJN.US,D,20180314,000000,22.901,22.901,22.857,22.857,23611,0
BSJN.US,D,20180315,000000,22.891,22.911,22.84,22.883,84522,0
BSJN.US,D,20180316,000000,22.866,22.92,22.866,22.92,18588,0
BSJN.US,D,20180319,000000,22.873,22.873,22.808,22.848,34292,0
BSJN.US,D,20180320,000000,22.848,22.873,22.835,22.866,63153,0
BSJN.US,D,20180321,000000,22.866,22.873,22.84,22.866,20642,0
BSJN.US,D,20180322,000000,22.826,22.831,22.799,22.799,33883,0
BSJN.US,D,20180323,000000,22.835,22.848,22.717,22.726,43601,0
BSJN.US,D,20180326,000000,22.92,22.92,22.817,22.892,97411,0
BSJN.US,D,20180327,000000,22.873,22.886,22.817,22.826,19190,0
BSJN.US,D,20180328,000000,22.835,22.843,22.784,22.843,22854,0
BSJN.US,D,20180329,000000,22.891,22.928,22.866,22.908,26079,0
BSJN.US,D,20180402,000000,22.857,22.857,22.781,22.799,39611,0
BSJN.US,D,20180403,000000,22.902,22.902,22.84,22.866,15526,0
BSJN.US,D,20180404,000000,22.799,22.946,22.799,22.946,29334,0
BSJN.US,D,20180405,000000,22.974,23.01,22.964,22.992,9407,0
BSJN.US,D,20180406,000000,22.946,22.979,22.906,22.939,25177,0
BSJN.US,D,20180409,000000,23.001,23.028,22.982,23.001,11268,0
BSJN.US,D,20180410,000000,23.064,23.124,23.018,23.124,58755,0
BSJN.US,D,20180411,000000,23.124,23.133,23.071,23.109,22475,0
BSJN.US,D,20180412,000000,23.151,23.19,23.114,23.189,23894,0
BSJN.US,D,20180413,000000,23.18,23.232,23.18,23.203,21793,0
BSJN.US,D,20180416,000000,23.242,23.273,23.215,23.242,20940,0
BSJN.US,D,20180417,000000,23.274,23.3,23.25,23.25,43408,0
BSJN.US,D,20180418,000000,23.25,23.292,23.243,23.26,16113,0
BSJN.US,D,20180419,000000,23.18,23.19,23.143,23.18,21146,0
BSJN.US,D,20180420,000000,23.175,23.175,23.114,23.143,12791,0
BSJN.US,D,20180423,000000,23.143,23.143,23.054,23.071,58649,0
BSJN.US,D,20180424,000000,23.085,23.124,23.018,23.051,41062,0
BSJN.US,D,20180425,000000,23.085,23.085,23.01,23.071,53130,0
BSJN.US,D,20180426,000000,23.104,23.114,23.064,23.114,71171,0
BSJN.US,D,20180427,000000,23.104,23.124,23.085,23.095,7277,0
BSJN.US,D,20180430,000000,23.133,23.133,23.077,23.085,19841,0
BSJN.US,D,20180501,000000,23.114,23.124,23.055,23.114,99132,0
BSJN.US,D,20180502,000000,23.085,23.104,23.064,23.071,27978,0
BSJN.US,D,20180503,000000,23.095,23.096,23.064,23.093,7326,0
BSJN.US,D,20180504,000000,23.046,23.104,23.046,23.095,17925,0
BSJN.US,D,20180507,000000,23.124,23.143,23.085,23.094,27651,0
BSJN.US,D,20180508,000000,23.109,23.124,23.085,23.114,12427,0
BSJN.US,D,20180509,000000,23.133,23.161,23.104,23.161,21254,0
BSJN.US,D,20180510,000000,23.18,23.206,23.164,23.193,21459,0
BSJN.US,D,20180511,000000,23.198,23.215,23.175,23.19,10349,0
BSJN.US,D,20180514,000000,23.206,23.224,23.17,23.215,20318,0
BSJN.US,D,20180515,000000,23.17,23.17,23.114,23.12,16180,0
BSJN.US,D,20180516,000000,23.16,23.163,23.124,23.151,25076,0
BSJN.US,D,20180517,000000,23.124,23.17,23.124,23.151,13544,0
BSJN.US,D,20180518,000000,23.151,23.16,23.133,23.143,14278,0
BSJN.US,D,20180521,000000,23.18,23.18,23.143,23.154,35196,0
BSJN.US,D,20180522,000000,23.158,23.18,23.15,23.16,8642,0
BSJN.US,D,20180523,000000,23.151,23.179,23.137,23.17,27703,0
BSJN.US,D,20180524,000000,23.143,23.143,23.104,23.124,22428,0
BSJN.US,D,20180525,000000,23.151,23.151,23.124,23.128,11527,0
BSJN.US,D,20180529,000000,23.085,23.095,23.037,23.046,15171,0
BSJN.US,D,20180530,000000,23.104,23.133,23.09,23.114,17924,0
BSJN.US,D,20180531,000000,23.104,23.114,23.085,23.104,12546,0
BSJN.US,D,20180601,000000,23.151,23.16,23.124,23.129,13123,0
BSJN.US,D,20180604,000000,23.18,23.197,23.159,23.19,15091,0
BSJN.US,D,20180605,000000,23.197,23.224,23.19,23.224,15220,0
BSJN.US,D,20180606,000000,23.215,23.269,23.197,23.269,37174,0
BSJN.US,D,20180607,000000,23.252,23.261,23.244,23.261,28355,0
BSJN.US,D,20180608,000000,23.224,23.302,23.224,23.276,32428,0
BSJN.US,D,20180611,000000,23.311,23.33,23.289,23.311,9369,0
BSJN.US,D,20180612,000000,23.293,23.331,23.285,23.32,17778,0
BSJN.US,D,20180613,000000,23.348,23.392,23.334,23.392,58886,0
BSJN.US,D,20180614,000000,23.44,23.456,23.417,23.453,25066,0
BSJN.US,D,20180615,000000,23.392,23.449,23.392,23.444,9958,0
BSJN.US,D,20180618,000000,23.429,23.439,23.392,23.439,13014,0
BSJN.US,D,20180619,000000,23.367,23.401,23.367,23.398,14293,0
BSJN.US,D,20180620,000000,23.448,23.448,23.427,23.439,17647,0
BSJN.US,D,20180621,000000,23.421,23.45,23.421,23.439,18184,0
BSJN.US,D,20180622,000000,23.439,23.461,23.439,23.456,31153,0
BSJN.US,D,20180625,000000,23.411,23.411,23.383,23.401,18448,0
BSJN.US,D,20180626,000000,23.373,23.387,23.373,23.383,8455,0
BSJN.US,D,20180627,000000,23.348,23.383,23.322,23.348,47316,0
BSJN.US,D,20180628,000000,23.293,23.293,23.234,23.276,163793,0
BSJN.US,D,20180629,000000,23.285,23.285,23.229,23.229,15902,0
BSJN.US,D,20180702,000000,23.276,23.276,23.244,23.261,39744,0
BSJN.US,D,20180703,000000,23.269,23.269,23.234,23.252,20996,0
BSJN.US,D,20180705,000000,23.285,23.302,23.275,23.302,23967,0
BSJN.US,D,20180706,000000,23.302,23.338,23.293,23.338,30617,0
BSJN.US,D,20180709,000000,23.321,23.356,23.321,23.356,31639,0
BSJN.US,D,20180710,000000,23.384,23.393,23.356,23.393,12737,0
BSJN.US,D,20180711,000000,23.384,23.384,23.356,23.356,13092,0
BSJN.US,D,20180712,000000,23.402,23.44,23.393,23.43,26430,0
BSJN.US,D,20180713,000000,23.422,23.43,23.406,23.422,17374,0
BSJN.US,D,20180716,000000,23.422,23.422,23.374,23.407,14358,0
BSJN.US,D,20180717,000000,23.402,23.44,23.398,23.435,19098,0
BSJN.US,D,20180718,000000,23.43,23.44,23.416,23.435,11532,0
BSJN.US,D,20180719,000000,23.43,23.436,23.412,23.43,15175,0
BSJN.US,D,20180720,000000,23.427,23.44,23.421,23.436,13758,0
BSJN.US,D,20180723,000000,23.457,23.457,23.435,23.445,12849,0
BSJN.US,D,20180724,000000,23.457,23.492,23.447,23.492,12742,0
BSJN.US,D,20180725,000000,23.51,23.528,23.47,23.5,23811,0
BSJN.US,D,20180726,000000,23.51,23.538,23.5,23.538,26891,0
BSJN.US,D,20180727,000000,23.528,23.538,23.474,23.5,49764,0
BSJN.US,D,20180730,000000,23.492,23.556,23.492,23.556,17814,0
BSJN.US,D,20180731,000000,23.561,23.583,23.535,23.583,12854,0
BSJN.US,D,20180801,000000,23.573,23.595,23.558,23.59,15811,0
BSJN.US,D,20180802,000000,23.563,23.609,23.546,23.595,37953,0
BSJN.US,D,20180803,000000,23.609,23.638,23.59,23.638,12435,0
BSJN.US,D,20180806,000000,23.638,23.646,23.6,23.633,22519,0
BSJN.US,D,20180807,000000,23.646,23.681,23.646,23.673,7581,0
BSJN.US,D,20180808,000000,23.681,23.681,23.629,23.629,41080,0
BSJN.US,D,20180809,000000,23.665,23.665,23.619,23.64,32859,0
BSJN.US,D,20180810,000000,23.629,23.629,23.583,23.624,28749,0
BSJN.US,D,20180813,000000,23.6,23.609,23.583,23.6,21322,0
BSJN.US,D,20180814,000000,23.59,23.609,23.547,23.588,99144,0
BSJN.US,D,20180815,000000,23.583,23.619,23.551,23.573,15717,0
BSJN.US,D,20180816,000000,23.59,23.593,23.556,23.59,21586,0
BSJN.US,D,20180817,000000,23.6,23.619,23.556,23.6,12614,0
BSJN.US,D,20180820,000000,23.646,23.665,23.583,23.646,33133,0
BSJN.US,D,20180821,000000,23.646,23.665,23.646,23.657,30496,0
BSJN.US,D,20180822,000000,23.655,23.681,23.655,23.677,16614,0
BSJN.US,D,20180823,000000,23.673,23.693,23.665,23.665,27857,0
BSJN.US,D,20180824,000000,23.675,23.699,23.673,23.675,33861,0
BSJN.US,D,20180827,000000,23.727,23.727,23.681,23.699,17595,0
BSJN.US,D,20180828,000000,23.707,23.737,23.681,23.717,39868,0
BSJN.US,D,20180829,000000,23.727,23.727,23.699,23.699,34274,0
BSJN.US,D,20180830,000000,23.665,23.717,23.655,23.69,36736,0
BSJN.US,D,20180831,000000,23.655,23.737,23.655,23.727,56675,0
BSJN.US,D,20180904,000000,23.707,23.707,23.655,23.678,33300,0
BSJN.US,D,20180905,000000,23.699,23.699,23.673,23.681,37572,0
BSJN.US,D,20180906,000000,23.69,23.69,23.638,23.655,27224,0
BSJN.US,D,20180907,000000,23.619,23.672,23.619,23.646,16080,0
BSJN.US,D,20180910,000000,23.619,23.665,23.619,23.655,14972,0
BSJN.US,D,20180911,000000,23.665,23.665,23.638,23.665,13345,0
BSJN.US,D,20180912,000000,23.681,23.707,23.646,23.699,22480,0
BSJN.US,D,20180913,000000,23.727,23.76,23.715,23.745,20785,0
BSJN.US,D,20180914,000000,23.727,23.761,23.727,23.745,15684,0
BSJN.US,D,20180917,000000,23.727,23.771,23.7,23.753,11723,0
BSJN.US,D,20180918,000000,23.753,23.799,23.745,23.762,19507,0
BSJN.US,D,20180919,000000,23.789,23.789,23.753,23.771,92219,0
BSJN.US,D,20180920,000000,23.789,23.789,23.753,23.781,38059,0
BSJN.US,D,20180921,000000,23.799,23.799,23.762,23.765,45797,0
BSJN.US,D,20180924,000000,23.809,23.809,23.753,23.771,31492,0
BSJN.US,D,20180925,000000,23.789,23.789,23.707,23.762,12955,0
BSJN.US,D,20180926,000000,23.753,23.799,23.747,23.789,16542,0
BSJN.US,D,20180927,000000,23.799,23.809,23.753,23.799,43349,0
BSJN.US,D,20180928,000000,23.789,23.837,23.762,23.828,19822,0
BSJN.US,D,20181001,000000,23.891,23.891,23.845,23.864,18572,0
BSJN.US,D,20181002,000000,23.845,23.901,23.845,23.845,27256,0
BSJN.US,D,20181003,000000,23.918,23.918,23.828,23.877,71794,0
BSJN.US,D,20181004,000000,23.874,23.874,23.717,23.799,69104,0
BSJN.US,D,20181005,000000,23.707,23.745,23.654,23.685,15342,0
BSJN.US,D,20181008,000000,23.737,23.737,23.673,23.699,16363,0
BSJN.US,D,20181009,000000,23.681,23.681,23.633,23.664,34342,0
BSJN.US,D,20181010,000000,23.654,23.654,23.472,23.472,23025,0
BSJN.US,D,20181011,000000,23.482,23.572,23.482,23.54,33664,0
BSJN.US,D,20181012,000000,23.681,23.681,23.546,23.598,72000,0
BSJN.US,D,20181015,000000,23.645,23.645,23.585,23.628,7009,0
BSJN.US,D,20181016,000000,23.673,23.673,23.611,23.673,28641,0
BSJN.US,D,20181017,000000,23.681,23.69,23.599,23.645,20372,0
BSJN.US,D,20181018,000000,23.638,23.638,23.553,23.562,9930,0
BSJN.US,D,20181019,000000,23.608,23.608,23.491,23.567,10129,0
BSJN.US,D,20181022,000000,23.628,23.628,23.537,23.57,39524,0
BSJN.US,D,20181023,000000,23.482,23.546,23.431,23.546,102112,0
BSJN.US,D,20181024,000000,23.572,23.572,23.408,23.408,20141,0
BSJN.US,D,20181025,000000,23.398,23.482,23.398,23.463,34853,0
BSJN.US,D,20181026,000000,23.398,23.398,23.343,23.371,86022,0
BSJN.US,D,20181029,000000,23.408,23.413,23.302,23.343,14385,0
BSJN.US,D,20181030,000000,23.38,23.384,23.285,23.353,14195,0
BSJN.US,D,20181031,000000,23.418,23.418,23.375,23.396,8449,0
BSJN.US,D,20181101,000000,23.445,23.482,23.417,23.459,16967,0
BSJN.US,D,20181102,000000,23.445,23.491,23.436,23.472,33827,0
BSJN.US,D,20181105,000000,23.472,23.509,23.446,23.5,19166,0
BSJN.US,D,20181106,000000,23.491,23.555,23.491,23.527,20167,0
BSJN.US,D,20181107,000000,23.572,23.664,23.572,23.664,47923,0
BSJN.US,D,20181108,000000,23.608,23.654,23.577,23.599,35270,0
BSJN.US,D,20181109,000000,23.562,23.562,23.454,23.491,45104,0
BSJN.US,D,20181112,000000,23.427,23.427,23.334,23.343,20616,0
BSJN.US,D,20181113,000000,23.389,23.398,23.297,23.301,30981,0
BSJN.US,D,20181114,000000,23.353,23.371,23.229,23.281,29178,0
BSJN.US,D,20181115,000000,23.162,23.289,23.124,23.289,33035,0
BSJN.US,D,20181116,000000,23.218,23.218,23.115,23.162,64047,0
BSJN.US,D,20181119,000000,23.192,23.192,23.087,23.117,33784,0
BSJN.US,D,20181120,000000,23.105,23.115,23.045,23.063,32754,0
BSJN.US,D,20181121,000000,23.162,23.255,23.162,23.18,19203,0
BSJN.US,D,20181123,000000,23.227,23.227,23.152,23.208,71839,0
BSJN.US,D,20181126,000000,23.298,23.298,23.198,23.227,20764,0
BSJN.US,D,20181127,000000,23.105,23.133,23.055,23.115,12743,0
BSJN.US,D,20181128,000000,23.182,23.293,23.129,23.282,27624,0
BSJN.US,D,20181129,000000,23.317,23.362,23.241,23.241,88015,0
BSJN.US,D,20181130,000000,23.227,23.246,23.182,23.198,12048,0
BSJN.US,D,20181203,000000,23.298,23.332,23.263,23.317,49581,0
BSJN.US,D,20181204,000000,23.327,23.327,23.172,23.172,39346,0
BSJN.US,D,20181206,000000,23.144,23.198,23.054,23.198,50895,0
BSJN.US,D,20181207,000000,23.198,23.246,23.078,23.124,15716,0
BSJN.US,D,20181210,000000,23.152,23.152,23.045,23.101,57744,0
BSJN.US,D,20181211,000000,23.246,23.246,23.148,23.192,17494,0
BSJN.US,D,20181212,000000,23.255,23.282,23.222,23.223,20569,0
BSJN.US,D,20181213,000000,23.371,23.371,23.238,23.277,21089,0
BSJN.US,D,20181214,000000,23.255,23.29,23.172,23.227,23641,0
BSJN.US,D,20181217,000000,23.152,23.196,23.073,23.073,11814,0
BSJN.US,D,20181218,000000,23.152,23.152,22.997,23.007,67029,0
BSJN.US,D,20181219,000000,23.035,23.062,22.76,22.809,21747,0
BSJN.US,D,20181220,000000,22.906,22.906,22.495,22.633,29606,0
BSJN.US,D,20181221,000000,22.628,22.657,22.504,22.54,36894,0
BSJN.US,D,20181224,000000,22.484,22.513,22.364,22.376,36932,0
BSJN.US,D,20181226,000000,22.334,22.662,22.299,22.662,31768,0
BSJN.US,D,20181227,000000,22.603,22.666,22.532,22.638,44910,0
BSJN.US,D,20181228,000000,22.611,22.742,22.576,22.638,84371,0
BSJN.US,D,20181231,000000,22.752,22.752,22.686,22.742,86870,0
BSJN.US,D,20190102,000000,22.576,22.719,22.566,22.676,66587,0
BSJN.US,D,20190103,000000,22.648,22.658,22.546,22.595,70464,0
BSJN.US,D,20190104,000000,22.809,23.01,22.809,22.973,69148,0
BSJN.US,D,20190107,000000,23.029,23.228,23.029,23.223,52132,0
BSJN.US,D,20190108,000000,23.243,23.406,23.233,23.406,35210,0
BSJN.US,D,20190109,000000,23.399,23.471,23.378,23.437,41327,0
BSJN.US,D,20190110,000000,23.435,23.563,23.387,23.563,98085,0
BSJN.US,D,20190111,000000,23.491,23.527,23.435,23.519,41845,0
BSJN.US,D,20190114,000000,23.454,23.499,23.401,23.416,122845,0
BSJN.US,D,20190115,000000,23.387,23.546,23.387,23.537,53280,0
BSJN.US,D,20190116,000000,23.546,23.573,23.499,23.556,94132,0
BSJN.US,D,20190117,000000,23.563,23.646,23.509,23.6,83133,0
BSJN.US,D,20190118,000000,23.675,23.701,23.6,23.684,31902,0
BSJN.US,D,20190122,000000,23.666,23.666,23.526,23.619,50392,0
BSJN.US,D,20190123,000000,23.693,23.693,23.481,23.619,55561,0
BSJN.US,D,20190124,000000,23.609,23.638,23.572,23.619,36022,0
BSJN.US,D,20190125,000000,23.684,23.711,23.638,23.693,75342,0
BSJN.US,D,20190128,000000,23.638,23.656,23.555,23.646,81182,0
BSJN.US,D,20190129,000000,23.656,23.673,23.582,23.639,48102,0
BSJN.US,D,20190130,000000,23.656,23.805,23.609,23.795,91449,0
BSJN.US,D,20190131,000000,23.765,23.87,23.752,23.805,89228,0
BSJN.US,D,20190201,000000,23.842,23.861,23.778,23.842,63382,0
BSJN.US,D,20190204,000000,23.851,23.925,23.805,23.925,28298,0
BSJN.US,D,20190205,000000,23.925,24.026,23.871,24.016,115133,0
BSJN.US,D,20190206,000000,23.971,24.007,23.954,23.971,34928,0
BSJN.US,D,20190207,000000,23.916,23.925,23.81,23.907,71516,0
BSJN.US,D,20190208,000000,23.879,23.898,23.814,23.898,62236,0
BSJN.US,D,20190211,000000,23.879,23.925,23.804,23.879,82936,0
BSJN.US,D,20190212,000000,23.916,24.026,23.916,24.016,79906,0
BSJN.US,D,20190213,000000,24.016,24.026,23.954,24.007,139153,0
BSJN.US,D,20190214,000000,23.954,23.98,23.916,23.98,68750,0
BSJN.US,D,20190215,000000,23.971,24.03,23.971,24.026,78460,0
BSJN.US,D,20190219,000000,24.016,24.071,23.979,24.026,63767,0
BSJN.US,D,20190220,000000,24.083,24.101,24.007,24.093,58759,0
BSJN.US,D,20190221,000000,24.101,24.111,24.036,24.05,30079,0
BSJN.US,D,20190222,000000,24.111,24.14,24.075,24.14,99362,0
BSJN.US,D,20190225,000000,24.177,24.186,24.111,24.177,54647,0
BSJN.US,D,20190226,000000,24.177,24.203,24.111,24.186,87552,0
BSJN.US,D,20190227,000000,24.193,24.212,24.134,24.186,116494,0
BSJN.US,D,20190228,000000,24.186,24.203,24.13,24.193,30875,0
BSJN.US,D,20190301,000000,24.222,24.25,24.192,24.203,51581,0
BSJN.US,D,20190304,000000,24.23,24.268,24.16,24.222,110081,0
BSJN.US,D,20190305,000000,24.222,24.23,24.186,24.217,38151,0
BSJN.US,D,20190306,000000,24.15,24.186,24.075,24.101,141722,0
BSJN.US,D,20190307,000000,24.17,24.17,24.065,24.091,81191,0
BSJN.US,D,20190308,000000,24.065,24.093,23.998,24.056,49416,0
BSJN.US,D,20190311,000000,24.083,24.15,24.083,24.14,47990,0
BSJN.US,D,20190312,000000,24.12,24.177,24.083,24.15,154541,0
BSJN.US,D,20190313,000000,24.186,24.222,24.17,24.193,42196,0
BSJN.US,D,20190314,000000,24.203,24.212,24.16,24.211,52732,0
BSJN.US,D,20190315,000000,24.23,24.269,24.177,24.177,67873,0
BSJN.US,D,20190318,000000,24.212,24.269,24.194,24.269,42748,0
BSJN.US,D,20190319,000000,24.269,24.284,24.203,24.203,65856,0
BSJN.US,D,20190320,000000,24.23,24.346,24.179,24.328,100131,0
BSJN.US,D,20190321,000000,24.299,24.346,24.259,24.328,80949,0
BSJN.US,D,20190322,000000,24.299,24.299,24.194,24.232,41944,0
BSJN.US,D,20190325,000000,24.222,24.279,24.203,24.274,102566,0
BSJN.US,D,20190326,000000,24.289,24.328,24.25,24.289,87302,0
BSJN.US,D,20190327,000000,24.318,24.328,24.207,24.299,57530,0
BSJN.US,D,20190328,000000,24.299,24.318,24.25,24.318,62635,0
BSJN.US,D,20190329,000000,24.336,24.382,24.289,24.365,99324,0
BSJN.US,D,20190401,000000,24.365,24.411,24.328,24.391,50151,0
BSJN.US,D,20190402,000000,24.391,24.401,24.299,24.401,101276,0
BSJN.US,D,20190403,000000,24.411,24.417,24.309,24.355,99817,0
BSJN.US,D,20190404,000000,24.382,24.43,24.338,24.365,67716,0
BSJN.US,D,20190405,000000,24.438,24.465,24.355,24.438,47694,0
BSJN.US,D,20190408,000000,24.391,24.465,24.391,24.401,103018,0
BSJN.US,D,20190409,000000,24.456,24.465,24.421,24.431,144742,0
BSJN.US,D,20190410,000000,24.484,24.494,24.401,24.494,45008,0
BSJN.US,D,20190411,000000,24.551,24.551,24.456,24.541,70547,0
BSJN.US,D,20190412,000000,24.561,24.561,24.484,24.551,59379,0
BSJN.US,D,20190415,000000,24.561,24.58,24.522,24.551,183417,0
BSJN.US,D,20190416,000000,24.561,24.571,24.508,24.561,62195,0
BSJN.US,D,20190417,000000,24.571,24.571,24.471,24.522,89898,0
BSJN.US,D,20190418,000000,24.561,24.561,24.446,24.522,93471,0
BSJN.US,D,20190422,000000,24.532,24.532,24.451,24.484,95920,0
BSJN.US,D,20190423,000000,24.522,24.541,24.456,24.541,79411,0
BSJN.US,D,20190424,000000,24.532,24.549,24.513,24.522,32451,0
BSJN.US,D,20190425,000000,24.522,24.551,24.484,24.541,78608,0
BSJN.US,D,20190426,000000,24.571,24.58,24.528,24.561,45883,0
BSJN.US,D,20190429,000000,24.571,24.589,24.522,24.571,333814,0
BSJN.US,D,20190430,000000,24.571,24.597,24.551,24.58,80755,0
BSJN.US,D,20190501,000000,24.571,24.607,24.516,24.551,95718,0
BSJN.US,D,20190502,000000,24.494,24.561,24.492,24.513,90174,0
BSJN.US,D,20190503,000000,24.571,24.597,24.504,24.589,79133,0
BSJN.US,D,20190506,000000,24.532,24.607,24.522,24.589,54851,0
BSJN.US,D,20190507,000000,24.551,24.551,24.406,24.494,97555,0
BSJN.US,D,20190508,000000,24.493,24.541,24.468,24.504,92550,0
BSJN.US,D,20190509,000000,24.4,24.494,24.39,24.494,35414,0
BSJN.US,D,20190510,000000,24.504,24.541,24.39,24.465,56989,0
BSJN.US,D,20190513,000000,24.474,24.474,24.39,24.425,25873,0
BSJN.US,D,20190514,000000,24.446,24.484,24.43,24.434,64391,0
BSJN.US,D,20190515,000000,24.438,24.474,24.345,24.431,43180,0
BSJN.US,D,20190516,000000,24.484,24.551,24.452,24.522,109259,0
BSJN.US,D,20190517,000000,24.484,24.532,24.426,24.474,60278,0
BSJN.US,D,20190520,000000,24.456,24.541,24.446,24.504,78035,0
BSJN.US,D,20190521,000000,24.522,24.541,24.466,24.522,29772,0
BSJN.US,D,20190522,000000,24.541,24.561,24.465,24.545,30830,0
BSJN.US,D,20190523,000000,24.484,24.484,24.372,24.474,66007,0
BSJN.US,D,20190524,000000,24.494,24.494,24.41,24.446,88493,0
BSJN.US,D,20190528,000000,24.484,24.504,24.4,24.474,67497,0
BSJN.US,D,20190529,000000,24.438,24.446,24.344,24.395,61461,0
BSJN.US,D,20190530,000000,24.43,24.438,24.344,24.438,63115,0
BSJN.US,D,20190531,000000,24.39,24.41,24.307,24.354,78683,0
BSJN.US,D,20190603,000000,24.381,24.381,24.257,24.363,63249,0
BSJN.US,D,20190604,000000,24.372,24.456,24.326,24.456,55726,0
BSJN.US,D,20190605,000000,24.456,24.484,24.39,24.484,46608,0
BSJN.US,D,20190606,000000,24.39,24.504,24.39,24.484,59596,0
BSJN.US,D,20190607,000000,24.561,24.598,24.485,24.581,57690,0
BSJN.US,D,20190610,000000,24.598,24.612,24.581,24.59,43007,0
BSJN.US,D,20190611,000000,24.646,24.674,24.581,24.633,74234,0
BSJN.US,D,20190612,000000,24.608,24.617,24.581,24.598,106135,0
BSJN.US,D,20190613,000000,24.627,24.656,24.608,24.617,80820,0
BSJN.US,D,20190614,000000,24.608,24.656,24.581,24.59,86893,0
BSJN.US,D,20190617,000000,24.581,24.656,24.581,24.627,46450,0
BSJN.US,D,20190618,000000,24.636,24.711,24.598,24.608,96507,0
BSJN.US,D,20190619,000000,24.721,24.778,24.646,24.778,32393,0
BSJN.US,D,20190620,000000,24.778,24.92,24.778,24.825,51491,0
BSJN.US,D,20190621,000000,24.806,24.853,24.748,24.768,43989,0
BSJN.US,D,20190624,000000,24.788,24.834,24.768,24.806,74252,0
BSJN.US,D,20190625,000000,24.825,24.826,24.739,24.739,41244,0
BSJN.US,D,20190626,000000,24.816,24.816,24.693,24.693,60112,0
BSJN.US,D,20190627,000000,24.778,24.816,24.703,24.795,34625,0
BSJN.US,D,20190628,000000,24.825,24.825,24.711,24.711,106111,0
BSJN.US,D,20190701,000000,24.778,24.892,24.729,24.739,81063,0
BSJN.US,D,20190702,000000,24.843,24.882,24.739,24.882,74768,0
BSJN.US,D,20190703,000000,24.788,24.888,24.788,24.873,16207,0
BSJN.US,D,20190705,000000,24.778,24.843,24.729,24.788,34784,0
BSJN.US,D,20190708,000000,24.834,24.836,24.768,24.833,51976,0
BSJN.US,D,20190709,000000,24.825,24.833,24.758,24.758,76306,0
BSJN.US,D,20190710,000000,24.843,24.863,24.768,24.768,52968,0
BSJN.US,D,20190711,000000,24.843,24.849,24.729,24.797,88136,0
BSJN.US,D,20190712,000000,24.739,24.819,24.729,24.797,54029,0
BSJN.US,D,20190715,000000,24.834,24.853,24.768,24.834,63014,0
BSJN.US,D,20190716,000000,24.768,24.853,24.758,24.758,65070,0
BSJN.US,D,20190717,000000,24.778,24.778,24.729,24.748,74822,0
BSJN.US,D,20190718,000000,24.778,24.834,24.721,24.834,74986,0
BSJN.US,D,20190719,000000,24.816,24.816,24.729,24.738,79811,0
BSJN.US,D,20190722,000000,24.768,24.768,24.721,24.748,48609,0
BSJN.US,D,20190723,000000,24.748,24.854,24.748,24.854,78407,0
BSJN.US,D,20190724,000000,24.854,24.864,24.788,24.864,84161,0
BSJN.US,D,20190725,000000,24.883,24.883,24.764,24.806,46967,0
BSJN.US,D,20190726,000000,24.854,24.873,24.769,24.844,58567,0
BSJN.US,D,20190729,000000,24.797,24.873,24.797,24.873,54510,0
BSJN.US,D,20190730,000000,24.864,24.864,24.806,24.844,78386,0
BSJN.US,D,20190731,000000,24.893,24.893,24.768,24.834,47385,0
BSJN.US,D,20190801,000000,24.758,24.893,24.758,24.788,65945,0
BSJN.US,D,20190802,000000,24.816,24.834,24.758,24.834,69308,0
BSJN.US,D,20190805,000000,24.721,24.721,24.569,24.625,84345,0
BSJN.US,D,20190806,000000,24.703,24.711,24.615,24.693,44939,0
BSJN.US,D,20190807,000000,24.635,24.674,24.59,24.674,72480,0
BSJN.US,D,20190808,000000,24.711,24.788,24.673,24.778,102986,0
BSJN.US,D,20190809,000000,24.729,24.739,24.635,24.711,103881,0
BSJN.US,D,20190812,000000,24.665,24.674,24.61,24.655,70705,0
BSJN.US,D,20190813,000000,24.674,24.768,24.615,24.758,63674,0
BSJN.US,D,20190814,000000,24.635,24.655,24.482,24.588,74285,0
BSJN.US,D,20190815,000000,24.539,24.645,24.53,24.645,59670,0
BSJN.US,D,20190816,000000,24.674,24.693,24.615,24.693,49851,0
BSJN.US,D,20190819,000000,24.684,24.768,24.645,24.711,62846,0
BSJN.US,D,20190820,000000,24.748,24.758,24.674,24.739,56082,0
BSJN.US,D,20190821,000000,24.788,24.812,24.703,24.703,72966,0
BSJN.US,D,20190822,000000,24.855,24.874,24.758,24.855,96004,0
BSJN.US,D,20190823,000000,24.855,24.855,24.703,24.798,70095,0
BSJN.US,D,20190826,000000,24.835,24.845,24.721,24.807,45678,0
BSJN.US,D,20190827,000000,24.894,24.894,24.761,24.865,44328,0
BSJN.US,D,20190828,000000,24.865,24.88,24.814,24.846,61495,0
BSJN.US,D,20190829,000000,24.894,24.941,24.84,24.923,54282,0
BSJN.US,D,20190830,000000,24.933,24.933,24.817,24.835,96238,0
BSJN.US,D,20190903,000000,24.884,24.884,24.778,24.874,61843,0
BSJN.US,D,20190904,000000,24.826,24.933,24.788,24.933,35070,0
BSJN.US,D,20190905,000000,24.959,24.988,24.861,24.959,122592,0
BSJN.US,D,20190906,000000,24.959,24.996,24.881,24.894,69836,0
BSJN.US,D,20190909,000000,24.951,24.972,24.894,24.923,45953,0
BSJN.US,D,20190910,000000,24.978,25.017,24.908,24.998,52145,0
BSJN.US,D,20190911,000000,25.047,25.047,24.933,25.027,69557,0
BSJN.US,D,20190912,000000,24.988,25.047,24.933,24.933,42924,0
BSJN.US,D,20190913,000000,25.008,25.033,24.951,24.951,72855,0
BSJN.US,D,20190916,000000,25.027,25.087,24.951,25.037,82218,0
BSJN.US,D,20190917,000000,25.077,25.11,25.027,25.077,58704,0
BSJN.US,D,20190918,000000,25.067,25.113,25.013,25.047,78560,0
BSJN.US,D,20190919,000000,25.047,25.133,25.047,25.062,47182,0
BSJN.US,D,20190920,000000,25.057,25.124,25.018,25.115,75340,0
BSJN.US,D,20190923,000000,25.057,25.14,25.057,25.124,74050,0
BSJN.US,D,20190924,000000,25.115,25.133,25.007,25.047,58508,0
BSJN.US,D,20190925,000000,25.017,25.105,25.017,25.095,75846,0
BSJN.US,D,20190926,000000,25.115,25.115,25.007,25.007,75734,0
BSJN.US,D,20190927,000000,25.095,25.095,25.017,25.027,78538,0
BSJN.US,D,20190930,000000,25.047,25.086,25.027,25.077,76501,0
BSJN.US,D,20191001,000000,25.095,25.095,25.007,25.017,40974,0
BSJN.US,D,20191002,000000,25.037,25.037,24.912,24.95,41374,0
BSJN.US,D,20191003,000000,24.95,24.981,24.844,24.955,145365,0
BSJN.US,D,20191004,000000,24.958,24.982,24.913,24.935,90304,0
BSJN.US,D,20191007,000000,24.95,24.95,24.883,24.922,51091,0
BSJN.US,D,20191008,000000,24.922,24.932,24.854,24.902,66794,0
BSJN.US,D,20191009,000000,24.958,24.958,24.902,24.902,42568,0
BSJN.US,D,20191010,000000,24.95,24.958,24.891,24.922,128868,0
BSJN.US,D,20191011,000000,24.922,25.046,24.922,24.977,58412,0
BSJN.US,D,20191014,000000,25.007,25.007,24.941,24.973,28085,0
BSJN.US,D,20191015,000000,25.017,25.017,24.952,25.017,39047,0
BSJN.US,D,20191016,000000,25.047,25.047,24.987,25.017,89947,0
BSJN.US,D,20191017,000000,25.057,25.057,24.987,25.017,195339,0
BSJN.US,D,20191018,000000,25.115,25.115,24.997,25.062,80671,0
BSJN.US,D,20191021,000000,25.095,25.095,24.997,25.057,39849,0
BSJN.US,D,20191022,000000,25.017,25.047,25.017,25.04,66858,0
BSJN.US,D,20191023,000000,25.037,25.057,25.037,25.047,43272,0
BSJN.US,D,20191024,000000,25.124,25.124,25.057,25.067,40273,0
BSJN.US,D,20191025,000000,25.086,25.105,25.057,25.105,97588,0
BSJN.US,D,20191028,000000,25.115,25.115,25.067,25.105,26474,0
BSJN.US,D,20191029,000000,25.151,25.151,25.057,25.1,146976,0
BSJN.US,D,20191030,000000,25.115,25.115,25.052,25.062,71928,0
BSJN.US,D,20191031,000000,25.057,25.105,24.968,25.037,129622,0
BSJN.US,D,20191101,000000,25.037,25.047,25.027,25.047,102992,0
BSJN.US,D,20191104,000000,25.095,25.145,25.077,25.086,103625,0
BSJN.US,D,20191105,000000,25.105,25.105,25.047,25.067,63559,0
BSJN.US,D,20191106,000000,25.077,25.131,25.072,25.077,41091,0
BSJN.US,D,20191107,000000,25.077,25.161,25.067,25.077,80156,0
BSJN.US,D,20191108,000000,25.077,25.086,25.027,25.037,73166,0
BSJN.US,D,20191111,000000,25.027,25.027,25.017,25.027,51341,0
BSJN.US,D,20191112,000000,25.037,25.057,25.027,25.037,56007,0
BSJN.US,D,20191113,000000,25.037,25.059,24.997,25.007,67072,0
BSJN.US,D,20191114,000000,25.017,25.057,25.007,25.027,97513,0
BSJN.US,D,20191115,000000,25.007,25.037,25.007,25.037,37472,0
BSJN.US,D,20191118,000000,25.057,25.057,25.017,25.037,50706,0
BSJN.US,D,20191119,000000,25.007,25.057,24.963,24.977,55714,0
BSJN.US,D,20191120,000000,24.977,25.015,24.91,24.92,113880,0
BSJN.US,D,20191121,000000,24.949,24.949,24.881,24.93,99738,0
BSJN.US,D,20191122,000000,24.949,24.997,24.949,24.977,64538,0
BSJN.US,D,20191125,000000,25.027,25.051,24.998,25.027,90545,0
BSJN.US,D,20191126,000000,25.037,25.047,25.025,25.037,75300,0
BSJN.US,D,20191127,000000,25.047,25.057,25.027,25.037,67231,0
BSJN.US,D,20191129,000000,25.067,25.067,24.997,24.997,53806,0
BSJN.US,D,20191202,000000,25.017,25.067,24.987,25.047,196904,0
BSJN.US,D,20191203,000000,25.037,25.037,24.98,25.017,46762,0
BSJN.US,D,20191204,000000,25.047,25.057,25.017,25.057,95687,0
BSJN.US,D,20191205,000000,25.067,25.067,25.017,25.057,89524,0
BSJN.US,D,20191206,000000,25.086,25.138,25.077,25.115,107932,0
BSJN.US,D,20191209,000000,25.124,25.142,25.105,25.115,60710,0
BSJN.US,D,20191210,000000,25.124,25.152,25.115,25.152,148351,0
BSJN.US,D,20191211,000000,25.152,25.2,25.142,25.191,88345,0
BSJN.US,D,20191212,000000,25.23,25.24,25.2,25.24,150616,0
BSJN.US,D,20191213,000000,25.329,25.329,25.24,25.259,130010,0
BSJN.US,D,20191216,000000,25.338,25.338,25.259,25.304,69707,0
BSJN.US,D,20191217,000000,25.358,25.358,25.314,25.358,74064,0
BSJN.US,D,20191218,000000,25.367,25.396,25.367,25.396,52336,0
BSJN.US,D,20191219,000000,25.435,25.444,25.384,25.426,396957,0
BSJN.US,D,20191220,000000,25.444,25.444,25.416,25.416,141689,0
BSJN.US,D,20191223,000000,25.335,25.338,25.329,25.338,108835,0
BSJN.US,D,20191224,000000,25.358,25.358,25.299,25.343,47697,0
BSJN.US,D,20191226,000000,25.358,25.358,25.342,25.358,91130,0
BSJN.US,D,20191227,000000,25.367,25.367,25.338,25.348,113194,0
BSJN.US,D,20191230,000000,25.367,25.386,25.329,25.348,125465,0
BSJN.US,D,20191231,000000,25.348,25.386,25.329,25.348,125465,0
BSJN.US,D,20200102,000000,25.406,25.406,25.329,25.406,289631,0
BSJN.US,D,20200103,000000,25.386,25.472,25.367,25.472,151817,0
BSJN.US,D,20200106,000000,25.426,25.426,25.376,25.416,140204,0
BSJN.US,D,20200107,000000,25.416,25.426,25.376,25.426,105042,0
BSJN.US,D,20200108,000000,25.462,25.462,25.386,25.435,189803,0
BSJN.US,D,20200109,000000,25.482,25.482,25.435,25.458,171520,0
BSJN.US,D,20200110,000000,25.472,25.472,25.444,25.453,276798,0
BSJN.US,D,20200113,000000,25.482,25.482,25.462,25.482,84805,0
BSJN.US,D,20200114,000000,25.482,25.511,25.462,25.511,125023,0
BSJN.US,D,20200115,000000,25.511,25.511,25.482,25.507,227562,0
BSJN.US,D,20200116,000000,25.511,25.531,25.492,25.502,139945,0
BSJN.US,D,20200117,000000,25.502,25.58,25.492,25.521,210436,0
BSJN.US,D,20200121,000000,25.416,25.416,25.376,25.381,143739,0
BSJN.US,D,20200122,000000,25.406,25.416,25.375,25.396,180379,0
BSJN.US,D,20200123,000000,25.386,25.386,25.324,25.367,141712,0
BSJN.US,D,20200124,000000,25.376,25.386,25.299,25.309,182230,0
BSJN.US,D,20200127,000000,25.249,25.249,25.124,25.21,120542,0
BSJN.US,D,20200128,000000,25.279,25.319,25.24,25.319,291844,0
BSJN.US,D,20200129,000000,25.319,25.338,25.259,25.309,111061,0
BSJN.US,D,20200130,000000,25.22,25.289,25.22,25.269,129649,0
BSJN.US,D,20200131,000000,25.269,25.289,25.21,25.24,105212,0
BSJN.US,D,20200203,000000,25.259,25.279,25.2,25.279,374919,0
BSJN.US,D,20200204,000000,25.329,25.367,25.263,25.367,118238,0
BSJN.US,D,20200205,000000,25.348,25.386,25.319,25.386,122305,0
BSJN.US,D,20200206,000000,25.396,25.396,25.319,25.367,197865,0
BSJN.US,D,20200207,000000,25.376,25.376,25.338,25.358,129255,0
BSJN.US,D,20200210,000000,25.358,25.396,25.358,25.396,78961,0
BSJN.US,D,20200211,000000,25.406,25.435,25.406,25.435,111842,0
BSJN.US,D,20200212,000000,25.492,25.541,25.449,25.502,198898,0
BSJN.US,D,20200213,000000,25.531,25.531,25.478,25.502,83007,0
BSJN.US,D,20200214,000000,25.521,25.521,25.492,25.492,146106,0
BSJN.US,D,20200218,000000,25.502,25.511,25.467,25.482,176031,0
BSJN.US,D,20200219,000000,25.502,25.531,25.48,25.492,141511,0
BSJN.US,D,20200220,000000,25.541,25.551,25.492,25.531,456113,0
BSJN.US,D,20200221,000000,25.531,25.531,25.453,25.502,221451,0
BSJN.US,D,20200224,000000,25.376,25.4,25.288,25.366,225541,0
BSJN.US,D,20200225,000000,25.386,25.435,25.209,25.239,157562,0
BSJN.US,D,20200226,000000,25.288,25.366,25.181,25.278,113845,0
BSJN.US,D,20200227,000000,25.131,25.19,24.98,25.025,203984,0
BSJN.US,D,20200228,000000,24.879,25.005,24.806,25.005,150727,0
BSJN.US,D,20200302,000000,24.985,25.181,24.956,25.132,196857,0
BSJN.US,D,20200303,000000,25.137,25.229,24.985,25.025,179815,0
BSJN.US,D,20200304,000000,25.132,25.277,25.113,25.258,261040,0
BSJN.US,D,20200305,000000,25.045,25.141,24.928,25.005,124813,0
BSJN.US,D,20200306,000000,24.776,24.869,24.675,24.869,89236,0
BSJN.US,D,20200309,000000,23.65,24.001,23.495,23.895,184094,0
BSJN.US,D,20200310,000000,24.178,24.234,23.827,24.178,215367,0
BSJN.US,D,20200311,000000,23.738,23.905,23.505,23.66,245809,0
BSJN.US,D,20200312,000000,22.646,23.218,21.809,22.794,480855,0
BSJN.US,D,20200313,000000,23.114,23.475,22.403,23.475,169069,0
BSJN.US,D,20200316,000000,20.533,22.63,20.533,22.16,206223,0
BSJN.US,D,20200317,000000,22.042,22.383,21.867,22.374,178978,0
BSJN.US,D,20200318,000000,21.673,21.936,21.078,21.487,339303,0
BSJN.US,D,20200319,000000,20.863,21.312,20.67,20.766,305276,0
BSJN.US,D,20200320,000000,20.68,20.988,20.162,20.513,250769,0
BSJN.US,D,20200323,000000,20.191,20.301,19.47,19.684,224563,0
BSJN.US,D,20200324,000000,19.879,20.47,19.879,20.275,98309,0
BSJN.US,D,20200325,000000,20.3,21.243,20.275,20.903,261408,0
BSJN.US,D,20200326,000000,21.283,21.819,21.238,21.799,315144,0
BSJN.US,D,20200327,000000,21.43,21.926,21.43,21.741,176185,0
BSJN.US,D,20200330,000000,21.604,22.024,21.604,21.926,98080,0
BSJN.US,D,20200331,000000,21.956,22.024,21.795,21.88,222132,0
BSJN.US,D,20200401,000000,21.44,21.702,21.303,21.42,100703,0
BSJN.US,D,20200402,000000,21.4,21.815,21.37,21.532,109061,0
BSJN.US,D,20200403,000000,21.41,21.43,21.087,21.126,36573,0
BSJN.US,D,20200406,000000,21.4,21.654,21.4,21.624,125963,0
BSJN.US,D,20200407,000000,21.867,21.984,21.634,21.634,123457,0
BSJN.US,D,20200408,000000,21.673,22.082,21.673,22.036,94512,0
BSJN.US,D,20200409,000000,22.607,23.637,22.607,23.037,649547,0
BSJN.US,D,20200413,000000,22.794,22.958,22.626,22.755,570641,0
BSJN.US,D,20200414,000000,23.124,23.124,22.774,22.829,243743,0
BSJN.US,D,20200415,000000,22.512,22.84,22.512,22.784,121674,0
BSJN.US,D,20200416,000000,22.794,22.901,22.703,22.799,113348,0
BSJN.US,D,20200417,000000,23.134,23.134,22.881,22.948,180939,0
BSJN.US,D,20200420,000000,22.773,22.909,22.734,22.813,279366,0
BSJN.US,D,20200421,000000,22.577,22.63,22.312,22.451,389470,0
BSJN.US,D,20200422,000000,22.529,22.675,22.51,22.615,227270,0
BSJN.US,D,20200423,000000,22.586,22.635,22.47,22.5,320604,0
BSJN.US,D,20200424,000000,22.52,22.578,22.327,22.411,303035,0
BSJN.US,D,20200427,000000,22.451,22.522,22.391,22.451,205686,0
BSJN.US,D,20200428,000000,22.49,22.544,22.332,22.5,234538,0
BSJN.US,D,20200429,000000,22.568,22.724,22.539,22.724,416885,0
BSJN.US,D,20200430,000000,22.655,22.729,22.559,22.714,128253,0
BSJN.US,D,20200501,000000,22.596,22.695,22.421,22.455,127886,0
BSJN.US,D,20200504,000000,22.431,22.49,22.361,22.441,119753,0
BSJN.US,D,20200505,000000,22.49,22.629,22.49,22.577,294627,0
BSJN.US,D,20200506,000000,22.568,22.665,22.52,22.577,198360,0
BSJN.US,D,20200507,000000,22.655,22.685,22.549,22.549,80007,0
BSJN.US,D,20200508,000000,22.675,22.754,22.625,22.724,51879,0
BSJN.US,D,20200511,000000,22.704,22.719,22.645,22.695,53782,0
BSJN.US,D,20200512,000000,22.724,22.783,22.625,22.635,99942,0
BSJN.US,D,20200513,000000,22.675,22.675,22.441,22.529,38847,0
BSJN.US,D,20200514,000000,22.46,22.559,22.361,22.539,106126,0
BSJN.US,D,20200515,000000,22.411,22.495,22.341,22.46,58930,0
BSJN.US,D,20200518,000000,22.735,22.794,22.636,22.735,33969,0
BSJN.US,D,20200519,000000,22.646,22.873,22.646,22.764,105924,0
BSJN.US,D,20200520,000000,22.903,22.98,22.873,22.97,42435,0
BSJN.US,D,20200521,000000,22.903,23.029,22.864,23.029,55729,0
BSJN.US,D,20200522,000000,23,23.079,22.98,23,60551,0
BSJN.US,D,20200526,000000,23.148,23.304,23.148,23.237,48895,0
BSJN.US,D,20200527,000000,23.334,23.381,23.217,23.294,52724,0
BSJN.US,D,20200528,000000,23.349,23.521,23.324,23.334,67854,0
BSJN.US,D,20200529,000000,23.383,23.536,23.309,23.413,111558,0
BSJN.US,D,20200601,000000,23.364,23.6,23.364,23.541,110756,0
BSJN.US,D,20200602,000000,23.668,23.826,23.581,23.786,86943,0
BSJN.US,D,20200603,000000,23.914,24.002,23.856,23.958,41556,0
BSJN.US,D,20200604,000000,23.992,24.002,23.895,23.943,131116,0
BSJN.US,D,20200605,000000,24.171,24.337,24.146,24.213,93555,0
BSJN.US,D,20200608,000000,24.227,24.227,24.101,24.152,83492,0
BSJN.US,D,20200609,000000,24.141,24.141,23.995,24.041,133582,0
BSJN.US,D,20200610,000000,24.041,24.081,23.876,24.051,208131,0
BSJN.US,D,20200611,000000,23.737,23.791,23.418,23.551,202041,0
BSJN.US,D,20200612,000000,23.697,23.826,23.521,23.727,301193,0
BSJN.US,D,20200615,000000,23.492,23.934,23.492,23.885,295745,0
BSJN.US,D,20200616,000000,23.973,24.091,23.846,23.905,110189,0
BSJN.US,D,20200617,000000,23.934,24.002,23.836,23.885,126243,0
BSJN.US,D,20200618,000000,23.796,23.905,23.746,23.856,139228,0
BSJN.US,D,20200619,000000,23.885,23.973,23.786,23.885,83607,0
BSJN.US,D,20200622,000000,23.786,23.856,23.755,23.816,133782,0
BSJN.US,D,20200623,000000,23.806,23.856,23.796,23.826,128571,0
BSJN.US,D,20200624,000000,23.766,23.766,23.492,23.658,190947,0
BSJN.US,D,20200625,000000,23.551,23.717,23.534,23.61,134744,0
BSJN.US,D,20200626,000000,23.58,23.639,23.383,23.472,186392,0
BSJN.US,D,20200629,000000,23.443,23.511,23.314,23.413,303756,0
BSJN.US,D,20200630,000000,23.423,23.57,23.423,23.561,242855,0
BSJN.US,D,20200701,000000,23.541,23.663,23.541,23.61,126118,0
BSJN.US,D,20200702,000000,23.648,23.815,23.648,23.717,135777,0
BSJN.US,D,20200706,000000,23.776,23.846,23.746,23.836,86487,0
BSJN.US,D,20200707,000000,23.737,23.895,23.717,23.727,114945,0
BSJN.US,D,20200708,000000,23.688,23.776,23.678,23.746,231072,0
BSJN.US,D,20200709,000000,23.707,23.746,23.61,23.746,200315,0
BSJN.US,D,20200710,000000,23.727,23.796,23.697,23.796,152351,0
BSJN.US,D,20200713,000000,23.786,23.922,23.658,23.727,306450,0
BSJN.US,D,20200714,000000,23.678,23.846,23.678,23.846,98091,0
BSJN.US,D,20200715,000000,23.895,23.992,23.88,23.992,183963,0
BSJN.US,D,20200716,000000,23.924,24.025,23.924,24.011,58665,0
BSJN.US,D,20200717,000000,23.973,24.071,23.973,24.061,73423,0
BSJN.US,D,20200720,000000,23.973,24.131,23.924,24.111,131496,0
BSJN.US,D,20200721,000000,24.111,24.19,24.081,24.19,233018,0
BSJN.US,D,20200722,000000,24.171,24.247,24.104,24.237,80611,0
BSJN.US,D,20200723,000000,24.171,24.247,24.071,24.18,161894,0
BSJN.US,D,20200724,000000,24.161,24.261,24.131,24.247,157025,0
BSJN.US,D,20200727,000000,24.237,24.297,24.208,24.287,105004,0
BSJN.US,D,20200728,000000,24.247,24.311,24.205,24.257,84648,0
BSJN.US,D,20200729,000000,24.267,24.386,24.267,24.367,71118,0
BSJN.US,D,20200730,000000,24.297,24.416,24.283,24.396,89062,0
BSJN.US,D,20200731,000000,24.386,24.406,24.277,24.376,114363,0
BSJN.US,D,20200803,000000,24.396,24.416,24.327,24.396,168786,0
BSJN.US,D,20200804,000000,24.376,24.444,24.357,24.376,72505,0
BSJN.US,D,20200805,000000,24.454,24.454,24.376,24.396,125109,0
BSJN.US,D,20200806,000000,24.416,24.439,24.367,24.426,109699,0
BSJN.US,D,20200807,000000,24.426,24.478,24.396,24.416,110114,0
BSJN.US,D,20200810,000000,24.436,24.444,24.367,24.426,118897,0
BSJN.US,D,20200811,000000,24.426,24.458,24.332,24.347,125840,0
BSJN.US,D,20200812,000000,24.376,24.449,24.337,24.396,290962,0
BSJN.US,D,20200813,000000,24.367,24.426,24.277,24.297,150431,0
BSJN.US,D,20200814,000000,24.267,24.287,24.208,24.277,183429,0
BSJN.US,D,20200817,000000,24.237,24.347,24.235,24.337,174858,0
BSJN.US,D,20200818,000000,24.327,24.444,24.277,24.376,207882,0
BSJN.US,D,20200819,000000,24.367,24.376,24.294,24.307,213365,0
BSJN.US,D,20200820,000000,24.287,24.337,24.257,24.327,101534,0
BSJN.US,D,20200821,000000,24.317,24.406,24.317,24.347,146150,0
BSJN.US,D,20200824,000000,24.416,24.436,24.327,24.436,175371,0
BSJN.US,D,20200825,000000,24.474,24.484,24.435,24.474,109761,0
BSJN.US,D,20200826,000000,24.484,24.533,24.461,24.474,144103,0
BSJN.US,D,20200827,000000,24.484,24.513,24.396,24.474,384066,0
BSJN.US,D,20200828,000000,24.494,24.513,24.474,24.494,153150,0
BSJN.US,D,20200831,000000,24.484,24.494,24.416,24.474,224470,0
BSJN.US,D,20200901,000000,24.444,24.583,24.416,24.533,126346,0
BSJN.US,D,20200902,000000,24.573,24.633,24.499,24.553,213534,0
BSJN.US,D,20200903,000000,24.573,24.573,24.337,24.484,357233,0
BSJN.US,D,20200904,000000,24.504,24.533,24.237,24.454,141179,0
BSJN.US,D,20200908,000000,24.327,24.439,24.217,24.317,182448,0
BSJN.US,D,20200909,000000,24.376,24.464,24.376,24.416,122845,0
BSJN.US,D,20200910,000000,24.426,24.464,24.347,24.376,131431,0
BSJN.US,D,20200911,000000,24.386,24.409,24.327,24.406,78487,0
BSJN.US,D,20200914,000000,24.416,24.464,24.343,24.406,75196,0
BSJN.US,D,20200915,000000,24.406,24.454,24.406,24.426,187381,0
BSJN.US,D,20200916,000000,24.464,24.504,24.418,24.454,72136,0
BSJN.US,D,20200917,000000,24.396,24.454,24.386,24.454,122398,0
BSJN.US,D,20200918,000000,24.454,24.464,24.401,24.426,179399,0
BSJN.US,D,20200921,000000,24.237,24.247,24.11,24.189,78126,0
BSJN.US,D,20200922,000000,24.197,24.237,24.13,24.237,144536,0
BSJN.US,D,20200923,000000,24.237,24.243,24.03,24.06,141493,0
BSJN.US,D,20200924,000000,24.01,24.12,23.941,24.05,172034,0
BSJN.US,D,20200925,000000,24.03,24.09,24.001,24.045,68090,0
BSJN.US,D,20200928,000000,24.11,24.17,24.08,24.14,94608,0
BSJN.US,D,20200929,000000,24.14,24.178,24.08,24.14,131329,0
BSJN.US,D,20200930,000000,24.14,24.267,24.14,24.2,114524,0
BSJN.US,D,20201001,000000,24.237,24.297,24.237,24.267,117090,0
BSJN.US,D,20201002,000000,24.217,24.297,24.217,24.277,72414,0
BSJN.US,D,20201005,000000,24.327,24.426,24.327,24.406,104051,0
BSJN.US,D,20201006,000000,24.416,24.523,24.367,24.376,163557,0
BSJN.US,D,20201007,000000,24.436,24.468,24.401,24.426,101831,0
BSJN.US,D,20201008,000000,24.464,24.533,24.464,24.494,127395,0
BSJN.US,D,20201009,000000,24.533,24.633,24.488,24.504,167106,0
BSJN.US,D,20201012,000000,24.623,24.683,24.571,24.673,150596,0
BSJN.US,D,20201013,000000,24.653,24.683,24.525,24.583,210438,0
BSJN.US,D,20201014,000000,24.563,24.573,24.464,24.494,289920,0
BSJN.US,D,20201015,000000,24.436,24.513,24.406,24.494,174949,0
BSJN.US,D,20201016,000000,24.523,24.603,24.494,24.504,275399,0
BSJN.US,D,20201019,000000,24.454,24.454,24.327,24.347,343864,0
BSJN.US,D,20201020,000000,24.357,24.464,24.357,24.406,448626,0
BSJN.US,D,20201021,000000,24.396,24.454,24.347,24.426,373661,0
BSJN.US,D,20201022,000000,24.416,24.454,24.367,24.439,289058,0
BSJN.US,D,20201023,000000,24.454,24.494,24.411,24.494,338751,0
BSJN.US,D,20201026,000000,24.416,24.416,24.297,24.327,488480,0
BSJN.US,D,20201027,000000,24.337,24.367,24.317,24.347,258623,0
BSJN.US,D,20201028,000000,24.237,24.247,24.15,24.217,419040,0
BSJN.US,D,20201029,000000,24.179,24.267,24.15,24.247,419830,0
BSJN.US,D,20201030,000000,24.227,24.277,24.13,24.267,623466,0
BSJN.US,D,20201102,000000,24.297,24.357,24.257,24.327,248907,0
BSJN.US,D,20201103,000000,24.367,24.486,24.357,24.484,289743,0
BSJN.US,D,20201104,000000,24.494,24.675,24.494,24.593,395395,0
BSJN.US,D,20201105,000000,24.702,24.74,24.652,24.653,285906,0
BSJN.US,D,20201106,000000,24.692,24.692,24.603,24.663,199302,0
BSJN.US,D,20201109,000000,24.899,24.987,24.74,24.74,203338,0
BSJN.US,D,20201110,000000,24.76,24.795,24.711,24.73,263797,0
BSJN.US,D,20201111,000000,24.78,24.78,24.702,24.74,360311,0
BSJN.US,D,20201112,000000,24.721,24.721,24.613,24.633,271118,0
BSJN.US,D,20201113,000000,24.663,24.721,24.628,24.702,361892,0
BSJN.US,D,20201116,000000,24.76,24.8,24.721,24.79,359349,0
BSJN.US,D,20201117,000000,24.77,24.839,24.721,24.8,502533,0
BSJN.US,D,20201118,000000,24.81,24.829,24.74,24.76,417227,0
BSJN.US,D,20201119,000000,24.74,24.859,24.73,24.849,247313,0
BSJN.US,D,20201120,000000,24.82,24.82,24.769,24.81,293112,0
BSJN.US,D,20201123,000000,24.829,24.889,24.78,24.839,644164,0
BSJN.US,D,20201124,000000,24.859,24.918,24.839,24.869,221461,0
BSJN.US,D,20201125,000000,24.859,24.899,24.81,24.889,297495,0
BSJN.US,D,20201127,000000,24.899,24.935,24.849,24.909,562983,0
BSJN.US,D,20201130,000000,24.869,24.889,24.82,24.869,442451,0
BSJN.US,D,20201201,000000,24.919,24.969,24.899,24.929,203704,0
BSJN.US,D,20201202,000000,24.919,25.008,24.908,24.978,506521,0
BSJN.US,D,20201203,000000,24.978,25.008,24.977,25.008,257236,0
BSJN.US,D,20201204,000000,25.018,25.068,25.008,25.048,731373,0
BSJN.US,D,20201207,000000,25.028,25.048,25.008,25.048,202757,0
BSJN.US,D,20201208,000000,25.038,25.038,25.003,25.038,207422,0
BSJN.US,D,20201209,000000,25.048,25.048,24.959,24.998,416804,0
BSJN.US,D,20201210,000000,24.969,25.048,24.969,25.028,346227,0
BSJN.US,D,20201211,000000,25.008,25.038,24.978,25.028,461317,0
BSJN.US,D,20201214,000000,25.048,25.058,24.998,25.028,323488,0
BSJN.US,D,20201215,000000,25.038,25.088,25.033,25.078,269576,0
BSJN.US,D,20201216,000000,25.048,25.097,25.008,25.068,515265,0
BSJN.US,D,20201217,000000,25.068,25.115,25.058,25.107,671836,0
BSJN.US,D,20201218,000000,25.107,25.127,25.073,25.097,527650,0
BSJN.US,D,20201221,000000,24.969,24.988,24.929,24.978,299325,0
BSJN.US,D,20201222,000000,24.959,25.008,24.959,25.008,358806,0
BSJN.US,D,20201223,000000,25.008,25.068,25.008,25.068,221366,0
BSJN.US,D,20201224,000000,25.058,25.097,25.058,25.097,164140,0
BSJN.US,D,20201228,000000,25.097,25.146,25.085,25.107,352635,0
BSJN.US,D,20201229,000000,25.137,25.156,25.068,25.107,755458,0
BSJN.US,D,20201230,000000,25.097,25.137,25.097,25.117,267330,0
BSJN.US,D,20201231,000000,25.117,25.141,25.105,25.137,242675,0
BSJN.US,D,20210104,000000,25.176,25.176,25.038,25.127,789735,0
BSJN.US,D,20210105,000000,25.107,25.137,25.078,25.137,574703,0
BSJN.US,D,20210106,000000,25.107,25.156,25.078,25.097,898889,0
BSJN.US,D,20210107,000000,25.107,25.146,25.097,25.146,410483,0
BSJN.US,D,20210108,000000,25.166,25.166,25.107,25.156,596237,0
BSJN.US,D,20210111,000000,25.117,25.117,25.078,25.088,206576,0
BSJN.US,D,20210112,000000,25.048,25.088,25.038,25.088,241054,0
BSJN.US,D,20210113,000000,25.068,25.137,25.068,25.127,484265,0
BSJN.US,D,20210114,000000,25.137,25.137,25.097,25.107,484541,0
BSJN.US,D,20210115,000000,25.088,25.107,25.063,25.107,375182,0
BSJN.US,D,20210119,000000,25.121,25.15,25.101,25.15,280946,0
BSJN.US,D,20210120,000000,25.17,25.21,25.153,25.19,335835,0
BSJN.US,D,20210121,000000,25.19,25.202,25.155,25.19,405500,0
BSJN.US,D,20210122,000000,25.16,25.17,25.131,25.16,320788,0
BSJN.US,D,20210125,000000,25.141,25.15,25.096,25.15,375555,0
BSJN.US,D,20210126,000000,25.16,25.17,25.128,25.131,684926,0
BSJN.US,D,20210127,000000,25.131,25.131,25.042,25.082,871104,0
BSJN.US,D,20210128,000000,25.121,25.18,25.121,25.141,446239,0
BSJN.US,D,20210129,000000,25.131,25.16,25.082,25.091,549603,0
BSJN.US,D,20210201,000000,25.121,25.18,25.102,25.15,675499,0
BSJN.US,D,20210202,000000,25.19,25.23,25.19,25.23,346093,0
BSJN.US,D,20210203,000000,25.22,25.25,25.199,25.23,383392,0
BSJN.US,D,20210204,000000,25.24,25.27,25.235,25.26,499559,0
BSJN.US,D,20210205,000000,25.27,25.29,25.26,25.27,332429,0
BSJN.US,D,20210208,000000,25.27,25.32,25.27,25.32,342989,0
BSJN.US,D,20210209,000000,25.29,25.3,25.27,25.28,843800,0
BSJN.US,D,20210210,000000,25.3,25.31,25.245,25.28,616561,0
BSJN.US,D,20210211,000000,25.29,25.31,25.283,25.31,264663,0
BSJN.US,D,20210212,000000,25.29,25.34,25.29,25.34,209263,0
BSJN.US,D,20210216,000000,25.32,25.33,25.29,25.31,258729,0
BSJN.US,D,20210217,000000,25.27,25.31,25.27,25.31,295227,0
BSJN.US,D,20210218,000000,25.27,25.3,25.261,25.29,218411,0
BSJN.US,D,20210219,000000,25.31,25.31,25.265,25.3,1577358,0
BSJN.US,D,20210222,000000,25.27,25.27,25.239,25.25,246906,0
BSJN.US,D,20210223,000000,25.21,25.28,25.205,25.28,466293,0
BSJN.US,D,20210224,000000,25.26,25.28,25.225,25.27,372876,0
BSJN.US,D,20210225,000000,25.23,25.24,25.11,25.12,320580,0
BSJN.US,D,20210226,000000,25.16,25.17,25.086,25.13,309377,0
BSJN.US,D,20210301,000000,25.18,25.26,25.15,25.25,550522,0
BSJN.US,D,20210302,000000,25.24,25.24,25.205,25.22,365041,0
BSJN.US,D,20210303,000000,25.21,25.21,25.17,25.19,251041,0
BSJN.US,D,20210304,000000,25.17,25.22,25.066,25.12,380707,0
BSJN.US,D,20210305,000000,25.14,25.17,25.081,25.17,579794,0
BSJN.US,D,20210308,000000,25.16,25.16,25.062,25.081,256805,0
BSJN.US,D,20210309,000000,25.1,25.145,25.081,25.09,459498,0
BSJN.US,D,20210310,000000,25.1,25.15,25.09,25.13,512649,0
BSJN.US,D,20210311,000000,25.16,25.21,25.149,25.2,797259,0
BSJN.US,D,20210312,000000,25.17,25.17,25.133,25.17,385788,0
BSJN.US,D,20210315,000000,25.15,25.17,25.13,25.17,562568,0
BSJN.US,D,20210316,000000,25.17,25.17,25.095,25.12,290412,0
BSJN.US,D,20210317,000000,25.11,25.19,25.081,25.15,464201,0
BSJN.US,D,20210318,000000,25.11,25.11,25.031,25.041,497777,0
BSJN.US,D,20210319,000000,25.061,25.12,25.031,25.1,438635,0
BSJN.US,D,20210322,000000,25.041,25.11,25.029,25.09,273481,0
BSJN.US,D,20210323,000000,25.09,25.1,25.06,25.09,436695,0
BSJN.US,D,20210324,000000,25.1,25.17,25.099,25.12,670329,0
BSJN.US,D,20210325,000000,25.13,25.15,25.081,25.14,412362,0
BSJN.US,D,20210326,000000,25.15,25.2,25.13,25.2,286791,0
BSJN.US,D,20210329,000000,25.18,25.22,25.157,25.22,303967,0
BSJN.US,D,20210330,000000,25.21,25.21,25.15,25.16,373980,0
BSJN.US,D,20210331,000000,25.17,25.23,25.17,25.23,338836,0
BSJN.US,D,20210401,000000,25.24,25.28,25.24,25.27,286090,0
BSJN.US,D,20210405,000000,25.31,25.32,25.27,25.32,382138,0
BSJN.US,D,20210406,000000,25.32,25.34,25.315,25.34,128506,0
BSJN.US,D,20210407,000000,25.34,25.35,25.315,25.33,189653,0
BSJN.US,D,20210408,000000,25.32,25.35,25.32,25.35,161163,0
BSJN.US,D,20210409,000000,25.35,25.35,25.315,25.33,146866,0
BSJN.US,D,20210412,000000,25.31,25.32,25.29,25.31,136895,0
BSJN.US,D,20210413,000000,25.3,25.31,25.28,25.31,110090,0
BSJN.US,D,20210414,000000,25.31,25.34,25.3,25.32,278550,0
BSJN.US,D,20210415,000000,25.33,25.38,25.33,25.38,226223,0
BSJN.US,D,20210416,000000,25.36,25.37,25.35,25.36,101890,0
BSJN.US,D,20210419,000000,25.24,25.264,25.23,25.24,162046,0
BSJN.US,D,20210420,000000,25.24,25.25,25.21,25.23,476744,0
BSJN.US,D,20210421,000000,25.2,25.28,25.19,25.27,513521,0
BSJN.US,D,20210422,000000,25.26,25.28,25.25,25.26,522330,0
BSJN.US,D,20210423,000000,25.27,25.31,25.248,25.31,275278,0
BSJN.US,D,20210426,000000,25.3,25.31,25.29,25.29,123630,0
BSJN.US,D,20210427,000000,25.28,25.3,25.28,25.29,68604,0
BSJN.US,D,20210428,000000,25.28,25.32,25.255,25.32,223461,0
BSJN.US,D,20210429,000000,25.32,25.34,25.305,25.33,300119,0
BSJN.US,D,20210430,000000,25.32,25.33,25.3,25.32,183185,0
BSJN.US,D,20210503,000000,25.35,25.35,25.31,25.32,462045,0
BSJN.US,D,20210504,000000,25.29,25.322,25.28,25.32,342034,0
BSJN.US,D,20210505,000000,25.32,25.34,25.305,25.34,240379,0
BSJN.US,D,20210506,000000,25.33,25.35,25.32,25.35,306997,0
BSJN.US,D,20210507,000000,25.35,25.36,25.33,25.36,230082,0
BSJN.US,D,20210510,000000,25.33,25.36,25.32,25.33,95174,0
BSJN.US,D,20210511,000000,25.28,25.3,25.24,25.3,281700,0
BSJN.US,D,20210512,000000,25.28,25.29,25.235,25.24,253881,0
BSJN.US,D,20210513,000000,25.24,25.28,25.24,25.28,220402,0
BSJN.US,D,20210514,000000,25.29,25.32,25.28,25.32,130326,0
BSJN.US,D,20210517,000000,25.31,25.32,25.283,25.31,111755,0
BSJN.US,D,20210518,000000,25.3,25.32,25.25,25.29,147484,0
BSJN.US,D,20210519,000000,25.24,25.25,25.2,25.21,214725,0
BSJN.US,D,20210520,000000,25.22,25.27,25.22,25.265,248187,0
BSJN.US,D,20210521,000000,25.27,25.29,25.26,25.26,338516,0
BSJN.US,D,20210524,000000,25.2,25.24,25.2,25.24,160515,0
BSJN.US,D,20210525,000000,25.24,25.25,25.22,25.24,98708,0
BSJN.US,D,20210526,000000,25.24,25.24,25.22,25.24,110037,0
BSJN.US,D,20210527,000000,25.24,25.27,25.24,25.26,107204,0
BSJN.US,D,20210528,000000,25.27,25.275,25.25,25.26,244684,0
BSJN.US,D,20210601,000000,25.26,25.28,25.25,25.28,149155,0
BSJN.US,D,20210602,000000,25.28,25.31,25.275,25.31,112651,0
BSJN.US,D,20210603,000000,25.29,25.3,25.26,25.29,257238,0
BSJN.US,D,20210604,000000,25.29,25.32,25.29,25.31,179653,0
BSJN.US,D,20210607,000000,25.31,25.33,25.3,25.33,317715,0
BSJN.US,D,20210608,000000,25.32,25.345,25.32,25.33,92026,0
BSJN.US,D,20210609,000000,25.33,25.35,25.33,25.35,223505,0
BSJN.US,D,20210610,000000,25.35,25.39,25.35,25.38,548163,0
BSJN.US,D,20210611,000000,25.39,25.4,25.37,25.39,214101,0
BSJN.US,D,20210614,000000,25.39,25.395,25.35,25.37,127721,0
BSJN.US,D,20210615,000000,25.38,25.39,25.339,25.39,164991,0
BSJN.US,D,20210616,000000,25.38,25.389,25.324,25.36,214743,0
BSJN.US,D,20210617,000000,25.36,25.37,25.35,25.37,156353,0
BSJN.US,D,20210618,000000,25.35,25.35,25.32,25.33,187661,0
BSJN.US,D,20210621,000000,25.28,25.29,25.27,25.29,292997,0
BSJN.US,D,20210622,000000,25.3,25.33,25.295,25.33,249978,0
BSJN.US,D,20210623,000000,25.33,25.33,25.31,25.33,107774,0
BSJN.US,D,20210624,000000,25.34,25.35,25.33,25.35,159397,0
BSJN.US,D,20210625,000000,25.35,25.37,25.345,25.37,76200,0
BSJN.US,D,20210628,000000,25.37,25.38,25.35,25.37,141229,0
BSJN.US,D,20210629,000000,25.36,25.39,25.36,25.39,88698,0
BSJN.US,D,20210630,000000,25.39,25.4,25.38,25.4,119888,0
BSJN.US,D,20210701,000000,25.4,25.419,25.385,25.4,368432,0
BSJN.US,D,20210702,000000,25.39,25.42,25.39,25.42,141577,0
BSJN.US,D,20210706,000000,25.42,25.445,25.4,25.43,170483,0
BSJN.US,D,20210707,000000,25.42,25.43,25.405,25.43,194489,0
BSJN.US,D,20210708,000000,25.38,25.419,25.375,25.41,388243,0
BSJN.US,D,20210709,000000,25.39,25.42,25.39,25.4,263458,0
BSJN.US,D,20210712,000000,25.41,25.42,25.39,25.41,559205,0
BSJN.US,D,20210713,000000,25.39,25.4,25.34,25.34,346699,0
BSJN.US,D,20210714,000000,25.37,25.39,25.352,25.38,298272,0
BSJN.US,D,20210715,000000,25.38,25.39,25.36,25.38,197106,0
BSJN.US,D,20210716,000000,25.37,25.38,25.34,25.35,208584,0
BSJN.US,D,20210719,000000,25.22,25.25,25.155,25.19,220618,0
BSJN.US,D,20210720,000000,25.19,25.25,25.17,25.24,497155,0
BSJN.US,D,20210721,000000,25.24,25.27,25.24,25.26,319881,0
BSJN.US,D,20210722,000000,25.27,25.3,25.26,25.3,360184,0
BSJN.US,D,20210723,000000,25.3,25.33,25.295,25.33,192269,0
BSJN.US,D,20210726,000000,25.28,25.32,25.28,25.31,92731,0
BSJN.US,D,20210727,000000,25.28,25.29,25.25,25.29,143139,0
BSJN.US,D,20210728,000000,25.28,25.29,25.26,25.29,182798,0
BSJN.US,D,20210729,000000,25.29,25.32,25.29,25.32,203324,0
BSJN.US,D,20210730,000000,25.3,25.31,25.282,25.3,94330,0
BSJN.US,D,20210802,000000,25.3,25.32,25.25,25.27,171669,0
BSJN.US,D,20210803,000000,25.27,25.29,25.25,25.28,218374,0
BSJN.US,D,20210804,000000,25.27,25.28,25.25,25.26,218793,0
BSJN.US,D,20210805,000000,25.3,25.3,25.261,25.28,203363,0
BSJN.US,D,20210806,000000,25.29,25.299,25.26,25.28,122534,0
BSJN.US,D,20210809,000000,25.27,25.281,25.23,25.24,154514,0
BSJN.US,D,20210810,000000,25.22,25.26,25.2,25.21,191465,0
BSJN.US,D,20210811,000000,25.21,25.25,25.21,25.23,159096,0
BSJN.US,D,20210812,000000,25.23,25.26,25.23,25.25,252078,0
BSJN.US,D,20210813,000000,25.26,25.288,25.26,25.27,273380,0
BSJN.US,D,20210816,000000,25.27,25.3,25.27,25.3,169036,0
BSJN.US,D,20210817,000000,25.28,25.28,25.249,25.27,88973,0
BSJN.US,D,20210818,000000,25.25,25.28,25.22,25.23,177722,0
BSJN.US,D,20210819,000000,25.21,25.25,25.21,25.23,159580,0
BSJN.US,D,20210820,000000,25.22,25.27,25.22,25.27,221481,0
BSJN.US,D,20210823,000000,25.29,25.31,25.28,25.31,134988,0
BSJN.US,D,20210824,000000,25.31,25.32,25.3,25.32,145569,0
BSJN.US,D,20210825,000000,25.32,25.35,25.32,25.35,198703,0
BSJN.US,D,20210826,000000,25.34,25.3499,25.31,25.34,158890,0
BSJN.US,D,20210827,000000,25.35,25.39,25.35,25.38,181624,0
BSJN.US,D,20210830,000000,25.38,25.41,25.3775,25.39,628579,0
BSJN.US,D,20210831,000000,25.39,25.395,25.375,25.38,318113,0
BSJN.US,D,20210901,000000,25.4,25.42,25.39,25.42,224468,0
