<TICKER>,<PER>,<DATE>,<TIME>,<OPEN>,<HIGH>,<LOW>,<CLOSE>,<VOL>,<OPENINT>
BSJP.US,D,20170928,000000,21.523,21.523,21.496,21.523,2690,0
BSJP.US,D,20170929,000000,21.557,21.567,21.542,21.542,1451,0
BSJP.US,D,20171002,000000,21.557,21.557,21.549,21.556,3955,0
BSJP.US,D,20171004,000000,21.557,21.557,21.555,21.555,1067,0
BSJP.US,D,20171005,000000,21.598,21.598,21.598,21.598,219,0
BSJP.US,D,20171006,000000,21.549,21.573,21.549,21.573,704,0
BSJP.US,D,20171009,000000,21.591,21.591,21.591,21.591,235,0
BSJP.US,D,20171010,000000,21.613,21.613,21.613,21.613,5122,0
BSJP.US,D,20171011,000000,21.598,21.598,21.589,21.589,3258,0
BSJP.US,D,20171012,000000,21.582,21.582,21.582,21.582,235,0
BSJP.US,D,20171013,000000,21.583,21.598,21.583,21.583,2448,0
BSJP.US,D,20171016,000000,21.598,21.598,21.583,21.583,1285,0
BSJP.US,D,20171017,000000,21.598,21.613,21.594,21.613,697,0
BSJP.US,D,20171018,000000,21.613,21.641,21.613,21.641,581,0
BSJP.US,D,20171019,000000,21.606,21.617,21.606,21.617,1313,0
BSJP.US,D,20171020,000000,21.677,21.677,21.677,21.677,1745,0
BSJP.US,D,20171025,000000,21.641,21.641,21.577,21.577,1304,0
BSJP.US,D,20171026,000000,21.566,21.566,21.536,21.549,5087,0
BSJP.US,D,20171030,000000,21.549,21.557,21.494,21.494,1800,0
BSJP.US,D,20171031,000000,21.575,21.577,21.575,21.577,583,0
BSJP.US,D,20171101,000000,21.606,21.606,21.577,21.577,3099,0
BSJP.US,D,20171102,000000,21.571,21.571,21.545,21.571,2196,0
BSJP.US,D,20171103,000000,21.556,21.576,21.556,21.576,304,0
BSJP.US,D,20171106,000000,21.527,21.545,21.507,21.517,5035,0
BSJP.US,D,20171107,000000,21.545,21.545,21.49,21.49,2550,0
BSJP.US,D,20171108,000000,21.447,21.447,21.398,21.415,1525,0
BSJP.US,D,20171109,000000,21.255,21.255,21.255,21.255,554,0
BSJP.US,D,20171110,000000,21.289,21.317,21.289,21.317,1424,0
BSJP.US,D,20171113,000000,21.301,21.301,21.273,21.273,2305,0
BSJP.US,D,20171114,000000,21.217,21.217,21.217,21.217,3620,0
BSJP.US,D,20171115,000000,21.091,21.155,21.043,21.155,3773,0
BSJP.US,D,20171116,000000,21.292,21.327,21.292,21.327,2859,0
BSJP.US,D,20171117,000000,21.371,21.38,21.345,21.379,3852,0
BSJP.US,D,20171120,000000,21.398,21.411,21.398,21.411,583,0
BSJP.US,D,20171121,000000,21.466,21.466,21.466,21.466,543,0
BSJP.US,D,20171122,000000,21.467,21.498,21.465,21.49,5171,0
BSJP.US,D,20171124,000000,21.527,21.537,21.527,21.537,4072,0
BSJP.US,D,20171127,000000,21.457,21.457,21.406,21.428,3763,0
BSJP.US,D,20171128,000000,21.537,21.552,21.537,21.552,1320,0
BSJP.US,D,20171129,000000,21.545,21.545,21.537,21.537,1620,0
BSJP.US,D,20171130,000000,21.548,21.552,21.548,21.552,1208,0
BSJP.US,D,20171201,000000,21.537,21.571,21.537,21.571,1290,0
BSJP.US,D,20171205,000000,21.592,21.603,21.572,21.588,2510,0
BSJP.US,D,20171206,000000,21.58,21.58,21.562,21.572,2060,0
BSJP.US,D,20171207,000000,21.552,21.572,21.546,21.562,3602,0
BSJP.US,D,20171208,000000,21.612,21.612,21.612,21.612,188,0
BSJP.US,D,20171211,000000,21.612,21.612,21.612,21.612,174,0
BSJP.US,D,20171212,000000,21.596,21.596,21.545,21.545,2291,0
BSJP.US,D,20171213,000000,21.588,21.588,21.57,21.572,2527,0
BSJP.US,D,20171214,000000,21.553,21.553,21.499,21.499,1193,0
BSJP.US,D,20171218,000000,21.549,21.562,21.538,21.562,1308,0
BSJP.US,D,20171219,000000,21.546,21.553,21.499,21.553,2550,0
BSJP.US,D,20171220,000000,21.518,21.528,21.516,21.528,1136,0
BSJP.US,D,20171221,000000,21.572,21.572,21.572,21.572,111,0
BSJP.US,D,20171222,000000,21.545,21.545,21.545,21.545,234,0
BSJP.US,D,20171227,000000,21.619,21.619,21.619,21.619,923,0
BSJP.US,D,20171228,000000,21.605,21.64,21.59,21.64,7733,0
BSJP.US,D,20171229,000000,21.666,21.676,21.644,21.649,11993,0
BSJP.US,D,20180102,000000,21.64,21.676,21.64,21.676,2157,0
BSJP.US,D,20180103,000000,21.717,21.771,21.717,21.771,7037,0
BSJP.US,D,20180104,000000,21.867,21.931,21.867,21.921,62331,0
BSJP.US,D,20180105,000000,21.911,21.931,21.901,21.931,18830,0
BSJP.US,D,20180108,000000,21.948,21.956,21.923,21.939,18722,0
BSJP.US,D,20180109,000000,21.921,21.931,21.901,21.901,11550,0
BSJP.US,D,20180110,000000,21.832,21.85,21.831,21.85,15175,0
BSJP.US,D,20180111,000000,21.885,21.911,21.85,21.901,13964,0
BSJP.US,D,20180112,000000,21.885,21.885,21.867,21.867,2012,0
BSJP.US,D,20180116,000000,21.911,21.911,21.841,21.841,10049,0
BSJP.US,D,20180117,000000,21.875,21.885,21.85,21.885,4097,0
BSJP.US,D,20180118,000000,21.841,21.841,21.755,21.755,27992,0
BSJP.US,D,20180119,000000,21.746,21.746,21.694,21.709,14125,0
BSJP.US,D,20180122,000000,21.755,21.755,21.727,21.727,5519,0
BSJP.US,D,20180123,000000,21.764,21.791,21.764,21.784,4012,0
BSJP.US,D,20180124,000000,21.804,21.804,21.764,21.781,7016,0
BSJP.US,D,20180125,000000,21.795,21.795,21.795,21.795,15018,0
BSJP.US,D,20180126,000000,21.795,21.795,21.781,21.795,6418,0
BSJP.US,D,20180129,000000,21.746,21.764,21.727,21.727,15546,0
BSJP.US,D,20180130,000000,21.665,21.666,21.623,21.63,8114,0
BSJP.US,D,20180131,000000,21.631,21.676,21.631,21.653,9599,0
BSJP.US,D,20180201,000000,21.628,21.629,21.564,21.564,11912,0
BSJP.US,D,20180202,000000,21.485,21.494,21.414,21.414,17297,0
BSJP.US,D,20180205,000000,21.401,21.461,21.227,21.232,124636,0
BSJP.US,D,20180206,000000,21.357,21.469,21.281,21.442,140386,0
BSJP.US,D,20180207,000000,21.419,21.502,21.357,21.357,35872,0
BSJP.US,D,20180208,000000,21.173,21.173,21.173,21.173,48752,0
BSJP.US,D,20180209,000000,21.099,21.099,21.099,21.099,5673,0
BSJP.US,D,20180212,000000,21.154,21.257,21.154,21.219,33787,0
BSJP.US,D,20180213,000000,21.099,21.109,21.067,21.09,21715,0
BSJP.US,D,20180214,000000,21.073,21.163,21.073,21.163,2860,0
BSJP.US,D,20180215,000000,21.262,21.356,21.254,21.355,3201,0
BSJP.US,D,20180216,000000,21.374,21.432,21.374,21.432,3885,0
BSJP.US,D,20180220,000000,21.414,21.414,21.366,21.374,5863,0
BSJP.US,D,20180221,000000,21.394,21.394,21.319,21.319,4624,0
BSJP.US,D,20180222,000000,21.347,21.373,21.274,21.319,8609,0
BSJP.US,D,20180223,000000,21.303,21.384,21.274,21.384,19440,0
BSJP.US,D,20180226,000000,21.442,21.452,21.414,21.432,7626,0
BSJP.US,D,20180227,000000,21.414,21.414,21.366,21.393,7699,0
BSJP.US,D,20180228,000000,21.376,21.414,21.319,21.319,4949,0
BSJP.US,D,20180301,000000,21.303,21.319,21.274,21.274,5546,0
BSJP.US,D,20180302,000000,21.216,21.28,21.193,21.28,5284,0
BSJP.US,D,20180305,000000,21.253,21.316,21.253,21.316,6086,0
BSJP.US,D,20180306,000000,21.28,21.311,21.27,21.307,7004,0
BSJP.US,D,20180307,000000,21.231,21.29,21.231,21.29,568,0
BSJP.US,D,20180308,000000,21.285,21.285,21.231,21.24,1300,0
BSJP.US,D,20180309,000000,21.307,21.397,21.307,21.394,6178,0
BSJP.US,D,20180312,000000,21.371,21.39,21.334,21.39,2068,0
BSJP.US,D,20180313,000000,21.343,21.343,21.278,21.278,4576,0
BSJP.US,D,20180314,000000,21.27,21.28,21.231,21.231,4426,0
BSJP.US,D,20180315,000000,21.261,21.261,21.245,21.249,1177,0
BSJP.US,D,20180316,000000,21.231,21.253,21.223,21.245,13473,0
BSJP.US,D,20180319,000000,21.189,21.189,21.146,21.156,2552,0
BSJP.US,D,20180320,000000,21.176,21.179,21.141,21.164,1375,0
BSJP.US,D,20180321,000000,21.162,21.216,21.162,21.207,5516,0
BSJP.US,D,20180322,000000,21.09,21.113,21.037,21.037,3456,0
BSJP.US,D,20180323,000000,21.095,21.095,20.991,20.991,4192,0
BSJP.US,D,20180326,000000,21.141,21.179,21.141,21.179,1568,0
BSJP.US,D,20180327,000000,21.168,21.168,21.086,21.086,1535,0
BSJP.US,D,20180328,000000,21.132,21.132,21.07,21.104,18426,0
BSJP.US,D,20180329,000000,21.123,21.216,21.123,21.188,5170,0
BSJP.US,D,20180402,000000,21.021,21.054,21.021,21.037,19620,0
BSJP.US,D,20180403,000000,21.12,21.148,21.101,21.148,2964,0
BSJP.US,D,20180404,000000,21.083,21.215,21.083,21.215,5831,0
BSJP.US,D,20180405,000000,21.251,21.251,21.243,21.243,858,0
BSJP.US,D,20180406,000000,21.229,21.243,21.215,21.215,6945,0
BSJP.US,D,20180409,000000,21.261,21.288,21.261,21.261,5345,0
BSJP.US,D,20180410,000000,21.323,21.351,21.323,21.332,1996,0
BSJP.US,D,20180411,000000,21.369,21.378,21.342,21.378,6442,0
BSJP.US,D,20180412,000000,21.403,21.411,21.378,21.411,10225,0
BSJP.US,D,20180413,000000,21.481,21.481,21.465,21.473,3775,0
BSJP.US,D,20180416,000000,21.528,21.545,21.49,21.518,4855,0
BSJP.US,D,20180417,000000,21.549,21.589,21.545,21.581,2944,0
BSJP.US,D,20180418,000000,21.604,21.604,21.567,21.589,6715,0
BSJP.US,D,20180419,000000,21.49,21.499,21.424,21.473,22624,0
BSJP.US,D,20180420,000000,21.438,21.438,21.411,21.42,3796,0
BSJP.US,D,20180423,000000,21.388,21.388,21.323,21.323,5598,0
BSJP.US,D,20180424,000000,21.322,21.322,21.297,21.297,7307,0
BSJP.US,D,20180425,000000,21.243,21.243,21.215,21.229,28299,0
BSJP.US,D,20180426,000000,21.303,21.311,21.278,21.311,7666,0
BSJP.US,D,20180427,000000,21.319,21.369,21.319,21.329,4174,0
BSJP.US,D,20180430,000000,21.369,21.369,21.332,21.332,6629,0
BSJP.US,D,20180501,000000,21.288,21.297,21.288,21.288,1259,0
BSJP.US,D,20180502,000000,21.307,21.329,21.307,21.308,6635,0
BSJP.US,D,20180503,000000,21.308,21.308,21.25,21.301,4427,0
BSJP.US,D,20180504,000000,21.282,21.292,21.282,21.292,832,0
BSJP.US,D,20180507,000000,21.246,21.29,21.246,21.29,1626,0
BSJP.US,D,20180508,000000,21.283,21.316,21.283,21.316,2098,0
BSJP.US,D,20180509,000000,21.317,21.355,21.272,21.355,2554,0
BSJP.US,D,20180510,000000,21.336,21.382,21.336,21.372,2449,0
BSJP.US,D,20180511,000000,21.371,21.382,21.36,21.372,6959,0
BSJP.US,D,20180514,000000,21.406,21.406,21.365,21.398,6636,0
BSJP.US,D,20180515,000000,21.345,21.345,21.306,21.308,15647,0
BSJP.US,D,20180516,000000,21.246,21.336,21.246,21.327,13697,0
BSJP.US,D,20180517,000000,21.301,21.336,21.301,21.327,7322,0
BSJP.US,D,20180518,000000,21.292,21.317,21.284,21.301,35847,0
BSJP.US,D,20180521,000000,21.336,21.345,21.301,21.327,8270,0
BSJP.US,D,20180522,000000,21.34,21.355,21.322,21.322,22507,0
BSJP.US,D,20180523,000000,21.317,21.345,21.292,21.34,15293,0
BSJP.US,D,20180524,000000,21.317,21.345,21.304,21.345,7896,0
BSJP.US,D,20180525,000000,21.317,21.336,21.31,21.31,11905,0
BSJP.US,D,20180529,000000,21.224,21.236,21.198,21.216,13532,0
BSJP.US,D,20180530,000000,21.256,21.269,21.256,21.269,1995,0
BSJP.US,D,20180531,000000,21.292,21.292,21.254,21.272,4877,0
BSJP.US,D,20180601,000000,21.336,21.336,21.306,21.307,5360,0
BSJP.US,D,20180604,000000,21.372,21.372,21.334,21.334,10495,0
BSJP.US,D,20180605,000000,21.382,21.407,21.355,21.394,19005,0
BSJP.US,D,20180606,000000,21.399,21.407,21.382,21.407,11988,0
BSJP.US,D,20180607,000000,21.477,21.524,21.451,21.514,12686,0
BSJP.US,D,20180608,000000,21.423,21.43,21.42,21.428,1575,0
BSJP.US,D,20180611,000000,21.484,21.495,21.482,21.482,1798,0
BSJP.US,D,20180612,000000,21.524,21.569,21.487,21.569,10949,0
BSJP.US,D,20180613,000000,21.586,21.602,21.554,21.554,9882,0
BSJP.US,D,20180614,000000,21.598,21.638,21.598,21.638,12423,0
BSJP.US,D,20180615,000000,21.586,21.647,21.586,21.626,6170,0
BSJP.US,D,20180618,000000,21.579,21.609,21.57,21.609,23110,0
BSJP.US,D,20180619,000000,21.55,21.579,21.55,21.569,6163,0
BSJP.US,D,20180620,000000,21.593,21.618,21.593,21.61,47997,0
BSJP.US,D,20180621,000000,21.593,21.602,21.579,21.602,13741,0
BSJP.US,D,20180622,000000,21.579,21.586,21.559,21.579,33559,0
BSJP.US,D,20180625,000000,21.519,21.538,21.497,21.497,12288,0
BSJP.US,D,20180626,000000,21.504,21.514,21.495,21.504,9398,0
BSJP.US,D,20180627,000000,21.508,21.514,21.487,21.487,13671,0
BSJP.US,D,20180628,000000,21.392,21.407,21.372,21.403,4297,0
BSJP.US,D,20180629,000000,21.415,21.453,21.394,21.394,32860,0
BSJP.US,D,20180702,000000,21.372,21.378,21.327,21.345,15074,0
BSJP.US,D,20180703,000000,21.327,21.369,21.327,21.369,2058,0
BSJP.US,D,20180705,000000,21.365,21.382,21.364,21.382,1369,0
BSJP.US,D,20180706,000000,21.355,21.443,21.355,21.407,8956,0
BSJP.US,D,20180709,000000,21.453,21.453,21.448,21.451,1792,0
BSJP.US,D,20180710,000000,21.505,21.505,21.466,21.492,3103,0
BSJP.US,D,20180711,000000,21.478,21.488,21.469,21.471,1413,0
BSJP.US,D,20180712,000000,21.496,21.505,21.445,21.505,1844,0
BSJP.US,D,20180713,000000,21.502,21.525,21.478,21.525,10848,0
BSJP.US,D,20180716,000000,21.535,21.535,21.464,21.515,5347,0
BSJP.US,D,20180717,000000,21.478,21.525,21.478,21.52,6691,0
BSJP.US,D,20180718,000000,21.515,21.515,21.505,21.515,6541,0
BSJP.US,D,20180719,000000,21.471,21.496,21.471,21.484,5302,0
BSJP.US,D,20180720,000000,21.535,21.54,21.535,21.535,2287,0
BSJP.US,D,20180723,000000,21.525,21.53,21.489,21.525,4598,0
BSJP.US,D,20180724,000000,21.544,21.56,21.525,21.56,3145,0
BSJP.US,D,20180725,000000,21.519,21.611,21.519,21.611,2382,0
BSJP.US,D,20180726,000000,21.579,21.587,21.568,21.587,3556,0
BSJP.US,D,20180727,000000,21.609,21.611,21.551,21.603,19834,0
BSJP.US,D,20180730,000000,21.649,21.657,21.626,21.657,6237,0
BSJP.US,D,20180731,000000,21.704,21.711,21.683,21.693,5732,0
BSJP.US,D,20180801,000000,21.694,21.711,21.665,21.684,13462,0
BSJP.US,D,20180802,000000,21.693,21.729,21.693,21.729,10796,0
BSJP.US,D,20180803,000000,21.756,21.774,21.752,21.774,7640,0
BSJP.US,D,20180806,000000,21.789,21.792,21.784,21.789,12566,0
BSJP.US,D,20180807,000000,21.785,21.826,21.779,21.813,3621,0
BSJP.US,D,20180808,000000,21.837,21.847,21.774,21.847,8350,0
BSJP.US,D,20180809,000000,21.855,21.855,21.803,21.803,9155,0
BSJP.US,D,20180810,000000,21.792,21.808,21.756,21.799,23551,0
BSJP.US,D,20180813,000000,21.711,21.766,21.711,21.756,4787,0
BSJP.US,D,20180814,000000,21.756,21.779,21.756,21.774,6553,0
BSJP.US,D,20180815,000000,21.748,21.748,21.704,21.704,11191,0
BSJP.US,D,20180816,000000,21.761,21.766,21.748,21.766,8691,0
BSJP.US,D,20180817,000000,21.748,21.774,21.733,21.774,4678,0
BSJP.US,D,20180820,000000,21.778,21.799,21.761,21.774,7654,0
BSJP.US,D,20180821,000000,21.808,21.828,21.738,21.79,11060,0
BSJP.US,D,20180822,000000,21.823,21.837,21.794,21.837,4191,0
BSJP.US,D,20180823,000000,21.822,21.837,21.799,21.821,5517,0
BSJP.US,D,20180824,000000,21.832,21.853,21.832,21.837,2486,0
BSJP.US,D,20180827,000000,21.81,21.868,21.81,21.852,2569,0
BSJP.US,D,20180828,000000,21.881,21.881,21.863,21.881,14539,0
BSJP.US,D,20180829,000000,21.855,21.889,21.855,21.889,9114,0
BSJP.US,D,20180830,000000,21.855,21.863,21.818,21.847,19104,0
BSJP.US,D,20180831,000000,21.808,21.868,21.808,21.863,3788,0
BSJP.US,D,20180904,000000,21.871,21.871,21.845,21.863,18385,0
BSJP.US,D,20180905,000000,21.822,21.847,21.784,21.818,9167,0
BSJP.US,D,20180906,000000,21.813,21.818,21.813,21.818,6962,0
BSJP.US,D,20180907,000000,21.796,21.799,21.784,21.799,1873,0
BSJP.US,D,20180910,000000,21.837,21.847,21.774,21.832,3268,0
BSJP.US,D,20180911,000000,21.808,21.842,21.808,21.837,3070,0
BSJP.US,D,20180912,000000,21.855,21.889,21.855,21.881,6986,0
BSJP.US,D,20180913,000000,21.932,21.937,21.904,21.937,2456,0
BSJP.US,D,20180914,000000,21.937,21.937,21.899,21.937,5311,0
BSJP.US,D,20180917,000000,21.932,21.932,21.929,21.929,3311,0
BSJP.US,D,20180918,000000,21.937,21.972,21.936,21.972,8336,0
BSJP.US,D,20180919,000000,21.947,21.947,21.919,21.942,4176,0
BSJP.US,D,20180920,000000,21.942,21.942,21.932,21.932,4241,0
BSJP.US,D,20180921,000000,21.956,21.956,21.919,21.942,11639,0
BSJP.US,D,20180924,000000,21.937,21.937,21.919,21.919,597,0
BSJP.US,D,20180925,000000,21.919,21.921,21.899,21.921,3035,0
BSJP.US,D,20180926,000000,21.929,21.947,21.899,21.937,8760,0
BSJP.US,D,20180927,000000,21.909,21.982,21.909,21.972,26546,0
BSJP.US,D,20180928,000000,21.932,21.982,21.909,21.956,4039,0
BSJP.US,D,20181001,000000,22.016,22.051,22.005,22.032,5891,0
BSJP.US,D,20181002,000000,21.972,22.045,21.972,22.034,7445,0
BSJP.US,D,20181003,000000,22.088,22.088,22.004,22.016,14934,0
BSJP.US,D,20181004,000000,22.016,22.016,21.909,21.909,41824,0
BSJP.US,D,20181005,000000,21.947,21.947,21.798,21.871,5235,0
BSJP.US,D,20181008,000000,21.854,21.863,21.794,21.846,8689,0
BSJP.US,D,20181009,000000,21.798,21.827,21.77,21.775,2819,0
BSJP.US,D,20181010,000000,21.765,21.765,21.602,21.617,4900,0
BSJP.US,D,20181011,000000,21.655,21.655,21.587,21.626,5920,0
BSJP.US,D,20181012,000000,21.765,21.765,21.674,21.674,3277,0
BSJP.US,D,20181015,000000,21.765,21.765,21.702,21.765,7261,0
BSJP.US,D,20181016,000000,21.817,21.846,21.747,21.807,39900,0
BSJP.US,D,20181017,000000,21.798,21.798,21.755,21.778,23503,0
BSJP.US,D,20181018,000000,21.755,21.755,21.64,21.693,25006,0
BSJP.US,D,20181019,000000,21.728,21.728,21.637,21.669,9750,0
BSJP.US,D,20181022,000000,21.728,21.728,21.627,21.651,5236,0
BSJP.US,D,20181023,000000,21.491,21.642,21.491,21.628,16632,0
BSJP.US,D,20181024,000000,21.655,21.655,21.5,21.5,17158,0
BSJP.US,D,20181025,000000,21.553,21.592,21.506,21.592,23305,0
BSJP.US,D,20181026,000000,21.478,21.478,21.457,21.466,2613,0
BSJP.US,D,20181029,000000,21.428,21.428,21.347,21.394,18726,0
BSJP.US,D,20181030,000000,21.428,21.428,21.362,21.362,5527,0
BSJP.US,D,20181031,000000,21.47,21.474,21.442,21.465,3272,0
BSJP.US,D,20181101,000000,21.464,21.543,21.464,21.537,5985,0
BSJP.US,D,20181102,000000,21.491,21.556,21.465,21.5,5369,0
BSJP.US,D,20181105,000000,21.538,21.556,21.5,21.534,7581,0
BSJP.US,D,20181106,000000,21.61,21.61,21.529,21.576,5166,0
BSJP.US,D,20181107,000000,21.556,21.723,21.556,21.693,19728,0
BSJP.US,D,20181108,000000,21.71,21.71,21.646,21.655,10362,0
BSJP.US,D,20181109,000000,21.538,21.555,21.491,21.518,7695,0
BSJP.US,D,20181112,000000,21.491,21.491,21.338,21.384,7424,0
BSJP.US,D,20181113,000000,21.402,21.402,21.278,21.278,23550,0
BSJP.US,D,20181114,000000,21.374,21.374,21.258,21.302,9604,0
BSJP.US,D,20181115,000000,21.11,21.204,21.091,21.204,3012,0
BSJP.US,D,20181116,000000,21.119,21.175,21.11,21.137,3777,0
BSJP.US,D,20181119,000000,21.066,21.066,21.066,21.066,1779,0
BSJP.US,D,20181120,000000,21.002,21.029,20.965,21.029,8085,0
BSJP.US,D,20181121,000000,21.11,21.114,21.073,21.114,4086,0
BSJP.US,D,20181123,000000,20.91,21.032,20.91,20.946,2458,0
BSJP.US,D,20181126,000000,21.002,21.073,21.002,21.073,3595,0
BSJP.US,D,20181127,000000,20.975,21.029,20.975,21.017,3102,0
BSJP.US,D,20181128,000000,21.033,21.194,21.021,21.194,10232,0
BSJP.US,D,20181129,000000,21.137,21.178,21.113,21.178,2025,0
BSJP.US,D,20181130,000000,21.192,21.192,21.11,21.159,2232,0
BSJP.US,D,20181203,000000,21.338,21.338,21.258,21.318,29822,0
BSJP.US,D,20181204,000000,21.284,21.284,21.165,21.184,24322,0
BSJP.US,D,20181206,000000,21.091,21.111,21.025,21.111,2631,0
BSJP.US,D,20181207,000000,21.127,21.127,21.072,21.073,2744,0
BSJP.US,D,20181210,000000,21.033,21.049,20.989,21.02,14216,0
BSJP.US,D,20181211,000000,21.056,21.156,21.056,21.068,13051,0
BSJP.US,D,20181212,000000,21.194,21.238,21.175,21.175,7904,0
BSJP.US,D,20181213,000000,21.311,21.311,21.184,21.184,32188,0
BSJP.US,D,20181214,000000,21.1,21.184,21.1,21.135,17354,0
BSJP.US,D,20181217,000000,21.119,21.119,20.991,20.991,3698,0
BSJP.US,D,20181218,000000,20.937,21.029,20.888,20.888,5570,0
BSJP.US,D,20181219,000000,20.819,20.973,20.665,20.665,10086,0
BSJP.US,D,20181220,000000,20.618,20.618,20.389,20.492,6269,0
BSJP.US,D,20181221,000000,20.466,20.475,20.309,20.351,22092,0
BSJP.US,D,20181224,000000,20.237,20.399,20.13,20.194,30984,0
BSJP.US,D,20181226,000000,20.227,20.51,20.153,20.51,14864,0
BSJP.US,D,20181227,000000,20.38,20.492,20.379,20.492,9370,0
BSJP.US,D,20181228,000000,20.676,20.676,20.517,20.564,17849,0
BSJP.US,D,20181231,000000,20.572,20.658,20.572,20.631,25399,0
BSJP.US,D,20190102,000000,20.544,20.601,20.496,20.57,277517,0
BSJP.US,D,20190103,000000,20.509,20.578,20.496,20.534,6012,0
BSJP.US,D,20190104,000000,20.84,20.96,20.84,20.907,2190,0
BSJP.US,D,20190107,000000,21.053,21.22,21.053,21.211,13954,0
BSJP.US,D,20190108,000000,21.254,21.394,21.254,21.365,31928,0
BSJP.US,D,20190109,000000,21.429,21.483,21.407,21.438,26770,0
BSJP.US,D,20190110,000000,21.398,21.568,21.398,21.529,53275,0
BSJP.US,D,20190111,000000,21.475,21.549,21.458,21.483,23007,0
BSJP.US,D,20190114,000000,21.458,21.493,21.369,21.402,94637,0
BSJP.US,D,20190115,000000,21.521,21.521,21.394,21.429,10372,0
BSJP.US,D,20190116,000000,21.545,21.595,21.472,21.542,30096,0
BSJP.US,D,20190117,000000,21.578,21.641,21.438,21.531,18489,0
BSJP.US,D,20190118,000000,21.713,21.742,21.568,21.722,7651,0
BSJP.US,D,20190122,000000,21.696,21.696,21.457,21.516,23886,0
BSJP.US,D,20190123,000000,21.659,21.659,21.46,21.54,8835,0
BSJP.US,D,20190124,000000,21.631,21.659,21.557,21.607,16517,0
BSJP.US,D,20190125,000000,21.722,21.732,21.687,21.713,29331,0
BSJP.US,D,20190128,000000,21.651,21.651,21.557,21.598,8788,0
BSJP.US,D,20190129,000000,21.678,21.678,21.568,21.607,16968,0
BSJP.US,D,20190130,000000,21.678,21.839,21.594,21.839,29431,0
BSJP.US,D,20190131,000000,21.844,21.898,21.77,21.863,41022,0
BSJP.US,D,20190201,000000,21.875,21.911,21.789,21.857,24158,0
BSJP.US,D,20190204,000000,21.862,21.973,21.862,21.952,13191,0
BSJP.US,D,20190205,000000,21.964,22.045,21.964,21.992,14105,0
BSJP.US,D,20190206,000000,22.036,22.05,21.973,22.022,22538,0
BSJP.US,D,20190207,000000,21.963,21.963,21.837,21.928,41572,0
BSJP.US,D,20190208,000000,21.802,21.928,21.789,21.853,7895,0
BSJP.US,D,20190211,000000,21.834,21.862,21.804,21.804,21322,0
BSJP.US,D,20190212,000000,22.001,22.076,21.871,22.064,21221,0
BSJP.US,D,20190213,000000,22.083,22.083,21.935,22.017,17807,0
BSJP.US,D,20190214,000000,21.989,22.054,21.947,22.008,15624,0
BSJP.US,D,20190215,000000,21.947,22.111,21.947,21.983,37088,0
BSJP.US,D,20190219,000000,22.083,22.122,22.064,22.112,25552,0
BSJP.US,D,20190220,000000,22.102,22.132,22.027,22.032,23305,0
BSJP.US,D,20190221,000000,22.017,22.102,22.017,22.102,15910,0
BSJP.US,D,20190222,000000,22.132,22.178,22.051,22.075,7100,0
BSJP.US,D,20190225,000000,22.15,22.232,22.107,22.199,7734,0
BSJP.US,D,20190226,000000,22.16,22.241,22.16,22.209,23699,0
BSJP.US,D,20190227,000000,22.232,22.241,22.122,22.204,18114,0
BSJP.US,D,20190228,000000,22.167,22.223,22.122,22.186,10848,0
BSJP.US,D,20190301,000000,22.16,22.273,22.16,22.268,33047,0
BSJP.US,D,20190304,000000,22.268,22.313,22.122,22.214,15380,0
BSJP.US,D,20190305,000000,22.204,22.223,22.156,22.187,18043,0
BSJP.US,D,20190306,000000,22.143,22.187,22.122,22.155,49887,0
BSJP.US,D,20190307,000000,22.178,22.195,22.132,22.166,21835,0
BSJP.US,D,20190308,000000,22.036,22.112,21.918,22.112,21588,0
BSJP.US,D,20190311,000000,22.092,22.214,22.092,22.132,10773,0
BSJP.US,D,20190312,000000,22.168,22.214,22.092,22.168,6373,0
BSJP.US,D,20190313,000000,22.249,22.249,22.193,22.23,15680,0
BSJP.US,D,20190314,000000,22.223,22.252,22.188,22.223,14732,0
BSJP.US,D,20190315,000000,22.259,22.296,22.231,22.236,17771,0
BSJP.US,D,20190318,000000,22.296,22.296,22.232,22.272,4340,0
BSJP.US,D,20190319,000000,22.325,22.335,22.256,22.256,31060,0
BSJP.US,D,20190320,000000,22.268,22.373,22.218,22.354,32766,0
BSJP.US,D,20190321,000000,22.345,22.401,22.286,22.345,29857,0
BSJP.US,D,20190322,000000,22.294,22.325,22.259,22.268,17347,0
BSJP.US,D,20190325,000000,22.306,22.311,22.264,22.277,16327,0
BSJP.US,D,20190326,000000,22.436,22.444,22.329,22.373,12281,0
BSJP.US,D,20190327,000000,22.401,22.401,22.306,22.361,19099,0
BSJP.US,D,20190328,000000,22.411,22.411,22.345,22.373,21271,0
BSJP.US,D,20190329,000000,22.448,22.491,22.402,22.43,14468,0
BSJP.US,D,20190401,000000,22.52,22.55,22.454,22.508,14013,0
BSJP.US,D,20190402,000000,22.54,22.54,22.463,22.53,17172,0
BSJP.US,D,20190403,000000,22.54,22.56,22.48,22.48,26018,0
BSJP.US,D,20190404,000000,22.55,22.607,22.496,22.607,30281,0
BSJP.US,D,20190405,000000,22.55,22.635,22.54,22.597,14578,0
BSJP.US,D,20190408,000000,22.568,22.626,22.568,22.592,20191,0
BSJP.US,D,20190409,000000,22.597,22.635,22.54,22.597,45460,0
BSJP.US,D,20190410,000000,22.66,22.686,22.612,22.686,21025,0
BSJP.US,D,20190411,000000,22.681,22.705,22.67,22.69,20978,0
BSJP.US,D,20190412,000000,22.74,22.767,22.694,22.763,9555,0
BSJP.US,D,20190415,000000,22.763,22.772,22.735,22.772,24767,0
BSJP.US,D,20190416,000000,22.791,22.791,22.744,22.772,25424,0
BSJP.US,D,20190417,000000,22.772,22.772,22.705,22.705,21149,0
BSJP.US,D,20190418,000000,22.744,22.744,22.635,22.725,52989,0
BSJP.US,D,20190422,000000,22.696,22.705,22.642,22.696,19136,0
BSJP.US,D,20190423,000000,22.735,22.782,22.686,22.754,7337,0
BSJP.US,D,20190424,000000,22.763,22.763,22.701,22.715,6600,0
BSJP.US,D,20190425,000000,22.67,22.744,22.67,22.735,10306,0
BSJP.US,D,20190426,000000,22.791,22.801,22.652,22.801,177577,0
BSJP.US,D,20190429,000000,22.754,22.811,22.754,22.796,12551,0
BSJP.US,D,20190430,000000,22.743,22.815,22.735,22.801,7595,0
BSJP.US,D,20190501,000000,22.821,22.831,22.74,22.763,20983,0
BSJP.US,D,20190502,000000,22.791,22.801,22.705,22.772,19918,0
BSJP.US,D,20190503,000000,22.807,22.867,22.764,22.831,34300,0
BSJP.US,D,20190506,000000,22.754,22.867,22.729,22.816,16963,0
BSJP.US,D,20190507,000000,22.763,22.763,22.662,22.662,33361,0
BSJP.US,D,20190508,000000,22.725,22.791,22.715,22.735,22092,0
BSJP.US,D,20190509,000000,22.686,22.686,22.581,22.626,23129,0
BSJP.US,D,20190510,000000,22.696,22.781,22.621,22.716,9187,0
BSJP.US,D,20190513,000000,22.616,22.616,22.515,22.539,20441,0
BSJP.US,D,20190514,000000,22.606,22.66,22.529,22.529,9582,0
BSJP.US,D,20190515,000000,22.529,22.66,22.529,22.597,50007,0
BSJP.US,D,20190516,000000,22.705,22.725,22.646,22.646,15760,0
BSJP.US,D,20190517,000000,22.662,22.696,22.63,22.678,13471,0
BSJP.US,D,20190520,000000,22.66,22.66,22.586,22.63,19741,0
BSJP.US,D,20190521,000000,22.696,22.725,22.643,22.715,26070,0
BSJP.US,D,20190522,000000,22.686,22.696,22.6,22.696,10248,0
BSJP.US,D,20190523,000000,22.635,22.635,22.55,22.626,16936,0
BSJP.US,D,20190524,000000,22.66,22.66,22.597,22.606,10253,0
BSJP.US,D,20190528,000000,22.635,22.635,22.576,22.596,27607,0
BSJP.US,D,20190529,000000,22.558,22.558,22.435,22.48,81803,0
BSJP.US,D,20190530,000000,22.489,22.546,22.48,22.48,3489,0
BSJP.US,D,20190531,000000,22.447,22.488,22.374,22.374,5221,0
BSJP.US,D,20190603,000000,22.47,22.47,22.398,22.418,7686,0
BSJP.US,D,20190604,000000,22.418,22.652,22.418,22.596,15841,0
BSJP.US,D,20190605,000000,22.666,22.696,22.586,22.655,9435,0
BSJP.US,D,20190606,000000,22.616,22.725,22.616,22.674,10456,0
BSJP.US,D,20190607,000000,22.725,22.822,22.725,22.787,19224,0
BSJP.US,D,20190610,000000,22.838,22.85,22.792,22.802,13736,0
BSJP.US,D,20190611,000000,22.906,22.915,22.782,22.868,18374,0
BSJP.US,D,20190612,000000,22.886,22.886,22.789,22.84,98020,0
BSJP.US,D,20190613,000000,22.877,22.906,22.822,22.906,120954,0
BSJP.US,D,20190614,000000,22.834,22.859,22.822,22.85,10051,0
BSJP.US,D,20190617,000000,22.868,22.868,22.797,22.812,8746,0
BSJP.US,D,20190618,000000,22.85,22.998,22.85,22.979,16946,0
BSJP.US,D,20190619,000000,23.018,23.079,22.935,23.079,12321,0
BSJP.US,D,20190620,000000,23.242,23.259,23.122,23.242,6415,0
BSJP.US,D,20190621,000000,23.092,23.177,23.092,23.141,5527,0
BSJP.US,D,20190624,000000,23.131,23.168,23.102,23.132,7242,0
BSJP.US,D,20190625,000000,23.094,23.097,22.978,23.026,23672,0
BSJP.US,D,20190626,000000,23.122,23.122,22.994,23.045,16801,0
BSJP.US,D,20190627,000000,23.102,23.112,23.007,23.088,11086,0
BSJP.US,D,20190628,000000,23.112,23.141,23.089,23.122,14443,0
BSJP.US,D,20190701,000000,23.217,23.217,23.082,23.132,37806,0
BSJP.US,D,20190702,000000,23.112,23.217,23.102,23.197,27818,0
BSJP.US,D,20190703,000000,23.217,23.252,23.168,23.234,43495,0
BSJP.US,D,20190705,000000,23.177,23.177,23.108,23.127,14498,0
BSJP.US,D,20190708,000000,23.132,23.141,23.092,23.092,7090,0
BSJP.US,D,20190709,000000,23.132,23.132,23.097,23.112,13040,0
BSJP.US,D,20190710,000000,23.158,23.168,23.117,23.141,14794,0
BSJP.US,D,20190711,000000,23.168,23.168,23.082,23.112,63448,0
BSJP.US,D,20190712,000000,23.082,23.176,23.082,23.102,13425,0
BSJP.US,D,20190715,000000,23.168,23.168,23.102,23.151,14391,0
BSJP.US,D,20190716,000000,23.141,23.158,23.092,23.107,13212,0
BSJP.US,D,20190717,000000,23.092,23.102,23.055,23.082,14850,0
BSJP.US,D,20190718,000000,23.102,23.122,23.054,23.092,11873,0
BSJP.US,D,20190719,000000,23.132,23.132,23.045,23.055,86159,0
BSJP.US,D,20190722,000000,23.132,23.132,23.053,23.102,24269,0
BSJP.US,D,20190723,000000,23.026,23.112,23.026,23.09,19957,0
BSJP.US,D,20190724,000000,23.141,23.141,23.065,23.132,40436,0
BSJP.US,D,20190725,000000,23.151,23.168,23.112,23.141,22872,0
BSJP.US,D,20190726,000000,23.159,23.253,23.159,23.253,14308,0
BSJP.US,D,20190729,000000,23.263,23.263,23.198,23.234,18644,0
BSJP.US,D,20190730,000000,23.159,23.168,23.111,23.141,7485,0
BSJP.US,D,20190731,000000,23.185,23.3,23.102,23.208,38533,0
BSJP.US,D,20190801,000000,23.198,23.282,23.102,23.102,17685,0
BSJP.US,D,20190802,000000,23.208,23.208,23.055,23.122,17868,0
BSJP.US,D,20190805,000000,23.017,23.017,22.819,22.819,15990,0
BSJP.US,D,20190806,000000,22.968,23.045,22.956,22.997,3194,0
BSJP.US,D,20190807,000000,22.958,23.015,22.868,23.015,70145,0
BSJP.US,D,20190808,000000,23.026,23.092,23.026,23.051,10149,0
BSJP.US,D,20190809,000000,23.007,23.092,23.007,23.055,25489,0
BSJP.US,D,20190812,000000,23.055,23.055,22.988,22.998,8750,0
BSJP.US,D,20190813,000000,23.092,23.168,23.061,23.109,29013,0
BSJP.US,D,20190814,000000,23.045,23.045,22.931,22.931,20854,0
BSJP.US,D,20190815,000000,22.972,23.035,22.94,23.007,19165,0
BSJP.US,D,20190816,000000,23.082,23.122,23.017,23.044,60326,0
BSJP.US,D,20190819,000000,23.123,23.169,23.074,23.074,53188,0
BSJP.US,D,20190820,000000,23.152,23.245,23.142,23.16,63987,0
BSJP.US,D,20190821,000000,23.237,23.248,23.169,23.196,53529,0
BSJP.US,D,20190822,000000,23.225,23.264,23.179,23.179,26031,0
BSJP.US,D,20190823,000000,23.292,23.292,23.122,23.122,15126,0
BSJP.US,D,20190826,000000,23.218,23.235,23.175,23.219,4719,0
BSJP.US,D,20190827,000000,23.381,23.381,23.237,23.259,17530,0
BSJP.US,D,20190828,000000,23.292,23.321,23.228,23.278,10630,0
BSJP.US,D,20190829,000000,23.37,23.418,23.352,23.376,10982,0
BSJP.US,D,20190830,000000,23.4,23.431,23.335,23.361,13305,0
BSJP.US,D,20190903,000000,23.366,23.366,23.245,23.296,14491,0
BSJP.US,D,20190904,000000,23.32,23.399,23.312,23.381,4384,0
BSJP.US,D,20190905,000000,23.361,23.389,23.351,23.351,7516,0
BSJP.US,D,20190906,000000,23.521,23.56,23.444,23.508,8511,0
BSJP.US,D,20190909,000000,23.446,23.531,23.446,23.484,9766,0
BSJP.US,D,20190910,000000,23.446,23.502,23.446,23.499,5307,0
BSJP.US,D,20190911,000000,23.481,23.521,23.456,23.511,11428,0
BSJP.US,D,20190912,000000,23.529,23.529,23.476,23.484,2380,0
BSJP.US,D,20190913,000000,23.436,23.531,23.436,23.494,5715,0
BSJP.US,D,20190916,000000,23.541,23.59,23.499,23.521,18417,0
BSJP.US,D,20190917,000000,23.551,23.59,23.512,23.546,17165,0
BSJP.US,D,20190918,000000,23.57,23.58,23.502,23.546,16461,0
BSJP.US,D,20190919,000000,23.61,23.619,23.526,23.526,11706,0
BSJP.US,D,20190920,000000,23.56,23.59,23.511,23.514,42009,0
BSJP.US,D,20190923,000000,23.6,23.615,23.549,23.59,18395,0
BSJP.US,D,20190924,000000,23.629,23.629,23.508,23.526,2877,0
BSJP.US,D,20190925,000000,23.57,23.58,23.484,23.536,10983,0
BSJP.US,D,20190926,000000,23.494,23.57,23.494,23.551,11272,0
BSJP.US,D,20190927,000000,23.541,23.541,23.417,23.46,15806,0
BSJP.US,D,20190930,000000,23.521,23.521,23.474,23.507,10528,0
BSJP.US,D,20191001,000000,23.56,23.56,23.432,23.463,16939,0
BSJP.US,D,20191002,000000,23.475,23.475,23.282,23.36,10731,0
BSJP.US,D,20191003,000000,23.347,23.37,23.266,23.35,21661,0
BSJP.US,D,20191004,000000,23.39,23.436,23.354,23.436,47170,0
BSJP.US,D,20191007,000000,23.436,23.436,23.378,23.386,9879,0
BSJP.US,D,20191008,000000,23.33,23.36,23.253,23.253,22152,0
BSJP.US,D,20191009,000000,23.426,23.436,23.32,23.37,45706,0
BSJP.US,D,20191010,000000,23.407,23.417,23.365,23.39,17257,0
BSJP.US,D,20191011,000000,23.398,23.502,23.398,23.446,12162,0
BSJP.US,D,20191014,000000,23.494,23.502,23.426,23.465,10601,0
BSJP.US,D,20191015,000000,23.475,23.511,23.436,23.494,19886,0
BSJP.US,D,20191016,000000,23.58,23.6,23.5,23.581,25571,0
BSJP.US,D,20191017,000000,23.542,23.6,23.531,23.575,17795,0
BSJP.US,D,20191018,000000,23.565,23.565,23.513,23.521,22887,0
BSJP.US,D,20191021,000000,23.541,23.541,23.502,23.502,17851,0
BSJP.US,D,20191022,000000,23.465,23.541,23.464,23.511,37804,0
BSJP.US,D,20191023,000000,23.56,23.56,23.465,23.541,15502,0
BSJP.US,D,20191024,000000,23.523,23.551,23.521,23.536,12751,0
BSJP.US,D,20191025,000000,23.541,23.57,23.528,23.56,28652,0
BSJP.US,D,20191028,000000,23.647,23.647,23.6,23.63,30676,0
BSJP.US,D,20191029,000000,23.61,23.61,23.575,23.59,14753,0
BSJP.US,D,20191030,000000,23.568,23.6,23.519,23.56,21072,0
BSJP.US,D,20191031,000000,23.6,23.6,23.476,23.521,17875,0
BSJP.US,D,20191101,000000,23.57,23.62,23.501,23.62,96148,0
BSJP.US,D,20191104,000000,23.6,23.657,23.6,23.62,65373,0
BSJP.US,D,20191105,000000,23.647,23.647,23.541,23.61,45164,0
BSJP.US,D,20191106,000000,23.657,23.657,23.59,23.605,30343,0
BSJP.US,D,20191107,000000,23.637,23.637,23.61,23.631,8836,0
BSJP.US,D,20191108,000000,23.686,23.686,23.62,23.628,37279,0
BSJP.US,D,20191111,000000,23.59,23.63,23.59,23.6,5029,0
BSJP.US,D,20191112,000000,23.667,23.667,23.605,23.62,8971,0
BSJP.US,D,20191113,000000,23.62,23.631,23.61,23.615,27462,0
BSJP.US,D,20191114,000000,23.686,23.686,23.593,23.6,22761,0
BSJP.US,D,20191115,000000,23.676,23.676,23.596,23.62,136062,0
BSJP.US,D,20191118,000000,23.63,23.63,23.6,23.61,32750,0
BSJP.US,D,20191119,000000,23.581,23.581,23.531,23.541,20028,0
BSJP.US,D,20191120,000000,23.541,23.581,23.511,23.536,25774,0
BSJP.US,D,20191121,000000,23.501,23.501,23.464,23.464,12303,0
BSJP.US,D,20191122,000000,23.511,23.511,23.488,23.511,19870,0
BSJP.US,D,20191125,000000,23.531,23.575,23.531,23.575,33445,0
BSJP.US,D,20191126,000000,23.637,23.637,23.569,23.59,22341,0
BSJP.US,D,20191127,000000,23.61,23.62,23.59,23.62,43304,0
BSJP.US,D,20191129,000000,23.647,23.657,23.637,23.637,12085,0
BSJP.US,D,20191202,000000,23.647,23.647,23.552,23.615,15238,0
BSJP.US,D,20191203,000000,23.56,23.59,23.521,23.59,33005,0
BSJP.US,D,20191204,000000,23.57,23.637,23.57,23.63,21553,0
BSJP.US,D,20191205,000000,23.637,23.686,23.637,23.686,16171,0
BSJP.US,D,20191206,000000,23.754,23.754,23.724,23.744,11096,0
BSJP.US,D,20191209,000000,23.754,23.783,23.744,23.754,15620,0
BSJP.US,D,20191210,000000,23.764,23.773,23.751,23.773,48850,0
BSJP.US,D,20191211,000000,23.783,23.848,23.783,23.848,33780,0
BSJP.US,D,20191212,000000,23.888,23.927,23.86,23.927,41399,0
BSJP.US,D,20191213,000000,23.976,23.976,23.914,23.918,112763,0
BSJP.US,D,20191216,000000,23.976,23.976,23.899,23.956,21291,0
BSJP.US,D,20191217,000000,23.956,24.016,23.936,24.016,58753,0
BSJP.US,D,20191218,000000,24.016,24.045,24.016,24.045,34165,0
BSJP.US,D,20191219,000000,24.055,24.084,24.045,24.074,37127,0
BSJP.US,D,20191220,000000,24.084,24.103,24.055,24.065,48409,0
BSJP.US,D,20191223,000000,23.959,23.966,23.946,23.966,19172,0
BSJP.US,D,20191224,000000,23.927,23.956,23.899,23.956,21900,0
BSJP.US,D,20191226,000000,23.981,23.986,23.976,23.986,23778,0
BSJP.US,D,20191227,000000,23.996,24.006,23.976,24.001,30376,0
BSJP.US,D,20191230,000000,24.036,24.036,23.946,23.981,18727,0
BSJP.US,D,20191231,000000,23.986,24.036,23.946,23.981,18727,0
BSJP.US,D,20200102,000000,23.986,24.045,23.986,24.045,64268,0
BSJP.US,D,20200103,000000,24.094,24.094,23.986,24.021,49671,0
BSJP.US,D,20200106,000000,24.045,24.065,24.016,24.065,52000,0
BSJP.US,D,20200107,000000,24.055,24.069,24.045,24.045,41105,0
BSJP.US,D,20200108,000000,24.016,24.045,24.006,24.026,72395,0
BSJP.US,D,20200109,000000,24.026,24.065,24.026,24.065,49902,0
BSJP.US,D,20200110,000000,24.036,24.074,24.036,24.074,76257,0
BSJP.US,D,20200113,000000,24.074,24.103,24.065,24.094,53974,0
BSJP.US,D,20200114,000000,24.094,24.094,24.074,24.094,45974,0
BSJP.US,D,20200115,000000,24.094,24.103,24.084,24.103,317648,0
BSJP.US,D,20200116,000000,24.094,24.112,24.084,24.112,46403,0
BSJP.US,D,20200117,000000,24.112,24.126,24.094,24.121,46970,0
BSJP.US,D,20200121,000000,24.036,24.036,23.936,23.966,111939,0
BSJP.US,D,20200122,000000,23.986,23.986,23.961,23.971,65150,0
BSJP.US,D,20200123,000000,23.956,23.956,23.878,23.908,54654,0
BSJP.US,D,20200124,000000,23.946,23.946,23.832,23.838,66668,0
BSJP.US,D,20200127,000000,23.714,23.714,23.62,23.667,68226,0
BSJP.US,D,20200128,000000,23.754,23.848,23.744,23.823,133472,0
BSJP.US,D,20200129,000000,23.878,23.878,23.793,23.818,55446,0
BSJP.US,D,20200130,000000,23.696,23.803,23.696,23.803,184647,0
BSJP.US,D,20200131,000000,23.793,23.833,23.696,23.734,205698,0
BSJP.US,D,20200203,000000,23.823,23.823,23.749,23.793,117562,0
BSJP.US,D,20200204,000000,23.754,23.871,23.754,23.862,187165,0
BSJP.US,D,20200205,000000,23.936,23.936,23.843,23.936,62049,0
BSJP.US,D,20200206,000000,23.936,23.956,23.862,23.956,119230,0
BSJP.US,D,20200207,000000,23.927,23.936,23.908,23.936,51579,0
BSJP.US,D,20200210,000000,23.936,23.946,23.908,23.946,45699,0
BSJP.US,D,20200211,000000,23.956,24.006,23.956,24.006,70209,0
BSJP.US,D,20200212,000000,24.036,24.093,23.975,24.065,37580,0
BSJP.US,D,20200213,000000,24.065,24.065,24.006,24.055,35059,0
BSJP.US,D,20200214,000000,24.045,24.045,24.016,24.036,69288,0
BSJP.US,D,20200218,000000,24.006,24.026,23.976,24.026,43480,0
BSJP.US,D,20200219,000000,24.045,24.053,24.026,24.036,59878,0
BSJP.US,D,20200220,000000,24.026,24.055,23.956,24.055,58454,0
BSJP.US,D,20200221,000000,24.045,24.045,23.956,23.996,46709,0
BSJP.US,D,20200224,000000,23.792,23.878,23.743,23.842,32871,0
BSJP.US,D,20200225,000000,23.986,23.986,23.646,23.646,33465,0
BSJP.US,D,20200226,000000,23.713,23.782,23.561,23.723,25540,0
BSJP.US,D,20200227,000000,23.423,23.529,23.267,23.335,78540,0
BSJP.US,D,20200228,000000,23.142,23.481,23.064,23.481,166975,0
BSJP.US,D,20200302,000000,23.375,23.685,23.345,23.685,182876,0
BSJP.US,D,20200303,000000,23.552,23.704,23.413,23.539,25424,0
BSJP.US,D,20200304,000000,23.666,23.803,23.663,23.797,128801,0
BSJP.US,D,20200305,000000,23.646,23.646,23.419,23.453,44662,0
BSJP.US,D,20200306,000000,23.132,23.257,23.082,23.19,20604,0
BSJP.US,D,20200309,000000,22.219,22.237,21.635,22.199,71573,0
BSJP.US,D,20200310,000000,22.558,22.786,22.363,22.739,29701,0
BSJP.US,D,20200311,000000,22.257,22.257,21.871,22.023,25544,0
BSJP.US,D,20200312,000000,21.158,21.685,20.576,21.081,83463,0
BSJP.US,D,20200313,000000,21.519,21.859,21.317,21.859,36672,0
BSJP.US,D,20200316,000000,20.313,20.965,19.1,20.411,36104,0
BSJP.US,D,20200317,000000,20.471,20.887,19.411,20.726,170724,0
BSJP.US,D,20200318,000000,20.062,20.305,19.402,19.82,144799,0
BSJP.US,D,20200319,000000,19.605,19.786,19.177,19.555,40929,0
BSJP.US,D,20200320,000000,19.555,19.555,18.632,18.934,68608,0
BSJP.US,D,20200323,000000,18.546,18.696,17.83,18.289,104682,0
BSJP.US,D,20200324,000000,18.265,18.74,18.265,18.72,36600,0
BSJP.US,D,20200325,000000,18.74,19.868,18.458,19.377,35248,0
BSJP.US,D,20200326,000000,19.468,20.313,19.468,20.285,35550,0
BSJP.US,D,20200327,000000,19.72,20.526,19.72,20.209,43505,0
BSJP.US,D,20200330,000000,20.032,20.694,20.032,20.694,7816,0
BSJP.US,D,20200331,000000,20.703,20.799,20.237,20.694,25291,0
BSJP.US,D,20200401,000000,20.333,20.353,20.023,20.145,15540,0
BSJP.US,D,20200402,000000,19.964,20.362,19.924,20.06,21061,0
BSJP.US,D,20200403,000000,20.258,20.258,19.645,19.76,34085,0
BSJP.US,D,20200406,000000,19.964,20.261,19.964,20.249,30222,0
BSJP.US,D,20200407,000000,20.634,20.634,20.237,20.305,55863,0
BSJP.US,D,20200408,000000,20.313,20.766,20.313,20.74,13933,0
BSJP.US,D,20200409,000000,21.237,22.699,21.237,22.002,253007,0
BSJP.US,D,20200413,000000,21.805,21.839,21.372,21.461,92894,0
BSJP.US,D,20200414,000000,21.771,21.809,21.423,21.553,40781,0
BSJP.US,D,20200415,000000,21.48,21.704,21.401,21.704,22816,0
BSJP.US,D,20200416,000000,21.742,21.742,21.441,21.572,28176,0
BSJP.US,D,20200417,000000,22.315,22.315,21.625,21.791,23976,0
BSJP.US,D,20200420,000000,21.518,21.595,21.439,21.464,35105,0
BSJP.US,D,20200421,000000,21.195,21.195,20.784,20.981,27276,0
BSJP.US,D,20200422,000000,21.276,21.282,21.254,21.282,27029,0
BSJP.US,D,20200423,000000,21.308,21.366,21.244,21.254,52595,0
BSJP.US,D,20200424,000000,21.234,21.234,21,21.106,182444,0
BSJP.US,D,20200427,000000,21.184,21.253,21.055,21.21,28769,0
BSJP.US,D,20200428,000000,21.313,21.313,21.069,21.077,12661,0
BSJP.US,D,20200429,000000,21.234,21.439,21.234,21.439,106335,0
BSJP.US,D,20200430,000000,21.38,21.528,21.322,21.457,27190,0
BSJP.US,D,20200501,000000,21.361,21.361,21.2,21.265,30881,0
BSJP.US,D,20200504,000000,21.185,21.274,21.087,21.274,49177,0
BSJP.US,D,20200505,000000,21.322,21.39,21.254,21.317,6831,0
BSJP.US,D,20200506,000000,21.459,21.459,21.225,21.225,83518,0
BSJP.US,D,20200507,000000,21.419,21.449,21.327,21.327,6910,0
BSJP.US,D,20200508,000000,21.419,21.508,21.399,21.478,14401,0
BSJP.US,D,20200511,000000,21.469,21.478,21.458,21.458,18434,0
BSJP.US,D,20200512,000000,21.644,21.644,21.445,21.445,32767,0
BSJP.US,D,20200513,000000,21.38,21.39,21.294,21.304,123462,0
BSJP.US,D,20200514,000000,21.175,21.321,21.116,21.321,66934,0
BSJP.US,D,20200515,000000,21.146,21.264,21.126,21.264,51948,0
BSJP.US,D,20200518,000000,21.509,21.626,21.509,21.626,77931,0
BSJP.US,D,20200519,000000,21.597,21.666,21.567,21.666,76150,0
BSJP.US,D,20200520,000000,21.744,21.891,21.744,21.891,41861,0
BSJP.US,D,20200521,000000,21.822,21.931,21.783,21.881,56203,0
BSJP.US,D,20200522,000000,21.852,21.98,21.832,21.96,24078,0
BSJP.US,D,20200526,000000,22.067,22.176,22.067,22.146,57659,0
BSJP.US,D,20200527,000000,22.264,22.278,22.107,22.264,32782,0
BSJP.US,D,20200528,000000,22.264,22.421,22.244,22.283,63056,0
BSJP.US,D,20200529,000000,22.264,22.431,22.166,22.402,84679,0
BSJP.US,D,20200601,000000,22.362,22.578,22.362,22.578,129647,0
BSJP.US,D,20200602,000000,22.529,22.763,22.529,22.716,43337,0
BSJP.US,D,20200603,000000,22.843,22.94,22.813,22.908,23557,0
BSJP.US,D,20200604,000000,22.843,22.883,22.803,22.818,28220,0
BSJP.US,D,20200605,000000,23.078,23.273,23.078,23.118,38695,0
BSJP.US,D,20200608,000000,23.138,23.138,23.048,23.098,17044,0
BSJP.US,D,20200609,000000,22.912,22.998,22.883,22.945,34952,0
BSJP.US,D,20200610,000000,22.959,22.988,22.833,22.979,40612,0
BSJP.US,D,20200611,000000,22.637,22.695,22.362,22.421,93429,0
BSJP.US,D,20200612,000000,22.647,22.768,22.474,22.667,136776,0
BSJP.US,D,20200615,000000,22.421,22.922,22.421,22.863,249717,0
BSJP.US,D,20200616,000000,23.098,23.098,22.823,22.893,82180,0
BSJP.US,D,20200617,000000,22.94,22.969,22.803,22.853,55445,0
BSJP.US,D,20200618,000000,22.763,22.853,22.719,22.813,88013,0
BSJP.US,D,20200619,000000,22.843,22.883,22.704,22.783,43096,0
BSJP.US,D,20200622,000000,22.657,22.734,22.613,22.685,59266,0
BSJP.US,D,20200623,000000,22.676,22.734,22.648,22.704,64258,0
BSJP.US,D,20200624,000000,22.598,22.647,22.322,22.489,64411,0
BSJP.US,D,20200625,000000,22.45,22.518,22.362,22.508,83788,0
BSJP.US,D,20200626,000000,22.469,22.469,22.235,22.342,137116,0
BSJP.US,D,20200629,000000,22.303,22.313,22.097,22.195,205695,0
BSJP.US,D,20200630,000000,22.186,22.342,22.186,22.342,98426,0
BSJP.US,D,20200701,000000,22.313,22.412,22.313,22.412,51540,0
BSJP.US,D,20200702,000000,22.538,22.714,22.489,22.588,137599,0
BSJP.US,D,20200706,000000,22.647,22.743,22.598,22.743,120371,0
BSJP.US,D,20200707,000000,22.667,22.773,22.637,22.657,118979,0
BSJP.US,D,20200708,000000,22.59,22.676,22.518,22.578,155021,0
BSJP.US,D,20200709,000000,22.588,22.588,22.44,22.548,92715,0
BSJP.US,D,20200710,000000,22.538,22.628,22.499,22.628,116318,0
BSJP.US,D,20200713,000000,22.628,22.688,22.469,22.479,80352,0
BSJP.US,D,20200714,000000,22.518,22.667,22.515,22.667,85895,0
BSJP.US,D,20200715,000000,22.714,22.843,22.714,22.843,54274,0
BSJP.US,D,20200716,000000,22.783,22.863,22.783,22.853,58548,0
BSJP.US,D,20200717,000000,22.823,22.912,22.803,22.912,336535,0
BSJP.US,D,20200720,000000,22.833,22.969,22.823,22.969,62983,0
BSJP.US,D,20200721,000000,22.979,23.058,22.95,23.058,57509,0
BSJP.US,D,20200722,000000,23.028,23.108,23.003,23.108,54931,0
BSJP.US,D,20200723,000000,23.095,23.114,22.979,23.053,86700,0
BSJP.US,D,20200724,000000,23.058,23.148,22.988,23.148,57274,0
BSJP.US,D,20200727,000000,23.118,23.176,23.048,23.167,81592,0
BSJP.US,D,20200728,000000,23.108,23.176,23.068,23.128,52427,0
BSJP.US,D,20200729,000000,23.148,23.234,23.128,23.225,97219,0
BSJP.US,D,20200730,000000,23.176,23.273,23.167,23.273,68891,0
BSJP.US,D,20200731,000000,23.244,23.303,23.157,23.303,72788,0
BSJP.US,D,20200803,000000,23.288,23.293,23.201,23.263,49195,0
BSJP.US,D,20200804,000000,23.216,23.273,23.196,23.253,52579,0
BSJP.US,D,20200805,000000,23.244,23.303,23.244,23.303,36444,0
BSJP.US,D,20200806,000000,23.303,23.363,23.283,23.353,52887,0
BSJP.US,D,20200807,000000,23.293,23.373,23.293,23.363,36221,0
BSJP.US,D,20200810,000000,23.363,23.375,23.293,23.333,29382,0
BSJP.US,D,20200811,000000,23.333,23.383,23.216,23.216,62634,0
BSJP.US,D,20200812,000000,23.283,23.303,23.216,23.263,125461,0
BSJP.US,D,20200813,000000,23.263,23.263,23.168,23.206,97547,0
BSJP.US,D,20200814,000000,23.148,23.196,23.088,23.148,94481,0
BSJP.US,D,20200817,000000,23.138,23.244,23.108,23.225,113722,0
BSJP.US,D,20200818,000000,23.234,23.263,23.191,23.263,70747,0
BSJP.US,D,20200819,000000,23.244,23.283,23.176,23.196,60725,0
BSJP.US,D,20200820,000000,23.108,23.273,23.108,23.244,92566,0
BSJP.US,D,20200821,000000,23.206,23.293,23.206,23.283,121719,0
BSJP.US,D,20200824,000000,23.323,23.373,23.283,23.373,70254,0
BSJP.US,D,20200825,000000,23.383,23.402,23.268,23.402,77149,0
BSJP.US,D,20200826,000000,23.422,23.442,23.353,23.422,67373,0
BSJP.US,D,20200827,000000,23.432,23.471,23.313,23.392,98967,0
BSJP.US,D,20200828,000000,23.412,23.5,23.378,23.422,61940,0
BSJP.US,D,20200831,000000,23.402,23.422,23.323,23.383,47606,0
BSJP.US,D,20200901,000000,23.373,23.491,23.353,23.471,120365,0
BSJP.US,D,20200902,000000,23.442,23.54,23.383,23.5,51819,0
BSJP.US,D,20200903,000000,23.461,23.461,23.283,23.383,89706,0
BSJP.US,D,20200904,000000,23.392,23.432,23.166,23.333,67891,0
BSJP.US,D,20200908,000000,23.206,23.293,23.147,23.225,43934,0
BSJP.US,D,20200909,000000,23.225,23.412,23.225,23.363,62153,0
BSJP.US,D,20200910,000000,23.343,23.392,23.263,23.313,78201,0
BSJP.US,D,20200911,000000,23.303,23.343,23.273,23.333,36038,0
BSJP.US,D,20200914,000000,23.353,23.383,23.288,23.333,23474,0
BSJP.US,D,20200915,000000,23.353,23.392,23.313,23.353,35966,0
BSJP.US,D,20200916,000000,23.373,23.461,23.353,23.373,20470,0
BSJP.US,D,20200917,000000,23.303,23.392,23.303,23.383,36613,0
BSJP.US,D,20200918,000000,23.373,23.397,23.293,23.313,42598,0
BSJP.US,D,20200921,000000,23.087,23.137,23.007,23.087,26790,0
BSJP.US,D,20200922,000000,23.077,23.186,23.032,23.156,70883,0
BSJP.US,D,20200923,000000,23.137,23.137,22.92,22.968,89006,0
BSJP.US,D,20200924,000000,22.891,23.002,22.871,22.93,53815,0
BSJP.US,D,20200925,000000,22.891,22.958,22.861,22.92,27796,0
BSJP.US,D,20200928,000000,22.939,23.047,22.939,23.017,75977,0
BSJP.US,D,20200929,000000,23.007,23.037,22.949,23.017,33674,0
BSJP.US,D,20200930,000000,23.017,23.156,23.017,23.137,67610,0
BSJP.US,D,20201001,000000,23.156,23.216,23.142,23.206,69380,0
BSJP.US,D,20201002,000000,23.147,23.225,23.107,23.216,101071,0
BSJP.US,D,20201005,000000,23.225,23.332,23.225,23.323,115565,0
BSJP.US,D,20201006,000000,23.363,23.481,23.253,23.323,183018,0
BSJP.US,D,20201007,000000,23.373,23.422,23.323,23.402,99821,0
BSJP.US,D,20201008,000000,23.373,23.432,23.363,23.432,58016,0
BSJP.US,D,20201009,000000,23.442,23.491,23.422,23.452,121464,0
BSJP.US,D,20201012,000000,23.481,23.604,23.447,23.589,93992,0
BSJP.US,D,20201013,000000,23.54,23.559,23.442,23.52,238953,0
BSJP.US,D,20201014,000000,23.5,23.544,23.383,23.452,214209,0
BSJP.US,D,20201015,000000,23.353,23.486,23.326,23.422,153313,0
BSJP.US,D,20201016,000000,23.461,23.53,23.402,23.417,120332,0
BSJP.US,D,20201019,000000,23.363,23.402,23.234,23.243,164646,0
BSJP.US,D,20201020,000000,23.253,23.373,23.253,23.318,138338,0
BSJP.US,D,20201021,000000,23.323,23.437,23.303,23.313,168099,0
BSJP.US,D,20201022,000000,23.373,23.417,23.293,23.384,131406,0
BSJP.US,D,20201023,000000,23.442,23.461,23.353,23.416,135701,0
BSJP.US,D,20201026,000000,23.343,23.363,23.234,23.273,160846,0
BSJP.US,D,20201027,000000,23.303,23.303,23.253,23.263,249213,0
BSJP.US,D,20201028,000000,23.186,23.186,23.012,23.077,305330,0
BSJP.US,D,20201029,000000,23.017,23.156,23.017,23.127,183860,0
BSJP.US,D,20201030,000000,23.107,23.176,23.037,23.176,194999,0
BSJP.US,D,20201102,000000,23.196,23.273,23.156,23.234,472546,0
BSJP.US,D,20201103,000000,23.293,23.452,23.263,23.422,247313,0
BSJP.US,D,20201104,000000,23.491,23.638,23.461,23.579,274790,0
BSJP.US,D,20201105,000000,23.688,23.737,23.609,23.629,130286,0
BSJP.US,D,20201106,000000,23.629,23.668,23.559,23.589,60436,0
BSJP.US,D,20201109,000000,23.953,23.953,23.757,23.767,221427,0
BSJP.US,D,20201110,000000,23.776,23.8,23.727,23.757,102562,0
BSJP.US,D,20201111,000000,23.865,23.865,23.707,23.747,171709,0
BSJP.US,D,20201112,000000,23.717,23.737,23.599,23.599,224818,0
BSJP.US,D,20201113,000000,23.629,23.776,23.609,23.688,254049,0
BSJP.US,D,20201116,000000,23.767,23.786,23.717,23.776,214449,0
BSJP.US,D,20201117,000000,23.717,23.846,23.717,23.806,181638,0
BSJP.US,D,20201118,000000,23.826,23.846,23.747,23.767,183672,0
BSJP.US,D,20201119,000000,23.707,23.87,23.707,23.865,228414,0
BSJP.US,D,20201120,000000,23.816,23.836,23.776,23.816,188700,0
BSJP.US,D,20201123,000000,23.846,23.865,23.776,23.846,353706,0
BSJP.US,D,20201124,000000,23.874,23.954,23.865,23.894,152699,0
BSJP.US,D,20201125,000000,23.894,23.934,23.846,23.934,247788,0
BSJP.US,D,20201127,000000,23.954,23.956,23.914,23.924,147547,0
BSJP.US,D,20201130,000000,23.914,23.924,23.86,23.904,135572,0
BSJP.US,D,20201201,000000,23.944,24.004,23.944,23.994,336238,0
BSJP.US,D,20201202,000000,23.974,24.053,23.944,24.053,191789,0
BSJP.US,D,20201203,000000,24.063,24.097,24.034,24.058,319399,0
BSJP.US,D,20201204,000000,24.043,24.134,24.043,24.132,736006,0
BSJP.US,D,20201207,000000,24.083,24.122,24.058,24.112,404266,0
BSJP.US,D,20201208,000000,24.073,24.112,24.071,24.112,211785,0
BSJP.US,D,20201209,000000,24.112,24.112,24.034,24.063,831101,0
BSJP.US,D,20201210,000000,24.024,24.122,24.024,24.122,348709,0
BSJP.US,D,20201211,000000,24.093,24.115,24.043,24.083,388814,0
BSJP.US,D,20201214,000000,24.122,24.122,24.039,24.073,452079,0
BSJP.US,D,20201215,000000,24.112,24.162,24.073,24.162,422502,0
BSJP.US,D,20201216,000000,24.152,24.152,24.043,24.122,374086,0
BSJP.US,D,20201217,000000,24.152,24.256,24.108,24.162,490972,0
BSJP.US,D,20201218,000000,24.162,24.191,24.131,24.171,431015,0
BSJP.US,D,20201221,000000,24.014,24.034,23.959,23.994,527218,0
BSJP.US,D,20201222,000000,24.014,24.039,23.974,24.034,407091,0
BSJP.US,D,20201223,000000,24.063,24.132,24.043,24.112,379038,0
BSJP.US,D,20201224,000000,24.118,24.171,24.106,24.171,406771,0
BSJP.US,D,20201228,000000,24.211,24.243,24.162,24.191,819918,0
BSJP.US,D,20201229,000000,24.211,24.211,24.142,24.171,454221,0
BSJP.US,D,20201230,000000,24.181,24.221,24.169,24.211,454001,0
BSJP.US,D,20201231,000000,24.211,24.241,24.187,24.241,213928,0
BSJP.US,D,20210104,000000,24.241,24.241,24.112,24.191,830302,0
BSJP.US,D,20210105,000000,24.162,24.211,24.151,24.191,407262,0
BSJP.US,D,20210106,000000,24.152,24.231,24.152,24.171,622436,0
BSJP.US,D,20210107,000000,24.201,24.251,24.186,24.231,584806,0
BSJP.US,D,20210108,000000,24.231,24.261,24.186,24.261,498609,0
BSJP.US,D,20210111,000000,24.201,24.201,24.128,24.152,435559,0
BSJP.US,D,20210112,000000,24.152,24.201,24.1,24.201,918090,0
BSJP.US,D,20210113,000000,24.171,24.241,24.171,24.241,535819,0
BSJP.US,D,20210114,000000,24.251,24.251,24.199,24.221,528720,0
BSJP.US,D,20210115,000000,24.221,24.246,24.171,24.231,1055230,0
BSJP.US,D,20210119,000000,24.282,24.282,24.217,24.262,636077,0
BSJP.US,D,20210120,000000,24.282,24.312,24.257,24.292,437682,0
BSJP.US,D,20210121,000000,24.282,24.303,24.252,24.277,473520,0
BSJP.US,D,20210122,000000,24.252,24.282,24.207,24.252,611370,0
BSJP.US,D,20210125,000000,24.252,24.252,24.143,24.232,1387335,0
BSJP.US,D,20210126,000000,24.252,24.252,24.199,24.232,684696,0
BSJP.US,D,20210127,000000,24.222,24.232,24.133,24.172,1202131,0
BSJP.US,D,20210128,000000,24.242,24.282,24.212,24.232,390354,0
BSJP.US,D,20210129,000000,24.232,24.242,24.153,24.163,522663,0
BSJP.US,D,20210201,000000,24.212,24.242,24.153,24.232,1059493,0
BSJP.US,D,20210202,000000,24.262,24.312,24.262,24.302,438166,0
BSJP.US,D,20210203,000000,24.292,24.331,24.272,24.321,420762,0
BSJP.US,D,20210204,000000,24.32,24.371,24.319,24.361,398578,0
BSJP.US,D,20210205,000000,24.391,24.419,24.381,24.391,231819,0
BSJP.US,D,20210208,000000,24.421,24.441,24.396,24.441,182610,0
BSJP.US,D,20210209,000000,24.401,24.431,24.391,24.391,206614,0
BSJP.US,D,20210210,000000,24.431,24.441,24.371,24.416,441016,0
BSJP.US,D,20210211,000000,24.451,24.451,24.401,24.441,106406,0
BSJP.US,D,20210212,000000,24.411,24.48,24.411,24.48,162577,0
BSJP.US,D,20210216,000000,24.48,24.48,24.436,24.451,268623,0
BSJP.US,D,20210217,000000,24.391,24.461,24.391,24.461,279495,0
BSJP.US,D,20210218,000000,24.431,24.441,24.401,24.441,235990,0
BSJP.US,D,20210219,000000,24.461,24.48,24.421,24.451,252436,0
BSJP.US,D,20210222,000000,24.421,24.441,24.391,24.411,132475,0
BSJP.US,D,20210223,000000,24.411,24.456,24.331,24.441,359677,0
BSJP.US,D,20210224,000000,24.431,24.471,24.411,24.451,202270,0
BSJP.US,D,20210225,000000,24.441,24.461,24.291,24.321,368081,0
BSJP.US,D,20210226,000000,24.351,24.351,24.271,24.301,220547,0
BSJP.US,D,20210301,000000,24.321,24.461,24.321,24.461,327254,0
BSJP.US,D,20210302,000000,24.451,24.455,24.421,24.441,176785,0
BSJP.US,D,20210303,000000,24.401,24.421,24.361,24.411,242807,0
BSJP.US,D,20210304,000000,24.431,24.44,24.291,24.341,276760,0
BSJP.US,D,20210305,000000,24.371,24.401,24.291,24.396,259749,0
BSJP.US,D,20210308,000000,24.381,24.391,24.271,24.281,194892,0
BSJP.US,D,20210309,000000,24.311,24.351,24.301,24.311,217804,0
BSJP.US,D,20210310,000000,24.301,24.381,24.301,24.371,242616,0
BSJP.US,D,20210311,000000,24.396,24.451,24.396,24.431,363240,0
BSJP.US,D,20210312,000000,24.411,24.411,24.358,24.396,225900,0
BSJP.US,D,20210315,000000,24.382,24.411,24.36,24.411,175297,0
BSJP.US,D,20210316,000000,24.401,24.401,24.331,24.351,139328,0
BSJP.US,D,20210317,000000,24.331,24.418,24.299,24.391,252045,0
BSJP.US,D,20210318,000000,24.331,24.351,24.241,24.266,445001,0
BSJP.US,D,20210319,000000,24.261,24.341,24.241,24.341,568860,0
BSJP.US,D,20210322,000000,24.261,24.331,24.24,24.311,286572,0
BSJP.US,D,20210323,000000,24.311,24.311,24.256,24.311,242632,0
BSJP.US,D,20210324,000000,24.321,24.391,24.321,24.341,413691,0
BSJP.US,D,20210325,000000,24.341,24.371,24.311,24.371,156461,0
BSJP.US,D,20210326,000000,24.371,24.421,24.326,24.421,373020,0
BSJP.US,D,20210329,000000,24.401,24.451,24.351,24.441,381040,0
BSJP.US,D,20210330,000000,24.421,24.421,24.376,24.411,173408,0
BSJP.US,D,20210331,000000,24.411,24.471,24.391,24.471,264314,0
BSJP.US,D,20210401,000000,24.48,24.53,24.461,24.53,117790,0
BSJP.US,D,20210405,000000,24.53,24.54,24.495,24.54,111470,0
BSJP.US,D,20210406,000000,24.52,24.565,24.52,24.56,171080,0
BSJP.US,D,20210407,000000,24.56,24.57,24.53,24.56,223258,0
BSJP.US,D,20210408,000000,24.53,24.58,24.53,24.57,109406,0
BSJP.US,D,20210409,000000,24.51,24.55,24.51,24.55,90257,0
BSJP.US,D,20210412,000000,24.54,24.54,24.5,24.54,73877,0
BSJP.US,D,20210413,000000,24.51,24.55,24.5,24.55,108739,0
BSJP.US,D,20210414,000000,24.54,24.59,24.54,24.575,623764,0
BSJP.US,D,20210415,000000,24.58,24.62,24.578,24.62,103245,0
BSJP.US,D,20210416,000000,24.64,24.64,24.59,24.59,77114,0
BSJP.US,D,20210419,000000,24.51,24.51,24.47,24.49,117594,0
BSJP.US,D,20210420,000000,24.49,24.49,24.456,24.466,92214,0
BSJP.US,D,20210421,000000,24.461,24.51,24.461,24.51,97801,0
BSJP.US,D,20210422,000000,24.51,24.51,24.471,24.5,125589,0
BSJP.US,D,20210423,000000,24.49,24.54,24.488,24.53,162792,0
BSJP.US,D,20210426,000000,24.53,24.54,24.506,24.53,84344,0
BSJP.US,D,20210427,000000,24.53,24.53,24.495,24.51,89023,0
BSJP.US,D,20210428,000000,24.51,24.54,24.5,24.54,120531,0
BSJP.US,D,20210429,000000,24.54,24.56,24.52,24.56,113061,0
BSJP.US,D,20210430,000000,24.55,24.56,24.545,24.56,88654,0
BSJP.US,D,20210503,000000,24.57,24.58,24.54,24.56,281328,0
BSJP.US,D,20210504,000000,24.53,24.555,24.505,24.54,107193,0
BSJP.US,D,20210505,000000,24.55,24.589,24.535,24.575,171742,0
BSJP.US,D,20210506,000000,24.57,24.6,24.57,24.59,94852,0
BSJP.US,D,20210507,000000,24.58,24.62,24.576,24.61,139861,0
BSJP.US,D,20210510,000000,24.61,24.61,24.57,24.58,57828,0
BSJP.US,D,20210511,000000,24.53,24.55,24.5,24.55,84429,0
BSJP.US,D,20210512,000000,24.54,24.54,24.471,24.48,59871,0
BSJP.US,D,20210513,000000,24.48,24.535,24.48,24.53,171942,0
BSJP.US,D,20210514,000000,24.53,24.57,24.52,24.57,68767,0
BSJP.US,D,20210517,000000,24.56,24.575,24.527,24.56,85962,0
BSJP.US,D,20210518,000000,24.54,24.57,24.53,24.53,102183,0
BSJP.US,D,20210519,000000,24.49,24.51,24.471,24.49,149969,0
BSJP.US,D,20210520,000000,24.49,24.55,24.48,24.55,220724,0
BSJP.US,D,20210521,000000,24.56,24.58,24.54,24.57,141829,0
BSJP.US,D,20210524,000000,24.471,24.51,24.461,24.51,120114,0
BSJP.US,D,20210525,000000,24.5,24.525,24.5,24.52,48933,0
BSJP.US,D,20210526,000000,24.53,24.54,24.51,24.54,75356,0
BSJP.US,D,20210527,000000,24.55,24.56,24.53,24.54,129105,0
BSJP.US,D,20210528,000000,24.55,24.56,24.51,24.53,75998,0
BSJP.US,D,20210601,000000,24.56,24.57,24.54,24.57,129724,0
BSJP.US,D,20210602,000000,24.57,24.59,24.57,24.59,109029,0
BSJP.US,D,20210603,000000,24.57,24.57,24.54,24.57,65942,0
BSJP.US,D,20210604,000000,24.59,24.6,24.57,24.59,59332,0
BSJP.US,D,20210607,000000,24.6,24.6,24.585,24.6,256398,0
BSJP.US,D,20210608,000000,24.59,24.615,24.585,24.61,121632,0
BSJP.US,D,20210609,000000,24.59,24.64,24.59,24.63,157933,0
BSJP.US,D,20210610,000000,24.63,24.66,24.629,24.66,139998,0
BSJP.US,D,20210611,000000,24.65,24.68,24.635,24.64,103608,0
BSJP.US,D,20210614,000000,24.64,24.655,24.63,24.64,90707,0
BSJP.US,D,20210615,000000,24.64,24.65,24.63,24.635,47648,0
BSJP.US,D,20210616,000000,24.63,24.67,24.58,24.64,263091,0
BSJP.US,D,20210617,000000,24.627,24.65,24.62,24.64,134643,0
BSJP.US,D,20210618,000000,24.62,24.63,24.59,24.62,100961,0
BSJP.US,D,20210621,000000,24.54,24.57,24.54,24.57,91789,0
BSJP.US,D,20210622,000000,24.57,24.59,24.553,24.59,39626,0
BSJP.US,D,20210623,000000,24.59,24.59,24.565,24.58,48673,0
BSJP.US,D,20210624,000000,24.58,24.61,24.58,24.61,89783,0
BSJP.US,D,20210625,000000,24.62,24.63,24.61,24.63,47796,0
BSJP.US,D,20210628,000000,24.63,24.63,24.61,24.62,70937,0
BSJP.US,D,20210629,000000,24.61,24.65,24.61,24.65,89621,0
BSJP.US,D,20210630,000000,24.63,24.64,24.62,24.64,52971,0
BSJP.US,D,20210701,000000,24.64,24.67,24.64,24.66,109270,0
BSJP.US,D,20210702,000000,24.62,24.7,24.62,24.7,103612,0
BSJP.US,D,20210706,000000,24.69,24.7,24.665,24.7,175411,0
BSJP.US,D,20210707,000000,24.69,24.71,24.67,24.7,114745,0
BSJP.US,D,20210708,000000,24.66,24.67,24.64,24.65,134294,0
BSJP.US,D,20210709,000000,24.65,24.685,24.65,24.67,94747,0
BSJP.US,D,20210712,000000,24.67,24.69,24.665,24.69,120257,0
BSJP.US,D,20210713,000000,24.67,24.685,24.63,24.63,95201,0
BSJP.US,D,20210714,000000,24.64,24.66,24.62,24.64,160083,0
BSJP.US,D,20210715,000000,24.63,24.64,24.62,24.64,82284,0
BSJP.US,D,20210716,000000,24.64,24.663,24.6,24.63,338318,0
BSJP.US,D,20210719,000000,24.559,24.565,24.47,24.49,161039,0
BSJP.US,D,20210720,000000,24.5,24.55,24.4996,24.55,238850,0
BSJP.US,D,20210721,000000,24.56,24.6,24.559,24.57,246823,0
BSJP.US,D,20210722,000000,24.59,24.62,24.59,24.62,145850,0
BSJP.US,D,20210723,000000,24.62,24.66,24.61,24.65,144410,0
BSJP.US,D,20210726,000000,24.64,24.66,24.6195,24.64,95555,0
BSJP.US,D,20210727,000000,24.62,24.6201,24.59,24.62,110569,0
BSJP.US,D,20210728,000000,24.62,24.63,24.6,24.63,83721,0
BSJP.US,D,20210729,000000,24.62,24.66,24.62,24.65,49525,0
BSJP.US,D,20210730,000000,24.64,24.64,24.6103,24.63,87437,0
BSJP.US,D,20210802,000000,24.63,24.66,24.57,24.58,99642,0
BSJP.US,D,20210803,000000,24.59,24.6056,24.57,24.6,131986,0
BSJP.US,D,20210804,000000,24.58,24.5905,24.5594,24.57,68029,0
BSJP.US,D,20210805,000000,24.56,24.59,24.56,24.59,50996,0
BSJP.US,D,20210806,000000,24.58,24.61,24.56,24.59,85230,0
BSJP.US,D,20210809,000000,24.58,24.58,24.54,24.55,98322,0
BSJP.US,D,20210810,000000,24.55,24.56,24.5,24.53,41886,0
BSJP.US,D,20210811,000000,24.53,24.5498,24.5201,24.54,41459,0
BSJP.US,D,20210812,000000,24.53,24.58,24.51,24.58,112621,0
BSJP.US,D,20210813,000000,24.57,24.58,24.55,24.58,138635,0
BSJP.US,D,20210816,000000,24.56,24.59,24.56,24.59,56750,0
BSJP.US,D,20210817,000000,24.58,24.585,24.5299,24.57,104506,0
BSJP.US,D,20210818,000000,24.56,24.57,24.525,24.54,185108,0
BSJP.US,D,20210819,000000,24.52,24.56,24.49,24.54,355790,0
BSJP.US,D,20210820,000000,24.53,24.56,24.53,24.55,95283,0
BSJP.US,D,20210823,000000,24.5,24.53,24.469,24.53,168855,0
BSJP.US,D,20210824,000000,24.5,24.54,24.5,24.53,155487,0
BSJP.US,D,20210825,000000,24.55,24.57,24.5391,24.57,174951,0
BSJP.US,D,20210826,000000,24.57,24.5709,24.52,24.55,154844,0
BSJP.US,D,20210827,000000,24.56,24.62,24.539,24.61,172686,0
BSJP.US,D,20210830,000000,24.61,24.63,24.5995,24.62,106373,0
BSJP.US,D,20210831,000000,24.63,24.65,24.615,24.63,131331,0
BSJP.US,D,20210901,000000,24.64,24.67,24.63,24.65,129582,0
