<TICKER>,<PER>,<DATE>,<TIME>,<OPEN>,<HIGH>,<LOW>,<CLOSE>,<VOL>,<OPENINT>
BSJQ.US,D,20180821,000000,22.47,22.472,22.47,22.472,225,0
BSJQ.US,D,20180824,000000,22.524,22.534,22.524,22.524,449,0
BSJQ.US,D,20180827,000000,22.539,22.539,22.539,22.539,166,0
BSJQ.US,D,20180829,000000,22.499,22.499,22.499,22.499,671,0
BSJQ.US,D,20180830,000000,22.561,22.561,22.544,22.544,555,0
BSJQ.US,D,20180904,000000,22.516,22.544,22.516,22.544,3719,0
BSJQ.US,D,20180905,000000,22.534,22.534,22.498,22.498,5892,0
BSJQ.US,D,20180906,000000,22.498,22.524,22.498,22.516,1787,0
BSJQ.US,D,20180910,000000,22.516,22.524,22.503,22.524,2759,0
BSJQ.US,D,20180911,000000,22.524,22.57,22.524,22.57,4455,0
BSJQ.US,D,20180912,000000,22.579,22.58,22.575,22.58,679,0
BSJQ.US,D,20180914,000000,22.607,22.607,22.602,22.604,2966,0
BSJQ.US,D,20180918,000000,22.671,22.68,22.671,22.68,443,0
BSJQ.US,D,20180919,000000,22.661,22.661,22.661,22.661,205,0
BSJQ.US,D,20180920,000000,22.661,22.661,22.647,22.661,2981,0
BSJQ.US,D,20180921,000000,22.661,22.661,22.643,22.661,2478,0
BSJQ.US,D,20180924,000000,22.606,22.624,22.606,22.624,6082,0
BSJQ.US,D,20180925,000000,22.704,22.749,22.698,22.749,1715,0
BSJQ.US,D,20180926,000000,22.739,22.749,22.721,22.721,7610,0
BSJQ.US,D,20180927,000000,22.776,22.776,22.76,22.776,1083,0
BSJQ.US,D,20180928,000000,22.804,22.804,22.804,22.804,857,0
BSJQ.US,D,20181001,000000,22.804,22.804,22.804,22.804,230,0
BSJQ.US,D,20181002,000000,22.73,22.73,22.722,22.726,6772,0
BSJQ.US,D,20181003,000000,22.767,22.767,22.714,22.714,3751,0
BSJQ.US,D,20181004,000000,22.689,22.689,22.555,22.568,3810,0
BSJQ.US,D,20181005,000000,22.533,22.533,22.533,22.533,218,0
BSJQ.US,D,20181008,000000,22.419,22.419,22.381,22.381,979,0
BSJQ.US,D,20181009,000000,22.4,22.4,22.345,22.4,774,0
BSJQ.US,D,20181010,000000,22.345,22.345,22.218,22.227,2494,0
BSJQ.US,D,20181011,000000,22.192,22.245,22.177,22.245,1320,0
BSJQ.US,D,20181012,000000,22.327,22.336,22.327,22.336,993,0
BSJQ.US,D,20181015,000000,22.284,22.336,22.284,22.3,1810,0
BSJQ.US,D,20181016,000000,22.402,22.416,22.393,22.416,1992,0
BSJQ.US,D,20181017,000000,22.362,22.362,22.353,22.353,2460,0
BSJQ.US,D,20181018,000000,22.289,22.29,22.271,22.274,6831,0
BSJQ.US,D,20181019,000000,22.271,22.271,22.254,22.254,5829,0
BSJQ.US,D,20181022,000000,22.317,22.317,22.317,22.317,266,0
BSJQ.US,D,20181023,000000,22.146,22.172,22.146,22.172,317,0
BSJQ.US,D,20181024,000000,22.173,22.182,22.173,22.182,546,0
BSJQ.US,D,20181025,000000,22.182,22.192,22.182,22.192,587,0
BSJQ.US,D,20181029,000000,22.074,22.074,22.074,22.074,730,0
BSJQ.US,D,20181030,000000,22.025,22.025,22.025,22.025,230,0
BSJQ.US,D,20181102,000000,22.156,22.173,22.118,22.156,17848,0
BSJQ.US,D,20181105,000000,22.156,22.192,22.146,22.163,9528,0
BSJQ.US,D,20181106,000000,22.202,22.216,22.202,22.216,1065,0
BSJQ.US,D,20181108,000000,22.367,22.391,22.362,22.362,2361,0
BSJQ.US,D,20181109,000000,22.317,22.317,22.218,22.241,11972,0
BSJQ.US,D,20181112,000000,22.136,22.137,22.092,22.092,3459,0
BSJQ.US,D,20181113,000000,22.065,22.065,22.055,22.055,489,0
BSJQ.US,D,20181114,000000,22.035,22.035,21.966,22.025,3454,0
BSJQ.US,D,20181115,000000,21.975,21.975,21.975,21.975,182,0
BSJQ.US,D,20181116,000000,21.939,21.939,21.874,21.904,845,0
BSJQ.US,D,20181119,000000,21.856,21.884,21.802,21.846,5078,0
BSJQ.US,D,20181120,000000,21.783,21.797,21.764,21.783,2409,0
BSJQ.US,D,20181121,000000,21.957,21.957,21.939,21.939,4955,0
BSJQ.US,D,20181123,000000,21.836,21.837,21.836,21.837,913,0
BSJQ.US,D,20181126,000000,21.865,21.874,21.832,21.837,4571,0
BSJQ.US,D,20181127,000000,21.837,21.837,21.792,21.821,2392,0
BSJQ.US,D,20181128,000000,22.007,22.023,22.007,22.017,1081,0
BSJQ.US,D,20181203,000000,22.115,22.156,22.112,22.156,3200,0
BSJQ.US,D,20181204,000000,22.249,22.256,22.174,22.174,1867,0
BSJQ.US,D,20181206,000000,22.056,22.056,22.046,22.046,22518,0
BSJQ.US,D,20181207,000000,21.912,21.912,21.874,21.874,386,0
BSJQ.US,D,20181210,000000,21.939,22.193,21.904,21.979,10514,0
BSJQ.US,D,20181211,000000,22.075,22.075,21.999,21.999,19934,0
BSJQ.US,D,20181212,000000,22.147,22.147,22.09,22.09,1845,0
BSJQ.US,D,20181213,000000,22.174,22.178,22.103,22.119,3712,0
BSJQ.US,D,20181214,000000,22.119,22.137,22.019,22.056,49449,0
BSJQ.US,D,20181217,000000,21.975,21.975,21.936,21.936,866,0
BSJQ.US,D,20181218,000000,21.904,21.904,21.81,21.81,2516,0
BSJQ.US,D,20181219,000000,21.837,21.846,21.6,21.6,3581,0
BSJQ.US,D,20181220,000000,21.36,21.414,21.336,21.414,1441,0
BSJQ.US,D,20181221,000000,21.385,21.392,21.249,21.289,24827,0
BSJQ.US,D,20181224,000000,21.329,21.347,21.103,21.103,22801,0
BSJQ.US,D,20181226,000000,21.083,21.473,21.083,21.473,3217,0
BSJQ.US,D,20181227,000000,21.384,21.488,21.384,21.467,4045,0
BSJQ.US,D,20181228,000000,21.522,21.576,21.454,21.49,17028,0
BSJQ.US,D,20181231,000000,21.716,21.716,21.522,21.537,8093,0
BSJQ.US,D,20190102,000000,21.422,21.514,21.422,21.508,20602,0
BSJQ.US,D,20190103,000000,21.413,21.51,21.375,21.431,2752,0
BSJQ.US,D,20190104,000000,21.897,21.897,21.897,21.897,12,0
BSJQ.US,D,20190107,000000,22.054,22.163,22.054,22.156,6756,0
BSJQ.US,D,20190108,000000,22.283,22.348,22.259,22.348,3488,0
BSJQ.US,D,20190109,000000,22.422,22.44,22.369,22.392,6754,0
BSJQ.US,D,20190110,000000,22.302,22.454,22.302,22.454,3786,0
BSJQ.US,D,20190111,000000,22.449,22.476,22.417,22.422,6521,0
BSJQ.US,D,20190114,000000,22.352,22.403,22.33,22.33,11462,0
BSJQ.US,D,20190115,000000,22.322,22.43,22.322,22.389,2427,0
BSJQ.US,D,20190116,000000,22.416,22.499,22.409,22.444,11428,0
BSJQ.US,D,20190117,000000,22.502,22.567,22.499,22.508,20676,0
BSJQ.US,D,20190118,000000,22.589,22.64,22.576,22.596,4818,0
BSJQ.US,D,20190122,000000,22.605,22.605,22.484,22.53,3693,0
BSJQ.US,D,20190123,000000,22.479,22.566,22.402,22.52,3720,0
BSJQ.US,D,20190124,000000,22.586,22.605,22.549,22.55,5082,0
BSJQ.US,D,20190125,000000,22.67,22.67,22.603,22.62,2212,0
BSJQ.US,D,20190128,000000,22.596,22.596,22.528,22.563,1680,0
BSJQ.US,D,20190129,000000,22.623,22.623,22.519,22.557,8127,0
BSJQ.US,D,20190130,000000,22.567,22.722,22.552,22.722,3320,0
BSJQ.US,D,20190131,000000,22.782,22.836,22.771,22.801,2573,0
BSJQ.US,D,20190201,000000,22.797,22.817,22.769,22.793,10760,0
BSJQ.US,D,20190204,000000,22.785,22.863,22.785,22.833,4068,0
BSJQ.US,D,20190205,000000,22.981,23.018,22.931,22.964,10984,0
BSJQ.US,D,20190206,000000,22.973,23.007,22.922,22.922,8965,0
BSJQ.US,D,20190207,000000,22.817,22.853,22.778,22.812,5297,0
BSJQ.US,D,20190208,000000,22.829,22.853,22.787,22.814,3537,0
BSJQ.US,D,20190211,000000,22.853,22.877,22.797,22.864,3007,0
BSJQ.US,D,20190212,000000,22.989,23.014,22.989,23.014,1507,0
BSJQ.US,D,20190213,000000,22.989,23.028,22.968,22.968,3925,0
BSJQ.US,D,20190214,000000,22.944,22.981,22.903,22.94,6334,0
BSJQ.US,D,20190215,000000,23.028,23.057,23.023,23.023,2174,0
BSJQ.US,D,20190219,000000,23.067,23.072,23.008,23.072,3994,0
BSJQ.US,D,20190220,000000,23.113,23.113,23.066,23.086,2580,0
BSJQ.US,D,20190221,000000,23.017,23.07,23.017,23.044,741,0
BSJQ.US,D,20190222,000000,23.138,23.165,23.12,23.12,3439,0
BSJQ.US,D,20190225,000000,23.203,23.203,23.165,23.165,3203,0
BSJQ.US,D,20190226,000000,23.165,23.216,23.165,23.186,4750,0
BSJQ.US,D,20190227,000000,23.176,23.223,23.176,23.195,1037,0
BSJQ.US,D,20190228,000000,23.17,23.203,23.142,23.148,3506,0
BSJQ.US,D,20190301,000000,23.213,23.308,23.213,23.246,2253,0
BSJQ.US,D,20190304,000000,23.241,23.26,23.213,23.23,6993,0
BSJQ.US,D,20190305,000000,23.223,23.289,23.199,23.267,8990,0
BSJQ.US,D,20190306,000000,23.17,23.17,23.17,23.17,452,0
BSJQ.US,D,20190307,000000,23.129,23.147,23.087,23.096,3775,0
BSJQ.US,D,20190308,000000,23.067,23.095,23.037,23.095,4432,0
BSJQ.US,D,20190311,000000,23.129,23.175,23.097,23.148,9954,0
BSJQ.US,D,20190312,000000,23.148,23.198,23.113,23.162,3495,0
BSJQ.US,D,20190313,000000,23.203,23.279,23.203,23.241,8702,0
BSJQ.US,D,20190314,000000,23.26,23.26,23.205,23.218,4635,0
BSJQ.US,D,20190315,000000,23.289,23.289,23.254,23.254,914,0
BSJQ.US,D,20190318,000000,23.307,23.322,23.298,23.301,33135,0
BSJQ.US,D,20190319,000000,23.308,23.339,23.245,23.245,8795,0
BSJQ.US,D,20190320,000000,23.308,23.407,23.25,23.385,29904,0
BSJQ.US,D,20190321,000000,23.362,23.421,23.362,23.394,7207,0
BSJQ.US,D,20190322,000000,23.372,23.372,23.274,23.274,5680,0
BSJQ.US,D,20190325,000000,23.27,23.326,23.263,23.31,16335,0
BSJQ.US,D,20190326,000000,23.314,23.334,23.279,23.329,10430,0
BSJQ.US,D,20190327,000000,23.372,23.372,23.279,23.313,6173,0
BSJQ.US,D,20190328,000000,23.392,23.407,23.326,23.392,8148,0
BSJQ.US,D,20190329,000000,23.38,23.465,23.38,23.43,12326,0
BSJQ.US,D,20190401,000000,23.484,23.513,23.455,23.48,17347,0
BSJQ.US,D,20190402,000000,23.455,23.485,23.428,23.445,2713,0
BSJQ.US,D,20190403,000000,23.521,23.527,23.471,23.471,5336,0
BSJQ.US,D,20190404,000000,23.522,23.53,23.455,23.517,27355,0
BSJQ.US,D,20190405,000000,23.622,23.622,23.589,23.6,9128,0
BSJQ.US,D,20190408,000000,23.566,23.613,23.555,23.576,16094,0
BSJQ.US,D,20190409,000000,23.586,23.613,23.577,23.59,7161,0
BSJQ.US,D,20190410,000000,23.651,23.679,23.629,23.67,17471,0
BSJQ.US,D,20190411,000000,23.752,23.752,23.704,23.73,2719,0
BSJQ.US,D,20190412,000000,23.827,23.827,23.754,23.794,2821,0
BSJQ.US,D,20190415,000000,23.808,23.827,23.764,23.794,10065,0
BSJQ.US,D,20190416,000000,23.836,23.836,23.784,23.784,8811,0
BSJQ.US,D,20190417,000000,23.836,23.836,23.752,23.771,31339,0
BSJQ.US,D,20190418,000000,23.77,23.78,23.731,23.773,6896,0
BSJQ.US,D,20190422,000000,23.771,23.78,23.698,23.736,17759,0
BSJQ.US,D,20190423,000000,23.799,23.854,23.799,23.824,1568,0
BSJQ.US,D,20190424,000000,23.818,23.836,23.805,23.818,18922,0
BSJQ.US,D,20190425,000000,23.827,23.844,23.798,23.805,5910,0
BSJQ.US,D,20190426,000000,23.884,23.884,23.836,23.854,7478,0
BSJQ.US,D,20190429,000000,23.864,23.864,23.799,23.823,6722,0
BSJQ.US,D,20190430,000000,23.698,23.864,23.698,23.836,4145,0
BSJQ.US,D,20190501,000000,23.854,23.884,23.79,23.79,8857,0
BSJQ.US,D,20190502,000000,23.827,23.836,23.771,23.804,9829,0
BSJQ.US,D,20190503,000000,23.867,23.884,23.838,23.859,9521,0
BSJQ.US,D,20190506,000000,23.894,23.923,23.762,23.875,18091,0
BSJQ.US,D,20190507,000000,23.743,23.771,23.671,23.7,6882,0
BSJQ.US,D,20190508,000000,23.736,23.789,23.713,23.713,5102,0
BSJQ.US,D,20190509,000000,23.679,23.679,23.566,23.664,4531,0
BSJQ.US,D,20190510,000000,23.666,23.753,23.626,23.727,7467,0
BSJQ.US,D,20190513,000000,23.621,23.621,23.536,23.536,9887,0
BSJQ.US,D,20190514,000000,23.565,23.65,23.556,23.587,10338,0
BSJQ.US,D,20190515,000000,23.572,23.648,23.557,23.605,11254,0
BSJQ.US,D,20190516,000000,23.64,23.712,23.64,23.659,7468,0
BSJQ.US,D,20190517,000000,23.65,23.659,23.638,23.638,845,0
BSJQ.US,D,20190520,000000,23.698,23.698,23.618,23.65,706,0
BSJQ.US,D,20190521,000000,23.719,23.79,23.719,23.753,8154,0
BSJQ.US,D,20190522,000000,23.744,23.767,23.736,23.758,10892,0
BSJQ.US,D,20190523,000000,23.679,23.679,23.597,23.636,2099,0
BSJQ.US,D,20190524,000000,23.718,23.718,23.594,23.594,11240,0
BSJQ.US,D,20190528,000000,23.65,23.65,23.613,23.616,18258,0
BSJQ.US,D,20190529,000000,23.65,23.65,23.632,23.644,8359,0
BSJQ.US,D,20190530,000000,23.728,23.728,23.677,23.677,601,0
BSJQ.US,D,20190531,000000,23.679,23.679,23.438,23.438,6707,0
BSJQ.US,D,20190603,000000,23.482,23.483,23.461,23.461,2246,0
BSJQ.US,D,20190604,000000,23.736,23.736,23.589,23.694,5687,0
BSJQ.US,D,20190605,000000,23.654,23.708,23.654,23.708,3315,0
BSJQ.US,D,20190606,000000,23.683,23.762,23.683,23.762,6427,0
BSJQ.US,D,20190607,000000,23.801,23.865,23.801,23.85,6704,0
BSJQ.US,D,20190610,000000,23.914,23.914,23.865,23.865,6452,0
BSJQ.US,D,20190611,000000,23.979,23.979,23.926,23.934,4546,0
BSJQ.US,D,20190612,000000,23.979,23.979,23.884,23.904,5202,0
BSJQ.US,D,20190613,000000,23.961,23.97,23.916,23.959,6792,0
BSJQ.US,D,20190614,000000,23.945,23.989,23.906,23.971,5620,0
BSJQ.US,D,20190617,000000,23.885,23.961,23.885,23.91,9511,0
BSJQ.US,D,20190618,000000,23.97,24.072,23.97,24.032,7932,0
BSJQ.US,D,20190619,000000,24.053,24.149,24.043,24.149,2607,0
BSJQ.US,D,20190620,000000,24.275,24.297,24.254,24.297,6275,0
BSJQ.US,D,20190621,000000,24.278,24.278,24.224,24.236,1589,0
BSJQ.US,D,20190624,000000,24.268,24.268,24.211,24.211,2214,0
BSJQ.US,D,20190625,000000,24.127,24.127,24.099,24.1,2757,0
BSJQ.US,D,20190626,000000,24.128,24.158,24.108,24.137,1710,0
BSJQ.US,D,20190627,000000,24.177,24.178,24.11,24.163,9674,0
BSJQ.US,D,20190628,000000,24.195,24.204,24.155,24.17,6084,0
BSJQ.US,D,20190701,000000,24.294,24.294,24.202,24.215,4809,0
BSJQ.US,D,20190702,000000,24.254,24.274,24.254,24.274,462,0
BSJQ.US,D,20190703,000000,24.354,24.375,24.354,24.361,3968,0
BSJQ.US,D,20190705,000000,24.278,24.288,24.241,24.266,15284,0
BSJQ.US,D,20190708,000000,24.232,24.232,24.177,24.214,3389,0
BSJQ.US,D,20190709,000000,24.277,24.277,24.212,24.237,1994,0
BSJQ.US,D,20190710,000000,24.288,24.298,24.233,24.258,7194,0
BSJQ.US,D,20190711,000000,24.256,24.26,24.223,24.241,18409,0
BSJQ.US,D,20190712,000000,24.249,24.278,24.206,24.254,4695,0
BSJQ.US,D,20190715,000000,24.258,24.288,24.232,24.249,3027,0
BSJQ.US,D,20190716,000000,24.249,24.249,24.185,24.198,11988,0
BSJQ.US,D,20190717,000000,24.232,24.249,24.195,24.195,8383,0
BSJQ.US,D,20190718,000000,24.223,24.249,24.168,24.218,7425,0
BSJQ.US,D,20190719,000000,24.241,24.241,24.138,24.138,5348,0
BSJQ.US,D,20190722,000000,24.195,24.237,24.195,24.237,3531,0
BSJQ.US,D,20190723,000000,24.254,24.289,24.254,24.287,5131,0
BSJQ.US,D,20190724,000000,24.327,24.327,24.26,24.314,5439,0
BSJQ.US,D,20190725,000000,24.336,24.346,24.295,24.295,2709,0
BSJQ.US,D,20190726,000000,24.404,24.413,24.36,24.413,8800,0
BSJQ.US,D,20190729,000000,24.396,24.396,24.32,24.332,5427,0
BSJQ.US,D,20190730,000000,24.346,24.376,24.335,24.335,4381,0
BSJQ.US,D,20190731,000000,24.345,24.394,24.168,24.267,9790,0
BSJQ.US,D,20190801,000000,24.335,24.422,24.265,24.265,10379,0
BSJQ.US,D,20190802,000000,24.339,24.339,24.339,24.339,475,0
BSJQ.US,D,20190805,000000,24.09,24.09,23.95,23.987,7018,0
BSJQ.US,D,20190806,000000,24.153,24.185,24.082,24.164,11326,0
BSJQ.US,D,20190807,000000,23.995,24.162,23.987,24.162,6866,0
BSJQ.US,D,20190808,000000,24.204,24.279,24.204,24.229,8544,0
BSJQ.US,D,20190809,000000,24.242,24.279,24.178,24.218,14316,0
BSJQ.US,D,20190812,000000,24.195,24.195,24.129,24.143,4198,0
BSJQ.US,D,20190813,000000,24.269,24.289,24.242,24.249,3185,0
BSJQ.US,D,20190814,000000,24.11,24.11,24.033,24.034,3474,0
BSJQ.US,D,20190815,000000,24.079,24.158,24.079,24.125,2339,0
BSJQ.US,D,20190816,000000,24.214,24.242,24.202,24.233,1375,0
BSJQ.US,D,20190819,000000,24.327,24.332,24.283,24.332,1960,0
BSJQ.US,D,20190820,000000,24.279,24.299,24.233,24.248,10190,0
BSJQ.US,D,20190821,000000,24.347,24.347,24.347,24.347,60,0
BSJQ.US,D,20190822,000000,24.387,24.401,24.337,24.364,4732,0
BSJQ.US,D,20190823,000000,24.422,24.432,24.232,24.254,5812,0
BSJQ.US,D,20190826,000000,24.347,24.46,24.344,24.423,12232,0
BSJQ.US,D,20190827,000000,24.46,24.46,24.357,24.365,4628,0
BSJQ.US,D,20190828,000000,24.451,24.46,24.438,24.441,2689,0
BSJQ.US,D,20190829,000000,24.508,24.537,24.508,24.511,2154,0
BSJQ.US,D,20190830,000000,24.595,24.595,24.46,24.505,3835,0
BSJQ.US,D,20190903,000000,24.47,24.47,24.423,24.441,9000,0
BSJQ.US,D,20190904,000000,24.53,24.575,24.516,24.575,2819,0
BSJQ.US,D,20190905,000000,24.594,24.605,24.565,24.584,9218,0
BSJQ.US,D,20190906,000000,24.575,24.651,24.565,24.598,4220,0
BSJQ.US,D,20190909,000000,24.607,24.651,24.607,24.646,1045,0
BSJQ.US,D,20190910,000000,24.631,24.681,24.614,24.651,10062,0
BSJQ.US,D,20190911,000000,24.654,24.662,24.619,24.619,4509,0
BSJQ.US,D,20190912,000000,24.595,24.629,24.595,24.608,1279,0
BSJQ.US,D,20190913,000000,24.641,24.641,24.547,24.585,5907,0
BSJQ.US,D,20190916,000000,24.641,24.7,24.601,24.672,12342,0
BSJQ.US,D,20190917,000000,24.659,24.708,24.658,24.708,3699,0
BSJQ.US,D,20190918,000000,24.708,24.708,24.632,24.695,2530,0
BSJQ.US,D,20190919,000000,24.735,24.775,24.681,24.681,6101,0
BSJQ.US,D,20190920,000000,24.746,24.747,24.685,24.711,2918,0
BSJQ.US,D,20190923,000000,24.738,24.757,24.702,24.713,5055,0
BSJQ.US,D,20190924,000000,24.735,24.735,24.683,24.703,13698,0
BSJQ.US,D,20190925,000000,24.728,24.728,24.671,24.7,2039,0
BSJQ.US,D,20190926,000000,24.708,24.728,24.67,24.67,2413,0
BSJQ.US,D,20190927,000000,24.728,24.728,24.627,24.643,3783,0
BSJQ.US,D,20190930,000000,24.708,24.708,24.676,24.676,10265,0
BSJQ.US,D,20191001,000000,24.708,24.708,24.607,24.651,12965,0
BSJQ.US,D,20191002,000000,24.681,24.681,24.489,24.542,12931,0
BSJQ.US,D,20191003,000000,24.464,24.574,24.464,24.541,11151,0
BSJQ.US,D,20191004,000000,24.613,24.623,24.567,24.617,11097,0
BSJQ.US,D,20191007,000000,24.604,24.604,24.527,24.545,8766,0
BSJQ.US,D,20191008,000000,24.527,24.527,24.455,24.457,6261,0
BSJQ.US,D,20191009,000000,24.517,24.584,24.517,24.545,20890,0
BSJQ.US,D,20191010,000000,24.584,24.604,24.562,24.562,2048,0
BSJQ.US,D,20191011,000000,24.671,24.7,24.613,24.665,27602,0
BSJQ.US,D,20191014,000000,24.681,24.69,24.605,24.651,13419,0
BSJQ.US,D,20191015,000000,24.747,24.747,24.683,24.683,5782,0
BSJQ.US,D,20191016,000000,24.728,24.757,24.718,24.721,11353,0
BSJQ.US,D,20191017,000000,24.718,24.723,24.69,24.718,2016,0
BSJQ.US,D,20191018,000000,24.775,24.775,24.716,24.733,20461,0
BSJQ.US,D,20191021,000000,24.795,24.795,24.728,24.764,8794,0
BSJQ.US,D,20191022,000000,24.757,24.765,24.733,24.733,3252,0
BSJQ.US,D,20191023,000000,24.765,24.765,24.745,24.76,3532,0
BSJQ.US,D,20191024,000000,24.804,24.832,24.728,24.822,23583,0
BSJQ.US,D,20191025,000000,24.804,24.822,24.79,24.814,7838,0
BSJQ.US,D,20191028,000000,24.844,24.871,24.842,24.849,11976,0
BSJQ.US,D,20191029,000000,24.851,24.851,24.783,24.783,20506,0
BSJQ.US,D,20191030,000000,24.804,24.822,24.79,24.79,7415,0
BSJQ.US,D,20191031,000000,24.747,24.814,24.69,24.715,6775,0
BSJQ.US,D,20191101,000000,24.728,24.822,24.728,24.819,68631,0
BSJQ.US,D,20191104,000000,24.871,24.91,24.861,24.866,37035,0
BSJQ.US,D,20191105,000000,24.891,24.891,24.861,24.865,1668,0
BSJQ.US,D,20191106,000000,24.818,24.842,24.818,24.833,13088,0
BSJQ.US,D,20191107,000000,24.851,24.851,24.819,24.832,29519,0
BSJQ.US,D,20191108,000000,24.814,24.814,24.775,24.785,39594,0
BSJQ.US,D,20191111,000000,24.765,24.775,24.765,24.775,13465,0
BSJQ.US,D,20191112,000000,24.785,24.795,24.771,24.775,9497,0
BSJQ.US,D,20191113,000000,24.765,24.765,24.757,24.76,46804,0
BSJQ.US,D,20191114,000000,24.795,24.795,24.768,24.77,17370,0
BSJQ.US,D,20191115,000000,24.775,24.795,24.765,24.795,238453,0
BSJQ.US,D,20191118,000000,24.822,24.842,24.785,24.795,56283,0
BSJQ.US,D,20191119,000000,24.765,24.785,24.738,24.752,29689,0
BSJQ.US,D,20191120,000000,24.728,24.728,24.695,24.695,3406,0
BSJQ.US,D,20191121,000000,24.757,24.757,24.67,24.68,7705,0
BSJQ.US,D,20191122,000000,24.765,24.765,24.695,24.747,39725,0
BSJQ.US,D,20191125,000000,24.747,24.757,24.743,24.757,521054,0
BSJQ.US,D,20191126,000000,24.775,24.785,24.765,24.785,50259,0
BSJQ.US,D,20191127,000000,24.804,24.804,24.785,24.804,13998,0
BSJQ.US,D,20191129,000000,24.814,24.832,24.814,24.814,10644,0
BSJQ.US,D,20191202,000000,24.814,24.814,24.757,24.804,9891,0
BSJQ.US,D,20191203,000000,24.728,24.775,24.695,24.775,79224,0
BSJQ.US,D,20191204,000000,24.785,24.785,24.757,24.757,3341,0
BSJQ.US,D,20191205,000000,24.811,24.814,24.775,24.814,4682,0
BSJQ.US,D,20191206,000000,24.861,24.881,24.842,24.866,7689,0
BSJQ.US,D,20191209,000000,24.891,24.891,24.876,24.876,1396,0
BSJQ.US,D,20191210,000000,24.901,24.941,24.891,24.921,18760,0
BSJQ.US,D,20191211,000000,24.961,24.988,24.921,24.988,5129,0
BSJQ.US,D,20191212,000000,25.035,25.064,24.989,25.059,159279,0
BSJQ.US,D,20191213,000000,25.073,25.093,25.073,25.093,73567,0
BSJQ.US,D,20191216,000000,25.192,25.192,25.145,25.157,8183,0
BSJQ.US,D,20191217,000000,25.182,25.238,25.165,25.225,13725,0
BSJQ.US,D,20191218,000000,25.24,25.314,25.24,25.314,13059,0
BSJQ.US,D,20191219,000000,25.354,25.354,25.314,25.34,18654,0
BSJQ.US,D,20191220,000000,25.334,25.374,25.334,25.347,35187,0
BSJQ.US,D,20191223,000000,25.334,25.334,25.324,25.334,14472,0
BSJQ.US,D,20191224,000000,25.344,25.354,25.314,25.345,456872,0
BSJQ.US,D,20191226,000000,25.354,25.374,25.344,25.352,2694,0
BSJQ.US,D,20191227,000000,25.384,25.393,25.333,25.364,58360,0
BSJQ.US,D,20191230,000000,25.354,25.354,25.349,25.354,19265,0
BSJQ.US,D,20191231,000000,25.359,25.364,25.314,25.349,19265,0
BSJQ.US,D,20200102,000000,25.384,25.423,25.384,25.419,12314,0
BSJQ.US,D,20200103,000000,25.384,25.433,25.38,25.423,23444,0
BSJQ.US,D,20200106,000000,25.334,25.433,25.334,25.418,15580,0
BSJQ.US,D,20200107,000000,25.443,25.443,25.364,25.398,18325,0
BSJQ.US,D,20200108,000000,25.393,25.423,25.374,25.387,16460,0
BSJQ.US,D,20200109,000000,25.403,25.433,25.398,25.433,24420,0
BSJQ.US,D,20200110,000000,25.423,25.433,25.418,25.418,18935,0
BSJQ.US,D,20200113,000000,25.443,25.443,25.409,25.443,43006,0
BSJQ.US,D,20200114,000000,25.433,25.443,25.418,25.433,25919,0
BSJQ.US,D,20200115,000000,25.423,25.462,25.423,25.462,41995,0
BSJQ.US,D,20200116,000000,25.462,25.491,25.443,25.486,10734,0
BSJQ.US,D,20200117,000000,25.454,25.495,25.454,25.472,3891,0
BSJQ.US,D,20200121,000000,25.393,25.433,25.304,25.314,69006,0
BSJQ.US,D,20200122,000000,25.324,25.354,25.324,25.354,29959,0
BSJQ.US,D,20200123,000000,25.314,25.314,25.267,25.286,21794,0
BSJQ.US,D,20200124,000000,25.286,25.286,25.135,25.151,54828,0
BSJQ.US,D,20200127,000000,24.986,25.053,24.929,24.986,45629,0
BSJQ.US,D,20200128,000000,25.044,25.181,25.044,25.161,40853,0
BSJQ.US,D,20200129,000000,25.181,25.191,25.171,25.191,9754,0
BSJQ.US,D,20200130,000000,25.141,25.211,25.121,25.211,115040,0
BSJQ.US,D,20200131,000000,25.181,25.181,25.073,25.121,18449,0
BSJQ.US,D,20200203,000000,25.161,25.171,25.151,25.171,123248,0
BSJQ.US,D,20200204,000000,25.211,25.22,25.174,25.22,51232,0
BSJQ.US,D,20200205,000000,25.239,25.286,25.22,25.286,61788,0
BSJQ.US,D,20200206,000000,25.287,25.304,25.267,25.304,56646,0
BSJQ.US,D,20200207,000000,25.286,25.286,25.248,25.276,47798,0
BSJQ.US,D,20200210,000000,25.267,25.304,25.258,25.304,27431,0
BSJQ.US,D,20200211,000000,25.324,25.354,25.324,25.344,40919,0
BSJQ.US,D,20200212,000000,25.366,25.433,25.366,25.433,21205,0
BSJQ.US,D,20200213,000000,25.423,25.423,25.393,25.423,14818,0
BSJQ.US,D,20200214,000000,25.423,25.443,25.403,25.443,57897,0
BSJQ.US,D,20200218,000000,25.393,25.413,25.374,25.413,7340,0
BSJQ.US,D,20200219,000000,25.428,25.443,25.403,25.418,9104,0
BSJQ.US,D,20200220,000000,25.423,25.443,25.364,25.428,32409,0
BSJQ.US,D,20200221,000000,25.393,25.423,25.391,25.391,29641,0
BSJQ.US,D,20200224,000000,25.238,25.238,25.033,25.15,46537,0
BSJQ.US,D,20200225,000000,25.18,25.219,24.957,24.958,177523,0
BSJQ.US,D,20200226,000000,24.976,25.064,24.917,25.013,112502,0
BSJQ.US,D,20200227,000000,24.78,24.948,24.615,24.644,106648,0
BSJQ.US,D,20200228,000000,24.42,24.732,24.168,24.732,96586,0
BSJQ.US,D,20200302,000000,24.684,24.923,24.654,24.923,169273,0
BSJQ.US,D,20200303,000000,24.917,25.03,24.71,24.872,52990,0
BSJQ.US,D,20200304,000000,25.043,25.171,24.986,25.171,131287,0
BSJQ.US,D,20200305,000000,24.948,25.038,24.809,24.884,7722,0
BSJQ.US,D,20200306,000000,24.436,24.587,24.352,24.587,12609,0
BSJQ.US,D,20200309,000000,23.029,23.311,22.816,23.234,28012,0
BSJQ.US,D,20200310,000000,23.678,23.788,23.331,23.788,42235,0
BSJQ.US,D,20200311,000000,23.525,23.525,23.059,23.204,28760,0
BSJQ.US,D,20200312,000000,22.669,22.669,21.608,22.211,55445,0
BSJQ.US,D,20200313,000000,22.649,23.088,22.377,23.078,42782,0
BSJQ.US,D,20200316,000000,21.647,22.163,21.573,21.573,21868,0
BSJQ.US,D,20200317,000000,21.568,22.036,21.423,21.87,94168,0
BSJQ.US,D,20200318,000000,21.302,21.355,20.5,20.821,29807,0
BSJQ.US,D,20200319,000000,20.733,20.733,20.041,20.193,78850,0
BSJQ.US,D,20200320,000000,20.197,20.421,19.604,19.739,19359,0
BSJQ.US,D,20200323,000000,19.401,19.733,18.884,19.191,39440,0
BSJQ.US,D,20200324,000000,19.55,19.721,19.381,19.516,37177,0
BSJQ.US,D,20200325,000000,19.889,20.615,19.872,20.374,6540,0
BSJQ.US,D,20200326,000000,20.5,21.254,20.49,21.254,9320,0
BSJQ.US,D,20200327,000000,20.957,21.26,20.61,20.991,10477,0
BSJQ.US,D,20200330,000000,21.302,21.541,21.132,21.446,5499,0
BSJQ.US,D,20200331,000000,21.647,21.647,21.478,21.482,4572,0
BSJQ.US,D,20200401,000000,21.56,21.56,21.14,21.274,18919,0
BSJQ.US,D,20200402,000000,21.17,21.433,20.907,21.035,24413,0
BSJQ.US,D,20200403,000000,21.215,21.215,20.723,20.866,28980,0
BSJQ.US,D,20200406,000000,21.269,21.335,21.175,21.319,18264,0
BSJQ.US,D,20200407,000000,21.694,21.762,21.379,21.404,17811,0
BSJQ.US,D,20200408,000000,21.578,21.9,21.578,21.873,43400,0
BSJQ.US,D,20200409,000000,22.922,23.72,22.915,23.487,233148,0
BSJQ.US,D,20200413,000000,23.039,23.039,22.752,22.858,115243,0
BSJQ.US,D,20200414,000000,22.892,22.892,22.615,22.694,37901,0
BSJQ.US,D,20200415,000000,22.387,24.284,22.367,22.756,47080,0
BSJQ.US,D,20200416,000000,22.53,22.689,22.455,22.642,27708,0
BSJQ.US,D,20200417,000000,22.756,22.961,22.732,22.819,8940,0
BSJQ.US,D,20200420,000000,22.473,22.68,22.385,22.444,18452,0
BSJQ.US,D,20200421,000000,22.179,22.179,21.936,22.047,4851,0
BSJQ.US,D,20200422,000000,22.365,22.365,22.229,22.239,40085,0
BSJQ.US,D,20200423,000000,22.224,22.249,22.121,22.153,9688,0
BSJQ.US,D,20200424,000000,22.209,22.209,22.033,22.083,40284,0
BSJQ.US,D,20200427,000000,22.189,22.209,22.112,22.157,8102,0
BSJQ.US,D,20200428,000000,22.287,22.287,22.033,22.115,4174,0
BSJQ.US,D,20200429,000000,22.327,22.453,22.327,22.453,19084,0
BSJQ.US,D,20200430,000000,22.307,22.43,22.307,22.43,37314,0
BSJQ.US,D,20200501,000000,22.395,22.395,22.102,22.244,124323,0
BSJQ.US,D,20200504,000000,22.095,22.305,22.004,22.199,18128,0
BSJQ.US,D,20200505,000000,22.373,22.38,22.112,22.356,8624,0
BSJQ.US,D,20200506,000000,22.199,22.307,22.199,22.292,10426,0
BSJQ.US,D,20200507,000000,22.347,22.453,22.317,22.323,2346,0
BSJQ.US,D,20200508,000000,22.466,22.562,22.466,22.561,10143,0
BSJQ.US,D,20200511,000000,22.473,22.521,22.438,22.438,1668,0
BSJQ.US,D,20200512,000000,22.561,22.638,22.422,22.422,4923,0
BSJQ.US,D,20200513,000000,22.431,22.432,22.297,22.317,12157,0
BSJQ.US,D,20200514,000000,22.219,22.317,22.083,22.263,23467,0
BSJQ.US,D,20200515,000000,22.229,22.414,22.203,22.287,19052,0
BSJQ.US,D,20200518,000000,22.65,22.749,22.602,22.749,37153,0
BSJQ.US,D,20200519,000000,22.61,22.768,22.61,22.768,47497,0
BSJQ.US,D,20200520,000000,22.856,23.004,22.851,23.004,26253,0
BSJQ.US,D,20200521,000000,22.885,23.004,22.885,22.994,46382,0
BSJQ.US,D,20200522,000000,22.905,23.073,22.905,23.073,8566,0
BSJQ.US,D,20200526,000000,23.15,23.24,23.14,23.24,44852,0
BSJQ.US,D,20200527,000000,23.328,23.337,23.16,23.298,33548,0
BSJQ.US,D,20200528,000000,23.278,23.425,23.259,23.278,17758,0
BSJQ.US,D,20200529,000000,23.259,23.435,23.259,23.435,13169,0
BSJQ.US,D,20200601,000000,23.357,23.582,23.357,23.582,46257,0
BSJQ.US,D,20200602,000000,23.539,23.69,23.533,23.69,70301,0
BSJQ.US,D,20200603,000000,23.779,23.966,23.75,23.966,48396,0
BSJQ.US,D,20200604,000000,23.838,23.907,23.838,23.907,6075,0
BSJQ.US,D,20200605,000000,24.279,24.348,24.162,24.162,12892,0
BSJQ.US,D,20200608,000000,24.142,24.152,24.009,24.152,15169,0
BSJQ.US,D,20200609,000000,24.024,24.024,23.887,23.995,12092,0
BSJQ.US,D,20200610,000000,23.936,24.083,23.828,24.024,14409,0
BSJQ.US,D,20200611,000000,23.632,23.652,23.318,23.387,6097,0
BSJQ.US,D,20200612,000000,23.632,23.789,23.455,23.592,41204,0
BSJQ.US,D,20200615,000000,23.298,23.926,23.298,23.907,136644,0
BSJQ.US,D,20200616,000000,24.073,24.142,23.838,23.917,18855,0
BSJQ.US,D,20200617,000000,23.936,23.936,23.847,23.887,16873,0
BSJQ.US,D,20200618,000000,23.759,23.843,23.69,23.789,18348,0
BSJQ.US,D,20200619,000000,23.847,23.882,23.69,23.759,17142,0
BSJQ.US,D,20200622,000000,23.642,23.69,23.622,23.642,5498,0
BSJQ.US,D,20200623,000000,23.652,23.75,23.592,23.681,15679,0
BSJQ.US,D,20200624,000000,23.534,23.534,23.318,23.465,5237,0
BSJQ.US,D,20200625,000000,23.357,23.524,23.337,23.524,7921,0
BSJQ.US,D,20200626,000000,23.465,23.465,23.25,23.298,10739,0
BSJQ.US,D,20200629,000000,23.259,23.259,23.121,23.19,140459,0
BSJQ.US,D,20200630,000000,23.21,23.347,23.073,23.347,34278,0
BSJQ.US,D,20200701,000000,23.377,23.425,23.377,23.425,29151,0
BSJQ.US,D,20200702,000000,23.573,23.681,23.504,23.544,55444,0
BSJQ.US,D,20200706,000000,23.671,23.72,23.563,23.72,209923,0
BSJQ.US,D,20200707,000000,23.676,23.74,23.652,23.661,132310,0
BSJQ.US,D,20200708,000000,23.69,23.7,23.602,23.7,75011,0
BSJQ.US,D,20200709,000000,23.642,23.652,23.504,23.652,81500,0
BSJQ.US,D,20200710,000000,23.612,23.72,23.573,23.72,91688,0
BSJQ.US,D,20200713,000000,23.75,23.819,23.563,23.622,38431,0
BSJQ.US,D,20200714,000000,23.652,23.828,23.612,23.828,56552,0
BSJQ.US,D,20200715,000000,23.828,23.995,23.828,23.985,20162,0
BSJQ.US,D,20200716,000000,23.946,24.004,23.897,24.004,31200,0
BSJQ.US,D,20200717,000000,24.004,24.073,23.936,24.073,16330,0
BSJQ.US,D,20200720,000000,23.956,24.093,23.946,24.093,55574,0
BSJQ.US,D,20200721,000000,24.172,24.279,24.172,24.241,24779,0
BSJQ.US,D,20200722,000000,24.191,24.259,24.142,24.259,10927,0
BSJQ.US,D,20200723,000000,24.279,24.279,24.128,24.128,19273,0
BSJQ.US,D,20200724,000000,24.113,24.265,24.113,24.25,9883,0
BSJQ.US,D,20200727,000000,24.25,24.29,24.241,24.29,8369,0
BSJQ.US,D,20200728,000000,24.289,24.328,24.264,24.318,15522,0
BSJQ.US,D,20200729,000000,24.378,24.417,24.338,24.417,50130,0
BSJQ.US,D,20200730,000000,24.328,24.446,24.328,24.446,49256,0
BSJQ.US,D,20200731,000000,24.437,24.437,24.358,24.417,58321,0
BSJQ.US,D,20200803,000000,24.437,24.515,24.427,24.515,23448,0
BSJQ.US,D,20200804,000000,24.486,24.534,24.466,24.515,15492,0
BSJQ.US,D,20200805,000000,24.515,24.515,24.481,24.515,43193,0
BSJQ.US,D,20200806,000000,24.496,24.583,24.496,24.583,22390,0
BSJQ.US,D,20200807,000000,24.544,24.593,24.505,24.583,11633,0
BSJQ.US,D,20200810,000000,24.573,24.575,24.505,24.563,11482,0
BSJQ.US,D,20200811,000000,24.535,24.535,24.417,24.437,28434,0
BSJQ.US,D,20200812,000000,24.505,24.515,24.422,24.476,31650,0
BSJQ.US,D,20200813,000000,24.427,24.427,24.348,24.368,19866,0
BSJQ.US,D,20200814,000000,24.289,24.309,24.25,24.299,23624,0
BSJQ.US,D,20200817,000000,24.299,24.408,24.289,24.408,38798,0
BSJQ.US,D,20200818,000000,24.408,24.427,24.368,24.427,30160,0
BSJQ.US,D,20200819,000000,24.398,24.398,24.338,24.358,29781,0
BSJQ.US,D,20200820,000000,24.318,24.398,24.277,24.398,65770,0
BSJQ.US,D,20200821,000000,24.348,24.437,24.314,24.437,137350,0
BSJQ.US,D,20200824,000000,24.446,24.525,24.446,24.525,31415,0
BSJQ.US,D,20200825,000000,24.535,24.584,24.456,24.564,69038,0
BSJQ.US,D,20200826,000000,24.574,24.584,24.441,24.584,81677,0
BSJQ.US,D,20200827,000000,24.584,24.584,24.435,24.574,73785,0
BSJQ.US,D,20200828,000000,24.574,24.604,24.463,24.554,76346,0
BSJQ.US,D,20200831,000000,24.535,24.535,24.368,24.515,38855,0
BSJQ.US,D,20200901,000000,24.496,24.624,24.417,24.624,90281,0
BSJQ.US,D,20200902,000000,24.554,24.684,24.515,24.664,28489,0
BSJQ.US,D,20200903,000000,24.584,24.584,24.388,24.515,50027,0
BSJQ.US,D,20200904,000000,24.515,24.564,24.278,24.486,34475,0
BSJQ.US,D,20200908,000000,24.408,24.417,24.268,24.338,22356,0
BSJQ.US,D,20200909,000000,24.378,24.515,24.368,24.515,35622,0
BSJQ.US,D,20200910,000000,24.515,24.544,24.388,24.466,22998,0
BSJQ.US,D,20200911,000000,24.437,24.466,24.383,24.466,19969,0
BSJQ.US,D,20200914,000000,24.476,24.505,24.398,24.446,17605,0
BSJQ.US,D,20200915,000000,24.456,24.486,24.437,24.476,23787,0
BSJQ.US,D,20200916,000000,24.496,24.525,24.456,24.486,24819,0
BSJQ.US,D,20200917,000000,24.388,24.466,24.383,24.466,26081,0
BSJQ.US,D,20200918,000000,24.446,24.466,24.308,24.398,30990,0
BSJQ.US,D,20200921,000000,24.18,24.18,24.042,24.141,18439,0
BSJQ.US,D,20200922,000000,24.122,24.171,24.062,24.161,32201,0
BSJQ.US,D,20200923,000000,24.151,24.161,23.934,23.964,13693,0
BSJQ.US,D,20200924,000000,23.885,24.012,23.836,23.915,18568,0
BSJQ.US,D,20200925,000000,23.885,23.964,23.865,23.924,8989,0
BSJQ.US,D,20200928,000000,23.973,24.092,23.973,24.012,49163,0
BSJQ.US,D,20200929,000000,24.022,24.042,23.915,24.012,37587,0
BSJQ.US,D,20200930,000000,24.012,24.19,24.012,24.171,40690,0
BSJQ.US,D,20201001,000000,24.2,24.23,24.141,24.21,47953,0
BSJQ.US,D,20201002,000000,24.032,24.234,24.032,24.22,74554,0
BSJQ.US,D,20201005,000000,24.268,24.388,24.228,24.388,54487,0
BSJQ.US,D,20201006,000000,24.368,24.476,24.313,24.456,94802,0
BSJQ.US,D,20201007,000000,24.437,24.466,24.378,24.456,58359,0
BSJQ.US,D,20201008,000000,24.446,24.505,24.437,24.505,30559,0
BSJQ.US,D,20201009,000000,24.525,24.564,24.496,24.535,47203,0
BSJQ.US,D,20201012,000000,24.574,24.694,24.554,24.694,67573,0
BSJQ.US,D,20201013,000000,24.654,24.654,24.539,24.574,111308,0
BSJQ.US,D,20201014,000000,24.554,24.584,24.466,24.525,98996,0
BSJQ.US,D,20201015,000000,24.427,24.535,24.398,24.53,76223,0
BSJQ.US,D,20201016,000000,24.535,24.624,24.466,24.476,75458,0
BSJQ.US,D,20201019,000000,24.398,24.398,24.298,24.308,62450,0
BSJQ.US,D,20201020,000000,24.368,24.437,24.348,24.403,63234,0
BSJQ.US,D,20201021,000000,24.408,24.446,24.328,24.408,146314,0
BSJQ.US,D,20201022,000000,24.378,24.456,24.368,24.456,61206,0
BSJQ.US,D,20201023,000000,24.476,24.486,24.408,24.456,74030,0
BSJQ.US,D,20201026,000000,24.388,24.388,24.268,24.308,41449,0
BSJQ.US,D,20201027,000000,24.298,24.338,24.268,24.268,13798,0
BSJQ.US,D,20201028,000000,24.151,24.151,24.062,24.131,61006,0
BSJQ.US,D,20201029,000000,24.072,24.171,24.062,24.141,98647,0
BSJQ.US,D,20201030,000000,24.082,24.19,24.052,24.19,65941,0
BSJQ.US,D,20201102,000000,24.2,24.288,24.171,24.249,56124,0
BSJQ.US,D,20201103,000000,24.298,24.437,24.288,24.437,83632,0
BSJQ.US,D,20201104,000000,24.486,24.654,24.486,24.614,71268,0
BSJQ.US,D,20201105,000000,24.722,24.771,24.654,24.712,83554,0
BSJQ.US,D,20201106,000000,24.684,24.694,24.619,24.684,33687,0
BSJQ.US,D,20201109,000000,24.979,25.017,24.811,24.821,76475,0
BSJQ.US,D,20201110,000000,24.791,24.821,24.732,24.811,105205,0
BSJQ.US,D,20201111,000000,24.821,24.85,24.751,24.791,125470,0
BSJQ.US,D,20201112,000000,24.732,24.732,24.624,24.644,87849,0
BSJQ.US,D,20201113,000000,24.664,24.731,24.644,24.712,84067,0
BSJQ.US,D,20201116,000000,24.811,24.811,24.751,24.791,72766,0
BSJQ.US,D,20201117,000000,24.761,24.91,24.761,24.88,120869,0
BSJQ.US,D,20201118,000000,24.88,24.91,24.811,24.821,46604,0
BSJQ.US,D,20201119,000000,24.791,24.92,24.791,24.92,52771,0
BSJQ.US,D,20201120,000000,24.875,24.9,24.83,24.87,115295,0
BSJQ.US,D,20201123,000000,24.93,24.96,24.88,24.92,170024,0
BSJQ.US,D,20201124,000000,24.95,25.028,24.94,24.969,92560,0
BSJQ.US,D,20201125,000000,24.95,24.988,24.908,24.969,83412,0
BSJQ.US,D,20201127,000000,24.96,24.99,24.96,24.979,33133,0
BSJQ.US,D,20201130,000000,24.96,24.96,24.896,24.95,124995,0
BSJQ.US,D,20201201,000000,25.028,25.068,24.988,25.058,111796,0
BSJQ.US,D,20201202,000000,25.032,25.098,24.979,25.088,154500,0
BSJQ.US,D,20201203,000000,25.098,25.147,25.078,25.107,173351,0
BSJQ.US,D,20201204,000000,25.147,25.197,25.117,25.197,193919,0
BSJQ.US,D,20201207,000000,25.187,25.207,25.137,25.207,97123,0
BSJQ.US,D,20201208,000000,25.177,25.207,25.147,25.207,179008,0
BSJQ.US,D,20201209,000000,25.187,25.187,25.114,25.157,119360,0
BSJQ.US,D,20201210,000000,25.137,25.197,25.107,25.197,237025,0
BSJQ.US,D,20201211,000000,25.167,25.197,25.103,25.177,246422,0
BSJQ.US,D,20201214,000000,25.167,25.189,25.117,25.157,208917,0
BSJQ.US,D,20201215,000000,25.157,25.229,25.142,25.226,214563,0
BSJQ.US,D,20201216,000000,25.236,25.236,25.117,25.217,160857,0
BSJQ.US,D,20201217,000000,25.217,25.26,25.204,25.256,214662,0
BSJQ.US,D,20201218,000000,25.275,25.279,25.197,25.256,464360,0
BSJQ.US,D,20201221,000000,25.088,25.117,25.038,25.107,302081,0
BSJQ.US,D,20201222,000000,25.117,25.137,25.078,25.137,308232,0
BSJQ.US,D,20201223,000000,25.167,25.217,25.132,25.217,290922,0
BSJQ.US,D,20201224,000000,25.217,25.275,25.203,25.275,311970,0
BSJQ.US,D,20201228,000000,25.305,25.31,25.256,25.295,266970,0
BSJQ.US,D,20201229,000000,25.295,25.318,25.236,25.285,391909,0
BSJQ.US,D,20201230,000000,25.295,25.32,25.263,25.305,342803,0
BSJQ.US,D,20201231,000000,25.305,25.335,25.271,25.335,424222,0
BSJQ.US,D,20210104,000000,25.335,25.345,25.196,25.285,618723,0
BSJQ.US,D,20210105,000000,25.246,25.295,25.246,25.295,289715,0
BSJQ.US,D,20210106,000000,25.295,25.325,25.266,25.266,235625,0
BSJQ.US,D,20210107,000000,25.315,25.345,25.285,25.34,262301,0
BSJQ.US,D,20210108,000000,25.365,25.365,25.28,25.355,419651,0
BSJQ.US,D,20210111,000000,25.295,25.328,25.226,25.285,319391,0
BSJQ.US,D,20210112,000000,25.275,25.315,25.222,25.315,563242,0
BSJQ.US,D,20210113,000000,25.295,25.355,25.295,25.355,319962,0
BSJQ.US,D,20210114,000000,25.365,25.38,25.335,25.355,235964,0
BSJQ.US,D,20210115,000000,25.295,25.375,25.295,25.355,517760,0
BSJQ.US,D,20210119,000000,25.382,25.436,25.342,25.431,448837,0
BSJQ.US,D,20210120,000000,25.431,25.483,25.421,25.468,417834,0
BSJQ.US,D,20210121,000000,25.461,25.461,25.406,25.441,249719,0
BSJQ.US,D,20210122,000000,25.411,25.414,25.372,25.411,562813,0
BSJQ.US,D,20210125,000000,25.411,25.411,25.312,25.401,795459,0
BSJQ.US,D,20210126,000000,25.401,25.401,25.35,25.382,520369,0
BSJQ.US,D,20210127,000000,25.332,25.342,25.263,25.272,496819,0
BSJQ.US,D,20210128,000000,25.31,25.411,25.31,25.362,277207,0
BSJQ.US,D,20210129,000000,25.352,25.396,25.282,25.292,484269,0
BSJQ.US,D,20210201,000000,25.332,25.372,25.272,25.372,377929,0
BSJQ.US,D,20210202,000000,25.401,25.431,25.382,25.431,376165,0
BSJQ.US,D,20210203,000000,25.411,25.449,25.411,25.441,110586,0
BSJQ.US,D,20210204,000000,25.441,25.491,25.441,25.471,185296,0
BSJQ.US,D,20210205,000000,25.501,25.535,25.491,25.501,245033,0
BSJQ.US,D,20210208,000000,25.511,25.56,25.506,25.56,278715,0
BSJQ.US,D,20210209,000000,25.551,25.553,25.521,25.521,206841,0
BSJQ.US,D,20210210,000000,25.56,25.56,25.501,25.541,220280,0
BSJQ.US,D,20210211,000000,25.56,25.56,25.521,25.551,165147,0
BSJQ.US,D,20210212,000000,25.531,25.6,25.531,25.6,185003,0
BSJQ.US,D,20210216,000000,25.59,25.59,25.541,25.56,242952,0
BSJQ.US,D,20210217,000000,25.551,25.57,25.526,25.57,105795,0
BSJQ.US,D,20210218,000000,25.511,25.551,25.511,25.551,160697,0
BSJQ.US,D,20210219,000000,25.56,25.563,25.519,25.531,226502,0
BSJQ.US,D,20210222,000000,25.531,25.531,25.491,25.501,78354,0
BSJQ.US,D,20210223,000000,25.491,25.541,25.426,25.541,236551,0
BSJQ.US,D,20210224,000000,25.521,25.541,25.471,25.541,202278,0
BSJQ.US,D,20210225,000000,25.521,25.531,25.375,25.391,302549,0
BSJQ.US,D,20210226,000000,25.441,25.441,25.341,25.371,221315,0
BSJQ.US,D,20210301,000000,25.411,25.531,25.411,25.531,352954,0
BSJQ.US,D,20210302,000000,25.511,25.521,25.484,25.506,234077,0
BSJQ.US,D,20210303,000000,25.481,25.501,25.451,25.471,125787,0
BSJQ.US,D,20210304,000000,25.461,25.501,25.351,25.391,352344,0
BSJQ.US,D,20210305,000000,25.441,25.461,25.351,25.461,268662,0
BSJQ.US,D,20210308,000000,25.441,25.451,25.311,25.321,167130,0
BSJQ.US,D,20210309,000000,25.371,25.401,25.341,25.348,191513,0
BSJQ.US,D,20210310,000000,25.363,25.421,25.363,25.411,177552,0
BSJQ.US,D,20210311,000000,25.436,25.491,25.436,25.481,279440,0
BSJQ.US,D,20210312,000000,25.451,25.451,25.409,25.451,147477,0
BSJQ.US,D,20210315,000000,25.431,25.451,25.406,25.451,178431,0
BSJQ.US,D,20210316,000000,25.441,25.441,25.381,25.391,112790,0
BSJQ.US,D,20210317,000000,25.371,25.441,25.327,25.421,303465,0
BSJQ.US,D,20210318,000000,25.361,25.361,25.252,25.281,256568,0
BSJQ.US,D,20210319,000000,25.291,25.361,25.242,25.361,329928,0
BSJQ.US,D,20210322,000000,25.262,25.341,25.261,25.321,144747,0
BSJQ.US,D,20210323,000000,25.311,25.321,25.251,25.321,141346,0
BSJQ.US,D,20210324,000000,25.341,25.401,25.341,25.361,346422,0
BSJQ.US,D,20210325,000000,25.361,25.391,25.281,25.391,275956,0
BSJQ.US,D,20210326,000000,25.396,25.441,25.361,25.441,298012,0
BSJQ.US,D,20210329,000000,25.431,25.461,25.39,25.461,182617,0
BSJQ.US,D,20210330,000000,25.411,25.455,25.401,25.441,176050,0
BSJQ.US,D,20210331,000000,25.451,25.511,25.439,25.501,114845,0
BSJQ.US,D,20210401,000000,25.511,25.541,25.471,25.541,177420,0
BSJQ.US,D,20210405,000000,25.58,25.58,25.51,25.551,206846,0
BSJQ.US,D,20210406,000000,25.56,25.58,25.551,25.58,68982,0
BSJQ.US,D,20210407,000000,25.57,25.6,25.56,25.59,178797,0
BSJQ.US,D,20210408,000000,25.59,25.61,25.59,25.59,69646,0
BSJQ.US,D,20210409,000000,25.59,25.59,25.565,25.58,112262,0
BSJQ.US,D,20210412,000000,25.6,25.6,25.541,25.58,83713,0
BSJQ.US,D,20210413,000000,25.58,25.59,25.531,25.585,171251,0
BSJQ.US,D,20210414,000000,25.59,25.62,25.573,25.6,173489,0
BSJQ.US,D,20210415,000000,25.6,25.66,25.6,25.66,174650,0
BSJQ.US,D,20210416,000000,25.64,25.685,25.62,25.63,116806,0
BSJQ.US,D,20210419,000000,25.531,25.541,25.5,25.531,186913,0
BSJQ.US,D,20210420,000000,25.501,25.511,25.461,25.501,79421,0
BSJQ.US,D,20210421,000000,25.491,25.551,25.481,25.551,146085,0
BSJQ.US,D,20210422,000000,25.551,25.551,25.496,25.531,276622,0
BSJQ.US,D,20210423,000000,25.521,25.57,25.519,25.57,179779,0
BSJQ.US,D,20210426,000000,25.58,25.58,25.548,25.57,100907,0
BSJQ.US,D,20210427,000000,25.59,25.59,25.53,25.541,103639,0
BSJQ.US,D,20210428,000000,25.541,25.59,25.511,25.58,204200,0
BSJQ.US,D,20210429,000000,25.58,25.61,25.546,25.6,235272,0
BSJQ.US,D,20210430,000000,25.58,25.59,25.566,25.59,92981,0
BSJQ.US,D,20210503,000000,25.59,25.62,25.589,25.6,116849,0
BSJQ.US,D,20210504,000000,25.6,25.6,25.536,25.59,75590,0
BSJQ.US,D,20210505,000000,25.61,25.64,25.595,25.635,106919,0
BSJQ.US,D,20210506,000000,25.64,25.655,25.615,25.63,80378,0
BSJQ.US,D,20210507,000000,25.63,25.645,25.59,25.64,88108,0
BSJQ.US,D,20210510,000000,25.62,25.649,25.61,25.61,95683,0
BSJQ.US,D,20210511,000000,25.56,25.59,25.521,25.57,192654,0
BSJQ.US,D,20210512,000000,25.551,25.58,25.501,25.501,113107,0
BSJQ.US,D,20210513,000000,25.511,25.57,25.511,25.56,163120,0
BSJQ.US,D,20210514,000000,25.58,25.62,25.556,25.62,222561,0
BSJQ.US,D,20210517,000000,25.61,25.62,25.556,25.6,90642,0
BSJQ.US,D,20210518,000000,25.585,25.6,25.551,25.56,141741,0
BSJQ.US,D,20210519,000000,25.481,25.541,25.476,25.511,175529,0
BSJQ.US,D,20210520,000000,25.501,25.57,25.441,25.57,318192,0
BSJQ.US,D,20210521,000000,25.6,25.6,25.56,25.57,92687,0
BSJQ.US,D,20210524,000000,25.481,25.531,25.481,25.531,135361,0
BSJQ.US,D,20210525,000000,25.531,25.541,25.511,25.541,34948,0
BSJQ.US,D,20210526,000000,25.551,25.56,25.531,25.56,34046,0
BSJQ.US,D,20210527,000000,25.57,25.59,25.551,25.57,43455,0
BSJQ.US,D,20210528,000000,25.59,25.59,25.551,25.56,50838,0
BSJQ.US,D,20210601,000000,25.591,25.61,25.575,25.61,69380,0
BSJQ.US,D,20210602,000000,25.61,25.64,25.61,25.64,53557,0
BSJQ.US,D,20210603,000000,25.61,25.62,25.585,25.62,70737,0
BSJQ.US,D,20210604,000000,25.63,25.64,25.625,25.64,34051,0
BSJQ.US,D,20210607,000000,25.661,25.67,25.65,25.67,450843,0
BSJQ.US,D,20210608,000000,25.67,25.69,25.645,25.68,97786,0
BSJQ.US,D,20210609,000000,25.68,25.706,25.665,25.69,65451,0
BSJQ.US,D,20210610,000000,25.69,25.73,25.685,25.715,50985,0
BSJQ.US,D,20210611,000000,25.75,25.75,25.71,25.715,21620,0
BSJQ.US,D,20210614,000000,25.71,25.73,25.7,25.71,22888,0
BSJQ.US,D,20210615,000000,25.71,25.72,25.699,25.715,26650,0
BSJQ.US,D,20210616,000000,25.69,25.725,25.66,25.695,104771,0
BSJQ.US,D,20210617,000000,25.72,25.73,25.679,25.715,47299,0
BSJQ.US,D,20210618,000000,25.69,25.7,25.659,25.69,76147,0
BSJQ.US,D,20210621,000000,25.61,25.63,25.59,25.63,86077,0
BSJQ.US,D,20210622,000000,25.63,25.64,25.62,25.64,47581,0
BSJQ.US,D,20210623,000000,25.648,25.663,25.64,25.66,72226,0
BSJQ.US,D,20210624,000000,25.66,25.68,25.645,25.68,59375,0
BSJQ.US,D,20210625,000000,25.68,25.7,25.68,25.7,31582,0
BSJQ.US,D,20210628,000000,25.72,25.72,25.689,25.71,47265,0
BSJQ.US,D,20210629,000000,25.68,25.729,25.68,25.72,39109,0
BSJQ.US,D,20210630,000000,25.73,25.74,25.72,25.73,50182,0
BSJQ.US,D,20210701,000000,25.74,25.76,25.73,25.742,26899,0
BSJQ.US,D,20210702,000000,25.755,25.78,25.755,25.767,10680,0
BSJQ.US,D,20210706,000000,25.76,25.8,25.75,25.787,37106,0
BSJQ.US,D,20210707,000000,25.82,25.82,25.76,25.76,20975,0
BSJQ.US,D,20210708,000000,25.77,25.77,25.73,25.76,123146,0
BSJQ.US,D,20210709,000000,25.75,25.78,25.74,25.765,38259,0
BSJQ.US,D,20210712,000000,25.78,25.78,25.75,25.765,20921,0
BSJQ.US,D,20210713,000000,25.78,25.78,25.725,25.725,20117,0
BSJQ.US,D,20210714,000000,25.74,25.76,25.72,25.76,60127,0
BSJQ.US,D,20210715,000000,25.74,25.741,25.72,25.74,38854,0
BSJQ.US,D,20210716,000000,25.72,25.735,25.7,25.7,29160,0
BSJQ.US,D,20210719,000000,25.63,25.63,25.525,25.55,293467,0
BSJQ.US,D,20210720,000000,25.55,25.62,25.5,25.62,166523,0
BSJQ.US,D,20210721,000000,25.62,25.67,25.62,25.67,199507,0
BSJQ.US,D,20210722,000000,25.69,25.7,25.665,25.7,104470,0
BSJQ.US,D,20210723,000000,25.71,25.76,25.685,25.74,102142,0
BSJQ.US,D,20210726,000000,25.77,25.77,25.72,25.74,43090,0
BSJQ.US,D,20210727,000000,25.7,25.72,25.685,25.72,96885,0
BSJQ.US,D,20210728,000000,25.72,25.72,25.699,25.72,54679,0
BSJQ.US,D,20210729,000000,25.72,25.75,25.7099,25.75,74475,0
BSJQ.US,D,20210730,000000,25.72,25.73,25.71,25.73,60805,0
BSJQ.US,D,20210802,000000,25.75,25.75,25.69,25.7,80823,0
BSJQ.US,D,20210803,000000,25.7,25.71,25.665,25.7,77712,0
BSJQ.US,D,20210804,000000,25.68,25.69,25.655,25.66,30815,0
BSJQ.US,D,20210805,000000,25.66,25.6792,25.66,25.67,34647,0
BSJQ.US,D,20210806,000000,25.6781,25.69,25.65,25.66,29141,0
BSJQ.US,D,20210809,000000,25.64,25.66,25.6,25.62,68178,0
BSJQ.US,D,20210810,000000,25.62,25.63,25.565,25.59,88961,0
BSJQ.US,D,20210811,000000,25.59,25.62,25.59,25.62,33418,0
BSJQ.US,D,20210812,000000,25.62,25.65,25.585,25.65,69264,0
BSJQ.US,D,20210813,000000,25.64,25.67,25.6289,25.67,80034,0
BSJQ.US,D,20210816,000000,25.66,25.68,25.6389,25.67,61709,0
BSJQ.US,D,20210817,000000,25.66,25.66,25.615,25.65,91433,0
BSJQ.US,D,20210818,000000,25.65,25.65,25.6,25.62,59773,0
BSJQ.US,D,20210819,000000,25.57,25.6199,25.5589,25.61,89339,0
BSJQ.US,D,20210820,000000,25.61,25.63,25.6099,25.63,68590,0
BSJQ.US,D,20210823,000000,25.56,25.6,25.55,25.6,44138,0
BSJQ.US,D,20210824,000000,25.56,25.62,25.56,25.62,257208,0
BSJQ.US,D,20210825,000000,25.64,25.66,25.6201,25.66,28798,0
BSJQ.US,D,20210826,000000,25.66,25.67,25.6102,25.66,59622,0
BSJQ.US,D,20210827,000000,25.69,25.74,25.6498,25.74,47322,0
BSJQ.US,D,20210830,000000,25.74,25.75,25.72,25.73,57253,0
BSJQ.US,D,20210831,000000,25.73,25.76,25.715,25.76,29604,0
BSJQ.US,D,20210901,000000,25.75,25.78,25.74,25.78,66644,0
