<TICKER>,<PER>,<DATE>,<TIME>,<OPEN>,<HIGH>,<LOW>,<CLOSE>,<VOL>,<OPENINT>
BSML.US,D,20191002,000000,24.779,24.779,24.779,24.779,500,0
BSML.US,D,20191004,000000,24.783,24.783,24.783,24.783,4041,0
BSML.US,D,20191009,000000,24.837,24.837,24.821,24.828,1395,0
BSML.US,D,20191010,000000,24.828,24.848,24.828,24.848,4056,0
BSML.US,D,20191015,000000,24.813,24.813,24.813,24.813,8507,0
BSML.US,D,20191016,000000,24.828,24.828,24.828,24.828,268,0
BSML.US,D,20191021,000000,24.819,24.819,24.804,24.819,9111,0
BSML.US,D,20191023,000000,24.812,24.828,24.812,24.812,1512,0
BSML.US,D,20191024,000000,24.819,24.828,24.819,24.828,659,0
BSML.US,D,20191025,000000,24.784,24.784,24.784,24.784,1009,0
BSML.US,D,20191029,000000,24.828,24.828,24.819,24.819,973,0
BSML.US,D,20191031,000000,24.848,24.848,24.838,24.848,4838,0
BSML.US,D,20191101,000000,24.843,24.848,24.843,24.848,8012,0
BSML.US,D,20191104,000000,24.838,24.838,24.838,24.838,302,0
BSML.US,D,20191106,000000,24.809,24.848,24.809,24.848,553,0
BSML.US,D,20191107,000000,24.812,24.812,24.812,24.812,400,0
BSML.US,D,20191112,000000,24.832,24.832,24.832,24.832,4923,0
BSML.US,D,20191118,000000,24.858,24.858,24.843,24.843,9384,0
BSML.US,D,20191119,000000,24.858,24.858,24.858,24.858,2018,0
BSML.US,D,20191121,000000,24.849,24.849,24.843,24.843,1008,0
BSML.US,D,20191125,000000,24.868,24.868,24.853,24.853,1846,0
BSML.US,D,20191126,000000,24.868,24.868,24.848,24.848,888,0
BSML.US,D,20191127,000000,24.868,24.878,24.848,24.853,11530,0
BSML.US,D,20191202,000000,24.878,24.878,24.878,24.878,202,0
BSML.US,D,20191205,000000,24.878,24.878,24.848,24.848,1312,0
BSML.US,D,20191206,000000,24.838,24.863,24.838,24.863,382,0
BSML.US,D,20191209,000000,24.888,24.888,24.863,24.863,100,0
BSML.US,D,20191210,000000,24.878,24.878,24.873,24.873,893,0
BSML.US,D,20191211,000000,24.888,24.898,24.888,24.898,1829,0
BSML.US,D,20191213,000000,24.888,24.888,24.865,24.873,4429,0
BSML.US,D,20191216,000000,24.863,24.873,24.863,24.873,1004,0
BSML.US,D,20191217,000000,24.878,24.893,24.878,24.893,1008,0
BSML.US,D,20191218,000000,24.908,24.908,24.891,24.898,13995,0
BSML.US,D,20191219,000000,24.898,24.908,24.898,24.898,12488,0
BSML.US,D,20191220,000000,24.898,24.898,24.888,24.888,3298,0
BSML.US,D,20191223,000000,24.908,24.908,24.873,24.878,4564,0
BSML.US,D,20191227,000000,24.903,24.908,24.903,24.903,2321,0
BSML.US,D,20191230,000000,24.918,24.918,24.908,24.908,2801,0
BSML.US,D,20191231,000000,24.908,24.918,24.908,24.918,7975,0
BSML.US,D,20200102,000000,24.918,24.918,24.898,24.908,5489,0
BSML.US,D,20200103,000000,24.908,24.918,24.908,24.908,522,0
BSML.US,D,20200106,000000,24.905,24.908,24.905,24.908,239,0
BSML.US,D,20200108,000000,24.938,24.948,24.933,24.933,285,0
BSML.US,D,20200109,000000,24.928,24.938,24.928,24.938,9039,0
BSML.US,D,20200110,000000,24.918,24.923,24.918,24.923,319,0
BSML.US,D,20200113,000000,24.938,24.938,24.928,24.928,5529,0
BSML.US,D,20200115,000000,24.943,24.958,24.918,24.938,5479,0
BSML.US,D,20200116,000000,24.958,24.958,24.938,24.938,1527,0
BSML.US,D,20200117,000000,24.958,24.958,24.928,24.928,429,0
BSML.US,D,20200123,000000,24.968,24.981,24.961,24.961,3318,0
BSML.US,D,20200129,000000,24.991,25.001,24.991,24.991,1015,0
BSML.US,D,20200130,000000,24.996,24.996,24.989,24.989,3931,0
BSML.US,D,20200131,000000,24.97,24.971,24.97,24.971,395,0
BSML.US,D,20200203,000000,24.991,24.991,24.986,24.991,797,0
BSML.US,D,20200204,000000,24.981,24.981,24.981,24.981,1611,0
BSML.US,D,20200205,000000,24.981,24.981,24.956,24.956,280,0
BSML.US,D,20200206,000000,24.971,24.976,24.971,24.976,1612,0
BSML.US,D,20200207,000000,24.976,24.981,24.966,24.966,643,0
BSML.US,D,20200210,000000,24.978,24.978,24.961,24.961,669,0
BSML.US,D,20200211,000000,24.975,24.977,24.971,24.971,1652,0
BSML.US,D,20200212,000000,24.977,24.977,24.961,24.961,477,0
BSML.US,D,20200213,000000,24.981,24.991,24.966,24.966,3123,0
BSML.US,D,20200214,000000,24.967,24.971,24.966,24.966,1787,0
BSML.US,D,20200218,000000,24.986,24.986,24.981,24.981,680,0
BSML.US,D,20200219,000000,24.981,24.981,24.966,24.966,1954,0
BSML.US,D,20200220,000000,24.991,25.001,24.991,24.991,5787,0
BSML.US,D,20200221,000000,24.991,25.001,24.981,24.981,1476,0
BSML.US,D,20200224,000000,25.01,25.01,24.991,24.991,2995,0
BSML.US,D,20200227,000000,25.011,25.021,25.006,25.01,8422,0
BSML.US,D,20200228,000000,24.988,24.988,24.988,24.988,353,0
BSML.US,D,20200302,000000,24.991,25.001,24.991,25.001,107,0
BSML.US,D,20200303,000000,25.012,25.044,25.012,25.03,1543,0
BSML.US,D,20200304,000000,25.011,25.051,25.011,25.031,7150,0
BSML.US,D,20200305,000000,25.051,25.061,25.031,25.041,402064,0
BSML.US,D,20200306,000000,25.081,25.179,25.051,25.06,5330,0
BSML.US,D,20200309,000000,25.121,25.121,25.101,25.101,1005,0
BSML.US,D,20200310,000000,25.031,25.075,25.031,25.041,1364,0
BSML.US,D,20200312,000000,24.815,24.831,24.815,24.815,2417,0
BSML.US,D,20200313,000000,24.885,24.896,24.885,24.896,229,0
BSML.US,D,20200316,000000,24.826,24.826,24.752,24.822,8912,0
BSML.US,D,20200317,000000,24.777,24.861,24.762,24.762,12499,0
BSML.US,D,20200319,000000,24.354,24.623,24.329,24.329,3507,0
BSML.US,D,20200323,000000,24.537,24.547,24.288,24.288,6126,0
BSML.US,D,20200325,000000,24.806,24.806,24.636,24.636,2299,0
BSML.US,D,20200326,000000,25.025,25.09,24.915,24.915,1159,0
BSML.US,D,20200327,000000,24.87,24.87,24.771,24.771,707,0
BSML.US,D,20200330,000000,24.977,24.977,24.7,24.86,1860,0
BSML.US,D,20200331,000000,24.806,24.806,24.716,24.716,1114,0
BSML.US,D,20200401,000000,24.626,24.626,24.626,24.626,204,0
BSML.US,D,20200402,000000,24.965,24.965,24.806,24.806,254,0
BSML.US,D,20200407,000000,24.835,25.055,24.639,24.825,9387,0
BSML.US,D,20200409,000000,24.818,24.895,24.818,24.895,995,0
BSML.US,D,20200413,000000,24.666,24.87,24.651,24.87,4445,0
BSML.US,D,20200414,000000,24.937,24.937,24.89,24.89,541,0
BSML.US,D,20200417,000000,25.085,25.085,24.875,24.975,4365,0
BSML.US,D,20200420,000000,25.056,25.056,24.966,24.966,2018,0
BSML.US,D,20200421,000000,25.046,25.046,24.966,24.966,4068,0
BSML.US,D,20200422,000000,24.961,25.046,24.961,24.961,2792,0
BSML.US,D,20200423,000000,24.961,25.056,24.961,24.961,27985,0
BSML.US,D,20200424,000000,24.946,24.946,24.946,24.946,155,0
BSML.US,D,20200428,000000,25.066,25.066,24.966,24.966,4883,0
BSML.US,D,20200429,000000,25.056,25.056,24.936,24.936,961,0
BSML.US,D,20200430,000000,25.056,25.056,24.826,24.941,4758,0
BSML.US,D,20200504,000000,25.076,25.106,25.076,25.086,6624,0
BSML.US,D,20200505,000000,25.096,25.096,24.961,24.961,400,0
BSML.US,D,20200507,000000,24.975,24.986,24.975,24.986,400,0
BSML.US,D,20200508,000000,25.106,25.155,24.981,25.021,8882,0
BSML.US,D,20200511,000000,25.126,25.126,25.026,25.026,1588,0
BSML.US,D,20200512,000000,25.145,25.145,25.071,25.071,4043,0
BSML.US,D,20200513,000000,25.102,25.155,25.067,25.081,5480,0
BSML.US,D,20200514,000000,25.145,25.155,25.091,25.091,1368,0
BSML.US,D,20200518,000000,25.174,25.194,25.13,25.13,3195,0
BSML.US,D,20200519,000000,25.204,25.204,25.139,25.139,402,0
BSML.US,D,20200520,000000,25.126,25.214,25.126,25.174,2022,0
BSML.US,D,20200521,000000,25.234,25.234,25.149,25.149,1943,0
BSML.US,D,20200522,000000,25.151,25.154,25.151,25.154,805,0
BSML.US,D,20200526,000000,25.234,25.234,25.159,25.159,2936,0
BSML.US,D,20200527,000000,25.13,25.234,25.13,25.179,1732,0
BSML.US,D,20200528,000000,25.224,25.234,25.169,25.169,11678,0
BSML.US,D,20200529,000000,25.224,25.234,25.204,25.204,14178,0
BSML.US,D,20200601,000000,25.223,25.223,25.168,25.168,10630,0
BSML.US,D,20200602,000000,25.214,25.238,25.174,25.214,21649,0
BSML.US,D,20200603,000000,25.213,25.284,25.174,25.174,9036,0
BSML.US,D,20200604,000000,25.244,25.244,25.174,25.174,1102,0
BSML.US,D,20200605,000000,25.244,25.284,25.174,25.174,8786,0
BSML.US,D,20200608,000000,25.314,25.314,25.234,25.234,3758,0
BSML.US,D,20200609,000000,25.304,25.324,25.249,25.249,2751,0
BSML.US,D,20200610,000000,25.324,25.334,25.259,25.259,10428,0
BSML.US,D,20200611,000000,25.244,25.314,25.244,25.259,1449,0
BSML.US,D,20200612,000000,25.304,25.304,25.244,25.244,1838,0
BSML.US,D,20200615,000000,25.264,25.314,25.264,25.284,11481,0
BSML.US,D,20200616,000000,25.304,25.344,25.224,25.284,18098,0
BSML.US,D,20200617,000000,25.246,25.264,25.246,25.264,933,0
BSML.US,D,20200618,000000,25.254,25.287,25.254,25.284,3217,0
BSML.US,D,20200619,000000,25.285,25.314,25.284,25.284,4184,0
BSML.US,D,20200622,000000,25.321,25.321,25.271,25.271,1795,0
BSML.US,D,20200623,000000,25.221,25.311,25.191,25.256,15757,0
BSML.US,D,20200624,000000,25.284,25.311,25.261,25.261,3204,0
BSML.US,D,20200625,000000,25.305,25.305,25.261,25.261,547,0
BSML.US,D,20200626,000000,25.311,25.311,25.256,25.256,3862,0
BSML.US,D,20200629,000000,25.267,25.331,25.261,25.261,13447,0
BSML.US,D,20200630,000000,25.261,25.311,25.261,25.261,4316,0
BSML.US,D,20200701,000000,25.311,25.321,25.249,25.261,4928,0
BSML.US,D,20200702,000000,25.226,25.321,25.226,25.251,27081,0
BSML.US,D,20200706,000000,25.321,25.321,25.261,25.261,3774,0
BSML.US,D,20200707,000000,25.311,25.321,25.281,25.281,10170,0
BSML.US,D,20200708,000000,25.301,25.301,25.281,25.281,912,0
BSML.US,D,20200709,000000,25.281,25.282,25.246,25.246,3532,0
BSML.US,D,20200710,000000,25.281,25.301,25.251,25.251,3514,0
BSML.US,D,20200713,000000,25.261,25.311,25.238,25.256,7866,0
BSML.US,D,20200714,000000,25.291,25.301,25.233,25.271,4792,0
BSML.US,D,20200715,000000,25.311,25.311,25.271,25.271,5214,0
BSML.US,D,20200716,000000,25.301,25.301,25.291,25.291,4404,0
BSML.US,D,20200717,000000,25.311,25.311,25.306,25.306,200,0
BSML.US,D,20200720,000000,25.316,25.321,25.306,25.306,9420,0
BSML.US,D,20200721,000000,25.286,25.326,25.286,25.286,138281,0
BSML.US,D,20200722,000000,25.296,25.316,25.166,25.246,7920,0
BSML.US,D,20200723,000000,25.268,25.336,25.236,25.236,7678,0
BSML.US,D,20200724,000000,25.221,25.316,25.186,25.251,2815,0
BSML.US,D,20200727,000000,25.306,25.316,25.251,25.251,3978,0
BSML.US,D,20200729,000000,25.396,25.396,25.261,25.271,4750,0
BSML.US,D,20200730,000000,25.326,25.33,25.266,25.266,1879,0
BSML.US,D,20200731,000000,25.316,25.316,25.306,25.306,475,0
BSML.US,D,20200803,000000,25.237,25.271,25.227,25.271,2291,0
BSML.US,D,20200804,000000,25.326,25.346,25.251,25.276,2346,0
BSML.US,D,20200805,000000,25.346,25.346,25.276,25.276,2215,0
BSML.US,D,20200806,000000,25.276,25.351,25.256,25.281,16663,0
BSML.US,D,20200807,000000,25.281,25.281,25.281,25.281,124,0
BSML.US,D,20200810,000000,25.336,25.422,25.32,25.331,9286,0
BSML.US,D,20200811,000000,25.336,25.336,25.331,25.331,180,0
BSML.US,D,20200812,000000,25.325,25.326,25.298,25.321,5415,0
BSML.US,D,20200813,000000,25.31,25.336,25.31,25.316,9672,0
BSML.US,D,20200814,000000,25.316,25.316,25.311,25.311,331,0
BSML.US,D,20200817,000000,25.336,25.336,25.3,25.311,4679,0
BSML.US,D,20200819,000000,25.346,25.346,25.311,25.311,9820,0
BSML.US,D,20200820,000000,25.311,25.326,25.31,25.311,6960,0
BSML.US,D,20200821,000000,25.316,25.316,25.311,25.311,208,0
BSML.US,D,20200824,000000,25.328,25.348,25.308,25.308,1254,0
BSML.US,D,20200826,000000,25.296,25.308,25.296,25.308,882,0
BSML.US,D,20200827,000000,25.328,25.328,25.328,25.328,236,0
BSML.US,D,20200828,000000,25.328,25.328,25.295,25.308,7242,0
BSML.US,D,20200831,000000,25.318,25.327,25.308,25.308,1476,0
BSML.US,D,20200901,000000,25.316,25.316,25.308,25.308,1712,0
BSML.US,D,20200902,000000,25.308,25.308,25.308,25.308,3757,0
BSML.US,D,20200903,000000,25.318,25.328,25.288,25.303,4506,0
BSML.US,D,20200904,000000,25.296,25.328,25.296,25.303,4202,0
BSML.US,D,20200908,000000,25.303,25.308,25.303,25.303,1248,0
BSML.US,D,20200909,000000,25.311,25.328,25.308,25.308,5774,0
BSML.US,D,20200910,000000,25.288,25.318,25.288,25.303,5625,0
BSML.US,D,20200911,000000,25.295,25.318,25.295,25.303,2116,0
BSML.US,D,20200914,000000,25.308,25.318,25.303,25.303,4224,0
BSML.US,D,20200915,000000,25.308,25.328,25.288,25.303,8308,0
BSML.US,D,20200916,000000,25.308,25.318,25.303,25.303,1238,0
BSML.US,D,20200917,000000,25.313,25.318,25.303,25.303,1484,0
BSML.US,D,20200918,000000,25.291,25.318,25.288,25.303,1176,0
BSML.US,D,20200921,000000,25.31,25.32,25.306,25.306,6418,0
BSML.US,D,20200922,000000,25.32,25.32,25.296,25.305,376,0
BSML.US,D,20200923,000000,25.31,25.317,25.3,25.305,2259,0
BSML.US,D,20200924,000000,25.31,25.31,25.31,25.31,700,0
BSML.US,D,20200925,000000,25.31,25.335,25.293,25.3,7714,0
BSML.US,D,20200928,000000,25.32,25.32,25.3,25.3,287,0
BSML.US,D,20200929,000000,25.31,25.33,25.28,25.3,8042,0
BSML.US,D,20200930,000000,25.31,25.31,25.31,25.31,650,0
BSML.US,D,20201001,000000,25.31,25.319,25.3,25.3,721,0
BSML.US,D,20201002,000000,25.28,25.32,25.28,25.31,6513,0
BSML.US,D,20201005,000000,25.3,25.4,25.28,25.305,9163,0
BSML.US,D,20201006,000000,25.32,25.32,25.28,25.3,1250,0
BSML.US,D,20201007,000000,25.287,25.31,25.287,25.3,1346,0
BSML.US,D,20201008,000000,25.32,25.32,25.287,25.3,4092,0
BSML.US,D,20201009,000000,25.295,25.32,25.295,25.3,1935,0
BSML.US,D,20201012,000000,25.28,25.28,25.28,25.28,152,0
BSML.US,D,20201013,000000,25.295,25.32,25.295,25.3,2352,0
BSML.US,D,20201014,000000,25.287,25.3,25.287,25.3,3945,0
BSML.US,D,20201015,000000,25.32,25.32,25.3,25.3,4537,0
BSML.US,D,20201016,000000,25.291,25.32,25.291,25.295,7528,0
BSML.US,D,20201019,000000,25.27,25.3,25.27,25.29,4619,0
BSML.US,D,20201020,000000,25.3,25.32,25.29,25.29,4096,0
BSML.US,D,20201021,000000,25.285,25.285,25.285,25.285,571,0
BSML.US,D,20201022,000000,25.3,25.3,25.27,25.285,2043,0
BSML.US,D,20201023,000000,25.3,25.31,25.27,25.31,4006,0
BSML.US,D,20201026,000000,25.27,25.31,25.27,25.31,6740,0
BSML.US,D,20201027,000000,25.3,25.32,25.3,25.31,6633,0
BSML.US,D,20201028,000000,25.3,25.31,25.27,25.3,8584,0
BSML.US,D,20201029,000000,25.3,25.31,25.27,25.31,2068,0
BSML.US,D,20201030,000000,25.299,25.3,25.278,25.3,3002,0
BSML.US,D,20201102,000000,25.31,25.31,25.29,25.31,6992,0
BSML.US,D,20201103,000000,25.282,25.31,25.282,25.31,2988,0
BSML.US,D,20201104,000000,25.319,25.32,25.28,25.32,5805,0
BSML.US,D,20201105,000000,25.32,25.32,25.3,25.32,1532,0
BSML.US,D,20201106,000000,25.28,25.32,25.28,25.31,2953,0
BSML.US,D,20201109,000000,25.31,25.33,25.28,25.33,6160,0
BSML.US,D,20201110,000000,25.328,25.33,25.32,25.32,1959,0
BSML.US,D,20201111,000000,25.28,25.33,25.28,25.33,1037,0
BSML.US,D,20201112,000000,25.33,25.33,25.295,25.33,5406,0
BSML.US,D,20201113,000000,25.32,25.32,25.291,25.32,1821,0
BSML.US,D,20201116,000000,25.33,25.33,25.301,25.32,1807,0
BSML.US,D,20201117,000000,25.32,25.33,25.315,25.32,3357,0
BSML.US,D,20201118,000000,25.296,25.33,25.296,25.32,1434,0
BSML.US,D,20201119,000000,25.28,25.33,25.28,25.33,3845,0
BSML.US,D,20201120,000000,25.27,25.333,25.27,25.32,2284,0
BSML.US,D,20201123,000000,25.33,25.33,25.29,25.29,1302,0
BSML.US,D,20201124,000000,25.29,25.32,25.29,25.29,1198,0
BSML.US,D,20201125,000000,25.32,25.32,25.25,25.285,1301,0
BSML.US,D,20201127,000000,25.32,25.32,25.279,25.29,2235,0
BSML.US,D,20201130,000000,25.25,25.33,25.25,25.285,5774,0
BSML.US,D,20201201,000000,25.32,25.32,25.285,25.285,3357,0
BSML.US,D,20201202,000000,25.25,25.32,25.25,25.32,722,0
BSML.US,D,20201203,000000,25.32,25.35,25.29,25.29,4095,0
BSML.US,D,20201204,000000,25.29,25.29,25.25,25.285,4930,0
BSML.US,D,20201208,000000,25.25,25.32,25.25,25.29,1128,0
BSML.US,D,20201209,000000,25.32,25.325,25.297,25.323,3132,0
BSML.US,D,20201210,000000,25.32,25.32,25.26,25.304,6307,0
BSML.US,D,20201211,000000,25.32,25.37,25.23,25.295,43274,0
BSML.US,D,20201214,000000,25.26,25.4,25.26,25.32,6386,0
BSML.US,D,20201215,000000,25.26,25.32,25.26,25.29,4967,0
BSML.US,D,20201216,000000,25.26,25.33,25.26,25.284,1497,0
BSML.US,D,20201217,000000,25.288,25.36,25.288,25.295,10779,0
BSML.US,D,20201218,000000,25.315,25.33,25.27,25.295,17221,0
BSML.US,D,20201221,000000,25.32,25.329,25.289,25.32,12665,0
BSML.US,D,20201222,000000,25.32,25.32,25.29,25.29,7678,0
BSML.US,D,20201223,000000,25.29,25.33,25.277,25.29,207400,0
BSML.US,D,20201224,000000,25.322,25.322,25.29,25.29,2455,0
BSML.US,D,20201228,000000,25.33,25.33,25.301,25.315,9435,0
BSML.US,D,20201229,000000,25.32,25.34,25.295,25.295,13171,0
BSML.US,D,20201230,000000,25.32,25.335,25.295,25.295,14435,0
BSML.US,D,20201231,000000,25.32,25.33,25.295,25.295,6593,0
BSML.US,D,20210104,000000,25.28,25.36,25.26,25.33,13915,0
BSML.US,D,20210105,000000,25.315,25.335,25.295,25.33,6630,0
BSML.US,D,20210106,000000,25.33,25.33,25.3,25.31,83660,0
BSML.US,D,20210107,000000,25.33,25.33,25.26,25.295,2733,0
BSML.US,D,20210108,000000,25.33,25.33,25.294,25.295,2536,0
BSML.US,D,20210111,000000,25.33,25.33,25.329,25.33,2399,0
BSML.US,D,20210112,000000,25.33,25.33,25.295,25.295,1493,0
BSML.US,D,20210113,000000,25.34,25.34,25.295,25.295,2521,0
BSML.US,D,20210114,000000,25.329,25.385,25.295,25.295,7289,0
BSML.US,D,20210115,000000,25.293,25.312,25.293,25.305,782,0
BSML.US,D,20210119,000000,25.33,25.43,25.305,25.305,19460,0
BSML.US,D,20210120,000000,25.34,25.34,25.305,25.305,3938,0
BSML.US,D,20210121,000000,25.27,25.33,25.27,25.305,2892,0
BSML.US,D,20210122,000000,25.305,25.41,25.28,25.324,24068,0
BSML.US,D,20210125,000000,25.34,25.34,25.305,25.305,589,0
BSML.US,D,20210126,000000,25.27,25.35,25.27,25.28,15637,0
BSML.US,D,20210127,000000,25.34,25.35,25.32,25.32,2382,0
BSML.US,D,20210128,000000,25.291,25.319,25.28,25.3,3363,0
BSML.US,D,20210129,000000,25.28,25.358,25.28,25.339,13109,0
BSML.US,D,20210201,000000,25.28,25.39,25.28,25.32,21716,0
BSML.US,D,20210202,000000,25.336,25.4,25.32,25.36,42567,0
BSML.US,D,20210203,000000,25.325,25.39,25.325,25.325,27653,0
BSML.US,D,20210204,000000,25.325,25.36,25.315,25.36,6393,0
BSML.US,D,20210205,000000,25.323,25.36,25.323,25.33,7668,0
BSML.US,D,20210208,000000,25.36,25.36,25.29,25.325,65154,0
BSML.US,D,20210209,000000,25.35,25.35,25.325,25.325,1416,0
BSML.US,D,20210210,000000,25.35,25.35,25.295,25.325,999,0
BSML.US,D,20210211,000000,25.35,25.36,25.3,25.36,117385,0
BSML.US,D,20210212,000000,25.32,25.35,25.299,25.32,2795,0
BSML.US,D,20210216,000000,25.29,25.29,25.29,25.29,791,0
BSML.US,D,20210217,000000,25.34,25.34,25.3,25.3,4271,0
BSML.US,D,20210218,000000,25.34,25.34,25.29,25.3,19015,0
BSML.US,D,20210219,000000,25.303,25.34,25.28,25.3,3549,0
BSML.US,D,20210222,000000,25.32,25.33,25.29,25.29,2206,0
BSML.US,D,20210223,000000,25.33,25.33,25.287,25.287,1033,0
BSML.US,D,20210224,000000,25.28,25.32,25.27,25.28,23352,0
BSML.US,D,20210225,000000,25.27,25.28,25.27,25.28,780,0
BSML.US,D,20210226,000000,25.31,25.33,25.3,25.3,4474,0
BSML.US,D,20210301,000000,25.305,25.34,25.29,25.34,3191,0
BSML.US,D,20210302,000000,25.27,25.35,25.27,25.34,35796,0
BSML.US,D,20210303,000000,25.29,25.33,25.29,25.305,1493,0
BSML.US,D,20210304,000000,25.35,25.35,25.295,25.297,2915,0
BSML.US,D,20210305,000000,25.349,25.349,25.294,25.31,10005,0
BSML.US,D,20210308,000000,25.34,25.41,25.27,25.31,36746,0
BSML.US,D,20210309,000000,25.34,25.4,25.311,25.315,12204,0
BSML.US,D,20210310,000000,25.35,25.359,25.28,25.315,17056,0
BSML.US,D,20210311,000000,25.29,25.315,25.28,25.315,2495,0
BSML.US,D,20210312,000000,25.37,25.37,25.31,25.31,7221,0
BSML.US,D,20210315,000000,25.294,25.315,25.28,25.315,4544,0
BSML.US,D,20210316,000000,25.315,25.39,25.307,25.35,23377,0
BSML.US,D,20210317,000000,25.34,25.36,25.34,25.35,3190,0
BSML.US,D,20210318,000000,25.33,25.331,25.33,25.33,8378,0
BSML.US,D,20210319,000000,25.305,25.33,25.305,25.305,4288,0
BSML.US,D,20210322,000000,25.33,25.33,25.26,25.295,1682,0
BSML.US,D,20210323,000000,25.33,25.33,25.3,25.3,2675,0
BSML.US,D,20210324,000000,25.34,25.34,25.3,25.3,1673,0
BSML.US,D,20210325,000000,25.33,25.34,25.29,25.305,4976,0
BSML.US,D,20210326,000000,25.338,25.338,25.27,25.305,21570,0
BSML.US,D,20210329,000000,25.305,25.31,25.27,25.305,917,0
BSML.US,D,20210330,000000,25.29,25.315,25.29,25.315,1956,0
BSML.US,D,20210331,000000,25.28,25.305,25.28,25.305,381,0
BSML.US,D,20210401,000000,25.31,25.35,25.29,25.31,3842,0
BSML.US,D,20210405,000000,25.34,25.34,25.277,25.305,4438,0
BSML.US,D,20210407,000000,25.32,25.32,25.271,25.305,14875,0
BSML.US,D,20210408,000000,25.34,25.35,25.31,25.31,1524,0
BSML.US,D,20210409,000000,25.35,25.35,25.31,25.31,1546,0
BSML.US,D,20210412,000000,25.31,25.31,25.31,25.31,514,0
BSML.US,D,20210414,000000,25.28,25.31,25.27,25.31,2192,0
BSML.US,D,20210415,000000,25.34,25.341,25.31,25.31,1071,0
BSML.US,D,20210416,000000,25.28,25.333,25.28,25.31,884,0
BSML.US,D,20210419,000000,25.28,25.31,25.28,25.31,653,0
BSML.US,D,20210420,000000,25.3499,25.3499,25.28,25.31,3152,0
BSML.US,D,20210421,000000,25.34,25.349,25.31,25.31,592,0
BSML.US,D,20210422,000000,25.34,25.34,25.31,25.31,2034,0
BSML.US,D,20210426,000000,25.334,25.36,25.28,25.31,6766,0
BSML.US,D,20210427,000000,25.34,25.34,25.31,25.31,223,0
BSML.US,D,20210428,000000,25.334,25.3494,25.31,25.31,4417,0
BSML.US,D,20210429,000000,25.34,25.34,25.3,25.32,2447,0
BSML.US,D,20210430,000000,25.31,25.325,25.31,25.325,138,0
BSML.US,D,20210503,000000,25.34,25.36,25.305,25.305,17283,0
BSML.US,D,20210504,000000,25.349,25.349,25.31,25.325,2026,0
BSML.US,D,20210505,000000,25.28,25.35,25.26,25.28,201478,0
BSML.US,D,20210506,000000,25.29,25.29,25.28,25.28,149,0
BSML.US,D,20210507,000000,25.29,25.3,25.285,25.285,8134,0
BSML.US,D,20210510,000000,25.299,25.31,25.26,25.29,8206,0
BSML.US,D,20210511,000000,25.3,25.31,25.285,25.29,5744,0
BSML.US,D,20210512,000000,25.28,25.31,25.28,25.29,3618,0
BSML.US,D,20210513,000000,25.29,25.33,25.29,25.32,8850,0
BSML.US,D,20210517,000000,25.2603,25.33,25.2603,25.31,13969,0
BSML.US,D,20210518,000000,25.275,25.3,25.26,25.3,6882,0
BSML.US,D,20210519,000000,25.3,25.31,25.3,25.3,6479,0
BSML.US,D,20210520,000000,25.3,25.305,25.29,25.3,5715,0
BSML.US,D,20210521,000000,25.3,25.305,25.27,25.305,10330,0
BSML.US,D,20210524,000000,25.3,25.31,25.28,25.305,25769,0
BSML.US,D,20210525,000000,25.3,25.3,25.27,25.29,24192,0
BSML.US,D,20210527,000000,25.27,25.28,25.27,25.27,984,0
BSML.US,D,20210601,000000,25.26,25.36,25.26,25.285,7145,0
BSML.US,D,20210602,000000,25.28,25.31,25.2755,25.3,17904,0
BSML.US,D,20210603,000000,25.279,25.28,25.275,25.275,397,0
BSML.US,D,20210604,000000,25.279,25.3,25.2733,25.29,10107,0
BSML.US,D,20210607,000000,25.28,25.28,25.27,25.27,916,0
BSML.US,D,20210608,000000,25.279,25.2799,25.2642,25.27,4170,0
BSML.US,D,20210610,000000,25.2799,25.29,25.279,25.28,2923,0
BSML.US,D,20210611,000000,25.27,25.28,25.27,25.27,2895,0
BSML.US,D,20210614,000000,25.2799,25.29,25.26,25.28,10068,0
BSML.US,D,20210615,000000,25.279,25.28,25.224,25.26,15438,0
BSML.US,D,20210616,000000,25.27,25.27,25.26,25.27,420,0
BSML.US,D,20210617,000000,25.2619,25.2799,25.25,25.265,4241,0
BSML.US,D,20210618,000000,25.26,25.261,25.22,25.24,14433,0
BSML.US,D,20210621,000000,25.25,25.27,25.25,25.26,4550,0
BSML.US,D,20210622,000000,25.25,25.2699,25.25,25.26,8755,0
BSML.US,D,20210623,000000,25.25,25.26,25.25,25.26,1106,0
BSML.US,D,20210624,000000,25.251,25.2651,25.25,25.2651,903,0
BSML.US,D,20210625,000000,25.26,25.269,25.26,25.26,702,0
BSML.US,D,20210628,000000,25.2501,25.34,25.25,25.26,12036,0
BSML.US,D,20210629,000000,25.26,25.269,25.26,25.26,1560,0
BSML.US,D,20210701,000000,25.251,25.2699,25.2,25.235,49144,0
BSML.US,D,20210702,000000,25.26,25.27,25.25,25.26,7366,0
BSML.US,D,20210706,000000,25.26,25.27,25.25,25.265,7244,0
BSML.US,D,20210707,000000,25.27,25.27,25.25,25.26,7073,0
BSML.US,D,20210708,000000,25.26,25.27,25.24,25.26,10560,0
BSML.US,D,20210709,000000,25.27,25.27,25.25,25.26,1705,0
BSML.US,D,20210712,000000,25.26,25.2699,25.251,25.26,5561,0
BSML.US,D,20210713,000000,25.25,25.26,25.25,25.26,624,0
BSML.US,D,20210714,000000,25.251,25.26,25.25,25.26,1035,0
BSML.US,D,20210715,000000,25.2501,25.2699,25.25,25.26,10883,0
BSML.US,D,20210716,000000,25.269,25.27,25.26,25.26,989,0
BSML.US,D,20210719,000000,25.26,25.27,25.255,25.255,13441,0
BSML.US,D,20210720,000000,25.2699,25.27,25.25,25.26,11561,0
BSML.US,D,20210721,000000,25.251,25.251,25.21,25.21,1683,0
BSML.US,D,20210722,000000,25.269,25.27,25.269,25.27,1007,0
BSML.US,D,20210723,000000,25.2699,25.2699,25.26,25.26,147,0
BSML.US,D,20210726,000000,25.2502,25.26,25.25,25.255,3029,0
BSML.US,D,20210728,000000,25.25,25.26,25.25,25.26,3123,0
BSML.US,D,20210730,000000,25.2699,25.2699,25.25,25.26,904,0
BSML.US,D,20210802,000000,25.269,25.27,25.25,25.26,1068,0
BSML.US,D,20210803,000000,25.25,25.269,25.21,25.24,20155,0
BSML.US,D,20210804,000000,25.269,25.27,25.25,25.26,593,0
BSML.US,D,20210809,000000,25.25,25.25,25.2,25.25,4852,0
BSML.US,D,20210810,000000,25.269,25.27,25.25,25.26,1011,0
BSML.US,D,20210811,000000,25.27,25.27,25.25,25.26,10195,0
BSML.US,D,20210812,000000,25.26,25.27,25.26,25.26,2314,0
BSML.US,D,20210813,000000,25.25,25.26,25.25,25.26,461,0
BSML.US,D,20210816,000000,25.2501,25.26,25.2501,25.26,906,0
BSML.US,D,20210817,000000,25.269,25.27,25.26,25.26,444,0
BSML.US,D,20210818,000000,25.27,25.27,25.26,25.26,9660,0
BSML.US,D,20210819,000000,25.26,25.26,25.26,25.26,3006,0
BSML.US,D,20210823,000000,25.269,25.27,25.25,25.265,4244,0
BSML.US,D,20210824,000000,25.26,25.265,25.26,25.2633,2135,0
BSML.US,D,20210830,000000,25.26,25.26,25.26,25.26,940,0
BSML.US,D,20210831,000000,25.26,25.26,25.24,25.255,3107,0
BSML.US,D,20210901,000000,25.27,25.27,25.24,25.255,5118,0
