<TICKER>,<PER>,<DATE>,<TIME>,<OPEN>,<HIGH>,<LOW>,<CLOSE>,<VOL>,<OPENINT>
BSMM.US,D,20191015,000000,24.741,24.81,24.741,24.751,15185,0
BSMM.US,D,20191016,000000,24.751,24.751,24.751,24.751,378,0
BSMM.US,D,20191021,000000,24.714,24.732,24.714,24.717,1111,0
BSMM.US,D,20191022,000000,24.712,24.712,24.712,24.712,400,0
BSMM.US,D,20191023,000000,24.732,24.741,24.717,24.734,2430,0
BSMM.US,D,20191024,000000,24.732,24.732,24.698,24.698,2722,0
BSMM.US,D,20191025,000000,24.683,24.683,24.683,24.683,1203,0
BSMM.US,D,20191028,000000,24.712,24.712,24.702,24.712,4039,0
BSMM.US,D,20191029,000000,24.732,24.732,24.722,24.722,1011,0
BSMM.US,D,20191030,000000,24.697,24.741,24.697,24.732,6799,0
BSMM.US,D,20191031,000000,24.76,24.781,24.76,24.781,8538,0
BSMM.US,D,20191101,000000,24.75,24.75,24.75,24.75,1623,0
BSMM.US,D,20191105,000000,24.741,24.741,24.741,24.741,101,0
BSMM.US,D,20191106,000000,24.761,24.761,24.761,24.761,19901,0
BSMM.US,D,20191107,000000,24.741,24.741,24.716,24.722,3304,0
BSMM.US,D,20191108,000000,24.737,24.737,24.737,24.737,200,0
BSMM.US,D,20191113,000000,24.744,24.751,24.741,24.751,2697,0
BSMM.US,D,20191114,000000,24.751,24.751,24.751,24.751,759,0
BSMM.US,D,20191115,000000,24.751,24.751,24.751,24.751,326,0
BSMM.US,D,20191118,000000,24.754,24.754,24.737,24.746,2196,0
BSMM.US,D,20191119,000000,24.781,24.781,24.746,24.746,2907,0
BSMM.US,D,20191120,000000,24.765,24.791,24.765,24.766,14105,0
BSMM.US,D,20191121,000000,24.746,24.759,24.746,24.759,301,0
BSMM.US,D,20191122,000000,24.761,24.771,24.751,24.751,2029,0
BSMM.US,D,20191125,000000,24.761,24.761,24.761,24.761,16362,0
BSMM.US,D,20191126,000000,24.772,24.781,24.766,24.766,2012,0
BSMM.US,D,20191127,000000,24.781,24.781,24.781,24.781,8148,0
BSMM.US,D,20191129,000000,24.791,24.791,24.791,24.791,110,0
BSMM.US,D,20191202,000000,24.751,24.771,24.751,24.771,1014,0
BSMM.US,D,20191203,000000,24.791,24.8,24.791,24.8,504,0
BSMM.US,D,20191205,000000,24.8,24.8,24.777,24.786,564,0
BSMM.US,D,20191206,000000,24.81,24.81,24.791,24.791,1393,0
BSMM.US,D,20191209,000000,24.815,24.82,24.795,24.795,540,0
BSMM.US,D,20191210,000000,24.8,24.82,24.795,24.795,1066,0
BSMM.US,D,20191211,000000,24.83,24.83,24.791,24.81,1537,0
BSMM.US,D,20191212,000000,24.817,24.82,24.815,24.815,817,0
BSMM.US,D,20191213,000000,24.815,24.83,24.815,24.82,3021,0
BSMM.US,D,20191216,000000,24.817,24.825,24.817,24.825,1016,0
BSMM.US,D,20191217,000000,24.83,24.84,24.828,24.835,12012,0
BSMM.US,D,20191218,000000,24.84,24.84,24.833,24.835,8007,0
BSMM.US,D,20191219,000000,24.83,24.84,24.83,24.83,9873,0
BSMM.US,D,20191220,000000,24.83,24.84,24.825,24.825,4074,0
BSMM.US,D,20191223,000000,24.85,24.85,24.83,24.835,13712,0
BSMM.US,D,20191226,000000,24.838,24.838,24.825,24.825,140,0
BSMM.US,D,20191227,000000,24.826,24.83,24.811,24.83,2337,0
BSMM.US,D,20191230,000000,24.83,24.83,24.815,24.82,2449,0
BSMM.US,D,20191231,000000,24.86,24.86,24.835,24.835,5567,0
BSMM.US,D,20200102,000000,24.845,24.85,24.845,24.845,4861,0
BSMM.US,D,20200103,000000,24.89,24.89,24.854,24.86,3704,0
BSMM.US,D,20200106,000000,24.89,24.9,24.87,24.89,34888,0
BSMM.US,D,20200107,000000,24.9,24.9,24.88,24.88,467,0
BSMM.US,D,20200108,000000,24.91,24.92,24.9,24.91,12180,0
BSMM.US,D,20200109,000000,24.9,24.9,24.892,24.895,4735,0
BSMM.US,D,20200113,000000,24.92,24.92,24.89,24.89,7012,0
BSMM.US,D,20200114,000000,24.9,24.91,24.9,24.9,1121,0
BSMM.US,D,20200115,000000,24.93,24.93,24.89,24.92,13694,0
BSMM.US,D,20200116,000000,24.94,24.94,24.937,24.94,2020,0
BSMM.US,D,20200117,000000,24.924,24.94,24.92,24.92,4884,0
BSMM.US,D,20200121,000000,24.94,24.94,24.937,24.937,158,0
BSMM.US,D,20200122,000000,24.957,24.967,24.957,24.967,2677,0
BSMM.US,D,20200123,000000,24.964,24.977,24.964,24.964,3433,0
BSMM.US,D,20200124,000000,24.974,24.987,24.967,24.967,807,0
BSMM.US,D,20200127,000000,24.984,24.997,24.983,24.983,4869,0
BSMM.US,D,20200128,000000,24.997,24.997,24.957,24.976,749,0
BSMM.US,D,20200129,000000,24.991,25.017,24.991,25.002,4125,0
BSMM.US,D,20200130,000000,25.017,25.017,25.002,25.002,6930,0
BSMM.US,D,20200131,000000,24.997,25.017,24.997,25.002,2618,0
BSMM.US,D,20200203,000000,25.007,25.007,24.992,24.992,1918,0
BSMM.US,D,20200205,000000,24.987,24.987,24.972,24.972,1819,0
BSMM.US,D,20200206,000000,24.987,24.987,24.962,24.962,244,0
BSMM.US,D,20200207,000000,25.007,25.007,24.987,24.987,813,0
BSMM.US,D,20200210,000000,24.971,24.977,24.971,24.977,259,0
BSMM.US,D,20200211,000000,24.996,25.007,24.982,24.982,5632,0
BSMM.US,D,20200212,000000,24.996,24.996,24.957,24.977,2501,0
BSMM.US,D,20200213,000000,24.987,24.997,24.977,24.977,2038,0
BSMM.US,D,20200214,000000,25.007,25.007,25,25.002,4371,0
BSMM.US,D,20200218,000000,25.007,25.007,24.992,24.992,6490,0
BSMM.US,D,20200219,000000,25.027,25.027,24.999,25.027,29884,0
BSMM.US,D,20200220,000000,25.027,25.027,25.013,25.017,2335,0
BSMM.US,D,20200221,000000,25.046,25.056,25.036,25.036,1344,0
BSMM.US,D,20200224,000000,25.106,25.106,25.086,25.086,10571,0
BSMM.US,D,20200225,000000,25.106,25.106,25.086,25.086,2624,0
BSMM.US,D,20200226,000000,25.106,25.106,25.086,25.086,251,0
BSMM.US,D,20200227,000000,25.096,25.116,25.078,25.086,9301,0
BSMM.US,D,20200228,000000,25.086,25.086,25.076,25.078,1567,0
BSMM.US,D,20200303,000000,25.136,25.136,25.108,25.116,2180,0
BSMM.US,D,20200304,000000,25.096,25.111,25.096,25.111,3348,0
BSMM.US,D,20200305,000000,25.146,25.146,25.106,25.136,3284,0
BSMM.US,D,20200306,000000,25.156,25.156,25.156,25.156,6282,0
BSMM.US,D,20200309,000000,25.236,25.246,25.216,25.216,571,0
BSMM.US,D,20200310,000000,25.174,25.174,25.126,25.126,1151,0
BSMM.US,D,20200311,000000,25.116,25.116,25.046,25.046,4332,0
BSMM.US,D,20200312,000000,24.725,24.728,24.708,24.708,7015,0
BSMM.US,D,20200313,000000,24.927,24.927,24.837,24.837,1603,0
BSMM.US,D,20200316,000000,24.728,24.738,24.708,24.708,1457,0
BSMM.US,D,20200317,000000,24.675,24.675,24.64,24.655,4220,0
BSMM.US,D,20200318,000000,24.55,24.56,24.441,24.441,2093,0
BSMM.US,D,20200319,000000,24.182,24.441,24.09,24.09,12736,0
BSMM.US,D,20200320,000000,24.104,24.104,23.942,23.942,1007,0
BSMM.US,D,20200323,000000,23.939,24.064,23.64,23.84,3550,0
BSMM.US,D,20200324,000000,24.189,24.225,24.187,24.187,1168,0
BSMM.US,D,20200325,000000,24.637,24.696,24.498,24.498,1220,0
BSMM.US,D,20200326,000000,24.915,24.945,24.726,24.741,2091,0
BSMM.US,D,20200327,000000,24.85,24.915,24.847,24.915,13079,0
BSMM.US,D,20200330,000000,24.915,24.915,24.743,24.743,1727,0
BSMM.US,D,20200331,000000,24.873,24.905,24.701,24.701,2996,0
BSMM.US,D,20200401,000000,24.746,24.746,24.567,24.567,609,0
BSMM.US,D,20200402,000000,24.687,24.706,24.498,24.498,2621,0
BSMM.US,D,20200403,000000,24.696,24.696,24.597,24.597,2426,0
BSMM.US,D,20200406,000000,24.746,24.776,24.696,24.751,2816,0
BSMM.US,D,20200408,000000,24.825,24.825,24.82,24.82,648,0
BSMM.US,D,20200409,000000,24.925,24.925,24.642,24.781,6184,0
BSMM.US,D,20200413,000000,24.875,24.875,24.667,24.85,3875,0
BSMM.US,D,20200414,000000,24.834,24.88,24.834,24.88,1087,0
BSMM.US,D,20200415,000000,24.874,24.874,24.86,24.86,398,0
BSMM.US,D,20200417,000000,24.905,24.905,24.795,24.795,4509,0
BSMM.US,D,20200420,000000,24.871,24.871,24.762,24.762,7984,0
BSMM.US,D,20200421,000000,24.846,24.87,24.648,24.772,3334,0
BSMM.US,D,20200422,000000,24.851,24.851,24.791,24.791,2808,0
BSMM.US,D,20200423,000000,24.851,24.861,24.796,24.796,28206,0
BSMM.US,D,20200424,000000,24.791,24.816,24.791,24.791,4028,0
BSMM.US,D,20200427,000000,24.871,24.891,24.757,24.757,1398,0
BSMM.US,D,20200429,000000,24.653,24.861,24.653,24.752,992,0
BSMM.US,D,20200430,000000,24.851,24.851,24.653,24.836,7140,0
BSMM.US,D,20200501,000000,24.891,24.891,24.777,24.777,883,0
BSMM.US,D,20200504,000000,24.673,24.941,24.673,24.941,9945,0
BSMM.US,D,20200505,000000,24.931,24.931,24.777,24.777,783,0
BSMM.US,D,20200506,000000,24.811,24.931,24.777,24.777,841,0
BSMM.US,D,20200507,000000,24.781,24.96,24.781,24.841,1241,0
BSMM.US,D,20200508,000000,24.961,24.976,24.738,24.871,4727,0
BSMM.US,D,20200511,000000,24.869,24.891,24.869,24.891,1733,0
BSMM.US,D,20200512,000000,24.961,25.021,24.893,24.893,13244,0
BSMM.US,D,20200513,000000,25.011,25.021,24.906,24.996,6553,0
BSMM.US,D,20200514,000000,25.001,25.05,24.936,24.936,9524,0
BSMM.US,D,20200515,000000,24.961,24.961,24.941,24.941,1214,0
BSMM.US,D,20200518,000000,25.032,25.032,25.012,25.012,4118,0
BSMM.US,D,20200519,000000,25.087,25.087,25.017,25.017,4284,0
BSMM.US,D,20200520,000000,25.077,25.097,25.05,25.062,3532,0
BSMM.US,D,20200521,000000,25.177,25.177,25.067,25.067,2049,0
BSMM.US,D,20200522,000000,25.067,25.082,25.067,25.082,2011,0
BSMM.US,D,20200526,000000,25.127,25.157,25.079,25.104,198257,0
BSMM.US,D,20200527,000000,25.167,25.167,25.007,25.092,38830,0
BSMM.US,D,20200528,000000,25.007,25.157,25.007,25.087,14407,0
BSMM.US,D,20200529,000000,25.124,25.176,25.097,25.097,3719,0
BSMM.US,D,20200601,000000,25.177,25.197,25.037,25.118,29893,0
BSMM.US,D,20200602,000000,25.108,25.187,25.108,25.112,2812,0
BSMM.US,D,20200603,000000,25.157,25.166,25.117,25.142,13717,0
BSMM.US,D,20200604,000000,25.167,25.167,25.102,25.102,629,0
BSMM.US,D,20200605,000000,25.167,25.173,25.102,25.102,5671,0
BSMM.US,D,20200608,000000,25.186,25.186,25.112,25.112,1338,0
BSMM.US,D,20200609,000000,25.187,25.187,25.037,25.117,13410,0
BSMM.US,D,20200610,000000,25.187,25.187,25.092,25.117,10829,0
BSMM.US,D,20200611,000000,25.187,25.187,25.132,25.132,2106,0
BSMM.US,D,20200612,000000,25.187,25.187,25.122,25.122,3291,0
BSMM.US,D,20200615,000000,25.207,25.207,25.127,25.127,10347,0
BSMM.US,D,20200616,000000,25.122,25.197,25.092,25.157,8441,0
BSMM.US,D,20200617,000000,25.167,25.177,25.047,25.117,889,0
BSMM.US,D,20200618,000000,25.067,25.171,25.058,25.122,5681,0
BSMM.US,D,20200619,000000,25.047,25.168,25.047,25.117,11267,0
BSMM.US,D,20200622,000000,25.225,25.225,25.125,25.125,5492,0
BSMM.US,D,20200623,000000,25.142,25.185,25.125,25.125,557,0
BSMM.US,D,20200624,000000,25.185,25.185,25.097,25.13,3853,0
BSMM.US,D,20200625,000000,25.154,25.205,25.14,25.14,513,0
BSMM.US,D,20200626,000000,25.185,25.185,25.13,25.13,4829,0
BSMM.US,D,20200629,000000,25.11,25.195,25.11,25.14,7832,0
BSMM.US,D,20200630,000000,25.153,25.195,25.135,25.135,4811,0
BSMM.US,D,20200701,000000,25.195,25.205,25.135,25.135,2421,0
BSMM.US,D,20200702,000000,25.185,25.195,25.15,25.15,904,0
BSMM.US,D,20200706,000000,25.15,25.214,25.149,25.17,566,0
BSMM.US,D,20200707,000000,25.17,25.206,25.154,25.17,8368,0
BSMM.US,D,20200708,000000,25.205,25.205,25.17,25.17,6527,0
BSMM.US,D,20200709,000000,25.162,25.214,25.162,25.19,3656,0
BSMM.US,D,20200710,000000,25.205,25.225,25.182,25.2,9387,0
BSMM.US,D,20200713,000000,25.225,25.264,25.197,25.22,9334,0
BSMM.US,D,20200714,000000,25.228,25.228,25.225,25.225,4016,0
BSMM.US,D,20200715,000000,25.295,25.295,25.235,25.235,3003,0
BSMM.US,D,20200716,000000,25.267,25.295,25.264,25.29,3690,0
BSMM.US,D,20200717,000000,25.275,25.295,25.275,25.294,5405,0
BSMM.US,D,20200720,000000,25.314,25.334,25.294,25.304,16903,0
BSMM.US,D,20200721,000000,25.214,25.349,25.184,25.259,143563,0
BSMM.US,D,20200722,000000,25.304,25.334,25.264,25.264,7558,0
BSMM.US,D,20200723,000000,25.326,25.334,25.264,25.264,5610,0
BSMM.US,D,20200724,000000,25.323,25.339,25.256,25.339,8991,0
BSMM.US,D,20200727,000000,25.344,25.354,25.274,25.279,8460,0
BSMM.US,D,20200728,000000,25.334,25.364,25.324,25.324,138109,0
BSMM.US,D,20200729,000000,25.444,25.444,25.315,25.329,17249,0
BSMM.US,D,20200730,000000,25.364,25.373,25.329,25.329,1992,0
BSMM.US,D,20200731,000000,25.384,25.393,25.339,25.339,915,0
BSMM.US,D,20200803,000000,25.367,25.384,25.339,25.374,4259,0
BSMM.US,D,20200804,000000,25.394,25.404,25.327,25.383,19492,0
BSMM.US,D,20200805,000000,25.394,25.404,25.329,25.344,8362,0
BSMM.US,D,20200806,000000,25.394,25.404,25.384,25.404,7148,0
BSMM.US,D,20200807,000000,25.404,25.413,25.349,25.349,1531,0
BSMM.US,D,20200810,000000,25.404,25.424,25.383,25.384,11451,0
BSMM.US,D,20200811,000000,25.404,25.404,25.374,25.379,4226,0
BSMM.US,D,20200812,000000,25.377,25.385,25.368,25.384,2402,0
BSMM.US,D,20200813,000000,25.385,25.424,25.385,25.394,4111,0
BSMM.US,D,20200814,000000,25.369,25.414,25.369,25.384,599,0
BSMM.US,D,20200817,000000,25.384,25.404,25.369,25.379,7717,0
BSMM.US,D,20200818,000000,25.369,25.394,25.367,25.384,3905,0
BSMM.US,D,20200819,000000,25.424,25.424,25.372,25.379,14083,0
BSMM.US,D,20200820,000000,25.394,25.394,25.364,25.379,4024,0
BSMM.US,D,20200821,000000,25.384,25.389,25.376,25.379,1995,0
BSMM.US,D,20200824,000000,25.357,25.366,25.297,25.347,3840,0
BSMM.US,D,20200825,000000,25.387,25.407,25.342,25.352,11211,0
BSMM.US,D,20200826,000000,25.387,25.397,25.372,25.372,7919,0
BSMM.US,D,20200827,000000,25.386,25.386,25.377,25.377,469,0
BSMM.US,D,20200828,000000,25.387,25.407,25.327,25.347,12341,0
BSMM.US,D,20200831,000000,25.387,25.397,25.347,25.347,3844,0
BSMM.US,D,20200901,000000,25.347,25.348,25.332,25.348,3911,0
BSMM.US,D,20200902,000000,25.367,25.377,25.326,25.377,8698,0
BSMM.US,D,20200903,000000,25.367,25.367,25.329,25.332,6219,0
BSMM.US,D,20200904,000000,25.357,25.366,25.357,25.366,2946,0
BSMM.US,D,20200908,000000,25.357,25.367,25.338,25.352,4198,0
BSMM.US,D,20200909,000000,25.356,25.447,25.355,25.362,22230,0
BSMM.US,D,20200910,000000,25.357,25.387,25.357,25.367,7223,0
BSMM.US,D,20200911,000000,25.347,25.382,25.347,25.367,1741,0
BSMM.US,D,20200914,000000,25.377,25.387,25.36,25.367,5755,0
BSMM.US,D,20200915,000000,25.387,25.457,25.355,25.377,25127,0
BSMM.US,D,20200916,000000,25.377,25.457,25.377,25.377,6520,0
BSMM.US,D,20200918,000000,25.387,25.387,25.357,25.387,13824,0
BSMM.US,D,20200921,000000,25.38,25.38,25.38,25.38,2540,0
BSMM.US,D,20200922,000000,25.37,25.39,25.364,25.364,5921,0
BSMM.US,D,20200923,000000,25.365,25.38,25.365,25.365,2136,0
BSMM.US,D,20200924,000000,25.365,25.38,25.365,25.375,970,0
BSMM.US,D,20200925,000000,25.38,25.4,25.367,25.38,10069,0
BSMM.US,D,20200928,000000,25.39,25.4,25.355,25.365,7646,0
BSMM.US,D,20200929,000000,25.37,25.4,25.357,25.365,11344,0
BSMM.US,D,20200930,000000,25.378,25.38,25.352,25.375,5815,0
BSMM.US,D,20201001,000000,25.37,25.39,25.367,25.37,6915,0
BSMM.US,D,20201002,000000,25.32,25.39,25.32,25.36,10587,0
BSMM.US,D,20201005,000000,25.303,25.39,25.303,25.355,12821,0
BSMM.US,D,20201006,000000,25.369,25.37,25.3,25.31,172735,0
BSMM.US,D,20201007,000000,25.3,25.36,25.3,25.33,3232,0
BSMM.US,D,20201008,000000,25.34,25.34,25.34,25.34,1343,0
BSMM.US,D,20201009,000000,25.37,25.39,25.34,25.354,5382,0
BSMM.US,D,20201012,000000,25.37,25.37,25.34,25.34,702,0
BSMM.US,D,20201013,000000,25.345,25.38,25.345,25.345,1783,0
BSMM.US,D,20201014,000000,25.343,25.379,25.317,25.34,2874,0
BSMM.US,D,20201015,000000,25.39,25.39,25.339,25.35,25829,0
BSMM.US,D,20201016,000000,25.39,25.4,25.345,25.345,6047,0
BSMM.US,D,20201019,000000,25.345,25.403,25.345,25.345,17029,0
BSMM.US,D,20201020,000000,25.37,25.37,25.34,25.34,2425,0
BSMM.US,D,20201021,000000,25.36,25.36,25.357,25.357,1938,0
BSMM.US,D,20201022,000000,25.36,25.366,25.36,25.36,1350,0
BSMM.US,D,20201023,000000,25.353,25.37,25.35,25.37,7724,0
BSMM.US,D,20201026,000000,25.37,25.39,25.3,25.37,15770,0
BSMM.US,D,20201027,000000,25.351,25.37,25.351,25.37,6597,0
BSMM.US,D,20201028,000000,25.36,25.38,25.34,25.37,5136,0
BSMM.US,D,20201029,000000,25.3,25.356,25.29,25.31,3862,0
BSMM.US,D,20201030,000000,25.32,25.37,25.31,25.37,2589,0
BSMM.US,D,20201102,000000,25.361,25.37,25.36,25.37,1458,0
BSMM.US,D,20201103,000000,25.364,25.37,25.346,25.37,5274,0
BSMM.US,D,20201104,000000,25.42,25.43,25.32,25.37,4080,0
BSMM.US,D,20201105,000000,25.39,25.39,25.3,25.39,3119,0
BSMM.US,D,20201106,000000,25.38,25.38,25.38,25.38,656,0
BSMM.US,D,20201109,000000,25.345,25.38,25.301,25.38,4905,0
BSMM.US,D,20201110,000000,25.29,25.41,25.29,25.38,4403,0
BSMM.US,D,20201111,000000,25.31,25.4,25.31,25.39,5687,0
BSMM.US,D,20201112,000000,25.41,25.41,25.382,25.39,2810,0
BSMM.US,D,20201113,000000,25.31,25.4,25.31,25.4,4521,0
BSMM.US,D,20201116,000000,25.397,25.4,25.355,25.374,3398,0
BSMM.US,D,20201117,000000,25.4,25.42,25.355,25.355,7251,0
BSMM.US,D,20201118,000000,25.41,25.42,25.365,25.37,6741,0
BSMM.US,D,20201119,000000,25.41,25.42,25.365,25.37,20032,0
BSMM.US,D,20201120,000000,25.32,25.43,25.32,25.425,4755,0
BSMM.US,D,20201123,000000,25.41,25.41,25.39,25.4,2741,0
BSMM.US,D,20201124,000000,25.39,25.39,25.31,25.355,5150,0
BSMM.US,D,20201125,000000,25.382,25.39,25.355,25.39,2204,0
BSMM.US,D,20201127,000000,25.4,25.4,25.36,25.36,2234,0
BSMM.US,D,20201130,000000,25.4,25.41,25.32,25.355,5403,0
BSMM.US,D,20201201,000000,25.4,25.4,25.355,25.355,3291,0
BSMM.US,D,20201202,000000,25.4,25.4,25.337,25.355,3979,0
BSMM.US,D,20201203,000000,25.397,25.41,25.365,25.41,8176,0
BSMM.US,D,20201204,000000,25.365,25.395,25.365,25.375,1419,0
BSMM.US,D,20201207,000000,25.4,25.4,25.4,25.4,308,0
BSMM.US,D,20201208,000000,25.41,25.44,25.37,25.37,13555,0
BSMM.US,D,20201209,000000,25.402,25.42,25.371,25.42,4063,0
BSMM.US,D,20201210,000000,25.32,25.42,25.32,25.42,4141,0
BSMM.US,D,20201211,000000,25.41,25.43,25.32,25.4,27938,0
BSMM.US,D,20201214,000000,25.37,25.457,25.37,25.43,19952,0
BSMM.US,D,20201215,000000,25.43,25.43,25.384,25.42,4453,0
BSMM.US,D,20201216,000000,25.405,25.43,25.385,25.429,6245,0
BSMM.US,D,20201217,000000,25.33,25.46,25.33,25.41,27629,0
BSMM.US,D,20201218,000000,25.438,25.44,25.35,25.39,28849,0
BSMM.US,D,20201221,000000,25.43,25.45,25.359,25.387,20152,0
BSMM.US,D,20201222,000000,25.41,25.43,25.407,25.43,21229,0
BSMM.US,D,20201223,000000,25.43,25.44,25.4,25.43,22922,0
BSMM.US,D,20201224,000000,25.419,25.45,25.415,25.43,24971,0
BSMM.US,D,20201228,000000,25.43,25.44,25.406,25.43,13764,0
BSMM.US,D,20201229,000000,25.43,25.48,25.416,25.43,35155,0
BSMM.US,D,20201230,000000,25.406,25.48,25.406,25.43,75417,0
BSMM.US,D,20201231,000000,25.43,25.46,25.402,25.43,33012,0
BSMM.US,D,20210104,000000,25.42,25.44,25.42,25.43,26905,0
BSMM.US,D,20210105,000000,25.44,25.44,25.4,25.43,6717,0
BSMM.US,D,20210106,000000,25.44,25.44,25.4,25.415,207294,0
BSMM.US,D,20210107,000000,25.4,25.43,25.34,25.36,11660,0
BSMM.US,D,20210108,000000,25.38,25.44,25.35,25.39,15274,0
BSMM.US,D,20210111,000000,25.341,25.43,25.33,25.35,27093,0
BSMM.US,D,20210112,000000,25.34,25.44,25.33,25.35,24937,0
BSMM.US,D,20210113,000000,25.34,25.44,25.32,25.32,47551,0
BSMM.US,D,20210114,000000,25.44,25.44,25.33,25.34,27392,0
BSMM.US,D,20210115,000000,25.35,25.425,25.33,25.33,23016,0
BSMM.US,D,20210119,000000,25.44,25.44,25.34,25.387,35623,0
BSMM.US,D,20210120,000000,25.43,25.45,25.34,25.392,22073,0
BSMM.US,D,20210121,000000,25.345,25.395,25.34,25.385,23453,0
BSMM.US,D,20210122,000000,25.386,25.46,25.38,25.405,11032,0
BSMM.US,D,20210125,000000,25.393,25.45,25.369,25.4,11562,0
BSMM.US,D,20210126,000000,25.38,25.45,25.373,25.45,24188,0
BSMM.US,D,20210127,000000,25.37,25.47,25.37,25.43,4201,0
BSMM.US,D,20210128,000000,25.43,25.47,25.42,25.42,8763,0
BSMM.US,D,20210129,000000,25.46,25.46,25.36,25.45,5386,0
BSMM.US,D,20210201,000000,25.46,25.48,25.37,25.46,38482,0
BSMM.US,D,20210202,000000,25.45,25.48,25.42,25.48,31084,0
BSMM.US,D,20210203,000000,25.453,25.47,25.4,25.46,20808,0
BSMM.US,D,20210204,000000,25.382,25.47,25.37,25.415,6755,0
BSMM.US,D,20210205,000000,25.42,25.46,25.413,25.46,2046,0
BSMM.US,D,20210208,000000,25.48,25.48,25.399,25.47,67840,0
BSMM.US,D,20210209,000000,25.438,25.438,25.425,25.43,2325,0
BSMM.US,D,20210210,000000,25.445,25.5,25.402,25.435,52948,0
BSMM.US,D,20210211,000000,25.42,25.479,25.407,25.436,69294,0
BSMM.US,D,20210212,000000,25.48,25.48,25.399,25.44,3728,0
BSMM.US,D,20210216,000000,25.49,25.5,25.434,25.48,28902,0
BSMM.US,D,20210217,000000,25.49,25.49,25.445,25.445,6811,0
BSMM.US,D,20210218,000000,25.431,25.445,25.38,25.43,3950,0
BSMM.US,D,20210219,000000,25.49,25.49,25.391,25.46,12229,0
BSMM.US,D,20210222,000000,25.47,25.47,25.38,25.415,11144,0
BSMM.US,D,20210223,000000,25.41,25.44,25.41,25.42,3937,0
BSMM.US,D,20210224,000000,25.43,25.44,25.41,25.44,3036,0
BSMM.US,D,20210225,000000,25.43,25.44,25.415,25.44,11022,0
BSMM.US,D,20210226,000000,25.42,25.43,25.418,25.43,9231,0
BSMM.US,D,20210301,000000,25.44,25.44,25.41,25.41,20050,0
BSMM.US,D,20210302,000000,25.39,25.44,25.39,25.4,32393,0
BSMM.US,D,20210303,000000,25.41,25.44,25.41,25.43,10338,0
BSMM.US,D,20210304,000000,25.45,25.45,25.43,25.435,8045,0
BSMM.US,D,20210305,000000,25.45,25.45,25.43,25.44,5669,0
BSMM.US,D,20210308,000000,25.439,25.46,25.401,25.44,14603,0
BSMM.US,D,20210309,000000,25.46,25.46,25.405,25.425,6735,0
BSMM.US,D,20210310,000000,25.425,25.46,25.425,25.425,6798,0
BSMM.US,D,20210311,000000,25.463,25.47,25.391,25.43,3731,0
BSMM.US,D,20210312,000000,25.47,25.47,25.425,25.45,12092,0
BSMM.US,D,20210315,000000,25.435,25.464,25.425,25.46,2113,0
BSMM.US,D,20210316,000000,25.445,25.47,25.44,25.46,12013,0
BSMM.US,D,20210317,000000,25.43,25.47,25.43,25.45,13484,0
BSMM.US,D,20210318,000000,25.38,25.44,25.38,25.38,3369,0
BSMM.US,D,20210319,000000,25.44,25.44,25.4,25.41,5664,0
BSMM.US,D,20210322,000000,25.405,25.429,25.395,25.41,1255,0
BSMM.US,D,20210323,000000,25.429,25.439,25.398,25.415,6661,0
BSMM.US,D,20210324,000000,25.45,25.45,25.42,25.42,2868,0
BSMM.US,D,20210325,000000,25.38,25.449,25.38,25.42,71854,0
BSMM.US,D,20210326,000000,25.41,25.439,25.41,25.41,19811,0
BSMM.US,D,20210329,000000,25.43,25.45,25.43,25.43,13983,0
BSMM.US,D,20210330,000000,25.44,25.45,25.415,25.415,12122,0
BSMM.US,D,20210331,000000,25.404,25.444,25.401,25.42,3943,0
BSMM.US,D,20210401,000000,25.42,25.46,25.42,25.425,5050,0
BSMM.US,D,20210405,000000,25.45,25.45,25.38,25.415,90296,0
BSMM.US,D,20210406,000000,25.406,25.43,25.38,25.405,9778,0
BSMM.US,D,20210407,000000,25.41,25.447,25.41,25.42,3322,0
BSMM.US,D,20210408,000000,25.45,25.46,25.42,25.42,2189,0
BSMM.US,D,20210409,000000,25.445,25.47,25.43,25.45,8970,0
BSMM.US,D,20210412,000000,25.47,25.47,25.425,25.425,19274,0
BSMM.US,D,20210413,000000,25.425,25.46,25.38,25.425,13070,0
BSMM.US,D,20210414,000000,25.47,25.47,25.425,25.425,2580,0
BSMM.US,D,20210415,000000,25.465,25.479,25.43,25.44,5538,0
BSMM.US,D,20210416,000000,25.47,25.48,25.43,25.43,3052,0
BSMM.US,D,20210419,000000,25.435,25.47,25.413,25.435,3045,0
BSMM.US,D,20210420,000000,25.437,25.47,25.435,25.435,4013,0
BSMM.US,D,20210421,000000,25.47,25.495,25.417,25.435,17064,0
BSMM.US,D,20210422,000000,25.473,25.473,25.435,25.435,2178,0
BSMM.US,D,20210423,000000,25.453,25.48,25.4,25.435,1892,0
BSMM.US,D,20210426,000000,25.435,25.48,25.435,25.435,4043,0
BSMM.US,D,20210427,000000,25.435,25.479,25.435,25.435,4397,0
BSMM.US,D,20210428,000000,25.435,25.471,25.435,25.435,2140,0
BSMM.US,D,20210429,000000,25.47,25.47,25.4,25.445,2357,0
BSMM.US,D,20210430,000000,25.462,25.47,25.46,25.46,4628,0
BSMM.US,D,20210503,000000,25.43,25.47,25.4,25.43,16464,0
BSMM.US,D,20210504,000000,25.46,25.47,25.41,25.44,52937,0
BSMM.US,D,20210505,000000,25.46,25.47,25.438,25.438,7601,0
BSMM.US,D,20210506,000000,25.46,25.51,25.45,25.45,5021,0
BSMM.US,D,20210507,000000,25.455,25.455,25.455,25.455,283,0
BSMM.US,D,20210510,000000,25.47,25.47,25.43,25.469,4751,0
BSMM.US,D,20210511,000000,25.425,25.53,25.425,25.43,7204,0
BSMM.US,D,20210512,000000,25.411,25.467,25.411,25.425,8353,0
BSMM.US,D,20210513,000000,25.45,25.495,25.43,25.43,6143,0
BSMM.US,D,20210514,000000,25.46,25.46,25.45,25.45,507,0
BSMM.US,D,20210517,000000,25.43,25.529,25.391,25.391,8820,0
BSMM.US,D,20210518,000000,25.46,25.46,25.414,25.43,3507,0
BSMM.US,D,20210519,000000,25.46,25.47,25.39,25.425,9735,0
BSMM.US,D,20210520,000000,25.47,25.47,25.43,25.45,5312,0
BSMM.US,D,20210521,000000,25.44,25.455,25.43,25.43,3510,0
BSMM.US,D,20210524,000000,25.45,25.45,25.425,25.425,2376,0
BSMM.US,D,20210525,000000,25.43,25.43,25.43,25.43,1171,0
BSMM.US,D,20210526,000000,25.414,25.43,25.39,25.43,1199,0
BSMM.US,D,20210527,000000,25.46,25.46,25.43,25.43,5020,0
BSMM.US,D,20210528,000000,25.46,25.48,25.43,25.43,9853,0
BSMM.US,D,20210601,000000,25.461,25.461,25.45,25.45,3046,0
BSMM.US,D,20210602,000000,25.461,25.479,25.435,25.435,18739,0
BSMM.US,D,20210603,000000,25.421,25.425,25.421,25.425,6021,0
BSMM.US,D,20210604,000000,25.46,25.46,25.425,25.425,12659,0
BSMM.US,D,20210607,000000,25.42,25.447,25.4,25.44,7862,0
BSMM.US,D,20210608,000000,25.47,25.49,25.435,25.435,10058,0
BSMM.US,D,20210609,000000,25.38,25.47,25.38,25.425,1560,0
BSMM.US,D,20210610,000000,25.468,25.47,25.43,25.43,1868,0
BSMM.US,D,20210611,000000,25.465,25.48,25.381,25.425,7751,0
BSMM.US,D,20210614,000000,25.47,25.48,25.423,25.435,13153,0
BSMM.US,D,20210615,000000,25.444,25.48,25.435,25.435,10083,0
BSMM.US,D,20210616,000000,25.48,25.48,25.43,25.43,701,0
BSMM.US,D,20210617,000000,25.46,25.47,25.43,25.435,1324,0
BSMM.US,D,20210618,000000,25.459,25.47,25.39,25.43,12933,0
BSMM.US,D,20210621,000000,25.425,25.453,25.425,25.425,7691,0
BSMM.US,D,20210622,000000,25.39,25.46,25.39,25.425,12482,0
BSMM.US,D,20210623,000000,25.43,25.43,25.41,25.41,249,0
BSMM.US,D,20210624,000000,25.39,25.45,25.37,25.415,8378,0
BSMM.US,D,20210625,000000,25.37,25.44,25.37,25.38,5269,0
BSMM.US,D,20210628,000000,25.423,25.45,25.37,25.41,8902,0
BSMM.US,D,20210629,000000,25.41,25.436,25.41,25.41,1111,0
BSMM.US,D,20210630,000000,25.36,25.395,25.36,25.395,1532,0
BSMM.US,D,20210701,000000,25.38,25.45,25.37,25.405,9892,0
BSMM.US,D,20210702,000000,25.45,25.45,25.42,25.42,452,0
BSMM.US,D,20210706,000000,25.46,25.47,25.35,25.41,20127,0
BSMM.US,D,20210707,000000,25.36,25.45,25.36,25.415,1714,0
BSMM.US,D,20210708,000000,25.37,25.46,25.37,25.42,1088,0
BSMM.US,D,20210709,000000,25.46,25.46,25.381,25.42,2791,0
BSMM.US,D,20210712,000000,25.46,25.49,25.42,25.42,6212,0
BSMM.US,D,20210713,000000,25.46,25.46,25.38,25.42,5262,0
BSMM.US,D,20210714,000000,25.381,25.42,25.38,25.42,3003,0
BSMM.US,D,20210715,000000,25.459,25.46,25.39,25.42,3556,0
BSMM.US,D,20210716,000000,25.43,25.469,25.43,25.43,2510,0
BSMM.US,D,20210719,000000,25.46,25.47,25.407,25.46,11414,0
BSMM.US,D,20210720,000000,25.4379,25.46,25.37,25.445,22569,0
BSMM.US,D,20210721,000000,25.469,25.47,25.44,25.44,6063,0
BSMM.US,D,20210722,000000,25.47,25.47,25.39,25.43,3984,0
BSMM.US,D,20210723,000000,25.4501,25.48,25.45,25.46,21413,0
BSMM.US,D,20210726,000000,25.43,25.43,25.43,25.43,160,0
BSMM.US,D,20210727,000000,25.47,25.47,25.43,25.43,8970,0
BSMM.US,D,20210728,000000,25.47,25.4825,25.43,25.45,6428,0
BSMM.US,D,20210729,000000,25.469,25.47,25.391,25.43,2136,0
BSMM.US,D,20210730,000000,25.45,25.46,25.45,25.46,153,0
BSMM.US,D,20210802,000000,25.4005,25.44,25.4005,25.44,253,0
BSMM.US,D,20210803,000000,25.4799,25.4799,25.4001,25.44,4780,0
BSMM.US,D,20210804,000000,25.44,25.472,25.4,25.44,2554,0
BSMM.US,D,20210805,000000,25.4687,25.4755,25.44,25.44,2744,0
BSMM.US,D,20210806,000000,25.4,25.4653,25.4,25.465,1557,0
BSMM.US,D,20210809,000000,25.4678,25.4678,25.45,25.46,1096,0
BSMM.US,D,20210810,000000,25.38,25.47,25.38,25.47,9651,0
BSMM.US,D,20210811,000000,25.4656,25.47,25.46,25.46,2683,0
BSMM.US,D,20210812,000000,25.464,25.464,25.4562,25.46,2455,0
BSMM.US,D,20210813,000000,25.47,25.47,25.46,25.46,10306,0
BSMM.US,D,20210816,000000,25.4627,25.4699,25.39,25.45,3586,0
BSMM.US,D,20210817,000000,25.48,25.48,25.414,25.43,3387,0
BSMM.US,D,20210818,000000,25.49,25.49,25.46,25.46,5520,0
BSMM.US,D,20210819,000000,25.38,25.44,25.38,25.43,3849,0
BSMM.US,D,20210820,000000,25.4652,25.4652,25.46,25.46,1079,0
BSMM.US,D,20210823,000000,25.4614,25.47,25.428,25.44,5450,0
BSMM.US,D,20210824,000000,25.4502,25.4699,25.45,25.46,5668,0
BSMM.US,D,20210825,000000,25.43,25.4614,25.41,25.46,2735,0
BSMM.US,D,20210826,000000,25.47,25.47,25.41,25.41,22800,0
BSMM.US,D,20210827,000000,25.41,25.41,25.41,25.41,384,0
BSMM.US,D,20210830,000000,25.41,25.44,25.41,25.42,3118,0
BSMM.US,D,20210831,000000,25.41,25.4105,25.41,25.4105,1089,0
BSMM.US,D,20210901,000000,25.4557,25.46,25.4105,25.435,3460,0
