<TICKER>,<PER>,<DATE>,<TIME>,<OPEN>,<HIGH>,<LOW>,<CLOSE>,<VOL>,<OPENINT>
BSMP.US,D,20190927,000000,24.576,24.576,24.576,24.576,200,0
BSMP.US,D,20191001,000000,24.586,24.586,24.586,24.586,1529,0
BSMP.US,D,20191002,000000,24.646,24.646,24.625,24.625,1931,0
BSMP.US,D,20191015,000000,24.606,24.656,24.606,24.638,9499,0
BSMP.US,D,20191021,000000,24.576,24.586,24.567,24.567,8493,0
BSMP.US,D,20191023,000000,24.568,24.576,24.568,24.571,1114,0
BSMP.US,D,20191024,000000,24.557,24.557,24.557,24.557,4066,0
BSMP.US,D,20191028,000000,24.537,24.551,24.537,24.547,12898,0
BSMP.US,D,20191030,000000,24.537,24.557,24.537,24.557,2138,0
BSMP.US,D,20191101,000000,24.636,24.636,24.636,24.636,1327,0
BSMP.US,D,20191104,000000,24.625,24.626,24.611,24.616,5280,0
BSMP.US,D,20191105,000000,24.567,24.567,24.567,24.567,117,0
BSMP.US,D,20191107,000000,24.537,24.537,24.537,24.537,350,0
BSMP.US,D,20191108,000000,24.507,24.517,24.499,24.499,5384,0
BSMP.US,D,20191113,000000,24.547,24.557,24.541,24.541,8224,0
BSMP.US,D,20191114,000000,24.573,24.573,24.573,24.573,2030,0
BSMP.US,D,20191115,000000,24.576,24.576,24.576,24.576,4154,0
BSMP.US,D,20191118,000000,24.596,24.606,24.571,24.571,2309,0
BSMP.US,D,20191119,000000,24.586,24.596,24.576,24.576,3296,0
BSMP.US,D,20191120,000000,24.636,24.636,24.626,24.626,1625,0
BSMP.US,D,20191121,000000,24.611,24.611,24.601,24.601,200,0
BSMP.US,D,20191126,000000,24.636,24.641,24.636,24.641,500,0
BSMP.US,D,20191127,000000,24.668,24.668,24.651,24.651,3504,0
BSMP.US,D,20191203,000000,24.666,24.725,24.666,24.691,9204,0
BSMP.US,D,20191204,000000,24.674,24.674,24.666,24.666,1214,0
BSMP.US,D,20191206,000000,24.684,24.684,24.661,24.661,1016,0
BSMP.US,D,20191209,000000,24.696,24.696,24.681,24.681,401,0
BSMP.US,D,20191210,000000,24.676,24.706,24.676,24.681,1670,0
BSMP.US,D,20191212,000000,24.715,24.715,24.715,24.715,2036,0
BSMP.US,D,20191213,000000,24.735,24.735,24.715,24.715,399,0
BSMP.US,D,20191216,000000,24.715,24.715,24.697,24.697,1131,0
BSMP.US,D,20191217,000000,24.715,24.745,24.71,24.72,11525,0
BSMP.US,D,20191218,000000,24.719,24.72,24.706,24.706,1014,0
BSMP.US,D,20191219,000000,24.696,24.725,24.696,24.706,1133,0
BSMP.US,D,20191220,000000,24.724,24.724,24.697,24.697,2556,0
BSMP.US,D,20191223,000000,24.715,24.715,24.706,24.71,7018,0
BSMP.US,D,20191224,000000,24.745,24.745,24.724,24.724,1309,0
BSMP.US,D,20191226,000000,24.725,24.725,24.71,24.71,299,0
BSMP.US,D,20191227,000000,24.735,24.735,24.725,24.725,2426,0
BSMP.US,D,20191230,000000,24.745,24.75,24.735,24.75,2719,0
BSMP.US,D,20191231,000000,24.754,24.755,24.75,24.75,1728,0
BSMP.US,D,20200102,000000,24.773,24.773,24.755,24.755,6676,0
BSMP.US,D,20200103,000000,24.832,24.852,24.832,24.837,1505,0
BSMP.US,D,20200106,000000,24.862,24.862,24.841,24.847,1447,0
BSMP.US,D,20200107,000000,24.872,24.882,24.857,24.877,2906,0
BSMP.US,D,20200108,000000,24.895,24.912,24.887,24.887,13903,0
BSMP.US,D,20200109,000000,24.902,24.902,24.883,24.897,1853,0
BSMP.US,D,20200110,000000,24.912,24.912,24.897,24.897,9527,0
BSMP.US,D,20200113,000000,24.922,24.922,24.907,24.907,100,0
BSMP.US,D,20200115,000000,24.952,24.976,24.952,24.976,2033,0
BSMP.US,D,20200116,000000,24.997,25,24.991,24.991,1068,0
BSMP.US,D,20200117,000000,25.031,25.031,24.986,24.986,9300,0
BSMP.US,D,20200121,000000,25.051,25.051,25.031,25.036,14307,0
BSMP.US,D,20200122,000000,25.043,25.043,25.031,25.031,250,0
BSMP.US,D,20200123,000000,25.081,25.081,25.081,25.081,2377,0
BSMP.US,D,20200124,000000,25.101,25.111,25.101,25.101,2435,0
BSMP.US,D,20200127,000000,25.141,25.141,25.121,25.121,602,0
BSMP.US,D,20200129,000000,25.156,25.161,25.141,25.151,3039,0
BSMP.US,D,20200130,000000,25.165,25.165,25.156,25.156,1691,0
BSMP.US,D,20200131,000000,25.18,25.18,25.16,25.171,1603,0
BSMP.US,D,20200203,000000,25.161,25.161,25.151,25.151,532,0
BSMP.US,D,20200204,000000,25.121,25.121,25.111,25.111,2304,0
BSMP.US,D,20200205,000000,25.111,25.111,25.101,25.101,4299,0
BSMP.US,D,20200206,000000,25.091,25.091,25.076,25.076,843,0
BSMP.US,D,20200207,000000,25.121,25.141,25.121,25.141,21192,0
BSMP.US,D,20200210,000000,25.141,25.141,25.126,25.126,828,0
BSMP.US,D,20200211,000000,25.141,25.141,25.126,25.131,5204,0
BSMP.US,D,20200212,000000,25.131,25.131,25.116,25.116,1041,0
BSMP.US,D,20200213,000000,25.128,25.131,25.111,25.111,4419,0
BSMP.US,D,20200214,000000,25.143,25.161,25.136,25.136,2752,0
BSMP.US,D,20200218,000000,25.171,25.171,25.146,25.151,8529,0
BSMP.US,D,20200219,000000,25.19,25.19,25.151,25.156,7482,0
BSMP.US,D,20200220,000000,25.19,25.209,25.19,25.19,7523,0
BSMP.US,D,20200224,000000,25.33,25.335,25.33,25.335,1060,0
BSMP.US,D,20200225,000000,25.337,25.344,25.335,25.335,1095,0
BSMP.US,D,20200226,000000,25.335,25.335,25.33,25.33,145,0
BSMP.US,D,20200227,000000,25.364,25.364,25.335,25.344,2052,0
BSMP.US,D,20200228,000000,25.308,25.322,25.308,25.322,210,0
BSMP.US,D,20200302,000000,25.394,25.394,25.325,25.325,1852,0
BSMP.US,D,20200303,000000,25.384,25.402,25.364,25.369,2174,0
BSMP.US,D,20200304,000000,25.374,25.374,25.354,25.354,529,0
BSMP.US,D,20200305,000000,25.394,25.394,25.354,25.364,1126,0
BSMP.US,D,20200309,000000,25.603,25.613,25.57,25.57,341,0
BSMP.US,D,20200310,000000,25.563,25.563,25.317,25.317,2072,0
BSMP.US,D,20200311,000000,25.243,25.243,25.18,25.18,3354,0
BSMP.US,D,20200312,000000,24.387,24.416,24.361,24.361,8374,0
BSMP.US,D,20200316,000000,24.349,24.377,24.348,24.348,2931,0
BSMP.US,D,20200317,000000,24.338,24.338,24.256,24.256,1926,0
BSMP.US,D,20200318,000000,24.033,24.033,23.835,23.835,118,0
BSMP.US,D,20200319,000000,23.904,23.904,23.355,23.355,8483,0
BSMP.US,D,20200320,000000,23.171,23.171,22.867,23.058,2860,0
BSMP.US,D,20200323,000000,22.895,22.994,22.638,22.815,2351,0
BSMP.US,D,20200324,000000,22.964,23.222,22.964,23.222,1010,0
BSMP.US,D,20200325,000000,23.503,24.114,23.503,23.94,2803,0
BSMP.US,D,20200326,000000,24.678,24.805,24.398,24.598,2922,0
BSMP.US,D,20200327,000000,24.779,24.779,24.509,24.683,6558,0
BSMP.US,D,20200330,000000,24.818,24.818,24.503,24.558,1778,0
BSMP.US,D,20200331,000000,24.648,24.835,24.648,24.805,4728,0
BSMP.US,D,20200401,000000,24.548,24.548,24.064,24.267,3378,0
BSMP.US,D,20200403,000000,24.448,24.548,24.143,24.364,2821,0
BSMP.US,D,20200406,000000,24.658,24.678,24.272,24.483,1287,0
BSMP.US,D,20200407,000000,24.379,24.583,24.369,24.583,655,0
BSMP.US,D,20200409,000000,24.747,24.84,24.716,24.84,2494,0
BSMP.US,D,20200413,000000,24.57,24.855,24.569,24.855,1094,0
BSMP.US,D,20200414,000000,24.62,24.88,24.619,24.88,1010,0
BSMP.US,D,20200415,000000,24.864,24.945,24.864,24.945,744,0
BSMP.US,D,20200416,000000,25.004,25.004,24.905,24.905,806,0
BSMP.US,D,20200417,000000,24.945,24.945,24.945,24.945,120,0
BSMP.US,D,20200420,000000,24.885,24.885,24.756,24.756,1505,0
BSMP.US,D,20200421,000000,24.607,24.756,24.607,24.756,1670,0
BSMP.US,D,20200422,000000,24.657,24.785,24.657,24.707,5636,0
BSMP.US,D,20200423,000000,24.736,24.746,24.627,24.681,27407,0
BSMP.US,D,20200427,000000,24.657,24.657,24.522,24.522,235,0
BSMP.US,D,20200429,000000,24.402,24.507,24.33,24.33,48920,0
BSMP.US,D,20200430,000000,24.497,24.497,24.352,24.393,1812,0
BSMP.US,D,20200501,000000,24.341,24.477,24.34,24.477,1045,0
BSMP.US,D,20200504,000000,24.407,24.637,24.407,24.527,6993,0
BSMP.US,D,20200505,000000,24.677,24.677,24.428,24.557,4000,0
BSMP.US,D,20200506,000000,24.592,24.677,24.448,24.567,1825,0
BSMP.US,D,20200508,000000,24.528,24.785,24.527,24.662,5823,0
BSMP.US,D,20200511,000000,24.775,24.775,24.702,24.702,3371,0
BSMP.US,D,20200512,000000,24.607,24.835,24.567,24.707,6471,0
BSMP.US,D,20200513,000000,24.845,24.845,24.741,24.741,3440,0
BSMP.US,D,20200514,000000,24.838,24.838,24.79,24.79,192,0
BSMP.US,D,20200518,000000,24.965,24.965,24.88,24.88,1720,0
BSMP.US,D,20200519,000000,25.005,25.005,24.95,24.95,107,0
BSMP.US,D,20200520,000000,24.97,25.085,24.97,25.04,973,0
BSMP.US,D,20200521,000000,25.203,25.203,25.12,25.12,1186,0
BSMP.US,D,20200522,000000,25.186,25.261,25.165,25.165,1410,0
BSMP.US,D,20200526,000000,25.271,25.281,25.184,25.184,1583,0
BSMP.US,D,20200527,000000,25.328,25.328,25.218,25.218,624,0
BSMP.US,D,20200528,000000,25.311,25.32,25.095,25.204,10212,0
BSMP.US,D,20200529,000000,25.359,25.359,25.359,25.359,619,0
BSMP.US,D,20200601,000000,25.271,25.271,25.248,25.248,1873,0
BSMP.US,D,20200602,000000,25.243,25.243,25.198,25.198,11913,0
BSMP.US,D,20200603,000000,25.339,25.339,25.198,25.198,2204,0
BSMP.US,D,20200604,000000,25.264,25.291,25.208,25.208,1522,0
BSMP.US,D,20200605,000000,25.239,25.281,25.186,25.189,4578,0
BSMP.US,D,20200608,000000,25.261,25.261,25.184,25.184,6613,0
BSMP.US,D,20200609,000000,25.243,25.266,25.203,25.203,1179,0
BSMP.US,D,20200610,000000,25.359,25.359,25.228,25.228,40453,0
BSMP.US,D,20200611,000000,25.271,25.33,25.251,25.251,1319,0
BSMP.US,D,20200612,000000,25.339,25.339,25.248,25.256,2914,0
BSMP.US,D,20200615,000000,25.315,25.355,25.261,25.261,1547,0
BSMP.US,D,20200616,000000,25.349,25.349,25.281,25.281,3287,0
BSMP.US,D,20200617,000000,25.339,25.339,25.248,25.248,648,0
BSMP.US,D,20200619,000000,25.276,25.33,25.273,25.276,4737,0
BSMP.US,D,20200623,000000,25.349,25.365,25.251,25.276,1987,0
BSMP.US,D,20200624,000000,25.369,25.379,25.281,25.296,3289,0
BSMP.US,D,20200625,000000,25.313,25.365,25.286,25.286,3439,0
BSMP.US,D,20200626,000000,25.387,25.419,25.32,25.32,4285,0
BSMP.US,D,20200629,000000,25.223,25.399,25.213,25.32,2646,0
BSMP.US,D,20200630,000000,25.409,25.409,25.306,25.306,2042,0
BSMP.US,D,20200702,000000,25.419,25.439,25.344,25.344,5436,0
BSMP.US,D,20200706,000000,25.223,25.376,25.223,25.376,2978,0
BSMP.US,D,20200707,000000,25.509,25.509,25.389,25.389,8491,0
BSMP.US,D,20200709,000000,25.439,25.469,25.399,25.434,6849,0
BSMP.US,D,20200710,000000,25.479,25.535,25.444,25.444,16759,0
BSMP.US,D,20200713,000000,25.499,25.537,25.484,25.484,2191,0
BSMP.US,D,20200714,000000,25.544,25.544,25.524,25.524,196,0
BSMP.US,D,20200715,000000,25.576,25.576,25.524,25.524,271,0
BSMP.US,D,20200717,000000,25.608,25.608,25.469,25.544,2163,0
BSMP.US,D,20200720,000000,25.489,25.618,25.489,25.569,2159,0
BSMP.US,D,20200721,000000,25.649,25.657,25.589,25.589,2102,0
BSMP.US,D,20200723,000000,25.679,25.687,25.614,25.614,6096,0
BSMP.US,D,20200724,000000,25.679,25.689,25.609,25.609,2529,0
BSMP.US,D,20200728,000000,25.686,25.699,25.624,25.624,4324,0
BSMP.US,D,20200729,000000,25.719,25.719,25.639,25.639,1901,0
BSMP.US,D,20200730,000000,25.704,25.704,25.664,25.664,1420,0
BSMP.US,D,20200731,000000,25.749,25.749,25.679,25.679,2745,0
BSMP.US,D,20200803,000000,25.739,25.739,25.679,25.689,11013,0
BSMP.US,D,20200804,000000,25.787,25.787,25.719,25.719,5863,0
BSMP.US,D,20200805,000000,25.769,25.769,25.724,25.724,3307,0
BSMP.US,D,20200806,000000,25.799,25.819,25.749,25.749,1486,0
BSMP.US,D,20200807,000000,25.829,25.836,25.764,25.764,1214,0
BSMP.US,D,20200810,000000,25.849,25.849,25.774,25.779,7083,0
BSMP.US,D,20200811,000000,25.819,25.839,25.769,25.769,2211,0
BSMP.US,D,20200812,000000,25.829,25.829,25.759,25.819,5211,0
BSMP.US,D,20200813,000000,25.679,25.829,25.679,25.754,2914,0
BSMP.US,D,20200814,000000,25.669,25.809,25.669,25.734,1496,0
BSMP.US,D,20200817,000000,25.779,25.799,25.677,25.709,5502,0
BSMP.US,D,20200818,000000,25.769,25.779,25.704,25.704,668,0
BSMP.US,D,20200819,000000,25.789,25.809,25.714,25.714,4421,0
BSMP.US,D,20200820,000000,25.751,25.789,25.694,25.694,4276,0
BSMP.US,D,20200821,000000,25.779,25.779,25.689,25.689,3995,0
BSMP.US,D,20200824,000000,25.76,25.789,25.704,25.704,4504,0
BSMP.US,D,20200825,000000,25.73,25.73,25.689,25.689,351,0
BSMP.US,D,20200826,000000,25.609,25.749,25.609,25.719,5744,0
BSMP.US,D,20200828,000000,25.697,25.719,25.664,25.664,3728,0
BSMP.US,D,20200831,000000,25.729,25.729,25.664,25.664,7748,0
BSMP.US,D,20200901,000000,25.719,25.719,25.674,25.674,805,0
BSMP.US,D,20200902,000000,25.689,25.709,25.664,25.664,1139,0
BSMP.US,D,20200903,000000,25.699,25.699,25.664,25.689,8407,0
BSMP.US,D,20200904,000000,25.679,25.779,25.659,25.659,3418,0
BSMP.US,D,20200908,000000,25.689,25.739,25.669,25.669,3862,0
BSMP.US,D,20200909,000000,25.699,25.779,25.679,25.679,11394,0
BSMP.US,D,20200910,000000,25.709,25.719,25.684,25.684,4997,0
BSMP.US,D,20200911,000000,25.719,25.779,25.684,25.684,10176,0
BSMP.US,D,20200914,000000,25.729,25.739,25.689,25.689,4646,0
BSMP.US,D,20200915,000000,25.719,25.729,25.68,25.689,2355,0
BSMP.US,D,20200916,000000,25.729,25.779,25.689,25.689,7663,0
BSMP.US,D,20200917,000000,25.749,25.759,25.694,25.694,8296,0
BSMP.US,D,20200918,000000,25.743,25.749,25.689,25.689,2492,0
BSMP.US,D,20200921,000000,25.768,25.768,25.718,25.718,6537,0
BSMP.US,D,20200922,000000,25.768,25.778,25.718,25.718,5771,0
BSMP.US,D,20200923,000000,25.758,25.768,25.718,25.718,3038,0
BSMP.US,D,20200924,000000,25.778,25.778,25.723,25.723,1979,0
BSMP.US,D,20200925,000000,25.751,25.758,25.751,25.758,4361,0
BSMP.US,D,20200928,000000,25.768,25.778,25.713,25.713,9951,0
BSMP.US,D,20200929,000000,25.738,25.758,25.708,25.708,6540,0
BSMP.US,D,20200930,000000,25.768,25.768,25.718,25.718,2714,0
BSMP.US,D,20201001,000000,25.768,25.768,25.705,25.723,6292,0
BSMP.US,D,20201002,000000,25.648,25.756,25.648,25.728,3076,0
BSMP.US,D,20201005,000000,25.688,25.733,25.688,25.733,4476,0
BSMP.US,D,20201006,000000,25.728,25.748,25.695,25.728,14535,0
BSMP.US,D,20201008,000000,25.683,25.718,25.683,25.718,6823,0
BSMP.US,D,20201009,000000,25.618,25.708,25.618,25.698,2596,0
BSMP.US,D,20201013,000000,25.698,25.707,25.676,25.676,2467,0
BSMP.US,D,20201014,000000,25.718,25.718,25.668,25.668,1085,0
BSMP.US,D,20201015,000000,25.798,25.798,25.678,25.678,4767,0
BSMP.US,D,20201016,000000,25.718,25.728,25.677,25.678,4403,0
BSMP.US,D,20201019,000000,25.679,25.708,25.668,25.668,3185,0
BSMP.US,D,20201020,000000,25.708,25.708,25.668,25.668,4060,0
BSMP.US,D,20201021,000000,25.693,25.698,25.683,25.683,4990,0
BSMP.US,D,20201022,000000,25.708,25.708,25.658,25.658,6006,0
BSMP.US,D,20201023,000000,25.716,25.738,25.668,25.718,9699,0
BSMP.US,D,20201026,000000,25.718,25.728,25.668,25.728,4237,0
BSMP.US,D,20201027,000000,25.708,25.728,25.682,25.728,8311,0
BSMP.US,D,20201028,000000,25.718,25.718,25.698,25.708,4239,0
BSMP.US,D,20201029,000000,25.638,25.728,25.628,25.718,4901,0
BSMP.US,D,20201030,000000,25.661,25.708,25.661,25.708,901,0
BSMP.US,D,20201102,000000,25.728,25.728,25.716,25.718,3343,0
BSMP.US,D,20201103,000000,25.718,25.718,25.682,25.718,7077,0
BSMP.US,D,20201104,000000,25.838,25.838,25.838,25.838,471,0
BSMP.US,D,20201105,000000,25.838,25.838,25.766,25.838,3590,0
BSMP.US,D,20201106,000000,25.798,25.838,25.798,25.838,1090,0
BSMP.US,D,20201109,000000,25.828,25.828,25.767,25.818,7282,0
BSMP.US,D,20201110,000000,25.818,25.828,25.791,25.818,3509,0
BSMP.US,D,20201111,000000,25.838,25.838,25.784,25.828,3007,0
BSMP.US,D,20201112,000000,25.838,25.838,25.773,25.828,2590,0
BSMP.US,D,20201113,000000,25.848,25.848,25.838,25.848,1554,0
BSMP.US,D,20201116,000000,25.848,25.858,25.837,25.848,4204,0
BSMP.US,D,20201117,000000,25.768,25.923,25.768,25.923,12731,0
BSMP.US,D,20201118,000000,25.918,25.918,25.823,25.868,5062,0
BSMP.US,D,20201119,000000,25.888,25.898,25.828,25.848,9821,0
BSMP.US,D,20201120,000000,25.938,25.938,25.828,25.875,4399,0
BSMP.US,D,20201123,000000,25.898,25.898,25.87,25.888,2938,0
BSMP.US,D,20201124,000000,25.884,25.884,25.838,25.838,2053,0
BSMP.US,D,20201125,000000,25.878,25.888,25.878,25.878,1801,0
BSMP.US,D,20201127,000000,25.898,25.898,25.898,25.898,1353,0
BSMP.US,D,20201130,000000,25.889,25.889,25.848,25.848,4071,0
BSMP.US,D,20201201,000000,25.878,25.908,25.852,25.878,10192,0
BSMP.US,D,20201202,000000,25.888,25.888,25.828,25.828,10122,0
BSMP.US,D,20201203,000000,25.888,25.898,25.798,25.898,5086,0
BSMP.US,D,20201204,000000,25.898,25.898,25.853,25.853,6313,0
BSMP.US,D,20201207,000000,25.916,25.918,25.908,25.918,5914,0
BSMP.US,D,20201208,000000,25.888,25.918,25.868,25.917,4915,0
BSMP.US,D,20201209,000000,25.909,25.918,25.908,25.908,971,0
BSMP.US,D,20201210,000000,25.918,25.948,25.898,25.921,9067,0
BSMP.US,D,20201211,000000,25.908,25.948,25.838,25.938,20681,0
BSMP.US,D,20201214,000000,25.937,25.938,25.888,25.938,3356,0
BSMP.US,D,20201215,000000,25.928,25.928,25.918,25.928,4452,0
BSMP.US,D,20201216,000000,25.928,25.945,25.893,25.909,3313,0
BSMP.US,D,20201217,000000,25.925,25.958,25.908,25.948,16022,0
BSMP.US,D,20201218,000000,25.948,25.958,25.878,25.903,1376,0
BSMP.US,D,20201221,000000,25.828,25.938,25.828,25.938,22373,0
BSMP.US,D,20201222,000000,25.928,25.928,25.868,25.928,2640,0
BSMP.US,D,20201223,000000,25.928,25.948,25.878,25.903,5107,0
BSMP.US,D,20201224,000000,25.928,25.938,25.897,25.928,3806,0
BSMP.US,D,20201228,000000,25.938,25.938,25.898,25.938,5486,0
BSMP.US,D,20201229,000000,25.947,25.953,25.89,25.948,17134,0
BSMP.US,D,20201230,000000,25.948,26.057,25.908,25.908,22630,0
BSMP.US,D,20201231,000000,25.948,25.958,25.902,25.921,6348,0
BSMP.US,D,20210104,000000,25.978,25.978,25.858,25.868,8414,0
BSMP.US,D,20210105,000000,25.958,25.958,25.926,25.958,2777,0
BSMP.US,D,20210106,000000,25.968,25.978,25.918,25.918,84662,0
BSMP.US,D,20210107,000000,25.957,25.958,25.898,25.918,9661,0
BSMP.US,D,20210108,000000,25.968,25.968,25.902,25.903,6989,0
BSMP.US,D,20210111,000000,25.948,25.958,25.887,25.898,7909,0
BSMP.US,D,20210112,000000,25.899,25.948,25.899,25.923,5293,0
BSMP.US,D,20210113,000000,25.898,25.948,25.898,25.908,5420,0
BSMP.US,D,20210114,000000,25.948,25.948,25.908,25.908,7553,0
BSMP.US,D,20210115,000000,25.898,25.908,25.898,25.908,485,0
BSMP.US,D,20210119,000000,25.95,25.95,25.91,25.91,5715,0
BSMP.US,D,20210120,000000,25.925,25.95,25.925,25.95,5582,0
BSMP.US,D,20210121,000000,25.89,25.97,25.89,25.97,4359,0
BSMP.US,D,20210122,000000,25.92,25.97,25.92,25.97,3594,0
BSMP.US,D,20210125,000000,25.95,25.978,25.935,25.95,5744,0
BSMP.US,D,20210126,000000,25.983,25.99,25.92,25.96,10955,0
BSMP.US,D,20210127,000000,26.01,26.03,25.98,26.03,2940,0
BSMP.US,D,20210128,000000,26,26,25.99,25.99,3197,0
BSMP.US,D,20210129,000000,26.04,26.04,25.92,25.985,7148,0
BSMP.US,D,20210201,000000,26.019,26.04,25.96,25.99,9585,0
BSMP.US,D,20210202,000000,25.99,25.99,25.94,25.99,1118,0
BSMP.US,D,20210203,000000,26,26,25.974,25.99,1972,0
BSMP.US,D,20210204,000000,25.99,25.995,25.99,25.995,1085,0
BSMP.US,D,20210205,000000,26.014,26.014,25.987,26.005,1064,0
BSMP.US,D,20210208,000000,26.06,26.06,26.006,26.015,6011,0
BSMP.US,D,20210210,000000,26.046,26.1,26.013,26.04,15805,0
BSMP.US,D,20210211,000000,26.09,26.09,26.067,26.09,71065,0
BSMP.US,D,20210212,000000,26.055,26.1,26.053,26.1,4469,0
BSMP.US,D,20210216,000000,26.11,26.11,26.045,26.08,13289,0
BSMP.US,D,20210217,000000,26.05,26.06,26.04,26.04,4225,0
BSMP.US,D,20210218,000000,26.02,26.02,25.965,25.965,5080,0
BSMP.US,D,20210219,000000,26.01,26.01,25.929,25.932,8287,0
BSMP.US,D,20210222,000000,25.96,25.96,25.835,25.835,4015,0
BSMP.US,D,20210223,000000,25.772,25.79,25.76,25.76,2619,0
BSMP.US,D,20210224,000000,25.76,25.78,25.689,25.73,3290,0
BSMP.US,D,20210225,000000,25.696,25.73,25.67,25.73,1905,0
BSMP.US,D,20210226,000000,25.699,25.711,25.699,25.706,2614,0
BSMP.US,D,20210301,000000,25.75,25.76,25.671,25.715,5443,0
BSMP.US,D,20210302,000000,25.75,25.76,25.698,25.703,15648,0
BSMP.US,D,20210303,000000,25.695,25.74,25.695,25.735,11820,0
BSMP.US,D,20210304,000000,25.684,25.77,25.684,25.725,1995,0
BSMP.US,D,20210305,000000,25.78,25.79,25.73,25.79,8312,0
BSMP.US,D,20210308,000000,25.8,25.81,25.72,25.755,7788,0
BSMP.US,D,20210309,000000,25.83,25.85,25.775,25.795,7963,0
BSMP.US,D,20210310,000000,25.823,25.86,25.815,25.815,4438,0
BSMP.US,D,20210311,000000,25.87,25.88,25.816,25.835,7173,0
BSMP.US,D,20210312,000000,25.87,25.87,25.765,25.81,11319,0
BSMP.US,D,20210315,000000,25.78,25.89,25.78,25.84,503,0
BSMP.US,D,20210316,000000,25.88,25.88,25.845,25.845,992,0
BSMP.US,D,20210317,000000,25.85,25.87,25.823,25.835,2475,0
BSMP.US,D,20210318,000000,25.75,25.765,25.75,25.765,1343,0
BSMP.US,D,20210319,000000,25.77,25.79,25.749,25.765,15575,0
BSMP.US,D,20210322,000000,25.78,25.78,25.76,25.76,561,0
BSMP.US,D,20210323,000000,25.74,25.79,25.73,25.755,1663,0
BSMP.US,D,20210324,000000,25.81,25.81,25.765,25.765,2637,0
BSMP.US,D,20210325,000000,25.83,25.84,25.74,25.82,26918,0
BSMP.US,D,20210326,000000,25.8,25.84,25.765,25.775,21921,0
BSMP.US,D,20210329,000000,25.83,25.83,25.751,25.775,1598,0
BSMP.US,D,20210330,000000,25.81,25.82,25.765,25.77,5824,0
BSMP.US,D,20210331,000000,25.78,25.829,25.775,25.775,2010,0
BSMP.US,D,20210401,000000,25.81,25.81,25.81,25.81,859,0
BSMP.US,D,20210405,000000,25.85,25.86,25.76,25.805,7074,0
BSMP.US,D,20210406,000000,25.85,25.85,25.805,25.805,596,0
BSMP.US,D,20210407,000000,25.75,25.86,25.75,25.81,4379,0
BSMP.US,D,20210408,000000,25.87,25.89,25.81,25.845,4629,0
BSMP.US,D,20210409,000000,25.855,25.87,25.85,25.87,458,0
BSMP.US,D,20210412,000000,25.89,25.9,25.85,25.855,3483,0
BSMP.US,D,20210413,000000,25.871,25.92,25.865,25.88,13642,0
BSMP.US,D,20210414,000000,25.923,25.95,25.92,25.94,1481,0
BSMP.US,D,20210415,000000,25.97,26.029,25.97,25.985,5573,0
BSMP.US,D,20210416,000000,26.005,26.005,25.985,25.985,2624,0
BSMP.US,D,20210419,000000,25.99,26.01,25.946,25.985,2165,0
BSMP.US,D,20210420,000000,26.02,26.02,25.98,25.98,6268,0
BSMP.US,D,20210421,000000,25.957,26.02,25.957,25.975,9040,0
BSMP.US,D,20210422,000000,26.03,26.04,25.975,26.015,9289,0
BSMP.US,D,20210423,000000,26.03,26.03,26,26,437,0
BSMP.US,D,20210426,000000,25.99,26.03,25.99,25.99,974,0
BSMP.US,D,20210427,000000,25.97,26.04,25.97,25.99,7103,0
BSMP.US,D,20210428,000000,26.03,26.03,25.97,26,24175,0
BSMP.US,D,20210429,000000,25.96,26.01,25.955,25.955,6169,0
BSMP.US,D,20210430,000000,25.95,26,25.95,25.95,19963,0
BSMP.US,D,20210503,000000,26,26,25.965,25.97,24721,0
BSMP.US,D,20210504,000000,25.98,25.99,25.936,25.965,14541,0
BSMP.US,D,20210505,000000,25.964,25.97,25.94,25.945,1397,0
BSMP.US,D,20210506,000000,25.955,26,25.955,25.955,8490,0
BSMP.US,D,20210507,000000,25.99,25.99,25.98,25.98,1453,0
BSMP.US,D,20210510,000000,26.02,26.02,25.921,25.921,1388,0
BSMP.US,D,20210511,000000,25.98,25.99,25.94,25.98,5892,0
BSMP.US,D,20210512,000000,25.97,25.98,25.907,25.935,5888,0
BSMP.US,D,20210514,000000,25.89,25.97,25.88,25.93,4528,0
BSMP.US,D,20210517,000000,25.97,25.98,25.935,25.935,3048,0
BSMP.US,D,20210518,000000,25.97,25.97,25.935,25.935,2012,0
BSMP.US,D,20210519,000000,25.965,25.965,25.92,25.92,1466,0
BSMP.US,D,20210520,000000,25.96,25.97,25.921,25.93,4042,0
BSMP.US,D,20210521,000000,25.98,25.99,25.939,25.945,3090,0
BSMP.US,D,20210524,000000,25.97,25.97,25.87,25.92,14393,0
BSMP.US,D,20210525,000000,25.89,25.98,25.88,25.94,5069,0
BSMP.US,D,20210526,000000,25.99,26,25.945,25.95,1637,0
BSMP.US,D,20210527,000000,26,26,25.927,25.945,15074,0
BSMP.US,D,20210528,000000,25.98,26,25.955,25.955,15831,0
BSMP.US,D,20210601,000000,25.99,26,25.95,25.955,16139,0
BSMP.US,D,20210602,000000,25.96,26,25.96,25.96,14437,0
BSMP.US,D,20210603,000000,26.009,26.009,25.961,25.965,7865,0
BSMP.US,D,20210604,000000,25.94,26.01,25.94,25.98,3027,0
BSMP.US,D,20210607,000000,25.95,26.02,25.95,25.98,1603,0
BSMP.US,D,20210608,000000,25.96,26.05,25.96,26.005,10798,0
BSMP.US,D,20210609,000000,25.97,26.069,25.97,26.03,4147,0
BSMP.US,D,20210610,000000,26.08,26.08,26.05,26.05,611,0
BSMP.US,D,20210611,000000,26.11,26.11,26.06,26.075,11634,0
BSMP.US,D,20210614,000000,26.056,26.089,26.045,26.045,2692,0
BSMP.US,D,20210615,000000,26.11,26.11,26.045,26.045,5657,0
BSMP.US,D,20210616,000000,26,26.049,26,26.01,2710,0
BSMP.US,D,20210617,000000,26.05,26.05,26.01,26.01,4950,0
BSMP.US,D,20210618,000000,25.98,26.01,25.98,26.01,6391,0
BSMP.US,D,20210621,000000,26.01,26.019,25.93,25.955,8487,0
BSMP.US,D,20210622,000000,25.999,25.999,25.91,25.96,1316,0
BSMP.US,D,20210623,000000,25.955,25.955,25.908,25.94,4999,0
BSMP.US,D,20210624,000000,25.99,25.99,25.955,25.955,2957,0
BSMP.US,D,20210625,000000,25.99,25.99,25.92,25.95,6831,0
BSMP.US,D,20210628,000000,25.97,26.009,25.94,25.975,4364,0
BSMP.US,D,20210629,000000,25.99,26.009,25.99,25.99,5987,0
BSMP.US,D,20210630,000000,26,26.01,25.98,25.98,1354,0
BSMP.US,D,20210701,000000,26,26.019,25.95,25.98,1991,0
BSMP.US,D,20210702,000000,26.01,26.01,26.01,26.01,1479,0
BSMP.US,D,20210706,000000,26.05,26.05,25.98,26.01,7791,0
BSMP.US,D,20210707,000000,26.001,26.05,26.001,26.015,2320,0
BSMP.US,D,20210708,000000,26.046,26.09,26.04,26.065,2000,0
BSMP.US,D,20210709,000000,26.09,26.09,26,26.04,1532,0
BSMP.US,D,20210712,000000,26.04,26.045,26.01,26.045,852,0
BSMP.US,D,20210713,000000,26.064,26.065,26.06,26.065,2202,0
BSMP.US,D,20210714,000000,26.08,26.08,26.01,26.06,5057,0
BSMP.US,D,20210715,000000,26.02,26.08,26.02,26.06,2110,0
BSMP.US,D,20210716,000000,26.055,26.1,26.055,26.07,596,0
BSMP.US,D,20210719,000000,26.1,26.13,26.1,26.1,6933,0
BSMP.US,D,20210720,000000,26.139,26.139,26.0548,26.09,7349,0
BSMP.US,D,20210721,000000,26.1199,26.12,26.03,26.03,6411,0
BSMP.US,D,20210722,000000,26.13,26.13,26.04,26.1042,8133,0
BSMP.US,D,20210723,000000,26.11,26.11,26.085,26.085,903,0
BSMP.US,D,20210726,000000,26.1183,26.1311,26.06,26.1,3297,0
BSMP.US,D,20210727,000000,26.1399,26.1399,26.0937,26.1,5942,0
BSMP.US,D,20210728,000000,26.0864,26.1149,26.0864,26.1149,4190,0
BSMP.US,D,20210729,000000,26.15,26.15,26.0922,26.1,2709,0
BSMP.US,D,20210730,000000,26.16,26.16,26.105,26.105,1876,0
BSMP.US,D,20210802,000000,26.14,26.14,26.07,26.105,11286,0
BSMP.US,D,20210803,000000,26.1269,26.15,26.115,26.115,3896,0
BSMP.US,D,20210804,000000,26.13,26.17,26.081,26.13,8505,0
BSMP.US,D,20210805,000000,26.1102,26.16,26.09,26.125,6508,0
BSMP.US,D,20210806,000000,26.16,26.16,26.1193,26.12,3159,0
BSMP.US,D,20210809,000000,26.12,26.12,26.1094,26.1094,533,0
BSMP.US,D,20210810,000000,26.15,26.15,26.07,26.07,9655,0
BSMP.US,D,20210811,000000,26.12,26.14,26.1,26.1,16781,0
BSMP.US,D,20210812,000000,26.129,26.129,26.1,26.1,176,0
BSMP.US,D,20210813,000000,26.105,26.125,26.105,26.125,509,0
BSMP.US,D,20210816,000000,26.14,26.14,26.1048,26.13,3847,0
BSMP.US,D,20210817,000000,26.1049,26.1215,26.05,26.1,13355,0
BSMP.US,D,20210818,000000,26.1299,26.13,26.095,26.095,1165,0
BSMP.US,D,20210819,000000,26.07,26.1399,26.06,26.1,13846,0
BSMP.US,D,20210820,000000,26.071,26.1446,26.07,26.1,2226,0
BSMP.US,D,20210823,000000,26.09,26.1255,26.06,26.095,2584,0
BSMP.US,D,20210825,000000,26.074,26.11,26.074,26.11,1988,0
BSMP.US,D,20210826,000000,26.09,26.1,26.04,26.065,2324,0
BSMP.US,D,20210827,000000,26.051,26.051,26.05,26.05,511,0
BSMP.US,D,20210831,000000,26.051,26.08,26.05,26.08,3708,0
BSMP.US,D,20210901,000000,26.1046,26.1046,26.075,26.08,1484,0
