<TICKER>,<PER>,<DATE>,<TIME>,<OPEN>,<HIGH>,<LOW>,<CLOSE>,<VOL>,<OPENINT>
BSMR.US,D,20190926,000000,24.515,24.515,24.515,24.515,342,0
BSMR.US,D,20191002,000000,24.583,24.583,24.583,24.583,347,0
BSMR.US,D,20191029,000000,24.394,24.405,24.394,24.405,1020,0
BSMR.US,D,20191030,000000,24.405,24.405,24.405,24.405,2039,0
BSMR.US,D,20191104,000000,24.474,24.484,24.474,24.484,511,0
BSMR.US,D,20191105,000000,24.405,24.405,24.405,24.405,231,0
BSMR.US,D,20191113,000000,24.355,24.415,24.355,24.365,28426,0
BSMR.US,D,20191114,000000,24.402,24.402,24.402,24.402,2039,0
BSMR.US,D,20191118,000000,24.435,24.435,24.415,24.415,616,0
BSMR.US,D,20191119,000000,24.425,24.435,24.415,24.415,6009,0
BSMR.US,D,20191120,000000,24.503,24.513,24.484,24.513,6221,0
BSMR.US,D,20191126,000000,24.474,24.484,24.474,24.484,2950,0
BSMR.US,D,20191206,000000,24.495,24.503,24.479,24.479,1323,0
BSMR.US,D,20191209,000000,24.519,24.519,24.508,24.508,100,0
BSMR.US,D,20191210,000000,24.513,24.513,24.513,24.513,249,0
BSMR.US,D,20191212,000000,24.513,24.533,24.513,24.513,507,0
BSMR.US,D,20191217,000000,24.562,24.573,24.548,24.548,10178,0
BSMR.US,D,20191219,000000,24.553,24.553,24.549,24.553,352,0
BSMR.US,D,20191220,000000,24.519,24.519,24.513,24.513,819,0
BSMR.US,D,20191226,000000,24.553,24.553,24.543,24.543,423,0
BSMR.US,D,20191227,000000,24.563,24.563,24.548,24.548,1149,0
BSMR.US,D,20191230,000000,24.56,24.563,24.56,24.563,1117,0
BSMR.US,D,20200102,000000,24.574,24.574,24.566,24.573,4249,0
BSMR.US,D,20200106,000000,24.702,24.712,24.697,24.697,1493,0
BSMR.US,D,20200108,000000,24.761,24.761,24.749,24.749,9335,0
BSMR.US,D,20200109,000000,24.751,24.756,24.751,24.756,1410,0
BSMR.US,D,20200114,000000,24.771,24.79,24.771,24.771,4387,0
BSMR.US,D,20200116,000000,24.87,24.87,24.855,24.855,1039,0
BSMR.US,D,20200117,000000,24.89,24.89,24.89,24.89,529,0
BSMR.US,D,20200122,000000,24.879,24.897,24.877,24.877,4013,0
BSMR.US,D,20200127,000000,25.053,25.053,25.033,25.033,2030,0
BSMR.US,D,20200130,000000,25.096,25.096,25.083,25.083,1999,0
BSMR.US,D,20200131,000000,25.123,25.123,25.103,25.118,2179,0
BSMR.US,D,20200203,000000,25.083,25.113,25.083,25.113,176,0
BSMR.US,D,20200204,000000,25.058,25.058,25.053,25.053,219,0
BSMR.US,D,20200205,000000,25.033,25.043,25.013,25.013,771,0
BSMR.US,D,20200206,000000,25.008,25.008,25.008,25.008,867,0
BSMR.US,D,20200210,000000,25.113,25.123,25.093,25.093,2031,0
BSMR.US,D,20200211,000000,25.123,25.123,25.113,25.113,2228,0
BSMR.US,D,20200212,000000,25.093,25.103,25.093,25.103,1067,0
BSMR.US,D,20200213,000000,25.103,25.103,25.103,25.103,100,0
BSMR.US,D,20200218,000000,25.172,25.181,25.152,25.152,3196,0
BSMR.US,D,20200219,000000,25.191,25.191,25.172,25.172,12420,0
BSMR.US,D,20200220,000000,25.221,25.221,25.221,25.221,1489,0
BSMR.US,D,20200221,000000,25.281,25.341,25.281,25.326,4697,0
BSMR.US,D,20200226,000000,25.49,25.49,25.474,25.474,409,0
BSMR.US,D,20200228,000000,25.458,25.497,25.458,25.495,6856,0
BSMR.US,D,20200302,000000,25.557,25.557,25.557,25.557,356,0
BSMR.US,D,20200303,000000,25.535,25.535,25.477,25.477,1401,0
BSMR.US,D,20200304,000000,25.477,25.477,25.457,25.457,847,0
BSMR.US,D,20200305,000000,25.467,25.487,25.467,25.467,382,0
BSMR.US,D,20200312,000000,23.978,23.978,23.906,23.906,14284,0
BSMR.US,D,20200317,000000,23.82,23.82,23.683,23.683,591,0
BSMR.US,D,20200318,000000,23.385,23.537,23.385,23.385,1126,0
BSMR.US,D,20200319,000000,23.455,23.455,22.784,22.784,2906,0
BSMR.US,D,20200323,000000,22.285,22.285,22.108,22.108,100,0
BSMR.US,D,20200324,000000,22.504,22.563,22.504,22.534,2832,0
BSMR.US,D,20200330,000000,24.619,24.619,24.416,24.416,925,0
BSMR.US,D,20200331,000000,24.519,24.519,24.262,24.262,3878,0
BSMR.US,D,20200401,000000,23.997,23.997,23.516,23.516,108,0
BSMR.US,D,20200403,000000,23.669,23.699,23.526,23.526,506,0
BSMR.US,D,20200409,000000,24.224,24.233,23.982,23.982,1012,0
BSMR.US,D,20200415,000000,24.125,24.125,24.125,24.125,1900,0
BSMR.US,D,20200416,000000,24.407,24.407,24.233,24.233,324,0
BSMR.US,D,20200417,000000,24.096,24.209,24.096,24.209,616,0
BSMR.US,D,20200421,000000,24.239,24.239,24.037,24.126,1018,0
BSMR.US,D,20200430,000000,23.615,23.615,23.589,23.589,892,0
BSMR.US,D,20200504,000000,23.874,23.874,23.77,23.77,2583,0
BSMR.US,D,20200505,000000,23.874,23.874,23.765,23.77,1934,0
BSMR.US,D,20200506,000000,23.904,23.904,23.8,23.8,112,0
BSMR.US,D,20200508,000000,23.973,23.973,23.884,23.884,2546,0
BSMR.US,D,20200511,000000,23.983,23.983,23.914,23.914,507,0
BSMR.US,D,20200512,000000,24.012,24.029,23.88,23.919,3282,0
BSMR.US,D,20200513,000000,24.042,24.042,23.944,23.944,3240,0
BSMR.US,D,20200518,000000,24.208,24.208,24.108,24.108,1267,0
BSMR.US,D,20200519,000000,24.213,24.257,24.173,24.173,2944,0
BSMR.US,D,20200520,000000,24.306,24.306,24.257,24.257,228,0
BSMR.US,D,20200522,000000,24.426,24.426,24.391,24.391,658,0
BSMR.US,D,20200526,000000,24.485,24.485,24.416,24.416,3643,0
BSMR.US,D,20200527,000000,24.465,24.465,24.465,24.465,507,0
BSMR.US,D,20200528,000000,24.495,24.504,24.418,24.418,7568,0
BSMR.US,D,20200602,000000,24.623,24.623,24.549,24.549,401,0
BSMR.US,D,20200605,000000,24.654,24.654,24.554,24.554,372,0
BSMR.US,D,20200608,000000,24.683,24.683,24.599,24.599,1930,0
BSMR.US,D,20200609,000000,24.624,24.713,24.624,24.644,5092,0
BSMR.US,D,20200610,000000,24.703,24.753,24.678,24.678,6180,0
BSMR.US,D,20200615,000000,24.833,24.833,24.823,24.823,326,0
BSMR.US,D,20200617,000000,24.803,24.803,24.738,24.738,100,0
BSMR.US,D,20200619,000000,24.853,24.853,24.798,24.798,2194,0
BSMR.US,D,20200623,000000,24.928,24.928,24.859,24.859,2124,0
BSMR.US,D,20200624,000000,24.834,24.926,24.834,24.849,1008,0
BSMR.US,D,20200625,000000,24.918,24.918,24.859,24.859,510,0
BSMR.US,D,20200626,000000,24.936,24.938,24.864,24.864,4265,0
BSMR.US,D,20200701,000000,24.881,24.909,24.881,24.909,783,0
BSMR.US,D,20200702,000000,24.958,24.968,24.899,24.899,367,0
BSMR.US,D,20200706,000000,24.977,24.978,24.913,24.913,2605,0
BSMR.US,D,20200707,000000,24.958,24.958,24.943,24.943,2542,0
BSMR.US,D,20200708,000000,24.958,24.958,24.933,24.933,4027,0
BSMR.US,D,20200709,000000,24.998,25.037,24.933,24.988,3470,0
BSMR.US,D,20200710,000000,25.027,25.085,24.998,24.998,10417,0
BSMR.US,D,20200713,000000,25.067,25.067,25.012,25.012,4007,0
BSMR.US,D,20200714,000000,25.077,25.087,25.047,25.047,333,0
BSMR.US,D,20200720,000000,25.252,25.252,25.192,25.192,199,0
BSMR.US,D,20200723,000000,25.332,25.332,25.272,25.272,1150,0
BSMR.US,D,20200724,000000,25.352,25.352,25.297,25.297,2332,0
BSMR.US,D,20200728,000000,25.352,25.352,25.317,25.317,112573,0
BSMR.US,D,20200731,000000,25.461,25.491,25.421,25.421,1181,0
BSMR.US,D,20200803,000000,25.491,25.491,25.431,25.431,1912,0
BSMR.US,D,20200804,000000,25.511,25.511,25.444,25.461,153619,0
BSMR.US,D,20200805,000000,25.511,25.551,25.431,25.496,6027,0
BSMR.US,D,20200810,000000,25.61,25.61,25.574,25.576,1494,0
BSMR.US,D,20200811,000000,25.581,25.581,25.521,25.571,3640,0
BSMR.US,D,20200812,000000,25.591,25.6,25.501,25.541,3629,0
BSMR.US,D,20200814,000000,25.551,25.561,25.476,25.476,2743,0
BSMR.US,D,20200818,000000,25.501,25.531,25.44,25.446,5759,0
BSMR.US,D,20200819,000000,25.501,25.511,25.42,25.436,3593,0
BSMR.US,D,20200820,000000,25.501,25.501,25.392,25.392,890,0
BSMR.US,D,20200821,000000,25.377,25.461,25.374,25.377,1125,0
BSMR.US,D,20200824,000000,25.306,25.396,25.286,25.386,4498,0
BSMR.US,D,20200825,000000,25.346,25.445,25.346,25.437,5894,0
BSMR.US,D,20200826,000000,25.415,25.415,25.331,25.331,2061,0
BSMR.US,D,20200827,000000,25.367,25.367,25.367,25.367,159,0
BSMR.US,D,20200828,000000,25.316,25.376,25.309,25.311,2758,0
BSMR.US,D,20200831,000000,25.366,25.396,25.34,25.34,11422,0
BSMR.US,D,20200901,000000,25.356,25.356,25.256,25.291,732,0
BSMR.US,D,20200902,000000,25.246,25.271,25.246,25.271,258,0
BSMR.US,D,20200903,000000,25.286,25.376,25.261,25.376,12293,0
BSMR.US,D,20200904,000000,25.284,25.284,25.266,25.271,815,0
BSMR.US,D,20200908,000000,25.296,25.346,25.246,25.276,9191,0
BSMR.US,D,20200910,000000,25.286,25.296,25.271,25.271,1622,0
BSMR.US,D,20200914,000000,25.286,25.295,25.261,25.266,2854,0
BSMR.US,D,20200915,000000,25.286,25.286,25.25,25.266,12222,0
BSMR.US,D,20200916,000000,25.286,25.386,25.266,25.266,5060,0
BSMR.US,D,20200917,000000,25.286,25.286,25.286,25.286,1736,0
BSMR.US,D,20200918,000000,25.296,25.296,25.266,25.266,12113,0
BSMR.US,D,20200921,000000,25.319,25.329,25.299,25.299,3729,0
BSMR.US,D,20200922,000000,25.289,25.309,25.269,25.274,6737,0
BSMR.US,D,20200923,000000,25.279,25.289,25.219,25.244,5439,0
BSMR.US,D,20200924,000000,25.249,25.249,25.199,25.199,706,0
BSMR.US,D,20200925,000000,25.269,25.279,25.229,25.229,3058,0
BSMR.US,D,20200928,000000,25.272,25.272,25.224,25.224,201,0
BSMR.US,D,20200929,000000,25.249,25.279,25.228,25.269,7193,0
BSMR.US,D,20200930,000000,25.219,25.239,25.181,25.229,5815,0
BSMR.US,D,20201001,000000,25.229,25.238,25.189,25.189,1116,0
BSMR.US,D,20201002,000000,25.179,25.179,25.143,25.179,1314,0
BSMR.US,D,20201005,000000,25.179,25.189,25.081,25.126,15135,0
BSMR.US,D,20201006,000000,25.15,25.159,25.091,25.136,122317,0
BSMR.US,D,20201007,000000,25.031,25.091,25.011,25.091,2511,0
BSMR.US,D,20201008,000000,25.111,25.111,25.066,25.066,1004,0
BSMR.US,D,20201009,000000,25.101,25.111,25.1,25.101,4480,0
BSMR.US,D,20201013,000000,25.091,25.101,25.056,25.066,2871,0
BSMR.US,D,20201014,000000,25.021,25.066,25.021,25.066,332,0
BSMR.US,D,20201015,000000,25.14,25.14,25.081,25.081,3175,0
BSMR.US,D,20201016,000000,25.131,25.131,25.091,25.091,868,0
BSMR.US,D,20201019,000000,25.101,25.101,25.066,25.066,810,0
BSMR.US,D,20201020,000000,25.11,25.11,25.061,25.061,1486,0
BSMR.US,D,20201021,000000,25.046,25.046,25.036,25.036,722,0
BSMR.US,D,20201022,000000,25.101,25.101,25.056,25.056,1917,0
BSMR.US,D,20201023,000000,25.111,25.121,25.111,25.111,1697,0
BSMR.US,D,20201026,000000,25.041,25.131,25.041,25.086,922,0
BSMR.US,D,20201027,000000,25.121,25.14,25.081,25.081,7644,0
BSMR.US,D,20201028,000000,25.14,25.14,25.041,25.086,2266,0
BSMR.US,D,20201030,000000,25.111,25.121,25.071,25.071,450,0
BSMR.US,D,20201102,000000,25.14,25.14,25.096,25.096,1653,0
BSMR.US,D,20201103,000000,25.15,25.15,25.091,25.091,1425,0
BSMR.US,D,20201104,000000,25.328,25.329,25.284,25.284,1087,0
BSMR.US,D,20201105,000000,25.339,25.339,25.264,25.264,4153,0
BSMR.US,D,20201109,000000,25.269,25.279,25.179,25.244,6048,0
BSMR.US,D,20201110,000000,25.244,25.299,25.244,25.244,4223,0
BSMR.US,D,20201111,000000,25.299,25.299,25.259,25.259,100,0
BSMR.US,D,20201112,000000,25.298,25.309,25.264,25.264,4210,0
BSMR.US,D,20201113,000000,25.269,25.339,25.269,25.304,1784,0
BSMR.US,D,20201116,000000,25.359,25.359,25.309,25.309,3304,0
BSMR.US,D,20201117,000000,25.289,25.408,25.289,25.349,4210,0
BSMR.US,D,20201118,000000,25.438,25.448,25.408,25.408,914,0
BSMR.US,D,20201119,000000,25.498,25.518,25.408,25.478,2197,0
BSMR.US,D,20201120,000000,25.568,25.578,25.508,25.533,2862,0
BSMR.US,D,20201123,000000,25.548,25.548,25.498,25.498,1280,0
BSMR.US,D,20201124,000000,25.518,25.528,25.438,25.483,4448,0
BSMR.US,D,20201125,000000,25.488,25.537,25.488,25.493,250,0
BSMR.US,D,20201127,000000,25.558,25.558,25.528,25.528,193,0
BSMR.US,D,20201130,000000,25.548,25.548,25.468,25.513,3029,0
BSMR.US,D,20201201,000000,25.548,25.548,25.508,25.508,679,0
BSMR.US,D,20201202,000000,25.522,25.528,25.522,25.523,865,0
BSMR.US,D,20201203,000000,25.543,25.608,25.498,25.553,8608,0
BSMR.US,D,20201204,000000,25.558,25.578,25.548,25.548,586,0
BSMR.US,D,20201207,000000,25.588,25.618,25.578,25.578,6940,0
BSMR.US,D,20201208,000000,25.578,25.628,25.578,25.593,1384,0
BSMR.US,D,20201209,000000,25.638,25.638,25.593,25.598,1113,0
BSMR.US,D,20201210,000000,25.638,25.638,25.638,25.638,744,0
BSMR.US,D,20201211,000000,25.618,25.658,25.588,25.658,3284,0
BSMR.US,D,20201214,000000,25.708,25.718,25.663,25.668,3237,0
BSMR.US,D,20201215,000000,25.708,25.708,25.618,25.658,3672,0
BSMR.US,D,20201216,000000,25.655,25.818,25.655,25.67,4769,0
BSMR.US,D,20201217,000000,25.708,25.838,25.678,25.678,5467,0
BSMR.US,D,20201218,000000,25.728,25.738,25.688,25.688,855,0
BSMR.US,D,20201221,000000,25.663,25.663,25.663,25.663,241,0
BSMR.US,D,20201222,000000,25.718,25.718,25.618,25.638,7575,0
BSMR.US,D,20201223,000000,25.718,25.727,25.673,25.679,2523,0
BSMR.US,D,20201224,000000,25.728,25.738,25.688,25.688,1769,0
BSMR.US,D,20201228,000000,25.738,25.748,25.688,25.748,3969,0
BSMR.US,D,20201229,000000,25.738,25.738,25.718,25.718,1324,0
BSMR.US,D,20201230,000000,25.748,25.748,25.723,25.723,1153,0
BSMR.US,D,20201231,000000,25.738,25.768,25.728,25.728,2103,0
BSMR.US,D,20210104,000000,25.688,25.768,25.688,25.728,4219,0
BSMR.US,D,20210105,000000,25.767,25.798,25.767,25.798,1205,0
BSMR.US,D,20210106,000000,25.788,25.798,25.728,25.753,194050,0
BSMR.US,D,20210108,000000,25.752,25.778,25.718,25.718,909,0
BSMR.US,D,20210111,000000,25.748,25.748,25.718,25.718,420,0
BSMR.US,D,20210112,000000,25.738,25.738,25.718,25.718,444,0
BSMR.US,D,20210113,000000,25.702,25.748,25.702,25.723,1067,0
BSMR.US,D,20210114,000000,25.748,25.788,25.718,25.718,7435,0
BSMR.US,D,20210115,000000,25.688,25.758,25.688,25.758,392,0
BSMR.US,D,20210119,000000,25.74,25.77,25.74,25.74,1501,0
BSMR.US,D,20210120,000000,25.76,25.8,25.745,25.745,8038,0
BSMR.US,D,20210121,000000,25.75,25.75,25.75,25.75,152,0
BSMR.US,D,20210125,000000,25.82,25.82,25.78,25.78,1505,0
BSMR.US,D,20210126,000000,25.804,25.804,25.8,25.8,363,0
BSMR.US,D,20210127,000000,25.8,25.84,25.8,25.84,153,0
BSMR.US,D,20210202,000000,25.8,25.84,25.8,25.84,4,0
BSMR.US,D,20210203,000000,25.8,25.84,25.8,25.84,4,0
BSMR.US,D,20210204,000000,25.8,25.84,25.8,25.84,4,0
BSMR.US,D,20210205,000000,25.89,25.93,25.89,25.91,5540,0
BSMR.US,D,20210208,000000,25.92,25.93,25.92,25.92,5870,0
BSMR.US,D,20210209,000000,25.93,25.93,25.9,25.925,3157,0
BSMR.US,D,20210210,000000,25.937,25.94,25.937,25.94,314,0
BSMR.US,D,20210211,000000,25.974,25.995,25.974,25.99,10359,0
BSMR.US,D,20210212,000000,25.934,25.976,25.934,25.96,2809,0
BSMR.US,D,20210216,000000,25.945,25.96,25.935,25.935,5642,0
BSMR.US,D,20210217,000000,25.91,25.94,25.91,25.91,4578,0
BSMR.US,D,20210218,000000,25.91,25.91,25.78,25.84,2305,0
BSMR.US,D,20210219,000000,25.82,25.82,25.725,25.725,3987,0
BSMR.US,D,20210222,000000,25.63,25.63,25.63,25.63,885,0
BSMR.US,D,20210223,000000,25.54,25.54,25.437,25.54,11787,0
BSMR.US,D,20210225,000000,25.281,25.331,25.281,25.331,3518,0
BSMR.US,D,20210301,000000,25.381,25.383,25.346,25.346,1954,0
BSMR.US,D,20210302,000000,25.356,25.393,25.356,25.366,1682,0
BSMR.US,D,20210303,000000,25.381,25.391,25.351,25.351,398,0
BSMR.US,D,20210304,000000,25.391,25.391,25.366,25.368,1252,0
BSMR.US,D,20210305,000000,25.42,25.44,25.396,25.396,1796,0
BSMR.US,D,20210308,000000,25.45,25.46,25.361,25.41,5877,0
BSMR.US,D,20210309,000000,25.49,25.49,25.422,25.48,1962,0
BSMR.US,D,20210310,000000,25.49,25.56,25.49,25.53,1222,0
BSMR.US,D,20210311,000000,25.6,25.6,25.53,25.56,3272,0
BSMR.US,D,20210312,000000,25.496,25.549,25.48,25.5,5861,0
BSMR.US,D,20210315,000000,25.49,25.54,25.49,25.54,794,0
BSMR.US,D,20210317,000000,25.53,25.569,25.52,25.55,4440,0
BSMR.US,D,20210318,000000,25.381,25.44,25.361,25.361,2091,0
BSMR.US,D,20210319,000000,25.46,25.49,25.384,25.41,16047,0
BSMR.US,D,20210322,000000,25.45,25.45,25.4,25.4,210,0
BSMR.US,D,20210323,000000,25.47,25.5,25.447,25.455,1432,0
BSMR.US,D,20210324,000000,25.52,25.53,25.48,25.48,1504,0
BSMR.US,D,20210325,000000,25.54,25.55,25.495,25.495,514,0
BSMR.US,D,20210326,000000,25.51,25.53,25.509,25.515,20684,0
BSMR.US,D,20210329,000000,25.495,25.515,25.495,25.51,1750,0
BSMR.US,D,20210330,000000,25.47,25.485,25.47,25.485,500,0
BSMR.US,D,20210401,000000,25.53,25.53,25.53,25.53,1051,0
BSMR.US,D,20210405,000000,25.59,25.59,25.53,25.53,6841,0
BSMR.US,D,20210406,000000,25.58,25.58,25.535,25.54,995,0
BSMR.US,D,20210407,000000,25.557,25.59,25.527,25.555,4150,0
BSMR.US,D,20210408,000000,25.595,25.61,25.595,25.61,236,0
BSMR.US,D,20210409,000000,25.58,25.66,25.58,25.65,4327,0
BSMR.US,D,20210412,000000,25.65,25.66,25.63,25.63,560,0
BSMR.US,D,20210413,000000,25.69,25.72,25.645,25.645,7930,0
BSMR.US,D,20210414,000000,25.7,25.72,25.68,25.68,2368,0
BSMR.US,D,20210415,000000,25.78,25.78,25.78,25.78,533,0
BSMR.US,D,20210416,000000,25.81,25.81,25.78,25.78,842,0
BSMR.US,D,20210419,000000,25.79,25.8,25.75,25.75,777,0
BSMR.US,D,20210420,000000,25.8,25.8,25.8,25.8,258,0
BSMR.US,D,20210422,000000,25.81,25.83,25.76,25.8,1902,0
BSMR.US,D,20210423,000000,25.82,25.85,25.82,25.835,2597,0
BSMR.US,D,20210426,000000,25.83,25.83,25.785,25.785,435,0
BSMR.US,D,20210427,000000,25.83,25.85,25.785,25.785,3706,0
BSMR.US,D,20210428,000000,25.791,25.86,25.765,25.78,14769,0
BSMR.US,D,20210429,000000,25.74,25.74,25.73,25.73,802,0
BSMR.US,D,20210503,000000,25.79,25.8,25.731,25.745,7380,0
BSMR.US,D,20210504,000000,25.78,25.789,25.74,25.74,3029,0
BSMR.US,D,20210505,000000,25.8,25.82,25.79,25.79,2346,0
BSMR.US,D,20210507,000000,25.79,25.82,25.78,25.78,2262,0
BSMR.US,D,20210510,000000,25.83,25.84,25.75,25.79,4742,0
BSMR.US,D,20210512,000000,25.77,25.81,25.73,25.73,7215,0
BSMR.US,D,20210513,000000,25.77,25.77,25.76,25.77,903,0
BSMR.US,D,20210517,000000,25.79,25.79,25.725,25.75,3052,0
BSMR.US,D,20210518,000000,25.78,25.8,25.755,25.755,800,0
BSMR.US,D,20210519,000000,25.76,25.77,25.725,25.725,1508,0
BSMR.US,D,20210520,000000,25.8,25.8,25.76,25.76,766,0
BSMR.US,D,20210521,000000,25.75,25.84,25.75,25.82,1690,0
BSMR.US,D,20210524,000000,25.81,25.82,25.77,25.77,1926,0
BSMR.US,D,20210527,000000,25.859,25.889,25.803,25.803,9757,0
BSMR.US,D,20210528,000000,25.81,25.85,25.8,25.8,6015,0
BSMR.US,D,20210601,000000,25.87,25.87,25.815,25.815,1051,0
BSMR.US,D,20210602,000000,25.88,25.88,25.83,25.83,462,0
BSMR.US,D,20210603,000000,25.835,25.87,25.825,25.825,2887,0
BSMR.US,D,20210604,000000,25.8,25.89,25.8,25.86,1626,0
BSMR.US,D,20210607,000000,25.91,25.91,25.86,25.86,564,0
BSMR.US,D,20210608,000000,25.93,25.95,25.905,25.905,7423,0
BSMR.US,D,20210609,000000,25.981,26,25.965,25.965,1977,0
BSMR.US,D,20210610,000000,26.02,26.03,25.98,25.99,2515,0
BSMR.US,D,20210614,000000,26.02,26.02,26.01,26.01,2022,0
BSMR.US,D,20210615,000000,26.02,26.03,26.001,26.015,6134,0
BSMR.US,D,20210616,000000,25.965,25.965,25.905,25.905,3204,0
BSMR.US,D,20210617,000000,25.88,25.935,25.88,25.935,194,0
BSMR.US,D,20210618,000000,25.92,25.96,25.92,25.94,7466,0
BSMR.US,D,20210621,000000,25.882,25.9,25.882,25.89,2122,0
BSMR.US,D,20210622,000000,25.83,25.87,25.83,25.87,936,0
BSMR.US,D,20210623,000000,25.86,25.87,25.82,25.82,2662,0
BSMR.US,D,20210624,000000,25.845,25.879,25.845,25.855,1260,0
BSMR.US,D,20210625,000000,25.801,25.87,25.801,25.83,5772,0
BSMR.US,D,20210628,000000,25.91,25.91,25.875,25.875,3805,0
BSMR.US,D,20210630,000000,25.93,25.93,25.895,25.895,1313,0
BSMR.US,D,20210701,000000,25.85,25.92,25.841,25.885,17617,0
BSMR.US,D,20210702,000000,25.926,25.949,25.915,25.915,5028,0
BSMR.US,D,20210706,000000,26,26,25.931,25.99,5642,0
BSMR.US,D,20210708,000000,26.08,26.11,26.03,26.03,2603,0
BSMR.US,D,20210709,000000,26,26,25.995,25.995,1277,0
BSMR.US,D,20210712,000000,25.99,26.01,25.951,26.01,770,0
BSMR.US,D,20210713,000000,26.09,26.09,26.03,26.03,2755,0
BSMR.US,D,20210714,000000,26.048,26.048,25.98,26.03,2784,0
BSMR.US,D,20210715,000000,26.01,26.09,26.01,26.05,1859,0
BSMR.US,D,20210719,000000,26.15,26.15,26.07,26.11,3441,0
BSMR.US,D,20210720,000000,26.115,26.115,26.04,26.09,5364,0
BSMR.US,D,20210721,000000,26.02,26.02,26.02,26.02,586,0
BSMR.US,D,20210722,000000,26.04,26.08,26.04,26.08,3400,0
BSMR.US,D,20210723,000000,26.05,26.06,26.05,26.06,146,0
BSMR.US,D,20210726,000000,26.06,26.06,26.031,26.06,395,0
BSMR.US,D,20210728,000000,26.01,26.11,26,26.11,8714,0
BSMR.US,D,20210729,000000,26.1,26.1,26.1,26.1,960,0
BSMR.US,D,20210730,000000,26.06,26.06,26.02,26.02,642,0
BSMR.US,D,20210802,000000,26.07,26.095,26,26.0572,6660,0
BSMR.US,D,20210804,000000,26.06,26.072,26.06,26.072,2237,0
BSMR.US,D,20210806,000000,26.069,26.069,26.0212,26.0212,193,0
BSMR.US,D,20210809,000000,26.07,26.07,26.015,26.025,2129,0
BSMR.US,D,20210810,000000,26.035,26.035,26.01,26.01,553,0
BSMR.US,D,20210811,000000,25.9706,26.05,25.9706,26.015,17104,0
BSMR.US,D,20210812,000000,25.985,26.039,25.985,25.99,5100,0
BSMR.US,D,20210813,000000,25.9745,26,25.9745,26,1046,0
BSMR.US,D,20210817,000000,26.018,26.018,25.985,25.985,388,0
BSMR.US,D,20210818,000000,26.02,26.029,25.98,25.98,436,0
BSMR.US,D,20210819,000000,26.02,26.02,25.985,26.02,13648,0
BSMR.US,D,20210820,000000,25.985,26.03,25.985,25.985,4430,0
BSMR.US,D,20210823,000000,25.9301,25.97,25.9301,25.97,321,0
BSMR.US,D,20210825,000000,25.969,25.97,25.945,25.945,963,0
BSMR.US,D,20210826,000000,25.98,25.98,25.91,25.935,1224,0
BSMR.US,D,20210827,000000,25.931,25.965,25.93,25.965,1025,0
BSMR.US,D,20210830,000000,25.945,25.95,25.89,25.95,6717,0
