<TICKER>,<PER>,<DATE>,<TIME>,<OPEN>,<HIGH>,<LOW>,<CLOSE>,<VOL>,<OPENINT>
BSMT.US,D,20190927,000000,24.368,24.378,24.368,24.368,2047,0
BSMT.US,D,20191009,000000,24.595,24.595,24.595,24.595,2256,0
BSMT.US,D,20191011,000000,24.358,24.358,24.358,24.358,517,0
BSMT.US,D,20191021,000000,24.255,24.255,24.255,24.255,1126,0
BSMT.US,D,20191025,000000,24.213,24.213,24.213,24.213,1038,0
BSMT.US,D,20191028,000000,24.203,24.203,24.203,24.203,505,0
BSMT.US,D,20191031,000000,24.357,24.357,24.357,24.357,112,0
BSMT.US,D,20191101,000000,24.319,24.319,24.311,24.311,1532,0
BSMT.US,D,20191107,000000,24.125,24.135,24.125,24.125,619,0
BSMT.US,D,20191108,000000,24.066,24.066,24.066,24.066,1356,0
BSMT.US,D,20191113,000000,24.105,24.115,24.104,24.104,22482,0
BSMT.US,D,20191119,000000,24.194,24.213,24.184,24.189,23454,0
BSMT.US,D,20191120,000000,24.253,24.276,24.253,24.276,4495,0
BSMT.US,D,20191121,000000,24.248,24.248,24.243,24.248,1125,0
BSMT.US,D,20191125,000000,24.291,24.291,24.276,24.276,302,0
BSMT.US,D,20191202,000000,24.31,24.31,24.272,24.272,353,0
BSMT.US,D,20191203,000000,24.319,24.373,24.319,24.373,15631,0
BSMT.US,D,20191204,000000,24.339,24.339,24.329,24.329,152,0
BSMT.US,D,20191209,000000,24.364,24.364,24.353,24.353,112,0
BSMT.US,D,20191210,000000,24.348,24.358,24.348,24.358,109,0
BSMT.US,D,20191212,000000,24.427,24.427,24.363,24.363,43204,0
BSMT.US,D,20191219,000000,24.378,24.388,24.378,24.388,2142,0
BSMT.US,D,20191220,000000,24.354,24.368,24.353,24.353,1824,0
BSMT.US,D,20191223,000000,24.343,24.343,24.343,24.343,2142,0
BSMT.US,D,20191227,000000,24.388,24.388,24.373,24.373,1323,0
BSMT.US,D,20191230,000000,24.417,24.427,24.407,24.407,2826,0
BSMT.US,D,20200102,000000,24.407,24.417,24.407,24.407,4700,0
BSMT.US,D,20200103,000000,24.476,24.536,24.476,24.536,23454,0
BSMT.US,D,20200106,000000,24.565,24.565,24.561,24.561,430,0
BSMT.US,D,20200109,000000,24.635,24.646,24.626,24.636,2989,0
BSMT.US,D,20200110,000000,24.646,24.646,24.636,24.636,6629,0
BSMT.US,D,20200113,000000,24.636,24.636,24.616,24.616,1840,0
BSMT.US,D,20200114,000000,24.656,24.676,24.656,24.656,6543,0
BSMT.US,D,20200115,000000,24.692,24.723,24.692,24.703,5069,0
BSMT.US,D,20200117,000000,24.752,24.752,24.695,24.695,3872,0
BSMT.US,D,20200127,000000,24.952,24.958,24.952,24.953,1021,0
BSMT.US,D,20200128,000000,24.941,24.941,24.921,24.921,3511,0
BSMT.US,D,20200131,000000,25.047,25.057,25.026,25.052,1122,0
BSMT.US,D,20200203,000000,25.012,25.047,25.007,25.047,10053,0
BSMT.US,D,20200204,000000,24.963,24.967,24.953,24.953,2706,0
BSMT.US,D,20200206,000000,24.931,24.936,24.931,24.936,553,0
BSMT.US,D,20200207,000000,24.977,25.007,24.977,24.987,29144,0
BSMT.US,D,20200212,000000,25.007,25.007,24.997,24.997,426,0
BSMT.US,D,20200218,000000,25.076,25.076,25.067,25.067,555,0
BSMT.US,D,20200219,000000,25.115,25.115,25.095,25.095,290,0
BSMT.US,D,20200220,000000,25.155,25.177,25.155,25.165,4432,0
BSMT.US,D,20200221,000000,25.265,25.29,25.264,25.29,11198,0
BSMT.US,D,20200224,000000,25.482,25.482,25.462,25.462,513,0
BSMT.US,D,20200226,000000,25.541,25.541,25.515,25.515,584,0
BSMT.US,D,20200228,000000,25.56,25.565,25.511,25.54,5387,0
BSMT.US,D,20200302,000000,25.606,25.606,25.531,25.531,201,0
BSMT.US,D,20200304,000000,25.551,25.551,25.531,25.531,1034,0
BSMT.US,D,20200305,000000,25.551,25.551,25.531,25.531,199,0
BSMT.US,D,20200306,000000,25.588,25.616,25.577,25.577,6551,0
BSMT.US,D,20200310,000000,25.472,25.472,25.362,25.362,471,0
BSMT.US,D,20200311,000000,25.085,25.085,24.957,24.957,203,0
BSMT.US,D,20200312,000000,24.172,24.172,23.598,23.598,14798,0
BSMT.US,D,20200313,000000,23.966,24.055,23.966,24.04,35974,0
BSMT.US,D,20200317,000000,23.651,23.711,23.518,23.518,2070,0
BSMT.US,D,20200318,000000,23.17,23.17,23.112,23.112,200,0
BSMT.US,D,20200319,000000,23.089,23.228,22.425,22.425,19907,0
BSMT.US,D,20200323,000000,21.487,21.716,21.467,21.716,2840,0
BSMT.US,D,20200324,000000,22.088,22.101,21.965,22.018,2102,0
BSMT.US,D,20200325,000000,22.548,23.171,22.548,23.171,832,0
BSMT.US,D,20200330,000000,24.691,24.691,24.691,24.691,510,0
BSMT.US,D,20200331,000000,24.443,24.443,24.117,24.279,2028,0
BSMT.US,D,20200402,000000,23.299,23.299,23.299,23.299,587,0
BSMT.US,D,20200403,000000,23.388,23.388,23.269,23.269,216,0
BSMT.US,D,20200408,000000,23.99,23.99,23.875,23.875,1017,0
BSMT.US,D,20200415,000000,24.386,24.521,24.332,24.332,611,0
BSMT.US,D,20200416,000000,24.36,24.551,24.36,24.382,19211,0
BSMT.US,D,20200420,000000,24.471,24.471,24.186,24.289,3544,0
BSMT.US,D,20200421,000000,24.241,24.312,24.067,24.205,2795,0
BSMT.US,D,20200422,000000,24.235,24.245,24.136,24.136,304,0
BSMT.US,D,20200423,000000,24.156,24.156,24.023,24.023,100,0
BSMT.US,D,20200424,000000,23.969,24.019,23.894,23.894,1545,0
BSMT.US,D,20200427,000000,23.979,23.979,23.884,23.884,238,0
BSMT.US,D,20200428,000000,23.969,23.969,23.829,23.829,267,0
BSMT.US,D,20200504,000000,24.077,24.077,23.974,23.974,608,0
BSMT.US,D,20200505,000000,24.116,24.116,23.923,24.033,484,0
BSMT.US,D,20200506,000000,23.962,24.028,23.962,24.028,115,0
BSMT.US,D,20200512,000000,24.303,24.312,24.21,24.215,3239,0
BSMT.US,D,20200513,000000,24.303,24.303,24.279,24.279,2649,0
BSMT.US,D,20200518,000000,24.542,24.542,24.423,24.423,1825,0
BSMT.US,D,20200519,000000,24.562,24.592,24.531,24.547,2649,0
BSMT.US,D,20200520,000000,24.612,24.612,24.577,24.577,237,0
BSMT.US,D,20200521,000000,24.705,24.705,24.657,24.657,101,0
BSMT.US,D,20200526,000000,24.76,24.879,24.76,24.8,1639,0
BSMT.US,D,20200527,000000,24.899,24.909,24.824,24.824,488,0
BSMT.US,D,20200528,000000,24.869,24.869,24.774,24.774,2529,0
BSMT.US,D,20200529,000000,24.938,24.966,24.879,24.879,8236,0
BSMT.US,D,20200601,000000,24.956,24.956,24.897,24.897,1263,0
BSMT.US,D,20200603,000000,24.889,24.919,24.864,24.864,3437,0
BSMT.US,D,20200604,000000,24.947,24.976,24.904,24.904,1273,0
BSMT.US,D,20200605,000000,24.909,24.909,24.818,24.818,333,0
BSMT.US,D,20200610,000000,25.026,25.056,24.97,24.97,5880,0
BSMT.US,D,20200612,000000,24.996,25.046,24.976,25.046,8236,0
BSMT.US,D,20200615,000000,25.144,25.144,25.076,25.076,247,0
BSMT.US,D,20200617,000000,25.1,25.134,25.066,25.066,1122,0
BSMT.US,D,20200618,000000,25.121,25.154,25.071,25.071,4347,0
BSMT.US,D,20200619,000000,25.134,25.137,25.08,25.08,1568,0
BSMT.US,D,20200623,000000,25.193,25.193,25.113,25.113,814,0
BSMT.US,D,20200625,000000,25.113,25.113,25.108,25.108,106,0
BSMT.US,D,20200701,000000,25.193,25.203,25.141,25.141,1680,0
BSMT.US,D,20200702,000000,25.188,25.188,25.158,25.158,177,0
BSMT.US,D,20200706,000000,25.243,25.243,25.163,25.198,2152,0
BSMT.US,D,20200707,000000,25.243,25.273,25.243,25.273,5111,0
BSMT.US,D,20200709,000000,25.31,25.313,25.273,25.273,1836,0
BSMT.US,D,20200713,000000,25.413,25.413,25.413,25.413,2406,0
BSMT.US,D,20200715,000000,25.473,25.473,25.473,25.473,694,0
BSMT.US,D,20200716,000000,25.503,25.581,25.458,25.458,10763,0
BSMT.US,D,20200717,000000,25.501,25.562,25.501,25.533,10739,0
BSMT.US,D,20200720,000000,25.581,25.581,25.533,25.533,194,0
BSMT.US,D,20200723,000000,25.658,25.658,25.585,25.585,510,0
BSMT.US,D,20200724,000000,25.611,25.678,25.598,25.598,620,0
BSMT.US,D,20200728,000000,25.688,25.708,25.688,25.708,600,0
BSMT.US,D,20200730,000000,25.738,25.748,25.683,25.683,397,0
BSMT.US,D,20200731,000000,25.713,25.778,25.713,25.778,975,0
BSMT.US,D,20200803,000000,25.778,25.778,25.66,25.713,558,0
BSMT.US,D,20200804,000000,25.828,25.857,25.828,25.848,2550,0
BSMT.US,D,20200805,000000,25.798,25.868,25.798,25.815,680,0
BSMT.US,D,20200810,000000,25.896,25.977,25.896,25.923,1725,0
BSMT.US,D,20200812,000000,25.915,25.997,25.915,25.918,674,0
BSMT.US,D,20200814,000000,25.977,25.977,25.878,25.878,506,0
BSMT.US,D,20200817,000000,25.918,25.918,25.898,25.898,2424,0
BSMT.US,D,20200818,000000,25.908,25.918,25.838,25.838,6703,0
BSMT.US,D,20200819,000000,25.848,25.848,25.768,25.768,192,0
BSMT.US,D,20200820,000000,25.848,25.848,25.728,25.728,316,0
BSMT.US,D,20200824,000000,25.788,25.788,25.768,25.768,240,0
BSMT.US,D,20200825,000000,25.63,25.735,25.63,25.673,1081,0
BSMT.US,D,20200828,000000,25.598,25.618,25.537,25.608,3437,0
BSMT.US,D,20200831,000000,25.589,25.618,25.544,25.544,4697,0
BSMT.US,D,20200902,000000,25.532,25.532,25.512,25.512,367,0
BSMT.US,D,20200903,000000,25.502,25.512,25.472,25.472,4045,0
BSMT.US,D,20200904,000000,25.502,25.502,25.442,25.442,350,0
BSMT.US,D,20200908,000000,25.482,25.482,25.462,25.462,230,0
BSMT.US,D,20200909,000000,25.482,25.512,25.482,25.512,2759,0
BSMT.US,D,20200910,000000,25.502,25.502,25.479,25.479,707,0
BSMT.US,D,20200914,000000,25.482,25.491,25.447,25.447,336,0
BSMT.US,D,20200915,000000,25.472,25.482,25.432,25.432,6853,0
BSMT.US,D,20200916,000000,25.502,25.512,25.447,25.447,2855,0
BSMT.US,D,20200918,000000,25.512,25.512,25.452,25.452,2144,0
BSMT.US,D,20200923,000000,25.5,25.5,25.5,25.5,804,0
BSMT.US,D,20200925,000000,25.49,25.495,25.49,25.495,2312,0
BSMT.US,D,20200928,000000,25.47,25.489,25.47,25.489,1195,0
BSMT.US,D,20200929,000000,25.485,25.485,25.47,25.485,3928,0
BSMT.US,D,20200930,000000,25.47,25.473,25.43,25.445,2323,0
BSMT.US,D,20201001,000000,25.407,25.425,25.37,25.425,871,0
BSMT.US,D,20201002,000000,25.39,25.39,25.31,25.31,4113,0
BSMT.US,D,20201005,000000,25.39,25.39,25.28,25.355,1378,0
BSMT.US,D,20201006,000000,25.34,25.34,25.308,25.33,764,0
BSMT.US,D,20201007,000000,25.177,25.24,25.177,25.23,1134,0
BSMT.US,D,20201008,000000,25.25,25.26,25.25,25.26,1121,0
BSMT.US,D,20201009,000000,25.26,25.26,25.19,25.19,1208,0
BSMT.US,D,20201012,000000,25.22,25.24,25.22,25.23,1449,0
BSMT.US,D,20201013,000000,25.22,25.25,25.22,25.25,1178,0
BSMT.US,D,20201014,000000,25.27,25.27,25.245,25.245,154,0
BSMT.US,D,20201015,000000,25.31,25.31,25.269,25.29,1637,0
BSMT.US,D,20201016,000000,25.29,25.29,25.26,25.26,1179,0
BSMT.US,D,20201020,000000,25.28,25.28,25.27,25.27,300,0
BSMT.US,D,20201021,000000,25.24,25.24,25.24,25.24,728,0
BSMT.US,D,20201022,000000,25.23,25.23,25.175,25.175,1397,0
BSMT.US,D,20201023,000000,25.24,25.25,25.205,25.205,802,0
BSMT.US,D,20201026,000000,25.26,25.26,25.215,25.215,198,0
BSMT.US,D,20201027,000000,25.245,25.245,25.245,25.245,164,0
BSMT.US,D,20201028,000000,25.25,25.25,25.205,25.205,348,0
BSMT.US,D,20201030,000000,25.203,25.23,25.203,25.23,1003,0
BSMT.US,D,20201102,000000,25.222,25.225,25.222,25.225,250,0
BSMT.US,D,20201104,000000,25.44,25.44,25.44,25.44,403,0
BSMT.US,D,20201105,000000,25.54,25.54,25.515,25.515,498,0
BSMT.US,D,20201106,000000,25.558,25.558,25.525,25.525,149,0
BSMT.US,D,20201109,000000,25.495,25.5,25.49,25.49,1712,0
BSMT.US,D,20201110,000000,25.479,25.499,25.46,25.46,1133,0
BSMT.US,D,20201112,000000,25.54,25.54,25.5,25.5,2409,0
BSMT.US,D,20201113,000000,25.598,25.598,25.553,25.553,440,0
BSMT.US,D,20201116,000000,25.608,25.608,25.51,25.559,6643,0
BSMT.US,D,20201117,000000,25.569,25.668,25.569,25.623,389,0
BSMT.US,D,20201118,000000,25.698,25.698,25.693,25.693,130,0
BSMT.US,D,20201119,000000,25.816,25.838,25.798,25.798,1557,0
BSMT.US,D,20201120,000000,25.888,25.918,25.868,25.868,778,0
BSMT.US,D,20201123,000000,25.848,25.848,25.813,25.813,243,0
BSMT.US,D,20201130,000000,25.838,25.868,25.833,25.833,2309,0
BSMT.US,D,20201202,000000,25.828,25.828,25.792,25.828,2217,0
BSMT.US,D,20201203,000000,25.908,25.908,25.873,25.873,210,0
BSMT.US,D,20201204,000000,25.918,25.918,25.818,25.853,1294,0
BSMT.US,D,20201208,000000,25.918,25.928,25.838,25.893,759,0
BSMT.US,D,20201209,000000,25.948,25.997,25.913,25.913,11155,0
BSMT.US,D,20201210,000000,25.977,25.977,25.943,25.943,492,0
BSMT.US,D,20201211,000000,25.987,25.987,25.953,25.987,6363,0
BSMT.US,D,20201214,000000,25.997,26.006,25.945,25.967,1777,0
BSMT.US,D,20201215,000000,25.997,25.997,25.966,25.997,5592,0
BSMT.US,D,20201216,000000,26.017,26.027,25.959,25.982,1072,0
BSMT.US,D,20201217,000000,26.037,26.037,25.992,25.992,1603,0
BSMT.US,D,20201218,000000,25.997,26.017,25.997,26.017,682,0
BSMT.US,D,20201221,000000,26.007,26.017,25.987,25.997,14169,0
BSMT.US,D,20201222,000000,25.997,26.007,25.962,25.97,2626,0
BSMT.US,D,20201223,000000,25.997,26.007,25.962,25.962,3847,0
BSMT.US,D,20201224,000000,26.027,26.027,25.987,25.987,4278,0
BSMT.US,D,20201228,000000,26.019,26.047,26.019,26.037,7931,0
BSMT.US,D,20201229,000000,26.037,26.047,25.997,25.997,4723,0
BSMT.US,D,20201230,000000,26.057,26.057,26.057,26.057,361,0
BSMT.US,D,20201231,000000,26.067,26.097,26.032,26.032,2419,0
BSMT.US,D,20210104,000000,26.077,26.077,25.987,26.032,2237,0
BSMT.US,D,20210105,000000,26.084,26.087,26.057,26.057,898,0
BSMT.US,D,20210106,000000,26.087,26.097,26.087,26.097,3253,0
BSMT.US,D,20210107,000000,26.017,26.017,26.017,26.017,156,0
BSMT.US,D,20210108,000000,26.067,26.067,25.962,25.962,513,0
BSMT.US,D,20210111,000000,25.918,26.047,25.918,26.007,10385,0
BSMT.US,D,20210112,000000,26.017,26.027,25.958,26.007,1942,0
BSMT.US,D,20210113,000000,26.007,26.067,25.972,25.987,79938,0
BSMT.US,D,20210114,000000,25.998,26.006,25.958,25.958,2356,0
BSMT.US,D,20210115,000000,25.987,25.987,25.987,25.987,372,0
BSMT.US,D,20210119,000000,26.04,26.04,25.941,26.005,2276,0
BSMT.US,D,20210120,000000,26.03,26.06,26.005,26.005,13196,0
BSMT.US,D,20210121,000000,26.06,26.08,26.02,26.03,14428,0
BSMT.US,D,20210126,000000,26.02,26.11,26.02,26.11,216,0
BSMT.US,D,20210127,000000,26.15,26.177,26.15,26.15,1281,0
BSMT.US,D,20210128,000000,26.16,26.24,26.16,26.195,1253,0
BSMT.US,D,20210129,000000,26.157,26.185,26.157,26.185,820,0
BSMT.US,D,20210201,000000,26.221,26.221,26.2,26.2,6971,0
BSMT.US,D,20210203,000000,26.26,26.26,26.172,26.205,3049,0
BSMT.US,D,20210205,000000,26.18,26.27,26.18,26.21,7264,0
BSMT.US,D,20210208,000000,26.17,26.28,26.17,26.235,1614,0
BSMT.US,D,20210209,000000,26.241,26.27,26.23,26.245,2055,0
BSMT.US,D,20210210,000000,26.28,26.304,26.245,26.285,2053,0
BSMT.US,D,20210211,000000,26.29,26.359,26.29,26.31,2308,0
BSMT.US,D,20210212,000000,26.36,26.36,26.27,26.31,3223,0
BSMT.US,D,20210216,000000,26.3,26.31,26.28,26.28,5571,0
BSMT.US,D,20210217,000000,26.18,26.25,26.18,26.215,1978,0
BSMT.US,D,20210218,000000,26.111,26.16,26.105,26.105,1640,0
BSMT.US,D,20210219,000000,26,26.1,26,26.03,5660,0
BSMT.US,D,20210222,000000,25.931,25.931,25.781,25.781,1873,0
BSMT.US,D,20210223,000000,25.711,25.741,25.701,25.741,9479,0
BSMT.US,D,20210224,000000,25.576,25.601,25.557,25.557,534,0
BSMT.US,D,20210225,000000,25.438,25.467,25.438,25.467,2728,0
BSMT.US,D,20210226,000000,25.382,25.382,25.382,25.382,312,0
BSMT.US,D,20210301,000000,25.502,25.532,25.487,25.487,1500,0
BSMT.US,D,20210302,000000,25.476,25.571,25.476,25.507,6309,0
BSMT.US,D,20210303,000000,25.542,25.542,25.492,25.492,1482,0
BSMT.US,D,20210304,000000,25.522,25.522,25.482,25.482,405,0
BSMT.US,D,20210305,000000,25.552,25.641,25.536,25.641,11982,0
BSMT.US,D,20210308,000000,25.591,25.601,25.502,25.547,4053,0
BSMT.US,D,20210309,000000,25.568,25.621,25.568,25.621,532,0
BSMT.US,D,20210310,000000,25.751,25.761,25.709,25.716,1459,0
BSMT.US,D,20210317,000000,25.671,25.721,25.671,25.706,2051,0
BSMT.US,D,20210319,000000,25.547,25.547,25.547,25.547,250,0
BSMT.US,D,20210322,000000,25.579,25.579,25.561,25.561,1290,0
BSMT.US,D,20210323,000000,25.553,25.586,25.553,25.586,857,0
BSMT.US,D,20210324,000000,25.59,25.651,25.59,25.606,874,0
BSMT.US,D,20210325,000000,25.581,25.661,25.581,25.616,1805,0
BSMT.US,D,20210326,000000,25.641,25.641,25.596,25.616,4642,0
BSMT.US,D,20210329,000000,25.572,25.661,25.572,25.611,539,0
BSMT.US,D,20210330,000000,25.671,25.671,25.594,25.621,4166,0
BSMT.US,D,20210331,000000,25.671,25.671,25.621,25.621,808,0
BSMT.US,D,20210401,000000,25.686,25.721,25.686,25.686,651,0
BSMT.US,D,20210405,000000,25.641,25.75,25.641,25.721,8535,0
BSMT.US,D,20210407,000000,25.741,25.751,25.681,25.721,2565,0
BSMT.US,D,20210408,000000,25.791,25.831,25.786,25.796,2716,0
BSMT.US,D,20210409,000000,25.841,25.851,25.811,25.811,2588,0
BSMT.US,D,20210412,000000,25.816,25.861,25.816,25.831,2320,0
BSMT.US,D,20210413,000000,25.87,25.87,25.771,25.851,7061,0
BSMT.US,D,20210414,000000,25.881,25.931,25.881,25.886,1230,0
BSMT.US,D,20210415,000000,26.04,26.06,25.982,26,821,0
BSMT.US,D,20210416,000000,26,26,25.99,25.99,106,0
BSMT.US,D,20210421,000000,26.04,26.04,26,26,303,0
BSMT.US,D,20210423,000000,26.08,26.168,26.006,26.05,10676,0
BSMT.US,D,20210426,000000,26.1,26.1,26.04,26.07,4815,0
BSMT.US,D,20210427,000000,26.07,26.11,26.015,26.015,4114,0
BSMT.US,D,20210428,000000,26.059,26.13,25.989,26.02,14237,0
BSMT.US,D,20210429,000000,26.01,26.01,26.01,26.01,202,0
BSMT.US,D,20210430,000000,25.941,25.99,25.941,25.941,1626,0
BSMT.US,D,20210503,000000,25.99,26,25.911,25.931,6565,0
BSMT.US,D,20210504,000000,25.964,26.01,25.946,25.946,5726,0
BSMT.US,D,20210505,000000,26,26,25.98,25.98,691,0
BSMT.US,D,20210507,000000,26.056,26.08,26.02,26.02,938,0
BSMT.US,D,20210510,000000,25.99,26.06,25.98,26.013,1942,0
BSMT.US,D,20210511,000000,25.98,26.02,25.97,26,3698,0
BSMT.US,D,20210512,000000,25.97,25.99,25.97,25.98,2301,0
BSMT.US,D,20210513,000000,25.975,26.01,25.975,25.985,5939,0
BSMT.US,D,20210514,000000,26,26.02,26,26.005,2142,0
BSMT.US,D,20210517,000000,26.02,26.02,25.97,25.99,2561,0
BSMT.US,D,20210518,000000,25.99,26.01,25.96,25.97,1838,0
BSMT.US,D,20210519,000000,26,26.01,25.936,25.936,10082,0
BSMT.US,D,20210520,000000,25.97,25.98,25.97,25.98,346,0
BSMT.US,D,20210521,000000,26.02,26.02,25.99,25.99,504,0
BSMT.US,D,20210525,000000,26.03,26.06,26.01,26.01,6100,0
BSMT.US,D,20210526,000000,26.041,26.041,26.04,26.04,594,0
BSMT.US,D,20210527,000000,26.07,26.12,26.035,26.035,10524,0
BSMT.US,D,20210528,000000,26.05,26.08,26.03,26.03,4968,0
BSMT.US,D,20210601,000000,26.09,26.1,26.05,26.05,1820,0
BSMT.US,D,20210602,000000,26.113,26.22,26.03,26.03,11182,0
BSMT.US,D,20210603,000000,26.12,26.12,26.06,26.07,3345,0
BSMT.US,D,20210604,000000,26.06,26.17,26.06,26.13,3165,0
BSMT.US,D,20210607,000000,26.16,26.16,26.12,26.12,1401,0
BSMT.US,D,20210608,000000,26.14,26.21,26.14,26.18,2852,0
BSMT.US,D,20210609,000000,26.22,26.317,26.22,26.28,9253,0
BSMT.US,D,20210610,000000,26.319,26.319,26.287,26.287,2846,0
BSMT.US,D,20210614,000000,26.274,26.32,26.274,26.285,2621,0
BSMT.US,D,20210616,000000,26.31,26.31,26.17,26.21,11549,0
BSMT.US,D,20210617,000000,26.29,26.29,26.24,26.24,309,0
BSMT.US,D,20210618,000000,26.26,26.26,26.18,26.26,9081,0
BSMT.US,D,20210621,000000,26.22,26.229,26.13,26.18,1568,0
BSMT.US,D,20210622,000000,26.2,26.22,26.17,26.17,724,0
BSMT.US,D,20210623,000000,26.13,26.14,26.09,26.09,901,0
BSMT.US,D,20210625,000000,26.12,26.12,26.07,26.07,762,0
BSMT.US,D,20210628,000000,26.138,26.17,26.138,26.17,878,0
BSMT.US,D,20210630,000000,26.21,26.21,26.189,26.189,1356,0
BSMT.US,D,20210701,000000,26.18,26.21,26.134,26.15,26577,0
BSMT.US,D,20210702,000000,26.17,26.26,26.168,26.2,13149,0
BSMT.US,D,20210706,000000,26.244,26.3,26.226,26.27,7560,0
BSMT.US,D,20210707,000000,26.32,26.32,26.295,26.295,2506,0
BSMT.US,D,20210708,000000,26.33,26.44,26.3,26.3,13411,0
BSMT.US,D,20210709,000000,26.38,26.38,26.335,26.335,7097,0
BSMT.US,D,20210712,000000,26.379,26.39,26.291,26.35,1133,0
BSMT.US,D,20210713,000000,26.414,26.414,26.34,26.34,398,0
BSMT.US,D,20210714,000000,26.33,26.38,26.33,26.38,1984,0
BSMT.US,D,20210715,000000,26.361,26.4,26.361,26.4,288,0
BSMT.US,D,20210716,000000,26.39,26.4,26.39,26.4,227,0
BSMT.US,D,20210719,000000,26.539,26.54,26.49,26.49,431,0
BSMT.US,D,20210720,000000,26.441,26.475,26.42,26.44,3417,0
BSMT.US,D,20210721,000000,26.489,26.489,26.41,26.41,412,0
BSMT.US,D,20210722,000000,26.411,26.44,26.41,26.44,2200,0
BSMT.US,D,20210723,000000,26.43,26.43,26.43,26.43,107,0
BSMT.US,D,20210726,000000,26.4562,26.4562,26.41,26.41,260,0
BSMT.US,D,20210727,000000,26.46,26.46,26.3861,26.42,1211,0
BSMT.US,D,20210728,000000,26.35,26.42,26.35,26.42,1098,0
BSMT.US,D,20210730,000000,26.4353,26.4353,26.35,26.39,1087,0
BSMT.US,D,20210802,000000,26.45,26.45,26.4,26.4,1221,0
BSMT.US,D,20210804,000000,26.3799,26.415,26.3666,26.415,3247,0
BSMT.US,D,20210805,000000,26.4199,26.4199,26.39,26.39,311,0
BSMT.US,D,20210810,000000,26.37,26.38,26.27,26.355,5046,0
BSMT.US,D,20210811,000000,26.339,26.36,26.295,26.295,16632,0
BSMT.US,D,20210812,000000,26.2853,26.2853,26.255,26.255,278,0
BSMT.US,D,20210813,000000,26.319,26.319,26.29,26.295,1188,0
BSMT.US,D,20210816,000000,26.3194,26.3194,26.285,26.285,293,0
BSMT.US,D,20210817,000000,26.31,26.33,26.285,26.305,5468,0
BSMT.US,D,20210818,000000,26.31,26.31,26.265,26.265,1160,0
BSMT.US,D,20210819,000000,26.241,26.3121,26.241,26.275,552,0
BSMT.US,D,20210820,000000,26.241,26.319,26.24,26.26,5826,0
BSMT.US,D,20210823,000000,26.22,26.276,26.22,26.26,1306,0
BSMT.US,D,20210825,000000,26.28,26.28,26.245,26.245,1264,0
BSMT.US,D,20210826,000000,26.27,26.27,26.17,26.215,991,0
BSMT.US,D,20210827,000000,26.231,26.29,26.231,26.26,1288,0
BSMT.US,D,20210830,000000,26.2785,26.2785,26.21,26.2101,6589,0
BSMT.US,D,20210831,000000,26.2694,26.2694,26.24,26.24,607,0
BSMT.US,D,20210901,000000,26.2597,26.26,26.2597,26.26,1320,0
