<TICKER>,<PER>,<DATE>,<TIME>,<OPEN>,<HIGH>,<LOW>,<CLOSE>,<VOL>,<OPENINT>
BTEC.US,D,20160823,000000,25.519,25.549,25.519,25.549,1495,0
BTEC.US,D,20160824,000000,25.371,25.371,25.371,25.371,100,0
BTEC.US,D,20160830,000000,24.743,24.743,24.545,24.545,399,0
BTEC.US,D,20160907,000000,25.221,25.271,25.221,25.271,201,0
BTEC.US,D,20160909,000000,25.192,25.192,25.192,25.192,100,0
BTEC.US,D,20160913,000000,24.839,24.839,24.839,24.839,216,0
BTEC.US,D,20160914,000000,25.351,25.351,25.343,25.343,201,0
BTEC.US,D,20160919,000000,26.325,26.325,26.315,26.315,3518,0
BTEC.US,D,20160921,000000,26.275,26.275,26.275,26.275,100,0
BTEC.US,D,20160927,000000,26.867,27.002,26.867,27.002,543,0
BTEC.US,D,20160929,000000,26.365,26.365,26.365,26.365,201,0
BTEC.US,D,20160930,000000,25.868,26.166,25.868,26.166,311,0
BTEC.US,D,20161003,000000,26.744,26.744,25.848,25.848,412,0
BTEC.US,D,20161004,000000,25.918,25.918,25.918,25.918,583,0
BTEC.US,D,20161005,000000,26.186,26.245,26.157,26.245,311,0
BTEC.US,D,20161006,000000,25.948,25.948,25.948,25.948,100,0
BTEC.US,D,20161007,000000,25.112,25.112,25.112,25.112,100,0
BTEC.US,D,20161010,000000,25.45,25.45,25.45,25.45,309,0
BTEC.US,D,20161011,000000,25.469,25.469,24.873,24.873,301,0
BTEC.US,D,20161013,000000,24.185,24.185,24.185,24.185,372,0
BTEC.US,D,20161014,000000,24.027,24.027,24.027,24.027,201,0
BTEC.US,D,20161017,000000,23.38,23.38,23.38,23.38,201,0
BTEC.US,D,20161026,000000,23.35,23.35,23.35,23.35,106,0
BTEC.US,D,20161028,000000,22.465,22.465,22.465,22.465,429,0
BTEC.US,D,20161031,000000,22.386,22.386,22.386,22.386,222,0
BTEC.US,D,20161102,000000,22.973,22.973,22.226,22.226,2930,0
BTEC.US,D,20161103,000000,21.769,21.769,21.52,21.52,374,0
BTEC.US,D,20161108,000000,22.505,22.505,22.505,22.505,201,0
BTEC.US,D,20161109,000000,23.878,24.515,23.878,24.515,897,0
BTEC.US,D,20161110,000000,25.558,25.558,25.102,25.285,903,0
BTEC.US,D,20161116,000000,26.117,26.117,26.117,26.117,100,0
BTEC.US,D,20161117,000000,25.854,25.87,25.808,25.848,734,0
BTEC.US,D,20161118,000000,25.475,25.599,25.475,25.599,817,0
BTEC.US,D,20161121,000000,25.49,25.49,25.49,25.49,109,0
BTEC.US,D,20161128,000000,25.112,25.112,25.112,25.112,654,0
BTEC.US,D,20161129,000000,24.863,24.897,24.863,24.897,355,0
BTEC.US,D,20161130,000000,24.575,24.575,24.385,24.385,349,0
BTEC.US,D,20161202,000000,23.977,23.977,23.977,23.977,133,0
BTEC.US,D,20161207,000000,24.008,24.008,24.008,24.008,451,0
BTEC.US,D,20161215,000000,23.837,23.837,23.837,23.837,624,0
BTEC.US,D,20161221,000000,23.948,23.948,23.948,23.948,603,0
BTEC.US,D,20161222,000000,23.082,23.082,23.082,23.082,100,0
BTEC.US,D,20161229,000000,24.186,24.186,24.186,24.186,161,0
BTEC.US,D,20161230,000000,22.993,22.993,22.883,22.883,301,0
BTEC.US,D,20170103,000000,22.873,23.032,22.873,23.003,1549,0
BTEC.US,D,20170104,000000,23.948,23.948,23.948,23.948,1005,0
BTEC.US,D,20170105,000000,23.908,23.908,23.908,23.908,100,0
BTEC.US,D,20170109,000000,24.625,24.873,24.625,24.873,1512,0
BTEC.US,D,20170110,000000,24.873,24.873,24.873,24.873,341,0
BTEC.US,D,20170111,000000,25.022,25.022,24.176,24.216,3005,0
BTEC.US,D,20170112,000000,24.146,24.146,24.146,24.146,100,0
BTEC.US,D,20170113,000000,25.132,25.171,25.132,25.171,805,0
BTEC.US,D,20170118,000000,24.276,24.276,24.276,24.276,437,0
BTEC.US,D,20170119,000000,24.251,24.251,24.251,24.251,312,0
BTEC.US,D,20170120,000000,24.047,24.047,24.037,24.037,1019,0
BTEC.US,D,20170124,000000,23.749,23.789,23.749,23.789,462,0
BTEC.US,D,20170203,000000,25.062,25.062,25.062,25.062,100,0
BTEC.US,D,20170206,000000,25.122,25.122,25.122,25.122,100,0
BTEC.US,D,20170208,000000,24.743,25.112,24.694,25.112,704,0
BTEC.US,D,20170209,000000,25.639,25.639,25.639,25.639,301,0
BTEC.US,D,20170210,000000,25.579,25.579,25.579,25.579,100,0
BTEC.US,D,20170213,000000,25.499,25.699,25.499,25.579,955,0
BTEC.US,D,20170215,000000,26.077,26.443,26.077,26.443,215,0
BTEC.US,D,20170217,000000,26.345,26.425,26.345,26.425,201,0
BTEC.US,D,20170221,000000,26.415,26.415,26.415,26.415,133,0
BTEC.US,D,20170222,000000,26.126,26.127,26.126,26.127,985,0
BTEC.US,D,20170224,000000,25.45,25.798,25.45,25.798,392,0
BTEC.US,D,20170228,000000,27.161,27.161,26.564,26.564,201,0
BTEC.US,D,20170301,000000,27.081,27.131,27.081,27.131,834,0
BTEC.US,D,20170302,000000,27.47,27.47,27.47,27.47,273,0
BTEC.US,D,20170303,000000,27.071,27.071,27.042,27.042,1022,0
BTEC.US,D,20170306,000000,27.688,27.688,26.684,26.684,302,0
BTEC.US,D,20170307,000000,26.584,26.584,26.584,26.584,982,0
BTEC.US,D,20170308,000000,26.922,26.922,26.883,26.883,603,0
BTEC.US,D,20170309,000000,26.863,26.863,26.754,26.754,323,0
BTEC.US,D,20170310,000000,26.783,26.803,26.783,26.783,814,0
BTEC.US,D,20170313,000000,26.783,26.783,26.783,26.783,151,0
BTEC.US,D,20170314,000000,26.714,26.714,26.544,26.544,421,0
BTEC.US,D,20170315,000000,27.171,27.171,27.161,27.161,413,0
BTEC.US,D,20170316,000000,26.833,26.932,26.833,26.932,1274,0
BTEC.US,D,20170317,000000,26.922,26.922,26.803,26.803,201,0
BTEC.US,D,20170320,000000,26.803,26.803,26.803,26.803,557,0
BTEC.US,D,20170321,000000,26.073,26.073,26.073,26.073,543,0
BTEC.US,D,20170322,000000,25.938,25.938,25.938,25.938,196,0
BTEC.US,D,20170324,000000,26.297,26.297,26.297,26.297,162,0
BTEC.US,D,20170328,000000,26.554,26.554,26.55,26.554,3618,0
BTEC.US,D,20170405,000000,26.521,26.521,26.521,26.521,282,0
BTEC.US,D,20170406,000000,25.743,25.743,25.743,25.743,201,0
BTEC.US,D,20170411,000000,25.669,25.669,25.669,25.669,156,0
BTEC.US,D,20170413,000000,26.255,26.255,26.255,26.255,205,0
BTEC.US,D,20170419,000000,26.295,26.295,26.295,26.295,336,0
BTEC.US,D,20170427,000000,27.211,27.211,27.022,27.022,1891,0
BTEC.US,D,20170502,000000,27.211,27.211,27.211,27.211,888,0
BTEC.US,D,20170503,000000,26.823,26.823,26.823,26.823,1005,0
BTEC.US,D,20170504,000000,26.654,26.654,26.654,26.654,201,0
BTEC.US,D,20170509,000000,27.281,27.281,26.072,26.072,1890,0
BTEC.US,D,20170510,000000,26.396,26.396,26.396,26.396,103,0
BTEC.US,D,20170511,000000,26.157,26.405,26.157,26.405,304,0
BTEC.US,D,20170526,000000,26.265,26.265,26.117,26.117,402,0
BTEC.US,D,20170531,000000,25.261,25.261,25.261,25.261,100,0
BTEC.US,D,20170609,000000,26.892,27.234,26.764,26.764,503,0
BTEC.US,D,20170612,000000,26.584,26.584,26.584,26.584,100,0
BTEC.US,D,20170621,000000,28.654,28.654,28.654,28.654,100,0
BTEC.US,D,20170627,000000,29.021,29.021,29.021,29.021,100,0
BTEC.US,D,20170628,000000,28.797,28.797,28.797,28.797,197,0
BTEC.US,D,20170629,000000,28.982,28.982,28.514,28.514,377,0
BTEC.US,D,20170707,000000,28.743,28.743,28.708,28.708,201,0
BTEC.US,D,20170710,000000,28.353,28.353,28.353,28.353,100,0
BTEC.US,D,20170712,000000,28.833,28.833,28.833,28.833,375,0
BTEC.US,D,20170713,000000,28.454,28.454,28.454,28.454,201,0
BTEC.US,D,20170717,000000,28.444,28.832,28.444,28.832,324,0
BTEC.US,D,20170718,000000,28.733,28.744,28.624,28.744,1056,0
BTEC.US,D,20170719,000000,29.423,29.423,29.19,29.208,1222,0
BTEC.US,D,20170721,000000,29.599,29.599,29.599,29.599,171,0
BTEC.US,D,20170725,000000,29.45,29.679,29.45,29.649,503,0
BTEC.US,D,20170726,000000,29.549,29.559,29.549,29.559,324,0
BTEC.US,D,20170727,000000,29.39,29.397,29.37,29.37,316,0
BTEC.US,D,20170728,000000,29.002,29.076,29.002,29.076,301,0
BTEC.US,D,20170731,000000,28.783,28.783,28.783,28.783,100,0
BTEC.US,D,20170801,000000,28.077,28.077,28.077,28.077,234,0
BTEC.US,D,20170802,000000,28.037,28.067,28.037,28.067,2382,0
BTEC.US,D,20170803,000000,28.037,28.051,28.037,28.049,1270,0
BTEC.US,D,20170808,000000,28.614,28.614,28.394,28.394,402,0
BTEC.US,D,20170811,000000,26.88,26.88,26.88,26.88,297,0
BTEC.US,D,20170816,000000,27.829,27.829,27.829,27.829,100,0
BTEC.US,D,20170818,000000,27.131,27.38,27.131,27.231,1418,0
BTEC.US,D,20170822,000000,27.637,27.637,27.637,27.637,101,0
BTEC.US,D,20170825,000000,28.154,28.154,28.152,28.152,353,0
BTEC.US,D,20170828,000000,28.783,28.783,28.783,28.783,106,0
BTEC.US,D,20170829,000000,29.039,29.051,29.039,29.051,345,0
BTEC.US,D,20170830,000000,29.299,29.299,29.299,29.299,251,0
BTEC.US,D,20170831,000000,30.094,30.094,30.066,30.066,274,0
BTEC.US,D,20170905,000000,30.066,30.066,30.066,30.066,1508,0
BTEC.US,D,20170906,000000,30.305,30.305,30.305,30.305,657,0
BTEC.US,D,20170907,000000,30.106,30.106,30.071,30.085,358,0
BTEC.US,D,20170908,000000,30.066,30.066,29.927,29.927,465,0
BTEC.US,D,20170911,000000,30.016,30.086,30.016,30.086,202,0
BTEC.US,D,20170912,000000,29.917,29.977,29.917,29.977,202,0
BTEC.US,D,20170913,000000,30.026,30.026,30.026,30.026,117,0
BTEC.US,D,20170914,000000,29.957,29.957,29.659,29.699,1290,0
BTEC.US,D,20170915,000000,29.987,30.106,29.987,30.106,326,0
BTEC.US,D,20170918,000000,30.007,30.007,30.007,30.007,151,0
BTEC.US,D,20170919,000000,29.827,29.827,29.827,29.827,110,0
BTEC.US,D,20170920,000000,30.405,30.544,30.305,30.305,7036,0
BTEC.US,D,20170922,000000,30.036,30.221,30.036,30.221,2014,0
BTEC.US,D,20170925,000000,30.176,30.176,30.176,30.176,100,0
BTEC.US,D,20170926,000000,29.917,29.917,29.847,29.847,201,0
BTEC.US,D,20170927,000000,30.204,30.305,30.204,30.305,331,0
BTEC.US,D,20170929,000000,30.345,30.445,30.334,30.445,1880,0
BTEC.US,D,20171002,000000,30.942,30.948,30.826,30.948,3870,0
BTEC.US,D,20171003,000000,31.25,31.25,30.739,30.815,1067,0
BTEC.US,D,20171004,000000,31.26,31.26,31.098,31.118,508,0
BTEC.US,D,20171005,000000,31.091,31.25,31.091,31.195,1949,0
BTEC.US,D,20171006,000000,31.181,31.2,31.181,31.2,1230,0
BTEC.US,D,20171009,000000,31.678,31.678,30.912,30.912,1910,0
BTEC.US,D,20171010,000000,31.28,31.28,30.623,30.773,3762,0
BTEC.US,D,20171012,000000,30.743,30.743,30.637,30.643,1561,0
BTEC.US,D,20171013,000000,31.111,31.111,30.599,30.599,1096,0
BTEC.US,D,20171016,000000,31.19,31.19,30.662,30.703,7147,0
BTEC.US,D,20171017,000000,30.808,30.813,30.753,30.753,331,0
BTEC.US,D,20171018,000000,31.171,31.171,30.563,30.563,5665,0
BTEC.US,D,20171019,000000,30.345,30.345,30.176,30.256,1587,0
BTEC.US,D,20171020,000000,30.345,30.345,30.345,30.345,502,0
BTEC.US,D,20171023,000000,30.992,30.992,30.216,30.216,5684,0
BTEC.US,D,20171024,000000,29.847,29.942,29.847,29.897,697,0
BTEC.US,D,20171025,000000,29.539,29.549,29.38,29.549,2474,0
BTEC.US,D,20171026,000000,29.479,29.479,29.232,29.232,956,0
BTEC.US,D,20171027,000000,29.416,29.42,29.416,29.42,403,0
BTEC.US,D,20171030,000000,30.206,30.206,30.206,30.206,346,0
BTEC.US,D,20171031,000000,29.967,29.997,29.777,29.872,2282,0
BTEC.US,D,20171101,000000,29.748,29.748,29.748,29.748,201,0
BTEC.US,D,20171102,000000,29.927,29.927,29.669,29.797,1211160,0
BTEC.US,D,20171106,000000,30.266,30.305,30.266,30.305,903,0
BTEC.US,D,20171107,000000,31.678,31.678,29.797,29.797,643,0
BTEC.US,D,20171108,000000,31.21,31.21,29.558,29.579,1795,0
BTEC.US,D,20171110,000000,29.599,29.639,29.589,29.629,1705,0
BTEC.US,D,20171113,000000,29.34,29.699,29.34,29.639,852,0
BTEC.US,D,20171114,000000,29.121,29.171,28.743,28.743,2809,0
BTEC.US,D,20171115,000000,28.723,29.319,28.723,29.319,943,0
BTEC.US,D,20171116,000000,29.45,29.739,29.45,29.738,1156,0
BTEC.US,D,20171117,000000,29.745,29.745,29.745,29.745,348,0
BTEC.US,D,20171120,000000,29.656,29.747,29.656,29.74,1077,0
BTEC.US,D,20171121,000000,29.914,29.914,29.914,29.914,614,0
BTEC.US,D,20171124,000000,30.583,30.583,30.301,30.301,941,0
BTEC.US,D,20171128,000000,29.887,29.887,29.794,29.794,394,0
BTEC.US,D,20171130,000000,30.096,30.096,30.096,30.096,127,0
BTEC.US,D,20171204,000000,30.763,30.763,30.743,30.743,392,0
BTEC.US,D,20171205,000000,30.375,30.375,30.375,30.375,50356,0
BTEC.US,D,20171207,000000,29.847,29.847,29.847,29.847,138,0
BTEC.US,D,20171208,000000,30.753,30.765,30.753,30.765,384,0
BTEC.US,D,20171211,000000,31.638,31.638,30.546,30.546,1282,0
BTEC.US,D,20171214,000000,30.497,30.497,29.827,29.827,980,0
BTEC.US,D,20171215,000000,29.959,30.098,29.959,30.098,429,0
BTEC.US,D,20171218,000000,30.337,30.337,30.294,30.294,2345,0
BTEC.US,D,20171220,000000,30.317,30.357,30.287,30.357,1031,0
BTEC.US,D,20171221,000000,30.666,30.875,30.666,30.875,63118,0
BTEC.US,D,20171226,000000,31.136,31.194,31.136,31.189,1681,0
BTEC.US,D,20171227,000000,31.478,31.478,31.408,31.408,252,0
BTEC.US,D,20171228,000000,31.573,31.573,31.573,31.573,105,0
BTEC.US,D,20171229,000000,32.151,32.151,31.334,31.334,1100,0
BTEC.US,D,20180102,000000,31.317,31.605,31.317,31.605,856,0
BTEC.US,D,20180103,000000,32.076,32.24,32.076,32.24,878,0
BTEC.US,D,20180104,000000,32.131,32.131,31.835,31.835,685,0
BTEC.US,D,20180105,000000,31.842,31.862,31.66,31.66,894,0
BTEC.US,D,20180108,000000,31.399,31.399,31.055,31.212,1767,0
BTEC.US,D,20180109,000000,31.544,31.882,31.544,31.882,317,0
BTEC.US,D,20180110,000000,31.921,31.921,31.732,31.792,2397,0
BTEC.US,D,20180111,000000,32.449,32.449,32.422,32.422,257,0
BTEC.US,D,20180112,000000,32.41,32.619,32.41,32.584,899,0
BTEC.US,D,20180116,000000,32.748,32.748,31.593,31.667,3787,0
BTEC.US,D,20180117,000000,31.761,31.942,31.761,31.942,1640,0
BTEC.US,D,20180118,000000,32.23,32.23,31.796,32.001,3387,0
BTEC.US,D,20180119,000000,32.001,32.001,32.001,32.001,211,0
BTEC.US,D,20180122,000000,32.993,33.615,32.993,33.585,13226,0
BTEC.US,D,20180123,000000,34.023,34.309,33.974,34.309,654,0
BTEC.US,D,20180124,000000,33.775,34.024,33.675,34.014,2480,0
BTEC.US,D,20180126,000000,34.472,34.472,34.208,34.208,718,0
BTEC.US,D,20180129,000000,34.542,34.771,34.542,34.552,1373,0
BTEC.US,D,20180130,000000,33.874,34.193,33.874,34.044,803,0
BTEC.US,D,20180131,000000,33.525,33.526,33.52,33.526,2138,0
BTEC.US,D,20180201,000000,33.525,33.73,33.525,33.675,317,0
BTEC.US,D,20180202,000000,33.725,33.725,33.319,33.319,2567,0
BTEC.US,D,20180205,000000,33.027,33.057,32.459,32.459,814,0
BTEC.US,D,20180206,000000,31.084,32.408,31.084,32.408,1409,0
BTEC.US,D,20180207,000000,32.708,32.708,32.708,32.708,953,0
BTEC.US,D,20180208,000000,31.218,31.218,31.218,31.218,797,0
BTEC.US,D,20180209,000000,30.367,30.367,29.761,30.333,706,0
BTEC.US,D,20180213,000000,31.662,31.911,31.662,31.862,613,0
BTEC.US,D,20180214,000000,32.454,32.454,32.454,32.454,273,0
BTEC.US,D,20180215,000000,32.898,32.898,32.893,32.893,1359,0
BTEC.US,D,20180216,000000,33.177,33.177,33.177,33.177,190,0
BTEC.US,D,20180220,000000,32.758,32.781,32.758,32.781,1456,0
BTEC.US,D,20180221,000000,33.152,33.356,32.938,32.938,1628,0
BTEC.US,D,20180222,000000,32.878,32.878,32.878,32.878,373,0
BTEC.US,D,20180223,000000,32.36,32.36,32.36,32.36,227,0
BTEC.US,D,20180226,000000,32.748,33.396,32.748,33.396,1992,0
BTEC.US,D,20180227,000000,33.396,33.396,33.266,33.266,717,0
BTEC.US,D,20180228,000000,32.668,32.668,32.668,32.668,371,0
BTEC.US,D,20180301,000000,32.18,32.18,32.091,32.091,1256,0
BTEC.US,D,20180302,000000,32.016,32.016,32.016,32.016,282,0
BTEC.US,D,20180306,000000,33.396,33.7,33.396,33.7,6133,0
BTEC.US,D,20180307,000000,33.705,33.705,33.705,33.705,295,0
BTEC.US,D,20180308,000000,34.87,34.87,34.282,34.382,584,0
BTEC.US,D,20180309,000000,34.97,34.97,34.818,34.9,1240,0
BTEC.US,D,20180312,000000,35.01,35.199,35.01,35.159,1101,0
BTEC.US,D,20180313,000000,35.369,35.369,34.87,34.98,77244,0
BTEC.US,D,20180314,000000,34.98,34.98,34.731,34.741,29230,0
BTEC.US,D,20180315,000000,34.472,34.472,34.233,34.233,409,0
BTEC.US,D,20180316,000000,34.274,34.274,34.274,34.274,113,0
BTEC.US,D,20180319,000000,34.233,34.233,33.476,33.476,505,0
BTEC.US,D,20180320,000000,34.412,34.412,33.645,33.645,746,0
BTEC.US,D,20180321,000000,34.053,34.053,33.904,33.994,3244,0
BTEC.US,D,20180322,000000,33.974,33.974,33.127,33.127,1196,0
BTEC.US,D,20180323,000000,33.127,33.313,32.519,32.519,1699,0
BTEC.US,D,20180326,000000,32.31,32.539,32.31,32.539,349,0
BTEC.US,D,20180327,000000,33.117,33.117,32.17,32.17,1522,0
BTEC.US,D,20180328,000000,32.099,32.29,31.805,32.29,2921,0
BTEC.US,D,20180329,000000,31.981,32.479,31.981,32.479,1315,0
BTEC.US,D,20180402,000000,31.882,31.882,30.686,30.706,3673,0
BTEC.US,D,20180403,000000,30.437,30.726,30.437,30.664,1926,0
BTEC.US,D,20180404,000000,30.626,31.429,30.626,31.429,874,0
BTEC.US,D,20180405,000000,32.19,32.19,31.316,31.316,678,0
BTEC.US,D,20180406,000000,30.885,30.885,30.571,30.571,1975,0
BTEC.US,D,20180410,000000,31.862,32.101,31.862,32.101,402,0
BTEC.US,D,20180411,000000,32.035,32.035,32.035,32.035,105,0
BTEC.US,D,20180412,000000,32.39,32.718,32.39,32.615,2189,0
BTEC.US,D,20180413,000000,32.549,32.549,32.26,32.26,3275,0
BTEC.US,D,20180416,000000,32.689,32.689,32.061,32.061,484,0
BTEC.US,D,20180417,000000,32.664,32.664,32.664,32.664,158,0
BTEC.US,D,20180418,000000,32.679,32.768,32.679,32.768,2715,0
BTEC.US,D,20180419,000000,32.36,32.36,32.28,32.28,1436,0
BTEC.US,D,20180420,000000,32.184,32.184,31.991,31.991,749,0
BTEC.US,D,20180423,000000,31.842,31.842,31.842,31.842,258,0
BTEC.US,D,20180425,000000,31.105,31.105,31.105,31.105,195,0
BTEC.US,D,20180426,000000,31.483,31.483,31.429,31.429,611,0
BTEC.US,D,20180427,000000,31.742,31.742,31.742,31.742,267,0
BTEC.US,D,20180430,000000,31.582,31.582,31.582,31.582,1234,0
BTEC.US,D,20180502,000000,31.959,31.959,31.959,31.959,2106,0
BTEC.US,D,20180503,000000,31.403,31.403,31.403,31.403,50437,0
BTEC.US,D,20180507,000000,31.413,32.243,31.413,32.151,3894,0
BTEC.US,D,20180508,000000,31.931,31.931,31.672,31.672,1506,0
BTEC.US,D,20180509,000000,32.32,32.439,32.32,32.439,203,0
BTEC.US,D,20180510,000000,32.699,32.699,32.699,32.699,129,0
BTEC.US,D,20180511,000000,32.748,32.908,32.748,32.908,972,0
BTEC.US,D,20180515,000000,33.376,33.376,33.376,33.376,239,0
BTEC.US,D,20180516,000000,33.675,33.803,33.675,33.803,242,0
BTEC.US,D,20180517,000000,33.924,33.974,33.924,33.974,1200,0
BTEC.US,D,20180521,000000,34.163,34.163,34.163,34.163,289,0
BTEC.US,D,20180522,000000,33.745,33.844,33.745,33.774,703,0
BTEC.US,D,20180523,000000,33.854,33.854,33.847,33.847,449,0
BTEC.US,D,20180524,000000,33.934,33.934,33.934,33.934,139,0
BTEC.US,D,20180529,000000,33.916,33.916,33.916,33.916,384,0
BTEC.US,D,20180530,000000,34.398,34.472,34.398,34.472,215,0
BTEC.US,D,20180601,000000,35.172,35.172,35.172,35.172,215,0
BTEC.US,D,20180604,000000,35.199,35.199,35.169,35.169,910,0
BTEC.US,D,20180607,000000,34.843,34.843,34.831,34.831,347,0
BTEC.US,D,20180608,000000,35.329,35.329,35.329,35.329,231,0
BTEC.US,D,20180612,000000,35.624,35.624,35.624,35.624,120,0
BTEC.US,D,20180613,000000,35.974,35.974,35.658,35.658,532,0
BTEC.US,D,20180614,000000,35.745,35.867,35.745,35.867,828,0
BTEC.US,D,20180615,000000,35.897,35.966,35.897,35.966,469,0
BTEC.US,D,20180618,000000,36.021,36.021,36.021,36.021,245,0
BTEC.US,D,20180619,000000,36.096,36.504,36.096,36.502,2226,0
BTEC.US,D,20180620,000000,36.514,37.062,36.494,37.062,1418,0
BTEC.US,D,20180621,000000,39.065,39.065,36.734,36.763,1041,0
BTEC.US,D,20180622,000000,36.418,36.418,36.418,36.418,271,0
BTEC.US,D,20180625,000000,36.783,36.783,35.279,35.452,2496,0
BTEC.US,D,20180626,000000,35.209,35.209,35.209,35.209,200759,0
BTEC.US,D,20180627,000000,34.986,34.986,34.986,34.986,254,0
BTEC.US,D,20180628,000000,34.302,34.302,34.302,34.302,174,0
BTEC.US,D,20180629,000000,34.621,34.757,34.582,34.582,2208,0
BTEC.US,D,20180702,000000,34.582,34.582,34.502,34.502,702,0
BTEC.US,D,20180705,000000,35.505,35.505,35.505,35.505,255,0
BTEC.US,D,20180706,000000,36.105,36.186,36.105,36.186,1360,0
BTEC.US,D,20180709,000000,36.494,36.584,36.36,36.36,1459,0
BTEC.US,D,20180710,000000,36.355,36.397,36.34,36.34,1694,0
BTEC.US,D,20180711,000000,36.654,36.654,35.568,36.359,1367,0
BTEC.US,D,20180713,000000,36.943,36.943,36.654,36.743,1971,0
BTEC.US,D,20180716,000000,37.112,37.112,36.18,36.196,2020,0
BTEC.US,D,20180717,000000,35.976,36.704,35.976,36.704,426,0
BTEC.US,D,20180719,000000,36.863,36.863,36.365,36.684,12723,0
BTEC.US,D,20180720,000000,36.833,36.833,36.655,36.724,1428,0
BTEC.US,D,20180723,000000,37.092,37.092,36.561,36.923,1345,0
BTEC.US,D,20180724,000000,36.175,36.175,35.677,35.697,2575,0
BTEC.US,D,20180725,000000,36.235,36.235,36.056,36.086,6159,0
BTEC.US,D,20180726,000000,36.524,36.524,35.948,36.046,3358,0
BTEC.US,D,20180727,000000,35.717,35.757,35.189,35.189,4002,0
BTEC.US,D,20180730,000000,34.671,34.671,34.372,34.372,2467,0
BTEC.US,D,20180801,000000,35.578,35.578,35.219,35.379,4108,0
BTEC.US,D,20180802,000000,35.727,35.767,35.727,35.767,1019,0
BTEC.US,D,20180803,000000,35.315,35.315,35.284,35.284,527,0
BTEC.US,D,20180806,000000,35.438,35.512,35.334,35.478,3017,0
BTEC.US,D,20180807,000000,34.9,35.538,34.9,35.538,1742,0
BTEC.US,D,20180808,000000,34.9,35.555,34.9,35.428,2232,0
BTEC.US,D,20180809,000000,34.9,35.717,34.9,35.389,2620,0
BTEC.US,D,20180810,000000,34.831,35.648,34.831,35.618,6239,0
BTEC.US,D,20180813,000000,35.07,35.159,35.07,35.159,6072,0
BTEC.US,D,20180814,000000,34.831,35.369,34.831,35.369,1094,0
BTEC.US,D,20180815,000000,34.831,35.01,34.706,34.731,2240,0
BTEC.US,D,20180816,000000,35.1,35.179,34.787,35.179,808,0
BTEC.US,D,20180817,000000,34.721,35.369,34.721,35.369,1128,0
BTEC.US,D,20180820,000000,34.482,35.359,34.482,35.359,987,0
BTEC.US,D,20180821,000000,35.467,35.78,35.467,35.78,355,0
BTEC.US,D,20180823,000000,36.305,36.468,36.245,36.4,1867,0
BTEC.US,D,20180824,000000,36.335,36.335,36.335,36.335,244,0
BTEC.US,D,20180827,000000,36.853,36.853,36.853,36.853,377,0
BTEC.US,D,20180828,000000,37.262,37.262,37.262,37.262,1049,0
BTEC.US,D,20180829,000000,37.65,37.65,37.571,37.571,766,0
BTEC.US,D,20180830,000000,37.959,37.959,37.92,37.92,726,0
BTEC.US,D,20180904,000000,37.883,37.897,37.72,37.72,3894,0
BTEC.US,D,20180905,000000,37.78,37.8,37.724,37.724,1058,0
BTEC.US,D,20180906,000000,37.072,37.072,37.072,37.072,400,0
BTEC.US,D,20180907,000000,36.863,37.172,36.863,36.918,4959,0
BTEC.US,D,20180910,000000,36.564,36.564,36.491,36.513,941,0
BTEC.US,D,20180912,000000,36.514,36.514,36.514,36.514,359,0
BTEC.US,D,20180913,000000,37.042,37.042,36.793,36.863,3158,0
BTEC.US,D,20180914,000000,36.784,36.784,36.763,36.763,1669,0
BTEC.US,D,20180917,000000,36.265,36.265,36.117,36.265,1487,0
BTEC.US,D,20180918,000000,36.167,36.285,36.167,36.285,1000,0
BTEC.US,D,20180919,000000,36.425,36.425,36.26,36.287,3123,0
BTEC.US,D,20180920,000000,36.758,36.758,36.758,36.758,222,0
BTEC.US,D,20180921,000000,37.202,37.202,36.544,36.544,1139,0
BTEC.US,D,20180924,000000,36.554,36.823,36.554,36.823,1268,0
BTEC.US,D,20180925,000000,37.281,37.281,37.06,37.112,763,0
BTEC.US,D,20180926,000000,37.053,37.072,37.053,37.072,1693,0
BTEC.US,D,20180927,000000,36.843,37.012,36.843,37.012,605,0
BTEC.US,D,20180928,000000,36.763,36.887,36.763,36.883,695,0
BTEC.US,D,20181001,000000,37.009,37.009,36.655,36.655,2366,0
BTEC.US,D,20181002,000000,35.704,35.726,35.568,35.568,1442,0
BTEC.US,D,20181003,000000,35.578,36.066,35.578,36.065,1793,0
BTEC.US,D,20181004,000000,35.369,35.369,34.87,34.87,2191,0
BTEC.US,D,20181005,000000,34.821,34.821,34.059,34.059,1593,0
BTEC.US,D,20181008,000000,34.103,34.358,33.958,34.063,4003,0
BTEC.US,D,20181009,000000,33.775,33.775,33.72,33.72,432,0
BTEC.US,D,20181010,000000,33.715,33.715,32.679,32.679,919,0
BTEC.US,D,20181011,000000,32.977,32.977,32.25,32.407,1272,0
BTEC.US,D,20181012,000000,33.085,33.104,32.6,32.6,1377,0
BTEC.US,D,20181015,000000,32.679,32.743,32.679,32.743,309,0
BTEC.US,D,20181018,000000,33.515,33.515,33.479,33.482,316,0
BTEC.US,D,20181019,000000,33.912,33.964,33.406,33.595,7557,0
BTEC.US,D,20181022,000000,32.31,32.579,32.31,32.579,584,0
BTEC.US,D,20181023,000000,31.882,31.882,30.925,31.882,4670,0
BTEC.US,D,20181024,000000,31.941,31.941,30.424,30.424,3979,0
BTEC.US,D,20181025,000000,30.258,31.284,30.258,31.274,1409,0
BTEC.US,D,20181026,000000,30.696,31.433,30.357,31.433,1438,0
BTEC.US,D,20181029,000000,31.52,31.52,29.879,30.204,1097,0
BTEC.US,D,20181030,000000,30.636,30.636,30.287,30.287,1424,0
BTEC.US,D,20181031,000000,30.995,31.393,30.995,31.284,3829,0
BTEC.US,D,20181101,000000,31.533,32.898,31.533,32.858,4618,0
BTEC.US,D,20181102,000000,32.888,32.888,32.728,32.728,1442,0
BTEC.US,D,20181105,000000,32.758,32.813,32.679,32.813,1206,0
BTEC.US,D,20181106,000000,32.659,33.097,32.41,32.603,2789,0
BTEC.US,D,20181107,000000,32.579,33.486,32.579,33.486,3487,0
BTEC.US,D,20181108,000000,33.575,33.575,33.276,33.399,1288,0
BTEC.US,D,20181109,000000,33.087,33.087,32.071,32.569,4127,0
BTEC.US,D,20181112,000000,31.882,31.921,30.965,31.154,8471,0
BTEC.US,D,20181113,000000,31.314,31.314,30.975,31.027,3163,0
BTEC.US,D,20181115,000000,29.889,30.537,29.889,30.537,1003,0
BTEC.US,D,20181116,000000,31.075,31.284,30.367,31.284,3179,0
BTEC.US,D,20181119,000000,29.959,29.979,29.889,29.959,1267,0
BTEC.US,D,20181120,000000,29.979,30.258,29.979,30.258,410,0
BTEC.US,D,20181121,000000,29.929,30.213,29.929,30.129,1048,0
BTEC.US,D,20181123,000000,30.915,30.915,30.905,30.905,275,0
BTEC.US,D,20181126,000000,31.184,31.264,31.184,31.264,328,0
BTEC.US,D,20181128,000000,31.239,31.254,31.239,31.254,542,0
BTEC.US,D,20181129,000000,31.184,31.603,31.184,31.603,401,0
BTEC.US,D,20181130,000000,31.573,32.151,31.524,31.971,3252,0
BTEC.US,D,20181204,000000,32.575,32.689,32.529,32.529,1434,0
BTEC.US,D,20181206,000000,30.686,31.174,30.686,31.174,927,0
BTEC.US,D,20181207,000000,29.939,30.995,29.351,29.351,1742,0
BTEC.US,D,20181210,000000,29.799,30.995,29.65,30.995,4093,0
BTEC.US,D,20181211,000000,30.776,30.905,30.223,30.457,1456,0
BTEC.US,D,20181212,000000,30.666,30.666,30.317,30.317,633,0
BTEC.US,D,20181213,000000,30.168,30.168,30.063,30.063,343,0
BTEC.US,D,20181214,000000,29.596,29.65,29.596,29.65,313,0
BTEC.US,D,20181217,000000,29.225,29.279,29.225,29.279,551,0
BTEC.US,D,20181218,000000,29.152,29.152,27.93,27.93,2414,0
BTEC.US,D,20181219,000000,28.394,28.394,28.394,28.394,257,0
BTEC.US,D,20181220,000000,27.069,27.069,26.213,26.359,1041,0
BTEC.US,D,20181221,000000,25.376,25.625,25.376,25.52,1012,0
BTEC.US,D,20181224,000000,24.927,25.007,24.927,24.977,1163,0
BTEC.US,D,20181226,000000,25.796,25.796,25.585,25.585,660,0
BTEC.US,D,20181227,000000,25.819,26.737,25.819,26.737,1271,0
BTEC.US,D,20181228,000000,26.88,27.039,26.88,27.019,4443,0
BTEC.US,D,20181231,000000,27.617,27.617,27.498,27.498,648,0
BTEC.US,D,20190103,000000,28.355,28.355,27.099,27.433,4626,0
BTEC.US,D,20190104,000000,28.663,29.162,28.423,28.424,2057,0
BTEC.US,D,20190107,000000,29.877,30.108,29.877,30.108,32758,0
BTEC.US,D,20190108,000000,30.541,30.541,30.208,30.208,251,0
BTEC.US,D,20190111,000000,31.383,31.383,31.383,31.383,167,0
BTEC.US,D,20190114,000000,31.102,31.19,31.102,31.19,7636,0
BTEC.US,D,20190115,000000,31.383,31.926,31.383,31.926,1208,0
BTEC.US,D,20190116,000000,32.22,32.22,31.811,31.891,3701,0
BTEC.US,D,20190117,000000,31.911,32.151,31.828,31.976,1308,0
BTEC.US,D,20190118,000000,31.775,32.131,31.775,32.131,3017,0
BTEC.US,D,20190122,000000,31.573,31.643,31.404,31.404,1179,0
BTEC.US,D,20190123,000000,31.104,31.104,31.084,31.084,452,0
BTEC.US,D,20190124,000000,30.875,31.363,30.875,31.363,11100,0
BTEC.US,D,20190128,000000,31.533,31.533,31.373,31.373,736,0
BTEC.US,D,20190129,000000,31.324,31.324,31.233,31.233,1174,0
BTEC.US,D,20190130,000000,31.383,31.383,31.383,31.383,502,0
BTEC.US,D,20190131,000000,32.091,32.649,32.091,32.549,1009,0
BTEC.US,D,20190201,000000,32.41,32.759,32.41,32.759,1610,0
BTEC.US,D,20190204,000000,32.878,32.948,32.878,32.888,4052,0
BTEC.US,D,20190205,000000,33.296,33.296,32.828,33.007,937,0
BTEC.US,D,20190206,000000,32.918,33.017,32.878,32.918,971,0
BTEC.US,D,20190207,000000,32.479,32.479,32.101,32.226,3591,0
BTEC.US,D,20190208,000000,32.131,32.28,32.091,32.28,2133,0
BTEC.US,D,20190211,000000,32.699,32.699,32.19,32.579,3836,0
BTEC.US,D,20190212,000000,32.997,32.997,32.667,32.948,1298,0
BTEC.US,D,20190213,000000,32.997,33.012,32.938,33.012,311,0
BTEC.US,D,20190214,000000,33.406,33.406,32.948,33.087,13428,0
BTEC.US,D,20190215,000000,33.525,33.541,33.478,33.506,1378,0
BTEC.US,D,20190219,000000,33.714,33.714,33.506,33.535,2172,0
BTEC.US,D,20190221,000000,32.688,32.747,32.649,32.708,3504,0
BTEC.US,D,20190222,000000,32.818,33.117,32.808,33.117,760,0
BTEC.US,D,20190225,000000,34.303,34.303,34.213,34.293,924,0
BTEC.US,D,20190226,000000,34.074,34.213,34.033,34.083,7976,0
BTEC.US,D,20190227,000000,34.174,34.811,34.174,34.811,1502,0
BTEC.US,D,20190228,000000,34.257,34.601,34.257,34.601,631,0
BTEC.US,D,20190301,000000,34.87,35.368,34.87,35.309,1292,0
BTEC.US,D,20190304,000000,35.533,35.533,34.526,34.94,2941,0
BTEC.US,D,20190305,000000,35.07,35.269,34.817,34.87,1454,0
BTEC.US,D,20190306,000000,33.809,33.809,33.725,33.725,631,0
BTEC.US,D,20190307,000000,33.276,33.735,33.276,33.476,725,0
BTEC.US,D,20190308,000000,33.209,33.227,33.097,33.197,1132,0
BTEC.US,D,20190311,000000,33.496,34.183,33.496,34.183,1802,0
BTEC.US,D,20190312,000000,34.781,34.781,34.681,34.681,1209,0
BTEC.US,D,20190313,000000,34.851,35.279,34.851,35.135,923,0
BTEC.US,D,20190314,000000,35.239,35.239,35.02,35.02,869,0
BTEC.US,D,20190315,000000,34.582,35.359,34.582,35.192,2589,0
BTEC.US,D,20190318,000000,35.548,35.674,35.159,35.159,1355,0
BTEC.US,D,20190319,000000,35.369,35.369,35.328,35.328,949,0
BTEC.US,D,20190320,000000,35.697,35.697,35.309,35.309,3835,0
BTEC.US,D,20190321,000000,35.319,35.807,35.319,35.807,3070,0
BTEC.US,D,20190322,000000,35.538,35.538,34.482,34.642,1992,0
BTEC.US,D,20190325,000000,34.102,34.245,33.668,34.102,3403,0
BTEC.US,D,20190326,000000,34.468,34.468,34.468,34.468,140,0
BTEC.US,D,20190327,000000,33.675,33.675,33.675,33.675,178,0
BTEC.US,D,20190328,000000,33.864,34.063,33.864,34.063,4405,0
BTEC.US,D,20190329,000000,34.283,34.711,34.283,34.683,1228,0
BTEC.US,D,20190401,000000,34.721,34.887,34.721,34.86,32177,0
BTEC.US,D,20190402,000000,34.711,35.022,34.69,35.022,1352,0
BTEC.US,D,20190403,000000,35.1,35.228,35.07,35.219,4580,0
BTEC.US,D,20190404,000000,34.95,34.95,34.95,34.95,381,0
BTEC.US,D,20190405,000000,35.563,35.588,35.55,35.588,704,0
BTEC.US,D,20190408,000000,35.309,35.507,35.309,35.507,1608,0
BTEC.US,D,20190409,000000,35.329,35.329,35.208,35.208,1755,0
BTEC.US,D,20190411,000000,34.621,34.86,34.621,34.86,738,0
BTEC.US,D,20190412,000000,34.631,34.631,34.283,34.283,932,0
BTEC.US,D,20190415,000000,33.874,33.874,33.874,33.874,320,0
BTEC.US,D,20190416,000000,34.275,34.275,34.057,34.112,806,0
BTEC.US,D,20190417,000000,32.878,32.878,31.91,32.141,2709,0
BTEC.US,D,20190418,000000,32.051,32.28,31.962,31.962,2382,0
BTEC.US,D,20190422,000000,31.722,32.205,30.706,32.041,2612,0
BTEC.US,D,20190423,000000,32.22,33.107,32.22,33.068,1766,0
BTEC.US,D,20190424,000000,32.751,32.751,32.751,32.751,241,0
BTEC.US,D,20190425,000000,32.489,32.731,32.42,32.731,3521,0
BTEC.US,D,20190426,000000,32.824,32.824,32.824,32.824,184,0
BTEC.US,D,20190429,000000,33.326,33.363,33.276,33.296,1226,0
BTEC.US,D,20190430,000000,33.007,33.007,32.62,32.62,238,0
BTEC.US,D,20190501,000000,33.087,33.087,32.788,32.788,933,0
BTEC.US,D,20190502,000000,32.101,32.58,32.101,32.58,1637,0
BTEC.US,D,20190503,000000,33.097,33.097,33.097,33.097,197,0
BTEC.US,D,20190506,000000,33.306,33.306,33.306,33.306,507,0
BTEC.US,D,20190507,000000,33.306,33.306,32.521,32.521,586,0
BTEC.US,D,20190508,000000,32.689,32.721,32.689,32.721,503,0
BTEC.US,D,20190509,000000,32.481,32.639,32.459,32.56,1370,0
BTEC.US,D,20190510,000000,32.574,32.574,32.574,32.574,315,0
BTEC.US,D,20190513,000000,31.365,31.453,31.148,31.154,2076,0
BTEC.US,D,20190514,000000,31.244,31.244,31.244,31.244,248,0
BTEC.US,D,20190515,000000,31.842,32.031,31.842,31.842,4922,0
BTEC.US,D,20190516,000000,32.589,32.649,32.589,32.649,214,0
BTEC.US,D,20190521,000000,32.033,32.033,32.033,32.033,303,0
BTEC.US,D,20190522,000000,31.802,31.862,31.802,31.862,642,0
BTEC.US,D,20190524,000000,32.048,32.048,31.882,31.882,935,0
BTEC.US,D,20190528,000000,32.35,32.35,31.772,31.772,809,0
BTEC.US,D,20190530,000000,31.652,31.652,31.114,31.114,2317,0
BTEC.US,D,20190531,000000,31.143,31.143,31.143,31.143,1537,0
BTEC.US,D,20190603,000000,31.085,31.284,30.895,30.895,3160,0
BTEC.US,D,20190604,000000,31.453,31.772,31.453,31.772,3913,0
BTEC.US,D,20190605,000000,31.722,31.722,31.722,31.722,105,0
BTEC.US,D,20190606,000000,31.373,31.462,31.373,31.462,202,0
BTEC.US,D,20190607,000000,31.533,31.882,31.483,31.882,1078,0
BTEC.US,D,20190610,000000,32.24,32.24,32.24,32.24,488,0
BTEC.US,D,20190611,000000,31.822,31.822,31.812,31.812,6788,0
BTEC.US,D,20190612,000000,31.413,31.822,31.413,31.822,409,0
BTEC.US,D,20190613,000000,31.911,31.991,31.867,31.991,856,0
BTEC.US,D,20190614,000000,32.131,32.18,31.862,31.872,527,0
BTEC.US,D,20190617,000000,32.629,32.868,32.629,32.868,823,0
BTEC.US,D,20190618,000000,32.878,33.725,32.878,33.655,4770,0
BTEC.US,D,20190619,000000,33.68,33.794,33.68,33.745,406,0
BTEC.US,D,20190620,000000,33.834,33.856,33.824,33.824,825,0
BTEC.US,D,20190621,000000,33.446,33.575,33.246,33.575,574,0
BTEC.US,D,20190624,000000,33.356,33.356,33.237,33.269,975,0
BTEC.US,D,20190625,000000,32.738,33.326,32.738,32.788,860,0
BTEC.US,D,20190626,000000,32.707,32.707,32.707,32.707,224,0
BTEC.US,D,20190627,000000,33.361,33.386,33.361,33.386,546,0
BTEC.US,D,20190628,000000,33.874,34.024,33.874,34.024,881,0
BTEC.US,D,20190701,000000,34.466,34.466,34.306,34.306,309,0
BTEC.US,D,20190702,000000,34.268,34.268,34.061,34.061,50873,0
BTEC.US,D,20190705,000000,34.152,34.152,34.152,34.152,569,0
BTEC.US,D,20190708,000000,33.383,33.383,33.383,33.383,278,0
BTEC.US,D,20190709,000000,33.8,33.8,33.8,33.8,156,0
BTEC.US,D,20190710,000000,34.044,34.044,34.044,34.044,214,0
BTEC.US,D,20190712,000000,33.633,33.645,33.575,33.575,1255,0
BTEC.US,D,20190715,000000,33.525,33.924,33.525,33.924,764,0
BTEC.US,D,20190716,000000,33.854,33.854,33.625,33.625,948,0
BTEC.US,D,20190718,000000,33.948,34.329,33.948,34.329,393,0
BTEC.US,D,20190719,000000,34.064,34.064,34.064,34.064,282,0
BTEC.US,D,20190722,000000,34.143,34.143,34.143,34.143,917,0
BTEC.US,D,20190723,000000,33.712,33.712,33.712,33.712,172,0
BTEC.US,D,20190724,000000,33.565,33.772,33.565,33.772,304,0
BTEC.US,D,20190725,000000,33.685,33.685,33.685,33.685,100,0
BTEC.US,D,20190726,000000,33.645,33.645,33.645,33.645,139,0
BTEC.US,D,20190729,000000,33.625,33.625,33.346,33.346,461,0
BTEC.US,D,20190730,000000,34.243,34.243,34.183,34.183,843,0
BTEC.US,D,20190731,000000,34.538,34.538,34.313,34.313,444,0
BTEC.US,D,20190801,000000,34.303,34.303,34.303,34.303,107,0
BTEC.US,D,20190802,000000,33.336,33.336,32.728,32.728,461,0
BTEC.US,D,20190805,000000,32.04,32.04,31.882,31.882,2838,0
BTEC.US,D,20190806,000000,32.561,32.888,32.561,32.888,535,0
BTEC.US,D,20190807,000000,33.067,33.067,32.938,33.027,732,0
BTEC.US,D,20190808,000000,32.948,33.905,32.948,33.905,4287,0
BTEC.US,D,20190809,000000,33.586,33.586,33.396,33.396,303,0
BTEC.US,D,20190812,000000,33.016,33.016,32.748,32.748,546,0
BTEC.US,D,20190813,000000,33.406,33.406,33.076,33.076,1519,0
BTEC.US,D,20190814,000000,32.689,32.689,32.629,32.629,333,0
BTEC.US,D,20190815,000000,32.718,32.718,32.718,32.718,171,0
BTEC.US,D,20190820,000000,33.387,33.387,33.387,33.387,225,0
BTEC.US,D,20190821,000000,33.632,33.635,33.605,33.626,3468,0
BTEC.US,D,20190822,000000,32.968,33.187,32.968,33.187,1584,0
BTEC.US,D,20190827,000000,31.891,31.891,31.891,31.891,206,0
BTEC.US,D,20190828,000000,32.32,32.32,32.32,32.32,142,0
BTEC.US,D,20190829,000000,32.745,32.745,32.745,32.745,320,0
BTEC.US,D,20190830,000000,32.293,32.363,32.293,32.36,753,0
BTEC.US,D,20190903,000000,31.812,31.822,31.812,31.822,602,0
BTEC.US,D,20190904,000000,31.662,31.662,31.513,31.513,3649,0
BTEC.US,D,20190905,000000,32.131,32.131,31.832,31.991,57568,0
BTEC.US,D,20190906,000000,32.111,32.111,31.872,31.872,729,0
BTEC.US,D,20190909,000000,31.722,31.722,31.513,31.513,565,0
BTEC.US,D,20190910,000000,31.433,31.433,31.366,31.366,699,0
BTEC.US,D,20190911,000000,32.574,32.875,32.574,32.835,1831,0
BTEC.US,D,20190916,000000,33.013,33.013,33.013,33.013,319,0
BTEC.US,D,20190917,000000,32.878,33.177,32.878,33.177,2444,0
BTEC.US,D,20190920,000000,32.989,32.989,32.989,32.989,138,0
BTEC.US,D,20190923,000000,32.16,33.037,32.16,32.938,1143,0
BTEC.US,D,20190925,000000,31.715,31.722,31.715,31.722,506,0
BTEC.US,D,20190926,000000,30.825,30.855,30.749,30.855,27319,0
BTEC.US,D,20190927,000000,30.716,31.104,30.716,31.104,407,0
BTEC.US,D,20191001,000000,30.378,30.38,29.54,29.714,2834,0
BTEC.US,D,20191002,000000,29.202,29.513,29.202,29.513,713,0
BTEC.US,D,20191003,000000,30.098,30.268,30.098,30.268,999,0
BTEC.US,D,20191009,000000,29.776,29.776,29.488,29.49,898,0
BTEC.US,D,20191010,000000,29.957,29.957,29.957,29.957,146,0
BTEC.US,D,20191011,000000,30.508,30.537,30.508,30.537,1025,0
BTEC.US,D,20191014,000000,30.576,30.576,30.499,30.499,233,0
BTEC.US,D,20191016,000000,31.208,31.279,31.208,31.279,1394,0
BTEC.US,D,20191018,000000,31.184,31.518,31.184,31.518,778,0
BTEC.US,D,20191021,000000,31.921,31.971,31.921,31.971,950,0
BTEC.US,D,20191022,000000,31.971,31.971,31.971,31.971,124,0
BTEC.US,D,20191023,000000,31.842,31.842,31.842,31.842,100,0
BTEC.US,D,20191025,000000,32.035,32.035,32.035,32.035,230,0
BTEC.US,D,20191028,000000,32.589,32.589,32.589,32.589,462,0
BTEC.US,D,20191029,000000,32.659,32.659,32.659,32.659,100,0
BTEC.US,D,20191030,000000,32.38,32.38,32.38,32.38,201,0
BTEC.US,D,20191101,000000,32.898,32.898,32.898,32.898,540,0
BTEC.US,D,20191107,000000,32.998,32.998,32.886,32.886,1129,0
BTEC.US,D,20191111,000000,33.376,33.486,33.302,33.486,1996,0
BTEC.US,D,20191112,000000,33.73,33.73,33.73,33.73,272,0
BTEC.US,D,20191114,000000,33.635,33.635,33.476,33.571,2557,0
BTEC.US,D,20191115,000000,33.874,34.024,33.874,34.024,478,0
BTEC.US,D,20191118,000000,34.223,34.223,33.884,34.092,1224,0
BTEC.US,D,20191119,000000,34.771,35.007,34.771,35.004,1197,0
BTEC.US,D,20191120,000000,35.468,35.488,35.02,35.356,6111,0
BTEC.US,D,20191122,000000,35.263,35.573,35.263,35.57,2568,0
BTEC.US,D,20191125,000000,35.927,36.738,35.927,36.689,1083,0
BTEC.US,D,20191126,000000,36.883,37.032,36.763,36.926,3339,0
BTEC.US,D,20191127,000000,37.232,37.361,37.214,37.315,50981,0
BTEC.US,D,20191129,000000,37.521,37.521,37.509,37.509,356,0
BTEC.US,D,20191202,000000,36.823,36.98,36.823,36.938,3000,0
BTEC.US,D,20191203,000000,36.405,37.48,36.405,37.48,1976,0
BTEC.US,D,20191204,000000,37.278,37.933,37.278,37.933,795,0
BTEC.US,D,20191205,000000,37.61,37.65,37.116,37.116,5184,0
BTEC.US,D,20191206,000000,37.57,37.58,37.558,37.558,297,0
BTEC.US,D,20191209,000000,37.555,37.555,37.481,37.481,394,0
BTEC.US,D,20191210,000000,37.517,37.662,37.517,37.634,802,0
BTEC.US,D,20191211,000000,37.281,37.311,37.226,37.226,1416,0
BTEC.US,D,20191212,000000,37.57,37.57,37.373,37.502,2492,0
BTEC.US,D,20191213,000000,37.521,37.75,37.511,37.75,1635,0
BTEC.US,D,20191216,000000,38.122,38.557,38.122,38.371,5361,0
BTEC.US,D,20191217,000000,38.457,38.457,38.338,38.442,479,0
BTEC.US,D,20191218,000000,38.218,38.248,38.218,38.228,1047,0
BTEC.US,D,20191219,000000,38.417,38.534,38.387,38.534,1500,0
BTEC.US,D,20191220,000000,38.955,38.955,38.484,38.723,2061,0
BTEC.US,D,20191223,000000,38.726,39.304,38.726,39.175,4981,0
BTEC.US,D,20191224,000000,39.483,39.513,39.483,39.513,152,0
BTEC.US,D,20191226,000000,39.513,39.513,39.214,39.214,1792,0
BTEC.US,D,20191230,000000,38.648,38.648,38.168,38.218,1723,0
BTEC.US,D,20191231,000000,38.367,38.537,38.348,38.397,4650,0
BTEC.US,D,20200102,000000,38.208,38.208,38.081,38.155,1217,0
BTEC.US,D,20200103,000000,38.059,38.059,37.78,37.784,355,0
BTEC.US,D,20200106,000000,37.383,38.139,37.361,38.139,684,0
BTEC.US,D,20200107,000000,38.397,38.397,38.326,38.326,407,0
BTEC.US,D,20200108,000000,38.158,38.656,38.158,38.598,832,0
BTEC.US,D,20200109,000000,38.975,38.975,38.646,38.774,2900,0
BTEC.US,D,20200110,000000,39.234,39.234,38.783,38.783,1385,0
BTEC.US,D,20200113,000000,38.866,38.866,37.964,38.145,3081,0
BTEC.US,D,20200114,000000,38.298,39.004,38.159,39.004,869,0
BTEC.US,D,20200115,000000,39.523,39.523,39.211,39.211,991,0
BTEC.US,D,20200116,000000,39.572,39.776,39.572,39.776,386,0
BTEC.US,D,20200117,000000,39.772,39.772,39.434,39.434,5735,0
BTEC.US,D,20200121,000000,39.234,39.439,39.038,39.038,1689,0
BTEC.US,D,20200122,000000,39.478,39.478,39.122,39.122,298,0
BTEC.US,D,20200123,000000,38.557,38.846,38.557,38.738,1384,0
BTEC.US,D,20200124,000000,38.766,38.766,38.766,38.766,284,0
BTEC.US,D,20200127,000000,37.57,37.686,36.813,37.533,2085,0
BTEC.US,D,20200128,000000,37.989,38.133,37.989,38.119,3744,0
BTEC.US,D,20200129,000000,38.394,38.394,38.173,38.173,912,0
BTEC.US,D,20200130,000000,37.909,37.909,37.4,37.782,898,0
BTEC.US,D,20200131,000000,37.79,37.79,37.79,37.79,514,0
BTEC.US,D,20200203,000000,37.881,38.063,37.881,38.044,646,0
BTEC.US,D,20200204,000000,38.457,39.053,38.457,39.001,2704,0
BTEC.US,D,20200205,000000,39.822,39.822,39.556,39.556,775,0
BTEC.US,D,20200206,000000,39.882,39.882,39.583,39.623,12684,0
BTEC.US,D,20200207,000000,39.264,39.286,39.151,39.151,1024,0
BTEC.US,D,20200210,000000,39.762,39.8,39.737,39.8,261,0
BTEC.US,D,20200211,000000,40.014,40.014,39.712,39.712,3122,0
BTEC.US,D,20200212,000000,40.041,40.099,39.991,40.099,586,0
BTEC.US,D,20200213,000000,39.902,40.035,39.762,39.846,1587,0
BTEC.US,D,20200218,000000,39.958,40.247,39.958,40.247,451,0
BTEC.US,D,20200219,000000,40.071,40.599,40.071,40.559,890,0
BTEC.US,D,20200220,000000,40.298,40.475,40.298,40.475,318,0
BTEC.US,D,20200221,000000,40.021,40.25,40.009,40.125,1704,0
BTEC.US,D,20200224,000000,38.706,38.726,38.343,38.688,1734,0
BTEC.US,D,20200225,000000,37.849,37.941,37.576,37.576,512,0
BTEC.US,D,20200226,000000,37.979,38.288,37.521,37.648,3739,0
BTEC.US,D,20200227,000000,37.68,37.895,36.574,36.611,3845,0
BTEC.US,D,20200228,000000,35.12,36.726,34.557,36.726,8072,0
BTEC.US,D,20200302,000000,37.281,37.818,36.679,37.818,1902,0
BTEC.US,D,20200303,000000,37.64,37.64,36.496,36.775,1462,0
BTEC.US,D,20200304,000000,37.697,38.387,37.665,38.375,1581,0
BTEC.US,D,20200305,000000,38.123,38.123,37.61,37.813,50946,0
BTEC.US,D,20200306,000000,36.116,36.686,36.081,36.686,1834,0
BTEC.US,D,20200309,000000,33.436,35.309,33.326,33.933,6279,0
BTEC.US,D,20200310,000000,33.984,34.688,33.127,34.688,8433,0
BTEC.US,D,20200311,000000,32.629,32.629,32.16,32.296,3711,0
BTEC.US,D,20200312,000000,29.899,30.228,29.011,29.011,3540,0
BTEC.US,D,20200313,000000,29.779,30.387,27.717,30.387,3263,0
BTEC.US,D,20200316,000000,27.239,28.265,27.049,27.049,2774,0
BTEC.US,D,20200317,000000,27.428,27.686,25.635,27.473,1102,0
BTEC.US,D,20200318,000000,26.601,26.975,25.246,25.894,4843,0
BTEC.US,D,20200319,000000,25.724,28.2,25.724,28.2,2638,0
BTEC.US,D,20200320,000000,28.883,28.883,27.448,27.448,1264,0
BTEC.US,D,20200324,000000,29.042,29.833,28.913,29.833,3287,0
BTEC.US,D,20200325,000000,30.971,30.971,30.319,30.319,383,0
BTEC.US,D,20200326,000000,31.704,31.776,31.072,31.583,1881,0
BTEC.US,D,20200327,000000,30.788,31.5,30.788,30.928,1641,0
BTEC.US,D,20200330,000000,31.166,31.632,31.166,31.632,1138,0
BTEC.US,D,20200331,000000,31.553,31.842,31.314,31.329,1666,0
BTEC.US,D,20200401,000000,30.477,30.646,29.595,29.595,2163,0
BTEC.US,D,20200402,000000,30.203,30.525,30.203,30.525,543,0
BTEC.US,D,20200403,000000,30.244,30.244,29.72,30.025,3888,0
BTEC.US,D,20200406,000000,31.682,31.682,31.274,31.593,1563,0
BTEC.US,D,20200407,000000,32.584,32.584,31.391,31.391,4177,0
BTEC.US,D,20200408,000000,31.488,32.578,31.488,32.578,3082,0
BTEC.US,D,20200409,000000,33.316,33.593,33.072,33.593,1319,0
BTEC.US,D,20200413,000000,33.067,33.525,33.067,33.525,2949,0
BTEC.US,D,20200414,000000,34.372,34.821,34.243,34.821,1576,0
BTEC.US,D,20200415,000000,35.269,35.269,33.804,34.16,4684,0
BTEC.US,D,20200416,000000,34.447,35.043,34.163,35.043,3727,0
BTEC.US,D,20200417,000000,36.225,36.867,35.946,36.867,5153,0
BTEC.US,D,20200420,000000,37.99,38.671,37.859,37.953,4907,0
BTEC.US,D,20200421,000000,37.7,37.7,36.228,36.617,3988,0
BTEC.US,D,20200422,000000,37.321,37.322,37.272,37.322,395,0
BTEC.US,D,20200423,000000,37.959,38.158,37.56,37.56,1123,0
BTEC.US,D,20200424,000000,38.786,38.92,38.786,38.856,1085,0
BTEC.US,D,20200427,000000,39.613,39.892,39.244,39.623,5547,0
BTEC.US,D,20200428,000000,39.772,39.772,38.764,39.049,7556,0
BTEC.US,D,20200429,000000,39.254,39.294,39.055,39.055,1979,0
BTEC.US,D,20200430,000000,39.025,39.204,38.248,38.248,3480,0
BTEC.US,D,20200501,000000,37.306,37.331,36.28,36.741,3804,0
BTEC.US,D,20200504,000000,38.049,38.154,38.049,38.154,388,0
BTEC.US,D,20200505,000000,39.366,39.792,39.366,39.472,4222,0
BTEC.US,D,20200506,000000,39.315,39.892,39.244,39.413,17640,0
BTEC.US,D,20200507,000000,39.852,39.907,39.592,39.592,11178,0
BTEC.US,D,20200508,000000,39.772,40.46,39.772,40.237,915,0
BTEC.US,D,20200511,000000,40.629,42.37,40.24,42.123,59714,0
BTEC.US,D,20200512,000000,44.973,44.973,41.536,41.548,366779,0
BTEC.US,D,20200513,000000,41.907,41.934,39.952,40.524,53212,0
BTEC.US,D,20200514,000000,39.762,40.221,39.443,40.221,27578,0
BTEC.US,D,20200515,000000,40.39,41.755,40.39,41.648,11655,0
BTEC.US,D,20200518,000000,43.468,43.857,43,43.16,14474,0
BTEC.US,D,20200519,000000,43.269,43.269,42.12,42.12,7309,0
BTEC.US,D,20200520,000000,42.801,43.329,42.562,43.329,9973,0
BTEC.US,D,20200521,000000,42.851,42.966,42.701,42.879,39367,0
BTEC.US,D,20200522,000000,42.886,43.299,42.826,43.299,2695,0
BTEC.US,D,20200526,000000,43.957,44.026,42.452,42.452,2960,0
BTEC.US,D,20200527,000000,41.456,42.299,40.48,42.299,17742,0
BTEC.US,D,20200528,000000,42.123,42.661,41.904,41.904,2573,0
BTEC.US,D,20200529,000000,41.845,41.845,41.038,41.576,3276,0
BTEC.US,D,20200601,000000,42.279,42.522,42.153,42.452,5643,0
BTEC.US,D,20200602,000000,42.522,42.643,41.596,42.643,5062,0
BTEC.US,D,20200603,000000,42.921,42.921,42.173,42.233,57382,0
BTEC.US,D,20200604,000000,42.243,42.313,41.243,41.243,15389,0
BTEC.US,D,20200605,000000,41.356,42.143,41.356,41.752,3758,0
BTEC.US,D,20200608,000000,42.173,42.9,41.755,42.762,10620,0
BTEC.US,D,20200609,000000,42.373,43.08,42.373,42.477,24944,0
BTEC.US,D,20200610,000000,42.99,42.99,42.348,42.761,9775,0
BTEC.US,D,20200611,000000,42.054,42.074,40.453,40.453,4385,0
BTEC.US,D,20200612,000000,40.759,40.998,39.782,40.788,9923,0
BTEC.US,D,20200615,000000,39.922,42.477,39.922,42.312,14602,0
BTEC.US,D,20200616,000000,43.279,43.279,42.851,42.851,3682,0
BTEC.US,D,20200617,000000,42.881,43.488,42.881,42.949,8650,0
BTEC.US,D,20200618,000000,43.439,43.777,43.285,43.439,3213,0
BTEC.US,D,20200619,000000,44.076,44.485,43.907,44.354,5320,0
BTEC.US,D,20200622,000000,44.574,45.222,43.723,45.158,21438,0
BTEC.US,D,20200623,000000,45.68,46.198,45.212,45.361,6568,0
BTEC.US,D,20200624,000000,45.361,45.376,43.967,44.231,3847,0
BTEC.US,D,20200625,000000,44.465,44.903,44.086,44.843,2148,0
BTEC.US,D,20200626,000000,45.033,45.033,43.339,43.468,27539,0
BTEC.US,D,20200629,000000,43.698,43.806,42.862,43.307,16266,0
BTEC.US,D,20200630,000000,43.706,44.485,43.638,44.485,92553,0
BTEC.US,D,20200701,000000,44.584,44.634,44.236,44.573,1764,0
BTEC.US,D,20200702,000000,45.112,45.164,44.594,44.687,4158,0
BTEC.US,D,20200706,000000,45.431,45.431,44.843,45.063,12512,0
BTEC.US,D,20200707,000000,45.142,45.835,45.033,45.481,4673,0
BTEC.US,D,20200708,000000,46.358,46.358,45.69,46.189,3671,0
BTEC.US,D,20200709,000000,46.182,46.182,44.996,46.049,103454,0
BTEC.US,D,20200710,000000,45.979,46.069,45.451,45.531,4650,0
BTEC.US,D,20200713,000000,46.258,47.025,44.475,44.574,25025,0
BTEC.US,D,20200714,000000,46.278,47.34,43.847,45.618,11309,0
BTEC.US,D,20200715,000000,49.616,49.616,46.109,47.205,18849,0
BTEC.US,D,20200716,000000,46.946,47.035,45.979,46.647,15908,0
BTEC.US,D,20200717,000000,47.005,47.792,46.861,47.648,13834,0
BTEC.US,D,20200720,000000,51.12,51.12,47.334,47.868,14778,0
BTEC.US,D,20200721,000000,48.251,48.251,46.909,46.946,14448,0
BTEC.US,D,20200722,000000,47.075,47.075,46.492,46.787,5753,0
BTEC.US,D,20200723,000000,47.095,47.424,45.959,45.973,12014,0
BTEC.US,D,20200724,000000,45.64,45.64,44.375,44.87,8704,0
BTEC.US,D,20200727,000000,46.158,46.158,45.222,45.76,56300,0
BTEC.US,D,20200728,000000,45.919,45.979,45.116,45.116,3678,0
BTEC.US,D,20200729,000000,45.075,45.075,44.715,44.715,2381,0
BTEC.US,D,20200730,000000,44.815,45.481,44.815,45.349,11128,0
BTEC.US,D,20200731,000000,45.063,45.082,43.783,44.385,14799,0
BTEC.US,D,20200803,000000,44.853,45.83,44.435,45.83,4125,0
BTEC.US,D,20200804,000000,46.059,46.059,45.434,45.866,18603,0
BTEC.US,D,20200805,000000,46.119,46.119,45.66,46.012,4957,0
BTEC.US,D,20200806,000000,46.388,46.388,45.407,45.666,5760,0
BTEC.US,D,20200807,000000,45.899,46.193,45.636,45.636,3368,0
BTEC.US,D,20200810,000000,46.188,46.188,45.285,45.285,4659,0
BTEC.US,D,20200811,000000,45.909,45.909,43.943,43.943,8490,0
BTEC.US,D,20200812,000000,44.584,44.584,44.016,44.244,9750,0
BTEC.US,D,20200813,000000,44.166,44.804,44.166,44.734,5436,0
BTEC.US,D,20200814,000000,44.963,44.963,44.081,44.225,3074,0
BTEC.US,D,20200817,000000,44.724,45.481,44.365,45.481,5544,0
BTEC.US,D,20200818,000000,45.79,45.79,44.833,45.257,4828,0
BTEC.US,D,20200819,000000,45.192,45.533,45.082,45.104,5117,0
BTEC.US,D,20200820,000000,44.883,45.013,44.734,44.998,2128,0
BTEC.US,D,20200821,000000,44.654,44.893,44.334,44.505,3053,0
BTEC.US,D,20200824,000000,45.003,45.003,43.603,43.688,6936,0
BTEC.US,D,20200825,000000,43.837,44.328,43.72,44.206,3529,0
BTEC.US,D,20200826,000000,44.027,44.216,43.897,43.927,10148,0
BTEC.US,D,20200827,000000,43.477,44.005,43.389,43.757,7598,0
BTEC.US,D,20200828,000000,43.927,44.084,43.766,43.986,3711,0
BTEC.US,D,20200831,000000,44.345,44.978,44.246,44.764,5952,0
BTEC.US,D,20200901,000000,44.634,44.687,43.997,44.066,22476,0
BTEC.US,D,20200902,000000,44.086,44.51,43.787,44.505,240281,0
BTEC.US,D,20200903,000000,44.525,44.525,42.764,42.764,5881,0
BTEC.US,D,20200904,000000,42.721,42.721,40.689,42.353,9414,0
BTEC.US,D,20200908,000000,41.695,42.399,41.147,41.765,3462,0
BTEC.US,D,20200909,000000,42.542,43.08,42.542,42.871,4641,0
BTEC.US,D,20200910,000000,43.498,43.678,42.163,42.163,7080,0
BTEC.US,D,20200911,000000,42.861,42.861,41.974,42.283,8098,0
BTEC.US,D,20200914,000000,43.977,45.481,43.977,45.431,7229,0
BTEC.US,D,20200915,000000,46.139,46.228,45.8,45.944,8297,0
BTEC.US,D,20200916,000000,46.801,47.145,46.507,46.926,8646,0
BTEC.US,D,20200917,000000,47.065,47.065,46.039,46.657,7744,0
BTEC.US,D,20200918,000000,46.587,47.643,46.261,47.573,10181,0
BTEC.US,D,20200921,000000,46.766,46.766,45.576,45.959,4396,0
BTEC.US,D,20200922,000000,46.318,46.447,45.332,46.404,57282,0
BTEC.US,D,20200923,000000,46.587,46.587,45.397,45.397,12760,0
BTEC.US,D,20200924,000000,45.242,45.63,44.544,45.159,11818,0
BTEC.US,D,20200925,000000,45.621,46.514,45.62,46.497,2899,0
BTEC.US,D,20200928,000000,46.826,46.826,46.373,46.68,5310,0
BTEC.US,D,20200929,000000,47.075,47.2,46.668,47.039,4356,0
BTEC.US,D,20200930,000000,47.267,47.802,47.035,47.48,23874,0
BTEC.US,D,20201001,000000,47.389,47.613,47.185,47.528,5594,0
BTEC.US,D,20201002,000000,46.517,47.598,46.517,46.806,6628,0
BTEC.US,D,20201005,000000,47.802,49.038,47.802,49.033,9187,0
BTEC.US,D,20201006,000000,49.526,49.825,48.888,48.888,5809,0
BTEC.US,D,20201007,000000,49.924,50.423,49.317,50.272,25218,0
BTEC.US,D,20201008,000000,51.09,51.09,50.338,50.433,16608,0
BTEC.US,D,20201009,000000,50.562,51.13,50.562,51.009,8065,0
BTEC.US,D,20201012,000000,52.076,52.306,50.911,51.118,10926,0
BTEC.US,D,20201013,000000,51.399,51.927,50.961,51.847,14743,0
BTEC.US,D,20201014,000000,52.126,52.246,51.02,51.021,12700,0
BTEC.US,D,20201015,000000,50.771,50.901,49.815,50.901,60107,0
BTEC.US,D,20201016,000000,51.358,51.598,51.154,51.154,3123,0
BTEC.US,D,20201019,000000,51.349,51.349,50.09,50.215,7295,0
BTEC.US,D,20201020,000000,50.672,50.672,49.799,49.799,10509,0
BTEC.US,D,20201021,000000,49.725,49.725,48.604,48.604,15187,0
BTEC.US,D,20201022,000000,49.541,49.865,49.336,49.825,2380,0
BTEC.US,D,20201023,000000,49.845,50.413,49.576,50.047,7887,0
BTEC.US,D,20201026,000000,49.815,50.293,49.002,49.498,5252,0
BTEC.US,D,20201027,000000,49.685,50.522,49.685,50.427,13405,0
BTEC.US,D,20201028,000000,50.238,50.557,48.799,49.076,6375,0
BTEC.US,D,20201029,000000,48.819,49.596,48.715,49.53,2642,0
BTEC.US,D,20201030,000000,48.829,48.829,47.792,48.01,104726,0
BTEC.US,D,20201102,000000,48.918,48.918,47.693,47.912,10573,0
BTEC.US,D,20201103,000000,48.928,49.616,48.47,49.506,11245,0
BTEC.US,D,20201104,000000,50.652,51.907,50.652,51.499,14152,0
BTEC.US,D,20201105,000000,52.532,52.532,51.379,51.768,15037,0
BTEC.US,D,20201106,000000,51.768,51.768,51.007,51.007,9629,0
BTEC.US,D,20201109,000000,52.704,53.641,52.037,52.037,19518,0
BTEC.US,D,20201110,000000,52.923,52.923,50.512,51.598,19924,0
BTEC.US,D,20201111,000000,51.798,52.555,51.798,52.485,6538,0
BTEC.US,D,20201112,000000,54.966,54.966,52.306,52.505,14637,0
BTEC.US,D,20201113,000000,53.511,53.511,53.014,53.073,12107,0
BTEC.US,D,20201116,000000,53.87,53.87,52.804,52.931,14907,0
BTEC.US,D,20201117,000000,52.963,53.192,52.139,53.103,10126,0
BTEC.US,D,20201118,000000,53.481,53.481,52.345,52.345,8103,0
BTEC.US,D,20201119,000000,52.575,53.093,52.405,52.405,15949,0
BTEC.US,D,20201120,000000,52.774,53.113,52.495,53.018,19624,0
BTEC.US,D,20201123,000000,53.671,53.671,53.033,53.345,11904,0
BTEC.US,D,20201124,000000,53.73,53.73,52.993,53.013,10831,0
BTEC.US,D,20201125,000000,53.252,53.431,52.794,53.327,8780,0
BTEC.US,D,20201127,000000,53.681,55.205,53.681,55.205,14136,0
BTEC.US,D,20201130,000000,56.042,56.271,54.856,55.852,18637,0
BTEC.US,D,20201201,000000,57.088,57.088,55.583,55.683,8932,0
BTEC.US,D,20201202,000000,55.454,55.882,54.796,55.544,16352,0
BTEC.US,D,20201203,000000,55.972,56.311,55.808,56.165,11782,0
BTEC.US,D,20201204,000000,56.829,57.178,56.321,57.108,11622,0
BTEC.US,D,20201207,000000,57.935,58.373,57.284,57.387,22291,0
BTEC.US,D,20201208,000000,57.686,58.702,57.471,58.702,22498,0
BTEC.US,D,20201209,000000,59.469,59.469,56.819,57.273,13467,0
BTEC.US,D,20201210,000000,58.034,58.951,57.407,58.901,10255,0
BTEC.US,D,20201211,000000,59.071,59.808,58.076,58.792,8703,0
BTEC.US,D,20201214,000000,60.067,60.983,59.479,59.479,32431,0
BTEC.US,D,20201215,000000,60.196,60.196,59.26,59.897,46116,0
BTEC.US,D,20201216,000000,59.927,59.927,59.071,59.207,18611,0
BTEC.US,D,20201217,000000,60.03,60.13,59.3764,60.03,11551,0
BTEC.US,D,20201218,000000,60.29,60.5599,59.995,60.2859,14069,0
BTEC.US,D,20201221,000000,60.09,61.38,59.679,61.23,16312,0
BTEC.US,D,20201222,000000,61.84,64.14,61.5539,62.56,73702,0
BTEC.US,D,20201223,000000,62.43,62.43,61.31,62.18,15057,0
BTEC.US,D,20201224,000000,62.61,62.61,61.575,61.585,4494,0
BTEC.US,D,20201228,000000,63.28,63.28,60.27,60.27,29339,0
BTEC.US,D,20201229,000000,60.17,60.73,58.18,58.9536,41599,0
BTEC.US,D,20201230,000000,59.68,60.0299,59.3022,59.54,9941,0
BTEC.US,D,20201231,000000,59.8,59.8,58.335,58.72,10825,0
BTEC.US,D,20210104,000000,58.78,59.1405,57.52,58.1,13698,0
BTEC.US,D,20210105,000000,58.39,58.69,58.13,58.4192,18035,0
BTEC.US,D,20210106,000000,58.6167,60.0964,58.49,59.5186,11883,0
BTEC.US,D,20210107,000000,60.19,62.06,59.8,62.06,49489,0
BTEC.US,D,20210108,000000,62.09,62.6601,60.96,61.76,13961,0
BTEC.US,D,20210111,000000,62.28,62.5399,61.14,61.79,56949,0
BTEC.US,D,20210112,000000,62.65,62.66,62,62.53,43537,0
BTEC.US,D,20210113,000000,63.27,63.27,62.525,62.64,14369,0
BTEC.US,D,20210114,000000,63.31,64.38,63.15,64.16,13097,0
BTEC.US,D,20210115,000000,64.77,64.86,63.2,63.68,10848,0
BTEC.US,D,20210119,000000,64.91,64.91,64.11,64.67,154173,0
BTEC.US,D,20210120,000000,64.82,65.8924,64.76,64.7732,11940,0
BTEC.US,D,20210121,000000,65.33,65.33,63.13,64,32091,0
BTEC.US,D,20210122,000000,63.96,64.6649,63.4,64.6575,9794,0
BTEC.US,D,20210125,000000,64.75,65.74,64.52,65.12,17943,0
BTEC.US,D,20210126,000000,66,66,64.135,64.223,12867,0
BTEC.US,D,20210127,000000,64,64.97,62.335,62.6015,13781,0
BTEC.US,D,20210128,000000,63.23,63.82,62.775,62.9,11356,0
BTEC.US,D,20210129,000000,63.81,64.78,62.11,63.25,20468,0
BTEC.US,D,20210201,000000,63.89,64.68,63.435,64.6216,12154,0
BTEC.US,D,20210202,000000,65.18,66.6,65,65.7807,19366,0
BTEC.US,D,20210203,000000,66.3,66.49,65.4587,65.785,69109,0
BTEC.US,D,20210204,000000,66.53,67.44,66.13,67.02,16657,0
BTEC.US,D,20210205,000000,67.68,68.4958,67.2063,68.44,16843,0
BTEC.US,D,20210208,000000,69.35,71.3,69.09,70.78,64529,0
BTEC.US,D,20210209,000000,73.38,73.38,70.18,70.2433,51128,0
BTEC.US,D,20210210,000000,71.54,71.54,68.539,69.41,26390,0
BTEC.US,D,20210211,000000,69.6,70.115,68.9,69.31,10077,0
BTEC.US,D,20210212,000000,71.61,71.61,68.79,69.205,12352,0
BTEC.US,D,20210216,000000,70,70,67.25,67.78,21578,0
BTEC.US,D,20210217,000000,67.19,67.4083,66.0016,67.3581,14666,0
BTEC.US,D,20210218,000000,66.41,66.455,65.19,66.05,17784,0
BTEC.US,D,20210219,000000,67.03,67.86,66.6409,67.2033,20119,0
BTEC.US,D,20210222,000000,67.19,67.19,64.58,64.79,30122,0
BTEC.US,D,20210223,000000,63.98,64.283,60.5,63.46,29977,0
BTEC.US,D,20210224,000000,63.93,65.05,63.2,64.46,59219,0
BTEC.US,D,20210225,000000,63.93,64.7613,61.6897,62.04,15875,0
BTEC.US,D,20210226,000000,62.08,62.9799,60.9,62.48,92898,0
BTEC.US,D,20210301,000000,63.92,64.34,63.55,64.24,26178,0
BTEC.US,D,20210302,000000,64.19,64.19,62.71,62.7175,14453,0
BTEC.US,D,20210303,000000,62.43,62.43,59.4145,59.51,29864,0
BTEC.US,D,20210304,000000,59.18,59.18,56.06,56.916,30155,0
BTEC.US,D,20210305,000000,57.55,58.15,54,58.15,39220,0
BTEC.US,D,20210308,000000,58.36,58.661,56.19,56.44,12521,0
BTEC.US,D,20210309,000000,56.92,59.1377,56.92,58.673,41917,0
BTEC.US,D,20210310,000000,60.03,60.38,58.9852,59.11,18586,0
BTEC.US,D,20210311,000000,60.53,61.32,60.3921,61.32,9082,0
BTEC.US,D,20210312,000000,61.18,61.18,60.12,60.99,7648,0
BTEC.US,D,20210315,000000,62,62.07,61.34,61.8999,17735,0
BTEC.US,D,20210316,000000,62.82,62.82,60.5763,61.5,12018,0
BTEC.US,D,20210317,000000,61.33,62.25,60.175,61.81,7527,0
BTEC.US,D,20210318,000000,60.69,61.2,59.29,59.29,8421,0
BTEC.US,D,20210319,000000,59.25,60.57,59.25,60.57,4605,0
BTEC.US,D,20210322,000000,58.52,61.56,58.52,61.33,6695,0
BTEC.US,D,20210323,000000,59.559,59.66,58.355,58.47,92640,0
BTEC.US,D,20210324,000000,58.79,58.79,56,56,16842,0
BTEC.US,D,20210325,000000,55.3,56.77,54.46,56.77,12282,0
BTEC.US,D,20210326,000000,56.968,56.968,54.97,55.84,12937,0
BTEC.US,D,20210329,000000,55.52,56.1088,54.38,54.7564,10447,0
BTEC.US,D,20210330,000000,54.7,55.99,54,55.4519,34983,0
BTEC.US,D,20210331,000000,56.6788,57.87,56.6788,57.87,9473,0
BTEC.US,D,20210401,000000,58.82,59.16,58.01,58.31,18990,0
BTEC.US,D,20210405,000000,59.31,59.31,58.01,58.285,14304,0
BTEC.US,D,20210406,000000,58.18,59.0499,58.1,58.112,10053,0
BTEC.US,D,20210407,000000,58.41,58.41,56.485,56.61,22900,0
BTEC.US,D,20210408,000000,56.65,57.835,56.65,57.195,11549,0
BTEC.US,D,20210409,000000,57.71,57.71,56.56,57.06,9939,0
BTEC.US,D,20210412,000000,57.41,57.41,55.5,56.09,22549,0
BTEC.US,D,20210413,000000,56.58,57.085,56.109,57.07,9326,0
BTEC.US,D,20210414,000000,57.29,58.87,57.29,58.14,15354,0
BTEC.US,D,20210415,000000,58.66,58.9561,58.5075,58.81,13159,0
BTEC.US,D,20210416,000000,59.17,59.17,58.1056,58.53,9380,0
BTEC.US,D,20210419,000000,57.54,58.405,56.8,57.18,9829,0
BTEC.US,D,20210420,000000,57.31,57.31,56.21,56.98,9193,0
BTEC.US,D,20210421,000000,57.5797,58.622,57.5797,58.622,7514,0
BTEC.US,D,20210422,000000,58.42,60.035,58.42,59.0427,12470,0
BTEC.US,D,20210423,000000,59.65,59.65,59.04,59.44,23290,0
BTEC.US,D,20210426,000000,60,61.28,60,61.28,7262,0
BTEC.US,D,20210427,000000,61.67,61.67,61.0141,61.11,6614,0
BTEC.US,D,20210428,000000,60.51,61.6699,60.51,61.3344,10138,0
BTEC.US,D,20210429,000000,61.25,61.25,60.03,60.51,6485,0
BTEC.US,D,20210430,000000,59.61,60.9385,59.61,60.03,33258,0
BTEC.US,D,20210503,000000,60.67,60.67,58.8366,58.8366,51854,0
BTEC.US,D,20210504,000000,57.89,57.89,56.06,56.3199,19320,0
BTEC.US,D,20210505,000000,56.28,56.878,55.44,55.504,8933,0
BTEC.US,D,20210506,000000,55.01,55.01,53.315,54.2584,19176,0
BTEC.US,D,20210507,000000,54.49,55.475,54.49,54.759,30094,0
BTEC.US,D,20210510,000000,54.37,54.37,52.11,52.2801,35146,0
BTEC.US,D,20210511,000000,50.77,53.16,50.5,52.82,15819,0
BTEC.US,D,20210512,000000,52.17,52.69,51.7,51.7229,27568,0
BTEC.US,D,20210513,000000,52.38,52.38,50.5,51.2513,5792,0
BTEC.US,D,20210514,000000,52.57,53.11,52.57,52.91,56364,0
BTEC.US,D,20210517,000000,52.88,53.03,52.28,52.77,5640,0
BTEC.US,D,20210518,000000,52.68,54.85,52.68,53.97,10625,0
BTEC.US,D,20210519,000000,52.8,53.29,52.472,52.97,5931,0
BTEC.US,D,20210520,000000,53.56,54.48,53.56,54.45,6784,0
BTEC.US,D,20210521,000000,54.81,55.14,54.32,54.33,11245,0
BTEC.US,D,20210524,000000,54.87,55.19,54.02,54.43,61446,0
BTEC.US,D,20210525,000000,54.89,54.89,54.3932,54.54,9852,0
BTEC.US,D,20210526,000000,54.81,55.19,54.43,55.159,7934,0
BTEC.US,D,20210527,000000,55.61,55.92,55.0829,55.92,3135,0
BTEC.US,D,20210528,000000,56.5,56.97,56,56,3152,0
BTEC.US,D,20210601,000000,56.56,56.56,55.3,55.3,7963,0
BTEC.US,D,20210602,000000,55.42,55.6,54.85,55.37,7270,0
BTEC.US,D,20210603,000000,54.34,54.9799,54.34,54.86,4320,0
BTEC.US,D,20210604,000000,55.09,55.656,55.09,55.25,5612,0
BTEC.US,D,20210607,000000,54.95,57.66,54.95,57.42,31464,0
BTEC.US,D,20210608,000000,57.99,58.05,56.7,58.04,6297,0
BTEC.US,D,20210609,000000,58.71,58.9,58.07,58.21,8168,0
BTEC.US,D,20210610,000000,58.48,59.41,58.05,59.41,12358,0
BTEC.US,D,20210611,000000,59.81,59.82,59.19,59.82,17807,0
BTEC.US,D,20210614,000000,59.48,60.32,59.48,59.966,22857,0
BTEC.US,D,20210615,000000,59.78,59.7813,58.54,58.92,9882,0
BTEC.US,D,20210616,000000,58.57,59.0766,57.75,58.88,14292,0
BTEC.US,D,20210617,000000,58.84,59.7,58.84,59.46,7481,0
BTEC.US,D,20210618,000000,59.45,59.45,58.5,59.01,10618,0
BTEC.US,D,20210621,000000,59,59.87,58.84,59.7119,7719,0
BTEC.US,D,20210622,000000,59.14,59.43,59,59.31,5429,0
BTEC.US,D,20210623,000000,59.99,60.12,59.567,60.05,58790,0
BTEC.US,D,20210624,000000,60.51,60.93,60.14,60.64,5238,0
BTEC.US,D,20210625,000000,60.65,61.0196,60.5,61.0196,4976,0
BTEC.US,D,20210628,000000,61.76,61.93,61.3029,61.61,61203,0
BTEC.US,D,20210629,000000,61.85,61.85,60.7516,60.89,10297,0
BTEC.US,D,20210630,000000,61.22,61.55,60.55,60.88,7676,0
BTEC.US,D,20210701,000000,61.44,61.46,60.42,61.42,6326,0
BTEC.US,D,20210702,000000,61.85,61.85,60.775,60.895,2115,0
BTEC.US,D,20210706,000000,60.66,60.87,59.66,60.06,7382,0
BTEC.US,D,20210707,000000,60.05,60.05,58.4,58.67,12640,0
BTEC.US,D,20210708,000000,58,58.97,57.81,58.8936,6605,0
BTEC.US,D,20210709,000000,59.25,59.55,59.25,59.52,7064,0
BTEC.US,D,20210712,000000,60.05,60.05,58.935,59.02,10178,0
BTEC.US,D,20210713,000000,59.14,59.14,57.56,57.66,10445,0
BTEC.US,D,20210714,000000,57.6,57.6,55.29,55.62,62158,0
BTEC.US,D,20210715,000000,55.18,55.63,54.5,55.4,40053,0
BTEC.US,D,20210716,000000,55.21,55.8793,55.2,55.63,7410,0
BTEC.US,D,20210719,000000,54.59,55.8399,54.59,55.63,6325,0
BTEC.US,D,20210720,000000,56.55,57.0279,56.485,56.95,4094,0
BTEC.US,D,20210721,000000,57.52,57.78,57.3499,57.78,284211,0
BTEC.US,D,20210722,000000,57.44,57.97,56.99,57.17,10970,0
BTEC.US,D,20210723,000000,56.91,57.29,56.12,56.82,10192,0
BTEC.US,D,20210726,000000,56.27,56.5,55.37,55.56,9422,0
BTEC.US,D,20210727,000000,55.16,55.16,53.96,54.97,8367,0
BTEC.US,D,20210728,000000,55.67,56.72,55.38,56.72,41463,0
BTEC.US,D,20210729,000000,56.41,56.979,56.151,56.28,9746,0
BTEC.US,D,20210730,000000,56.28,56.36,55.7433,55.88,16860,0
BTEC.US,D,20210802,000000,55.86,56.175,55.79,55.79,7086,0
BTEC.US,D,20210803,000000,55.4,55.55,55.0259,55.55,14157,0
BTEC.US,D,20210804,000000,55.25,56.325,55.25,56.18,5512,0
BTEC.US,D,20210805,000000,56.48,57.71,56.18,57.71,6762,0
BTEC.US,D,20210806,000000,57.34,57.34,56.3107,56.73,5900,0
BTEC.US,D,20210809,000000,56.11,56.54,56.11,56.28,5358,0
BTEC.US,D,20210810,000000,56.65,56.65,55.1359,55.28,5324,0
BTEC.US,D,20210811,000000,55.11,55.11,54.1,54.77,5730,0
BTEC.US,D,20210812,000000,54.33,55.1972,54.33,55.01,5000,0
BTEC.US,D,20210813,000000,55.0585,55.0585,54.38,54.38,14979,0
BTEC.US,D,20210816,000000,53.96,54.0118,53.43,53.5,6043,0
BTEC.US,D,20210817,000000,53.421,53.49,53.015,53.1299,3111,0
BTEC.US,D,20210818,000000,54.2,54.3799,53.44,53.45,21660,0
BTEC.US,D,20210819,000000,52.97,53.1021,52.24,52.24,6284,0
BTEC.US,D,20210820,000000,52.25,53.6,52.25,53.522,3187,0
BTEC.US,D,20210823,000000,53.49,55.4084,53.49,55.34,5624,0
BTEC.US,D,20210824,000000,55.37,55.6,55.15,55.6,3811,0
BTEC.US,D,20210825,000000,55.61,56.39,55.61,56.275,8301,0
BTEC.US,D,20210826,000000,56,56.915,55.76,55.76,3521,0
BTEC.US,D,20210827,000000,56.33,57.1479,56.33,57.095,4113,0
BTEC.US,D,20210830,000000,56.79,57.68,56.79,57.05,8729,0
BTEC.US,D,20210831,000000,56.95,57.775,56.95,57.717,6497,0
BTEC.US,D,20210901,000000,57.8499,58.5464,57.8499,58.4,5740,0
