<TICKER>,<PER>,<DATE>,<TIME>,<OPEN>,<HIGH>,<LOW>,<CLOSE>,<VOL>,<OPENINT>
BUG.US,D,20191101,000000,15.759,15.829,15.696,15.829,5500,0
BUG.US,D,20191104,000000,15.888,15.918,15.809,15.809,6635,0
BUG.US,D,20191105,000000,15.779,15.779,15.779,15.779,261,0
BUG.US,D,20191106,000000,15.898,15.918,15.835,15.918,5286,0
BUG.US,D,20191107,000000,15.898,15.898,15.898,15.898,705,0
BUG.US,D,20191108,000000,16.077,16.234,16.077,16.234,872,0
BUG.US,D,20191111,000000,17.667,17.667,16.038,16.306,5071,0
BUG.US,D,20191112,000000,16.286,16.454,16.286,16.454,1450,0
BUG.US,D,20191113,000000,16.464,16.533,16.464,16.495,964,0
BUG.US,D,20191114,000000,16.632,16.632,16.543,16.564,3096,0
BUG.US,D,20191115,000000,16.633,16.653,16.601,16.633,1834,0
BUG.US,D,20191118,000000,16.733,16.839,16.584,16.797,6693,0
BUG.US,D,20191119,000000,16.932,17.056,16.922,17.016,6795,0
BUG.US,D,20191120,000000,16.981,17.108,16.892,16.892,1816,0
BUG.US,D,20191121,000000,16.981,17.01,16.874,16.927,5248,0
BUG.US,D,20191122,000000,16.987,16.987,16.922,16.932,2489,0
BUG.US,D,20191125,000000,16.981,17.206,16.981,17.179,2477,0
BUG.US,D,20191126,000000,17.111,17.111,17.012,17.051,1499,0
BUG.US,D,20191127,000000,17.061,17.126,17.031,17.126,2941,0
BUG.US,D,20191129,000000,17.081,17.16,17.061,17.13,860,0
BUG.US,D,20191202,000000,17.189,17.189,16.783,16.847,3195,0
BUG.US,D,20191203,000000,16.713,16.793,16.633,16.793,2378,0
BUG.US,D,20191204,000000,16.812,16.812,16.763,16.768,5988,0
BUG.US,D,20191205,000000,16.773,16.773,16.71,16.71,1977,0
BUG.US,D,20191206,000000,16.683,16.683,16.683,16.683,395,0
BUG.US,D,20191209,000000,16.584,16.584,16.544,16.544,2934,0
BUG.US,D,20191210,000000,16.581,16.627,16.499,16.499,1588,0
BUG.US,D,20191211,000000,16.454,16.474,16.326,16.38,2988,0
BUG.US,D,20191212,000000,16.385,16.385,16.375,16.376,2926,0
BUG.US,D,20191213,000000,16.479,16.554,16.479,16.554,273,0
BUG.US,D,20191216,000000,16.683,16.683,16.633,16.668,945,0
BUG.US,D,20191217,000000,16.633,16.633,16.598,16.604,1915,0
BUG.US,D,20191218,000000,16.6,16.619,16.599,16.599,756,0
BUG.US,D,20191219,000000,16.713,16.723,16.713,16.723,663,0
BUG.US,D,20191220,000000,16.674,16.674,16.594,16.594,368,0
BUG.US,D,20191223,000000,16.743,16.743,16.683,16.706,987,0
BUG.US,D,20191224,000000,16.77,16.77,16.696,16.753,1742,0
BUG.US,D,20191226,000000,16.842,16.865,16.82,16.822,13776,0
BUG.US,D,20191227,000000,16.693,16.743,16.673,16.728,1833,0
BUG.US,D,20191230,000000,16.802,16.802,16.464,16.524,6343,0
BUG.US,D,20191231,000000,16.574,16.584,16.509,16.539,2285,0
BUG.US,D,20200102,000000,16.635,16.842,16.635,16.785,6054,0
BUG.US,D,20200103,000000,16.682,16.872,16.682,16.852,1209,0
BUG.US,D,20200106,000000,16.972,17.25,16.867,17.215,12322,0
BUG.US,D,20200107,000000,17.25,17.348,17.223,17.31,21412,0
BUG.US,D,20200108,000000,17.33,17.543,17.316,17.479,36472,0
BUG.US,D,20200109,000000,17.628,17.628,17.499,17.529,21582,0
BUG.US,D,20200110,000000,17.693,17.708,17.548,17.588,23095,0
BUG.US,D,20200113,000000,17.708,17.906,17.668,17.863,11018,0
BUG.US,D,20200114,000000,17.906,17.946,17.639,17.842,23591,0
BUG.US,D,20200115,000000,17.857,18.118,17.857,17.977,8372,0
BUG.US,D,20200116,000000,18.115,18.194,18.015,18.155,19207,0
BUG.US,D,20200117,000000,18.353,18.353,17.929,18.031,17715,0
BUG.US,D,20200121,000000,18.135,18.145,17.976,17.976,10579,0
BUG.US,D,20200122,000000,18.105,18.214,17.996,18.016,7157,0
BUG.US,D,20200123,000000,18.036,18.125,17.971,18.011,5058,0
BUG.US,D,20200124,000000,18.165,18.244,17.96,18.006,12043,0
BUG.US,D,20200127,000000,17.767,17.787,17.507,17.618,8030,0
BUG.US,D,20200128,000000,17.628,17.747,17.628,17.694,7537,0
BUG.US,D,20200129,000000,17.757,17.787,17.668,17.707,9104,0
BUG.US,D,20200130,000000,17.588,17.698,17.499,17.698,7705,0
BUG.US,D,20200131,000000,17.787,17.787,17.439,17.499,6442,0
BUG.US,D,20200203,000000,17.698,17.698,17.458,17.646,4406,0
BUG.US,D,20200204,000000,17.807,18.031,17.787,18.022,3931,0
BUG.US,D,20200205,000000,18.333,18.333,17.916,17.959,8040,0
BUG.US,D,20200206,000000,18.005,18.125,18.005,18.076,5033,0
BUG.US,D,20200207,000000,18.234,18.234,18.026,18.105,6414,0
BUG.US,D,20200210,000000,17.936,18.343,17.936,18.253,8956,0
BUG.US,D,20200211,000000,18.253,18.333,18.125,18.145,6377,0
BUG.US,D,20200212,000000,18.194,18.194,17.764,17.935,7670,0
BUG.US,D,20200213,000000,17.906,18.066,17.906,17.946,11923,0
BUG.US,D,20200214,000000,18.085,18.085,17.929,18.026,2924,0
BUG.US,D,20200218,000000,18.076,18.084,17.949,18.051,6430,0
BUG.US,D,20200219,000000,18.224,18.244,18.146,18.165,72864,0
BUG.US,D,20200220,000000,18.145,18.225,17.797,18.065,13081,0
BUG.US,D,20200221,000000,17.936,17.936,17.449,17.522,36012,0
BUG.US,D,20200224,000000,16.932,17.17,16.88,17.011,19136,0
BUG.US,D,20200225,000000,17.141,17.141,16.315,16.415,19695,0
BUG.US,D,20200226,000000,16.584,16.683,16.302,16.318,6154,0
BUG.US,D,20200227,000000,16.156,16.255,15.659,15.91,10784,0
BUG.US,D,20200228,000000,15.43,15.808,15.332,15.708,43614,0
BUG.US,D,20200302,000000,16.096,16.347,15.808,16.241,16154,0
BUG.US,D,20200303,000000,16.27,16.397,15.629,15.778,7444,0
BUG.US,D,20200304,000000,15.986,16.196,15.907,16.181,5897,0
BUG.US,D,20200305,000000,15.937,16.196,15.818,15.863,16161,0
BUG.US,D,20200306,000000,15.659,15.758,15.219,15.355,12427,0
BUG.US,D,20200309,000000,14.685,14.804,14.011,14.143,11849,0
BUG.US,D,20200310,000000,14.516,14.595,14.058,14.542,8542,0
BUG.US,D,20200311,000000,14.297,14.355,13.72,13.934,9247,0
BUG.US,D,20200312,000000,12.895,13.379,12.596,12.727,20337,0
BUG.US,D,20200313,000000,12.984,13.384,12.501,13.165,10229,0
BUG.US,D,20200316,000000,10.956,12.686,10.956,12.463,22365,0
BUG.US,D,20200317,000000,12.06,12.795,12.06,12.702,3713,0
BUG.US,D,20200318,000000,12.408,12.735,11.793,11.917,7774,0
BUG.US,D,20200319,000000,12.274,12.731,12.274,12.731,2854,0
BUG.US,D,20200320,000000,12.974,13.518,12.889,12.889,1625,0
BUG.US,D,20200323,000000,12.885,13.203,12.609,13.128,4916,0
BUG.US,D,20200324,000000,14.029,14.218,13.877,14.21,18540,0
BUG.US,D,20200325,000000,14.317,14.787,14.317,14.401,3690,0
BUG.US,D,20200326,000000,14.397,14.942,14.397,14.942,7240,0
BUG.US,D,20200327,000000,14.566,14.929,14.544,14.824,2849,0
BUG.US,D,20200330,000000,14.894,14.974,14.876,14.882,2590,0
BUG.US,D,20200331,000000,15.003,15.065,14.75,14.75,3499,0
BUG.US,D,20200401,000000,14.694,14.694,14.362,14.362,2063,0
BUG.US,D,20200402,000000,14.327,14.446,14.163,14.271,1154,0
BUG.US,D,20200403,000000,14.244,14.323,14.006,14.087,7416,0
BUG.US,D,20200406,000000,14.692,14.87,14.6,14.87,1984,0
BUG.US,D,20200407,000000,15.023,15.023,14.658,14.726,5203,0
BUG.US,D,20200408,000000,14.745,15.252,14.745,15.186,3363,0
BUG.US,D,20200409,000000,15.459,15.459,15.169,15.282,5272,0
BUG.US,D,20200413,000000,15.44,15.44,15.113,15.302,1823,0
BUG.US,D,20200414,000000,15.629,15.875,15.622,15.649,3035,0
BUG.US,D,20200415,000000,15.51,15.688,15.51,15.688,400,0
BUG.US,D,20200416,000000,15.907,16.176,15.907,16.064,7281,0
BUG.US,D,20200417,000000,16.345,16.345,16.007,16.176,6256,0
BUG.US,D,20200420,000000,16.156,16.644,16.156,16.436,8794,0
BUG.US,D,20200421,000000,16.285,16.285,15.613,15.843,9313,0
BUG.US,D,20200422,000000,16.176,16.236,15.939,16.12,7869,0
BUG.US,D,20200423,000000,16.248,16.248,16.027,16.115,1218,0
BUG.US,D,20200424,000000,16.032,16.391,16.032,16.391,4769,0
BUG.US,D,20200427,000000,16.609,16.793,16.609,16.759,3383,0
BUG.US,D,20200428,000000,17.001,17.001,16.459,16.504,4033,0
BUG.US,D,20200429,000000,16.703,16.892,16.614,16.786,6502,0
BUG.US,D,20200430,000000,16.753,16.891,16.703,16.825,31421,0
BUG.US,D,20200501,000000,16.594,16.594,16.136,16.405,14439,0
BUG.US,D,20200504,000000,16.385,16.494,16.275,16.385,6271,0
BUG.US,D,20200505,000000,16.836,17.001,16.783,16.899,3914,0
BUG.US,D,20200506,000000,17.051,17.205,17.036,17.121,7699,0
BUG.US,D,20200507,000000,17.556,17.986,17.556,17.976,11205,0
BUG.US,D,20200508,000000,18.94,18.94,17.744,17.971,74092,0
BUG.US,D,20200511,000000,17.956,18.373,17.956,18.285,26705,0
BUG.US,D,20200512,000000,18.512,18.512,17.909,17.936,14863,0
BUG.US,D,20200513,000000,17.965,18.016,17.24,17.369,16780,0
BUG.US,D,20200514,000000,17.31,17.598,17.152,17.594,3581,0
BUG.US,D,20200515,000000,17.578,17.809,17.578,17.697,10905,0
BUG.US,D,20200518,000000,17.936,18.145,17.817,17.966,101556,0
BUG.US,D,20200519,000000,17.918,18.051,17.911,17.945,7913,0
BUG.US,D,20200520,000000,18.214,18.482,18.214,18.373,24945,0
BUG.US,D,20200521,000000,18.293,18.343,18.076,18.185,7884,0
BUG.US,D,20200522,000000,18.194,18.502,18.194,18.41,5748,0
BUG.US,D,20200526,000000,18.719,19.009,18.492,18.497,14530,0
BUG.US,D,20200527,000000,18.87,18.87,17.628,18.257,26056,0
BUG.US,D,20200528,000000,18.145,18.776,18.145,18.487,14812,0
BUG.US,D,20200529,000000,18.612,19.387,18.612,19.338,20456,0
BUG.US,D,20200601,000000,19.537,20.143,19.462,20.054,323459,0
BUG.US,D,20200602,000000,20.183,20.213,19.487,19.835,99220,0
BUG.US,D,20200603,000000,20.034,20.094,19.746,19.89,59810,0
BUG.US,D,20200604,000000,20.024,20.024,19.288,19.447,36836,0
BUG.US,D,20200605,000000,19.238,19.536,19.212,19.358,31217,0
BUG.US,D,20200608,000000,19.368,19.674,19.139,19.635,29036,0
BUG.US,D,20200609,000000,19.527,19.631,19.392,19.502,8567,0
BUG.US,D,20200610,000000,19.616,19.755,19.537,19.656,7363,0
BUG.US,D,20200611,000000,19.258,19.447,18.641,18.711,29519,0
BUG.US,D,20200612,000000,19.099,19.268,18.472,18.797,13212,0
BUG.US,D,20200615,000000,18.482,19.228,18.482,19.165,9557,0
BUG.US,D,20200616,000000,19.397,19.407,19.139,19.359,18378,0
BUG.US,D,20200617,000000,19.537,19.656,19.447,19.522,19179,0
BUG.US,D,20200618,000000,19.487,19.78,19.487,19.686,22700,0
BUG.US,D,20200619,000000,19.885,19.934,19.467,19.626,17153,0
BUG.US,D,20200622,000000,19.775,19.984,19.721,19.984,35882,0
BUG.US,D,20200623,000000,20.123,20.123,19.735,19.755,103725,0
BUG.US,D,20200624,000000,19.735,19.885,19.285,19.437,57521,0
BUG.US,D,20200625,000000,19.564,19.775,19.268,19.775,15117,0
BUG.US,D,20200626,000000,19.805,19.805,19.288,19.368,16747,0
BUG.US,D,20200629,000000,19.453,19.453,18.864,19.295,21459,0
BUG.US,D,20200630,000000,19.383,19.693,19.293,19.67,13921,0
BUG.US,D,20200701,000000,19.693,20.192,19.693,20.143,33409,0
BUG.US,D,20200702,000000,20.313,20.313,20.133,20.151,44118,0
BUG.US,D,20200706,000000,20.483,20.696,20.263,20.403,29889,0
BUG.US,D,20200707,000000,20.283,20.633,20.279,20.363,30544,0
BUG.US,D,20200708,000000,20.453,20.913,20.453,20.911,18155,0
BUG.US,D,20200709,000000,21.252,21.482,20.903,21.452,79832,0
BUG.US,D,20200710,000000,21.472,21.472,21.242,21.349,26114,0
BUG.US,D,20200713,000000,21.492,21.492,20.293,20.403,57182,0
BUG.US,D,20200714,000000,20.303,20.623,19.843,20.623,40096,0
BUG.US,D,20200715,000000,20.703,20.772,20.443,20.613,22222,0
BUG.US,D,20200716,000000,20.653,20.653,20.093,20.433,49346,0
BUG.US,D,20200717,000000,20.523,20.743,20.327,20.743,53528,0
BUG.US,D,20200720,000000,20.743,21.662,20.733,21.632,33220,0
BUG.US,D,20200721,000000,21.772,21.772,21.372,21.397,57532,0
BUG.US,D,20200722,000000,21.532,21.772,21.379,21.45,18899,0
BUG.US,D,20200723,000000,21.442,21.812,21.132,21.272,22917,0
BUG.US,D,20200724,000000,21.092,21.092,20.743,20.913,25980,0
BUG.US,D,20200727,000000,21.182,21.292,21.022,21.292,17333,0
BUG.US,D,20200728,000000,21.472,21.472,21.152,21.209,33996,0
BUG.US,D,20200729,000000,21.482,22.211,21.482,22.119,39559,0
BUG.US,D,20200730,000000,21.782,22.162,21.604,22.092,26736,0
BUG.US,D,20200731,000000,22.212,22.227,21.776,22.182,23399,0
BUG.US,D,20200803,000000,22.372,22.472,22.187,22.422,31272,0
BUG.US,D,20200804,000000,22.412,22.452,22.217,22.402,31196,0
BUG.US,D,20200805,000000,22.512,22.677,22.512,22.582,24863,0
BUG.US,D,20200806,000000,22.622,22.637,22.182,22.437,28373,0
BUG.US,D,20200807,000000,22.402,22.452,21.937,22.098,24670,0
BUG.US,D,20200810,000000,22.172,22.172,21.603,21.712,28504,0
BUG.US,D,20200811,000000,21.592,21.652,21.308,21.352,34262,0
BUG.US,D,20200812,000000,21.302,21.562,21.207,21.302,28167,0
BUG.US,D,20200813,000000,21.282,21.722,21.282,21.597,24339,0
BUG.US,D,20200814,000000,21.592,21.752,21.377,21.407,17622,0
BUG.US,D,20200817,000000,21.492,21.667,21.442,21.56,39384,0
BUG.US,D,20200818,000000,21.652,21.852,21.652,21.812,18254,0
BUG.US,D,20200819,000000,21.932,22.101,21.837,21.927,25992,0
BUG.US,D,20200820,000000,21.832,22.392,21.822,22.382,29409,0
BUG.US,D,20200821,000000,22.342,22.392,22.047,22.182,16247,0
BUG.US,D,20200824,000000,22.452,22.452,22.092,22.278,137046,0
BUG.US,D,20200825,000000,22.292,22.432,22.192,22.407,53937,0
BUG.US,D,20200826,000000,22.482,23.062,22.482,22.942,40341,0
BUG.US,D,20200827,000000,23.032,23.032,22.392,22.627,45091,0
BUG.US,D,20200828,000000,22.792,22.822,22.562,22.638,32098,0
BUG.US,D,20200831,000000,22.632,22.842,22.632,22.752,52781,0
BUG.US,D,20200901,000000,22.892,23.642,22.892,23.6,38289,0
BUG.US,D,20200902,000000,23.961,23.961,23.306,23.791,67013,0
BUG.US,D,20200903,000000,23.362,23.362,22.092,22.232,113124,0
BUG.US,D,20200904,000000,22.222,22.247,20.743,21.652,80419,0
BUG.US,D,20200908,000000,20.903,21.507,20.903,21.227,39467,0
BUG.US,D,20200909,000000,21.492,21.711,21.292,21.622,57621,0
BUG.US,D,20200910,000000,21.882,22.042,21.233,21.342,35293,0
BUG.US,D,20200911,000000,21.352,21.352,20.713,20.958,30048,0
BUG.US,D,20200914,000000,21.152,21.351,21.053,21.302,40139,0
BUG.US,D,20200915,000000,21.432,21.632,21.272,21.447,25407,0
BUG.US,D,20200916,000000,21.622,21.732,21.327,21.367,35971,0
BUG.US,D,20200917,000000,21.102,21.102,20.823,21.102,234309,0
BUG.US,D,20200918,000000,21.292,21.387,20.923,21.217,26262,0
BUG.US,D,20200921,000000,20.983,21.422,20.793,21.35,75272,0
BUG.US,D,20200922,000000,21.612,21.752,21.172,21.749,39025,0
BUG.US,D,20200923,000000,21.742,21.892,21.232,21.291,51116,0
BUG.US,D,20200924,000000,21.312,21.312,20.833,21.071,68361,0
BUG.US,D,20200925,000000,21.242,21.672,21.222,21.632,29142,0
BUG.US,D,20200928,000000,21.892,21.937,21.682,21.892,20599,0
BUG.US,D,20200929,000000,21.762,21.932,21.712,21.752,43646,0
BUG.US,D,20200930,000000,21.812,21.992,21.592,21.752,19308,0
BUG.US,D,20201001,000000,21.982,22.337,21.982,22.212,43349,0
BUG.US,D,20201002,000000,21.942,22.297,21.822,21.919,27397,0
BUG.US,D,20201005,000000,22.082,22.442,22.065,22.416,22650,0
BUG.US,D,20201006,000000,22.412,22.862,22.354,22.435,38044,0
BUG.US,D,20201007,000000,22.622,22.912,22.592,22.807,34545,0
BUG.US,D,20201008,000000,22.992,23.022,22.729,22.798,20913,0
BUG.US,D,20201009,000000,22.962,23.182,22.962,23.102,27850,0
BUG.US,D,20201012,000000,23.252,23.475,23.252,23.372,40655,0
BUG.US,D,20201013,000000,23.382,23.721,23.382,23.625,41041,0
BUG.US,D,20201014,000000,23.682,23.762,23.332,23.452,18129,0
BUG.US,D,20201015,000000,23.022,23.362,22.902,23.322,31056,0
BUG.US,D,20201016,000000,23.422,23.422,23.172,23.191,8529,0
BUG.US,D,20201019,000000,23.262,23.492,22.917,22.922,17201,0
BUG.US,D,20201020,000000,23.092,23.184,22.692,22.692,24481,0
BUG.US,D,20201021,000000,22.682,22.832,22.222,22.292,23619,0
BUG.US,D,20201022,000000,22.312,22.482,21.872,22.242,37931,0
BUG.US,D,20201023,000000,22.292,22.327,22.092,22.322,19665,0
BUG.US,D,20201026,000000,22.242,22.425,21.727,22.072,52934,0
BUG.US,D,20201027,000000,22.332,22.492,22.062,22.102,35934,0
BUG.US,D,20201028,000000,21.902,22.002,21.402,21.632,71641,0
BUG.US,D,20201029,000000,21.662,21.782,21.382,21.46,31662,0
BUG.US,D,20201030,000000,21.372,21.372,20.503,20.753,86186,0
BUG.US,D,20201102,000000,20.903,20.943,20.443,20.693,23238,0
BUG.US,D,20201103,000000,20.943,21.212,20.813,21.192,23757,0
BUG.US,D,20201104,000000,21.662,22.222,21.662,22.202,22161,0
BUG.US,D,20201105,000000,22.482,22.742,22.442,22.532,51897,0
BUG.US,D,20201106,000000,22.492,22.492,22.182,22.367,17060,0
BUG.US,D,20201109,000000,22.352,22.352,21.462,21.562,39917,0
BUG.US,D,20201110,000000,21.312,21.39,20.523,20.913,60398,0
BUG.US,D,20201111,000000,21.192,21.617,21.162,21.522,22941,0
BUG.US,D,20201112,000000,21.592,21.832,21.452,21.552,23637,0
BUG.US,D,20201113,000000,21.632,21.672,21.442,21.512,75671,0
BUG.US,D,20201116,000000,21.482,21.582,21.33,21.482,32995,0
BUG.US,D,20201117,000000,21.442,21.762,21.412,21.696,59494,0
BUG.US,D,20201118,000000,21.742,21.792,21.412,21.447,34864,0
BUG.US,D,20201119,000000,21.492,21.907,21.462,21.842,46402,0
BUG.US,D,20201120,000000,22.002,22.281,21.952,22.092,39388,0
BUG.US,D,20201123,000000,22.192,22.202,21.832,21.982,43180,0
BUG.US,D,20201124,000000,22.172,22.172,21.917,22.132,53417,0
BUG.US,D,20201125,000000,22.062,22.402,22.062,22.402,31419,0
BUG.US,D,20201127,000000,22.432,22.674,22.432,22.627,20155,0
BUG.US,D,20201130,000000,22.752,22.872,22.412,22.822,68708,0
BUG.US,D,20201201,000000,22.951,22.962,22.43,22.616,73184,0
BUG.US,D,20201202,000000,22.482,22.482,22.167,22.452,40988,0
BUG.US,D,20201203,000000,22.892,23.592,22.892,23.402,72660,0
BUG.US,D,20201204,000000,23.402,23.652,23.309,23.542,166417,0
BUG.US,D,20201207,000000,23.552,23.742,23.542,23.642,65065,0
BUG.US,D,20201208,000000,23.562,24.181,23.562,24.126,62116,0
BUG.US,D,20201209,000000,24.581,24.581,23.037,23.172,89705,0
BUG.US,D,20201210,000000,23.212,23.752,22.992,23.672,55771,0
BUG.US,D,20201211,000000,23.602,23.951,23.522,23.921,45470,0
BUG.US,D,20201214,000000,24.061,24.421,23.991,24.266,88296,0
BUG.US,D,20201215,000000,24.381,24.517,24.216,24.511,293556,0
BUG.US,D,20201216,000000,24.631,24.959,24.601,24.811,77269,0
BUG.US,D,20201217,000000,24.991,25.361,24.942,25.361,198500,0
BUG.US,D,20201218,000000,25.801,27.61,25.691,27.55,772758,0
BUG.US,D,20201221,000000,27.21,27.89,26.74,27.76,820796,0
BUG.US,D,20201222,000000,28.06,29.27,28.03,29.24,1110260,0
BUG.US,D,20201223,000000,29.569,29.589,28.795,29.02,1385183,0
BUG.US,D,20201224,000000,29.2,29.22,28.49,28.72,261955,0
BUG.US,D,20201228,000000,29.16,29.239,28.542,28.58,1153055,0
BUG.US,D,20201229,000000,28.68,28.729,27.79,27.99,268478,0
BUG.US,D,20201230,000000,28.19,28.5,28.1,28.28,344470,0
BUG.US,D,20201231,000000,28.4,28.4,28,28.24,134679,0
BUG.US,D,20210104,000000,28.48,28.49,27.05,27.57,294351,0
BUG.US,D,20210105,000000,27.45,27.75,27.15,27.49,656423,0
BUG.US,D,20210106,000000,27.27,27.4999,26.97,27.07,466001,0
BUG.US,D,20210107,000000,27.39,28,27.3,27.98,288632,0
BUG.US,D,20210108,000000,28.49,28.7068,28.25,28.55,363472,0
BUG.US,D,20210111,000000,28.55,28.86,27.8,28.61,276566,0
BUG.US,D,20210112,000000,28.72,29,28.61,28.85,332566,0
BUG.US,D,20210113,000000,28.99,29.08,28.25,28.32,422098,0
BUG.US,D,20210114,000000,28.51,28.61,28.2,28.38,436304,0
BUG.US,D,20210115,000000,28.5,28.603,28.11,28.25,193614,0
BUG.US,D,20210119,000000,28.5,28.69,28.2,28.64,244465,0
BUG.US,D,20210120,000000,28.9,29.11,28.77,28.87,176913,0
BUG.US,D,20210121,000000,29.11,29.19,28.7,28.72,255871,0
BUG.US,D,20210122,000000,28.6,28.998,28.6,28.96,156410,0
BUG.US,D,20210125,000000,29.24,29.5,28.01,28.69,324107,0
BUG.US,D,20210126,000000,28.7,28.71,28.11,28.16,173653,0
BUG.US,D,20210127,000000,27.8,28.279,27.2,27.82,248529,0
BUG.US,D,20210128,000000,28.15,28.365,27.75,28.21,282503,0
BUG.US,D,20210129,000000,28.17,28.19,27.491,27.87,141066,0
BUG.US,D,20210201,000000,28.14,28.5299,27.9,28.43,151017,0
BUG.US,D,20210202,000000,28.99,29.315,28.77,29.3,344096,0
BUG.US,D,20210203,000000,29.25,29.3,28.1,28.15,935709,0
BUG.US,D,20210204,000000,28.49,28.65,28.22,28.65,146748,0
BUG.US,D,20210205,000000,28.745,28.8682,28.58,28.68,197962,0
BUG.US,D,20210208,000000,29.01,29.15,28.5242,28.7,309710,0
BUG.US,D,20210209,000000,28.8,29.25,28.71,29.24,197512,0
BUG.US,D,20210210,000000,29.4,29.45,28.7,29.05,251599,0
BUG.US,D,20210211,000000,29.24,29.335,28.88,29.2,182858,0
BUG.US,D,20210212,000000,29.19,29.45,28.9001,29.4,185585,0
BUG.US,D,20210216,000000,29.705,29.8,28.86,29.07,325366,0
BUG.US,D,20210217,000000,28.98,28.99,28.32,28.83,1629630,0
BUG.US,D,20210218,000000,28.59,29,28.201,28.9,152040,0
BUG.US,D,20210219,000000,29.13,29.3,28.9717,29.18,119031,0
BUG.US,D,20210222,000000,29.01,29.01,28.06,28.21,229736,0
BUG.US,D,20210223,000000,27.53,27.7899,26.25,27.66,458483,0
BUG.US,D,20210224,000000,27.72,27.72,27.0001,27.57,251144,0
BUG.US,D,20210225,000000,27.36,27.55,26.3,26.45,582015,0
BUG.US,D,20210226,000000,26.7,26.93,26.11,26.53,140827,0
BUG.US,D,20210301,000000,26.97,27.38,26.83,27.32,119281,0
BUG.US,D,20210302,000000,27.5,27.53,26.81,26.86,144180,0
BUG.US,D,20210303,000000,26.81,26.81,25.65,25.83,231806,0
BUG.US,D,20210304,000000,25.54,25.7899,24.68,25.01,272694,0
BUG.US,D,20210305,000000,25.37,25.37,23.97,24.97,201629,0
BUG.US,D,20210308,000000,24.9,25.49,24.6,24.64,745366,0
BUG.US,D,20210309,000000,26.04,26.22,25.37,26.08,228922,0
BUG.US,D,20210310,000000,26.59,26.67,25.7,25.86,381217,0
BUG.US,D,20210311,000000,26.51,26.8,26.371,26.7,183504,0
BUG.US,D,20210312,000000,26.48,26.48,25.9001,26.4,141111,0
BUG.US,D,20210315,000000,26.49,26.52,26.16,26.52,178756,0
BUG.US,D,20210316,000000,26.69,26.94,26.11,26.36,121953,0
BUG.US,D,20210317,000000,26.29,26.6099,25.8,26.35,155441,0
BUG.US,D,20210318,000000,25.99,26,25.18,25.28,170764,0
BUG.US,D,20210319,000000,25.31,25.75,25.13,25.55,137887,0
BUG.US,D,20210322,000000,25.79,26.2399,25.6478,26.01,120559,0
BUG.US,D,20210323,000000,26.04,26.1471,25.7,25.8,89229,0
BUG.US,D,20210324,000000,25.98,26,24.901,24.98,232167,0
BUG.US,D,20210325,000000,24.55,24.8799,24.32,24.8,165358,0
BUG.US,D,20210326,000000,24.9,25.0771,24.5101,25.03,54344,0
BUG.US,D,20210329,000000,25.06,25.25,24.631,24.78,90000,0
BUG.US,D,20210330,000000,24.69,24.69,24.29,24.58,104054,0
BUG.US,D,20210331,000000,24.67,25.2399,24.67,25.05,102140,0
BUG.US,D,20210401,000000,25.21,25.77,25.21,25.53,84804,0
BUG.US,D,20210405,000000,25.85,25.85,25.5,25.7,127312,0
BUG.US,D,20210406,000000,25.75,26.2,25.5316,26.02,120112,0
BUG.US,D,20210407,000000,26.07,26.13,25.5601,25.64,86517,0
BUG.US,D,20210408,000000,25.96,26.1999,25.9,26.1,141330,0
BUG.US,D,20210409,000000,26.18,26.2,25.75,26.15,99030,0
BUG.US,D,20210412,000000,25.96,26.53,25.9538,26.4,139701,0
BUG.US,D,20210413,000000,26.5,27.05,26.5,26.99,140545,0
BUG.US,D,20210414,000000,27.11,27.4299,26.76,26.76,173815,0
BUG.US,D,20210415,000000,27.21,27.4599,27.02,27.36,103458,0
BUG.US,D,20210416,000000,27.48,27.48,27.03,27.21,113542,0
BUG.US,D,20210419,000000,27.18,27.36,26.8001,27.04,113314,0
BUG.US,D,20210420,000000,27.02,27.1303,26.35,26.52,178034,0
BUG.US,D,20210421,000000,26.48,26.75,26.22,26.7,86999,0
BUG.US,D,20210422,000000,26.8,27.32,26.797,26.92,113343,0
BUG.US,D,20210423,000000,27.12,27.19,26.9342,27.11,105770,0
BUG.US,D,20210426,000000,27.8,28.25,27.775,28.25,183524,0
BUG.US,D,20210427,000000,28.25,28.33,27.78,27.92,613861,0
BUG.US,D,20210428,000000,27.84,27.9199,27.5,27.51,62728,0
BUG.US,D,20210429,000000,27.69,27.69,26.8,27.05,177683,0
BUG.US,D,20210430,000000,27.01,27.32,26.89,26.89,75115,0
BUG.US,D,20210503,000000,27.08,27.08,26.5,26.63,107785,0
BUG.US,D,20210504,000000,26.31,26.35,25.63,26.06,163241,0
BUG.US,D,20210505,000000,26.32,26.32,25.7048,25.82,78760,0
BUG.US,D,20210506,000000,25.8,25.8,25.1426,25.42,140191,0
BUG.US,D,20210507,000000,25.76,26,25.72,25.79,140489,0
BUG.US,D,20210510,000000,26,26,25.5,25.54,190895,0
BUG.US,D,20210511,000000,24.68,26.08,24.65,25.91,208447,0
BUG.US,D,20210512,000000,25.84,25.84,25.295,25.47,198656,0
BUG.US,D,20210513,000000,25.77,25.91,25.1,25.32,113487,0
BUG.US,D,20210514,000000,25.41,26.17,25.41,26.13,173554,0
BUG.US,D,20210517,000000,26.01,26.115,25.54,25.77,129561,0
BUG.US,D,20210518,000000,26.02,26.32,25.9,26.01,107671,0
BUG.US,D,20210519,000000,25.75,26.02,25.52,25.96,89130,0
BUG.US,D,20210520,000000,26.24,26.65,26.22,26.63,150311,0
BUG.US,D,20210521,000000,27,27.1,26.75,26.84,144825,0
BUG.US,D,20210524,000000,26.93,27.23,26.86,27.12,95298,0
BUG.US,D,20210525,000000,27.31,27.31,27.05,27.05,77440,0
BUG.US,D,20210526,000000,27.4,27.75,27.4,27.65,375420,0
BUG.US,D,20210527,000000,27.58,27.64,27.095,27.53,309344,0
BUG.US,D,20210528,000000,27.66,27.7362,27.42,27.44,378563,0
BUG.US,D,20210601,000000,27.65,27.65,27.02,27.25,221924,0
BUG.US,D,20210602,000000,27.3,27.4,27.0921,27.36,525437,0
BUG.US,D,20210603,000000,27.18,27.18,26.73,26.77,190910,0
BUG.US,D,20210604,000000,26.91,27.08,26.83,27.06,134392,0
BUG.US,D,20210607,000000,27.12,27.56,26.95,27.5,422904,0
BUG.US,D,20210608,000000,27.74,27.98,27.632,27.81,838629,0
BUG.US,D,20210609,000000,27.98,27.98,27.7105,27.77,279919,0
BUG.US,D,20210610,000000,27.88,28.42,27.78,28.38,838279,0
BUG.US,D,20210611,000000,28.38,28.588,28.255,28.56,416773,0
BUG.US,D,20210614,000000,28.58,28.78,28.51,28.71,328161,0
BUG.US,D,20210615,000000,28.74,28.78,28.35,28.46,664198,0
BUG.US,D,20210616,000000,28.47,28.7799,28.22,28.69,180730,0
BUG.US,D,20210617,000000,28.64,29.1899,28.5,29.18,755558,0
BUG.US,D,20210618,000000,28.99,29.2603,28.8986,28.99,336925,0
BUG.US,D,20210621,000000,28.93,29.02,28.5,28.91,1027585,0
BUG.US,D,20210622,000000,29,29.24,28.956,29.22,204858,0
BUG.US,D,20210623,000000,29.32,29.34,29.01,29.14,235442,0
BUG.US,D,20210624,000000,29.31,29.5,29.14,29.23,913494,0
BUG.US,D,20210625,000000,29.33,29.33,29.0152,29.19,150842,0
BUG.US,D,20210628,000000,29.35,29.5699,29.25,29.45,177858,0
BUG.US,D,20210629,000000,29.48,29.4983,29.22,29.35,147242,0
BUG.US,D,20210630,000000,29.33,29.33,28.8,28.83,193835,0
BUG.US,D,20210701,000000,28.78,28.99,28.59,28.84,140318,0
BUG.US,D,20210702,000000,29.08,29.08,28.83,28.95,151726,0
BUG.US,D,20210706,000000,29.24,29.6999,29.03,29.68,742677,0
BUG.US,D,20210707,000000,30,30,29.36,29.72,621664,0
BUG.US,D,20210708,000000,29.18,29.69,28.91,29.542,235835,0
BUG.US,D,20210709,000000,29.76,29.92,29.45,29.89,204123,0
BUG.US,D,20210712,000000,30.27,30.27,29.65,29.69,272728,0
BUG.US,D,20210713,000000,29.76,29.95,29.55,29.65,419755,0
BUG.US,D,20210714,000000,29.81,29.81,29.18,29.25,413976,0
BUG.US,D,20210715,000000,29.3,29.39,28.7,28.88,203104,0
BUG.US,D,20210716,000000,29.1,29.3,28.9101,28.96,144187,0
BUG.US,D,20210719,000000,28.6,29.1499,28.54,29.01,199758,0
BUG.US,D,20210720,000000,29.26,29.79,29.05,29.6,1461734,0
BUG.US,D,20210721,000000,29.62,29.75,29.36,29.7,265848,0
BUG.US,D,20210722,000000,29.77,30.17,29.76,30.07,369101,0
BUG.US,D,20210723,000000,30.1228,30.4242,29.91,30.36,484923,0
BUG.US,D,20210726,000000,30.36,30.36,29.91,30.19,917745,0
BUG.US,D,20210727,000000,30.18,30.25,29.36,29.75,487772,0
BUG.US,D,20210728,000000,29.89,30.23,29.75,30.14,237085,0
BUG.US,D,20210729,000000,30.14,30.3813,30,30.17,179355,0
BUG.US,D,20210730,000000,30.04,30.1499,29.9,29.95,116687,0
BUG.US,D,20210802,000000,30.06,30.39,29.65,30.23,156934,0
BUG.US,D,20210803,000000,30.27,30.48,30.1001,30.39,274023,0
BUG.US,D,20210804,000000,30.41,30.6775,30.3,30.6,200749,0
BUG.US,D,20210805,000000,30.69,30.6999,30.37,30.5,317263,0
BUG.US,D,20210806,000000,30.35,30.49,29.701,29.93,312054,0
BUG.US,D,20210809,000000,29.93,30.14,29.88,30.02,155865,0
BUG.US,D,20210810,000000,30.1,30.15,29.46,29.56,217929,0
BUG.US,D,20210811,000000,29.79,29.825,29.4001,29.51,148876,0
BUG.US,D,20210812,000000,29.56,30.12,29.545,30.01,270442,0
BUG.US,D,20210813,000000,30.14,30.3499,30.0201,30.29,1859102,0
BUG.US,D,20210816,000000,30.16,30.1865,29.43,29.8,412194,0
BUG.US,D,20210817,000000,29.6,29.6799,29.21,29.47,840452,0
BUG.US,D,20210818,000000,29.52,29.649,29.3008,29.4,146388,0
BUG.US,D,20210819,000000,29.25,29.622,29.12,29.45,155030,0
BUG.US,D,20210820,000000,29.56,29.74,29.5,29.72,145778,0
BUG.US,D,20210823,000000,29.84,30.299,29.84,30.27,220815,0
BUG.US,D,20210824,000000,30.83,31.3899,30.81,31.25,616224,0
BUG.US,D,20210825,000000,31.4715,31.9,31.44,31.84,848047,0
BUG.US,D,20210826,000000,31.87,32.16,31.7018,32.02,588116,0
BUG.US,D,20210827,000000,32.09,32.56,32,32.5,437355,0
BUG.US,D,20210830,000000,32.7229,32.7385,32.39,32.65,757097,0
BUG.US,D,20210831,000000,32.64,32.7481,32.36,32.55,1298897,0
BUG.US,D,20210901,000000,32.61,32.624,32.38,32.54,437234,0
