<TICKER>,<PER>,<DATE>,<TIME>,<OPEN>,<HIGH>,<LOW>,<CLOSE>,<VOL>,<OPENINT>
CACG.US,D,20170505,000000,24.696,24.714,24.606,24.714,256735,0
CACG.US,D,20170508,000000,24.763,24.763,24.586,24.606,13701,0
CACG.US,D,20170509,000000,24.616,24.666,24.616,24.665,929,0
CACG.US,D,20170510,000000,24.694,24.694,24.605,24.646,10176,0
CACG.US,D,20170511,000000,24.646,24.646,24.537,24.616,11179,0
CACG.US,D,20170512,000000,24.665,24.665,24.547,24.547,41910,0
CACG.US,D,20170515,000000,24.646,24.704,24.646,24.684,1661,0
CACG.US,D,20170516,000000,24.704,24.704,24.636,24.636,1645,0
CACG.US,D,20170517,000000,24.487,24.487,24.17,24.18,13086,0
CACG.US,D,20170518,000000,24.16,24.338,24.144,24.308,2776,0
CACG.US,D,20170519,000000,24.427,24.566,24.427,24.517,5134,0
CACG.US,D,20170522,000000,24.606,24.652,24.606,24.652,611,0
CACG.US,D,20170523,000000,24.645,24.646,24.628,24.646,908,0
CACG.US,D,20170524,000000,24.783,24.783,24.714,24.734,2280,0
CACG.US,D,20170525,000000,24.793,24.883,24.783,24.783,5056,0
CACG.US,D,20170526,000000,24.913,24.913,24.823,24.833,3685,0
CACG.US,D,20170530,000000,24.842,24.842,24.803,24.803,4493,0
CACG.US,D,20170531,000000,24.823,24.823,24.656,24.823,8424,0
CACG.US,D,20170601,000000,24.963,25.052,24.956,25.052,4115,0
CACG.US,D,20170602,000000,25.12,25.199,25.092,25.195,1464,0
CACG.US,D,20170605,000000,25.239,25.239,25.16,25.189,46325,0
CACG.US,D,20170606,000000,25.072,25.143,25.072,25.12,404493,0
CACG.US,D,20170607,000000,25.159,25.159,25.012,25.072,5999,0
CACG.US,D,20170608,000000,25.13,25.13,24.972,25.037,5757,0
CACG.US,D,20170609,000000,25.023,25.088,24.893,24.893,2211,0
CACG.US,D,20170612,000000,24.74,24.816,24.74,24.776,2287,0
CACG.US,D,20170613,000000,24.972,25.032,24.953,25.032,3889,0
CACG.US,D,20170614,000000,24.963,24.963,24.843,24.843,1351,0
CACG.US,D,20170615,000000,24.803,24.803,24.714,24.768,8591,0
CACG.US,D,20170616,000000,24.804,24.804,24.714,24.789,1211,0
CACG.US,D,20170619,000000,25.012,25.12,25.012,25.09,11358,0
CACG.US,D,20170620,000000,25.002,25.002,24.943,24.943,1842,0
CACG.US,D,20170621,000000,25.112,25.15,25.081,25.15,7443,0
CACG.US,D,20170622,000000,25.219,25.24,25.162,25.199,3555,0
CACG.US,D,20170623,000000,25.249,25.289,25.219,25.269,9420,0
CACG.US,D,20170626,000000,25.378,25.378,25.239,25.239,4868,0
CACG.US,D,20170627,000000,25.229,25.229,24.963,24.963,7892,0
CACG.US,D,20170628,000000,25.052,25.217,25.052,25.217,5240,0
CACG.US,D,20170629,000000,24.992,25.012,24.734,24.943,5597,0
CACG.US,D,20170630,000000,24.949,24.972,24.949,24.972,421,0
CACG.US,D,20170703,000000,24.963,24.963,24.963,24.963,100,0
CACG.US,D,20170705,000000,25.032,25.057,25.032,25.057,252,0
CACG.US,D,20170706,000000,24.863,25.002,24.789,24.789,1559,0
CACG.US,D,20170707,000000,24.863,24.953,24.863,24.953,7308,0
CACG.US,D,20170710,000000,25.052,25.09,25.052,25.09,1100,0
CACG.US,D,20170711,000000,25.002,25.072,24.964,25.072,7831,0
CACG.US,D,20170712,000000,25.255,25.269,25.255,25.259,1651,0
CACG.US,D,20170713,000000,25.259,25.369,25.259,25.369,9736,0
CACG.US,D,20170717,000000,25.52,25.527,25.476,25.517,1343,0
CACG.US,D,20170718,000000,25.428,25.498,25.428,25.498,1893,0
CACG.US,D,20170719,000000,25.685,25.785,25.675,25.775,3438,0
CACG.US,D,20170720,000000,25.834,25.834,25.824,25.824,969,0
CACG.US,D,20170721,000000,25.775,25.804,25.76,25.785,8484,0
CACG.US,D,20170724,000000,25.735,25.804,25.735,25.804,2129,0
CACG.US,D,20170725,000000,25.854,25.854,25.8,25.814,1271,0
CACG.US,D,20170726,000000,25.923,25.923,25.765,25.794,2611,0
CACG.US,D,20170727,000000,25.755,25.765,25.478,25.576,4583,0
CACG.US,D,20170728,000000,25.536,25.586,25.536,25.556,2889,0
CACG.US,D,20170731,000000,25.487,25.49,25.487,25.49,232,0
CACG.US,D,20170801,000000,25.527,25.527,25.527,25.527,692,0
CACG.US,D,20170802,000000,25.369,25.369,25.29,25.29,959,0
CACG.US,D,20170803,000000,25.448,25.448,25.345,25.387,1249,0
CACG.US,D,20170804,000000,25.378,25.378,25.378,25.378,176,0
CACG.US,D,20170807,000000,25.408,25.438,25.408,25.438,838,0
CACG.US,D,20170808,000000,25.498,25.498,25.269,25.289,9333,0
CACG.US,D,20170809,000000,25.242,25.242,25.21,25.213,858,0
CACG.US,D,20170810,000000,25.15,25.15,24.873,24.873,4602,0
CACG.US,D,20170811,000000,24.963,24.963,24.963,24.963,808,0
CACG.US,D,20170815,000000,25.179,25.179,25.105,25.105,1173,0
CACG.US,D,20170816,000000,25.299,25.299,25.199,25.234,3686,0
CACG.US,D,20170817,000000,25.11,25.11,24.891,24.893,4268,0
CACG.US,D,20170818,000000,24.734,24.849,24.734,24.849,605,0
CACG.US,D,20170822,000000,24.963,25.113,24.963,25.113,982,0
CACG.US,D,20170823,000000,25.007,25.052,25.007,25.052,4345,0
CACG.US,D,20170824,000000,25.1,25.1,25.005,25.005,279,0
CACG.US,D,20170825,000000,25.082,25.1,25.062,25.072,80899,0
CACG.US,D,20170828,000000,25.022,25.062,25.022,25.062,564,0
CACG.US,D,20170829,000000,25.16,25.16,24.913,25.11,1783,0
CACG.US,D,20170830,000000,25.135,25.329,25.135,25.329,1933,0
CACG.US,D,20170831,000000,25.219,25.586,25.219,25.545,2278,0
CACG.US,D,20170901,000000,25.685,25.725,25.586,25.695,23076,0
CACG.US,D,20170905,000000,25.715,25.715,25.556,25.556,4200,0
CACG.US,D,20170906,000000,25.563,25.665,25.563,25.645,1548,0
CACG.US,D,20170907,000000,25.745,25.745,25.571,25.591,2128,0
CACG.US,D,20170908,000000,25.448,25.539,25.448,25.488,4728,0
CACG.US,D,20170911,000000,25.665,25.675,25.605,25.665,2879,0
CACG.US,D,20170912,000000,25.685,25.775,25.623,25.775,7968,0
CACG.US,D,20170913,000000,25.834,25.834,25.803,25.824,4302,0
CACG.US,D,20170914,000000,25.884,25.884,25.735,25.804,9045,0
CACG.US,D,20170915,000000,25.775,25.788,25.758,25.768,2430,0
CACG.US,D,20170918,000000,25.914,25.914,25.771,25.785,1055,0
CACG.US,D,20170919,000000,25.768,25.785,25.719,25.785,3382,0
CACG.US,D,20170920,000000,25.834,25.834,25.705,25.785,6547,0
CACG.US,D,20170921,000000,25.685,25.755,25.685,25.705,3160,0
CACG.US,D,20170922,000000,25.685,25.685,25.648,25.665,1186,0
CACG.US,D,20170925,000000,25.685,25.685,25.595,25.605,328,0
CACG.US,D,20170926,000000,25.715,25.715,25.658,25.685,978,0
CACG.US,D,20170927,000000,25.698,25.864,25.698,25.814,3809,0
CACG.US,D,20170928,000000,25.775,25.814,25.775,25.784,3463,0
CACG.US,D,20170929,000000,25.854,25.913,25.715,25.909,5424,0
CACG.US,D,20171002,000000,26.024,26.041,26.013,26.041,1200,0
CACG.US,D,20171003,000000,26.131,26.131,26.012,26.071,5245,0
CACG.US,D,20171004,000000,26.127,26.127,26.127,26.127,100,0
CACG.US,D,20171005,000000,26.24,26.32,26.161,26.32,3447,0
CACG.US,D,20171006,000000,26.27,26.27,26.21,26.235,2586,0
CACG.US,D,20171009,000000,26.28,26.28,26.23,26.23,734,0
CACG.US,D,20171010,000000,26.239,26.239,26.181,26.21,15388,0
CACG.US,D,20171011,000000,26.3,26.3,26.131,26.206,204224,0
CACG.US,D,20171012,000000,26.242,26.267,26.24,26.24,707,0
CACG.US,D,20171013,000000,26.3,26.323,26.28,26.316,66736,0
CACG.US,D,20171016,000000,26.427,26.437,26.27,26.281,2828,0
CACG.US,D,20171017,000000,26.408,26.457,26.402,26.457,3027,0
CACG.US,D,20171018,000000,26.464,26.467,26.426,26.432,3747,0
CACG.US,D,20171019,000000,26.447,26.447,26.3,26.431,10942,0
CACG.US,D,20171020,000000,26.626,26.626,26.487,26.557,2624,0
CACG.US,D,20171023,000000,26.557,26.557,26.408,26.408,2528,0
CACG.US,D,20171024,000000,26.28,26.339,26.27,26.3,7106,0
CACG.US,D,20171025,000000,26.15,26.201,26.15,26.16,5924,0
CACG.US,D,20171026,000000,26.127,26.171,26.121,26.121,7328,0
CACG.US,D,20171027,000000,26.28,26.397,26.28,26.389,1896,0
CACG.US,D,20171030,000000,26.406,26.408,26.32,26.32,6729,0
CACG.US,D,20171031,000000,26.311,26.389,26.311,26.349,8799,0
CACG.US,D,20171101,000000,26.537,26.537,26.369,26.417,1081,0
CACG.US,D,20171102,000000,26.339,26.339,26.235,26.27,18291,0
CACG.US,D,20171103,000000,26.427,26.507,26.422,26.502,12158,0
CACG.US,D,20171106,000000,26.577,26.582,26.577,26.582,324,0
CACG.US,D,20171107,000000,26.645,26.645,26.606,26.613,2649,0
CACG.US,D,20171108,000000,26.626,26.696,26.597,26.671,4125,0
CACG.US,D,20171109,000000,26.617,26.645,26.492,26.587,3325,0
CACG.US,D,20171110,000000,26.588,26.588,26.588,26.588,345,0
CACG.US,D,20171113,000000,26.587,26.587,26.547,26.547,3201,0
CACG.US,D,20171114,000000,26.422,26.437,26.417,26.427,2483,0
CACG.US,D,20171115,000000,26.24,26.389,26.24,26.359,1980,0
CACG.US,D,20171116,000000,26.497,26.617,26.497,26.602,3069,0
CACG.US,D,20171117,000000,26.666,26.666,26.607,26.646,2604,0
CACG.US,D,20171120,000000,26.736,26.736,26.577,26.607,1448,0
CACG.US,D,20171121,000000,26.785,26.851,26.757,26.851,2989,0
CACG.US,D,20171122,000000,26.863,26.873,26.815,26.873,3224,0
CACG.US,D,20171124,000000,26.913,26.923,26.893,26.923,118076,0
CACG.US,D,20171127,000000,26.853,26.873,26.794,26.873,6041,0
CACG.US,D,20171128,000000,26.863,27.042,26.861,27.042,10696,0
CACG.US,D,20171129,000000,26.868,26.893,26.805,26.868,13783,0
CACG.US,D,20171130,000000,27.013,27.122,26.983,27.122,4169,0
CACG.US,D,20171201,000000,27.112,27.121,27.028,27.028,3343,0
CACG.US,D,20171204,000000,27.171,27.171,27.013,27.013,155242,0
CACG.US,D,20171205,000000,26.91,27.033,26.843,26.853,6549,0
CACG.US,D,20171206,000000,26.825,26.825,26.78,26.78,817,0
CACG.US,D,20171207,000000,26.903,26.972,26.873,26.931,8503,0
CACG.US,D,20171208,000000,27.133,27.171,27.092,27.166,2644,0
CACG.US,D,20171211,000000,27.231,27.241,27.186,27.241,3341,0
CACG.US,D,20171212,000000,27.339,27.359,27.295,27.314,122975,0
CACG.US,D,20171213,000000,27.359,27.389,27.299,27.329,2422,0
CACG.US,D,20171214,000000,27.334,27.334,27.259,27.259,5868,0
CACG.US,D,20171215,000000,27.458,27.538,27.359,27.518,3461,0
CACG.US,D,20171218,000000,27.815,27.815,27.686,27.775,11528,0
CACG.US,D,20171219,000000,28.082,28.082,27.696,27.755,14715,0
CACG.US,D,20171220,000000,27.735,27.765,27.661,27.735,8741,0
CACG.US,D,20171221,000000,27.763,27.934,27.73,27.825,8830,0
CACG.US,D,20171222,000000,27.687,27.72,27.687,27.701,2147,0
CACG.US,D,20171226,000000,27.627,27.737,27.627,27.723,1348,0
CACG.US,D,20171227,000000,27.752,27.781,27.708,27.722,8104,0
CACG.US,D,20171228,000000,27.842,27.842,27.732,27.747,13771,0
CACG.US,D,20171229,000000,27.762,27.762,27.663,27.663,6298,0
CACG.US,D,20180102,000000,27.644,27.931,27.644,27.922,54109,0
CACG.US,D,20180103,000000,28.12,28.269,28.12,28.269,234281,0
CACG.US,D,20180104,000000,28.408,28.408,28.286,28.37,15290,0
CACG.US,D,20180105,000000,28.492,28.616,28.492,28.6,4338,0
CACG.US,D,20180108,000000,28.597,28.626,28.561,28.606,2739,0
CACG.US,D,20180109,000000,28.567,28.745,28.567,28.686,8124,0
CACG.US,D,20180110,000000,28.567,28.646,28.512,28.646,70261,0
CACG.US,D,20180111,000000,28.722,28.974,28.697,28.974,5008,0
CACG.US,D,20180112,000000,28.895,29.212,28.895,29.212,6927,0
CACG.US,D,20180116,000000,29.461,29.461,29.103,29.103,18219,0
CACG.US,D,20180117,000000,29.142,29.371,29.142,29.321,31173,0
CACG.US,D,20180118,000000,29.286,29.396,29.272,29.326,27581,0
CACG.US,D,20180119,000000,29.332,29.451,29.331,29.426,12914,0
CACG.US,D,20180122,000000,29.48,29.788,29.48,29.788,26218,0
CACG.US,D,20180123,000000,29.768,29.857,29.768,29.853,5386,0
CACG.US,D,20180124,000000,30.096,30.096,29.798,29.897,12930,0
CACG.US,D,20180125,000000,29.976,30.056,29.907,29.968,8659,0
CACG.US,D,20180126,000000,30.155,30.354,30.121,30.354,3306,0
CACG.US,D,20180129,000000,30.363,30.363,30.091,30.091,15865,0
CACG.US,D,20180130,000000,29.579,29.758,29.579,29.719,23329,0
CACG.US,D,20180131,000000,29.976,29.976,29.718,29.718,17201,0
CACG.US,D,20180201,000000,29.5,29.857,29.5,29.729,5007,0
CACG.US,D,20180202,000000,29.451,29.451,28.984,28.984,10306,0
CACG.US,D,20180205,000000,29.112,29.115,28.001,28.1,6793,0
CACG.US,D,20180206,000000,27.415,28.527,27.415,28.398,54576,0
CACG.US,D,20180207,000000,28.468,28.597,28.239,28.249,19339,0
CACG.US,D,20180208,000000,28.398,28.497,27.325,27.325,24791,0
CACG.US,D,20180209,000000,27.415,27.732,26.561,27.514,59132,0
CACG.US,D,20180212,000000,27.853,27.991,27.832,27.951,4417,0
CACG.US,D,20180213,000000,27.915,28.051,27.825,28.034,3876,0
CACG.US,D,20180214,000000,28.12,28.468,28.12,28.468,5765,0
CACG.US,D,20180215,000000,28.552,28.735,28.497,28.735,9613,0
CACG.US,D,20180216,000000,28.77,28.864,28.725,28.765,8751,0
CACG.US,D,20180220,000000,28.745,28.86,28.557,28.671,6481,0
CACG.US,D,20180221,000000,28.844,28.875,28.646,28.646,20801,0
CACG.US,D,20180222,000000,28.666,28.825,28.537,28.537,13046,0
CACG.US,D,20180223,000000,28.676,29.043,28.676,29.043,2943,0
CACG.US,D,20180226,000000,29.331,29.331,29.127,29.252,11437,0
CACG.US,D,20180227,000000,29.242,29.242,28.988,28.988,29846,0
CACG.US,D,20180228,000000,28.875,29.038,28.636,28.636,2831,0
CACG.US,D,20180301,000000,28.383,28.398,28.096,28.298,7797,0
CACG.US,D,20180302,000000,28.11,28.487,28.11,28.487,11567,0
CACG.US,D,20180305,000000,28.289,28.824,28.288,28.795,75078,0
CACG.US,D,20180306,000000,28.89,28.914,28.714,28.875,10347,0
CACG.US,D,20180307,000000,28.916,29.028,28.896,29.028,1710,0
CACG.US,D,20180308,000000,29.172,29.202,29.083,29.202,5747,0
CACG.US,D,20180309,000000,29.381,29.619,29.381,29.57,14459,0
CACG.US,D,20180312,000000,29.688,29.729,29.669,29.679,1077,0
CACG.US,D,20180313,000000,29.867,29.867,29.45,29.45,6069,0
CACG.US,D,20180314,000000,29.589,29.589,29.391,29.451,9203,0
CACG.US,D,20180315,000000,29.609,29.609,29.362,29.362,4903,0
CACG.US,D,20180316,000000,29.559,29.559,29.498,29.529,8140,0
CACG.US,D,20180319,000000,29.083,29.083,28.84,29.042,6662,0
CACG.US,D,20180320,000000,29.073,29.073,28.944,28.954,5369,0
CACG.US,D,20180321,000000,29.232,29.258,29.081,29.093,4653,0
CACG.US,D,20180322,000000,28.715,28.725,28.422,28.422,4511,0
CACG.US,D,20180323,000000,28.298,28.298,27.703,27.713,8642,0
CACG.US,D,20180326,000000,28.209,28.353,27.832,28.348,3813,0
CACG.US,D,20180327,000000,28.398,28.463,27.604,27.713,7268,0
CACG.US,D,20180328,000000,27.832,27.832,27.544,27.614,3257,0
CACG.US,D,20180329,000000,27.702,28.199,27.702,28.1,5068,0
CACG.US,D,20180402,000000,27.514,27.554,27.217,27.371,8255,0
CACG.US,D,20180403,000000,27.435,27.634,27.435,27.494,4314,0
CACG.US,D,20180404,000000,27.345,28.1,27.345,28.1,2833,0
CACG.US,D,20180405,000000,28.358,28.358,28.139,28.265,4029,0
CACG.US,D,20180406,000000,28.061,28.061,27.564,27.654,11509,0
CACG.US,D,20180409,000000,28.091,28.091,28.066,28.066,407,0
CACG.US,D,20180410,000000,28.398,28.398,28.006,28.298,7707,0
CACG.US,D,20180411,000000,28.271,28.288,28.149,28.149,2091,0
CACG.US,D,20180412,000000,28.368,28.478,28.328,28.403,11409,0
CACG.US,D,20180413,000000,28.468,28.468,28.249,28.249,886,0
CACG.US,D,20180416,000000,28.567,28.567,28.498,28.557,3544,0
CACG.US,D,20180417,000000,28.845,29.043,28.845,29.023,7206,0
CACG.US,D,20180418,000000,28.993,29.206,28.993,29.206,7583,0
CACG.US,D,20180419,000000,29.037,29.053,28.855,28.993,3669,0
CACG.US,D,20180420,000000,28.885,28.885,28.662,28.785,12715,0
CACG.US,D,20180423,000000,28.835,28.835,28.765,28.815,5772,0
CACG.US,D,20180424,000000,28.846,28.846,28.055,28.249,67338,0
CACG.US,D,20180425,000000,28.199,28.279,28.025,28.259,6858,0
CACG.US,D,20180426,000000,28.704,28.795,28.704,28.785,5382,0
CACG.US,D,20180427,000000,28.993,28.993,28.663,28.681,4872,0
CACG.US,D,20180430,000000,28.865,28.865,28.507,28.507,2908,0
CACG.US,D,20180501,000000,28.478,28.516,28.37,28.516,2434,0
CACG.US,D,20180502,000000,28.468,28.556,28.388,28.388,3047,0
CACG.US,D,20180503,000000,27.852,28.189,27.852,28.169,72937,0
CACG.US,D,20180504,000000,28.288,28.597,28.288,28.497,218463,0
CACG.US,D,20180507,000000,28.448,28.676,28.448,28.597,2912,0
CACG.US,D,20180508,000000,28.428,28.537,28.428,28.537,2710,0
CACG.US,D,20180509,000000,28.557,28.894,28.557,28.875,9728,0
CACG.US,D,20180510,000000,28.993,29.222,28.993,29.158,4659,0
CACG.US,D,20180511,000000,29.232,29.331,29.166,29.252,13993,0
CACG.US,D,20180514,000000,29.441,29.5,29.271,29.291,9309,0
CACG.US,D,20180515,000000,29.013,29.138,29.013,29.033,8671,0
CACG.US,D,20180516,000000,29.242,29.351,29.209,29.28,38979,0
CACG.US,D,20180517,000000,29.421,29.421,29.252,29.361,4123,0
CACG.US,D,20180518,000000,29.351,29.361,29.331,29.361,11991,0
CACG.US,D,20180521,000000,29.609,29.609,29.461,29.474,9218,0
CACG.US,D,20180522,000000,29.461,29.5,29.36,29.36,11372,0
CACG.US,D,20180523,000000,29.232,29.351,29.213,29.341,41689,0
CACG.US,D,20180524,000000,29.292,29.461,29.268,29.411,108820,0
CACG.US,D,20180525,000000,29.282,29.351,29.252,29.252,2477,0
CACG.US,D,20180529,000000,29.202,29.202,28.915,29.063,5870,0
CACG.US,D,20180530,000000,29.416,29.421,29.416,29.421,2346,0
CACG.US,D,20180531,000000,29.25,29.291,29.211,29.242,4738,0
CACG.US,D,20180601,000000,29.421,29.569,29.421,29.549,2234,0
CACG.US,D,20180604,000000,29.714,29.748,29.663,29.748,143404,0
CACG.US,D,20180605,000000,29.848,29.897,29.776,29.867,18117,0
CACG.US,D,20180606,000000,29.927,30.106,29.898,30.096,9669,0
CACG.US,D,20180607,000000,30.363,30.363,29.867,30.016,28044,0
CACG.US,D,20180608,000000,30.016,30.155,30.016,30.154,20181,0
CACG.US,D,20180611,000000,30.225,30.335,30.196,30.285,11045,0
CACG.US,D,20180612,000000,30.245,30.403,30.245,30.363,16097,0
CACG.US,D,20180613,000000,30.443,30.513,30.404,30.453,5691,0
CACG.US,D,20180614,000000,30.572,30.632,30.493,30.612,35024,0
CACG.US,D,20180615,000000,30.602,30.602,30.373,30.423,14797,0
CACG.US,D,20180618,000000,30.285,30.433,30.285,30.433,11554,0
CACG.US,D,20180619,000000,30.175,30.275,30.018,30.195,66780,0
CACG.US,D,20180620,000000,30.433,30.503,30.35,30.423,41995,0
CACG.US,D,20180621,000000,30.423,30.423,30.071,30.155,6381,0
CACG.US,D,20180622,000000,30.285,30.285,30.091,30.205,23243,0
CACG.US,D,20180625,000000,29.788,29.788,29.381,29.569,24023,0
CACG.US,D,20180626,000000,29.679,29.72,29.539,29.629,17090,0
CACG.US,D,20180627,000000,29.778,29.828,29.282,29.282,21267,0
CACG.US,D,20180628,000000,29.157,29.431,29.157,29.431,2759,0
CACG.US,D,20180629,000000,29.659,29.689,29.559,29.559,21030,0
CACG.US,D,20180702,000000,29.431,29.594,29.411,29.574,4949,0
CACG.US,D,20180703,000000,29.907,29.907,29.649,29.649,16954,0
CACG.US,D,20180705,000000,29.798,29.823,29.599,29.823,36102,0
CACG.US,D,20180706,000000,30.155,30.334,30.145,30.334,31920,0
CACG.US,D,20180709,000000,30.388,30.493,30.35,30.474,6597,0
CACG.US,D,20180710,000000,30.642,30.642,30.513,30.533,12387,0
CACG.US,D,20180711,000000,30.548,30.548,30.345,30.433,16979,0
CACG.US,D,20180712,000000,30.572,30.82,30.572,30.81,16807,0
CACG.US,D,20180713,000000,30.751,30.89,30.751,30.8,14524,0
CACG.US,D,20180716,000000,30.78,30.79,30.652,30.686,10102,0
CACG.US,D,20180717,000000,30.642,30.83,30.621,30.83,9225,0
CACG.US,D,20180718,000000,30.781,30.944,30.702,30.86,16537,0
CACG.US,D,20180719,000000,30.865,30.88,30.751,30.761,15007,0
CACG.US,D,20180720,000000,30.89,30.89,30.761,30.761,9133,0
CACG.US,D,20180723,000000,30.87,30.87,30.656,30.738,8940,0
CACG.US,D,20180724,000000,31.119,31.119,30.736,30.81,20350,0
CACG.US,D,20180725,000000,30.934,31.228,30.87,31.193,22995,0
CACG.US,D,20180726,000000,30.989,31.186,30.989,31.083,7586,0
CACG.US,D,20180727,000000,30.877,30.938,30.681,30.682,11377,0
CACG.US,D,20180730,000000,30.492,30.492,30.285,30.285,9761,0
CACG.US,D,20180731,000000,30.423,30.572,30.345,30.423,20772,0
CACG.US,D,20180801,000000,30.453,30.453,30.285,30.379,7705,0
CACG.US,D,20180802,000000,30.245,30.658,30.205,30.602,19691,0
CACG.US,D,20180803,000000,30.79,30.79,30.533,30.622,12686,0
CACG.US,D,20180806,000000,30.543,30.805,30.543,30.741,4756,0
CACG.US,D,20180807,000000,30.854,30.91,30.844,30.89,5745,0
CACG.US,D,20180808,000000,30.819,30.895,30.786,30.85,41097,0
CACG.US,D,20180809,000000,30.94,30.979,30.814,30.814,11295,0
CACG.US,D,20180810,000000,30.81,30.81,30.557,30.563,8158,0
CACG.US,D,20180813,000000,30.699,30.779,30.512,30.522,18244,0
CACG.US,D,20180814,000000,30.77,30.81,30.741,30.8,74253,0
CACG.US,D,20180815,000000,30.702,30.702,30.185,30.294,73889,0
CACG.US,D,20180816,000000,30.562,30.602,30.473,30.473,7533,0
CACG.US,D,20180817,000000,30.483,30.573,30.463,30.562,3480,0
CACG.US,D,20180820,000000,30.682,30.701,30.617,30.701,12342,0
CACG.US,D,20180821,000000,30.782,30.92,30.702,30.79,168996,0
CACG.US,D,20180822,000000,30.83,30.874,30.722,30.87,6762,0
CACG.US,D,20180823,000000,30.93,30.93,30.683,30.724,17556,0
CACG.US,D,20180824,000000,30.94,31.139,30.94,31.029,9790,0
CACG.US,D,20180827,000000,31.327,31.347,31.281,31.287,4557,0
CACG.US,D,20180828,000000,31.456,31.456,31.267,31.314,10739,0
CACG.US,D,20180829,000000,31.506,31.623,31.506,31.584,4902,0
CACG.US,D,20180830,000000,31.496,31.546,31.377,31.406,5766,0
CACG.US,D,20180831,000000,31.436,31.485,31.325,31.367,21231,0
CACG.US,D,20180904,000000,31.267,31.342,31.119,31.218,13536,0
CACG.US,D,20180905,000000,31.317,31.317,30.9,30.979,5807,0
CACG.US,D,20180906,000000,30.917,30.917,30.687,30.82,7472,0
CACG.US,D,20180907,000000,30.88,30.95,30.721,30.78,14723,0
CACG.US,D,20180910,000000,30.872,30.97,30.825,30.895,6185,0
CACG.US,D,20180911,000000,30.682,30.979,30.682,30.86,4561,0
CACG.US,D,20180912,000000,30.958,30.974,30.87,30.94,1674,0
CACG.US,D,20180913,000000,31.188,31.188,31.039,31.076,5832,0
CACG.US,D,20180914,000000,31.216,31.216,31.049,31.148,3189,0
CACG.US,D,20180917,000000,30.989,30.999,30.702,30.702,3722,0
CACG.US,D,20180918,000000,30.96,31.079,30.93,30.93,2705,0
CACG.US,D,20180919,000000,30.96,31.049,30.94,30.989,6660,0
CACG.US,D,20180920,000000,31.159,31.336,31.149,31.208,19248,0
CACG.US,D,20180921,000000,31.367,31.367,31.119,31.119,28233,0
CACG.US,D,20180924,000000,31.029,31.107,30.92,31.039,16915,0
CACG.US,D,20180925,000000,31.247,31.247,31.089,31.15,20456,0
CACG.US,D,20180926,000000,31.23,31.307,31.047,31.047,5477,0
CACG.US,D,20180927,000000,31.137,31.317,31.137,31.171,11263,0
CACG.US,D,20180928,000000,31.228,31.267,31.179,31.179,12583,0
CACG.US,D,20181001,000000,31.406,31.426,31.218,31.218,85156,0
CACG.US,D,20181002,000000,31.236,31.325,31.086,31.182,21416,0
CACG.US,D,20181003,000000,31.253,31.418,31.247,31.247,8725,0
CACG.US,D,20181004,000000,31.009,31.019,30.682,30.794,11362,0
CACG.US,D,20181005,000000,30.95,30.95,30.383,30.62,2967,0
CACG.US,D,20181008,000000,30.622,30.622,30.215,30.443,21012,0
CACG.US,D,20181009,000000,30.493,30.543,30.354,30.403,9019,0
CACG.US,D,20181010,000000,30.393,30.393,29.302,29.302,13756,0
CACG.US,D,20181011,000000,29.222,29.312,28.697,28.845,20857,0
CACG.US,D,20181012,000000,29.49,29.49,28.984,29.367,12180,0
CACG.US,D,20181015,000000,29.321,29.461,29.187,29.331,13287,0
CACG.US,D,20181016,000000,29.579,29.996,29.509,29.996,14516,0
CACG.US,D,20181017,000000,29.996,29.996,29.659,29.936,9571,0
CACG.US,D,20181018,000000,29.848,29.927,29.262,29.411,6888,0
CACG.US,D,20181019,000000,29.652,29.652,29.262,29.282,4395,0
CACG.US,D,20181022,000000,29.391,29.391,29.103,29.302,6064,0
CACG.US,D,20181023,000000,28.904,29.192,28.597,29.078,10247,0
CACG.US,D,20181024,000000,29.043,29.083,27.832,27.911,21259,0
CACG.US,D,20181025,000000,28.567,28.722,28.463,28.646,10098,0
CACG.US,D,20181026,000000,28.11,28.433,27.753,28.061,15494,0
CACG.US,D,20181029,000000,28.735,28.735,27.487,27.891,21078,0
CACG.US,D,20181030,000000,27.951,28.149,27.812,28.149,15684,0
CACG.US,D,20181031,000000,28.718,28.914,28.569,28.686,20695,0
CACG.US,D,20181101,000000,28.835,29.142,28.705,29.142,11869,0
CACG.US,D,20181102,000000,29.262,29.33,28.738,28.948,6984,0
CACG.US,D,20181105,000000,29.023,29.023,28.815,29.008,6055,0
CACG.US,D,20181106,000000,29.112,29.232,29.045,29.142,13848,0
CACG.US,D,20181107,000000,29.569,29.936,29.569,29.927,15589,0
CACG.US,D,20181108,000000,29.976,29.976,29.729,29.729,11532,0
CACG.US,D,20181109,000000,29.768,29.768,29.272,29.539,52190,0
CACG.US,D,20181112,000000,29.262,29.272,28.825,28.825,20594,0
CACG.US,D,20181113,000000,28.984,29.122,28.775,28.775,4983,0
CACG.US,D,20181114,000000,29.056,29.056,28.579,28.679,11524,0
CACG.US,D,20181115,000000,28.587,29.053,28.587,29.043,7671,0
CACG.US,D,20181116,000000,28.944,29.093,28.924,29.093,17173,0
CACG.US,D,20181119,000000,29.093,29.093,28.329,28.329,10771,0
CACG.US,D,20181120,000000,28.09,28.1,27.634,27.812,38550,0
CACG.US,D,20181121,000000,28.1,28.313,28.1,28.189,29409,0
CACG.US,D,20181123,000000,28.056,28.159,28.056,28.071,2404,0
CACG.US,D,20181126,000000,28.418,28.448,28.28,28.448,6088,0
CACG.US,D,20181127,000000,28.35,28.636,28.35,28.489,286011,0
CACG.US,D,20181128,000000,28.606,29.272,28.606,29.252,26940,0
CACG.US,D,20181129,000000,29.093,29.391,29.085,29.321,21246,0
CACG.US,D,20181130,000000,29.204,29.48,29.193,29.48,58235,0
CACG.US,D,20181203,000000,29.838,29.887,29.629,29.768,11975,0
CACG.US,D,20181204,000000,29.649,29.808,28.835,28.845,93807,0
CACG.US,D,20181206,000000,28.428,28.676,28.021,28.56,25097,0
CACG.US,D,20181207,000000,28.984,28.984,28.149,28.192,9287,0
CACG.US,D,20181210,000000,28.199,28.386,27.803,28.386,6399,0
CACG.US,D,20181211,000000,28.745,28.765,28.229,28.438,49517,0
CACG.US,D,20181212,000000,28.718,29.033,28.718,28.835,13080,0
CACG.US,D,20181213,000000,28.934,28.934,28.458,28.517,15134,0
CACG.US,D,20181214,000000,28.271,28.35,27.911,27.981,86312,0
CACG.US,D,20181217,000000,28.031,28.051,27.317,27.317,13994,0
CACG.US,D,20181218,000000,27.683,27.683,27.223,27.425,16462,0
CACG.US,D,20181219,000000,27.425,27.755,26.74,26.868,26806,0
CACG.US,D,20181220,000000,26.74,26.848,26.084,26.373,83728,0
CACG.US,D,20181221,000000,25.607,26.578,25.607,25.607,55183,0
CACG.US,D,20181224,000000,25.35,25.727,25.224,25.224,15824,0
CACG.US,D,20181226,000000,25.25,25.846,24.998,25.803,33394,0
CACG.US,D,20181227,000000,25.737,27.564,24.188,26.393,75098,0
CACG.US,D,20181228,000000,26.7,26.78,26.263,26.397,71934,0
CACG.US,D,20181231,000000,26.66,26.72,26.411,26.571,103717,0
CACG.US,D,20190102,000000,26.471,26.72,26.461,26.611,2576,0
CACG.US,D,20190103,000000,26.373,26.581,26.164,26.223,8736,0
CACG.US,D,20190104,000000,26.64,27.198,26.64,27.029,5203,0
CACG.US,D,20190107,000000,27.188,27.573,27.188,27.495,17222,0
CACG.US,D,20190108,000000,27.736,27.774,27.505,27.774,8532,0
CACG.US,D,20190109,000000,27.933,28.077,27.852,28.003,7594,0
CACG.US,D,20190110,000000,27.734,28.171,27.734,28.171,24012,0
CACG.US,D,20190111,000000,27.918,28.201,27.918,28.201,8546,0
CACG.US,D,20190114,000000,28.013,28.092,27.954,28.043,6204,0
CACG.US,D,20190115,000000,28.298,28.4,28.201,28.39,9810,0
CACG.US,D,20190116,000000,28.48,28.489,28.37,28.39,11458,0
CACG.US,D,20190117,000000,28.35,28.568,28.35,28.568,4878,0
CACG.US,D,20190118,000000,28.898,28.996,28.674,28.987,8761,0
CACG.US,D,20190122,000000,28.708,28.738,28.37,28.48,19741,0
CACG.US,D,20190123,000000,28.768,28.768,28.301,28.559,9843,0
CACG.US,D,20190124,000000,28.519,28.519,28.351,28.519,8444,0
CACG.US,D,20190125,000000,28.848,28.898,28.808,28.808,6713,0
CACG.US,D,20190128,000000,28.698,28.698,28.43,28.569,12279,0
CACG.US,D,20190129,000000,28.589,28.589,28.433,28.457,6061,0
CACG.US,D,20190130,000000,28.698,28.849,28.483,28.848,20999,0
CACG.US,D,20190131,000000,28.996,29.215,28.996,29.215,12952,0
CACG.US,D,20190201,000000,29.245,29.295,29.164,29.255,16569,0
CACG.US,D,20190204,000000,29.305,29.424,29.284,29.424,71297,0
CACG.US,D,20190205,000000,29.593,29.623,29.478,29.583,6145,0
CACG.US,D,20190206,000000,29.523,29.543,29.374,29.514,9502,0
CACG.US,D,20190207,000000,29.205,29.268,28.888,29.016,24426,0
CACG.US,D,20190208,000000,28.868,29.086,28.778,29.046,55987,0
CACG.US,D,20190211,000000,29.05,29.106,29.032,29.066,3625,0
CACG.US,D,20190212,000000,29.404,29.504,29.341,29.434,25773,0
CACG.US,D,20190213,000000,29.723,29.723,29.563,29.563,13246,0
CACG.US,D,20190214,000000,29.404,29.703,29.404,29.563,19214,0
CACG.US,D,20190215,000000,29.723,29.832,29.723,29.822,11375,0
CACG.US,D,20190219,000000,29.871,29.99,29.871,29.933,4495,0
CACG.US,D,20190220,000000,29.911,30.008,29.861,29.891,9042,0
CACG.US,D,20190221,000000,29.931,29.931,29.603,29.693,10074,0
CACG.US,D,20190222,000000,29.802,29.98,29.802,29.931,9090,0
CACG.US,D,20190225,000000,30.259,30.259,30.07,30.083,31966,0
CACG.US,D,20190226,000000,29.911,30.159,29.911,30.086,8287,0
CACG.US,D,20190227,000000,30.06,30.065,29.842,30.04,19487,0
CACG.US,D,20190228,000000,29.931,30,29.882,29.922,7395,0
CACG.US,D,20190301,000000,30.143,30.169,29.96,30.169,8051,0
CACG.US,D,20190304,000000,30.378,30.378,29.63,29.901,19918,0
CACG.US,D,20190305,000000,29.822,29.99,29.822,29.911,11310,0
CACG.US,D,20190306,000000,29.812,29.821,29.585,29.693,6782,0
CACG.US,D,20190307,000000,29.526,29.526,29.31,29.378,13951,0
CACG.US,D,20190308,000000,29.135,29.225,29.086,29.166,6122,0
CACG.US,D,20190311,000000,29.295,29.852,29.295,29.838,16267,0
CACG.US,D,20190312,000000,30.01,30.07,29.911,29.94,28505,0
CACG.US,D,20190313,000000,30.308,30.339,30.209,30.259,5497,0
CACG.US,D,20190314,000000,30.244,30.289,30.169,30.239,14041,0
CACG.US,D,20190315,000000,30.398,30.417,30.279,30.368,53962,0
CACG.US,D,20190318,000000,30.488,30.535,30.368,30.471,14926,0
CACG.US,D,20190319,000000,30.606,30.751,30.478,30.524,2488,0
CACG.US,D,20190320,000000,30.478,30.654,30.363,30.528,19751,0
CACG.US,D,20190321,000000,30.299,30.623,30.169,30.623,6857,0
CACG.US,D,20190322,000000,30.339,30.367,29.911,29.911,11405,0
CACG.US,D,20190325,000000,29.96,29.96,29.643,29.812,11538,0
CACG.US,D,20190326,000000,30.169,30.259,29.94,30.03,21888,0
CACG.US,D,20190327,000000,30.178,30.189,29.718,29.896,13932,0
CACG.US,D,20190328,000000,30.04,30.08,29.782,30.02,18304,0
CACG.US,D,20190329,000000,30.174,30.284,30.091,30.239,9079,0
CACG.US,D,20190401,000000,30.657,30.677,30.478,30.677,22199,0
CACG.US,D,20190402,000000,30.677,30.677,30.567,30.667,52269,0
CACG.US,D,20190403,000000,30.775,30.945,30.765,30.813,8042,0
CACG.US,D,20190404,000000,30.935,30.935,30.718,30.856,8808,0
CACG.US,D,20190405,000000,31.044,31.094,30.977,31.094,6821,0
CACG.US,D,20190408,000000,31.054,31.104,30.994,31.065,8518,0
CACG.US,D,20190409,000000,31.124,31.124,30.925,30.925,25636,0
CACG.US,D,20190410,000000,31.014,31.113,30.986,31.113,16457,0
CACG.US,D,20190411,000000,31.064,31.084,30.93,30.974,15861,0
CACG.US,D,20190412,000000,31.422,31.422,31.164,31.223,17381,0
CACG.US,D,20190415,000000,31.263,31.283,31.21,31.242,4012,0
CACG.US,D,20190416,000000,31.392,31.392,31.263,31.287,6971,0
CACG.US,D,20190417,000000,31.402,31.402,31.065,31.17,15392,0
CACG.US,D,20190418,000000,31.114,31.243,31.042,31.243,5983,0
CACG.US,D,20190422,000000,31.263,31.303,31.184,31.277,8529,0
CACG.US,D,20190423,000000,31.512,31.78,31.484,31.728,6165,0
CACG.US,D,20190424,000000,31.859,31.859,31.67,31.718,15795,0
CACG.US,D,20190425,000000,31.63,31.829,31.63,31.75,13424,0
CACG.US,D,20190426,000000,31.747,31.929,31.74,31.929,10013,0
CACG.US,D,20190429,000000,31.969,32.058,31.969,32.029,5843,0
CACG.US,D,20190430,000000,31.909,31.969,31.752,31.931,6357,0
CACG.US,D,20190501,000000,32.198,32.198,31.809,31.809,20739,0
CACG.US,D,20190502,000000,31.668,31.78,31.442,31.572,10982,0
CACG.US,D,20190503,000000,31.829,32.018,31.809,31.959,19422,0
CACG.US,D,20190506,000000,31.47,31.918,31.47,31.909,20261,0
CACG.US,D,20190507,000000,31.668,31.668,31.213,31.293,19616,0
CACG.US,D,20190508,000000,31.382,31.492,31.293,31.363,8473,0
CACG.US,D,20190509,000000,31.193,31.263,30.815,31.213,21033,0
CACG.US,D,20190510,000000,30.994,31.293,30.81,31.293,11099,0
CACG.US,D,20190513,000000,30.498,30.577,30.319,30.368,13547,0
CACG.US,D,20190514,000000,30.667,30.915,30.617,30.657,7792,0
CACG.US,D,20190515,000000,30.597,31.044,30.597,30.994,8537,0
CACG.US,D,20190516,000000,31.134,31.414,31.134,31.233,139695,0
CACG.US,D,20190517,000000,31.114,31.273,30.92,31.05,9189,0
CACG.US,D,20190520,000000,30.855,30.885,30.617,30.683,5902,0
CACG.US,D,20190521,000000,31.044,31.124,31.009,31.054,6477,0
CACG.US,D,20190522,000000,31.064,31.104,30.965,31.044,12399,0
CACG.US,D,20190523,000000,30.662,30.662,30.408,30.498,58754,0
CACG.US,D,20190524,000000,30.756,30.756,30.438,30.518,6499,0
CACG.US,D,20190528,000000,30.567,30.576,30.338,30.339,12965,0
CACG.US,D,20190529,000000,30.04,30.159,29.905,30.048,5773,0
CACG.US,D,20190530,000000,29.98,30.189,29.972,29.972,7008,0
CACG.US,D,20190531,000000,29.603,29.764,29.593,29.703,9327,0
CACG.US,D,20190603,000000,29.543,29.593,29.165,29.265,35086,0
CACG.US,D,20190604,000000,29.484,30,29.484,29.998,12055,0
CACG.US,D,20190605,000000,30.01,30.109,29.812,30.04,28424,0
CACG.US,D,20190606,000000,30.249,30.261,30.047,30.2,120231,0
CACG.US,D,20190607,000000,30.229,30.65,30.229,30.587,13423,0
CACG.US,D,20190610,000000,30.795,30.96,30.767,30.816,9806,0
CACG.US,D,20190611,000000,30.955,31.024,30.749,30.765,20906,0
CACG.US,D,20190612,000000,30.815,30.815,30.634,30.736,7222,0
CACG.US,D,20190613,000000,30.717,30.851,30.717,30.746,40853,0
CACG.US,D,20190614,000000,30.865,30.865,30.602,30.697,52476,0
CACG.US,D,20190617,000000,30.765,30.845,30.707,30.707,6346,0
CACG.US,D,20190618,000000,30.925,31.303,30.925,31.183,50285,0
CACG.US,D,20190619,000000,31.164,31.373,31.134,31.373,31057,0
CACG.US,D,20190620,000000,31.71,31.71,31.534,31.71,64633,0
CACG.US,D,20190621,000000,31.492,31.733,31.492,31.64,17508,0
CACG.US,D,20190624,000000,31.61,31.61,31.472,31.537,16495,0
CACG.US,D,20190625,000000,31.75,31.75,31.261,31.343,16499,0
CACG.US,D,20190626,000000,31.482,31.482,31.363,31.383,24897,0
CACG.US,D,20190627,000000,31.511,31.595,31.452,31.523,15757,0
CACG.US,D,20190628,000000,31.474,31.591,31.425,31.512,21362,0
CACG.US,D,20190701,000000,31.909,31.914,31.72,31.72,29337,0
CACG.US,D,20190702,000000,31.959,31.959,31.82,31.879,42950,0
CACG.US,D,20190703,000000,32.058,32.107,31.977,32.088,8848,0
CACG.US,D,20190705,000000,32.088,32.088,31.914,32.068,2255,0
CACG.US,D,20190708,000000,32.028,32.028,31.819,31.879,84665,0
CACG.US,D,20190709,000000,31.819,32.034,31.819,32.034,11339,0
CACG.US,D,20190710,000000,32.058,32.246,31.991,32.143,14195,0
CACG.US,D,20190711,000000,32.206,32.316,32.168,32.297,18360,0
CACG.US,D,20190712,000000,32.352,32.535,32.327,32.535,19308,0
CACG.US,D,20190715,000000,32.52,32.585,32.494,32.525,12389,0
CACG.US,D,20190716,000000,32.565,32.592,32.426,32.465,31210,0
CACG.US,D,20190717,000000,32.495,32.495,32.287,32.287,13765,0
CACG.US,D,20190718,000000,32.23,32.327,32.198,32.267,17304,0
CACG.US,D,20190719,000000,32.443,32.443,32.128,32.128,9331,0
CACG.US,D,20190722,000000,32.377,32.377,32.247,32.257,5872,0
CACG.US,D,20190723,000000,32.495,32.505,32.28,32.436,36122,0
CACG.US,D,20190724,000000,32.465,32.704,32.465,32.644,97069,0
CACG.US,D,20190725,000000,32.439,32.555,32.396,32.396,10114,0
CACG.US,D,20190726,000000,32.642,32.814,32.596,32.814,48895,0
CACG.US,D,20190729,000000,32.764,32.764,32.51,32.603,5197,0
CACG.US,D,20190730,000000,32.436,32.674,32.436,32.575,4853,0
CACG.US,D,20190731,000000,32.539,32.595,32.008,32.267,17617,0
CACG.US,D,20190801,000000,32.428,32.674,32.008,32.148,39996,0
CACG.US,D,20190802,000000,31.949,31.949,31.512,31.645,7342,0
CACG.US,D,20190805,000000,31.084,31.084,30.566,30.815,17756,0
CACG.US,D,20190806,000000,31.004,31.15,30.85,31.15,71845,0
CACG.US,D,20190807,000000,30.717,31.198,30.667,31.182,11506,0
CACG.US,D,20190808,000000,31.383,31.809,31.367,31.809,8968,0
CACG.US,D,20190809,000000,31.68,31.71,31.387,31.71,21296,0
CACG.US,D,20190812,000000,31.363,31.363,31.114,31.233,20746,0
CACG.US,D,20190813,000000,31.64,31.799,31.183,31.67,23329,0
CACG.US,D,20190814,000000,31.353,31.353,30.805,30.835,63761,0
CACG.US,D,20190815,000000,30.905,30.905,30.613,30.895,33071,0
CACG.US,D,20190816,000000,31.126,31.361,31.094,31.343,124894,0
CACG.US,D,20190819,000000,31.603,31.69,31.492,31.62,99990,0
CACG.US,D,20190820,000000,31.402,31.582,31.393,31.393,7692,0
CACG.US,D,20190821,000000,31.715,31.715,31.63,31.65,12647,0
CACG.US,D,20190822,000000,31.582,31.582,31.335,31.512,35439,0
CACG.US,D,20190823,000000,31.144,31.422,30.59,30.697,17883,0
CACG.US,D,20190826,000000,30.707,30.945,30.707,30.895,24157,0
CACG.US,D,20190827,000000,30.945,31.014,30.726,30.765,18860,0
CACG.US,D,20190828,000000,30.538,30.905,30.538,30.905,17292,0
CACG.US,D,20190829,000000,31.024,31.388,31.024,31.269,4025,0
CACG.US,D,20190830,000000,31.582,31.582,31.253,31.363,5355,0
CACG.US,D,20190903,000000,31.193,31.213,30.866,31.024,15143,0
CACG.US,D,20190904,000000,31.373,31.373,31.175,31.343,7187,0
CACG.US,D,20190905,000000,31.61,31.979,31.61,31.899,23121,0
CACG.US,D,20190906,000000,31.901,32.038,31.901,32.014,7450,0
CACG.US,D,20190909,000000,32.013,32.028,31.796,31.888,11205,0
CACG.US,D,20190910,000000,31.77,31.849,31.649,31.839,9076,0
CACG.US,D,20190911,000000,32.038,32.141,31.969,32.106,7740,0
CACG.US,D,20190912,000000,32.198,32.39,32.198,32.277,11421,0
CACG.US,D,20190913,000000,32.238,32.297,32.208,32.247,29160,0
CACG.US,D,20190916,000000,32.217,32.217,32.108,32.191,7653,0
CACG.US,D,20190917,000000,32.267,32.267,32.114,32.229,3607,0
CACG.US,D,20190918,000000,32.158,32.158,31.879,32.122,7529,0
CACG.US,D,20190919,000000,32.285,32.324,32.075,32.075,4514,0
CACG.US,D,20190920,000000,32.245,32.245,32.03,32.033,19191,0
CACG.US,D,20190923,000000,31.966,32.051,31.931,31.999,15254,0
CACG.US,D,20190924,000000,31.989,32.067,31.452,31.452,6838,0
CACG.US,D,20190925,000000,31.386,31.724,31.383,31.686,6687,0
CACG.US,D,20190926,000000,31.497,31.63,31.388,31.532,4314,0
CACG.US,D,20190927,000000,31.61,31.628,31.203,31.343,8620,0
CACG.US,D,20190930,000000,31.392,31.567,31.392,31.472,4250,0
CACG.US,D,20191001,000000,31.71,31.74,31.144,31.183,11230,0
CACG.US,D,20191002,000000,31.084,31.084,30.538,30.677,18606,0
CACG.US,D,20191003,000000,30.428,31.024,30.418,31.024,18345,0
CACG.US,D,20191004,000000,31.151,31.373,31.104,31.373,11233,0
CACG.US,D,20191007,000000,31.271,31.461,31.271,31.353,9107,0
CACG.US,D,20191008,000000,30.895,30.965,30.747,30.827,4725,0
CACG.US,D,20191009,000000,30.926,31.142,30.926,31.044,14038,0
CACG.US,D,20191010,000000,31.064,31.303,31.064,31.174,2953,0
CACG.US,D,20191011,000000,31.7,31.847,31.68,31.68,3239,0
CACG.US,D,20191014,000000,31.579,31.64,31.557,31.582,7613,0
CACG.US,D,20191015,000000,31.809,32.072,31.8,32.008,9320,0
CACG.US,D,20191016,000000,31.837,31.932,31.837,31.909,14112,0
CACG.US,D,20191017,000000,32.048,32.07,31.879,31.879,16348,0
CACG.US,D,20191018,000000,31.949,31.949,31.73,31.78,6316,0
CACG.US,D,20191021,000000,31.891,31.999,31.891,31.948,12254,0
CACG.US,D,20191022,000000,32.227,32.247,32.064,32.068,12130,0
CACG.US,D,20191023,000000,32.085,32.132,32.026,32.098,6809,0
CACG.US,D,20191024,000000,31.996,32.108,31.969,32.108,10425,0
CACG.US,D,20191025,000000,32.237,32.257,32.138,32.247,10356,0
CACG.US,D,20191028,000000,32.426,32.475,32.376,32.407,5186,0
CACG.US,D,20191029,000000,32.347,32.444,32.277,32.377,10083,0
CACG.US,D,20191030,000000,32.257,32.43,32.247,32.367,7814,0
CACG.US,D,20191031,000000,32.475,32.475,32.068,32.235,7881,0
CACG.US,D,20191101,000000,32.529,32.529,32.475,32.475,1788,0
CACG.US,D,20191104,000000,32.649,32.658,32.615,32.658,3478,0
CACG.US,D,20191105,000000,32.714,32.714,32.525,32.525,18426,0
CACG.US,D,20191106,000000,32.545,32.595,32.436,32.595,4524,0
CACG.US,D,20191107,000000,32.794,32.863,32.637,32.644,6362,0
CACG.US,D,20191108,000000,32.744,32.834,32.724,32.834,4254,0
CACG.US,D,20191111,000000,32.805,32.805,32.739,32.744,6982,0
CACG.US,D,20191112,000000,32.853,32.973,32.764,32.843,8316,0
CACG.US,D,20191113,000000,32.912,32.912,32.764,32.809,4622,0
CACG.US,D,20191114,000000,32.764,32.834,32.684,32.834,8892,0
CACG.US,D,20191115,000000,32.873,33.135,32.873,33.135,1934,0
CACG.US,D,20191118,000000,33.182,33.27,33.117,33.207,6507,0
CACG.US,D,20191119,000000,33.281,33.367,33.212,33.322,5364,0
CACG.US,D,20191120,000000,33.152,33.35,33.023,33.158,15493,0
CACG.US,D,20191121,000000,33.198,33.232,33.122,33.173,9233,0
CACG.US,D,20191122,000000,33.33,33.384,33.228,33.372,25816,0
CACG.US,D,20191125,000000,33.589,33.678,33.589,33.66,3865,0
CACG.US,D,20191126,000000,33.619,33.755,33.619,33.673,10696,0
CACG.US,D,20191127,000000,33.747,33.927,33.747,33.912,4550,0
CACG.US,D,20191129,000000,33.877,33.884,33.782,33.782,5022,0
CACG.US,D,20191202,000000,33.678,33.678,33.302,33.395,72291,0
CACG.US,D,20191203,000000,32.943,33.122,32.943,33.122,13264,0
CACG.US,D,20191204,000000,33.33,33.41,33.291,33.318,25560,0
CACG.US,D,20191205,000000,33.469,33.469,33.212,33.342,11940,0
CACG.US,D,20191206,000000,33.627,33.664,33.499,33.499,4971,0
CACG.US,D,20191209,000000,33.539,33.569,33.482,33.482,5065,0
CACG.US,D,20191210,000000,33.569,33.609,33.38,33.423,5318,0
CACG.US,D,20191211,000000,33.564,33.564,33.455,33.56,15733,0
CACG.US,D,20191212,000000,33.499,33.946,33.46,33.848,10017,0
CACG.US,D,20191213,000000,33.599,34.08,33.599,33.843,6635,0
CACG.US,D,20191216,000000,34.132,34.245,34.132,34.171,11836,0
CACG.US,D,20191217,000000,34.324,34.324,34.077,34.121,6775,0
CACG.US,D,20191218,000000,34.255,34.255,34.142,34.175,6832,0
CACG.US,D,20191219,000000,34.265,34.344,34.265,34.311,5734,0
CACG.US,D,20191220,000000,34.364,34.523,34.344,34.5,7152,0
CACG.US,D,20191223,000000,34.683,34.683,34.543,34.568,2896,0
CACG.US,D,20191224,000000,34.722,34.722,34.613,34.613,33233,0
CACG.US,D,20191226,000000,34.543,34.543,34.446,34.505,4890,0
CACG.US,D,20191227,000000,34.722,34.722,34.495,34.498,5657,0
CACG.US,D,20191230,000000,34.454,34.454,34.185,34.251,12648,0
CACG.US,D,20191231,000000,34.135,34.324,34.135,34.285,4900,0
CACG.US,D,20200102,000000,34.434,34.665,34.434,34.665,4227,0
CACG.US,D,20200103,000000,34.185,34.581,34.185,34.473,5590,0
CACG.US,D,20200106,000000,34.393,34.593,34.384,34.583,29452,0
CACG.US,D,20200107,000000,34.716,34.782,34.673,34.722,3764,0
CACG.US,D,20200108,000000,34.603,35.091,34.603,34.925,36067,0
CACG.US,D,20200109,000000,35.13,35.164,35.011,35.138,5920,0
CACG.US,D,20200110,000000,35.359,35.359,35.035,35.065,11042,0
CACG.US,D,20200113,000000,35.18,35.329,35.18,35.271,14089,0
CACG.US,D,20200114,000000,35.25,35.419,35.19,35.266,12163,0
CACG.US,D,20200115,000000,35.47,35.499,35.3,35.347,4646,0
CACG.US,D,20200116,000000,35.399,35.581,35.399,35.568,7251,0
CACG.US,D,20200117,000000,35.698,35.757,35.608,35.742,9607,0
CACG.US,D,20200121,000000,35.743,35.857,35.648,35.744,7912,0
CACG.US,D,20200122,000000,35.961,35.961,35.767,35.79,28678,0
CACG.US,D,20200123,000000,35.735,35.807,35.578,35.753,8925,0
CACG.US,D,20200124,000000,35.773,35.847,35.258,35.358,14324,0
CACG.US,D,20200127,000000,34.882,34.921,34.744,34.817,19142,0
CACG.US,D,20200128,000000,34.832,35.23,34.832,35.22,11073,0
CACG.US,D,20200129,000000,35.18,35.27,35.041,35.093,7298,0
CACG.US,D,20200130,000000,34.862,34.947,34.574,34.947,10464,0
CACG.US,D,20200131,000000,34.658,34.658,34.304,34.304,23256,0
CACG.US,D,20200203,000000,34.744,34.812,34.624,34.719,46471,0
CACG.US,D,20200204,000000,35.25,35.469,35.191,35.379,5912,0
CACG.US,D,20200205,000000,35.537,35.745,35.485,35.74,7125,0
CACG.US,D,20200206,000000,35.837,36.006,35.837,36.006,26615,0
CACG.US,D,20200207,000000,35.708,35.935,35.708,35.786,5135,0
CACG.US,D,20200210,000000,35.769,36.036,35.769,35.994,14408,0
CACG.US,D,20200211,000000,36.128,36.227,36.033,36.081,5134,0
CACG.US,D,20200212,000000,36.434,36.504,36.271,36.494,12624,0
CACG.US,D,20200213,000000,36.439,36.628,36.399,36.479,26787,0
CACG.US,D,20200214,000000,36.454,36.584,36.305,36.425,6859,0
CACG.US,D,20200218,000000,36.482,36.603,36.464,36.539,7983,0
CACG.US,D,20200219,000000,36.613,36.892,36.613,36.812,8447,0
CACG.US,D,20200220,000000,36.862,36.862,36.295,36.633,15832,0
CACG.US,D,20200221,000000,36.504,36.534,36.076,36.17,21151,0
CACG.US,D,20200224,000000,35.15,35.15,34.673,34.861,32395,0
CACG.US,D,20200225,000000,35.001,35.001,33.518,33.694,74741,0
CACG.US,D,20200226,000000,33.737,34.201,33.543,33.597,81028,0
CACG.US,D,20200227,000000,32.583,33.339,32.175,32.175,106160,0
CACG.US,D,20200228,000000,31.274,32.145,30.851,32.145,43309,0
CACG.US,D,20200302,000000,32.271,33.29,31.979,33.29,55474,0
CACG.US,D,20200303,000000,33.24,33.702,32.231,32.42,9903,0
CACG.US,D,20200304,000000,33.339,33.936,32.961,33.936,150748,0
CACG.US,D,20200305,000000,33.198,33.225,32.651,32.669,18951,0
CACG.US,D,20200306,000000,31.637,32.195,31.558,32.195,8409,0
CACG.US,D,20200309,000000,29.597,31.16,28.364,30.025,34162,0
CACG.US,D,20200310,000000,30.722,31.349,29.926,31.228,7175,0
CACG.US,D,20200311,000000,30.612,30.612,29.635,29.936,7781,0
CACG.US,D,20200312,000000,28.373,28.672,24.024,27.252,23872,0
CACG.US,D,20200313,000000,27.637,29.707,27.149,29.707,42702,0
CACG.US,D,20200316,000000,29.109,29.109,26.014,26.12,76734,0
CACG.US,D,20200317,000000,26.572,28.104,25.92,27.537,42636,0
CACG.US,D,20200318,000000,26.084,26.87,24.662,26.05,66496,0
CACG.US,D,20200319,000000,25.815,27.369,25.66,26.801,41640,0
CACG.US,D,20200320,000000,27.003,27.298,25.886,25.886,44936,0
CACG.US,D,20200323,000000,25.726,25.955,24.711,25.358,72842,0
CACG.US,D,20200324,000000,25.965,27.557,25.965,27.557,34470,0
CACG.US,D,20200325,000000,28.084,29.126,27.399,27.929,51705,0
CACG.US,D,20200326,000000,28.468,29.496,28.468,29.388,52846,0
CACG.US,D,20200327,000000,28.502,29.189,28.274,28.425,33525,0
CACG.US,D,20200330,000000,29.06,29.292,28.881,29.292,18804,0
CACG.US,D,20200331,000000,29.593,29.667,28.821,29.073,37730,0
CACG.US,D,20200401,000000,28.137,28.228,27.527,27.749,17096,0
CACG.US,D,20200402,000000,27.631,28.398,27.631,28.272,13544,0
CACG.US,D,20200403,000000,28.353,28.398,27.647,27.754,34072,0
CACG.US,D,20200406,000000,28.492,29.916,28.492,29.916,12886,0
CACG.US,D,20200407,000000,30.363,30.602,29.482,29.482,80922,0
CACG.US,D,20200408,000000,30.164,30.712,29.856,30.702,5558,0
CACG.US,D,20200409,000000,30.682,31.1,30.682,30.821,86166,0
CACG.US,D,20200413,000000,30.453,30.841,30.276,30.707,5926,0
CACG.US,D,20200414,000000,31.737,31.936,31.418,31.789,12365,0
CACG.US,D,20200415,000000,31.657,31.657,30.971,31.398,32379,0
CACG.US,D,20200416,000000,31.339,31.866,31.339,31.742,9483,0
CACG.US,D,20200417,000000,32.36,32.36,31.836,32.13,8562,0
CACG.US,D,20200420,000000,31.861,32.264,31.657,31.802,11627,0
CACG.US,D,20200421,000000,31.647,31.647,30.695,30.92,14069,0
CACG.US,D,20200422,000000,31.428,31.538,31.17,31.41,8500,0
CACG.US,D,20200423,000000,31.548,31.845,31.327,31.327,10094,0
CACG.US,D,20200424,000000,31.526,31.896,31.219,31.896,10664,0
CACG.US,D,20200427,000000,32.334,32.453,32.264,32.264,10751,0
CACG.US,D,20200428,000000,32.473,32.473,31.996,31.996,27153,0
CACG.US,D,20200429,000000,32.832,33.041,32.652,32.895,177101,0
CACG.US,D,20200430,000000,32.901,32.901,32.48,32.687,16187,0
CACG.US,D,20200501,000000,31.981,31.981,31.523,31.624,5560,0
CACG.US,D,20200504,000000,31.659,31.846,31.562,31.808,10676,0
CACG.US,D,20200505,000000,32.294,32.493,32.197,32.213,12577,0
CACG.US,D,20200506,000000,32.412,32.513,32.194,32.212,64076,0
CACG.US,D,20200507,000000,32.752,32.782,32.503,32.564,17656,0
CACG.US,D,20200508,000000,32.95,33.16,32.95,33.117,16562,0
CACG.US,D,20200511,000000,33.13,33.477,33.13,33.374,7189,0
CACG.US,D,20200512,000000,33.22,33.449,32.736,32.736,4021,0
CACG.US,D,20200513,000000,32.802,32.802,31.859,32.138,16544,0
CACG.US,D,20200514,000000,31.737,32.553,31.667,32.553,3945,0
CACG.US,D,20200515,000000,32.055,32.759,32.055,32.725,9830,0
CACG.US,D,20200518,000000,33.528,33.737,33.528,33.598,3286,0
CACG.US,D,20200519,000000,33.638,33.896,33.484,33.484,12747,0
CACG.US,D,20200520,000000,34.016,34.195,33.936,34.016,7414,0
CACG.US,D,20200521,000000,33.78,33.986,33.767,33.792,8485,0
CACG.US,D,20200522,000000,33.777,33.972,33.698,33.926,4642,0
CACG.US,D,20200526,000000,34.47,34.553,34.173,34.173,5521,0
CACG.US,D,20200527,000000,34.17,34.633,33.867,34.588,17724,0
CACG.US,D,20200528,000000,34.707,35.051,34.479,34.535,43838,0
CACG.US,D,20200529,000000,34.543,34.955,34.285,34.955,50912,0
CACG.US,D,20200601,000000,35.071,35.13,34.762,35.057,24307,0
CACG.US,D,20200602,000000,35.115,35.252,34.812,35.252,12978,0
CACG.US,D,20200603,000000,35.409,35.668,35.399,35.623,31543,0
CACG.US,D,20200604,000000,35.558,35.623,35.17,35.348,6909,0
CACG.US,D,20200605,000000,35.987,36.305,35.971,36.065,10307,0
CACG.US,D,20200608,000000,36.255,36.459,36.126,36.459,16521,0
CACG.US,D,20200609,000000,36.126,36.424,36.116,36.244,64482,0
CACG.US,D,20200610,000000,36.364,36.495,36.156,36.311,9902,0
CACG.US,D,20200611,000000,35.339,35.568,34.175,34.307,17719,0
CACG.US,D,20200612,000000,35.2,35.24,34.089,34.66,42806,0
CACG.US,D,20200615,000000,34.265,34.956,34.225,34.883,7877,0
CACG.US,D,20200616,000000,35.861,35.861,35.33,35.455,6143,0
CACG.US,D,20200617,000000,35.747,35.807,35.43,35.537,10994,0
CACG.US,D,20200618,000000,35.359,35.512,35.359,35.505,24945,0
CACG.US,D,20200619,000000,36.013,36.016,35.364,35.606,10855,0
CACG.US,D,20200622,000000,35.399,35.81,35.27,35.784,13356,0
CACG.US,D,20200623,000000,36.031,36.265,35.95,35.95,23843,0
CACG.US,D,20200624,000000,35.404,35.469,35.041,35.119,8920,0
CACG.US,D,20200625,000000,34.987,35.369,34.852,35.362,8488,0
CACG.US,D,20200626,000000,35.27,35.27,34.555,34.651,5066,0
CACG.US,D,20200629,000000,34.603,34.968,34.603,34.913,26347,0
CACG.US,D,20200630,000000,34.981,35.614,34.971,35.614,8945,0
CACG.US,D,20200701,000000,35.698,36.076,35.618,35.907,10530,0
CACG.US,D,20200702,000000,36.631,36.631,36.021,36.021,10167,0
CACG.US,D,20200706,000000,36.663,36.767,36.536,36.729,7249,0
CACG.US,D,20200707,000000,36.544,36.925,36.401,36.401,7839,0
CACG.US,D,20200708,000000,36.597,36.79,36.494,36.764,10606,0
CACG.US,D,20200709,000000,36.832,36.887,36.763,36.819,2787,0
CACG.US,D,20200710,000000,36.962,36.979,36.683,36.979,4571,0
CACG.US,D,20200713,000000,37.25,37.439,36.339,36.339,9597,0
CACG.US,D,20200714,000000,36.185,36.832,35.747,36.782,11987,0
CACG.US,D,20200715,000000,37.058,37.195,36.773,37.081,7853,0
CACG.US,D,20200716,000000,36.872,36.967,36.621,36.967,7134,0
CACG.US,D,20200717,000000,37.021,37.215,36.821,37.103,10606,0
CACG.US,D,20200720,000000,37.22,37.781,37.22,37.781,7804,0
CACG.US,D,20200721,000000,37.808,37.808,37.505,37.518,8413,0
CACG.US,D,20200722,000000,37.768,37.857,37.466,37.664,15535,0
CACG.US,D,20200723,000000,37.758,37.788,37.01,37.092,15379,0
CACG.US,D,20200724,000000,36.654,36.97,36.573,36.784,12376,0
CACG.US,D,20200727,000000,37.061,37.293,36.917,37.241,9728,0
CACG.US,D,20200728,000000,37.111,37.23,36.815,36.84,15771,0
CACG.US,D,20200729,000000,37.011,37.28,37.011,37.222,7298,0
CACG.US,D,20200730,000000,37.041,37.482,36.942,37.337,15186,0
CACG.US,D,20200731,000000,37.648,37.648,37.074,37.442,5063,0
CACG.US,D,20200803,000000,37.798,37.967,37.728,37.872,17177,0
CACG.US,D,20200804,000000,37.718,37.996,37.718,37.96,11209,0
CACG.US,D,20200805,000000,38.186,38.363,38.186,38.323,9652,0
CACG.US,D,20200806,000000,38.3,38.584,38.196,38.554,432436,0
CACG.US,D,20200807,000000,38.474,38.682,38.176,38.439,9440,0
CACG.US,D,20200810,000000,38.415,38.472,38.246,38.356,4861,0
CACG.US,D,20200811,000000,38.39,38.574,37.867,37.926,9560,0
CACG.US,D,20200812,000000,38.245,38.634,38.156,38.546,22069,0
CACG.US,D,20200813,000000,38.544,38.686,38.41,38.461,3132,0
CACG.US,D,20200814,000000,38.514,38.514,38.295,38.38,3830,0
CACG.US,D,20200817,000000,38.663,38.698,38.56,38.614,12269,0
CACG.US,D,20200818,000000,38.763,38.862,38.604,38.749,10925,0
CACG.US,D,20200819,000000,38.713,38.82,38.474,38.498,16088,0
CACG.US,D,20200820,000000,38.368,38.697,38.368,38.676,17254,0
CACG.US,D,20200821,000000,38.723,38.761,38.504,38.708,16373,0
CACG.US,D,20200824,000000,39.131,39.131,38.793,38.946,2697,0
CACG.US,D,20200825,000000,38.923,39.248,38.915,39.236,7127,0
CACG.US,D,20200826,000000,39.44,39.967,39.44,39.967,8188,0
CACG.US,D,20200827,000000,39.907,40.236,39.708,39.919,9723,0
CACG.US,D,20200828,000000,40.206,40.355,40.079,40.292,7743,0
CACG.US,D,20200831,000000,40.425,40.689,40.305,40.412,11039,0
CACG.US,D,20200901,000000,40.514,40.704,40.315,40.645,33122,0
CACG.US,D,20200902,000000,40.946,41.42,40.946,41.399,3695,0
CACG.US,D,20200903,000000,40.99,40.992,39.499,39.762,13147,0
CACG.US,D,20200904,000000,39.848,39.848,38.415,39.319,8868,0
CACG.US,D,20200908,000000,38.335,38.679,38.167,38.167,8836,0
CACG.US,D,20200909,000000,38.823,39.241,38.534,39.086,16426,0
CACG.US,D,20200910,000000,39.226,39.31,38.245,38.448,5144,0
CACG.US,D,20200911,000000,38.823,38.823,38.206,38.412,4164,0
CACG.US,D,20200914,000000,39.106,39.106,38.942,39.006,2932,0
CACG.US,D,20200915,000000,39.351,39.43,39.231,39.31,5671,0
CACG.US,D,20200916,000000,39.504,39.649,39.165,39.165,6224,0
CACG.US,D,20200917,000000,38.813,38.94,38.478,38.793,6909,0
CACG.US,D,20200918,000000,38.783,38.98,38.176,38.519,14246,0
CACG.US,D,20200921,000000,37.947,38.074,37.419,38.039,7440,0
CACG.US,D,20200922,000000,38.176,38.823,38.076,38.744,9330,0
CACG.US,D,20200923,000000,38.693,38.823,37.957,37.957,6518,0
CACG.US,D,20200924,000000,37.648,37.989,37.648,37.877,4823,0
CACG.US,D,20200925,000000,37.857,38.584,37.857,38.567,18015,0
CACG.US,D,20200928,000000,39.251,39.251,38.932,39.142,12221,0
CACG.US,D,20200929,000000,39.251,39.38,39.012,39.126,18869,0
CACG.US,D,20200930,000000,39.201,39.639,39.124,39.366,15452,0
CACG.US,D,20201001,000000,39.841,39.843,39.52,39.649,14327,0
CACG.US,D,20201002,000000,39.42,39.42,38.823,39.067,58206,0
CACG.US,D,20201005,000000,39.191,39.798,39.191,39.723,20788,0
CACG.US,D,20201006,000000,39.765,39.939,39.171,39.31,8112,0
CACG.US,D,20201007,000000,39.639,40.037,39.599,39.957,5718,0
CACG.US,D,20201008,000000,40.156,40.266,40.096,40.193,4450,0
CACG.US,D,20201009,000000,40.475,40.645,40.276,40.547,12186,0
CACG.US,D,20201012,000000,40.823,41.47,40.823,41.26,12032,0
CACG.US,D,20201013,000000,41.211,41.345,41.062,41.266,19651,0
CACG.US,D,20201014,000000,41.042,41.181,40.783,40.792,5641,0
CACG.US,D,20201015,000000,40.186,40.397,39.907,40.266,7007,0
CACG.US,D,20201016,000000,40.455,40.678,40.396,40.396,4909,0
CACG.US,D,20201019,000000,40.614,40.614,39.774,39.874,8934,0
CACG.US,D,20201020,000000,40.136,40.355,39.971,40.065,6041,0
CACG.US,D,20201021,000000,40.305,40.324,39.947,40.082,9747,0
CACG.US,D,20201022,000000,40.166,40.176,39.688,40.098,14466,0
CACG.US,D,20201023,000000,40.106,40.223,39.917,40.223,6844,0
CACG.US,D,20201026,000000,39.868,39.942,39.191,39.361,21180,0
CACG.US,D,20201027,000000,39.559,39.741,39.455,39.525,19298,0
CACG.US,D,20201028,000000,38.743,38.792,38.064,38.064,10150,0
CACG.US,D,20201029,000000,38.142,38.803,38.142,38.618,12439,0
CACG.US,D,20201030,000000,38.146,38.146,37.3,37.61,8854,0
CACG.US,D,20201102,000000,38.033,38.066,37.445,37.822,5281,0
CACG.US,D,20201103,000000,38.086,38.843,38.086,38.676,6669,0
CACG.US,D,20201104,000000,39.569,40.574,39.569,40.238,17785,0
CACG.US,D,20201105,000000,41.019,41.251,40.853,41.036,20571,0
CACG.US,D,20201106,000000,41.052,41.242,40.763,41.041,11391,0
CACG.US,D,20201109,000000,41.689,41.878,40.914,40.914,8016,0
CACG.US,D,20201110,000000,40.644,40.644,39.937,40.392,21462,0
CACG.US,D,20201111,000000,40.723,41.042,40.674,40.871,5383,0
CACG.US,D,20201112,000000,40.893,41.062,40.385,40.521,5728,0
CACG.US,D,20201113,000000,40.921,41.291,40.724,41.291,7093,0
CACG.US,D,20201116,000000,41.331,41.546,41.282,41.43,6750,0
CACG.US,D,20201117,000000,41.539,41.669,41.301,41.472,7366,0
CACG.US,D,20201118,000000,41.47,41.565,41.082,41.086,7537,0
CACG.US,D,20201119,000000,40.952,41.31,40.952,41.254,14125,0
CACG.US,D,20201120,000000,41.4,41.48,41.166,41.174,7269,0
CACG.US,D,20201123,000000,41.511,41.511,41.166,41.45,4953,0
CACG.US,D,20201124,000000,41.49,42.117,41.49,41.973,4604,0
CACG.US,D,20201125,000000,42.047,42.047,41.729,41.928,4171,0
CACG.US,D,20201127,000000,42.296,42.377,42.241,42.243,1199,0
CACG.US,D,20201130,000000,42.246,42.246,41.874,42.111,14537,0
CACG.US,D,20201201,000000,42.425,42.724,42.386,42.53,23783,0
CACG.US,D,20201202,000000,42.545,42.614,42.257,42.533,7392,0
CACG.US,D,20201203,000000,42.535,42.642,42.375,42.42,12874,0
CACG.US,D,20201204,000000,42.664,42.823,42.654,42.783,9733,0
CACG.US,D,20201207,000000,42.83,43.396,42.609,42.717,6273,0
CACG.US,D,20201208,000000,42.598,42.992,42.598,42.893,9250,0
CACG.US,D,20201209,000000,42.823,43.052,42.204,42.414,9025,0
CACG.US,D,20201210,000000,42.435,42.478,42.201,42.402,3409,0
CACG.US,D,20201211,000000,42.277,42.415,42.082,42.319,5557,0
CACG.US,D,20201214,000000,42.604,43.062,42.455,42.571,4812,0
CACG.US,D,20201215,000000,42.679,43.162,42.609,43.162,9419,0
CACG.US,D,20201216,000000,43.186,43.212,42.951,43.075,65793,0
CACG.US,D,20201217,000000,43.291,43.52,43.291,43.443,16020,0
CACG.US,D,20201218,000000,43.319,43.587,43.291,43.587,17726,0
CACG.US,D,20201221,000000,43.257,43.57,42.963,43.371,19148,0
CACG.US,D,20201222,000000,43.47,43.57,43.415,43.5,4049,0
CACG.US,D,20201223,000000,43.639,43.848,43.002,43.55,16394,0
CACG.US,D,20201224,000000,43.605,43.654,43.343,43.506,3008,0
CACG.US,D,20201228,000000,43.69,43.89,43.651,43.765,9954,0
CACG.US,D,20201229,000000,44.06,44.07,43.59,43.6594,4907,0
CACG.US,D,20201230,000000,43.825,43.97,43.7455,43.8061,28244,0
CACG.US,D,20201231,000000,43.85,44.0599,43.663,44.0362,4199,0
CACG.US,D,20210104,000000,44.1476,44.1476,43.02,43.3938,5865,0
CACG.US,D,20210105,000000,43.14,43.695,43.14,43.6245,8295,0
CACG.US,D,20210106,000000,42.97,44.06,42.9601,43.6158,14113,0
CACG.US,D,20210107,000000,44.4099,44.5,44.22,44.42,18435,0
CACG.US,D,20210108,000000,44.46,44.57,44.1,44.4984,14497,0
CACG.US,D,20210111,000000,44.3,44.5,44.1874,44.2804,7828,0
CACG.US,D,20210112,000000,44.41,44.41,44.02,44.2794,5989,0
CACG.US,D,20210113,000000,44.2442,44.4,44.2369,44.2372,8279,0
CACG.US,D,20210114,000000,44.52,44.52,44.0322,44.0322,8499,0
CACG.US,D,20210115,000000,43.91,44.006,43.676,43.773,5748,0
CACG.US,D,20210119,000000,44.025,44.265,44.0058,44.2418,7043,0
CACG.US,D,20210120,000000,44.5,44.85,44.5,44.759,6400,0
CACG.US,D,20210121,000000,44.93,44.97,44.724,44.8,23816,0
CACG.US,D,20210122,000000,44.6157,44.754,44.612,44.6966,44231,0
CACG.US,D,20210125,000000,44.67,45.0091,44.15,44.79,20732,0
CACG.US,D,20210126,000000,44.87,44.889,44.656,44.6899,6915,0
CACG.US,D,20210127,000000,44.06,44.18,43.5,43.5266,8746,0
CACG.US,D,20210128,000000,43.82,44.53,43.82,44.0891,7502,0
CACG.US,D,20210129,000000,43.8326,43.85,43.2132,43.57,22585,0
CACG.US,D,20210201,000000,43.62,44.49,43.62,44.3577,18225,0
CACG.US,D,20210202,000000,44.82,45.1278,44.82,45.0319,10781,0
CACG.US,D,20210203,000000,44.8,44.9835,44.71,44.7307,15052,0
CACG.US,D,20210204,000000,44.9499,45.09,44.748,45.0677,5219,0
CACG.US,D,20210205,000000,45.3229,45.34,45.13,45.2328,7448,0
CACG.US,D,20210208,000000,45.63,45.63,45.407,45.6042,14178,0
CACG.US,D,20210209,000000,45.65,45.91,45.65,45.79,4260,0
CACG.US,D,20210210,000000,46.34,46.34,45.67,45.9347,6067,0
CACG.US,D,20210211,000000,46.18,46.29,45.88,46.1711,8413,0
CACG.US,D,20210212,000000,46.365,46.494,46.3186,46.494,9126,0
CACG.US,D,20210216,000000,46.76,46.76,46.3005,46.38,57602,0
CACG.US,D,20210217,000000,46.35,46.3719,45.94,46.3719,13100,0
CACG.US,D,20210218,000000,46.045,46.35,45.775,46.1886,15613,0
CACG.US,D,20210219,000000,46.6,46.6,46.085,46.085,2462,0
CACG.US,D,20210222,000000,45.92,46.11,45.66,45.683,4120,0
CACG.US,D,20210223,000000,45.01,45.65,44.885,45.65,6579,0
CACG.US,D,20210224,000000,45.23,45.96,45.23,45.8223,19109,0
CACG.US,D,20210225,000000,45.6401,45.6817,44.58,44.58,6092,0
CACG.US,D,20210226,000000,44.5184,45.17,44.5184,45.02,6102,0
CACG.US,D,20210301,000000,45.43,45.92,45.43,45.754,4360,0
CACG.US,D,20210302,000000,45.94,45.94,45.3323,45.3323,6793,0
CACG.US,D,20210303,000000,45.09,45.1,44.51,44.6046,7109,0
CACG.US,D,20210304,000000,44.1,44.5001,43.25,43.5502,10592,0
CACG.US,D,20210305,000000,43.57,44.69,43.01,44.67,5944,0
CACG.US,D,20210308,000000,44.66,44.99,43.9591,43.9591,7378,0
CACG.US,D,20210309,000000,44.51,45.18,44.51,44.8263,14487,0
CACG.US,D,20210310,000000,45.09,45.27,44.87,44.8808,8807,0
CACG.US,D,20210311,000000,45.555,46,45.555,45.7547,37313,0
CACG.US,D,20210312,000000,45.39,45.65,45.19,45.575,4765,0
CACG.US,D,20210315,000000,45.62,46.0705,45.525,46.0705,6851,0
CACG.US,D,20210316,000000,46.35,46.544,46.16,46.16,13354,0
CACG.US,D,20210317,000000,45.66,46.3281,45.66,46.2185,40401,0
CACG.US,D,20210318,000000,45.61,45.9699,45.2787,45.3328,29475,0
CACG.US,D,20210319,000000,45.52,45.7833,45.38,45.6214,18546,0
CACG.US,D,20210322,000000,45.74,46.2299,45.7,45.9802,20046,0
CACG.US,D,20210323,000000,45.97,45.97,45.34,45.3779,4985,0
CACG.US,D,20210324,000000,45.34,45.4,44.8046,44.8046,9558,0
CACG.US,D,20210325,000000,44.5295,44.85,44.29,44.79,10084,0
CACG.US,D,20210326,000000,44.84,45.1872,44.69,45.18,17838,0
CACG.US,D,20210329,000000,45.19,45.5375,45.05,45.3686,11728,0
CACG.US,D,20210330,000000,45.2749,45.36,45.0938,45.0938,3076,0
CACG.US,D,20210331,000000,45.465,45.8289,45.465,45.6675,13650,0
CACG.US,D,20210401,000000,45.92,46.45,45.92,46.3085,26261,0
CACG.US,D,20210405,000000,46.6459,46.9299,46.6459,46.853,6602,0
CACG.US,D,20210406,000000,46.94,47.07,46.794,46.8402,110999,0
CACG.US,D,20210407,000000,46.8828,47.07,46.68,46.8623,10157,0
CACG.US,D,20210408,000000,47.1508,47.25,47.0368,47.121,3816,0
CACG.US,D,20210409,000000,46.9095,47.4557,46.9095,47.4557,11960,0
CACG.US,D,20210412,000000,47.44,47.7,47.325,47.5998,10531,0
CACG.US,D,20210413,000000,47.69,47.92,47.6285,47.8155,6937,0
CACG.US,D,20210414,000000,47.85,47.9899,47.3325,47.4202,8059,0
CACG.US,D,20210415,000000,47.6,48.2269,47.6,48.1694,9925,0
CACG.US,D,20210416,000000,48.11,48.2255,48.0585,48.215,11636,0
CACG.US,D,20210419,000000,48.1877,48.26,47.53,47.6426,4720,0
CACG.US,D,20210420,000000,47.64,47.64,47.145,47.2978,16687,0
CACG.US,D,20210421,000000,47.42,47.795,47.37,47.795,7599,0
CACG.US,D,20210422,000000,47.8186,47.97,47.285,47.3816,3688,0
CACG.US,D,20210423,000000,47.73,48.17,47.73,48.09,6583,0
CACG.US,D,20210426,000000,48.13,48.4935,48.13,48.3471,15056,0
CACG.US,D,20210427,000000,48.385,48.51,48.315,48.4334,18894,0
CACG.US,D,20210428,000000,48.0937,48.52,48.0937,48.28,9393,0
CACG.US,D,20210429,000000,48.75,48.75,48.02,48.435,16777,0
CACG.US,D,20210430,000000,47.92,48.18,47.79,47.9884,5089,0
CACG.US,D,20210503,000000,48.0375,48.0375,47.7001,47.81,2096,0
CACG.US,D,20210504,000000,47.12,47.1893,46.8056,47.1893,11056,0
CACG.US,D,20210505,000000,47.56,47.56,46.89,47.01,6479,0
CACG.US,D,20210506,000000,46.7,47.43,46.69,47.1403,3372,0
CACG.US,D,20210507,000000,47.6,47.7599,47.3501,47.5836,5758,0
CACG.US,D,20210510,000000,47.48,47.48,46.768,46.768,149399,0
CACG.US,D,20210511,000000,46.24,47.239,46.04,46.6538,7785,0
CACG.US,D,20210512,000000,45.83,45.97,45.46,45.5435,16860,0
CACG.US,D,20210513,000000,45.88,46.2683,45.6,45.9061,5318,0
CACG.US,D,20210514,000000,46.44,47.0081,46.18,46.9137,10914,0
CACG.US,D,20210517,000000,46.76,46.9,46.5695,46.8105,5702,0
CACG.US,D,20210518,000000,46.96,47.0099,46.5641,46.5641,3323,0
CACG.US,D,20210519,000000,45.6,46.4581,45.6,46.31,7331,0
CACG.US,D,20210520,000000,46.82,47.24,46.82,47.2,7947,0
CACG.US,D,20210521,000000,47.07,47.32,46.8765,47,12378,0
CACG.US,D,20210524,000000,47.5807,47.5807,47.38,47.4633,15567,0
CACG.US,D,20210525,000000,47.595,47.595,47.35,47.4182,7831,0
CACG.US,D,20210526,000000,47.644,47.72,47.53,47.5617,6204,0
CACG.US,D,20210527,000000,47.68,47.81,47.62,47.81,11150,0
CACG.US,D,20210528,000000,47.94,48.105,47.87,47.978,4466,0
CACG.US,D,20210601,000000,47.6085,47.81,47.6,47.6875,7813,0
CACG.US,D,20210602,000000,47.85,47.88,47.62,47.7099,9647,0
CACG.US,D,20210603,000000,47.31,47.53,47.05,47.3064,108520,0
CACG.US,D,20210604,000000,47.78,47.9499,47.78,47.8764,5990,0
CACG.US,D,20210607,000000,47.78,48.96,47.78,48.29,7820,0
CACG.US,D,20210608,000000,48.37,48.37,48.26,48.28,2974,0
CACG.US,D,20210609,000000,48.59,48.59,48.32,48.32,8424,0
CACG.US,D,20210610,000000,48.19,48.784,48.19,48.784,13403,0
CACG.US,D,20210611,000000,48.85,48.85,48.51,48.7064,4196,0
CACG.US,D,20210614,000000,48.7514,48.93,48.7514,48.83,3416,0
CACG.US,D,20210615,000000,48.83,48.965,48.55,48.58,54192,0
CACG.US,D,20210616,000000,48.75,48.88,48.34,48.3952,8858,0
CACG.US,D,20210617,000000,48.405,48.8199,48.3201,48.6944,5767,0
CACG.US,D,20210618,000000,48.3,48.39,48.25,48.3123,3254,0
CACG.US,D,20210621,000000,48.45,48.67,48.45,48.6156,1182,0
CACG.US,D,20210622,000000,48.39,49.005,48.39,48.9709,5009,0
CACG.US,D,20210623,000000,48.95,49.03,48.88,48.989,3465,0
CACG.US,D,20210624,000000,49.22,49.4269,49.09,49.14,10135,0
CACG.US,D,20210625,000000,49.3,49.39,49.14,49.3122,1961,0
CACG.US,D,20210628,000000,49.5332,49.65,49.28,49.575,6986,0
CACG.US,D,20210629,000000,49.7,49.83,49.597,49.7768,8214,0
CACG.US,D,20210630,000000,49.76,49.76,49.52,49.6256,12397,0
CACG.US,D,20210701,000000,49.7281,49.82,49.47,49.7291,9064,0
CACG.US,D,20210702,000000,49.935,50.095,49.84,50.0488,5862,0
CACG.US,D,20210706,000000,50.13,50.35,49.92,50.33,8283,0
CACG.US,D,20210707,000000,50.42,50.51,50.222,50.34,5986,0
CACG.US,D,20210708,000000,49.65,50.12,49.65,49.92,42315,0
CACG.US,D,20210709,000000,50.02,50.49,50.02,50.3812,7318,0
CACG.US,D,20210712,000000,50.37,50.526,50.33,50.526,17917,0
CACG.US,D,20210713,000000,50.43,50.72,50.2232,50.4,18291,0
CACG.US,D,20210714,000000,50.69,50.69,50.171,50.2417,5952,0
CACG.US,D,20210715,000000,50.17,50.17,49.616,49.8883,6535,0
CACG.US,D,20210716,000000,49.7,49.88,49.4373,49.4373,9216,0
CACG.US,D,20210719,000000,48.898,49.01,48.61,48.84,8394,0
CACG.US,D,20210720,000000,49.1329,49.7206,49.1329,49.6799,5590,0
CACG.US,D,20210721,000000,49.876,49.929,49.87,49.87,1928,0
CACG.US,D,20210722,000000,50.099,50.26,50.099,50.215,1919,0
CACG.US,D,20210723,000000,50.47,50.92,50.47,50.86,3394,0
CACG.US,D,20210726,000000,50.62,50.752,50.55,50.6101,5675,0
CACG.US,D,20210727,000000,50.1821,50.29,49.792,50.285,6029,0
CACG.US,D,20210728,000000,50.33,50.5,50.32,50.45,5371,0
CACG.US,D,20210729,000000,50.44,50.6731,50.44,50.48,3961,0
CACG.US,D,20210730,000000,50.258,50.3785,50.228,50.228,2168,0
CACG.US,D,20210802,000000,50.28,50.4485,50.06,50.06,10737,0
CACG.US,D,20210803,000000,49.79,50.4299,49.78,50.35,6738,0
CACG.US,D,20210804,000000,50.16,50.38,50.16,50.3707,2414,0
CACG.US,D,20210805,000000,50.28,50.6199,50.28,50.575,2372,0
CACG.US,D,20210806,000000,50.77,50.77,50.4315,50.4315,4290,0
CACG.US,D,20210809,000000,50.3318,50.55,50.3318,50.51,6312,0
CACG.US,D,20210810,000000,50.57,50.57,50.13,50.1536,2874,0
CACG.US,D,20210811,000000,50.25,50.25,49.94,50.23,5838,0
CACG.US,D,20210812,000000,50.057,50.33,50.05,50.227,6118,0
CACG.US,D,20210813,000000,50.42,50.42,50.26,50.2642,5168,0
CACG.US,D,20210816,000000,50.33,50.3499,50.04,50.3499,11635,0
CACG.US,D,20210817,000000,49.95,50.0816,49.72,49.9424,15641,0
CACG.US,D,20210818,000000,49.8765,50.032,49.4951,49.4951,3780,0
CACG.US,D,20210819,000000,49.47,49.87,49.05,49.55,9264,0
CACG.US,D,20210820,000000,49.79,50.1725,49.79,50.1166,12041,0
CACG.US,D,20210823,000000,50.04,50.8299,50.04,50.65,14965,0
CACG.US,D,20210824,000000,50.77,51.01,50.77,50.8827,6605,0
CACG.US,D,20210825,000000,50.9379,51.15,50.9308,50.9815,11201,0
CACG.US,D,20210826,000000,51,51,50.6115,50.6115,6934,0
CACG.US,D,20210827,000000,50.66,51.27,50.64,51.1001,7968,0
CACG.US,D,20210830,000000,51.41,51.7,51.37,51.4841,3824,0
CACG.US,D,20210831,000000,51.55,51.55,51.335,51.4292,5499,0
CACG.US,D,20210901,000000,51.5,51.7812,51.5,51.58,12519,0
