<TICKER>,<PER>,<DATE>,<TIME>,<OPEN>,<HIGH>,<LOW>,<CLOSE>,<VOL>,<OPENINT>
CDL.US,D,20150708,000000,29.668,29.677,29.66,29.66,23426,0
CDL.US,D,20150709,000000,29.548,29.548,29.548,29.548,104,0
CDL.US,D,20150710,000000,29.764,29.764,29.764,29.764,104,0
CDL.US,D,20150713,000000,30.011,30.011,30.011,30.011,104,0
CDL.US,D,20150714,000000,30.101,30.101,30.101,30.101,116,0
CDL.US,D,20150724,000000,29.395,29.395,29.395,29.395,236,0
CDL.US,D,20150727,000000,29.367,29.367,29.367,29.367,1172,0
CDL.US,D,20150730,000000,30.056,30.056,30.056,30.056,583,0
CDL.US,D,20150731,000000,30.056,30.056,30.056,30.056,470,0
CDL.US,D,20150803,000000,30.084,30.084,30.084,30.084,236,0
CDL.US,D,20150804,000000,30.092,30.101,30.074,30.074,583,0
CDL.US,D,20150806,000000,29.964,29.964,29.964,29.964,1172,0
CDL.US,D,20150811,000000,30.148,30.148,30.148,30.148,416,0
CDL.US,D,20150813,000000,30.309,30.309,30.309,30.309,236,0
CDL.US,D,20150814,000000,30.437,30.437,30.309,30.404,1286,0
CDL.US,D,20150820,000000,30.143,30.143,30.049,30.049,1399,0
CDL.US,D,20150821,000000,29.535,29.535,28.184,29.483,8753,0
CDL.US,D,20150824,000000,28.728,28.728,27.882,27.882,525,0
CDL.US,D,20150831,000000,28.696,28.696,28.696,28.696,104,0
CDL.US,D,20150902,000000,28.215,28.215,28.215,28.215,104,0
CDL.US,D,20150904,000000,28.198,28.198,28.119,28.119,1282,0
CDL.US,D,20150908,000000,28.678,28.678,28.678,28.678,3505,0
CDL.US,D,20150909,000000,28.746,28.746,28.728,28.728,349,0
CDL.US,D,20150910,000000,28.323,28.323,28.323,28.323,116,0
CDL.US,D,20150911,000000,28.271,28.271,28.271,28.271,581,0
CDL.US,D,20150915,000000,28.538,28.705,28.538,28.705,929,0
CDL.US,D,20150916,000000,28.898,29.081,28.883,29.081,929,0
CDL.US,D,20150917,000000,29.518,29.518,29.227,29.227,469,0
CDL.US,D,20150918,000000,28.883,28.883,28.883,28.883,469,0
CDL.US,D,20150924,000000,28.25,28.428,28.25,28.428,468,0
CDL.US,D,20150928,000000,28.531,28.531,28.297,28.297,970,0
CDL.US,D,20150930,000000,28.638,28.638,28.638,28.638,104,0
CDL.US,D,20151007,000000,29.708,29.726,29.708,29.726,3144,0
CDL.US,D,20151008,000000,29.902,30.02,29.876,29.876,13260,0
CDL.US,D,20151009,000000,30.11,30.133,30.046,30.046,1976,0
CDL.US,D,20151012,000000,30.508,30.508,30.508,30.508,958,0
CDL.US,D,20151013,000000,29.867,29.867,29.859,29.859,348,0
CDL.US,D,20151014,000000,29.745,29.812,29.745,29.812,348,0
CDL.US,D,20151015,000000,29.947,29.991,29.947,29.991,1512,0
CDL.US,D,20151016,000000,30.149,30.149,30.149,30.149,579,0
CDL.US,D,20151019,000000,30.056,30.093,30.029,30.093,579,0
CDL.US,D,20151023,000000,30.849,30.849,30.676,30.676,2327,0
CDL.US,D,20151026,000000,30.617,30.617,30.617,30.617,104,0
CDL.US,D,20151027,000000,30.512,30.512,30.435,30.435,924,0
CDL.US,D,20151028,000000,30.598,30.598,30.598,30.598,814,0
CDL.US,D,20151029,000000,30.409,30.409,30.409,30.409,234,0
CDL.US,D,20151030,000000,30.487,30.518,30.487,30.518,700,0
CDL.US,D,20151102,000000,30.729,30.762,30.729,30.753,4006,0
CDL.US,D,20151103,000000,30.666,30.666,30.666,30.666,468,0
CDL.US,D,20151104,000000,30.701,30.701,30.701,30.701,698,0
CDL.US,D,20151105,000000,30.518,30.579,30.518,30.538,1622,0
CDL.US,D,20151106,000000,30.409,30.487,30.153,30.229,22202,0
CDL.US,D,20151109,000000,30.059,30.059,30.059,30.059,39718,0
CDL.US,D,20151113,000000,29.765,29.765,29.549,29.549,2557,0
CDL.US,D,20151116,000000,29.635,29.923,29.566,29.913,532760,0
CDL.US,D,20151117,000000,29.965,30.047,29.709,29.798,5109,0
CDL.US,D,20151118,000000,29.877,30.094,29.877,30.094,4989,0
CDL.US,D,20151119,000000,30.236,30.236,30.236,30.236,234,0
CDL.US,D,20151120,000000,30.485,30.485,30.312,30.312,3954,0
CDL.US,D,20151123,000000,30.345,30.406,30.273,30.278,6621,0
CDL.US,D,20151124,000000,30.168,30.424,30.111,30.39,5736,0
CDL.US,D,20151125,000000,30.335,30.373,30.297,30.355,14864,0
CDL.US,D,20151127,000000,30.373,30.381,30.335,30.381,813,0
CDL.US,D,20151202,000000,30.458,30.458,30.142,30.142,3682,0
CDL.US,D,20151203,000000,30.182,30.182,29.754,29.754,10912,0
CDL.US,D,20151204,000000,29.841,30.246,29.841,30.208,2325,0
CDL.US,D,20151207,000000,30.246,30.246,30.002,30.002,1509,0
CDL.US,D,20151208,000000,29.727,29.727,29.727,29.727,313,0
CDL.US,D,20151209,000000,30.111,30.111,29.666,29.789,286010,0
CDL.US,D,20151210,000000,29.822,29.832,29.65,29.701,6972,0
CDL.US,D,20151211,000000,29.362,29.487,29.272,29.287,3602,0
CDL.US,D,20151214,000000,29.252,29.278,29.022,29.202,10927,0
CDL.US,D,20151215,000000,29.595,29.772,29.538,29.538,4874,0
CDL.US,D,20151216,000000,29.798,29.86,29.693,29.693,3954,0
CDL.US,D,20151217,000000,29.693,29.781,29.666,29.718,1163,0
CDL.US,D,20151218,000000,29.262,29.304,29.262,29.262,2790,0
CDL.US,D,20151221,000000,29.297,29.362,29.194,29.244,5344,0
CDL.US,D,20151222,000000,29.371,29.675,29.33,29.675,5893,0
CDL.US,D,20151223,000000,29.935,30.159,29.935,30.159,4762,0
CDL.US,D,20151224,000000,30.066,30.124,30.066,30.094,1216,0
CDL.US,D,20151228,000000,29.985,30.049,29.926,30.049,7030,0
CDL.US,D,20151229,000000,30.281,30.349,30.259,30.291,67852,0
CDL.US,D,20151230,000000,30.498,30.498,30.178,30.178,189832,0
CDL.US,D,20151231,000000,29.959,29.959,29.764,29.764,30998,0
CDL.US,D,20160104,000000,29.422,29.461,29.218,29.461,10270,0
CDL.US,D,20160105,000000,29.38,29.567,29.37,29.567,16448,0
CDL.US,D,20160106,000000,29.298,29.399,29.251,29.251,3365,0
CDL.US,D,20160107,000000,29.01,29.01,28.687,28.687,1177,0
CDL.US,D,20160108,000000,28.793,28.806,28.447,28.447,2107,0
CDL.US,D,20160111,000000,28.642,28.642,28.307,28.596,4509,0
CDL.US,D,20160112,000000,28.76,28.76,28.367,28.367,1641,0
CDL.US,D,20160113,000000,28.741,28.741,28.138,28.138,3596,0
CDL.US,D,20160114,000000,28.464,28.499,28.464,28.499,1385,0
CDL.US,D,20160115,000000,27.932,28.1,27.896,28.092,1334,0
CDL.US,D,20160119,000000,28.273,28.3,27.939,28.208,6938,0
CDL.US,D,20160120,000000,27.363,27.785,27.29,27.785,9694,0
CDL.US,D,20160121,000000,27.766,28.149,27.685,27.964,11179,0
CDL.US,D,20160122,000000,28.041,28.406,28.041,28.406,655,0
CDL.US,D,20160126,000000,28.016,28.493,28.016,28.465,34963,0
CDL.US,D,20160127,000000,28.493,28.8,28.412,28.515,46341,0
CDL.US,D,20160128,000000,28.681,28.681,28.681,28.681,301,0
CDL.US,D,20160201,000000,29.201,29.362,29.201,29.362,262926,0
CDL.US,D,20160202,000000,29.156,29.165,29.024,29.045,3603,0
CDL.US,D,20160203,000000,29.237,29.452,28.838,29.452,2866,0
CDL.US,D,20160204,000000,29.407,29.462,29.287,29.348,8644,0
CDL.US,D,20160205,000000,29.272,29.303,29.21,29.21,2362,0
CDL.US,D,20160208,000000,28.993,29.038,28.743,29.038,2131,0
CDL.US,D,20160209,000000,29.038,29.156,28.906,29.156,2187,0
CDL.US,D,20160210,000000,28.978,29.089,28.978,29.089,4941,0
CDL.US,D,20160211,000000,28.542,28.542,28.542,28.542,2288,0
CDL.US,D,20160212,000000,28.809,28.961,28.809,28.935,2080,0
CDL.US,D,20160216,000000,29.225,29.397,29.215,29.388,159207,0
CDL.US,D,20160217,000000,29.798,29.823,29.798,29.8,41828,0
CDL.US,D,20160218,000000,29.921,29.941,29.833,29.851,145269,0
CDL.US,D,20160219,000000,29.804,29.804,29.741,29.772,25064,0
CDL.US,D,20160222,000000,30.079,30.154,30.04,30.154,3534,0
CDL.US,D,20160223,000000,29.976,29.976,29.929,29.967,6040,0
CDL.US,D,20160224,000000,29.621,30.088,29.621,30.088,1298,0
CDL.US,D,20160225,000000,30.088,30.287,30.088,30.287,796,0
CDL.US,D,20160226,000000,30.259,30.259,30.186,30.186,346,0
CDL.US,D,20160229,000000,30.318,30.318,30.145,30.145,1728,0
CDL.US,D,20160301,000000,30.23,30.431,30.23,30.431,16526,0
CDL.US,D,20160302,000000,30.282,30.465,30.282,30.465,3417,0
CDL.US,D,20160303,000000,30.613,30.691,30.613,30.691,3328,0
CDL.US,D,20160304,000000,30.926,31.042,30.926,30.942,1675,0
CDL.US,D,20160308,000000,31.177,31.177,30.922,30.922,3573,0
CDL.US,D,20160309,000000,31.091,31.138,31,31.052,1492,0
CDL.US,D,20160310,000000,30.881,31.086,30.848,31.086,1826,0
CDL.US,D,20160311,000000,31.493,31.493,31.493,31.493,572,0
CDL.US,D,20160314,000000,31.435,31.435,31.435,31.435,361,0
CDL.US,D,20160315,000000,31.346,31.423,31.315,31.423,125492,0
CDL.US,D,20160316,000000,31.361,31.7,31.32,31.7,6521,0
CDL.US,D,20160317,000000,31.894,31.958,31.887,31.958,2458,0
CDL.US,D,20160318,000000,32.104,32.154,32.007,32.028,11073,0
CDL.US,D,20160321,000000,31.902,32.076,31.902,32.052,3487,0
CDL.US,D,20160322,000000,31.966,31.983,31.966,31.983,2007,0
CDL.US,D,20160323,000000,31.825,31.886,31.776,31.825,38829,0
CDL.US,D,20160324,000000,31.597,31.65,31.562,31.632,23403,0
CDL.US,D,20160328,000000,31.841,31.849,31.737,31.841,5958,0
CDL.US,D,20160329,000000,31.771,32.105,31.746,32.105,6443,0
CDL.US,D,20160330,000000,32.383,32.383,32.114,32.147,5108,0
CDL.US,D,20160331,000000,32.154,32.206,32.115,32.147,6146,0
CDL.US,D,20160401,000000,31.939,32.27,31.939,32.27,125079,0
CDL.US,D,20160404,000000,32.198,32.198,32.067,32.075,2619,0
CDL.US,D,20160405,000000,31.785,31.785,31.711,31.711,1112,0
CDL.US,D,20160406,000000,31.599,31.802,31.571,31.802,3259,0
CDL.US,D,20160407,000000,31.691,31.756,31.395,31.465,3618,0
CDL.US,D,20160408,000000,31.659,31.746,31.502,31.517,8933,0
CDL.US,D,20160411,000000,31.666,31.666,31.587,31.587,1371,0
CDL.US,D,20160412,000000,31.681,31.756,31.502,31.756,1045,0
CDL.US,D,20160413,000000,31.902,32.019,31.902,31.998,2320,0
CDL.US,D,20160414,000000,32.076,32.086,31.93,31.947,26385,0
CDL.US,D,20160415,000000,31.912,32.007,31.912,32.006,6717,0
CDL.US,D,20160418,000000,32.154,32.179,32.019,32.179,8054,0
CDL.US,D,20160419,000000,32.222,32.315,32.222,32.296,968,0
CDL.US,D,20160420,000000,32.287,32.385,32.263,32.263,5770,0
CDL.US,D,20160421,000000,32.053,32.053,31.867,31.867,6140,0
CDL.US,D,20160422,000000,32.045,32.155,32.011,32.06,5935,0
CDL.US,D,20160425,000000,31.897,32.029,31.897,32.011,2012,0
CDL.US,D,20160426,000000,32.181,32.265,32.14,32.217,16951,0
CDL.US,D,20160427,000000,32.377,32.56,32.296,32.544,8293,0
CDL.US,D,20160428,000000,32.393,32.502,32.155,32.204,17352,0
CDL.US,D,20160429,000000,31.907,31.968,31.831,31.841,2911,0
CDL.US,D,20160502,000000,32.146,32.271,32.146,32.254,5906,0
CDL.US,D,20160503,000000,31.899,31.968,31.899,31.968,358,0
CDL.US,D,20160504,000000,31.834,31.93,31.821,31.913,1679,0
CDL.US,D,20160505,000000,31.828,31.828,31.725,31.741,2477,0
CDL.US,D,20160506,000000,31.67,31.686,31.67,31.686,602,0
CDL.US,D,20160509,000000,31.895,31.895,31.895,31.895,104,0
CDL.US,D,20160510,000000,31.992,32.097,31.94,32.076,4778,0
CDL.US,D,20160511,000000,32.029,32.029,31.923,31.923,639,0
CDL.US,D,20160512,000000,31.89,32.029,31.89,32.029,424,0
CDL.US,D,20160513,000000,31.94,31.94,31.616,31.616,2711,0
CDL.US,D,20160516,000000,31.728,31.923,31.728,31.887,4371,0
CDL.US,D,20160517,000000,31.858,31.858,31.535,31.535,976,0
CDL.US,D,20160518,000000,31.526,31.746,31.393,31.393,2742,0
CDL.US,D,20160519,000000,31.289,31.34,31.289,31.34,858,0
CDL.US,D,20160520,000000,31.633,31.728,31.472,31.659,62756,0
CDL.US,D,20160523,000000,31.817,31.817,31.65,31.655,728,0
CDL.US,D,20160524,000000,31.778,31.887,31.778,31.841,1808,0
CDL.US,D,20160525,000000,32.182,32.182,31.969,32.141,2072,0
CDL.US,D,20160526,000000,32.405,32.405,32.144,32.223,2063,0
CDL.US,D,20160527,000000,32.458,32.458,32.282,32.366,6685,0
CDL.US,D,20160531,000000,32.421,32.421,32.289,32.312,14490,0
CDL.US,D,20160601,000000,32.357,32.526,32.357,32.526,4223,0
CDL.US,D,20160602,000000,32.485,32.598,32.405,32.598,2131,0
CDL.US,D,20160603,000000,32.565,32.654,32.471,32.652,4794,0
CDL.US,D,20160606,000000,32.648,32.771,32.648,32.771,4391,0
CDL.US,D,20160607,000000,32.992,32.992,32.871,32.906,2837,0
CDL.US,D,20160608,000000,33.008,33.008,32.913,32.913,518,0
CDL.US,D,20160609,000000,32.738,32.871,32.738,32.863,4680,0
CDL.US,D,20160610,000000,32.648,32.729,32.614,32.614,2727,0
CDL.US,D,20160613,000000,32.887,32.887,32.456,32.456,9609,0
CDL.US,D,20160614,000000,32.566,32.566,32.187,32.259,32002,0
CDL.US,D,20160615,000000,32.522,32.522,32.409,32.522,1986,0
CDL.US,D,20160616,000000,32.339,32.439,32.147,32.439,1782,0
CDL.US,D,20160617,000000,32.56,32.56,32.409,32.502,53053,0
CDL.US,D,20160620,000000,33.068,33.068,32.794,32.84,6433,0
CDL.US,D,20160621,000000,32.689,32.807,32.689,32.794,1050,0
CDL.US,D,20160622,000000,32.945,32.945,32.769,32.785,5488,0
CDL.US,D,20160623,000000,32.885,33.047,32.885,33.006,91722,0
CDL.US,D,20160624,000000,32.023,32.363,32.023,32.239,8998,0
CDL.US,D,20160627,000000,31.498,31.571,31.448,31.561,174967,0
CDL.US,D,20160628,000000,31.836,31.951,31.758,31.951,15936,0
CDL.US,D,20160629,000000,32.015,32.513,32.015,32.452,18186,0
CDL.US,D,20160630,000000,32.741,32.96,32.492,32.96,7908,0
CDL.US,D,20160701,000000,33.115,33.115,33.059,33.059,1069,0
CDL.US,D,20160705,000000,32.812,32.885,32.785,32.885,2398,0
CDL.US,D,20160706,000000,32.83,33.035,32.812,33.035,2177,0
CDL.US,D,20160707,000000,33.111,33.111,32.846,32.892,577,0
CDL.US,D,20160708,000000,33.224,33.425,33.224,33.425,3415,0
CDL.US,D,20160711,000000,33.483,33.66,33.483,33.567,120727,0
CDL.US,D,20160712,000000,33.667,33.832,33.667,33.764,2729,0
CDL.US,D,20160713,000000,33.729,33.804,33.653,33.791,2802,0
CDL.US,D,20160714,000000,33.785,33.957,33.785,33.879,3443,0
CDL.US,D,20160715,000000,33.941,33.998,33.83,33.932,7255,0
CDL.US,D,20160718,000000,33.95,34.04,33.95,34.014,15360,0
CDL.US,D,20160719,000000,34.053,34.053,33.856,33.921,8557,0
CDL.US,D,20160720,000000,33.994,33.994,33.973,33.973,1091,0
CDL.US,D,20160721,000000,33.963,34.001,33.885,33.904,4379,0
CDL.US,D,20160722,000000,34.063,34.147,34.063,34.147,3429,0
CDL.US,D,20160725,000000,34.101,34.111,34.028,34.111,11677,0
CDL.US,D,20160726,000000,34.225,34.264,34.063,34.157,8508,0
CDL.US,D,20160727,000000,34.111,34.111,33.981,34.028,810,0
CDL.US,D,20160728,000000,34.091,34.091,33.8,34.019,2648,0
CDL.US,D,20160729,000000,33.963,34.063,33.854,34.044,2799,0
CDL.US,D,20160801,000000,34.011,34.06,33.921,33.946,7087,0
CDL.US,D,20160802,000000,33.774,33.8,33.584,33.601,24017,0
CDL.US,D,20160803,000000,33.68,33.68,33.498,33.592,4899,0
CDL.US,D,20160804,000000,33.699,33.699,33.66,33.661,2350,0
CDL.US,D,20160805,000000,33.866,33.937,33.846,33.904,1269,0
CDL.US,D,20160808,000000,34.003,34.003,33.908,33.921,9829,0
CDL.US,D,20160809,000000,33.946,34.01,33.891,33.904,7220,0
CDL.US,D,20160810,000000,34.011,34.011,33.81,33.81,11894,0
CDL.US,D,20160811,000000,33.895,34.044,33.895,34.044,2028,0
CDL.US,D,20160812,000000,34.044,34.121,34.044,34.121,876,0
CDL.US,D,20160815,000000,34.182,34.198,34.101,34.116,179390,0
CDL.US,D,20160816,000000,33.918,34.003,33.918,33.955,4913,0
CDL.US,D,20160817,000000,33.779,34.025,33.779,34.025,10206,0
CDL.US,D,20160818,000000,34.099,34.205,34.093,34.204,5292,0
CDL.US,D,20160819,000000,34.088,34.165,34.083,34.165,1250,0
CDL.US,D,20160822,000000,34.078,34.166,34.051,34.153,16247,0
CDL.US,D,20160823,000000,34.285,34.381,34.259,34.262,6906,0
CDL.US,D,20160824,000000,34.346,34.346,34.08,34.08,2548,0
CDL.US,D,20160825,000000,34.153,34.199,34.127,34.185,7119,0
CDL.US,D,20160826,000000,34.342,34.416,33.97,33.97,4438,0
CDL.US,D,20160829,000000,34.18,34.264,34.18,34.241,4817,0
CDL.US,D,20160830,000000,34.262,34.27,34.134,34.18,20998,0
CDL.US,D,20160831,000000,34.18,34.18,33.984,34.172,4388,0
CDL.US,D,20160901,000000,34.186,34.186,33.969,34.096,9194,0
CDL.US,D,20160902,000000,34.301,34.365,34.292,34.337,2549,0
CDL.US,D,20160906,000000,34.435,34.435,34.262,34.426,7688,0
CDL.US,D,20160907,000000,34.614,34.614,34.405,34.499,4842,0
CDL.US,D,20160908,000000,34.512,34.512,34.403,34.445,44646,0
CDL.US,D,20160909,000000,34.306,34.306,33.628,33.628,7513,0
CDL.US,D,20160912,000000,33.553,34.103,33.526,34.103,8906,0
CDL.US,D,20160913,000000,33.816,33.816,33.516,33.651,4475,0
CDL.US,D,20160914,000000,33.536,33.767,33.481,33.481,12624,0
CDL.US,D,20160915,000000,33.6,33.868,33.6,33.868,1623,0
CDL.US,D,20160916,000000,33.82,33.835,33.656,33.835,5467,0
CDL.US,D,20160919,000000,33.965,34.039,33.904,33.954,33794,0
CDL.US,D,20160920,000000,34.191,34.191,33.885,33.895,59040,0
CDL.US,D,20160921,000000,34.103,34.281,33.904,34.281,1648,0
CDL.US,D,20160922,000000,34.522,34.522,34.395,34.486,15472,0
CDL.US,D,20160923,000000,34.522,34.522,34.403,34.403,6351,0
CDL.US,D,20160926,000000,34.239,34.239,34.149,34.175,6131,0
CDL.US,D,20160927,000000,34.167,34.266,34.113,34.229,4163,0
CDL.US,D,20160928,000000,34.191,34.297,34.021,34.297,6298,0
CDL.US,D,20160929,000000,34.176,34.239,33.963,33.995,18487,0
CDL.US,D,20160930,000000,34.084,34.2,34.054,34.2,7493,0
CDL.US,D,20161003,000000,33.895,33.958,33.895,33.958,1618,0
CDL.US,D,20161004,000000,33.866,33.866,33.67,33.67,9481,0
CDL.US,D,20161005,000000,33.81,33.866,33.724,33.764,3133,0
CDL.US,D,20161006,000000,33.688,33.866,33.688,33.828,16920,0
CDL.US,D,20161007,000000,33.963,33.963,33.665,33.782,9701,0
CDL.US,D,20161010,000000,33.946,33.946,33.865,33.89,1359,0
CDL.US,D,20161011,000000,33.866,33.866,33.452,33.553,11049,0
CDL.US,D,20161012,000000,33.628,33.74,33.544,33.721,19891,0
CDL.US,D,20161013,000000,33.619,33.679,33.438,33.679,4857,0
CDL.US,D,20161014,000000,33.705,33.846,33.643,33.674,2804,0
CDL.US,D,20161017,000000,33.688,33.688,33.549,33.585,2237,0
CDL.US,D,20161018,000000,33.711,33.757,33.594,33.719,6252,0
CDL.US,D,20161019,000000,33.667,33.778,33.637,33.756,16881,0
CDL.US,D,20161020,000000,33.584,33.717,33.584,33.711,29914,0
CDL.US,D,20161021,000000,33.603,33.667,33.569,33.665,11914,0
CDL.US,D,20161024,000000,33.883,33.883,33.752,33.778,8662,0
CDL.US,D,20161025,000000,33.777,33.825,33.763,33.796,10469,0
CDL.US,D,20161026,000000,33.76,33.885,33.76,33.839,33330,0
CDL.US,D,20161027,000000,33.646,33.719,33.632,33.652,23743,0
CDL.US,D,20161028,000000,33.752,33.861,33.61,33.632,29205,0
CDL.US,D,20161031,000000,33.833,33.942,33.823,33.89,4850,0
CDL.US,D,20161101,000000,33.785,33.821,33.484,33.51,5479,0
CDL.US,D,20161102,000000,33.489,33.489,33.315,33.396,5202,0
CDL.US,D,20161103,000000,33.439,33.456,33.237,33.265,64596,0
CDL.US,D,20161104,000000,33.358,33.419,33.311,33.375,8993,0
CDL.US,D,20161107,000000,33.557,33.693,33.475,33.652,5923,0
CDL.US,D,20161108,000000,33.832,34.043,33.786,33.942,27467,0
CDL.US,D,20161109,000000,33.871,34.234,33.781,34.219,5691,0
CDL.US,D,20161110,000000,34.384,34.492,34.083,34.34,8031,0
CDL.US,D,20161111,000000,34.277,34.41,34.268,34.384,12861,0
CDL.US,D,20161114,000000,34.4,34.606,34.4,34.564,16314,0
CDL.US,D,20161115,000000,34.873,34.873,34.582,34.791,11563,0
CDL.US,D,20161116,000000,34.883,34.883,34.562,34.646,58416,0
CDL.US,D,20161117,000000,34.845,34.845,34.656,34.791,30914,0
CDL.US,D,20161118,000000,34.845,34.845,34.689,34.737,13343,0
CDL.US,D,20161121,000000,34.892,35.003,34.836,35.003,19367,0
CDL.US,D,20161122,000000,35.118,35.191,35.064,35.18,16318,0
CDL.US,D,20161123,000000,35.215,35.215,35.093,35.183,19077,0
CDL.US,D,20161125,000000,35.35,35.404,35.329,35.372,94046,0
CDL.US,D,20161128,000000,35.451,35.503,35.394,35.394,15970,0
CDL.US,D,20161129,000000,35.416,35.528,35.404,35.463,18310,0
CDL.US,D,20161130,000000,35.663,35.663,35.207,35.215,12442,0
CDL.US,D,20161201,000000,35.377,35.377,35.083,35.083,14230,0
CDL.US,D,20161202,000000,35.183,35.279,35.073,35.183,15577,0
CDL.US,D,20161205,000000,35.404,35.404,35.248,35.348,10025,0
CDL.US,D,20161206,000000,35.422,35.528,35.364,35.528,18979,0
CDL.US,D,20161207,000000,35.57,36.081,35.57,36.064,22627,0
CDL.US,D,20161208,000000,36.119,36.26,35.989,36.18,18529,0
CDL.US,D,20161209,000000,36.265,36.346,36.126,36.346,13335,0
CDL.US,D,20161212,000000,36.633,36.633,36.162,36.283,24816,0
CDL.US,D,20161213,000000,36.328,36.425,36.247,36.425,15666,0
CDL.US,D,20161214,000000,36.318,36.372,35.952,36.043,8740,0
CDL.US,D,20161215,000000,36.087,36.212,35.885,36.16,6557,0
CDL.US,D,20161216,000000,36.282,36.282,36.048,36.048,14608,0
CDL.US,D,20161219,000000,36.17,36.238,36.107,36.213,22379,0
CDL.US,D,20161220,000000,36.33,36.435,36.255,36.346,32101,0
CDL.US,D,20161221,000000,36.427,36.427,36.297,36.297,143040,0
CDL.US,D,20161222,000000,36.301,36.301,36.097,36.16,127237,0
CDL.US,D,20161223,000000,36.254,36.254,36.132,36.183,9282,0
CDL.US,D,20161227,000000,36.337,36.345,36.221,36.231,30263,0
CDL.US,D,20161228,000000,36.39,36.39,35.907,35.907,24988,0
CDL.US,D,20161229,000000,36.043,36.09,35.958,36.071,8434,0
CDL.US,D,20161230,000000,36.057,36.071,35.857,35.857,6314,0
CDL.US,D,20170103,000000,36.107,36.16,35.961,36.071,23693,0
CDL.US,D,20170104,000000,36.16,36.435,36.16,36.363,14762,0
CDL.US,D,20170105,000000,36.337,36.337,36.096,36.16,8424,0
CDL.US,D,20170106,000000,36.301,36.301,36.034,36.198,14870,0
CDL.US,D,20170109,000000,36.291,36.291,35.917,35.933,33696,0
CDL.US,D,20170110,000000,35.971,36.053,35.882,35.957,10572,0
CDL.US,D,20170111,000000,36.071,36.097,35.902,36.089,25938,0
CDL.US,D,20170112,000000,36.125,36.125,35.777,36.034,13341,0
CDL.US,D,20170113,000000,36.213,36.213,35.936,36.024,15446,0
CDL.US,D,20170117,000000,36.061,36.124,35.907,36.004,16649,0
CDL.US,D,20170118,000000,36.159,36.159,35.925,36.042,28403,0
CDL.US,D,20170119,000000,35.748,36.07,35.726,35.861,23562,0
CDL.US,D,20170120,000000,36.033,36.089,35.891,35.982,42846,0
CDL.US,D,20170123,000000,36.124,36.124,35.823,35.935,16962,0
CDL.US,D,20170124,000000,36.061,36.238,36.023,36.195,43213,0
CDL.US,D,20170125,000000,36.419,36.427,36.301,36.427,23219,0
CDL.US,D,20170126,000000,36.524,36.524,36.291,36.345,75824,0
CDL.US,D,20170127,000000,36.624,36.624,36.169,36.187,15460,0
CDL.US,D,20170130,000000,36.159,36.159,35.906,36.042,19276,0
CDL.US,D,20170131,000000,36.07,36.141,35.933,36.131,14806,0
CDL.US,D,20170201,000000,36.014,36.141,35.887,35.944,28654,0
CDL.US,D,20170202,000000,35.995,36.112,35.935,36.033,10129,0
CDL.US,D,20170203,000000,36.15,36.363,36.15,36.291,12176,0
CDL.US,D,20170206,000000,36.363,36.363,36.186,36.216,15293,0
CDL.US,D,20170207,000000,36.345,36.345,36.169,36.212,12154,0
CDL.US,D,20170208,000000,36.254,36.309,36.212,36.309,10952,0
CDL.US,D,20170209,000000,36.463,36.497,36.345,36.453,11468,0
CDL.US,D,20170210,000000,36.606,36.624,36.479,36.568,19369,0
CDL.US,D,20170213,000000,36.725,36.793,36.643,36.725,32343,0
CDL.US,D,20170214,000000,36.836,36.836,36.578,36.74,136238,0
CDL.US,D,20170215,000000,36.747,36.879,36.67,36.855,53956,0
CDL.US,D,20170216,000000,36.917,36.94,36.808,36.94,11810,0
CDL.US,D,20170217,000000,36.926,36.958,36.782,36.935,25022,0
CDL.US,D,20170221,000000,37.078,37.256,37.052,37.23,45807,0
CDL.US,D,20170222,000000,37.164,37.297,37.144,37.297,28037,0
CDL.US,D,20170223,000000,37.4,37.4,37.217,37.32,15258,0
CDL.US,D,20170224,000000,37.265,37.503,37.265,37.503,10934,0
CDL.US,D,20170227,000000,37.548,37.58,37.448,37.547,10731,0
CDL.US,D,20170228,000000,37.608,37.608,37.4,37.485,15506,0
CDL.US,D,20170301,000000,37.815,37.866,37.675,37.788,9297,0
CDL.US,D,20170302,000000,37.833,37.833,37.66,37.663,8757,0
CDL.US,D,20170303,000000,37.733,37.733,37.521,37.633,14294,0
CDL.US,D,20170306,000000,37.608,37.608,37.44,37.521,16306,0
CDL.US,D,20170307,000000,37.556,37.556,37.4,37.41,20350,0
CDL.US,D,20170308,000000,37.466,37.466,37.238,37.247,21495,0
CDL.US,D,20170309,000000,37.357,37.364,37.162,37.265,56646,0
CDL.US,D,20170310,000000,37.493,37.493,37.297,37.448,18826,0
CDL.US,D,20170313,000000,37.521,37.59,37.408,37.497,27063,0
CDL.US,D,20170314,000000,37.513,37.513,37.337,37.41,5505,0
CDL.US,D,20170315,000000,37.572,37.92,37.572,37.797,11954,0
CDL.US,D,20170316,000000,37.895,37.895,37.607,37.707,10027,0
CDL.US,D,20170317,000000,37.807,37.861,37.707,37.827,17322,0
CDL.US,D,20170320,000000,37.741,37.834,37.556,37.627,10676,0
CDL.US,D,20170321,000000,37.769,37.769,37.301,37.32,19951,0
CDL.US,D,20170322,000000,37.42,37.42,37.222,37.325,14284,0
CDL.US,D,20170323,000000,37.364,37.529,37.223,37.238,12573,0
CDL.US,D,20170324,000000,37.486,37.486,37.186,37.265,14185,0
CDL.US,D,20170327,000000,37.274,37.274,37.008,37.17,28806,0
CDL.US,D,20170328,000000,37.213,37.466,37.213,37.458,17381,0
CDL.US,D,20170329,000000,37.503,37.503,37.337,37.41,10694,0
CDL.US,D,20170330,000000,37.476,37.493,37.374,37.466,12275,0
CDL.US,D,20170331,000000,37.503,37.58,37.463,37.466,7955,0
CDL.US,D,20170403,000000,37.43,37.43,37.169,37.273,78234,0
CDL.US,D,20170404,000000,37.222,37.346,37.178,37.32,5354,0
CDL.US,D,20170405,000000,37.458,37.548,37.172,37.172,12973,0
CDL.US,D,20170406,000000,37.238,37.357,37.186,37.31,16242,0
CDL.US,D,20170407,000000,37.357,37.357,37.247,37.264,37557,0
CDL.US,D,20170410,000000,37.31,37.391,37.222,37.293,7601,0
CDL.US,D,20170411,000000,37.347,37.357,37.152,37.357,12595,0
CDL.US,D,20170412,000000,37.357,37.357,37.251,37.328,26161,0
CDL.US,D,20170413,000000,37.347,37.347,37.037,37.068,18474,0
CDL.US,D,20170417,000000,37.186,37.338,37.162,37.338,9186,0
CDL.US,D,20170418,000000,37.326,37.363,37.262,37.345,31021,0
CDL.US,D,20170419,000000,37.493,37.493,37.202,37.245,28126,0
CDL.US,D,20170420,000000,37.363,37.439,37.228,37.39,12650,0
CDL.US,D,20170421,000000,37.493,37.493,37.372,37.418,13403,0
CDL.US,D,20170424,000000,37.885,37.885,37.575,37.696,14045,0
CDL.US,D,20170425,000000,37.797,37.851,37.723,37.825,11724,0
CDL.US,D,20170426,000000,37.725,37.967,37.725,37.816,15429,0
CDL.US,D,20170427,000000,37.913,37.941,37.799,37.895,24853,0
CDL.US,D,20170428,000000,38.001,38.001,37.643,37.659,13851,0
CDL.US,D,20170501,000000,37.789,37.789,37.547,37.571,21962,0
CDL.US,D,20170502,000000,37.633,37.67,37.474,37.555,22480,0
CDL.US,D,20170503,000000,37.547,37.58,37.483,37.571,10733,0
CDL.US,D,20170504,000000,37.677,37.677,37.464,37.52,10725,0
CDL.US,D,20170505,000000,37.58,37.724,37.58,37.724,10349,0
CDL.US,D,20170508,000000,37.769,37.769,37.607,37.685,6022,0
CDL.US,D,20170509,000000,37.789,37.789,37.512,37.571,58513,0
CDL.US,D,20170510,000000,37.571,37.637,37.542,37.627,8454,0
CDL.US,D,20170511,000000,37.633,37.633,37.324,37.478,12823,0
CDL.US,D,20170512,000000,37.502,37.502,37.384,37.428,10034,0
CDL.US,D,20170515,000000,37.563,37.642,37.52,37.571,78071,0
CDL.US,D,20170516,000000,37.732,37.732,37.369,37.379,28616,0
CDL.US,D,20170517,000000,37.251,37.352,37.138,37.138,15540,0
CDL.US,D,20170518,000000,37.128,37.19,36.902,37.148,24089,0
CDL.US,D,20170519,000000,37.352,37.453,37.128,37.336,58364,0
CDL.US,D,20170522,000000,37.379,37.63,37.379,37.614,10182,0
CDL.US,D,20170523,000000,37.703,37.777,37.649,37.693,20487,0
CDL.US,D,20170524,000000,37.732,37.777,37.664,37.767,18174,0
CDL.US,D,20170525,000000,37.893,37.982,37.832,37.982,9280,0
CDL.US,D,20170526,000000,37.965,37.991,37.929,37.982,10927,0
CDL.US,D,20170530,000000,37.805,38.027,37.805,37.974,39622,0
CDL.US,D,20170531,000000,37.92,38.082,37.92,38.081,5373,0
CDL.US,D,20170601,000000,38.157,38.418,38.091,38.418,9519,0
CDL.US,D,20170602,000000,38.533,38.533,38.416,38.442,23444,0
CDL.US,D,20170605,000000,38.624,38.624,38.297,38.344,20096,0
CDL.US,D,20170606,000000,38.164,38.296,38.137,38.191,27567,0
CDL.US,D,20170607,000000,38.297,38.297,38.21,38.247,8435,0
CDL.US,D,20170608,000000,38.297,38.297,38.137,38.2,8304,0
CDL.US,D,20170609,000000,38.271,38.418,38.207,38.418,7920,0
CDL.US,D,20170612,000000,38.239,38.533,38.239,38.479,7269,0
CDL.US,D,20170613,000000,38.569,38.644,38.451,38.604,14973,0
CDL.US,D,20170614,000000,38.679,38.679,38.551,38.644,5386,0
CDL.US,D,20170615,000000,38.542,38.671,38.488,38.644,8101,0
CDL.US,D,20170616,000000,38.715,38.723,38.542,38.723,9902,0
CDL.US,D,20170619,000000,38.83,38.83,38.725,38.812,11746,0
CDL.US,D,20170620,000000,38.794,38.794,38.515,38.551,6877,0
CDL.US,D,20170621,000000,38.588,38.588,38.32,38.398,7379,0
CDL.US,D,20170622,000000,38.426,38.426,38.309,38.315,5472,0
CDL.US,D,20170623,000000,38.362,38.407,38.309,38.362,6055,0
CDL.US,D,20170626,000000,38.46,38.596,38.46,38.551,7856,0
CDL.US,D,20170627,000000,38.569,38.569,38.324,38.324,12373,0
CDL.US,D,20170628,000000,38.488,38.542,38.426,38.426,29923,0
CDL.US,D,20170629,000000,38.503,38.503,37.971,38.117,6901,0
CDL.US,D,20170630,000000,38.229,38.261,38.145,38.171,6771,0
CDL.US,D,20170703,000000,38.181,38.412,38.181,38.343,7116,0
CDL.US,D,20170705,000000,38.362,38.362,38.06,38.135,29155,0
CDL.US,D,20170706,000000,38.107,38.107,37.792,37.848,28462,0
CDL.US,D,20170707,000000,38.072,38.072,37.854,38.006,14480,0
CDL.US,D,20170710,000000,38.09,38.09,37.881,37.891,145910,0
CDL.US,D,20170711,000000,37.873,37.873,37.701,37.784,3664,0
CDL.US,D,20170712,000000,38.049,38.049,37.968,37.989,6099,0
CDL.US,D,20170713,000000,37.946,38.085,37.946,38.052,12525,0
CDL.US,D,20170714,000000,37.989,38.262,37.989,38.223,9098,0
CDL.US,D,20170717,000000,38.315,38.315,38.209,38.238,12033,0
CDL.US,D,20170718,000000,38.09,38.209,38.09,38.209,5550,0
CDL.US,D,20170719,000000,38.117,38.407,38.117,38.407,5550,0
CDL.US,D,20170720,000000,38.513,38.569,38.39,38.513,13370,0
CDL.US,D,20170721,000000,38.513,38.569,38.398,38.569,8074,0
CDL.US,D,20170724,000000,38.604,38.604,38.417,38.442,7292,0
CDL.US,D,20170725,000000,38.644,38.661,38.54,38.54,7720,0
CDL.US,D,20170726,000000,38.487,38.569,38.47,38.542,7416,0
CDL.US,D,20170727,000000,38.578,38.617,38.513,38.617,5025,0
CDL.US,D,20170728,000000,38.653,38.653,38.352,38.496,11607,0
CDL.US,D,20170731,000000,38.426,38.643,38.426,38.624,11104,0
CDL.US,D,20170801,000000,38.708,38.736,38.588,38.736,8768,0
CDL.US,D,20170802,000000,38.708,38.708,38.569,38.599,8453,0
CDL.US,D,20170803,000000,38.736,38.736,38.644,38.699,8923,0
CDL.US,D,20170804,000000,38.671,38.698,38.598,38.634,21592,0
CDL.US,D,20170807,000000,38.787,38.787,38.658,38.757,4998,0
CDL.US,D,20170808,000000,38.779,38.845,38.667,38.667,4428,0
CDL.US,D,20170809,000000,38.716,38.716,38.578,38.614,8216,0
CDL.US,D,20170810,000000,38.624,38.624,38.376,38.38,10837,0
CDL.US,D,20170811,000000,38.253,38.352,38.204,38.315,9532,0
CDL.US,D,20170814,000000,38.542,38.623,38.508,38.614,5585,0
CDL.US,D,20170815,000000,38.795,38.795,38.487,38.548,22024,0
CDL.US,D,20170816,000000,38.679,38.699,38.639,38.644,17686,0
CDL.US,D,20170817,000000,38.578,38.578,38.176,38.176,13557,0
CDL.US,D,20170818,000000,38.245,38.245,38.034,38.125,4771,0
CDL.US,D,20170821,000000,38.218,38.233,38.044,38.228,7355,0
CDL.US,D,20170822,000000,38.306,38.5,38.288,38.5,6828,0
CDL.US,D,20170823,000000,38.426,38.47,38.37,38.442,7839,0
CDL.US,D,20170824,000000,38.324,38.512,38.324,38.417,6983,0
CDL.US,D,20170825,000000,38.624,38.653,38.5,38.62,5539,0
CDL.US,D,20170828,000000,38.588,38.588,38.446,38.561,6495,0
CDL.US,D,20170829,000000,38.478,38.488,38.341,38.488,39001,0
CDL.US,D,20170830,000000,38.596,38.596,38.477,38.503,24001,0
CDL.US,D,20170831,000000,38.47,38.671,38.47,38.644,35407,0
CDL.US,D,20170901,000000,38.754,38.795,38.74,38.773,7708,0
CDL.US,D,20170905,000000,38.624,38.624,38.442,38.462,20538,0
CDL.US,D,20170906,000000,38.671,38.671,38.604,38.644,12362,0
CDL.US,D,20170907,000000,38.726,38.726,38.532,38.588,7066,0
CDL.US,D,20170908,000000,38.804,38.804,38.599,38.736,5821,0
CDL.US,D,20170911,000000,39.491,39.491,38.943,39.095,17562,0
CDL.US,D,20170912,000000,39.233,39.233,39.041,39.041,10638,0
CDL.US,D,20170913,000000,39.105,39.128,39.053,39.1,20783,0
CDL.US,D,20170914,000000,39.095,39.188,39.061,39.172,22933,0
CDL.US,D,20170915,000000,39.241,39.294,39.188,39.294,6716,0
CDL.US,D,20170918,000000,39.361,39.38,39.223,39.285,6371,0
CDL.US,D,20170919,000000,39.207,39.299,39.207,39.299,16073,0
CDL.US,D,20170920,000000,39.343,39.343,39.172,39.241,6555,0
CDL.US,D,20170921,000000,39.276,39.276,39.152,39.178,3822,0
CDL.US,D,20170922,000000,39.188,39.223,39.133,39.162,13290,0
CDL.US,D,20170925,000000,39.223,39.426,39.208,39.418,53571,0
CDL.US,D,20170926,000000,39.517,39.517,39.398,39.426,45600,0
CDL.US,D,20170927,000000,39.525,39.525,39.211,39.36,22670,0
CDL.US,D,20170928,000000,39.343,39.453,39.301,39.435,8649,0
CDL.US,D,20170929,000000,39.491,39.491,39.343,39.405,8966,0
CDL.US,D,20171002,000000,39.491,39.626,39.38,39.597,5046,0
CDL.US,D,20171003,000000,39.507,39.635,39.507,39.635,7714,0
CDL.US,D,20171004,000000,39.654,39.782,39.629,39.716,27752,0
CDL.US,D,20171005,000000,39.717,39.879,39.69,39.827,10368,0
CDL.US,D,20171006,000000,39.851,39.851,39.652,39.689,8180,0
CDL.US,D,20171009,000000,39.879,39.879,39.578,39.581,10260,0
CDL.US,D,20171010,000000,39.636,39.827,39.636,39.816,7298,0
CDL.US,D,20171011,000000,39.842,39.86,39.81,39.859,9928,0
CDL.US,D,20171012,000000,39.69,39.946,39.69,39.881,10827,0
CDL.US,D,20171013,000000,39.842,40.008,39.842,39.879,8858,0
CDL.US,D,20171016,000000,39.851,39.889,39.816,39.85,9268,0
CDL.US,D,20171017,000000,39.989,39.989,39.825,39.939,18133,0
CDL.US,D,20171018,000000,39.984,40.083,39.964,40.055,10763,0
CDL.US,D,20171019,000000,39.87,40.092,39.87,40.088,29321,0
CDL.US,D,20171020,000000,40.494,40.494,40.162,40.258,94225,0
CDL.US,D,20171023,000000,40.418,40.418,40.272,40.292,8082,0
CDL.US,D,20171024,000000,40.464,40.464,40.231,40.258,18430,0
CDL.US,D,20171025,000000,40.277,40.277,39.81,39.989,14071,0
CDL.US,D,20171026,000000,40.211,40.211,40.079,40.135,7510,0
CDL.US,D,20171027,000000,40.005,40.131,39.938,40.1,10403,0
CDL.US,D,20171030,000000,40.063,40.092,39.833,39.833,8008,0
CDL.US,D,20171031,000000,39.999,39.999,39.915,39.941,6153,0
CDL.US,D,20171101,000000,40.092,40.101,39.945,39.946,9566,0
CDL.US,D,20171102,000000,39.989,40.019,39.799,40.019,14428,0
CDL.US,D,20171103,000000,39.842,40.075,39.842,40.037,14690,0
CDL.US,D,20171106,000000,40.047,40.075,39.963,40.028,19890,0
CDL.US,D,20171107,000000,40.088,40.088,40.015,40.046,8533,0
CDL.US,D,20171108,000000,40.075,40.114,40.019,40.1,7544,0
CDL.US,D,20171109,000000,40.066,40.066,39.828,40.009,7309,0
CDL.US,D,20171110,000000,39.999,40.052,39.92,40.052,20052,0
CDL.US,D,20171113,000000,40.037,40.132,40.018,40.132,2482,0
CDL.US,D,20171114,000000,40.056,40.284,40.056,40.284,6794,0
CDL.US,D,20171115,000000,40.704,40.704,40.019,40.019,13036,0
CDL.US,D,20171116,000000,40.277,40.337,40.106,40.258,28049,0
CDL.US,D,20171117,000000,40.075,40.258,40.075,40.221,14863,0
CDL.US,D,20171120,000000,40.135,40.284,40.135,40.239,20850,0
CDL.US,D,20171121,000000,40.484,40.484,40.282,40.321,25706,0
CDL.US,D,20171122,000000,40.356,40.356,40.242,40.31,8432,0
CDL.US,D,20171124,000000,40.426,40.426,40.326,40.326,5647,0
CDL.US,D,20171127,000000,40.337,40.404,40.337,40.366,32503,0
CDL.US,D,20171128,000000,40.504,40.867,40.504,40.85,14055,0
CDL.US,D,20171129,000000,40.973,41.304,40.973,41.218,7706,0
CDL.US,D,20171130,000000,41.354,41.609,41.287,41.48,6421,0
CDL.US,D,20171201,000000,41.564,41.564,41.092,41.405,8951,0
CDL.US,D,20171204,000000,41.665,41.93,41.665,41.737,7161,0
CDL.US,D,20171205,000000,41.794,41.794,41.363,41.363,87511,0
CDL.US,D,20171206,000000,41.4,41.433,41.326,41.344,53078,0
CDL.US,D,20171207,000000,41.234,41.422,41.234,41.4,6149,0
CDL.US,D,20171208,000000,41.646,41.646,41.42,41.578,37148,0
CDL.US,D,20171211,000000,41.682,41.709,41.572,41.709,15102,0
CDL.US,D,20171212,000000,41.838,41.838,41.555,41.564,13667,0
CDL.US,D,20171213,000000,41.609,41.636,41.558,41.558,10234,0
CDL.US,D,20171214,000000,41.674,41.674,41.359,41.363,26793,0
CDL.US,D,20171215,000000,41.234,41.829,41.234,41.69,21074,0
CDL.US,D,20171218,000000,41.821,41.94,41.794,41.839,6474,0
CDL.US,D,20171219,000000,41.968,41.968,41.69,41.69,5095,0
CDL.US,D,20171220,000000,41.968,41.968,41.591,41.591,16511,0
CDL.US,D,20171221,000000,41.757,41.757,41.481,41.537,9732,0
CDL.US,D,20171222,000000,41.618,41.71,41.582,41.637,30075,0
CDL.US,D,20171226,000000,41.647,41.765,41.591,41.6,7337,0
CDL.US,D,20171227,000000,41.666,41.691,41.565,41.609,15436,0
CDL.US,D,20171228,000000,41.728,41.766,41.582,41.71,17569,0
CDL.US,D,20171229,000000,41.823,41.823,41.656,41.7,57287,0
CDL.US,D,20180102,000000,41.637,41.678,41.518,41.55,37010,0
CDL.US,D,20180103,000000,41.637,41.697,41.52,41.618,19499,0
CDL.US,D,20180104,000000,41.618,41.789,41.609,41.683,32112,0
CDL.US,D,20180105,000000,41.831,41.831,41.647,41.776,44200,0
CDL.US,D,20180108,000000,41.805,41.924,41.775,41.906,7414,0
CDL.US,D,20180109,000000,42.079,42.079,41.859,41.859,21996,0
CDL.US,D,20180110,000000,41.786,41.848,41.675,41.748,25502,0
CDL.US,D,20180111,000000,41.823,42.033,41.823,41.985,9658,0
CDL.US,D,20180112,000000,42.005,42.254,42.005,42.24,15568,0
CDL.US,D,20180116,000000,42.201,42.316,42.004,42.089,14259,0
CDL.US,D,20180117,000000,42.184,42.514,42.184,42.44,7607,0
CDL.US,D,20180118,000000,42.466,42.474,42.315,42.344,6335,0
CDL.US,D,20180119,000000,42.485,42.594,42.456,42.586,16888,0
CDL.US,D,20180122,000000,42.658,42.852,42.648,42.852,6713,0
CDL.US,D,20180123,000000,42.833,43.019,42.833,42.961,19509,0
CDL.US,D,20180124,000000,43.11,43.153,42.886,43.028,9072,0
CDL.US,D,20180125,000000,43.147,43.156,43.075,43.119,25482,0
CDL.US,D,20180126,000000,43.295,43.68,43.295,43.664,37578,0
CDL.US,D,20180129,000000,43.654,43.654,43.349,43.432,9992,0
CDL.US,D,20180130,000000,43.212,43.212,42.855,42.855,19984,0
CDL.US,D,20180131,000000,42.89,42.961,42.672,42.862,11032,0
CDL.US,D,20180201,000000,42.824,42.924,42.638,42.638,14641,0
CDL.US,D,20180202,000000,42.456,42.594,41.946,41.97,52169,0
CDL.US,D,20180205,000000,41.628,41.943,40.466,40.466,17015,0
CDL.US,D,20180206,000000,39.83,40.866,39.83,40.535,44715,0
CDL.US,D,20180207,000000,40.723,41.251,40.723,41.078,7344,0
CDL.US,D,20180208,000000,40.79,40.79,39.658,39.676,27099,0
CDL.US,D,20180209,000000,39.936,40.419,39.264,40.323,35078,0
CDL.US,D,20180212,000000,40.392,40.845,40.299,40.663,14848,0
CDL.US,D,20180213,000000,40.438,40.866,40.38,40.79,9663,0
CDL.US,D,20180214,000000,40.626,41.213,40.506,41.204,13642,0
CDL.US,D,20180215,000000,41.354,41.638,41.241,41.638,11073,0
CDL.US,D,20180216,000000,41.372,41.93,41.372,41.803,33639,0
CDL.US,D,20180220,000000,41.629,41.629,41.142,41.213,12550,0
CDL.US,D,20180221,000000,41.185,41.538,40.885,40.885,18530,0
CDL.US,D,20180222,000000,40.893,41.153,40.79,40.79,26409,0
CDL.US,D,20180223,000000,40.893,41.367,40.893,41.367,34060,0
CDL.US,D,20180226,000000,41.592,41.767,41.39,41.732,10635,0
CDL.US,D,20180227,000000,41.85,41.987,41.222,41.222,24741,0
CDL.US,D,20180228,000000,41.372,41.388,40.856,40.866,9776,0
CDL.US,D,20180301,000000,40.82,40.93,40.294,40.456,7786,0
CDL.US,D,20180302,000000,40.248,40.743,40.248,40.714,30702,0
CDL.US,D,20180305,000000,40.534,41.251,40.534,41.251,7696,0
CDL.US,D,20180306,000000,41.213,41.228,40.969,41.18,8024,0
CDL.US,D,20180307,000000,41.048,41.057,40.865,40.978,5107,0
CDL.US,D,20180308,000000,41.185,41.185,41.079,41.185,5584,0
CDL.US,D,20180309,000000,41.452,41.62,41.391,41.611,45994,0
CDL.US,D,20180312,000000,41.789,41.852,41.629,41.731,9722,0
CDL.US,D,20180313,000000,41.842,41.936,41.556,41.62,9322,0
CDL.US,D,20180314,000000,41.751,41.751,41.39,41.434,3282,0
CDL.US,D,20180315,000000,41.52,41.52,41.258,41.335,10350,0
CDL.US,D,20180316,000000,41.364,41.584,41.364,41.51,12431,0
CDL.US,D,20180319,000000,41.326,41.355,40.954,41.14,6867,0
CDL.US,D,20180320,000000,41.167,41.289,41.038,41.139,4558,0
CDL.US,D,20180321,000000,41.048,41.241,40.964,41.057,19621,0
CDL.US,D,20180322,000000,40.829,40.893,40.329,40.329,17786,0
CDL.US,D,20180323,000000,40.417,40.478,39.624,39.675,14045,0
CDL.US,D,20180326,000000,40.07,40.398,39.967,40.398,18633,0
CDL.US,D,20180327,000000,40.484,40.752,40.178,40.292,27423,0
CDL.US,D,20180328,000000,40.283,40.577,40.283,40.474,8560,0
CDL.US,D,20180329,000000,40.558,40.919,40.558,40.823,15053,0
CDL.US,D,20180402,000000,40.837,40.837,39.747,40.07,34962,0
CDL.US,D,20180403,000000,40.096,40.573,40.088,40.539,26782,0
CDL.US,D,20180404,000000,40.3,40.909,40.245,40.909,13325,0
CDL.US,D,20180405,000000,41.057,41.26,40.946,41.246,4472,0
CDL.US,D,20180406,000000,41.482,41.482,40.378,40.588,15590,0
CDL.US,D,20180409,000000,40.771,40.981,40.671,40.695,13324,0
CDL.US,D,20180410,000000,40.977,41.047,40.808,40.875,7721,0
CDL.US,D,20180411,000000,40.836,40.94,40.836,40.836,5693,0
CDL.US,D,20180412,000000,40.865,41.021,40.722,40.799,9044,0
CDL.US,D,20180413,000000,40.943,40.943,40.67,40.761,29639,0
CDL.US,D,20180416,000000,41.048,41.317,40.968,41.28,7214,0
CDL.US,D,20180417,000000,41.386,41.554,41.386,41.491,8730,0
CDL.US,D,20180418,000000,41.593,41.762,41.487,41.5,12909,0
CDL.US,D,20180419,000000,41.289,41.289,41.096,41.222,5794,0
CDL.US,D,20180420,000000,41.195,41.243,40.916,40.979,9096,0
CDL.US,D,20180423,000000,41.112,41.199,41.083,41.139,134564,0
CDL.US,D,20180424,000000,41.373,41.405,40.882,40.994,17369,0
CDL.US,D,20180425,000000,40.984,41.19,40.834,41.112,24849,0
CDL.US,D,20180426,000000,41.241,41.325,41.038,41.28,10936,0
CDL.US,D,20180427,000000,41.26,41.44,41.26,41.4,11398,0
CDL.US,D,20180430,000000,41.558,41.558,41.12,41.181,24008,0
CDL.US,D,20180501,000000,41.001,41.001,40.636,40.924,8825,0
CDL.US,D,20180502,000000,40.967,40.967,40.759,40.759,15194,0
CDL.US,D,20180503,000000,40.585,40.708,40.274,40.655,7388,0
CDL.US,D,20180504,000000,40.529,41.171,40.529,41.063,7582,0
CDL.US,D,20180507,000000,41.149,41.161,40.991,41.008,14262,0
CDL.US,D,20180508,000000,41.001,41.001,40.706,40.781,7178,0
CDL.US,D,20180509,000000,40.827,40.98,40.817,40.935,9262,0
CDL.US,D,20180510,000000,41.02,41.28,41.02,41.28,11786,0
CDL.US,D,20180511,000000,41.355,41.38,41.289,41.307,26013,0
CDL.US,D,20180514,000000,41.435,41.435,41.289,41.391,19633,0
CDL.US,D,20180515,000000,41.345,41.345,41.081,41.145,9120,0
CDL.US,D,20180516,000000,41.326,41.435,41.213,41.376,16757,0
CDL.US,D,20180517,000000,41.401,41.565,41.375,41.418,14978,0
CDL.US,D,20180518,000000,41.435,41.435,41.18,41.228,22156,0
CDL.US,D,20180521,000000,41.444,41.512,41.345,41.502,13197,0
CDL.US,D,20180522,000000,41.454,41.629,41.391,41.391,7465,0
CDL.US,D,20180523,000000,41.373,41.484,41.241,41.448,10549,0
CDL.US,D,20180524,000000,41.522,41.577,41.358,41.577,9800,0
CDL.US,D,20180525,000000,41.492,41.522,41.391,41.483,15473,0
CDL.US,D,20180529,000000,41.364,41.419,41.047,41.222,7554,0
CDL.US,D,20180530,000000,41.364,41.849,41.298,41.772,24001,0
CDL.US,D,20180531,000000,41.671,41.671,41.32,41.381,8551,0
CDL.US,D,20180601,000000,41.464,41.598,41.409,41.409,15770,0
CDL.US,D,20180604,000000,41.502,41.744,41.502,41.586,14424,0
CDL.US,D,20180605,000000,41.622,41.635,41.517,41.559,7846,0
CDL.US,D,20180606,000000,41.661,41.661,41.391,41.486,44765,0
CDL.US,D,20180607,000000,41.594,41.767,41.594,41.714,6802,0
CDL.US,D,20180608,000000,41.622,41.819,41.622,41.809,14673,0
CDL.US,D,20180611,000000,41.792,41.977,41.792,41.966,12137,0
CDL.US,D,20180612,000000,41.994,41.994,41.893,41.942,10577,0
CDL.US,D,20180613,000000,41.893,41.923,41.758,41.758,9579,0
CDL.US,D,20180614,000000,41.865,41.91,41.791,41.881,17970,0
CDL.US,D,20180615,000000,41.715,41.994,41.705,41.984,18464,0
CDL.US,D,20180618,000000,41.883,41.981,41.883,41.938,5766,0
CDL.US,D,20180619,000000,41.818,42.037,41.818,42.013,7828,0
CDL.US,D,20180620,000000,42.347,42.347,41.985,42.079,12544,0
CDL.US,D,20180621,000000,41.985,42.079,41.864,41.873,10307,0
CDL.US,D,20180622,000000,42.209,42.256,42.146,42.146,5684,0
CDL.US,D,20180625,000000,42.089,42.089,41.834,41.852,3331,0
CDL.US,D,20180626,000000,41.994,42.164,41.994,42.059,6914,0
CDL.US,D,20180627,000000,42.093,42.248,41.977,41.977,9453,0
CDL.US,D,20180628,000000,41.994,42.086,41.884,42.086,9437,0
CDL.US,D,20180629,000000,42.193,42.314,42.193,42.256,5736,0
CDL.US,D,20180702,000000,41.8,41.911,41.665,41.911,15015,0
CDL.US,D,20180703,000000,41.93,42.162,41.93,41.973,4633,0
CDL.US,D,20180705,000000,42.069,42.311,42.022,42.311,28494,0
CDL.US,D,20180706,000000,42.327,42.617,42.318,42.585,3868,0
CDL.US,D,20180709,000000,42.581,42.715,42.461,42.48,7856,0
CDL.US,D,20180710,000000,42.527,42.627,42.474,42.627,8414,0
CDL.US,D,20180711,000000,42.509,42.627,42.405,42.473,11527,0
CDL.US,D,20180712,000000,42.436,42.509,42.434,42.509,6341,0
CDL.US,D,20180713,000000,42.424,42.59,42.424,42.506,13186,0
CDL.US,D,20180716,000000,42.571,42.571,42.367,42.449,5211,0
CDL.US,D,20180717,000000,42.471,42.536,42.471,42.48,6973,0
CDL.US,D,20180718,000000,42.357,42.455,42.328,42.448,6340,0
CDL.US,D,20180719,000000,42.415,42.696,42.415,42.581,18997,0
CDL.US,D,20180720,000000,42.59,42.59,42.365,42.415,9313,0
CDL.US,D,20180723,000000,42.238,42.49,42.238,42.383,6221,0
CDL.US,D,20180724,000000,42.48,42.48,42.295,42.384,10211,0
CDL.US,D,20180725,000000,42.337,42.52,42.337,42.52,4154,0
CDL.US,D,20180726,000000,42.637,42.901,42.627,42.849,10323,0
CDL.US,D,20180727,000000,42.926,43,42.755,42.838,19724,0
CDL.US,D,20180730,000000,42.806,42.984,42.806,42.838,19272,0
CDL.US,D,20180731,000000,43.032,43.151,43.023,43.147,6300,0
CDL.US,D,20180801,000000,43.114,43.114,42.637,42.69,8863,0
CDL.US,D,20180802,000000,42.677,42.832,42.555,42.808,5152,0
CDL.US,D,20180803,000000,42.934,43.166,42.934,43.166,6748,0
CDL.US,D,20180806,000000,43.218,43.32,43.181,43.218,11834,0
CDL.US,D,20180807,000000,43.358,43.358,43.219,43.311,7163,0
CDL.US,D,20180808,000000,43.33,43.33,43.101,43.191,6696,0
CDL.US,D,20180809,000000,43.311,43.311,43.142,43.189,7463,0
CDL.US,D,20180810,000000,43.123,43.133,43.003,43.041,10816,0
CDL.US,D,20180813,000000,43.17,43.17,42.896,42.934,4651,0
CDL.US,D,20180814,000000,42.934,43.273,42.934,43.228,8912,0
CDL.US,D,20180815,000000,43.023,43.058,42.9,43.04,14389,0
CDL.US,D,20180816,000000,43.18,43.47,43.18,43.433,12533,0
CDL.US,D,20180817,000000,43.5,43.78,43.471,43.741,9264,0
CDL.US,D,20180820,000000,43.817,43.954,43.817,43.921,6826,0
CDL.US,D,20180821,000000,43.836,43.981,43.827,43.884,13450,0
CDL.US,D,20180822,000000,43.941,43.941,43.712,43.722,42531,0
CDL.US,D,20180823,000000,43.63,43.719,43.622,43.712,23055,0
CDL.US,D,20180824,000000,43.742,43.882,43.668,43.882,6467,0
CDL.US,D,20180827,000000,43.987,44.014,43.854,43.93,17187,0
CDL.US,D,20180828,000000,43.979,43.979,43.8,43.827,15153,0
CDL.US,D,20180829,000000,43.712,43.942,43.712,43.934,12759,0
CDL.US,D,20180830,000000,43.79,43.909,43.722,43.78,8940,0
CDL.US,D,20180831,000000,43.761,43.761,43.582,43.693,12370,0
CDL.US,D,20180904,000000,43.732,43.836,43.708,43.783,27489,0
CDL.US,D,20180905,000000,43.742,44.174,43.742,44.174,10210,0
CDL.US,D,20180906,000000,44.202,44.202,44.014,44.192,6784,0
CDL.US,D,20180907,000000,43.92,43.982,43.846,43.913,3949,0
CDL.US,D,20180910,000000,44.089,44.233,44.063,44.107,16315,0
CDL.US,D,20180911,000000,43.969,44.079,43.969,44.021,5882,0
CDL.US,D,20180912,000000,44.079,44.145,44.052,44.105,6768,0
CDL.US,D,20180913,000000,44.183,44.183,44.008,44.131,10498,0
CDL.US,D,20180914,000000,44.241,44.278,44.048,44.278,10054,0
CDL.US,D,20180917,000000,44.231,44.292,44.124,44.154,9806,0
CDL.US,D,20180918,000000,44.268,44.268,44.074,44.215,6419,0
CDL.US,D,20180919,000000,44.268,44.268,43.874,43.874,9890,0
CDL.US,D,20180920,000000,43.945,44.137,43.91,44.098,3724,0
CDL.US,D,20180921,000000,44.241,44.255,44.142,44.19,12439,0
CDL.US,D,20180924,000000,44.034,44.034,43.692,43.692,9510,0
CDL.US,D,20180925,000000,43.844,43.844,43.366,43.366,45195,0
CDL.US,D,20180926,000000,43.488,43.526,43.366,43.367,18475,0
CDL.US,D,20180927,000000,43.328,43.384,43.121,43.121,3094,0
CDL.US,D,20180928,000000,43.121,43.318,43.083,43.318,17904,0
CDL.US,D,20181001,000000,43.337,43.422,43.284,43.295,20113,0
CDL.US,D,20181002,000000,43.245,43.525,43.245,43.441,4656,0
CDL.US,D,20181003,000000,43.611,43.611,43.283,43.283,6340,0
CDL.US,D,20181004,000000,43.187,43.266,43.187,43.245,2786,0
CDL.US,D,20181005,000000,43.498,43.501,43.366,43.366,3106,0
CDL.US,D,20181008,000000,43.412,43.683,43.412,43.658,5170,0
CDL.US,D,20181009,000000,43.649,43.649,43.353,43.353,9465,0
CDL.US,D,20181010,000000,43.235,43.337,42.814,42.818,45884,0
CDL.US,D,20181011,000000,42.652,42.652,41.602,41.602,34333,0
CDL.US,D,20181012,000000,41.723,41.776,41.159,41.37,13970,0
CDL.US,D,20181015,000000,41.508,41.803,41.508,41.593,21252,0
CDL.US,D,20181016,000000,41.696,42.097,41.547,42.043,70088,0
CDL.US,D,20181017,000000,42.167,42.223,41.762,42.048,11915,0
CDL.US,D,20181018,000000,42.111,42.289,41.722,41.838,13141,0
CDL.US,D,20181019,000000,42.024,42.243,42.024,42.134,6031,0
CDL.US,D,20181022,000000,42.111,42.212,41.695,41.705,6131,0
CDL.US,D,20181023,000000,41.347,41.457,41.059,41.394,7052,0
CDL.US,D,20181024,000000,41.467,41.525,40.963,40.963,13011,0
CDL.US,D,20181025,000000,41.091,41.255,41.003,41.112,9258,0
CDL.US,D,20181026,000000,40.868,40.868,40.274,40.471,61269,0
CDL.US,D,20181029,000000,40.953,41.244,40.714,40.831,14371,0
CDL.US,D,20181030,000000,40.791,41.464,40.791,41.464,9875,0
CDL.US,D,20181031,000000,41.668,41.668,41.293,41.321,17645,0
CDL.US,D,20181101,000000,41.328,41.757,41.328,41.704,4244,0
CDL.US,D,20181102,000000,41.827,41.835,41.258,41.447,46481,0
CDL.US,D,20181105,000000,41.61,41.982,41.61,41.854,169958,0
CDL.US,D,20181106,000000,42.005,42.259,41.941,42.259,162359,0
CDL.US,D,20181107,000000,42.559,42.725,42.176,42.725,12359,0
CDL.US,D,20181108,000000,42.551,42.766,42.551,42.685,12547,0
CDL.US,D,20181109,000000,42.551,42.731,42.52,42.731,118655,0
CDL.US,D,20181112,000000,42.624,42.81,42.42,42.42,27642,0
CDL.US,D,20181113,000000,42.476,42.717,42.401,42.465,8589,0
CDL.US,D,20181114,000000,42.362,42.644,42.114,42.114,10489,0
CDL.US,D,20181115,000000,41.803,42.377,41.761,42.356,29278,0
CDL.US,D,20181116,000000,42.391,42.639,42.352,42.597,30786,0
CDL.US,D,20181119,000000,42.525,42.704,42.342,42.525,12756,0
CDL.US,D,20181120,000000,42.323,42.323,41.892,41.95,17821,0
CDL.US,D,20181121,000000,41.94,42.231,41.94,41.94,12462,0
CDL.US,D,20181123,000000,41.646,41.766,41.636,41.766,2983,0
CDL.US,D,20181126,000000,42.061,42.214,42.036,42.214,8601,0
CDL.US,D,20181127,000000,42.175,42.336,42.175,42.323,11365,0
CDL.US,D,20181128,000000,42.44,42.671,42.154,42.568,25461,0
CDL.US,D,20181129,000000,42.551,42.834,42.467,42.634,19026,0
CDL.US,D,20181130,000000,42.724,43.04,42.724,42.955,25109,0
CDL.US,D,20181203,000000,43.523,43.523,42.995,43.28,54969,0
CDL.US,D,20181204,000000,43.212,43.212,42.323,42.352,36656,0
CDL.US,D,20181206,000000,42.175,42.175,41.288,42.079,29062,0
CDL.US,D,20181207,000000,42.194,42.315,41.589,41.614,10035,0
CDL.US,D,20181210,000000,41.712,41.712,40.792,41.306,23968,0
CDL.US,D,20181211,000000,41.825,41.863,41.289,41.485,22503,0
CDL.US,D,20181212,000000,41.863,41.875,41.543,41.579,301826,0
CDL.US,D,20181213,000000,41.693,41.759,41.402,41.565,20990,0
CDL.US,D,20181214,000000,41.401,41.419,41.024,41.078,15481,0
CDL.US,D,20181217,000000,41.164,41.164,40.046,40.09,179575,0
CDL.US,D,20181218,000000,40.437,40.515,39.807,39.9,36569,0
CDL.US,D,20181219,000000,40.043,40.403,39.435,39.557,15508,0
CDL.US,D,20181220,000000,39.426,39.736,38.802,39.235,73740,0
CDL.US,D,20181221,000000,39.435,39.974,38.789,38.836,141444,0
CDL.US,D,20181224,000000,38.752,38.752,37.539,37.539,24214,0
CDL.US,D,20181226,000000,37.595,38.846,37.289,38.846,29199,0
CDL.US,D,20181227,000000,38.363,38.969,37.941,38.855,34837,0
CDL.US,D,20181228,000000,39.15,39.473,38.893,39.027,125630,0
CDL.US,D,20181231,000000,39.235,39.244,38.865,39.244,261488,0
CDL.US,D,20190102,000000,38.913,39.208,38.906,39.188,39559,0
CDL.US,D,20190103,000000,39.082,39.187,38.837,38.874,13634,0
CDL.US,D,20190104,000000,39.445,39.811,39.377,39.775,19447,0
CDL.US,D,20190107,000000,39.832,40.233,39.624,39.92,33652,0
CDL.US,D,20190108,000000,40.327,40.355,39.983,40.345,21756,0
CDL.US,D,20190109,000000,40.44,40.509,40.292,40.393,19009,0
CDL.US,D,20190110,000000,40.281,40.678,40.281,40.669,19299,0
CDL.US,D,20190111,000000,40.659,40.731,40.512,40.618,15121,0
CDL.US,D,20190114,000000,40.603,40.603,40.346,40.499,65914,0
CDL.US,D,20190115,000000,40.545,40.812,40.545,40.744,99715,0
CDL.US,D,20190116,000000,40.669,40.983,40.669,40.86,31526,0
CDL.US,D,20190117,000000,40.783,41.253,40.783,41.21,1729882,0
CDL.US,D,20190118,000000,41.286,41.722,41.286,41.684,319453,0
CDL.US,D,20190122,000000,41.312,41.636,41.143,41.312,40836,0
CDL.US,D,20190123,000000,41.513,41.514,41.142,41.454,28746,0
CDL.US,D,20190124,000000,41.474,41.504,41.201,41.453,39672,0
CDL.US,D,20190125,000000,41.676,41.76,41.462,41.51,20984,0
CDL.US,D,20190128,000000,41.435,41.435,41.095,41.362,52371,0
CDL.US,D,20190129,000000,41.323,41.573,41.323,41.484,46434,0
CDL.US,D,20190130,000000,41.636,41.883,41.476,41.769,37686,0
CDL.US,D,20190131,000000,41.854,42.351,41.854,42.351,28238,0
CDL.US,D,20190201,000000,42.435,42.435,42.123,42.356,63424,0
CDL.US,D,20190204,000000,42.435,42.462,42.044,42.462,25906,0
CDL.US,D,20190205,000000,42.366,42.555,42.31,42.477,86195,0
CDL.US,D,20190206,000000,42.52,42.52,42.366,42.385,52547,0
CDL.US,D,20190207,000000,42.235,42.346,42.041,42.346,12902,0
CDL.US,D,20190208,000000,42.326,42.351,42.098,42.318,18638,0
CDL.US,D,20190211,000000,42.435,42.481,42.344,42.452,12422,0
CDL.US,D,20190212,000000,42.68,42.934,42.67,42.861,20693,0
CDL.US,D,20190213,000000,43.003,43.042,42.813,42.97,30865,0
CDL.US,D,20190214,000000,42.908,42.934,42.73,42.775,21912,0
CDL.US,D,20190215,000000,43.023,43.144,42.994,43.061,41201,0
CDL.US,D,20190219,000000,43.013,43.44,43.013,43.372,33783,0
CDL.US,D,20190220,000000,43.469,43.773,43.368,43.734,38412,0
CDL.US,D,20190221,000000,43.705,43.727,43.488,43.628,28539,0
CDL.US,D,20190222,000000,43.714,43.829,43.554,43.793,31639,0
CDL.US,D,20190225,000000,43.965,43.971,43.695,43.793,79100,0
CDL.US,D,20190226,000000,43.686,43.811,43.673,43.691,27361,0
CDL.US,D,20190227,000000,43.65,43.763,43.544,43.734,50296,0
CDL.US,D,20190228,000000,43.622,43.734,43.603,43.68,11907,0
CDL.US,D,20190301,000000,43.945,43.945,43.544,43.748,22632,0
CDL.US,D,20190304,000000,43.992,43.992,43.313,43.713,13466,0
CDL.US,D,20190305,000000,43.811,43.811,43.554,43.686,12118,0
CDL.US,D,20190306,000000,43.763,43.763,43.459,43.459,12020,0
CDL.US,D,20190307,000000,43.402,43.402,43.135,43.18,19390,0
CDL.US,D,20190308,000000,43.011,43.231,42.956,43.229,16109,0
CDL.US,D,20190311,000000,43.183,43.547,43.183,43.546,9379,0
CDL.US,D,20190312,000000,43.735,43.793,43.656,43.674,35034,0
CDL.US,D,20190313,000000,43.879,43.917,43.764,43.83,47295,0
CDL.US,D,20190314,000000,43.947,43.947,43.715,43.832,29323,0
CDL.US,D,20190315,000000,43.937,44.078,43.859,43.947,14578,0
CDL.US,D,20190318,000000,44.069,44.137,44,44.02,20819,0
CDL.US,D,20190319,000000,44.348,44.348,43.735,43.745,12994,0
CDL.US,D,20190320,000000,43.869,43.869,43.422,43.422,18241,0
CDL.US,D,20190321,000000,43.431,44.004,43.408,43.907,37371,0
CDL.US,D,20190322,000000,43.784,43.784,43.171,43.289,22459,0
CDL.US,D,20190325,000000,43.144,43.369,43.107,43.278,9059,0
CDL.US,D,20190326,000000,43.677,43.754,43.382,43.677,46234,0
CDL.US,D,20190327,000000,43.632,43.794,43.424,43.669,134532,0
CDL.US,D,20190328,000000,43.623,43.828,43.422,43.65,15522,0
CDL.US,D,20190329,000000,43.907,43.907,43.696,43.805,20058,0
CDL.US,D,20190401,000000,44.175,44.291,44.034,44.291,63199,0
CDL.US,D,20190402,000000,44.309,44.405,44.243,44.285,31526,0
CDL.US,D,20190403,000000,44.538,44.538,44.329,44.396,14610,0
CDL.US,D,20190404,000000,44.46,44.596,44.405,44.591,18403,0
CDL.US,D,20190405,000000,44.71,44.823,44.632,44.823,13267,0
CDL.US,D,20190408,000000,44.72,44.859,44.72,44.836,51284,0
CDL.US,D,20190409,000000,44.796,44.796,44.481,44.481,33735,0
CDL.US,D,20190410,000000,44.612,44.749,44.547,44.694,14489,0
CDL.US,D,20190411,000000,44.869,44.914,44.71,44.749,13909,0
CDL.US,D,20190412,000000,45.063,45.143,44.909,45.053,20829,0
CDL.US,D,20190415,000000,45.186,45.186,44.951,44.988,26253,0
CDL.US,D,20190416,000000,45.072,45.11,44.922,45.11,12263,0
CDL.US,D,20190417,000000,45.292,45.292,45.068,45.072,15735,0
CDL.US,D,20190418,000000,45.044,45.086,44.958,45.011,19815,0
CDL.US,D,20190422,000000,44.958,44.958,44.775,44.775,10363,0
CDL.US,D,20190423,000000,44.777,45.072,44.777,45.053,18200,0
CDL.US,D,20190424,000000,44.918,45.101,44.918,45.053,8762,0
CDL.US,D,20190425,000000,44.767,44.958,44.646,44.832,13310,0
CDL.US,D,20190426,000000,44.822,45.014,44.822,44.967,17532,0
CDL.US,D,20190429,000000,45.053,45.129,44.958,44.995,33376,0
CDL.US,D,20190430,000000,45.139,45.305,44.932,45.305,22112,0
CDL.US,D,20190501,000000,45.37,45.37,44.84,44.84,14081,0
CDL.US,D,20190502,000000,44.631,44.886,44.564,44.758,31117,0
CDL.US,D,20190503,000000,44.851,45.188,44.851,45.177,18493,0
CDL.US,D,20190506,000000,44.536,44.901,44.536,44.899,12646,0
CDL.US,D,20190507,000000,44.651,44.651,44.162,44.374,25930,0
CDL.US,D,20190508,000000,44.374,44.374,44.107,44.107,12591,0
CDL.US,D,20190509,000000,44.02,44.066,43.608,44.056,38939,0
CDL.US,D,20190510,000000,43.943,44.324,43.637,44.243,20154,0
CDL.US,D,20190513,000000,43.647,43.661,43.419,43.507,45711,0
CDL.US,D,20190514,000000,43.673,44.056,43.51,43.917,10889,0
CDL.US,D,20190515,000000,43.618,43.938,43.51,43.898,19735,0
CDL.US,D,20190516,000000,43.828,44.24,43.828,44.114,6966,0
CDL.US,D,20190517,000000,43.74,44.216,43.74,43.977,11820,0
CDL.US,D,20190520,000000,43.923,44.043,43.794,43.943,47227,0
CDL.US,D,20190521,000000,43.913,44.277,43.913,44.162,17796,0
CDL.US,D,20190522,000000,44.057,44.095,43.969,44.039,17439,0
CDL.US,D,20190523,000000,43.769,43.769,43.457,43.665,10433,0
CDL.US,D,20190524,000000,43.903,43.903,43.714,43.831,77854,0
CDL.US,D,20190528,000000,43.828,43.828,43.214,43.214,15666,0
CDL.US,D,20190529,000000,43.033,43.089,42.745,42.999,21085,0
CDL.US,D,20190530,000000,43.146,43.146,42.803,42.878,22884,0
CDL.US,D,20190531,000000,42.477,42.477,42.33,42.419,8557,0
CDL.US,D,20190603,000000,42.561,42.993,42.561,42.924,64794,0
CDL.US,D,20190604,000000,43.426,43.707,43.319,43.707,8212,0
CDL.US,D,20190605,000000,43.923,44.144,43.799,44.094,14086,0
CDL.US,D,20190606,000000,44.095,44.454,44.066,44.306,19582,0
CDL.US,D,20190607,000000,44.595,44.744,44.422,44.422,18135,0
CDL.US,D,20190610,000000,44.632,44.632,44.412,44.412,11334,0
CDL.US,D,20190611,000000,44.517,44.71,44.393,44.453,76371,0
CDL.US,D,20190612,000000,44.364,44.565,44.364,44.403,36375,0
CDL.US,D,20190613,000000,44.422,44.759,44.422,44.73,76831,0
CDL.US,D,20190614,000000,44.853,44.853,44.601,44.809,11955,0
CDL.US,D,20190617,000000,44.759,44.759,44.597,44.603,15686,0
CDL.US,D,20190618,000000,44.787,44.99,44.773,44.882,42572,0
CDL.US,D,20190619,000000,44.931,45.062,44.862,45.022,14133,0
CDL.US,D,20190620,000000,45.22,45.48,45.085,45.47,10917,0
CDL.US,D,20190621,000000,45.413,45.583,45.363,45.51,12734,0
CDL.US,D,20190624,000000,45.548,45.548,45.218,45.218,8968,0
CDL.US,D,20190625,000000,45.306,45.306,44.998,44.998,17580,0
CDL.US,D,20190626,000000,45.105,45.105,44.711,44.711,20348,0
CDL.US,D,20190627,000000,44.844,44.921,44.75,44.902,24988,0
CDL.US,D,20190628,000000,45.066,45.249,45.066,45.133,11629,0
CDL.US,D,20190701,000000,45.538,45.575,45.281,45.495,22308,0
CDL.US,D,20190702,000000,45.441,45.548,45.345,45.48,9444,0
CDL.US,D,20190703,000000,45.718,45.998,45.66,45.959,4669,0
CDL.US,D,20190705,000000,45.768,45.921,45.668,45.901,6458,0
CDL.US,D,20190708,000000,45.93,45.93,45.711,45.806,8974,0
CDL.US,D,20190709,000000,45.661,45.668,45.538,45.668,9554,0
CDL.US,D,20190710,000000,45.865,45.865,45.641,45.718,84590,0
CDL.US,D,20190711,000000,45.69,45.7,45.5,45.689,8375,0
CDL.US,D,20190712,000000,45.738,45.997,45.738,45.96,17842,0
CDL.US,D,20190715,000000,45.901,45.939,45.845,45.887,10006,0
CDL.US,D,20190716,000000,46.027,46.027,45.842,45.846,8960,0
CDL.US,D,20190717,000000,45.818,45.818,45.555,45.592,9015,0
CDL.US,D,20190718,000000,45.612,45.798,45.415,45.768,22437,0
CDL.US,D,20190719,000000,45.94,45.94,45.66,45.66,11287,0
CDL.US,D,20190722,000000,45.592,45.592,45.343,45.469,11297,0
CDL.US,D,20190723,000000,45.65,45.837,45.519,45.837,13141,0
CDL.US,D,20190724,000000,46.143,46.143,45.837,46.143,64019,0
CDL.US,D,20190725,000000,46.162,46.162,45.849,45.892,19004,0
CDL.US,D,20190726,000000,45.979,46.288,45.979,46.288,5516,0
CDL.US,D,20190729,000000,46.124,46.204,46.114,46.155,19870,0
CDL.US,D,20190730,000000,46.143,46.143,46.023,46.057,19511,0
CDL.US,D,20190731,000000,46.038,46.143,45.798,45.922,9745,0
CDL.US,D,20190801,000000,45.68,45.991,45.253,45.278,15865,0
CDL.US,D,20190802,000000,45.053,45.121,44.882,45.121,5810,0
CDL.US,D,20190805,000000,44.601,44.601,43.509,43.966,110532,0
CDL.US,D,20190806,000000,43.974,44.3,43.665,44.267,13684,0
CDL.US,D,20190807,000000,43.809,44.214,43.602,44.155,17183,0
CDL.US,D,20190808,000000,44.369,44.869,44.346,44.869,17533,0
CDL.US,D,20190809,000000,44.802,44.802,44.326,44.562,20455,0
CDL.US,D,20190812,000000,44.425,44.425,43.938,44.059,11398,0
CDL.US,D,20190813,000000,44.023,44.649,43.984,44.458,15006,0
CDL.US,D,20190814,000000,43.855,43.855,43.314,43.352,15007,0
CDL.US,D,20190815,000000,43.18,43.497,43.068,43.442,18499,0
CDL.US,D,20190816,000000,43.557,44.04,43.557,43.99,9574,0
CDL.US,D,20190819,000000,44.472,44.562,44.379,44.562,5549,0
CDL.US,D,20190820,000000,44.359,44.359,44.049,44.049,9097,0
CDL.US,D,20190821,000000,44.425,44.425,44.292,44.42,8766,0
CDL.US,D,20190822,000000,44.445,44.597,44.224,44.592,14047,0
CDL.US,D,20190823,000000,44.252,44.408,43.257,43.257,25956,0
CDL.US,D,20190826,000000,43.894,43.894,43.558,43.72,17275,0
CDL.US,D,20190827,000000,44.012,44.012,43.489,43.586,11099,0
CDL.US,D,20190828,000000,43.411,43.943,43.411,43.904,18121,0
CDL.US,D,20190829,000000,44.116,44.451,44.116,44.386,15496,0
CDL.US,D,20190830,000000,44.746,44.746,44.503,44.609,9939,0
CDL.US,D,20190903,000000,44.243,44.359,44.089,44.341,8559,0
CDL.US,D,20190904,000000,44.784,44.852,44.659,44.805,42143,0
CDL.US,D,20190905,000000,45.248,45.481,45.248,45.313,16998,0
CDL.US,D,20190906,000000,45.463,45.511,45.335,45.371,41785,0
CDL.US,D,20190909,000000,45.529,45.79,45.529,45.761,8655,0
CDL.US,D,20190910,000000,45.691,46.146,45.691,46.146,15989,0
CDL.US,D,20190911,000000,46.194,46.613,46.194,46.599,21912,0
CDL.US,D,20190912,000000,46.785,46.785,46.495,46.673,34876,0
CDL.US,D,20190913,000000,46.776,46.832,46.603,46.664,14573,0
CDL.US,D,20190916,000000,46.633,46.633,46.417,46.509,23437,0
CDL.US,D,20190917,000000,46.594,46.594,46.35,46.521,13398,0
CDL.US,D,20190918,000000,46.613,46.613,46.314,46.516,14460,0
CDL.US,D,20190919,000000,46.554,46.669,46.434,46.434,13878,0
CDL.US,D,20190920,000000,46.577,46.651,46.419,46.419,8980,0
CDL.US,D,20190923,000000,46.331,46.495,46.248,46.388,11246,0
CDL.US,D,20190924,000000,46.641,46.641,46.02,46.031,15604,0
CDL.US,D,20190925,000000,46.223,46.457,46.089,46.456,24742,0
CDL.US,D,20190926,000000,46.37,46.424,46.176,46.35,11725,0
CDL.US,D,20190927,000000,46.438,46.641,46.277,46.367,13516,0
CDL.US,D,20190930,000000,46.594,46.612,46.504,46.508,21692,0
CDL.US,D,20191001,000000,46.574,46.574,45.78,45.827,19038,0
CDL.US,D,20191002,000000,45.441,45.441,44.742,44.928,21187,0
CDL.US,D,20191003,000000,44.81,45.026,44.445,45.026,25039,0
CDL.US,D,20191004,000000,45.023,45.569,45.023,45.565,5943,0
CDL.US,D,20191007,000000,45.431,45.72,45.348,45.348,13289,0
CDL.US,D,20191008,000000,45.14,45.14,44.567,44.567,20264,0
CDL.US,D,20191009,000000,44.878,44.955,44.675,44.917,7958,0
CDL.US,D,20191010,000000,44.85,45.342,44.85,45.185,19974,0
CDL.US,D,20191011,000000,45.8,46.266,45.8,46.245,38440,0
CDL.US,D,20191014,000000,45.893,45.893,45.646,45.746,10309,0
CDL.US,D,20191015,000000,45.963,46.301,45.805,46.139,12452,0
CDL.US,D,20191016,000000,46.148,46.196,45.894,45.894,11208,0
CDL.US,D,20191017,000000,45.943,46.179,45.914,45.995,33262,0
CDL.US,D,20191018,000000,45.839,46.294,45.839,46.252,14226,0
CDL.US,D,20191021,000000,46.312,46.643,46.312,46.637,29849,0
CDL.US,D,20191022,000000,46.732,47.073,46.565,46.974,12299,0
CDL.US,D,20191023,000000,46.732,47.1,46.732,47.1,13380,0
CDL.US,D,20191024,000000,47.207,47.207,46.771,46.919,16133,0
CDL.US,D,20191025,000000,47.032,47.252,46.989,47.192,8122,0
CDL.US,D,20191028,000000,47.207,47.489,47.207,47.325,19514,0
CDL.US,D,20191029,000000,47.285,47.476,47.203,47.439,17083,0
CDL.US,D,20191030,000000,47.459,47.459,46.984,47.185,18340,0
CDL.US,D,20191031,000000,47.236,47.236,46.675,46.824,16832,0
CDL.US,D,20191101,000000,47.207,47.521,47.199,47.474,17014,0
CDL.US,D,20191104,000000,47.704,48.048,47.704,47.987,18717,0
CDL.US,D,20191105,000000,48.141,48.397,48.108,48.268,22393,0
CDL.US,D,20191106,000000,48.384,48.384,48.032,48.185,8268,0
CDL.US,D,20191107,000000,48.568,48.616,48.278,48.306,46951,0
CDL.US,D,20191108,000000,48.374,48.407,48.082,48.407,26630,0
CDL.US,D,20191111,000000,48.258,48.306,48.219,48.229,12664,0
CDL.US,D,20191112,000000,48.142,48.333,48.062,48.164,22737,0
CDL.US,D,20191113,000000,47.947,48.141,47.872,47.985,35307,0
CDL.US,D,20191114,000000,48.004,48.086,47.921,47.996,11431,0
CDL.US,D,20191115,000000,48.052,48.288,48.052,48.264,17407,0
CDL.US,D,20191118,000000,48.288,48.288,48.056,48.198,27967,0
CDL.US,D,20191119,000000,48.306,48.306,47.933,47.974,13757,0
CDL.US,D,20191120,000000,47.947,47.947,47.556,47.741,117964,0
CDL.US,D,20191121,000000,47.77,47.782,47.492,47.723,16136,0
CDL.US,D,20191122,000000,47.799,47.989,47.799,47.951,20536,0
CDL.US,D,20191125,000000,48.15,48.288,48.04,48.245,30887,0
CDL.US,D,20191126,000000,48.324,48.324,48.062,48.146,40723,0
CDL.US,D,20191127,000000,48.179,48.385,48.179,48.377,50245,0
CDL.US,D,20191129,000000,48.424,48.424,48.199,48.199,2812,0
CDL.US,D,20191202,000000,48.18,48.229,47.949,47.949,15773,0
CDL.US,D,20191203,000000,47.497,47.497,47.202,47.473,14354,0
CDL.US,D,20191204,000000,47.664,47.984,47.664,47.809,22885,0
CDL.US,D,20191205,000000,48.014,48.014,47.829,47.965,9844,0
CDL.US,D,20191206,000000,48.334,48.597,48.334,48.444,10130,0
CDL.US,D,20191209,000000,48.42,48.473,48.324,48.368,10573,0
CDL.US,D,20191210,000000,48.374,48.394,48.168,48.249,12652,0
CDL.US,D,20191211,000000,48.364,48.367,48.222,48.298,6645,0
CDL.US,D,20191212,000000,48.424,49.172,48.334,48.938,74378,0
CDL.US,D,20191213,000000,49.173,49.173,48.757,48.828,19140,0
CDL.US,D,20191216,000000,48.998,49.272,48.998,49.138,33734,0
CDL.US,D,20191217,000000,49.125,49.385,49.125,49.319,19440,0
CDL.US,D,20191218,000000,49.27,49.405,49.222,49.355,41836,0
CDL.US,D,20191219,000000,49.496,49.496,49.324,49.36,17888,0
CDL.US,D,20191220,000000,49.496,49.76,49.496,49.648,16268,0
CDL.US,D,20191223,000000,49.75,49.75,49.516,49.565,15232,0
CDL.US,D,20191224,000000,49.701,49.701,49.503,49.503,3653,0
CDL.US,D,20191226,000000,49.683,49.683,49.526,49.597,8406,0
CDL.US,D,20191227,000000,49.819,49.819,49.516,49.545,14170,0
CDL.US,D,20191230,000000,49.506,49.582,49.407,49.408,16364,0
CDL.US,D,20191231,000000,49.486,49.614,49.389,49.585,9776,0
CDL.US,D,20200102,000000,49.741,49.741,49.325,49.496,26075,0
CDL.US,D,20200103,000000,49.046,49.25,49.046,49.185,14571,0
CDL.US,D,20200106,000000,49.026,49.152,48.86,49.124,17533,0
CDL.US,D,20200107,000000,49.075,49.075,48.801,49.011,10116,0
CDL.US,D,20200108,000000,49.046,49.256,48.851,49.07,92327,0
CDL.US,D,20200109,000000,49.241,49.241,48.997,49.182,78196,0
CDL.US,D,20200110,000000,49.213,49.31,49.014,49.014,29450,0
CDL.US,D,20200113,000000,49.056,49.359,49.056,49.331,5756,0
CDL.US,D,20200114,000000,49.39,49.516,49.273,49.398,74733,0
CDL.US,D,20200115,000000,49.467,49.585,49.288,49.351,14571,0
CDL.US,D,20200116,000000,49.665,49.801,49.65,49.801,27969,0
CDL.US,D,20200117,000000,49.997,49.997,49.84,49.96,18781,0
CDL.US,D,20200121,000000,49.879,49.879,49.57,49.624,186040,0
CDL.US,D,20200122,000000,49.712,49.807,49.611,49.617,15309,0
CDL.US,D,20200123,000000,49.556,49.764,49.173,49.764,61221,0
CDL.US,D,20200124,000000,49.869,49.869,49,49.202,16607,0
CDL.US,D,20200127,000000,48.429,48.651,48.429,48.442,16090,0
CDL.US,D,20200128,000000,48.547,48.928,48.508,48.799,70775,0
CDL.US,D,20200129,000000,48.86,49.007,48.634,48.638,67607,0
CDL.US,D,20200130,000000,48.369,48.802,48.075,48.802,108553,0
CDL.US,D,20200131,000000,48.633,48.633,47.761,47.951,17424,0
CDL.US,D,20200203,000000,48.045,48.459,48.045,48.143,23295,0
CDL.US,D,20200204,000000,48.673,48.909,48.609,48.609,14992,0
CDL.US,D,20200205,000000,49.17,49.527,49.17,49.527,33840,0
CDL.US,D,20200206,000000,49.635,49.66,49.418,49.429,122460,0
CDL.US,D,20200207,000000,49.35,49.35,48.938,49.012,17345,0
CDL.US,D,20200210,000000,49.007,49.143,48.889,49.143,14854,0
CDL.US,D,20200211,000000,49.447,49.622,49.351,49.466,28430,0
CDL.US,D,20200212,000000,49.67,49.85,49.591,49.67,41294,0
CDL.US,D,20200213,000000,49.502,49.609,49.385,49.538,14843,0
CDL.US,D,20200214,000000,49.541,49.541,49.274,49.405,16910,0
CDL.US,D,20200218,000000,49.276,49.319,48.931,49.168,38321,0
CDL.US,D,20200219,000000,49.315,49.335,49.177,49.305,14332,0
CDL.US,D,20200220,000000,49.198,49.532,49.09,49.423,54040,0
CDL.US,D,20200221,000000,49.236,49.236,48.855,49.009,22244,0
CDL.US,D,20200224,000000,48.098,48.098,47.55,47.657,17415,0
CDL.US,D,20200225,000000,47.852,47.852,45.966,46.134,53444,0
CDL.US,D,20200226,000000,46.419,46.63,45.598,45.598,34115,0
CDL.US,D,20200227,000000,45.104,45.388,43.754,43.754,105002,0
CDL.US,D,20200228,000000,42.473,42.895,41.765,42.585,158692,0
CDL.US,D,20200302,000000,42.962,44.603,42.545,44.574,879061,0
CDL.US,D,20200303,000000,44.603,45.368,43.311,43.582,145781,0
CDL.US,D,20200304,000000,44.21,45.044,43.778,45.043,75329,0
CDL.US,D,20200305,000000,43.935,44.243,43.154,43.522,71770,0
CDL.US,D,20200306,000000,41.981,42.874,41.77,42.656,35225,0
CDL.US,D,20200309,000000,39.39,42.668,38.241,38.584,159934,0
CDL.US,D,20200310,000000,40.126,40.195,37.984,40.106,46375,0
CDL.US,D,20200311,000000,39.036,39.036,37.375,37.917,61882,0
CDL.US,D,20200312,000000,34.018,35.985,33.498,34.139,1978195,0
CDL.US,D,20200313,000000,36.17,36.945,34.07,36.495,158079,0
CDL.US,D,20200316,000000,31.446,34.921,31.446,32.809,196972,0
CDL.US,D,20200317,000000,33.203,34.874,32.679,34.82,95848,0
CDL.US,D,20200318,000000,32.448,33.575,31.163,32.427,64443,0
CDL.US,D,20200319,000000,32.221,33.382,31.223,32.48,76794,0
CDL.US,D,20200320,000000,32.615,32.865,30.759,30.997,44378,0
CDL.US,D,20200323,000000,30.662,30.662,28.817,29.343,93338,0
CDL.US,D,20200324,000000,30.739,32.247,30.662,32.247,29993,0
CDL.US,D,20200325,000000,32.487,34.246,31.623,32.923,71306,0
CDL.US,D,20200326,000000,33.233,35.305,33.233,35.305,37050,0
CDL.US,D,20200327,000000,34.117,35.15,33.886,34.378,51774,0
CDL.US,D,20200330,000000,34.676,35.373,34.147,35.239,34582,0
CDL.US,D,20200331,000000,35.296,35.354,34.567,34.567,167192,0
CDL.US,D,20200401,000000,32.899,33.411,32.497,32.834,39350,0
CDL.US,D,20200402,000000,32.83,33.761,32.762,33.579,21069,0
CDL.US,D,20200403,000000,33.637,33.776,32.579,32.791,285386,0
CDL.US,D,20200406,000000,34.018,35.436,34.018,35.231,133826,0
CDL.US,D,20200407,000000,36.077,36.841,35.326,35.326,31290,0
CDL.US,D,20200408,000000,35.888,37.116,35.741,37.099,20831,0
CDL.US,D,20200409,000000,37.723,38.8,37.709,38.218,22936,0
CDL.US,D,20200413,000000,38.119,38.119,36.925,37.268,46931,0
CDL.US,D,20200414,000000,37.813,38.138,37.306,37.792,48145,0
CDL.US,D,20200415,000000,36.628,36.628,35.957,36.161,24248,0
CDL.US,D,20200416,000000,36.067,36.096,35.503,35.915,20617,0
CDL.US,D,20200417,000000,36.736,37.487,36.736,37.487,14188,0
CDL.US,D,20200420,000000,36.707,37.328,36.561,36.732,55084,0
CDL.US,D,20200421,000000,35.711,36.232,35.532,35.791,40334,0
CDL.US,D,20200422,000000,36.519,36.519,36.099,36.361,40010,0
CDL.US,D,20200423,000000,36.411,36.815,36.362,36.377,37850,0
CDL.US,D,20200424,000000,36.745,37.012,36.286,36.826,70908,0
CDL.US,D,20200427,000000,37.131,38.079,37.131,37.962,41379,0
CDL.US,D,20200428,000000,38.672,39.037,38.306,38.5,13636,0
CDL.US,D,20200429,000000,39.283,39.861,39.121,39.534,14938,0
CDL.US,D,20200430,000000,38.987,38.987,38.187,38.338,32916,0
CDL.US,D,20200501,000000,37.497,37.497,36.845,36.945,22803,0
CDL.US,D,20200504,000000,36.944,36.944,36.391,36.944,16410,0
CDL.US,D,20200505,000000,37.357,37.625,37.018,37.018,14031,0
CDL.US,D,20200506,000000,37.141,37.306,36.257,36.332,14909,0
CDL.US,D,20200507,000000,36.736,37.241,36.606,36.606,11670,0
CDL.US,D,20200508,000000,37.101,37.833,37.101,37.816,59881,0
CDL.US,D,20200511,000000,37.447,37.507,36.993,37.334,24829,0
CDL.US,D,20200512,000000,37.377,37.447,36.377,36.391,21140,0
CDL.US,D,20200513,000000,36.047,36.047,34.92,35.187,18344,0
CDL.US,D,20200514,000000,34.644,35.732,34.368,35.714,14828,0
CDL.US,D,20200515,000000,35.405,35.767,35.138,35.653,12540,0
CDL.US,D,20200518,000000,36.707,37.547,36.707,37.432,17532,0
CDL.US,D,20200519,000000,37.28,37.296,36.745,36.748,16023,0
CDL.US,D,20200520,000000,37.161,37.507,37.161,37.344,22164,0
CDL.US,D,20200521,000000,37.241,37.407,36.954,37.076,24677,0
CDL.US,D,20200522,000000,36.993,37.058,36.677,37.058,14905,0
CDL.US,D,20200526,000000,37.843,38.747,37.843,38.448,14894,0
CDL.US,D,20200527,000000,39.323,39.623,39.066,39.623,22582,0
CDL.US,D,20200528,000000,39.846,39.846,39.18,39.309,19404,0
CDL.US,D,20200529,000000,38.977,39.339,38.704,39.253,21671,0
CDL.US,D,20200601,000000,39.194,39.683,39.194,39.611,8465,0
CDL.US,D,20200602,000000,39.718,40.053,39.718,40.05,13403,0
CDL.US,D,20200603,000000,40.587,41.143,40.587,41.01,22535,0
CDL.US,D,20200604,000000,40.774,41.349,40.646,41.349,23797,0
CDL.US,D,20200605,000000,42.382,43.192,42.382,42.704,15530,0
CDL.US,D,20200608,000000,43.291,43.882,43.211,43.866,15969,0
CDL.US,D,20200609,000000,43.103,43.103,42.564,42.877,21845,0
CDL.US,D,20200610,000000,42.728,42.728,41.523,41.593,7543,0
CDL.US,D,20200611,000000,39.836,40.143,38.593,38.727,21351,0
CDL.US,D,20200612,000000,39.796,39.851,38.869,39.414,9739,0
CDL.US,D,20200615,000000,38.356,40.004,38.356,39.741,11070,0
CDL.US,D,20200616,000000,40.714,41.227,40.034,40.572,13502,0
CDL.US,D,20200617,000000,40.636,40.636,40.133,40.155,5825,0
CDL.US,D,20200618,000000,39.728,40.279,39.728,40.112,8079,0
CDL.US,D,20200619,000000,40.744,40.744,39.55,39.669,10259,0
CDL.US,D,20200622,000000,39.639,39.639,39.372,39.545,11447,0
CDL.US,D,20200623,000000,39.925,40.043,39.472,39.517,18977,0
CDL.US,D,20200624,000000,38.918,38.918,38.148,38.25,15632,0
CDL.US,D,20200625,000000,37.871,38.602,37.852,38.582,39395,0
CDL.US,D,20200626,000000,38.316,38.316,37.467,37.699,12602,0
CDL.US,D,20200629,000000,37.96,38.469,37.96,38.429,16058,0
CDL.US,D,20200630,000000,38.346,39.047,38.346,39.017,16150,0
CDL.US,D,20200701,000000,39.076,39.156,38.691,38.699,14911,0
CDL.US,D,20200702,000000,38.997,39.51,38.859,38.891,28068,0
CDL.US,D,20200706,000000,39.452,39.678,38.997,39.228,29990,0
CDL.US,D,20200707,000000,38.888,38.888,38.563,38.605,46078,0
CDL.US,D,20200708,000000,38.553,38.776,38.345,38.641,21254,0
CDL.US,D,20200709,000000,38.691,38.691,37.587,37.79,12932,0
CDL.US,D,20200710,000000,37.69,38.744,37.69,38.744,5969,0
CDL.US,D,20200713,000000,39.158,39.385,38.711,38.897,15945,0
CDL.US,D,20200714,000000,38.592,39.345,38.523,39.322,19385,0
CDL.US,D,20200715,000000,39.9,40.177,39.732,40.038,21815,0
CDL.US,D,20200716,000000,39.762,40.297,39.762,40.163,21781,0
CDL.US,D,20200717,000000,40.197,40.267,40.091,40.185,8131,0
CDL.US,D,20200720,000000,39.969,40.018,39.526,39.562,10410,0
CDL.US,D,20200721,000000,39.83,40.437,39.83,40.231,13568,0
CDL.US,D,20200722,000000,40.068,40.514,40.039,40.505,15401,0
CDL.US,D,20200723,000000,40.698,40.9,40.464,40.691,10347,0
CDL.US,D,20200724,000000,40.574,40.826,40.326,40.388,14770,0
CDL.US,D,20200727,000000,40.316,40.325,40.036,40.299,17998,0
CDL.US,D,20200728,000000,40.097,40.444,40.097,40.227,10511,0
CDL.US,D,20200729,000000,40.187,40.824,40.147,40.776,8954,0
CDL.US,D,20200730,000000,40.434,40.434,39.88,40.33,14988,0
CDL.US,D,20200731,000000,40.287,40.287,39.732,40.234,10628,0
CDL.US,D,20200803,000000,40.097,40.439,40.097,40.355,11183,0
CDL.US,D,20200804,000000,40.107,40.485,40.107,40.409,15240,0
CDL.US,D,20200805,000000,40.623,40.721,40.484,40.618,33858,0
CDL.US,D,20200806,000000,40.444,40.741,40.424,40.546,28123,0
CDL.US,D,20200807,000000,40.335,41.111,40.335,41.111,11026,0
CDL.US,D,20200810,000000,41.127,41.789,41.127,41.762,15026,0
CDL.US,D,20200811,000000,42.078,42.455,41.701,41.725,11263,0
CDL.US,D,20200812,000000,41.969,42.058,41.704,41.88,14096,0
CDL.US,D,20200813,000000,41.553,41.652,41.364,41.465,10378,0
CDL.US,D,20200814,000000,41.296,41.698,41.276,41.579,16956,0
CDL.US,D,20200817,000000,41.682,41.682,41.355,41.41,9798,0
CDL.US,D,20200818,000000,41.266,41.315,41.028,41.051,12636,0
CDL.US,D,20200819,000000,41,41.241,40.851,40.93,15092,0
CDL.US,D,20200820,000000,40.584,40.746,40.574,40.578,10272,0
CDL.US,D,20200821,000000,40.385,40.544,40.324,40.481,13092,0
CDL.US,D,20200824,000000,40.564,41.31,40.564,41.31,16965,0
CDL.US,D,20200825,000000,41.453,41.609,41.083,41.234,15514,0
CDL.US,D,20200826,000000,41.097,41.107,40.88,40.988,13663,0
CDL.US,D,20200827,000000,41.038,41.405,41.038,41.309,7475,0
CDL.US,D,20200828,000000,41.296,41.555,41.212,41.473,10416,0
CDL.US,D,20200831,000000,41.415,41.424,41.147,41.234,9740,0
CDL.US,D,20200901,000000,40.97,41.127,40.839,41.107,14540,0
CDL.US,D,20200902,000000,41.137,42.053,41.137,41.993,17261,0
CDL.US,D,20200903,000000,41.86,42.42,41.022,41.227,19904,0
CDL.US,D,20200904,000000,41.483,41.592,40.872,41.399,10798,0
CDL.US,D,20200908,000000,40.94,40.94,40.447,40.613,16662,0
CDL.US,D,20200909,000000,40.564,41.019,40.564,40.755,39298,0
CDL.US,D,20200910,000000,40.91,40.91,40.078,40.167,14162,0
CDL.US,D,20200911,000000,40.097,40.498,40.088,40.394,11928,0
CDL.US,D,20200914,000000,40.504,41.151,40.504,41.077,17003,0
CDL.US,D,20200915,000000,41.147,41.251,40.822,40.85,22558,0
CDL.US,D,20200916,000000,40.801,41.632,40.801,41.273,8315,0
CDL.US,D,20200917,000000,40.871,41.285,40.821,41.232,6187,0
CDL.US,D,20200918,000000,41.186,41.247,40.771,40.815,7147,0
CDL.US,D,20200921,000000,40.019,40.019,39.255,39.622,12946,0
CDL.US,D,20200922,000000,39.762,39.83,39.461,39.599,22053,0
CDL.US,D,20200923,000000,39.642,39.89,38.831,38.831,9766,0
CDL.US,D,20200924,000000,38.731,39.334,38.345,38.952,10919,0
CDL.US,D,20200925,000000,38.662,39.503,38.662,39.43,21817,0
CDL.US,D,20200928,000000,39.781,40.26,39.781,39.982,18146,0
CDL.US,D,20200929,000000,39.92,39.929,39.475,39.669,22865,0
CDL.US,D,20200930,000000,39.722,40.276,39.722,40.059,50047,0
CDL.US,D,20201001,000000,39.969,40.144,39.643,39.9,18952,0
CDL.US,D,20201002,000000,39.196,40.499,39.196,40.429,9826,0
CDL.US,D,20201005,000000,40.603,41.156,40.603,41.146,38135,0
CDL.US,D,20201006,000000,41.236,41.84,40.861,41.013,32627,0
CDL.US,D,20201007,000000,41.405,41.673,41.325,41.664,29590,0
CDL.US,D,20201008,000000,41.961,42.349,41.85,42.349,12978,0
CDL.US,D,20201009,000000,42.657,42.657,42.18,42.222,10079,0
CDL.US,D,20201012,000000,42.449,42.599,42.247,42.499,16874,0
CDL.US,D,20201013,000000,42.249,42.369,41.863,42.067,26041,0
CDL.US,D,20201014,000000,41.941,42.245,41.912,41.974,28694,0
CDL.US,D,20201015,000000,41.434,42.2,41.434,42.182,37149,0
CDL.US,D,20201016,000000,42.22,42.467,42.131,42.339,6638,0
CDL.US,D,20201019,000000,42.269,42.53,41.773,41.833,16975,0
CDL.US,D,20201020,000000,41.882,42.25,41.882,42.043,21800,0
CDL.US,D,20201021,000000,41.912,42.129,41.842,41.914,13523,0
CDL.US,D,20201022,000000,41.872,42.673,41.872,42.673,6631,0
CDL.US,D,20201023,000000,42.727,42.975,42.618,42.849,15286,0
CDL.US,D,20201026,000000,42.091,42.151,41.673,41.93,22151,0
CDL.US,D,20201027,000000,41.822,41.822,41.176,41.221,11118,0
CDL.US,D,20201028,000000,40.392,40.601,39.885,39.937,13121,0
CDL.US,D,20201029,000000,39.776,40.491,39.547,40.398,10631,0
CDL.US,D,20201030,000000,40.024,40.273,39.865,40.243,7915,0
CDL.US,D,20201102,000000,40.651,41.296,40.511,41.161,25475,0
CDL.US,D,20201103,000000,41.643,42.18,41.643,41.979,15276,0
CDL.US,D,20201104,000000,41.574,42.017,41.186,41.242,24815,0
CDL.US,D,20201105,000000,41.484,42.459,41.484,42.19,10419,0
CDL.US,D,20201106,000000,42.22,42.37,41.683,41.813,5656,0
CDL.US,D,20201109,000000,44.278,45.212,44.278,44.284,11367,0
CDL.US,D,20201110,000000,44.198,45.103,44.198,44.954,46853,0
CDL.US,D,20201111,000000,45.143,45.143,44.506,44.632,23764,0
CDL.US,D,20201112,000000,44.138,44.205,43.388,43.741,17843,0
CDL.US,D,20201113,000000,43.86,44.844,43.86,44.806,8654,0
CDL.US,D,20201116,000000,45.361,45.759,45.361,45.709,12108,0
CDL.US,D,20201117,000000,45.192,45.651,45.009,45.536,33799,0
CDL.US,D,20201118,000000,45.599,45.869,45.107,45.107,8759,0
CDL.US,D,20201119,000000,44.993,45.064,44.621,45.064,8998,0
CDL.US,D,20201120,000000,44.854,44.934,44.745,44.926,8726,0
CDL.US,D,20201123,000000,45.103,45.769,45.103,45.603,16686,0
CDL.US,D,20201124,000000,46.016,46.951,46.016,46.909,15241,0
CDL.US,D,20201125,000000,46.643,46.643,46.362,46.523,3863,0
CDL.US,D,20201127,000000,46.454,46.533,46.166,46.275,4073,0
CDL.US,D,20201130,000000,46.066,46.066,45.506,45.506,5342,0
CDL.US,D,20201201,000000,45.917,46.424,45.917,46.089,6792,0
CDL.US,D,20201202,000000,45.878,46.503,45.878,46.463,9517,0
CDL.US,D,20201203,000000,46.384,46.821,46.384,46.515,9312,0
CDL.US,D,20201204,000000,47.168,47.286,47.1,47.286,6797,0
CDL.US,D,20201207,000000,47.001,47.09,46.847,46.96,7784,0
CDL.US,D,20201208,000000,46.613,47.259,46.613,47.196,12922,0
CDL.US,D,20201209,000000,47.4,47.467,47.09,47.335,11190,0
CDL.US,D,20201210,000000,47.004,47.189,46.951,47.167,11744,0
CDL.US,D,20201211,000000,46.886,47.013,46.682,46.929,4873,0
CDL.US,D,20201214,000000,47.447,47.447,46.513,46.513,5269,0
CDL.US,D,20201215,000000,46.504,47.041,46.49,46.961,6505,0
CDL.US,D,20201216,000000,46.712,46.752,46.563,46.68,17627,0
CDL.US,D,20201217,000000,46.911,46.911,46.621,46.714,8193,0
CDL.US,D,20201218,000000,46.603,46.735,46.364,46.56,21502,0
CDL.US,D,20201221,000000,46.136,46.263,45.581,46.173,10741,0
CDL.US,D,20201222,000000,46.255,46.255,45.835,45.842,10046,0
CDL.US,D,20201223,000000,45.907,46.493,45.907,46.368,5773,0
CDL.US,D,20201224,000000,46.205,46.332,46.056,46.332,8011,0
CDL.US,D,20201228,000000,46.682,46.682,46.354,46.444,12662,0
CDL.US,D,20201229,000000,46.484,46.593,46.056,46.193,9749,0
CDL.US,D,20201230,000000,46.146,46.568,46.146,46.449,16038,0
CDL.US,D,20201231,000000,46.285,46.851,46.285,46.821,4635,0
CDL.US,D,20210104,000000,46.911,47.001,45.858,46.186,5250,0
CDL.US,D,20210105,000000,46.066,46.838,46.066,46.567,4911,0
CDL.US,D,20210106,000000,46.901,48.427,46.901,48.137,14363,0
CDL.US,D,20210107,000000,48.303,48.432,48.243,48.28,32906,0
CDL.US,D,20210108,000000,48.472,48.472,47.677,48.144,21304,0
CDL.US,D,20210111,000000,47.657,48.335,47.657,48.268,17177,0
CDL.US,D,20210112,000000,48.253,48.783,48.253,48.783,18368,0
CDL.US,D,20210113,000000,48.621,48.866,48.518,48.726,13687,0
CDL.US,D,20210114,000000,48.71,49.303,48.71,49.105,8919,0
CDL.US,D,20210115,000000,48.551,48.793,48.382,48.655,25006,0
CDL.US,D,20210119,000000,48.82,48.919,48.74,48.796,9253,0
CDL.US,D,20210120,000000,48.77,48.77,48.587,48.754,13310,0
CDL.US,D,20210121,000000,48.591,48.695,48.382,48.462,8194,0
CDL.US,D,20210122,000000,48.024,48.225,47.776,48.225,8018,0
CDL.US,D,20210125,000000,47.786,48.124,47.749,48.124,11462,0
CDL.US,D,20210126,000000,48.402,48.402,47.995,48.209,9247,0
CDL.US,D,20210127,000000,47.477,47.944,47.379,47.423,8302,0
CDL.US,D,20210128,000000,47.517,47.891,47.517,47.579,9987,0
CDL.US,D,20210129,000000,47.249,47.487,46.603,46.751,16927,0
CDL.US,D,20210201,000000,46.841,47.129,46.663,47.011,11992,0
CDL.US,D,20210202,000000,47.319,47.865,47.319,47.517,8863,0
CDL.US,D,20210203,000000,47.637,48.024,47.587,47.935,9011,0
CDL.US,D,20210204,000000,48.124,48.567,48.124,48.567,5575,0
CDL.US,D,20210205,000000,48.825,49.04,48.825,48.913,4966,0
CDL.US,D,20210208,000000,48.998,49.346,48.998,49.346,5017,0
CDL.US,D,20210209,000000,49.138,49.433,49.138,49.381,6239,0
CDL.US,D,20210210,000000,49.316,49.436,49.218,49.326,5859,0
CDL.US,D,20210211,000000,49.346,49.499,48.886,49.128,10959,0
CDL.US,D,20210212,000000,48.91,49.426,48.91,49.417,11226,0
CDL.US,D,20210216,000000,49.476,49.744,49.476,49.701,4283,0
CDL.US,D,20210217,000000,49.526,49.86,49.456,49.84,5069,0
CDL.US,D,20210218,000000,49.734,49.764,49.517,49.654,18608,0
CDL.US,D,20210219,000000,49.714,50.147,49.714,50.052,9160,0
CDL.US,D,20210222,000000,49.804,50.609,49.804,50.479,12264,0
CDL.US,D,20210223,000000,50.381,50.783,50.381,50.679,17207,0
CDL.US,D,20210224,000000,50.932,51.514,50.817,51.514,11067,0
CDL.US,D,20210225,000000,51.633,51.633,50.266,50.419,4501,0
CDL.US,D,20210226,000000,50.371,50.371,49.635,49.913,4194,0
CDL.US,D,20210301,000000,50.887,51.076,50.659,50.735,8875,0
CDL.US,D,20210302,000000,50.659,51.039,50.659,50.787,13505,0
CDL.US,D,20210303,000000,50.739,51.451,50.739,51.056,9237,0
CDL.US,D,20210304,000000,51.2,51.305,50.132,50.473,9419,0
CDL.US,D,20210305,000000,50.807,51.689,50.474,51.689,6750,0
CDL.US,D,20210308,000000,52.02,53.053,51.951,52.691,5723,0
CDL.US,D,20210309,000000,52.846,52.846,52.265,52.265,12098,0
CDL.US,D,20210310,000000,52.2,53.233,52.2,53.119,3948,0
CDL.US,D,20210311,000000,52.955,53.345,52.955,52.958,5943,0
CDL.US,D,20210312,000000,53.343,53.658,53.343,53.658,7722,0
CDL.US,D,20210315,000000,53.502,53.875,53.442,53.875,5772,0
CDL.US,D,20210316,000000,53.869,53.869,53.38,53.403,3795,0
CDL.US,D,20210317,000000,53.363,53.74,53.213,53.74,8728,0
CDL.US,D,20210318,000000,54.07,54.387,53.561,53.618,6573,0
CDL.US,D,20210319,000000,53.273,53.631,53.114,53.373,7711,0
CDL.US,D,20210322,000000,53.114,53.383,52.975,53.33,1541,0
CDL.US,D,20210323,000000,53.213,53.216,52.836,52.922,2276,0
CDL.US,D,20210324,000000,52.905,53.419,52.905,52.955,7490,0
CDL.US,D,20210325,000000,52.816,53.792,52.716,53.792,3716,0
CDL.US,D,20210326,000000,54.043,54.446,53.919,54.446,3670,0
CDL.US,D,20210329,000000,54.158,54.788,54.158,54.724,7057,0
CDL.US,D,20210330,000000,54.506,54.655,54.382,54.635,17195,0
CDL.US,D,20210331,000000,54.387,54.477,54.357,54.397,11558,0
CDL.US,D,20210401,000000,54.397,54.516,53.995,54.486,9973,0
CDL.US,D,20210405,000000,54.923,55.124,54.884,54.978,6824,0
CDL.US,D,20210406,000000,55.072,55.072,54.764,54.946,15956,0
CDL.US,D,20210407,000000,55.102,55.102,54.852,54.945,3685,0
CDL.US,D,20210408,000000,54.844,54.874,54.705,54.874,6519,0
CDL.US,D,20210409,000000,55.073,55.073,54.754,54.914,8346,0
CDL.US,D,20210412,000000,55.113,55.301,55.103,55.301,6565,0
CDL.US,D,20210413,000000,55.213,55.213,54.871,55.191,8402,0
CDL.US,D,20210414,000000,55.253,55.512,55.193,55.424,9415,0
CDL.US,D,20210415,000000,55.711,55.851,55.462,55.757,14379,0
CDL.US,D,20210416,000000,55.851,56.208,55.851,56.113,6829,0
CDL.US,D,20210419,000000,56.23,56.23,55.921,55.971,3317,0
CDL.US,D,20210420,000000,55.771,55.95,55.731,55.921,9238,0
CDL.US,D,20210421,000000,55.821,56.36,55.821,56.285,5710,0
CDL.US,D,20210422,000000,56.28,56.28,55.392,55.708,6719,0
CDL.US,D,20210423,000000,55.652,56.14,55.652,56.036,2188,0
CDL.US,D,20210426,000000,56.21,56.21,55.931,55.931,10127,0
CDL.US,D,20210427,000000,55.831,56.052,55.831,56.021,3372,0
CDL.US,D,20210428,000000,56.107,56.17,55.997,56.09,14802,0
CDL.US,D,20210429,000000,56.18,56.682,56.18,56.66,6145,0
CDL.US,D,20210430,000000,56.519,56.549,56.35,56.53,2500,0
CDL.US,D,20210503,000000,56.938,57.342,56.938,57.06,20191,0
CDL.US,D,20210504,000000,56.878,57.207,56.878,57.207,13308,0
CDL.US,D,20210505,000000,57.297,57.427,57.078,57.397,4195,0
CDL.US,D,20210506,000000,57.561,58.055,57.317,58.055,12868,0
CDL.US,D,20210507,000000,57.696,58.333,57.696,58.245,4866,0
CDL.US,D,20210510,000000,58.364,59.013,58.364,58.514,5521,0
CDL.US,D,20210511,000000,58.055,58.285,57.666,57.886,25109,0
CDL.US,D,20210512,000000,57.886,57.906,56.808,56.837,5396,0
CDL.US,D,20210513,000000,57.417,58.065,57.357,57.856,30671,0
CDL.US,D,20210514,000000,58.045,58.45,58.045,58.404,9484,0
CDL.US,D,20210517,000000,58.334,58.514,58.145,58.334,13119,0
CDL.US,D,20210518,000000,58.165,58.344,58.098,58.165,14154,0
CDL.US,D,20210519,000000,57.307,57.676,56.988,57.676,12654,0
CDL.US,D,20210520,000000,57.666,57.945,57.646,57.846,19880,0
CDL.US,D,20210521,000000,58.095,58.285,57.906,58.175,6850,0
CDL.US,D,20210524,000000,58.434,58.434,58.175,58.354,4334,0
CDL.US,D,20210525,000000,58.205,58.205,57.527,57.527,9099,0
CDL.US,D,20210526,000000,57.706,57.736,57.427,57.676,9883,0
CDL.US,D,20210527,000000,57.965,58.005,57.692,57.692,4275,0
CDL.US,D,20210528,000000,57.756,57.914,57.736,57.826,4073,0
CDL.US,D,20210601,000000,58.015,58.075,57.706,57.896,7553,0
CDL.US,D,20210602,000000,57.826,58.131,57.786,57.955,7430,0
CDL.US,D,20210603,000000,57.716,58.31,57.716,58.31,4482,0
CDL.US,D,20210604,000000,58.504,58.51,58.304,58.462,6358,0
CDL.US,D,20210607,000000,58.414,58.604,58.309,58.309,2876,0
CDL.US,D,20210608,000000,58.275,58.3,58.02,58.3,4429,0
CDL.US,D,20210609,000000,58.344,58.344,58.125,58.125,25348,0
CDL.US,D,20210610,000000,58.464,58.464,58.075,58.195,2691,0
CDL.US,D,20210611,000000,58.394,58.394,57.935,58.135,10918,0
CDL.US,D,20210614,000000,58.195,58.195,57.556,57.746,5248,0
CDL.US,D,20210615,000000,57.836,58.055,57.626,57.91,6682,0
CDL.US,D,20210616,000000,57.746,57.791,57.347,57.453,3533,0
CDL.US,D,20210617,000000,57.133,57.133,56.48,56.634,5240,0
CDL.US,D,20210618,000000,55.951,55.951,55.562,55.662,4313,0
CDL.US,D,20210621,000000,55.652,56.344,55.652,56.31,3268,0
CDL.US,D,20210622,000000,56.21,56.439,56.09,56.18,4552,0
CDL.US,D,20210623,000000,56.11,56.2,55.931,55.931,6948,0
CDL.US,D,20210624,000000,56.041,56.39,56.041,56.39,6209,0
CDL.US,D,20210625,000000,56.27,56.798,56.27,56.798,5573,0
CDL.US,D,20210628,000000,56.798,56.798,56.539,56.609,4091,0
CDL.US,D,20210629,000000,56.609,56.779,56.28,56.28,6197,0
CDL.US,D,20210630,000000,56.17,56.509,56.17,56.499,4742,0
CDL.US,D,20210701,000000,56.519,57.018,56.519,56.908,3283,0
CDL.US,D,20210702,000000,56.918,57.038,56.918,57.018,2969,0
CDL.US,D,20210706,000000,56.838,56.838,56.021,56.469,3504,0
CDL.US,D,20210707,000000,56.3,56.828,56.3,56.828,2382,0
CDL.US,D,20210708,000000,56.021,56.509,56.021,56.232,5088,0
CDL.US,D,20210709,000000,56.7,57.005,56.7,57.005,1748,0
CDL.US,D,20210712,000000,56.79,57.1268,56.76,57.08,5030,0
CDL.US,D,20210713,000000,56.97,56.995,56.511,56.511,3654,0
CDL.US,D,20210714,000000,56.59,56.81,56.59,56.74,5800,0
CDL.US,D,20210715,000000,56.36,56.9214,56.36,56.9214,1142,0
CDL.US,D,20210716,000000,57.2,57.2,56.68,56.71,5320,0
CDL.US,D,20210719,000000,56.1392,56.1392,55.24,55.6924,16256,0
CDL.US,D,20210720,000000,55.88,56.59,55.88,56.335,5935,0
CDL.US,D,20210721,000000,56.4,56.71,56.4,56.49,5173,0
CDL.US,D,20210722,000000,56.47,56.58,56.1801,56.3491,6988,0
CDL.US,D,20210723,000000,56.64,56.85,56.34,56.8401,6474,0
CDL.US,D,20210726,000000,57.053,57.0875,56.8982,57.0875,4707,0
CDL.US,D,20210727,000000,57,57.3453,56.72,57.31,8741,0
CDL.US,D,20210728,000000,57.46,57.46,56.9798,57.19,4220,0
CDL.US,D,20210729,000000,57.41,57.6774,57.39,57.54,5045,0
CDL.US,D,20210730,000000,57.71,57.754,57.22,57.22,3728,0
CDL.US,D,20210802,000000,57.3,57.67,57.18,57.18,3418,0
CDL.US,D,20210803,000000,57.43,57.7591,57.25,57.64,3297,0
CDL.US,D,20210804,000000,57.36,57.39,57.0207,57.05,4254,0
CDL.US,D,20210805,000000,57.07,57.35,57.07,57.35,6611,0
CDL.US,D,20210806,000000,57.61,57.86,57.61,57.6897,16411,0
CDL.US,D,20210809,000000,57.47,57.7099,57.44,57.7099,7094,0
CDL.US,D,20210810,000000,57.646,58.14,57.646,58.05,5307,0
CDL.US,D,20210811,000000,58.3,58.49,58.1325,58.4418,5928,0
CDL.US,D,20210812,000000,58.64,58.64,58.2932,58.5755,7074,0
CDL.US,D,20210813,000000,58.55,58.81,58.55,58.7511,2802,0
CDL.US,D,20210816,000000,58.64,58.91,58.64,58.91,28428,0
CDL.US,D,20210817,000000,58.635,58.7099,58.25,58.2799,4643,0
CDL.US,D,20210818,000000,58.64,58.64,58.324,58.478,3008,0
CDL.US,D,20210819,000000,57.53,58.01,57.53,57.73,5737,0
CDL.US,D,20210820,000000,57.8799,58.23,57.8799,58.1408,14286,0
CDL.US,D,20210823,000000,58.29,58.41,58.29,58.3073,3315,0
CDL.US,D,20210824,000000,58.42,58.42,58.1193,58.23,3852,0
CDL.US,D,20210825,000000,58.13,58.545,58.04,58.4895,3245,0
CDL.US,D,20210826,000000,58.51,58.51,58.1195,58.1607,12085,0
CDL.US,D,20210827,000000,58.28,58.6,58.28,58.54,5093,0
CDL.US,D,20210830,000000,58.42,58.6005,58.41,58.55,3630,0
CDL.US,D,20210831,000000,58.46,58.6132,58.46,58.4631,3532,0
CDL.US,D,20210901,000000,58.68,58.68,58.35,58.5846,5380,0
