<TICKER>,<PER>,<DATE>,<TIME>,<OPEN>,<HIGH>,<LOW>,<CLOSE>,<VOL>,<OPENINT>
CHNA.US,D,20180815,000000,23.64,23.799,23.605,23.65,5535,0
CHNA.US,D,20180816,000000,23.719,23.976,23.451,23.751,29051,0
CHNA.US,D,20180817,000000,23.064,23.401,22.835,23.319,5383,0
CHNA.US,D,20180820,000000,23.759,23.879,23.441,23.879,1589,0
CHNA.US,D,20180821,000000,24.723,24.797,24.613,24.772,4032,0
CHNA.US,D,20180822,000000,24.563,24.678,24.534,24.673,7646,0
CHNA.US,D,20180823,000000,24.802,24.867,24.643,24.643,6913,0
CHNA.US,D,20180824,000000,24.902,25.011,24.889,25.011,4782,0
CHNA.US,D,20180827,000000,25.533,25.755,25.533,25.588,2289,0
CHNA.US,D,20180828,000000,25.389,25.389,25.194,25.194,2340,0
CHNA.US,D,20180829,000000,25.508,25.528,25.341,25.388,6072,0
CHNA.US,D,20180830,000000,25.19,25.19,24.953,24.953,4019,0
CHNA.US,D,20180904,000000,24.772,24.787,24.48,24.48,3791,0
CHNA.US,D,20180905,000000,24.345,24.345,24.098,24.246,608,0
CHNA.US,D,20180906,000000,24.156,24.176,23.531,23.531,4763,0
CHNA.US,D,20180907,000000,23.668,23.668,23.668,23.668,287,0
CHNA.US,D,20180910,000000,23.65,23.68,23.44,23.44,1526,0
CHNA.US,D,20180911,000000,23.213,23.273,22.904,23.273,4423,0
CHNA.US,D,20180912,000000,22.388,22.388,22.202,22.357,5546,0
CHNA.US,D,20180913,000000,22.455,22.455,22.348,22.348,772,0
CHNA.US,D,20180914,000000,22.198,22.344,22.198,22.243,10754,0
CHNA.US,D,20180917,000000,22.278,22.278,22.079,22.079,2145,0
CHNA.US,D,20180919,000000,22.815,22.994,22.787,22.787,2054,0
CHNA.US,D,20180920,000000,22.795,22.795,22.795,22.795,521,0
CHNA.US,D,20180921,000000,23.004,23.301,23.004,23.232,1490,0
CHNA.US,D,20180924,000000,23.034,23.034,23.034,23.034,427,0
CHNA.US,D,20180926,000000,23.054,23.5,23.054,23.153,2266,0
CHNA.US,D,20180927,000000,23.213,23.263,23.213,23.263,1288,0
CHNA.US,D,20180928,000000,23.263,23.331,22.951,22.951,3452,0
CHNA.US,D,20181002,000000,22.854,22.854,22.854,22.854,1091,0
CHNA.US,D,20181003,000000,22.805,22.805,22.637,22.637,1583,0
CHNA.US,D,20181004,000000,22.338,22.338,21.861,21.861,2381,0
CHNA.US,D,20181005,000000,21.641,21.641,21.454,21.454,550,0
CHNA.US,D,20181009,000000,20.966,20.966,20.966,20.966,1117,0
CHNA.US,D,20181010,000000,20.907,20.907,20.184,20.184,6107,0
CHNA.US,D,20181011,000000,19.874,19.874,19.694,19.694,1375,0
CHNA.US,D,20181012,000000,19.754,19.973,19.754,19.784,1340,0
CHNA.US,D,20181015,000000,20.132,20.132,19.754,19.874,938,0
CHNA.US,D,20181017,000000,19.971,19.971,19.971,19.971,357,0
CHNA.US,D,20181018,000000,19.874,19.874,19.674,19.674,2922,0
CHNA.US,D,20181019,000000,20.033,20.033,20.033,20.033,278,0
CHNA.US,D,20181022,000000,21.335,21.335,20.743,20.743,1568,0
CHNA.US,D,20181023,000000,20.281,20.281,20.092,20.092,2306,0
CHNA.US,D,20181024,000000,20.092,20.092,19.854,19.854,406,0
CHNA.US,D,20181025,000000,19.874,19.874,19.675,19.874,411,0
CHNA.US,D,20181026,000000,19.054,19.054,19.054,19.054,102,0
CHNA.US,D,20181029,000000,18.93,18.975,18.86,18.86,3089,0
CHNA.US,D,20181031,000000,19.387,19.387,19.387,19.387,100,0
CHNA.US,D,20181101,000000,20.102,20.256,20.102,20.256,910,0
CHNA.US,D,20181102,000000,20.877,20.956,20.877,20.956,349,0
CHNA.US,D,20181106,000000,20.887,20.887,20.887,20.887,229,0
CHNA.US,D,20181107,000000,21.394,21.861,21.394,21.682,998,0
CHNA.US,D,20181108,000000,21.295,21.609,21.295,21.609,1137,0
CHNA.US,D,20181109,000000,20.942,21.066,20.942,21.066,507,0
CHNA.US,D,20181112,000000,21.493,21.493,21.066,21.066,599,0
CHNA.US,D,20181113,000000,21.621,21.662,21.621,21.662,704,0
CHNA.US,D,20181114,000000,21.662,21.662,21.662,21.662,1107,0
CHNA.US,D,20181115,000000,21.762,21.762,21.762,21.762,503,0
CHNA.US,D,20181116,000000,21.464,21.464,21.464,21.464,100,0
CHNA.US,D,20181119,000000,21.365,21.365,21.365,21.365,526,0
CHNA.US,D,20181120,000000,21.165,21.165,21.165,21.165,201,0
CHNA.US,D,20181121,000000,21.612,21.612,21.612,21.612,613,0
CHNA.US,D,20181126,000000,21.389,21.414,21.389,21.414,441,0
CHNA.US,D,20181128,000000,21.793,21.961,21.793,21.961,1264,0
CHNA.US,D,20181129,000000,21.838,21.838,21.838,21.838,151,0
CHNA.US,D,20181130,000000,21.851,22.169,21.851,22.16,16435,0
CHNA.US,D,20181203,000000,23.351,23.351,22.457,22.537,18177,0
CHNA.US,D,20181204,000000,22.607,22.84,22.191,22.317,27441,0
CHNA.US,D,20181206,000000,21.365,21.365,20.869,21.136,28799,0
CHNA.US,D,20181207,000000,20.937,20.937,20.272,20.42,7682,0
CHNA.US,D,20181210,000000,20.013,20.013,19.516,19.864,5298,0
CHNA.US,D,20181211,000000,20.092,20.49,20.092,20.49,2309,0
CHNA.US,D,20181212,000000,20.619,20.629,20.253,20.629,3475,0
CHNA.US,D,20181213,000000,20.907,20.956,20.907,20.946,1218,0
CHNA.US,D,20181214,000000,20.519,20.522,20.473,20.473,356,0
CHNA.US,D,20181217,000000,19.874,20.252,19.704,19.963,3455,0
CHNA.US,D,20181218,000000,19.646,20.481,19.646,20.053,835,0
CHNA.US,D,20181219,000000,19.821,19.821,19.417,19.417,455,0
CHNA.US,D,20181220,000000,19.327,19.447,18.99,19.148,2700,0
CHNA.US,D,20181221,000000,18.611,18.96,18.503,18.582,2626,0
CHNA.US,D,20181224,000000,18.572,18.666,18.413,18.666,913,0
CHNA.US,D,20181226,000000,18.751,18.751,18.751,18.751,278,0
CHNA.US,D,20181227,000000,18.639,18.639,18.582,18.582,1208,0
CHNA.US,D,20181228,000000,19.068,19.267,18.9,18.92,3362,0
CHNA.US,D,20181231,000000,19.06,19.06,19.06,19.06,217,0
CHNA.US,D,20190102,000000,18.552,18.811,18.532,18.532,2923,0
CHNA.US,D,20190103,000000,18.532,18.532,17.757,17.817,3231,0
CHNA.US,D,20190104,000000,18.314,18.671,17.937,18.529,2884,0
CHNA.US,D,20190107,000000,18.671,18.671,18.671,18.671,641,0
CHNA.US,D,20190108,000000,19.162,19.181,19.162,19.181,433,0
CHNA.US,D,20190109,000000,19.313,19.313,19,19.25,682,0
CHNA.US,D,20190110,000000,19.391,19.783,19.277,19.783,1130,0
CHNA.US,D,20190111,000000,19.988,19.988,19.457,19.874,2802,0
CHNA.US,D,20190114,000000,19.576,19.576,19.357,19.357,1209,0
CHNA.US,D,20190115,000000,19.576,19.576,19.476,19.476,261,0
CHNA.US,D,20190116,000000,19.883,20.261,19.883,20.222,3680,0
CHNA.US,D,20190117,000000,20.218,20.42,20.218,20.42,583,0
CHNA.US,D,20190118,000000,20.599,20.877,20.599,20.877,2861,0
CHNA.US,D,20190122,000000,19.993,20.42,19.993,19.993,1435,0
CHNA.US,D,20190123,000000,20.232,20.232,20.232,20.232,508,0
CHNA.US,D,20190124,000000,20.32,20.442,20.32,20.442,862,0
CHNA.US,D,20190125,000000,20.32,20.519,19.537,20.463,3909,0
CHNA.US,D,20190128,000000,20.043,20.318,20.043,20.318,349,0
CHNA.US,D,20190129,000000,20.39,20.552,20.39,20.49,2904,0
CHNA.US,D,20190130,000000,20.46,20.46,20.46,20.46,154,0
CHNA.US,D,20190131,000000,20.898,20.956,20.679,20.912,1933,0
CHNA.US,D,20190201,000000,21.424,21.424,20.976,20.976,2679,0
CHNA.US,D,20190204,000000,21.042,21.042,21.016,21.016,658,0
CHNA.US,D,20190205,000000,21.225,21.225,21.225,21.225,380,0
CHNA.US,D,20190206,000000,21.271,21.271,21.271,21.271,106,0
CHNA.US,D,20190207,000000,21.068,21.07,20.867,20.959,2199,0
CHNA.US,D,20190208,000000,20.917,20.981,20.917,20.981,1353,0
CHNA.US,D,20190211,000000,21.056,21.14,21.004,21.004,632,0
CHNA.US,D,20190212,000000,21.533,21.692,21.533,21.692,461,0
CHNA.US,D,20190213,000000,21.687,21.756,21.687,21.711,642,0
CHNA.US,D,20190214,000000,21.906,21.951,21.906,21.951,468,0
CHNA.US,D,20190215,000000,21.813,21.813,21.813,21.813,1010,0
CHNA.US,D,20190219,000000,21.662,21.662,21.603,21.652,505,0
CHNA.US,D,20190220,000000,21.37,21.443,21.37,21.443,920,0
CHNA.US,D,20190225,000000,22.378,22.378,22.089,22.089,1026,0
CHNA.US,D,20190226,000000,22.236,22.248,22.236,22.238,451,0
CHNA.US,D,20190227,000000,22.052,22.052,21.95,21.981,1813,0
CHNA.US,D,20190228,000000,22.278,22.278,22.278,22.278,277,0
CHNA.US,D,20190301,000000,22.557,22.557,22.266,22.314,1836,0
CHNA.US,D,20190304,000000,23.133,23.133,23.133,23.133,627,0
CHNA.US,D,20190305,000000,23.291,23.291,23.041,23.291,1328,0
CHNA.US,D,20190306,000000,23.218,23.218,23.173,23.203,1727,0
CHNA.US,D,20190307,000000,22.944,22.944,22.424,22.441,1965,0
CHNA.US,D,20190308,000000,22.119,22.119,21.782,21.851,1544,0
CHNA.US,D,20190311,000000,22.169,22.57,22.169,22.533,400,0
CHNA.US,D,20190312,000000,22.646,22.914,22.646,22.783,1639,0
CHNA.US,D,20190313,000000,23.024,23.024,22.705,22.725,16926,0
CHNA.US,D,20190314,000000,22.268,22.49,21.355,22.428,2762,0
CHNA.US,D,20190315,000000,23.083,23.083,22.777,22.805,3822,0
CHNA.US,D,20190318,000000,23.133,23.233,23.112,23.233,5600,0
CHNA.US,D,20190319,000000,23.63,23.69,23.558,23.654,6446,0
CHNA.US,D,20190320,000000,23.153,23.636,23.153,23.609,2179,0
CHNA.US,D,20190321,000000,23.356,23.58,23.356,23.58,1624,0
CHNA.US,D,20190322,000000,23.58,23.58,22.825,23.123,27118,0
CHNA.US,D,20190325,000000,23.004,23.004,22.893,22.893,5604,0
CHNA.US,D,20190326,000000,22.894,22.924,22.884,22.884,11633,0
CHNA.US,D,20190327,000000,22.924,23.004,22.854,23.004,1108,0
CHNA.US,D,20190328,000000,22.923,23.025,22.826,22.954,2337,0
CHNA.US,D,20190329,000000,22.944,23.61,22.944,23.6,23804,0
CHNA.US,D,20190401,000000,24.057,24.057,23.942,23.947,3735,0
CHNA.US,D,20190402,000000,23.937,23.937,23.937,23.937,251,0
CHNA.US,D,20190403,000000,24.216,24.216,24.047,24.117,4763,0
CHNA.US,D,20190404,000000,24.326,24.326,24.057,24.117,1822,0
CHNA.US,D,20190405,000000,24.524,24.524,24.127,24.136,2656,0
CHNA.US,D,20190408,000000,24.842,24.842,24.136,24.663,6161,0
CHNA.US,D,20190409,000000,24.852,24.872,24.842,24.848,3049,0
CHNA.US,D,20190410,000000,25.082,25.269,25.082,25.269,4534,0
CHNA.US,D,20190411,000000,24.881,24.881,24.643,24.643,8478,0
CHNA.US,D,20190412,000000,25.056,25.056,24.842,24.852,10229,0
CHNA.US,D,20190415,000000,24.753,24.753,24.514,24.514,1693,0
CHNA.US,D,20190416,000000,24.511,24.611,24.511,24.527,762,0
CHNA.US,D,20190417,000000,24.38,24.38,24.265,24.265,800,0
CHNA.US,D,20190418,000000,24.117,24.117,23.972,24.082,6160,0
CHNA.US,D,20190422,000000,23.749,23.911,23.729,23.911,2633,0
CHNA.US,D,20190423,000000,23.665,23.744,23.665,23.744,966,0
CHNA.US,D,20190424,000000,23.703,23.733,23.703,23.733,1148,0
CHNA.US,D,20190425,000000,23.411,23.411,23.213,23.31,6774,0
CHNA.US,D,20190426,000000,23.163,23.163,23.163,23.163,503,0
CHNA.US,D,20190429,000000,23.577,23.577,23.577,23.577,905,0
CHNA.US,D,20190430,000000,23.64,23.64,23.55,23.56,1929,0
CHNA.US,D,20190501,000000,23.6,23.639,23.55,23.639,3081,0
CHNA.US,D,20190502,000000,23.381,23.381,23.381,23.381,104,0
CHNA.US,D,20190503,000000,24.007,24.007,23.839,23.887,1722,0
CHNA.US,D,20190506,000000,22.507,23.006,20.867,23.004,4732,0
CHNA.US,D,20190507,000000,22.81,23.111,22.805,23.111,4699,0
CHNA.US,D,20190508,000000,22.639,22.642,22.627,22.642,1318,0
CHNA.US,D,20190509,000000,22.209,22.209,21.83,22.042,1632,0
CHNA.US,D,20190510,000000,22.512,22.512,22.29,22.29,403,0
CHNA.US,D,20190513,000000,21.981,22.079,21.939,21.939,1017,0
CHNA.US,D,20190516,000000,22.735,22.735,22.735,22.735,349,0
CHNA.US,D,20190517,000000,22.348,22.348,22.078,22.078,5510,0
CHNA.US,D,20190520,000000,21.752,21.752,21.479,21.479,1145,0
CHNA.US,D,20190521,000000,21.563,21.662,21.543,21.662,1239,0
CHNA.US,D,20190523,000000,21.048,21.146,21.048,21.146,1151,0
CHNA.US,D,20190524,000000,21.23,21.23,21.23,21.23,428,0
CHNA.US,D,20190528,000000,21.89,21.89,21.89,21.89,204,0
CHNA.US,D,20190529,000000,21.708,21.708,21.642,21.642,758,0
CHNA.US,D,20190530,000000,21.536,21.536,21.536,21.536,181,0
CHNA.US,D,20190603,000000,21.682,21.682,21.563,21.563,1682,0
CHNA.US,D,20190604,000000,21.444,21.444,21.186,21.186,707,0
CHNA.US,D,20190605,000000,21.235,21.235,21.235,21.235,111,0
CHNA.US,D,20190606,000000,20.902,20.902,20.902,20.902,327,0
CHNA.US,D,20190607,000000,21.126,21.126,20.94,21.06,1612,0
CHNA.US,D,20190610,000000,20.897,20.897,20.897,20.897,639,0
CHNA.US,D,20190611,000000,21.551,21.582,21.551,21.582,389,0
CHNA.US,D,20190612,000000,21.523,21.523,21.221,21.221,1026,0
CHNA.US,D,20190614,000000,21.184,21.184,21.124,21.124,218,0
CHNA.US,D,20190618,000000,21.861,21.861,21.652,21.672,1509,0
CHNA.US,D,20190619,000000,21.871,22.078,21.871,22.065,1126,0
CHNA.US,D,20190620,000000,22.418,22.517,22.418,22.467,2168,0
CHNA.US,D,20190621,000000,21.939,22.05,21.865,21.921,4274,0
CHNA.US,D,20190624,000000,22,22.04,22,22.04,481,0
CHNA.US,D,20190625,000000,21.961,21.981,21.833,21.861,2581,0
CHNA.US,D,20190626,000000,21.979,22.06,21.979,22.06,2046,0
CHNA.US,D,20190627,000000,22.376,22.376,22.17,22.17,2412,0
CHNA.US,D,20190628,000000,22.06,22.06,22.014,22.06,1321,0
CHNA.US,D,20190701,000000,22.537,22.627,22.537,22.548,1137,0
CHNA.US,D,20190702,000000,22.464,22.464,22.464,22.464,466,0
CHNA.US,D,20190708,000000,22.284,22.297,22.209,22.246,1968,0
CHNA.US,D,20190709,000000,22.175,22.179,22.174,22.179,646,0
CHNA.US,D,20190710,000000,22.6,22.6,22.471,22.471,528,0
CHNA.US,D,20190711,000000,22.344,22.348,22.338,22.348,2919,0
CHNA.US,D,20190712,000000,22.258,22.258,22.258,22.258,268,0
CHNA.US,D,20190715,000000,22.428,22.547,22.428,22.524,2356,0
CHNA.US,D,20190716,000000,22.318,22.641,22.318,22.607,1319,0
CHNA.US,D,20190717,000000,22.715,22.715,22.685,22.685,2873,0
CHNA.US,D,20190718,000000,22.695,22.775,22.68,22.765,2239,0
CHNA.US,D,20190722,000000,22.597,22.597,22.487,22.487,2365,0
CHNA.US,D,20190723,000000,22.597,22.607,22.587,22.597,1258,0
CHNA.US,D,20190724,000000,22.607,22.641,22.527,22.626,3860,0
CHNA.US,D,20190725,000000,23.51,23.51,22.607,22.627,20118,0
CHNA.US,D,20190726,000000,22.785,22.785,22.622,22.634,19521,0
CHNA.US,D,20190729,000000,22.894,22.894,22.637,22.745,2646,0
CHNA.US,D,20190730,000000,22.725,22.725,22.607,22.607,4113,0
CHNA.US,D,20190731,000000,22.498,22.507,22.337,22.388,1651,0
CHNA.US,D,20190801,000000,22.507,22.658,21.861,21.861,7180,0
CHNA.US,D,20190802,000000,21.861,21.881,21.534,21.641,3334,0
CHNA.US,D,20190805,000000,21.315,21.315,20.334,20.903,10369,0
CHNA.US,D,20190806,000000,21.155,21.195,20.956,20.966,4492,0
CHNA.US,D,20190807,000000,20.956,21.265,20.848,21.116,14305,0
CHNA.US,D,20190808,000000,21.434,21.434,21.255,21.364,10713,0
CHNA.US,D,20190809,000000,21.325,21.325,21.165,21.245,10587,0
CHNA.US,D,20190812,000000,21.215,21.215,20.887,21.046,6527,0
CHNA.US,D,20190813,000000,20.867,21.125,20.719,21.056,5495,0
CHNA.US,D,20190814,000000,20.629,20.629,20.448,20.522,4363,0
CHNA.US,D,20190815,000000,20.522,20.596,20.522,20.53,1117,0
CHNA.US,D,20190816,000000,20.788,21.414,20.788,21.335,18481,0
CHNA.US,D,20190819,000000,21.493,21.981,21.493,21.622,10366,0
CHNA.US,D,20190820,000000,22.218,22.288,22.207,22.218,21413,0
CHNA.US,D,20190821,000000,22.514,22.547,22.437,22.437,6645,0
CHNA.US,D,20190822,000000,22.479,22.583,22.479,22.583,398,0
CHNA.US,D,20190823,000000,22.557,23.014,21.981,21.981,35738,0
CHNA.US,D,20190826,000000,22.656,23.054,22.656,22.854,6023,0
CHNA.US,D,20190827,000000,23.213,23.28,22.954,22.954,7017,0
CHNA.US,D,20190828,000000,22.577,22.577,21.914,22.513,1871,0
CHNA.US,D,20190829,000000,22.735,23.083,22.735,22.954,2724,0
CHNA.US,D,20190830,000000,22.73,22.735,22.656,22.71,3777,0
CHNA.US,D,20190903,000000,23.004,23.004,22.669,22.669,1475,0
CHNA.US,D,20190904,000000,22.705,22.765,22.705,22.744,1900,0
CHNA.US,D,20190905,000000,23.003,23.003,22.929,22.974,1350,0
CHNA.US,D,20190909,000000,22.751,22.751,22.587,22.616,5468,0
CHNA.US,D,20190910,000000,22.656,22.656,22.565,22.645,1093,0
CHNA.US,D,20190911,000000,22.557,22.557,22.218,22.447,4828,0
CHNA.US,D,20190912,000000,22.637,22.854,22.637,22.765,1294,0
CHNA.US,D,20190916,000000,22.511,22.511,22.489,22.489,387,0
CHNA.US,D,20190917,000000,22.238,22.509,22.238,22.447,885,0
CHNA.US,D,20190918,000000,22.587,22.607,22.358,22.358,11079,0
CHNA.US,D,20190919,000000,22.76,22.76,22.686,22.75,866,0
CHNA.US,D,20190920,000000,22.64,22.705,22.477,22.477,805,0
CHNA.US,D,20190923,000000,22.457,22.457,22.06,22.353,2033,0
CHNA.US,D,20190924,000000,22.467,22.467,22.238,22.283,14899,0
CHNA.US,D,20190925,000000,22.079,22.079,21.861,21.949,1073,0
CHNA.US,D,20190927,000000,21.991,21.991,21.365,21.45,6569,0
CHNA.US,D,20190930,000000,21.483,21.665,21.166,21.665,5096,0
CHNA.US,D,20191001,000000,21.425,21.467,21.425,21.467,765,0
CHNA.US,D,20191002,000000,21.389,21.444,21.389,21.43,1641,0
CHNA.US,D,20191003,000000,21.612,21.881,21.612,21.881,7123,0
CHNA.US,D,20191004,000000,21.784,21.784,21.784,21.784,160,0
CHNA.US,D,20191007,000000,21.801,21.801,21.672,21.672,1457,0
CHNA.US,D,20191008,000000,21.756,21.756,21.756,21.756,667,0
CHNA.US,D,20191009,000000,21.712,21.712,21.712,21.712,197,0
CHNA.US,D,20191010,000000,22.01,22.01,22.01,22.01,4040,0
CHNA.US,D,20191011,000000,22.12,22.199,22.109,22.159,5724,0
CHNA.US,D,20191014,000000,22.228,22.348,22.228,22.348,404,0
CHNA.US,D,20191015,000000,22.467,22.58,22.467,22.58,2453,0
CHNA.US,D,20191016,000000,22.577,22.723,22.567,22.723,1182,0
CHNA.US,D,20191017,000000,22.797,22.854,22.797,22.854,2709,0
CHNA.US,D,20191018,000000,22.944,22.944,22.827,22.828,2130,0
CHNA.US,D,20191021,000000,22.964,23.034,22.962,23.024,4348,0
CHNA.US,D,20191022,000000,22.864,23.144,22.864,23.144,4417,0
CHNA.US,D,20191023,000000,22.914,23.004,22.72,22.801,11444,0
CHNA.US,D,20191024,000000,22.826,22.826,22.745,22.745,1001,0
CHNA.US,D,20191025,000000,23.004,23.319,23.004,23.319,815,0
CHNA.US,D,20191028,000000,23.498,23.66,23.498,23.66,1470,0
CHNA.US,D,20191029,000000,23.615,23.69,23.615,23.68,9874,0
CHNA.US,D,20191030,000000,23.414,23.414,23.414,23.414,1180,0
CHNA.US,D,20191031,000000,23.7,23.709,23.655,23.7,5571,0
CHNA.US,D,20191101,000000,24.112,24.216,24.097,24.206,4189,0
CHNA.US,D,20191104,000000,24.514,24.723,24.514,24.611,5062,0
CHNA.US,D,20191105,000000,24.733,24.743,24.494,24.495,4640,0
CHNA.US,D,20191106,000000,23.849,24.753,23.849,24.753,62425,0
CHNA.US,D,20191107,000000,25.11,25.11,24.952,25.041,14319,0
CHNA.US,D,20191108,000000,25.259,25.259,24.882,25.04,5858,0
CHNA.US,D,20191111,000000,24.619,24.882,24.619,24.882,3964,0
CHNA.US,D,20191112,000000,24.743,24.763,24.397,24.435,29934,0
CHNA.US,D,20191113,000000,24.544,24.554,24.345,24.423,6258,0
CHNA.US,D,20191114,000000,24.445,24.445,24.156,24.25,6869,0
CHNA.US,D,20191115,000000,24.097,24.643,24.097,24.385,7082,0
CHNA.US,D,20191118,000000,24.435,24.504,24.037,24.102,11245,0
CHNA.US,D,20191119,000000,24.633,25.252,24.613,24.929,7240,0
CHNA.US,D,20191120,000000,24.862,24.872,24.743,24.782,15156,0
CHNA.US,D,20191121,000000,24.837,24.837,24.573,24.709,15936,0
CHNA.US,D,20191122,000000,24.643,25.093,24.643,24.749,7844,0
CHNA.US,D,20191125,000000,24.743,24.743,24.593,24.623,4672,0
CHNA.US,D,20191126,000000,24.693,24.693,24.583,24.693,3758,0
CHNA.US,D,20191127,000000,24.772,24.772,24.606,24.643,4666,0
CHNA.US,D,20191129,000000,23.859,24.206,23.69,23.9,8886,0
CHNA.US,D,20191202,000000,23.869,23.869,23.584,23.649,5741,0
CHNA.US,D,20191203,000000,23.53,23.53,23.361,23.432,2258,0
CHNA.US,D,20191204,000000,23.917,23.917,23.746,23.779,3616,0
CHNA.US,D,20191205,000000,23.957,23.957,23.801,23.801,4361,0
CHNA.US,D,20191206,000000,23.947,24.034,23.908,23.961,6923,0
CHNA.US,D,20191209,000000,23.759,23.829,23.505,23.505,5057,0
CHNA.US,D,20191210,000000,23.65,23.65,23.511,23.511,873,0
CHNA.US,D,20191211,000000,23.68,23.728,23.664,23.688,1048,0
CHNA.US,D,20191212,000000,23.997,24.057,23.839,24.025,5801,0
CHNA.US,D,20191213,000000,23.829,23.888,23.562,23.587,3822,0
CHNA.US,D,20191216,000000,24.027,24.027,23.882,23.882,738,0
CHNA.US,D,20191217,000000,24.146,24.282,24.146,24.282,1251,0
CHNA.US,D,20191218,000000,24.097,24.097,24.055,24.073,873,0
CHNA.US,D,20191219,000000,24.236,24.236,24.037,24.131,2864,0
CHNA.US,D,20191220,000000,24.167,24.188,24.167,24.188,1313,0
CHNA.US,D,20191223,000000,24.274,24.365,24.236,24.317,1734,0
CHNA.US,D,20191224,000000,24.196,24.196,24.196,24.196,572,0
CHNA.US,D,20191226,000000,24.383,24.383,24.317,24.317,760,0
CHNA.US,D,20191227,000000,24.385,24.458,24.33,24.404,2562,0
CHNA.US,D,20191230,000000,24.525,24.542,24.404,24.404,3684,0
CHNA.US,D,20191231,000000,24.634,24.68,24.624,24.68,752,0
CHNA.US,D,20200102,000000,24.783,25.002,24.783,24.982,5026,0
CHNA.US,D,20200103,000000,24.843,24.843,24.572,24.572,2032,0
CHNA.US,D,20200106,000000,24.385,24.385,24.116,24.257,3320,0
CHNA.US,D,20200107,000000,24.453,24.505,24.445,24.48,1965,0
CHNA.US,D,20200108,000000,24.495,24.554,24.472,24.472,3007,0
CHNA.US,D,20200109,000000,24.734,24.808,24.734,24.808,1486,0
CHNA.US,D,20200110,000000,24.963,24.963,24.798,24.798,683,0
CHNA.US,D,20200113,000000,24.694,25.181,24.694,25.181,2249,0
CHNA.US,D,20200114,000000,25.241,25.291,25.211,25.286,869,0
CHNA.US,D,20200115,000000,25.401,25.401,25.289,25.343,2743,0
CHNA.US,D,20200116,000000,25.659,26.147,25.659,26.089,6385,0
CHNA.US,D,20200117,000000,26.165,26.298,26.165,26.298,1723,0
CHNA.US,D,20200121,000000,26.296,26.436,26.247,26.247,9338,0
CHNA.US,D,20200122,000000,26.376,26.376,26.177,26.217,6230,0
CHNA.US,D,20200123,000000,25.858,25.938,25.361,25.898,8463,0
CHNA.US,D,20200124,000000,25.998,25.998,25.48,25.485,5274,0
CHNA.US,D,20200127,000000,24.863,24.863,24.515,24.644,6082,0
CHNA.US,D,20200128,000000,24.405,24.675,24.405,24.667,2773,0
CHNA.US,D,20200129,000000,24.943,25.152,24.943,25.112,3597,0
CHNA.US,D,20200130,000000,24.574,24.614,24.23,24.614,4953,0
CHNA.US,D,20200131,000000,24.445,24.445,23.898,23.987,11223,0
CHNA.US,D,20200203,000000,24.355,24.506,24.355,24.506,3603,0
CHNA.US,D,20200204,000000,25.122,25.704,25.122,25.49,21810,0
CHNA.US,D,20200205,000000,25.938,25.948,25.878,25.889,13823,0
CHNA.US,D,20200206,000000,26.167,26.167,25.709,25.709,3695,0
CHNA.US,D,20200207,000000,25.834,25.834,25.794,25.794,627,0
CHNA.US,D,20200210,000000,25.629,26.127,25.629,26.105,5364,0
CHNA.US,D,20200211,000000,26.028,26.137,24.89,26.027,14397,0
CHNA.US,D,20200212,000000,26.028,26.293,26.028,26.287,1398,0
CHNA.US,D,20200213,000000,26.077,26.127,26.047,26.074,4334,0
CHNA.US,D,20200214,000000,26.112,26.117,26.019,26.083,1087,0
CHNA.US,D,20200218,000000,26.237,26.446,26.237,26.446,1039,0
CHNA.US,D,20200219,000000,26.446,26.446,26.294,26.294,964,0
CHNA.US,D,20200220,000000,26.256,26.256,26.067,26.249,1497,0
CHNA.US,D,20200221,000000,26.396,26.396,26.249,26.276,938,0
CHNA.US,D,20200224,000000,25.271,25.627,24.943,25.43,3417,0
CHNA.US,D,20200225,000000,25.739,25.848,25.331,25.331,4462,0
CHNA.US,D,20200226,000000,25.759,25.759,25.538,25.538,2606,0
CHNA.US,D,20200227,000000,25.629,25.629,25.245,25.48,8599,0
CHNA.US,D,20200228,000000,24.893,25.131,24.554,25.092,10043,0
CHNA.US,D,20200302,000000,25.59,25.59,24.883,25.331,5311,0
CHNA.US,D,20200303,000000,25.743,25.808,25.515,25.515,3112,0
CHNA.US,D,20200304,000000,25.62,25.821,25.62,25.821,1546,0
CHNA.US,D,20200305,000000,25.83,25.83,25.58,25.624,3815,0
CHNA.US,D,20200306,000000,25.679,25.779,25.515,25.694,2565,0
CHNA.US,D,20200309,000000,24.883,24.883,24.584,24.614,6203,0
CHNA.US,D,20200310,000000,25.281,25.46,24.604,24.941,1888,0
CHNA.US,D,20200311,000000,24.584,24.594,24.107,24.196,3257,0
CHNA.US,D,20200312,000000,23.888,23.888,21.688,21.688,11121,0
CHNA.US,D,20200313,000000,22.584,22.892,22.077,22.395,3378,0
CHNA.US,D,20200316,000000,20.105,20.902,18.911,20.384,8774,0
CHNA.US,D,20200317,000000,20.892,21.698,20.471,21.481,3638,0
CHNA.US,D,20200318,000000,20.971,21.076,20.603,20.802,4127,0
CHNA.US,D,20200319,000000,20.603,21.16,20.603,21.026,2668,0
CHNA.US,D,20200320,000000,21.429,21.648,20.752,21.18,2039,0
CHNA.US,D,20200323,000000,20.613,21.583,20.613,21.187,5011,0
CHNA.US,D,20200324,000000,21.648,21.897,21.504,21.717,8256,0
CHNA.US,D,20200325,000000,22.026,22.395,21.788,22.226,50105,0
CHNA.US,D,20200326,000000,22.63,23.848,22.63,23.584,9640,0
CHNA.US,D,20200327,000000,22.604,23.141,21.658,22.415,2524,0
CHNA.US,D,20200330,000000,22.096,23.418,21.957,22.931,5759,0
CHNA.US,D,20200331,000000,22.792,22.892,22.609,22.609,1381,0
CHNA.US,D,20200401,000000,22.813,22.888,21.987,21.987,2213,0
CHNA.US,D,20200402,000000,22.285,22.285,22.285,22.285,610,0
CHNA.US,D,20200403,000000,23.105,23.105,22.917,22.917,413,0
CHNA.US,D,20200406,000000,23.589,23.589,23.058,23.15,11462,0
CHNA.US,D,20200407,000000,23.649,23.689,23.221,23.291,7665,0
CHNA.US,D,20200408,000000,23.46,23.845,23.251,23.675,33023,0
CHNA.US,D,20200409,000000,23.619,23.967,23.619,23.801,6580,0
CHNA.US,D,20200413,000000,24.002,24.002,23.937,23.972,557,0
CHNA.US,D,20200414,000000,24.136,24.44,23.032,24.365,8404,0
CHNA.US,D,20200415,000000,24.186,24.206,23.947,24.186,10205,0
CHNA.US,D,20200416,000000,24.38,24.385,24.296,24.345,9115,0
CHNA.US,D,20200417,000000,24.445,24.503,24.395,24.5,6916,0
CHNA.US,D,20200420,000000,25.012,25.231,25.012,25.012,2524,0
CHNA.US,D,20200421,000000,24.604,24.604,24.216,24.238,1105,0
CHNA.US,D,20200422,000000,24.704,25.132,24.704,25.025,3584,0
CHNA.US,D,20200423,000000,24.823,25.59,24.823,25.196,4870,0
CHNA.US,D,20200424,000000,24.992,24.995,24.764,24.793,23581,0
CHNA.US,D,20200427,000000,25.516,25.752,25.44,25.752,1064,0
CHNA.US,D,20200428,000000,25.729,25.829,25.644,25.644,1829,0
CHNA.US,D,20200429,000000,25.63,25.632,25.45,25.55,34826,0
CHNA.US,D,20200430,000000,25.616,25.616,24.745,24.927,2266,0
CHNA.US,D,20200501,000000,24.704,24.704,23.738,23.744,14696,0
CHNA.US,D,20200504,000000,24.087,24.476,24.087,24.476,5931,0
CHNA.US,D,20200505,000000,24.564,24.843,24.067,24.742,4289,0
CHNA.US,D,20200506,000000,25.172,25.172,24.634,24.74,7252,0
CHNA.US,D,20200507,000000,25.221,25.261,25.207,25.207,1289,0
CHNA.US,D,20200508,000000,25.321,25.744,25.321,25.669,4515,0
CHNA.US,D,20200511,000000,25.649,25.709,25.331,25.56,2373,0
CHNA.US,D,20200512,000000,26.286,26.286,25.879,25.879,2748,0
CHNA.US,D,20200513,000000,26.192,26.274,25.878,25.944,14561,0
CHNA.US,D,20200514,000000,26.167,26.167,25.906,26.164,711,0
CHNA.US,D,20200515,000000,26.202,26.684,26.202,26.504,3670,0
CHNA.US,D,20200518,000000,27.441,28.003,27.441,28.003,7272,0
CHNA.US,D,20200519,000000,28.068,28.068,27.461,27.859,12636,0
CHNA.US,D,20200520,000000,28.426,28.571,28.163,28.219,21361,0
CHNA.US,D,20200521,000000,25.904,27.222,25.052,27.116,6922,0
CHNA.US,D,20200522,000000,26.137,26.323,24.883,26.032,5315,0
CHNA.US,D,20200526,000000,26.227,26.684,26.227,26.278,3943,0
CHNA.US,D,20200527,000000,26.028,26.087,25.779,25.908,1767,0
CHNA.US,D,20200528,000000,25.719,25.719,25.719,25.719,486,0
CHNA.US,D,20200529,000000,26.167,26.715,25.888,26.715,5841,0
CHNA.US,D,20200601,000000,27.363,27.363,27.242,27.242,860,0
CHNA.US,D,20200602,000000,27.55,27.862,27.55,27.745,545,0
CHNA.US,D,20200603,000000,27.849,28.253,27.849,28.253,541,0
CHNA.US,D,20200604,000000,27.779,27.779,27.643,27.643,1288,0
CHNA.US,D,20200605,000000,27.988,27.988,27.839,27.866,16620,0
CHNA.US,D,20200608,000000,28.118,28.118,27.55,27.811,3985,0
CHNA.US,D,20200609,000000,28.207,28.213,27.909,28.055,2146,0
CHNA.US,D,20200610,000000,28.496,28.496,28.002,28.002,1727,0
CHNA.US,D,20200611,000000,27.391,27.391,27.162,27.222,3777,0
CHNA.US,D,20200612,000000,28.138,29.724,27.396,27.693,1782,0
CHNA.US,D,20200615,000000,27.242,28.387,27.242,28.186,2514,0
CHNA.US,D,20200616,000000,28.944,28.944,28.603,28.603,733,0
CHNA.US,D,20200617,000000,29.237,29.441,29.237,29.316,2399,0
CHNA.US,D,20200618,000000,28.712,29.347,28.712,29.347,3196,0
CHNA.US,D,20200619,000000,29.412,29.611,29.412,29.483,9797,0
CHNA.US,D,20200622,000000,29.889,30.059,29.86,29.964,3700,0
CHNA.US,D,20200623,000000,30.198,30.198,29.961,29.98,7225,0
CHNA.US,D,20200624,000000,30.198,30.377,30.198,30.338,2602,0
CHNA.US,D,20200625,000000,30.457,30.526,30.457,30.505,1969,0
CHNA.US,D,20200626,000000,30.644,30.644,30.556,30.556,2293,0
CHNA.US,D,20200629,000000,30.541,30.636,30.417,30.447,5725,0
CHNA.US,D,20200630,000000,30.566,30.656,30.447,30.594,3253,0
CHNA.US,D,20200701,000000,30.507,30.895,30.507,30.713,1866,0
CHNA.US,D,20200702,000000,31.293,31.492,30.736,31.015,7838,0
CHNA.US,D,20200706,000000,31.781,31.781,31.275,31.597,20060,0
CHNA.US,D,20200707,000000,31.758,31.91,31.621,31.621,3217,0
CHNA.US,D,20200708,000000,32.149,32.363,31.945,32.363,2862,0
CHNA.US,D,20200709,000000,32.552,32.596,32.159,32.287,4047,0
CHNA.US,D,20200710,000000,32.567,32.567,32.202,32.276,2644,0
CHNA.US,D,20200713,000000,32.945,33.841,32.945,33.393,2956,0
CHNA.US,D,20200714,000000,33.144,33.144,32.679,33.11,16919,0
CHNA.US,D,20200715,000000,33.254,33.254,32.915,33.025,13590,0
CHNA.US,D,20200716,000000,32.447,32.447,29.909,31.251,16446,0
CHNA.US,D,20200717,000000,31.233,31.89,31.233,31.633,10575,0
CHNA.US,D,20200720,000000,31.999,32.008,31.825,31.83,5649,0
CHNA.US,D,20200721,000000,32.258,32.607,32.094,32.094,2771,0
CHNA.US,D,20200722,000000,32.318,32.34,31.81,32.12,9629,0
CHNA.US,D,20200723,000000,32.527,32.656,32.099,32.442,4633,0
CHNA.US,D,20200724,000000,32.437,32.437,31.025,31.203,6108,0
CHNA.US,D,20200727,000000,31.114,31.114,30.86,30.994,4164,0
CHNA.US,D,20200728,000000,31.064,31.064,30.706,30.782,14597,0
CHNA.US,D,20200729,000000,31.392,31.591,31.392,31.569,1682,0
CHNA.US,D,20200730,000000,31.8,31.93,31.701,31.923,4841,0
CHNA.US,D,20200731,000000,32.029,32.029,31.382,31.382,1662,0
CHNA.US,D,20200803,000000,32.278,32.948,32.278,32.766,5380,0
CHNA.US,D,20200804,000000,32.87,33.045,32.845,33.045,3380,0
CHNA.US,D,20200805,000000,33.95,34.338,33.632,33.642,2773,0
CHNA.US,D,20200806,000000,33.443,33.453,33.254,33.447,5256,0
CHNA.US,D,20200807,000000,32.766,32.811,32.591,32.759,4426,0
CHNA.US,D,20200810,000000,32.597,32.597,32.099,32.247,2853,0
CHNA.US,D,20200811,000000,31.85,31.882,31.69,31.69,1515,0
CHNA.US,D,20200812,000000,31.721,31.721,31.372,31.477,4660,0
CHNA.US,D,20200813,000000,31.742,31.77,31.691,31.77,5951,0
CHNA.US,D,20200814,000000,31.656,31.666,31.656,31.666,428,0
CHNA.US,D,20200817,000000,31.661,32.089,30.337,32.089,9311,0
CHNA.US,D,20200818,000000,31.841,31.87,31.681,31.681,1323,0
CHNA.US,D,20200819,000000,31.88,31.95,31.711,31.887,2252,0
CHNA.US,D,20200820,000000,31.611,31.731,31.611,31.721,1396,0
CHNA.US,D,20200821,000000,31.333,31.885,31.333,31.885,3079,0
CHNA.US,D,20200824,000000,32.248,32.248,31.676,31.729,1704,0
CHNA.US,D,20200825,000000,31.508,31.745,31.508,31.745,838,0
CHNA.US,D,20200826,000000,31.588,31.651,31.432,31.651,4031,0
CHNA.US,D,20200827,000000,31.8,31.8,31.8,31.8,5052,0
CHNA.US,D,20200828,000000,31.8,31.8,31.8,31.8,1647,0
CHNA.US,D,20200831,000000,31.751,31.751,31.483,31.532,1805,0
CHNA.US,D,20200901,000000,31.502,31.502,31.173,31.375,3503,0
CHNA.US,D,20200902,000000,31.329,31.329,30.994,31.283,2692,0
CHNA.US,D,20200903,000000,31.203,31.203,30.855,30.995,2824,0
CHNA.US,D,20200904,000000,31.092,31.092,30.308,30.684,8841,0
CHNA.US,D,20200908,000000,30.098,30.148,30.048,30.048,1681,0
CHNA.US,D,20200909,000000,30.307,30.307,29.862,30.29,2061,0
CHNA.US,D,20200910,000000,29.879,29.879,29.491,29.709,8368,0
CHNA.US,D,20200911,000000,29.989,30.128,29.801,29.936,2387,0
CHNA.US,D,20200914,000000,30.188,30.374,30.188,30.374,886,0
CHNA.US,D,20200915,000000,30.706,30.977,30.706,30.977,827,0
CHNA.US,D,20200916,000000,31.253,31.253,31.253,31.253,280,0
CHNA.US,D,20200917,000000,30.915,30.915,30.915,30.915,222,0
CHNA.US,D,20200918,000000,31.054,31.333,31.054,31.177,31004,0
CHNA.US,D,20200921,000000,30.636,30.636,30.248,30.507,6604,0
CHNA.US,D,20200922,000000,30.297,30.297,30.178,30.199,975,0
CHNA.US,D,20200923,000000,30.516,30.653,30.497,30.497,1659,0
CHNA.US,D,20200924,000000,29.949,29.989,29.88,29.987,1254,0
CHNA.US,D,20200925,000000,29.103,29.305,28.854,29.242,12517,0
CHNA.US,D,20200928,000000,29.332,29.68,29.332,29.68,2293,0
CHNA.US,D,20200929,000000,29.66,29.836,29.651,29.836,17515,0
CHNA.US,D,20200930,000000,30.357,30.578,30.039,30.578,1534,0
CHNA.US,D,20201001,000000,30.606,30.768,30.606,30.768,406,0
CHNA.US,D,20201002,000000,30.586,30.586,30.391,30.391,405,0
CHNA.US,D,20201005,000000,30.387,30.445,30.158,30.445,1800,0
CHNA.US,D,20201006,000000,30.893,30.893,30.732,30.732,236,0
CHNA.US,D,20201008,000000,31.086,31.162,31.086,31.156,386,0
CHNA.US,D,20201009,000000,31.084,31.084,31.081,31.081,453,0
CHNA.US,D,20201012,000000,31.293,31.562,31.293,31.557,1452,0
CHNA.US,D,20201013,000000,31.457,31.552,31.412,31.552,917,0
CHNA.US,D,20201014,000000,31.253,31.353,30.984,30.984,784,0
CHNA.US,D,20201015,000000,30.778,30.778,30.686,30.764,445,0
CHNA.US,D,20201016,000000,30.736,30.736,30.7,30.7,994,0
CHNA.US,D,20201020,000000,30.407,30.407,30.407,30.407,505,0
CHNA.US,D,20201021,000000,30.666,30.724,30.573,30.573,1243,0
CHNA.US,D,20201022,000000,30.583,30.62,30.583,30.6,942,0
CHNA.US,D,20201023,000000,30.297,30.297,30.297,30.297,103,0
CHNA.US,D,20201026,000000,30.031,30.031,29.869,29.869,1182,0
CHNA.US,D,20201028,000000,29.889,29.889,29.69,29.69,1069,0
CHNA.US,D,20201029,000000,29.68,29.929,29.68,29.86,4712,0
CHNA.US,D,20201030,000000,29.66,29.66,29.342,29.516,1054,0
CHNA.US,D,20201102,000000,29.173,29.173,29.111,29.111,1017,0
CHNA.US,D,20201103,000000,29.183,29.193,29.173,29.174,539,0
CHNA.US,D,20201104,000000,29.71,30.745,29.71,30.269,2588,0
CHNA.US,D,20201105,000000,30.765,30.765,30.337,30.347,1913,0
CHNA.US,D,20201106,000000,30.198,30.208,30.098,30.108,1012,0
CHNA.US,D,20201109,000000,31.004,31.004,30.349,30.349,1394,0
CHNA.US,D,20201110,000000,30.029,30.158,30.029,30.098,2625,0
CHNA.US,D,20201111,000000,29.84,29.901,29.759,29.901,2753,0
CHNA.US,D,20201112,000000,29.981,29.981,29.71,29.71,460,0
CHNA.US,D,20201113,000000,30.012,30.17,30.009,30.17,628,0
CHNA.US,D,20201116,000000,30.258,30.307,30.148,30.148,848,0
CHNA.US,D,20201117,000000,29.87,29.934,29.87,29.889,560,0
CHNA.US,D,20201118,000000,29.869,29.909,29.869,29.869,798,0
CHNA.US,D,20201119,000000,29.944,30.048,29.944,30.048,163,0
CHNA.US,D,20201120,000000,30.308,30.308,30.305,30.305,356,0
CHNA.US,D,20201123,000000,30.347,30.347,29.68,29.68,1207,0
CHNA.US,D,20201124,000000,29.73,29.848,29.66,29.785,19650,0
CHNA.US,D,20201125,000000,29.461,29.611,29.352,29.586,2198,0
CHNA.US,D,20201127,000000,29.631,30.009,29.631,29.959,4498,0
CHNA.US,D,20201130,000000,30.507,30.507,30.507,30.507,1141,0
CHNA.US,D,20201201,000000,30.407,30.417,30.407,30.417,624,0
CHNA.US,D,20201202,000000,29.86,29.86,29.651,29.651,1466,0
CHNA.US,D,20201203,000000,29.899,29.989,29.899,29.989,607,0
CHNA.US,D,20201204,000000,29.999,31.034,29.999,30.327,8726,0
CHNA.US,D,20201207,000000,30.706,30.706,30.248,30.417,1528,0
CHNA.US,D,20201208,000000,30.168,30.168,30.168,30.168,312,0
CHNA.US,D,20201209,000000,30.208,30.208,29.352,29.352,7978,0
CHNA.US,D,20201210,000000,29.665,29.929,29.665,29.929,971,0
CHNA.US,D,20201214,000000,29.919,30.038,29.78,29.91,574,0
CHNA.US,D,20201215,000000,30.347,30.596,30.268,30.294,1996,0
CHNA.US,D,20201216,000000,30.646,30.646,30.569,30.569,1714,0
CHNA.US,D,20201217,000000,31.502,31.512,31.353,31.353,743,0
CHNA.US,D,20201218,000000,31.422,31.517,31.422,31.517,3541,0
CHNA.US,D,20201221,000000,30.892,31.92,30.892,31.874,1270,0
CHNA.US,D,20201222,000000,31.85,32.049,31.85,32.049,1307,0
CHNA.US,D,20201223,000000,32.069,32.069,32.049,32.059,890,0
CHNA.US,D,20201224,000000,31.721,31.844,31.691,31.794,1577,0
CHNA.US,D,20201228,000000,31.82,32.098,31.82,31.95,1216,0
CHNA.US,D,20201229,000000,32.288,32.288,31.889,31.889,2305,0
CHNA.US,D,20201230,000000,32.03,32.3299,32.03,32.285,1296,0
CHNA.US,D,20201231,000000,32.41,32.5581,32.41,32.5581,993,0
CHNA.US,D,20210104,000000,32.6,32.6,32.6,32.6,1961,0
CHNA.US,D,20210105,000000,33,33.4048,33,33.397,2051,0
CHNA.US,D,20210106,000000,33.4,33.4,33.3,33.33,8056,0
CHNA.US,D,20210107,000000,33.2,33.2,32.73,33.0873,4962,0
CHNA.US,D,20210108,000000,33.72,33.85,33.5501,33.7315,2467,0
CHNA.US,D,20210111,000000,33.67,33.67,33.5882,33.5882,825,0
CHNA.US,D,20210112,000000,33.98,34.36,33.98,34.3581,1560,0
CHNA.US,D,20210113,000000,34.24,34.4104,34.24,34.4104,964,0
CHNA.US,D,20210114,000000,35.17,35.3,35.0862,35.1038,2954,0
CHNA.US,D,20210115,000000,35.1199,35.22,34.9496,35.0459,5398,0
CHNA.US,D,20210119,000000,36.28,37.4844,36.28,36.73,31824,0
CHNA.US,D,20210120,000000,38.13,38.86,38.13,38.5603,10248,0
CHNA.US,D,20210121,000000,38.5,38.59,38.18,38.45,4954,0
CHNA.US,D,20210122,000000,38.8169,39.129,38.8169,39.1,4462,0
CHNA.US,D,20210125,000000,39.1,39.66,39.1,39.4741,6860,0
CHNA.US,D,20210126,000000,38.86,39.01,38.74,38.7825,5963,0
CHNA.US,D,20210127,000000,37.38,37.39,36.59,36.59,19703,0
CHNA.US,D,20210128,000000,36.6,36.6,36.0917,36.355,15044,0
CHNA.US,D,20210129,000000,35.85,36.9884,35.85,36.55,6389,0
CHNA.US,D,20210201,000000,37.38,38.0564,37.38,38.0564,11611,0
CHNA.US,D,20210202,000000,39.47,40.37,39.22,40.37,11101,0
CHNA.US,D,20210203,000000,40.47,40.55,39.96,40.385,15153,0
CHNA.US,D,20210204,000000,39.92,39.92,39.066,39.6,6919,0
CHNA.US,D,20210205,000000,39.84,39.93,39.6349,39.83,5434,0
CHNA.US,D,20210208,000000,39.83,39.83,39.316,39.49,12690,0
CHNA.US,D,20210209,000000,40.08,40.14,39.88,40.08,5908,0
CHNA.US,D,20210210,000000,40.5373,40.67,40.03,40.2566,3913,0
CHNA.US,D,20210211,000000,40.52,41.11,40.52,40.76,13003,0
CHNA.US,D,20210212,000000,40.97,41.02,40.68,40.7943,9882,0
CHNA.US,D,20210216,000000,41.12,42,41.03,41.04,11716,0
CHNA.US,D,20210217,000000,41.02,41.24,41.02,41.1859,3270,0
CHNA.US,D,20210218,000000,40.83,40.83,40,40.355,5546,0
CHNA.US,D,20210219,000000,40.73,40.8734,40.73,40.8734,2576,0
CHNA.US,D,20210222,000000,40,40,38.5,39.12,20463,0
CHNA.US,D,20210223,000000,39.35,39.35,38.7203,39.2026,4816,0
CHNA.US,D,20210224,000000,38.5,38.5,36.96,38.2847,8803,0
CHNA.US,D,20210225,000000,38.33,38.44,37.771,37.923,1865,0
CHNA.US,D,20210226,000000,37.522,38.08,37.522,37.8745,1576,0
CHNA.US,D,20210301,000000,38.49,39.37,38.49,39.265,4020,0
CHNA.US,D,20210302,000000,38.89,38.89,38.131,38.42,4307,0
CHNA.US,D,20210303,000000,37.805,37.95,37.52,37.52,1850,0
CHNA.US,D,20210304,000000,37.07,37.1896,35.7201,36.1718,9376,0
CHNA.US,D,20210305,000000,36,36,35.251,35.89,5605,0
CHNA.US,D,20210308,000000,34.84,34.84,34.17,34.34,6582,0
CHNA.US,D,20210309,000000,34.3,35.135,34.29,35.1,5270,0
CHNA.US,D,20210310,000000,35.5,35.5,34.74,34.74,1400,0
CHNA.US,D,20210311,000000,35.92,36.87,35.92,36.31,1405,0
CHNA.US,D,20210312,000000,36.29,36.55,36.196,36.3103,908,0
CHNA.US,D,20210315,000000,36.19,36.21,36,36.21,939,0
CHNA.US,D,20210316,000000,37.19,37.25,36.48,36.915,1569,0
CHNA.US,D,20210317,000000,37.43,37.4762,37.43,37.4762,432,0
CHNA.US,D,20210318,000000,37.557,37.5746,37.44,37.44,831,0
CHNA.US,D,20210319,000000,37.33,37.4921,37.3,37.4921,1158,0
CHNA.US,D,20210322,000000,37.63,37.97,37.63,37.7337,849,0
CHNA.US,D,20210323,000000,37.24,37.24,35.01,36.5553,2847,0
CHNA.US,D,20210324,000000,35.94,35.94,35.2546,35.2546,1835,0
CHNA.US,D,20210325,000000,35.329,35.5,35.215,35.49,1425,0
CHNA.US,D,20210326,000000,36.205,36.4514,35.71,36.4514,959,0
CHNA.US,D,20210329,000000,35.48,36.17,35.48,35.74,698,0
CHNA.US,D,20210330,000000,36.49,36.9,36.49,36.6569,607,0
CHNA.US,D,20210331,000000,36.83,36.8791,36.78,36.8791,366,0
CHNA.US,D,20210401,000000,37.39,37.9145,37.18,37.18,3916,0
CHNA.US,D,20210405,000000,37.37,37.72,37.1801,37.3223,2426,0
CHNA.US,D,20210406,000000,37.5,37.93,37.1201,37.85,8019,0
CHNA.US,D,20210407,000000,37.28,37.28,37.049,37.049,527,0
CHNA.US,D,20210408,000000,37.7799,37.97,37.7626,37.92,1249,0
CHNA.US,D,20210409,000000,36.9153,37.37,36.9153,37.2593,857,0
CHNA.US,D,20210412,000000,37.27,37.27,36.5801,36.9216,2066,0
CHNA.US,D,20210413,000000,36.85,37.0866,36.85,37.0866,1133,0
CHNA.US,D,20210414,000000,37.421,37.43,37.041,37.041,2558,0
CHNA.US,D,20210416,000000,37.3,37.518,37.3,37.3823,1161,0
CHNA.US,D,20210419,000000,37.57,38.01,37.57,37.9201,4895,0
CHNA.US,D,20210420,000000,38.2816,38.2816,37.905,37.905,963,0
CHNA.US,D,20210421,000000,38.35,38.35,38.35,38.35,320,0
CHNA.US,D,20210422,000000,39.29,40.03,39.29,39.682,3754,0
CHNA.US,D,20210423,000000,40.44,40.561,40.27,40.561,5051,0
CHNA.US,D,20210426,000000,40.74,40.8,40.63,40.7949,3422,0
CHNA.US,D,20210427,000000,41.04,41.59,41.04,41.5037,5240,0
CHNA.US,D,20210428,000000,42,42.175,41.996,42.0323,2224,0
CHNA.US,D,20210429,000000,41.5,41.5,41.39,41.39,2290,0
CHNA.US,D,20210430,000000,41.25,41.2906,40.951,41.2457,7422,0
CHNA.US,D,20210503,000000,41.93,42.4565,41.93,42.31,5498,0
CHNA.US,D,20210504,000000,41.84,41.84,41.001,41.1456,2828,0
CHNA.US,D,20210505,000000,40.95,41,40.651,40.79,7648,0
CHNA.US,D,20210506,000000,40.25,40.25,39.65,39.68,3405,0
CHNA.US,D,20210507,000000,39.74,39.76,39.43,39.49,41143,0
CHNA.US,D,20210510,000000,39.69,39.69,39.461,39.4622,8100,0
CHNA.US,D,20210511,000000,39.18,40.5199,39.18,39.82,8215,0
CHNA.US,D,20210512,000000,38.97,39.12,38.85,39.12,2471,0
CHNA.US,D,20210513,000000,39.81,40.2799,39.7,39.8259,4968,0
CHNA.US,D,20210514,000000,41.2034,41.5099,40.66,41.14,1461,0
CHNA.US,D,20210517,000000,41,41.1606,41,41.1606,287,0
CHNA.US,D,20210518,000000,41.45,42.1615,41.45,42.1615,1371,0
CHNA.US,D,20210519,000000,42,42.57,42,42.4295,1373,0
CHNA.US,D,20210520,000000,42.7,42.8799,42.5851,42.7675,6193,0
CHNA.US,D,20210521,000000,43.48,43.779,43.48,43.539,6244,0
CHNA.US,D,20210524,000000,44.01,44.358,44.01,44.1088,4794,0
CHNA.US,D,20210525,000000,44.26,44.26,44.0314,44.0314,4332,0
CHNA.US,D,20210526,000000,44.99,44.99,44.9211,44.9655,1832,0
CHNA.US,D,20210527,000000,45.82,45.859,45.545,45.85,3811,0
CHNA.US,D,20210528,000000,45.03,45.18,44.6,45.07,7166,0
CHNA.US,D,20210601,000000,46.25,46.49,46.25,46.44,5235,0
CHNA.US,D,20210602,000000,46.17,46.17,45.925,45.925,2175,0
CHNA.US,D,20210603,000000,45.57,45.83,45.54,45.77,4750,0
CHNA.US,D,20210604,000000,45.38,45.46,45.3493,45.3493,857,0
CHNA.US,D,20210607,000000,45.399,45.719,45.24,45.689,5150,0
CHNA.US,D,20210608,000000,45.6,45.605,45.2,45.2,6661,0
CHNA.US,D,20210609,000000,46.06,46.14,45.9,46,3806,0
CHNA.US,D,20210610,000000,46.1222,46.305,46.1222,46.2292,1548,0
CHNA.US,D,20210611,000000,46.21,46.21,46.12,46.12,708,0
CHNA.US,D,20210614,000000,46,46.225,45.99,46.225,2339,0
CHNA.US,D,20210615,000000,45.66,45.66,45.1,45.1301,3492,0
CHNA.US,D,20210616,000000,43.76,43.78,43.42,43.6712,19235,0
CHNA.US,D,20210617,000000,44.35,44.35,43.83,44.0298,1835,0
CHNA.US,D,20210621,000000,44.5,45.12,44.44,45.11,2902,0
CHNA.US,D,20210622,000000,45,45.24,44.95,45.0066,1474,0
CHNA.US,D,20210623,000000,45.9,46.2143,45.88,45.955,4572,0
CHNA.US,D,20210624,000000,46.2,47.1634,46.2,47.11,16519,0
CHNA.US,D,20210625,000000,47.58,47.58,47,47.41,3862,0
CHNA.US,D,20210628,000000,48.85,49.01,48.26,49,24628,0
CHNA.US,D,20210629,000000,48.04,48.32,47.22,47.8531,9457,0
CHNA.US,D,20210630,000000,47.85,47.96,47.36,47.5404,5982,0
CHNA.US,D,20210701,000000,47.55,47.55,47.55,47.55,586,0
CHNA.US,D,20210702,000000,46.94,46.95,46.34,46.6718,3151,0
CHNA.US,D,20210706,000000,45.3,45.3,43.81,44.55,16945,0
CHNA.US,D,20210707,000000,45.11,45.46,45.01,45.4434,1667,0
CHNA.US,D,20210708,000000,44.03,44.22,43.47,43.8132,4270,0
CHNA.US,D,20210709,000000,43.76,44.61,43.76,44.2961,1060,0
CHNA.US,D,20210712,000000,44.98,45.4469,44.98,45.4469,6553,0
CHNA.US,D,20210713,000000,45.14,45.14,44.25,44.3985,17240,0
CHNA.US,D,20210714,000000,46.21,46.21,45.1801,45.5387,25898,0
CHNA.US,D,20210715,000000,46.07,46.07,45.49,45.6299,2642,0
CHNA.US,D,20210716,000000,45.44,45.5462,45.24,45.4188,1855,0
CHNA.US,D,20210719,000000,45.18,45.8,45.18,45.55,4272,0
CHNA.US,D,20210720,000000,45.22,45.35,45.16,45.2989,4682,0
CHNA.US,D,20210721,000000,45.34,45.77,45.05,45.77,2738,0
CHNA.US,D,20210722,000000,45.57,45.85,45.178,45.7,2933,0
CHNA.US,D,20210723,000000,44.18,44.18,43.56,43.8,5362,0
CHNA.US,D,20210726,000000,41.67,41.925,40.85,40.9309,11513,0
CHNA.US,D,20210727,000000,38.19,40,36.3701,38.082,11539,0
CHNA.US,D,20210728,000000,39.28,41.8199,39.28,41.0117,14365,0
CHNA.US,D,20210729,000000,41.75,41.75,41.375,41.59,3247,0
CHNA.US,D,20210730,000000,40.74,41.94,40.74,41.5931,1631,0
CHNA.US,D,20210802,000000,42.15,42.15,41.25,41.6349,3212,0
CHNA.US,D,20210803,000000,42.32,43.0399,42.19,42.69,4029,0
CHNA.US,D,20210804,000000,43.37,43.438,43.0422,43.0422,1438,0
CHNA.US,D,20210805,000000,42.765,42.765,42.765,42.765,242,0
CHNA.US,D,20210806,000000,41.88,41.88,40.131,41.1608,2033,0
CHNA.US,D,20210809,000000,41.15,41.43,41.14,41.4,4076,0
CHNA.US,D,20210810,000000,41.84,42.26,41.84,41.9759,3545,0
CHNA.US,D,20210811,000000,41.5,41.5,40.951,41.0968,1675,0
CHNA.US,D,20210812,000000,40.29,40.94,39.71,39.8763,3120,0
CHNA.US,D,20210813,000000,40.12,40.37,40.02,40.2265,3257,0
CHNA.US,D,20210816,000000,39.42,39.6429,39.42,39.6429,448,0
CHNA.US,D,20210817,000000,38.75,38.9,38.5899,38.5899,7894,0
CHNA.US,D,20210818,000000,38.54,38.6845,38.43,38.5661,2686,0
CHNA.US,D,20210819,000000,37.98,37.98,37.77,37.81,2510,0
CHNA.US,D,20210820,000000,36.41,36.41,36.19,36.2131,1717,0
CHNA.US,D,20210823,000000,36.45,37.88,36.45,37.2783,2297,0
CHNA.US,D,20210824,000000,37.86,38.34,37.775,38.23,2745,0
CHNA.US,D,20210825,000000,38.049,38.049,37.8124,37.8124,630,0
CHNA.US,D,20210826,000000,37.38,37.38,37.181,37.2061,1532,0
CHNA.US,D,20210827,000000,37.27,37.29,37.27,37.29,525,0
CHNA.US,D,20210830,000000,37.381,37.55,37.381,37.55,979,0
CHNA.US,D,20210831,000000,37.73,37.91,37.7172,37.87,1190,0
CHNA.US,D,20210901,000000,37.99,39.0399,37.99,38.71,1430,0
