<TICKER>,<PER>,<DATE>,<TIME>,<OPEN>,<HIGH>,<LOW>,<CLOSE>,<VOL>,<OPENINT>
CID.US,D,20150820,000000,28.158,28.174,28.158,28.174,12810,0
CID.US,D,20150821,000000,27.546,27.546,27.546,27.546,119,0
CID.US,D,20150824,000000,26.906,26.906,26.906,26.906,183,0
CID.US,D,20150825,000000,26.952,26.952,26.952,26.952,119,0
CID.US,D,20150826,000000,26.814,26.814,26.806,26.806,862,0
CID.US,D,20150827,000000,27.39,27.39,27.39,27.39,119,0
CID.US,D,20150831,000000,27.213,27.256,27.213,27.256,243,0
CID.US,D,20150901,000000,26.518,26.518,26.435,26.435,987,0
CID.US,D,20150903,000000,26.702,26.702,26.672,26.672,243,0
CID.US,D,20150904,000000,26.377,26.386,26.282,26.289,1227,0
CID.US,D,20150910,000000,27.112,27.112,27.112,27.112,119,0
CID.US,D,20150911,000000,26.972,26.978,26.958,26.958,1227,0
CID.US,D,20150915,000000,26.898,26.898,26.89,26.89,862,0
CID.US,D,20150917,000000,29.386,29.386,27.476,27.476,616,0
CID.US,D,20150922,000000,26.128,26.137,26.128,26.137,735,0
CID.US,D,20150925,000000,26.362,26.369,26.362,26.369,1105,0
CID.US,D,20150929,000000,25.748,25.748,25.72,25.72,1222,0
CID.US,D,20150930,000000,26.162,26.162,26.162,26.162,119,0
CID.US,D,20151002,000000,26.626,26.626,26.626,26.626,119,0
CID.US,D,20151006,000000,27.314,27.314,27.314,27.314,735,0
CID.US,D,20151008,000000,27.666,27.683,27.666,27.683,1105,0
CID.US,D,20151009,000000,28.054,28.14,28.054,28.14,1716,0
CID.US,D,20151012,000000,28.356,28.356,28.106,28.113,1063,0
CID.US,D,20151013,000000,27.788,27.788,27.788,27.788,367,0
CID.US,D,20151014,000000,27.937,27.937,27.813,27.928,1469,0
CID.US,D,20151015,000000,28.267,28.267,28.267,28.267,735,0
CID.US,D,20151019,000000,27.788,27.788,27.788,27.788,119,0
CID.US,D,20151022,000000,28.206,28.206,28.206,28.206,614,0
CID.US,D,20151023,000000,28.421,28.421,28.421,28.421,614,0
CID.US,D,20151026,000000,28.284,28.284,28.284,28.284,119,0
CID.US,D,20151027,000000,28.284,28.293,28.005,28.005,1469,0
CID.US,D,20151030,000000,27.914,27.914,27.904,27.904,367,0
CID.US,D,20151102,000000,27.874,27.874,27.862,27.862,244,0
CID.US,D,20151103,000000,27.796,28.115,27.796,28.108,2947,0
CID.US,D,20151105,000000,27.85,27.85,27.706,27.706,2212,0
CID.US,D,20151106,000000,27.684,27.684,27.37,27.422,19998,0
CID.US,D,20151109,000000,27.37,27.37,27.065,27.065,46287,0
CID.US,D,20151113,000000,26.697,26.704,26.697,26.704,614,0
CID.US,D,20151116,000000,27.025,30.224,26.689,27.075,448231,0
CID.US,D,20151117,000000,27.042,27.042,27.042,27.042,119,0
CID.US,D,20151118,000000,27.11,27.309,27.059,27.309,4773,0
CID.US,D,20151120,000000,27.687,27.687,27.492,27.492,5146,0
CID.US,D,20151123,000000,27.373,27.373,27.238,27.238,2085,0
CID.US,D,20151124,000000,27.092,27.278,27.067,27.245,3533,0
CID.US,D,20151125,000000,27.221,27.309,27.189,27.189,6979,0
CID.US,D,20151202,000000,27.39,27.39,27.39,27.39,641,0
CID.US,D,20151203,000000,27.615,27.615,27.181,27.245,1687,0
CID.US,D,20151204,000000,27.264,27.522,27.264,27.492,9798,0
CID.US,D,20151207,000000,27.335,27.335,27.335,27.335,242,0
CID.US,D,20151208,000000,26.853,26.853,26.853,26.853,485,0
CID.US,D,20151209,000000,26.521,26.521,26.521,26.521,366,0
CID.US,D,20151210,000000,26.714,26.74,26.674,26.683,4039,0
CID.US,D,20151211,000000,26.224,26.224,26.215,26.215,1466,0
CID.US,D,20151214,000000,26.063,26.163,26.063,26.098,919,0
CID.US,D,20151215,000000,26.355,26.364,26.25,26.25,980,0
CID.US,D,20151216,000000,26.432,26.769,26.394,26.769,2575,0
CID.US,D,20151217,000000,26.388,26.388,26.388,26.388,242,0
CID.US,D,20151218,000000,26.122,26.122,25.988,26.036,2209,0
CID.US,D,20151221,000000,26.276,26.276,26.036,26.053,1101,0
CID.US,D,20151222,000000,26.192,26.308,26.192,26.283,5033,0
CID.US,D,20151223,000000,26.602,26.69,26.602,26.69,1958,0
CID.US,D,20151228,000000,26.539,26.639,26.531,26.63,884,0
CID.US,D,20151229,000000,26.922,26.964,26.922,26.964,73350,0
CID.US,D,20151230,000000,26.989,26.989,26.764,26.805,88737,0
CID.US,D,20151231,000000,26.469,26.587,26.456,26.456,9325,0
CID.US,D,20160104,000000,25.938,26.004,25.938,26.004,995,0
CID.US,D,20160105,000000,25.797,25.913,25.649,25.913,24445,0
CID.US,D,20160106,000000,25.463,25.522,25.336,25.336,1159,0
CID.US,D,20160107,000000,25.1,25.115,24.836,24.841,12908,0
CID.US,D,20160108,000000,25.1,25.1,24.928,24.957,914,0
CID.US,D,20160111,000000,24.907,24.907,24.907,24.907,262,0
CID.US,D,20160112,000000,25.093,25.1,25.093,25.1,1582,0
CID.US,D,20160113,000000,25.216,25.247,24.713,24.722,3092,0
CID.US,D,20160114,000000,24.906,24.944,24.879,24.906,15334,0
CID.US,D,20160115,000000,24.23,24.231,23.93,24.158,1998,0
CID.US,D,20160119,000000,24.265,24.272,24.119,24.119,3292,0
CID.US,D,20160120,000000,23.723,23.913,23.594,23.913,9846,0
CID.US,D,20160121,000000,24.169,24.169,24.169,24.169,128,0
CID.US,D,20160122,000000,24.411,24.831,24.411,24.771,5226,0
CID.US,D,20160125,000000,24.531,24.531,24.531,24.531,365,0
CID.US,D,20160126,000000,24.477,24.869,24.477,24.859,15910,0
CID.US,D,20160127,000000,24.806,25.199,24.806,25.199,484,0
CID.US,D,20160201,000000,25.286,25.479,25.231,25.463,184783,0
CID.US,D,20160202,000000,24.889,24.889,24.825,24.825,643,0
CID.US,D,20160203,000000,24.601,24.601,24.601,24.601,158,0
CID.US,D,20160204,000000,25.29,25.304,25.239,25.304,5001,0
CID.US,D,20160205,000000,25.001,25.001,25.001,25.001,157,0
CID.US,D,20160208,000000,24.467,24.467,24.467,24.467,356,0
CID.US,D,20160209,000000,24.35,24.35,24.215,24.215,870,0
CID.US,D,20160211,000000,23.905,23.905,23.87,23.87,1530,0
CID.US,D,20160212,000000,24.206,24.324,24.206,24.324,1157,0
CID.US,D,20160216,000000,24.543,24.67,24.439,24.67,115391,0
CID.US,D,20160217,000000,24.904,24.904,24.895,24.895,975,0
CID.US,D,20160218,000000,25.119,25.119,25.119,25.119,796,0
CID.US,D,20160219,000000,25.031,25.04,25.031,25.04,13110,0
CID.US,D,20160223,000000,24.921,24.921,24.921,24.921,553,0
CID.US,D,20160224,000000,24.577,24.639,24.283,24.639,471,0
CID.US,D,20160225,000000,24.925,24.925,24.925,24.925,119,0
CID.US,D,20160226,000000,24.808,24.808,24.808,24.808,463,0
CID.US,D,20160229,000000,24.776,24.867,24.776,24.867,3100,0
CID.US,D,20160301,000000,25.09,25.244,25.09,25.207,9458,0
CID.US,D,20160302,000000,25.309,25.453,25.309,25.424,9771,0
CID.US,D,20160304,000000,25.857,26.044,25.848,26.035,10505,0
CID.US,D,20160308,000000,25.782,25.782,25.782,25.782,648,0
CID.US,D,20160309,000000,26.022,26.139,26.022,26.139,363,0
CID.US,D,20160310,000000,25.823,25.849,25.823,25.844,1176,0
CID.US,D,20160311,000000,26.533,26.533,26.532,26.533,1573,0
CID.US,D,20160314,000000,26.465,26.465,26.465,26.465,166,0
CID.US,D,20160315,000000,26.217,26.35,26.217,26.35,121334,0
CID.US,D,20160316,000000,26.298,26.776,26.298,26.776,753,0
CID.US,D,20160317,000000,26.868,27.134,26.868,27.134,2915,0
CID.US,D,20160318,000000,27.192,27.192,27.092,27.092,283,0
CID.US,D,20160321,000000,27.734,27.734,27.017,27.051,1634,0
CID.US,D,20160322,000000,26.839,26.839,26.839,26.839,160,0
CID.US,D,20160323,000000,26.65,26.65,26.65,26.65,26186,0
CID.US,D,20160324,000000,26.366,26.389,26.366,26.389,661,0
CID.US,D,20160328,000000,26.569,26.569,26.569,26.569,145,0
CID.US,D,20160329,000000,26.434,26.434,26.434,26.434,239,0
CID.US,D,20160330,000000,27.114,27.114,27.076,27.076,256,0
CID.US,D,20160331,000000,27.051,27.051,26.948,26.948,1471,0
CID.US,D,20160401,000000,26.598,26.598,26.533,26.533,66566,0
CID.US,D,20160404,000000,26.615,26.615,26.612,26.615,375,0
CID.US,D,20160405,000000,26.325,26.325,26.13,26.136,790,0
CID.US,D,20160406,000000,26.516,26.516,26.431,26.431,830,0
CID.US,D,20160407,000000,26.373,26.373,26.006,26.006,1886,0
CID.US,D,20160408,000000,26.607,26.616,26.456,26.456,7011,0
CID.US,D,20160411,000000,26.737,26.754,26.666,26.666,2043,0
CID.US,D,20160412,000000,26.759,26.928,26.759,26.928,377,0
CID.US,D,20160414,000000,27.295,27.295,27.272,27.272,1942,0
CID.US,D,20160415,000000,27.205,27.211,27.198,27.202,4259,0
CID.US,D,20160418,000000,27.184,27.395,27.184,27.223,7220,0
CID.US,D,20160419,000000,27.63,27.687,27.63,27.678,2642,0
CID.US,D,20160420,000000,27.75,27.817,27.75,27.76,3583,0
CID.US,D,20160421,000000,27.391,27.421,27.377,27.398,2053,0
CID.US,D,20160422,000000,27.293,27.395,27.293,27.395,845,0
CID.US,D,20160425,000000,27.285,27.368,27.256,27.349,12243,0
CID.US,D,20160426,000000,27.469,27.607,27.469,27.534,3046,0
CID.US,D,20160427,000000,27.426,27.497,27.402,27.497,2983,0
CID.US,D,20160428,000000,27.503,27.503,27.285,27.285,7527,0
CID.US,D,20160429,000000,27.376,27.376,27.172,27.172,2382,0
CID.US,D,20160502,000000,27.465,27.504,27.447,27.504,1571,0
CID.US,D,20160503,000000,27.222,27.222,27.149,27.149,480,0
CID.US,D,20160504,000000,26.805,26.855,26.781,26.814,1385,0
CID.US,D,20160505,000000,26.805,26.819,26.764,26.764,6489,0
CID.US,D,20160506,000000,26.674,26.741,26.652,26.732,1273,0
CID.US,D,20160509,000000,26.732,26.732,26.705,26.705,845,0
CID.US,D,20160510,000000,26.907,26.924,26.724,26.924,3774,0
CID.US,D,20160511,000000,26.881,26.881,26.881,26.881,720,0
CID.US,D,20160512,000000,26.741,26.741,26.611,26.715,2052,0
CID.US,D,20160513,000000,26.42,26.43,26.42,26.43,1940,0
CID.US,D,20160516,000000,26.619,26.619,26.619,26.619,118,0
CID.US,D,20160517,000000,26.585,26.585,26.568,26.568,700,0
CID.US,D,20160518,000000,26.775,26.775,26.775,26.775,116,0
CID.US,D,20160519,000000,26.343,26.343,26.291,26.327,409,0
CID.US,D,20160520,000000,26.613,26.613,26.453,26.545,31908,0
CID.US,D,20160523,000000,26.433,26.433,26.433,26.433,299,0
CID.US,D,20160524,000000,26.808,26.816,26.808,26.816,938,0
CID.US,D,20160525,000000,27.061,27.078,26.978,27.028,1805,0
CID.US,D,20160526,000000,27.283,27.283,27.037,27.037,388,0
CID.US,D,20160531,000000,27.161,27.161,26.808,26.956,1987,0
CID.US,D,20160601,000000,26.767,26.853,26.745,26.853,4007,0
CID.US,D,20160602,000000,26.735,26.885,26.735,26.854,1235,0
CID.US,D,20160603,000000,26.972,27.122,26.972,27.122,769,0
CID.US,D,20160606,000000,27.277,27.283,27.277,27.283,869,0
CID.US,D,20160607,000000,27.447,27.528,27.428,27.52,12114,0
CID.US,D,20160608,000000,27.657,27.657,27.556,27.556,1454,0
CID.US,D,20160609,000000,27.178,27.178,27.17,27.17,243,0
CID.US,D,20160610,000000,26.868,26.868,26.489,26.489,1022,0
CID.US,D,20160613,000000,26.207,26.207,26.207,26.207,264,0
CID.US,D,20160614,000000,25.979,25.979,25.743,25.743,475,0
CID.US,D,20160615,000000,25.979,25.979,25.979,25.979,116,0
CID.US,D,20160616,000000,25.561,25.561,25.282,25.377,2047,0
CID.US,D,20160617,000000,25.82,26.159,25.82,26.159,107156,0
CID.US,D,20160620,000000,26.756,26.956,26.756,26.956,1057,0
CID.US,D,20160621,000000,26.817,26.817,26.817,26.817,324,0
CID.US,D,20160623,000000,27.523,27.523,27.523,27.523,426,0
CID.US,D,20160624,000000,25.405,25.628,25.166,25.232,2197,0
CID.US,D,20160627,000000,24.298,24.331,24.139,24.308,93435,0
CID.US,D,20160628,000000,28.097,28.097,24.688,24.782,8763,0
CID.US,D,20160629,000000,25.451,25.538,25.433,25.538,9712,0
CID.US,D,20160630,000000,25.61,25.901,25.61,25.846,2716,0
CID.US,D,20160701,000000,26.005,26.167,25.869,26.167,10148,0
CID.US,D,20160705,000000,25.618,25.618,25.275,25.275,6405,0
CID.US,D,20160707,000000,25.057,25.091,25.04,25.091,993,0
CID.US,D,20160711,000000,27.1,27.1,25.809,25.809,5285,0
CID.US,D,20160712,000000,26.065,26.498,26.065,26.222,177365,0
CID.US,D,20160714,000000,26.452,26.545,26.452,26.545,6414,0
CID.US,D,20160715,000000,26.327,26.388,26.281,26.341,9156,0
CID.US,D,20160718,000000,26.466,26.476,26.466,26.476,20291,0
CID.US,D,20160719,000000,26.421,26.421,26.285,26.285,453,0
CID.US,D,20160720,000000,26.187,26.462,26.187,26.444,6653,0
CID.US,D,20160721,000000,26.475,26.475,26.396,26.401,2330,0
CID.US,D,20160722,000000,26.241,26.411,26.241,26.411,1340,0
CID.US,D,20160725,000000,26.385,26.394,26.311,26.394,11667,0
CID.US,D,20160726,000000,26.621,26.621,26.383,26.545,4396,0
CID.US,D,20160727,000000,26.57,26.57,26.57,26.57,367,0
CID.US,D,20160728,000000,26.863,26.863,26.656,26.72,3515,0
CID.US,D,20160729,000000,26.792,26.965,26.792,26.94,2499,0
CID.US,D,20160801,000000,26.678,26.678,26.678,26.678,154,0
CID.US,D,20160802,000000,26.768,26.768,26.768,26.768,315,0
CID.US,D,20160803,000000,26.603,26.603,26.599,26.599,358,0
CID.US,D,20160804,000000,26.614,26.614,26.614,26.614,3439,0
CID.US,D,20160805,000000,26.817,26.817,26.81,26.817,745,0
CID.US,D,20160808,000000,26.895,27.014,26.892,27.001,5284,0
CID.US,D,20160809,000000,26.922,27.24,26.922,27.197,4660,0
CID.US,D,20160810,000000,27.272,27.272,27.271,27.272,385,0
CID.US,D,20160812,000000,27.425,27.46,27.314,27.314,7437,0
CID.US,D,20160815,000000,27.46,27.499,27.288,27.332,187842,0
CID.US,D,20160816,000000,27.272,27.272,27.272,27.272,150,0
CID.US,D,20160817,000000,27.273,27.273,27.133,27.244,1122,0
CID.US,D,20160818,000000,27.167,27.167,27.167,27.167,162,0
CID.US,D,20160819,000000,27.006,27.234,27.006,27.117,18613,0
CID.US,D,20160822,000000,26.972,27.101,26.972,27.082,10984,0
CID.US,D,20160823,000000,27.306,27.307,27.234,27.234,597,0
CID.US,D,20160825,000000,27.234,27.234,27.169,27.186,3078,0
CID.US,D,20160826,000000,27.392,27.392,26.871,26.871,11897,0
CID.US,D,20160829,000000,27.075,27.075,27.023,27.038,1069,0
CID.US,D,20160830,000000,27.077,27.077,26.922,26.923,3417,0
CID.US,D,20160831,000000,26.992,26.992,26.863,26.875,2615,0
CID.US,D,20160901,000000,27.034,27.152,27.034,27.122,7232,0
CID.US,D,20160902,000000,27.28,27.477,27.28,27.434,2814,0
CID.US,D,20160906,000000,27.596,27.752,27.596,27.716,1083,0
CID.US,D,20160907,000000,27.868,27.883,27.504,27.529,28000,0
CID.US,D,20160908,000000,27.614,27.673,27.614,27.666,59906,0
CID.US,D,20160909,000000,27.365,27.365,27.021,27.09,11074,0
CID.US,D,20160912,000000,26.94,27.224,26.912,27.197,1823,0
CID.US,D,20160913,000000,26.716,26.716,26.531,26.548,2370,0
CID.US,D,20160914,000000,26.607,26.752,26.607,26.652,5757,0
CID.US,D,20160915,000000,26.716,26.978,26.716,26.957,7969,0
CID.US,D,20160916,000000,26.707,26.725,26.644,26.644,9931,0
CID.US,D,20160919,000000,26.93,27.004,26.743,26.807,7448,0
CID.US,D,20160920,000000,27.037,27.037,26.833,26.833,2706,0
CID.US,D,20160921,000000,27.074,27.167,26.483,27.167,8054,0
CID.US,D,20160922,000000,27.486,27.564,27.359,27.402,34281,0
CID.US,D,20160923,000000,27.268,27.298,27.198,27.249,6781,0
CID.US,D,20160926,000000,27.038,27.038,26.95,26.95,1768,0
CID.US,D,20160927,000000,27.061,27.061,27.061,27.061,370,0
CID.US,D,20160928,000000,27.15,27.29,26.996,27.249,5438,0
CID.US,D,20160929,000000,27.249,27.29,26.86,27.004,21140,0
CID.US,D,20160930,000000,27.273,27.273,27.081,27.198,22792,0
CID.US,D,20161003,000000,27.1,27.1,27.09,27.09,354,0
CID.US,D,20161004,000000,27.183,27.183,26.93,27.013,9574,0
CID.US,D,20161005,000000,27.125,27.125,27.1,27.121,2273,0
CID.US,D,20161006,000000,26.853,26.945,26.824,26.92,14648,0
CID.US,D,20161007,000000,26.93,26.93,26.567,26.567,4187,0
CID.US,D,20161011,000000,26.377,26.423,26.337,26.419,824,0
CID.US,D,20161012,000000,26.385,26.429,26.329,26.414,2167,0
CID.US,D,20161013,000000,26.182,26.431,26.166,26.431,6053,0
CID.US,D,20161014,000000,26.572,26.572,26.492,26.492,829,0
CID.US,D,20161017,000000,26.322,26.322,26.322,26.322,608,0
CID.US,D,20161018,000000,26.607,26.756,26.607,26.725,2862,0
CID.US,D,20161020,000000,26.716,26.733,26.597,26.699,6272,0
CID.US,D,20161021,000000,26.513,26.616,26.471,26.616,27615,0
CID.US,D,20161026,000000,26.617,26.651,26.546,26.56,17496,0
CID.US,D,20161027,000000,26.54,26.562,26.436,26.482,17420,0
CID.US,D,20161028,000000,26.521,26.521,26.521,26.521,305,0
CID.US,D,20161031,000000,26.481,26.572,26.468,26.521,6315,0
CID.US,D,20161101,000000,26.482,26.506,26.43,26.506,7906,0
CID.US,D,20161102,000000,26.336,26.336,26.293,26.293,2147,0
CID.US,D,20161103,000000,26.275,26.336,26.232,26.309,2888,0
CID.US,D,20161104,000000,26.055,26.151,26.055,26.11,4303,0
CID.US,D,20161107,000000,26.24,26.366,26.24,26.322,21509,0
CID.US,D,20161108,000000,26.366,26.547,26.366,26.547,3197,0
CID.US,D,20161109,000000,26.13,26.391,26.13,26.275,3131,0
CID.US,D,20161110,000000,26.11,26.31,26.082,26.199,2583,0
CID.US,D,20161111,000000,26.065,26.089,25.973,25.973,1111,0
CID.US,D,20161114,000000,25.927,25.972,25.76,25.779,1987,0
CID.US,D,20161115,000000,25.973,26.049,25.973,26.049,5564,0
CID.US,D,20161116,000000,25.855,25.895,25.776,25.776,1292,0
CID.US,D,20161117,000000,25.963,25.963,25.87,25.886,2495,0
CID.US,D,20161118,000000,25.741,25.757,25.714,25.748,9212,0
CID.US,D,20161121,000000,25.8,25.87,25.778,25.85,4219,0
CID.US,D,20161122,000000,25.963,26.067,25.888,25.973,6757,0
CID.US,D,20161123,000000,25.809,25.869,25.809,25.869,5989,0
CID.US,D,20161125,000000,26.032,26.049,26.032,26.049,973,0
CID.US,D,20161128,000000,25.911,25.928,25.866,25.879,19601,0
CID.US,D,20161129,000000,25.895,26.145,25.895,26.112,20629,0
CID.US,D,20161130,000000,26.235,26.235,25.988,26.067,21850,0
CID.US,D,20161201,000000,26.077,26.103,25.946,26.017,11406,0
CID.US,D,20161202,000000,26.135,26.179,26.049,26.103,11883,0
CID.US,D,20161205,000000,26.182,26.26,26.182,26.26,5288,0
CID.US,D,20161206,000000,26.415,26.509,26.339,26.464,7905,0
CID.US,D,20161207,000000,26.668,26.894,26.668,26.847,8860,0
CID.US,D,20161208,000000,26.714,26.811,26.714,26.768,3834,0
CID.US,D,20161209,000000,26.72,26.828,26.699,26.809,3783,0
CID.US,D,20161212,000000,26.847,26.859,26.847,26.852,5553,0
CID.US,D,20161213,000000,27.108,27.208,27.079,27.208,9857,0
CID.US,D,20161214,000000,27.1,27.116,26.885,26.885,50107,0
CID.US,D,20161215,000000,26.64,26.656,26.622,26.622,1287,0
CID.US,D,20161216,000000,26.665,26.701,26.631,26.651,1686,0
CID.US,D,20161219,000000,26.704,26.704,26.584,26.593,5871,0
CID.US,D,20161220,000000,26.697,26.697,26.603,26.673,4859,0
CID.US,D,20161221,000000,26.73,26.73,26.613,26.697,2632,0
CID.US,D,20161222,000000,26.71,26.71,26.655,26.655,1933,0
CID.US,D,20161223,000000,26.796,26.796,26.662,26.662,2485,0
CID.US,D,20161227,000000,26.805,26.805,26.805,26.805,149,0
CID.US,D,20161228,000000,26.495,26.556,26.495,26.556,2251,0
CID.US,D,20161229,000000,26.756,26.796,26.728,26.728,3517,0
CID.US,D,20161230,000000,26.841,26.962,26.723,26.764,18803,0
CID.US,D,20170103,000000,26.948,26.971,26.876,26.938,9615,0
CID.US,D,20170104,000000,27.167,27.208,27.149,27.192,3541,0
CID.US,D,20170106,000000,27.362,27.362,27.306,27.306,5324,0
CID.US,D,20170109,000000,27.27,27.29,27.235,27.29,2309,0
CID.US,D,20170110,000000,27.228,27.228,27.228,27.228,145,0
CID.US,D,20170111,000000,27.358,27.405,27.358,27.405,334,0
CID.US,D,20170113,000000,27.44,27.583,27.44,27.514,3875,0
CID.US,D,20170117,000000,27.636,27.636,27.532,27.532,1798,0
CID.US,D,20170118,000000,27.494,27.494,27.357,27.357,2808,0
CID.US,D,20170119,000000,27.293,27.324,27.276,27.303,1842,0
CID.US,D,20170120,000000,27.343,27.396,27.333,27.396,14425,0
CID.US,D,20170123,000000,27.371,27.481,27.351,27.465,7783,0
CID.US,D,20170124,000000,27.515,27.634,27.515,27.614,5769,0
CID.US,D,20170125,000000,27.754,27.832,27.736,27.832,4407,0
CID.US,D,20170126,000000,27.703,27.703,27.609,27.644,4243,0
CID.US,D,20170127,000000,27.695,27.695,27.612,27.671,7264,0
CID.US,D,20170130,000000,27.368,27.449,27.342,27.368,10480,0
CID.US,D,20170131,000000,27.468,27.515,27.468,27.515,1494,0
CID.US,D,20170201,000000,27.524,27.584,27.475,27.576,5107,0
CID.US,D,20170202,000000,27.736,27.736,27.576,27.695,40165,0
CID.US,D,20170203,000000,27.745,27.796,27.72,27.72,2381,0
CID.US,D,20170206,000000,27.55,27.55,27.399,27.474,1913,0
CID.US,D,20170207,000000,27.414,27.499,27.414,27.499,6295,0
CID.US,D,20170208,000000,27.619,27.645,27.599,27.645,3704,0
CID.US,D,20170209,000000,27.712,27.712,27.701,27.701,1080,0
CID.US,D,20170210,000000,27.687,27.762,27.672,27.762,6031,0
CID.US,D,20170213,000000,27.811,27.823,27.78,27.78,2839,0
CID.US,D,20170214,000000,27.815,27.815,27.712,27.814,5587,0
CID.US,D,20170215,000000,27.796,27.876,27.779,27.876,15193,0
CID.US,D,20170216,000000,27.934,27.961,27.897,27.961,631,0
CID.US,D,20170217,000000,27.909,27.909,27.788,27.876,3120,0
CID.US,D,20170221,000000,27.842,27.882,27.815,27.875,5295,0
CID.US,D,20170222,000000,27.77,27.89,27.744,27.876,8665,0
CID.US,D,20170223,000000,27.817,27.912,27.817,27.912,5074,0
CID.US,D,20170227,000000,27.664,27.695,27.636,27.695,7085,0
CID.US,D,20170228,000000,27.644,27.671,27.584,27.584,3013,0
CID.US,D,20170301,000000,27.721,27.867,27.721,27.823,7781,0
CID.US,D,20170302,000000,27.745,27.762,27.729,27.729,2661,0
CID.US,D,20170303,000000,27.729,27.796,27.729,27.796,944,0
CID.US,D,20170306,000000,27.77,27.796,27.728,27.766,2615,0
CID.US,D,20170307,000000,27.749,27.749,27.683,27.683,1461,0
CID.US,D,20170308,000000,27.684,27.684,27.569,27.569,1050,0
CID.US,D,20170309,000000,27.769,27.769,27.729,27.737,1718,0
CID.US,D,20170310,000000,28.012,28.012,27.843,27.925,7248,0
CID.US,D,20170313,000000,27.977,27.977,27.954,27.967,2915,0
CID.US,D,20170314,000000,27.735,27.778,27.702,27.735,6903,0
CID.US,D,20170315,000000,27.889,27.889,27.889,27.889,264,0
CID.US,D,20170316,000000,28.279,28.316,28.272,28.272,2707,0
CID.US,D,20170317,000000,28.422,28.462,28.397,28.462,5642,0
CID.US,D,20170320,000000,28.642,28.642,28.272,28.272,7214,0
CID.US,D,20170321,000000,28.391,28.391,28.284,28.284,232,0
CID.US,D,20170322,000000,28.242,28.294,28.242,28.284,3832,0
CID.US,D,20170323,000000,28.279,28.409,28.279,28.333,1191,0
CID.US,D,20170324,000000,28.471,28.471,28.308,28.316,2965,0
CID.US,D,20170327,000000,28.479,28.479,28.432,28.432,1192,0
CID.US,D,20170328,000000,28.633,28.633,28.54,28.545,1814,0
CID.US,D,20170329,000000,28.436,28.544,28.436,28.544,1874,0
CID.US,D,20170330,000000,28.533,28.598,28.522,28.522,5718,0
CID.US,D,20170331,000000,28.454,28.556,28.454,28.539,4240,0
CID.US,D,20170403,000000,28.471,28.471,28.333,28.333,1663,0
CID.US,D,20170405,000000,28.38,28.409,28.334,28.334,3179,0
CID.US,D,20170406,000000,28.395,28.395,28.341,28.341,2767,0
CID.US,D,20170407,000000,28.35,28.368,28.312,28.316,2073,0
CID.US,D,20170410,000000,28.386,28.404,28.316,28.368,75104,0
CID.US,D,20170411,000000,28.422,28.483,28.341,28.445,7225,0
CID.US,D,20170412,000000,28.386,28.464,28.341,28.464,14607,0
CID.US,D,20170413,000000,28.376,28.457,28.299,28.325,15931,0
CID.US,D,20170417,000000,28.051,28.531,28.051,28.531,20889,0
CID.US,D,20170418,000000,28.392,28.392,28.169,28.267,31398,0
CID.US,D,20170419,000000,28.267,28.3,28.087,28.087,6609,0
CID.US,D,20170420,000000,28.294,28.371,28.284,28.284,3634,0
CID.US,D,20170421,000000,28.228,28.272,28.228,28.272,2657,0
CID.US,D,20170424,000000,28.659,28.894,28.659,28.843,2139,0
CID.US,D,20170425,000000,28.933,29.018,28.933,29.009,2813,0
CID.US,D,20170426,000000,28.917,28.977,28.917,28.97,4181,0
CID.US,D,20170427,000000,28.948,28.962,28.852,28.879,8180,0
CID.US,D,20170428,000000,28.891,28.903,28.797,28.797,2649,0
CID.US,D,20170501,000000,29.07,29.07,28.924,29.039,3996,0
CID.US,D,20170502,000000,28.994,29.103,28.994,29.086,6329,0
CID.US,D,20170503,000000,28.975,29.037,28.975,28.985,2001,0
CID.US,D,20170504,000000,29.129,29.245,29.1,29.245,5706,0
CID.US,D,20170505,000000,29.36,29.499,29.36,29.474,18438,0
CID.US,D,20170508,000000,29.436,29.436,29.372,29.376,2293,0
CID.US,D,20170509,000000,29.545,29.545,29.26,29.266,3218,0
CID.US,D,20170510,000000,29.41,29.422,29.4,29.4,673,0
CID.US,D,20170511,000000,29.213,29.25,29.117,29.222,11147,0
CID.US,D,20170512,000000,29.269,29.376,29.269,29.376,1555,0
CID.US,D,20170515,000000,29.514,29.561,29.514,29.547,6405,0
CID.US,D,20170516,000000,29.713,29.774,29.702,29.755,4907,0
CID.US,D,20170517,000000,29.551,29.561,29.514,29.514,3673,0
CID.US,D,20170518,000000,29.496,29.574,29.496,29.558,7475,0
CID.US,D,20170519,000000,29.685,30.032,29.685,29.907,23371,0
CID.US,D,20170522,000000,30.066,30.118,30.041,30.041,8433,0
CID.US,D,20170523,000000,30.203,30.203,30.097,30.102,4380,0
CID.US,D,20170524,000000,30.057,30.168,30.02,30.153,6502,0
CID.US,D,20170525,000000,30.177,30.185,30.122,30.122,4187,0
CID.US,D,20170526,000000,30.141,30.141,29.97,30.013,5201,0
CID.US,D,20170530,000000,29.964,30.005,29.932,29.979,3311,0
CID.US,D,20170531,000000,30.356,30.356,29.939,29.979,1620,0
CID.US,D,20170601,000000,30.186,30.186,30.186,30.186,351,0
CID.US,D,20170602,000000,30.125,30.284,30.022,30.284,55889,0
CID.US,D,20170605,000000,30.455,30.455,30.084,30.122,6406,0
CID.US,D,20170606,000000,30.356,30.356,30.056,30.094,3457,0
CID.US,D,20170607,000000,30.299,30.299,30.048,30.048,2621,0
CID.US,D,20170608,000000,29.948,30.013,29.948,30.013,1072,0
CID.US,D,20170609,000000,29.919,29.935,29.919,29.935,590,0
CID.US,D,20170612,000000,29.755,29.842,29.738,29.815,4573,0
CID.US,D,20170613,000000,30.15,30.16,30.06,30.093,5281,0
CID.US,D,20170614,000000,30.357,30.357,30.093,30.093,3358,0
CID.US,D,20170615,000000,29.719,29.719,29.653,29.719,1930,0
CID.US,D,20170616,000000,29.906,30.047,29.906,30.047,4485,0
CID.US,D,20170619,000000,30.074,30.14,30.003,30.093,6983,0
CID.US,D,20170620,000000,30.11,30.11,29.719,29.719,891,0
CID.US,D,20170621,000000,29.742,29.742,29.602,29.661,6742,0
CID.US,D,20170622,000000,29.672,29.742,29.653,29.707,5605,0
CID.US,D,20170623,000000,29.848,29.848,29.76,29.802,3779,0
CID.US,D,20170626,000000,29.906,29.906,29.898,29.898,349,0
CID.US,D,20170627,000000,29.864,29.89,29.838,29.838,1071,0
CID.US,D,20170628,000000,30.102,30.244,30.102,30.244,1371,0
CID.US,D,20170629,000000,30.3,30.3,29.97,29.97,1146,0
CID.US,D,20170630,000000,30.058,30.101,29.886,29.886,2739,0
CID.US,D,20170703,000000,30.02,30.02,30.001,30.001,759,0
CID.US,D,20170705,000000,29.819,29.877,29.819,29.877,1021,0
CID.US,D,20170706,000000,29.78,29.915,29.78,29.784,2278,0
CID.US,D,20170707,000000,29.76,29.918,29.76,29.918,1354,0
CID.US,D,20170710,000000,29.875,29.957,29.875,29.922,1004,0
CID.US,D,20170711,000000,29.819,29.852,29.816,29.852,698,0
CID.US,D,20170712,000000,30.181,30.219,30.181,30.219,611,0
CID.US,D,20170714,000000,30.473,30.511,30.473,30.511,541,0
CID.US,D,20170717,000000,30.516,30.516,30.46,30.46,1569,0
CID.US,D,20170718,000000,30.422,30.543,30.422,30.543,1195,0
CID.US,D,20170719,000000,30.708,30.76,30.708,30.76,1141,0
CID.US,D,20170720,000000,30.823,30.852,30.823,30.847,3264,0
CID.US,D,20170721,000000,30.813,30.813,30.665,30.72,4820,0
CID.US,D,20170724,000000,30.712,30.735,30.656,30.688,2327,0
CID.US,D,20170725,000000,30.788,30.814,30.708,30.748,4590,0
CID.US,D,20170726,000000,31.039,31.039,30.891,31.005,2980,0
CID.US,D,20170727,000000,30.979,30.992,30.908,30.943,1996,0
CID.US,D,20170728,000000,30.865,30.943,30.837,30.943,6550,0
CID.US,D,20170731,000000,30.865,30.996,30.865,30.996,5191,0
CID.US,D,20170801,000000,31.242,31.242,31.209,31.219,936,0
CID.US,D,20170802,000000,31.206,31.3,31.206,31.276,1831,0
CID.US,D,20170803,000000,31.189,31.304,31.176,31.259,13776,0
CID.US,D,20170804,000000,31.18,31.259,31.18,31.259,3328,0
CID.US,D,20170807,000000,31.223,31.232,31.197,31.217,1488,0
CID.US,D,20170808,000000,31.343,31.343,31.088,31.088,1053,0
CID.US,D,20170809,000000,31.361,31.361,30.992,31.081,2236,0
CID.US,D,20170810,000000,30.9,30.9,30.756,30.756,6650,0
CID.US,D,20170811,000000,30.612,30.765,30.612,30.743,804,0
CID.US,D,20170814,000000,30.865,30.93,30.865,30.891,4299,0
CID.US,D,20170815,000000,30.756,30.823,30.726,30.823,8320,0
CID.US,D,20170816,000000,30.999,31.093,30.999,31.088,5502,0
CID.US,D,20170817,000000,30.952,30.952,30.621,30.621,8536,0
CID.US,D,20170818,000000,30.749,30.857,30.749,30.857,1603,0
CID.US,D,20170821,000000,30.726,30.751,30.665,30.751,4717,0
CID.US,D,20170822,000000,30.717,30.84,30.717,30.838,3510,0
CID.US,D,20170823,000000,30.717,30.84,30.717,30.832,6431,0
CID.US,D,20170824,000000,30.836,30.836,30.796,30.796,6193,0
CID.US,D,20170825,000000,30.735,30.896,30.735,30.896,968,0
CID.US,D,20170829,000000,30.717,30.78,30.717,30.78,1295,0
CID.US,D,20170830,000000,30.726,30.765,30.726,30.765,1142,0
CID.US,D,20170831,000000,30.813,30.952,30.778,30.952,3186,0
CID.US,D,20170901,000000,31.026,31.085,31.026,31.042,8885,0
CID.US,D,20170905,000000,30.952,30.952,30.751,30.832,22108,0
CID.US,D,20170906,000000,31.022,31.098,31.022,31.098,1961,0
CID.US,D,20170907,000000,31.163,31.278,31.163,31.276,8191,0
CID.US,D,20170908,000000,31.278,31.278,31.208,31.252,4083,0
CID.US,D,20170911,000000,31.45,31.541,31.416,31.48,23601,0
CID.US,D,20170912,000000,31.482,31.518,31.455,31.483,6210,0
CID.US,D,20170913,000000,31.391,31.391,31.244,31.259,6084,0
CID.US,D,20170914,000000,31.268,31.355,31.225,31.355,3729,0
CID.US,D,20170915,000000,31.382,31.391,31.336,31.336,2619,0
CID.US,D,20170918,000000,31.449,31.449,31.449,31.449,262,0
CID.US,D,20170919,000000,31.478,31.504,31.432,31.495,5973,0
CID.US,D,20170920,000000,31.495,31.536,31.286,31.355,1622,0
CID.US,D,20170921,000000,31.318,31.318,31.235,31.302,386,0
CID.US,D,20170922,000000,31.425,31.425,31.399,31.399,2515,0
CID.US,D,20170926,000000,31.145,31.145,31.047,31.056,939,0
CID.US,D,20170927,000000,31.098,31.108,31.065,31.071,778,0
CID.US,D,20170928,000000,31.081,31.175,31.081,31.166,1058,0
CID.US,D,20170929,000000,31.216,31.364,31.213,31.364,9137,0
CID.US,D,20171002,000000,31.21,31.295,31.21,31.286,1918,0
CID.US,D,20171003,000000,31.243,31.305,31.227,31.293,4474,0
CID.US,D,20171004,000000,31.115,31.181,31.115,31.153,6011,0
CID.US,D,20171005,000000,31.181,31.19,31.127,31.159,5249,0
CID.US,D,20171006,000000,31.056,31.163,31.011,31.163,4337,0
CID.US,D,20171009,000000,31.163,31.188,31.147,31.152,2627,0
CID.US,D,20171010,000000,31.364,31.496,31.364,31.496,2887,0
CID.US,D,20171011,000000,31.486,31.566,31.468,31.558,5757,0
CID.US,D,20171012,000000,31.495,31.582,31.478,31.558,6405,0
CID.US,D,20171013,000000,31.653,31.671,31.618,31.618,6729,0
CID.US,D,20171016,000000,31.468,31.536,31.445,31.499,7995,0
CID.US,D,20171017,000000,31.44,31.44,31.437,31.44,510,0
CID.US,D,20171018,000000,31.504,31.583,31.504,31.575,11479,0
CID.US,D,20171019,000000,31.58,31.58,31.541,31.541,3893,0
CID.US,D,20171020,000000,31.556,31.558,31.531,31.531,3977,0
CID.US,D,20171023,000000,31.419,31.419,31.391,31.391,3989,0
CID.US,D,20171024,000000,31.391,31.432,31.345,31.384,25645,0
CID.US,D,20171025,000000,31.364,31.374,31.143,31.207,4824,0
CID.US,D,20171026,000000,31.305,31.335,31.26,31.26,3319,0
CID.US,D,20171027,000000,31.189,31.203,31.149,31.186,1709,0
CID.US,D,20171031,000000,31.468,31.531,31.407,31.531,5523,0
CID.US,D,20171101,000000,31.617,31.653,31.55,31.575,3666,0
CID.US,D,20171102,000000,31.576,31.607,31.576,31.6,2298,0
CID.US,D,20171103,000000,31.566,31.566,31.458,31.521,14783,0
CID.US,D,20171106,000000,31.45,31.645,31.45,31.645,3930,0
CID.US,D,20171107,000000,31.478,31.478,31.471,31.471,5147,0
CID.US,D,20171108,000000,31.583,31.743,31.561,31.709,21862,0
CID.US,D,20171109,000000,31.486,31.486,31.486,31.486,3453,0
CID.US,D,20171110,000000,31.541,31.541,31.52,31.52,520,0
CID.US,D,20171113,000000,31.364,31.399,31.315,31.391,9686,0
CID.US,D,20171114,000000,31.255,31.325,31.255,31.325,1169,0
CID.US,D,20171115,000000,31.116,31.277,31.116,31.26,2355,0
CID.US,D,20171116,000000,31.256,31.391,31.256,31.374,9652,0
CID.US,D,20171117,000000,31.486,31.486,31.126,31.145,6397,0
CID.US,D,20171120,000000,31.09,31.138,31.074,31.116,5688,0
CID.US,D,20171121,000000,31.162,31.251,31.116,31.17,6304,0
CID.US,D,20171122,000000,31.416,31.416,31.276,31.276,1342,0
CID.US,D,20171127,000000,31.449,31.531,31.373,31.373,2747,0
CID.US,D,20171128,000000,31.534,31.559,31.44,31.559,1823,0
CID.US,D,20171129,000000,31.645,31.645,31.613,31.613,302,0
CID.US,D,20171130,000000,31.663,31.663,31.629,31.653,1189,0
CID.US,D,20171201,000000,31.608,31.636,31.603,31.603,1360,0
CID.US,D,20171204,000000,31.804,31.804,31.618,31.618,1774,0
CID.US,D,20171205,000000,31.44,31.44,31.406,31.406,111463,0
CID.US,D,20171206,000000,31.521,31.521,31.425,31.454,5187,0
CID.US,D,20171207,000000,31.486,31.504,31.459,31.471,1778,0
CID.US,D,20171208,000000,31.466,31.583,31.46,31.486,10702,0
CID.US,D,20171211,000000,31.575,31.602,31.563,31.583,6260,0
CID.US,D,20171212,000000,31.531,31.592,31.531,31.565,3199,0
CID.US,D,20171213,000000,31.637,31.709,31.636,31.709,2388,0
CID.US,D,20171214,000000,31.761,31.761,31.492,31.513,2482,0
CID.US,D,20171215,000000,31.406,31.468,31.399,31.425,2845,0
CID.US,D,20171218,000000,31.541,31.735,31.541,31.699,2900,0
CID.US,D,20171219,000000,31.663,31.709,31.584,31.666,879,0
CID.US,D,20171220,000000,31.592,31.618,31.557,31.576,4587,0
CID.US,D,20171221,000000,31.768,31.795,31.751,31.761,914,0
CID.US,D,20171222,000000,31.795,31.795,31.694,31.733,1486,0
CID.US,D,20171226,000000,31.733,31.75,31.733,31.743,599,0
CID.US,D,20171227,000000,31.841,31.841,31.82,31.831,4522,0
CID.US,D,20171228,000000,31.909,31.982,31.895,31.972,3878,0
CID.US,D,20171229,000000,31.946,32.035,31.936,32.035,45707,0
CID.US,D,20180102,000000,32.099,32.187,32.098,32.14,3355,0
CID.US,D,20180103,000000,32.247,32.265,32.183,32.265,6930,0
CID.US,D,20180104,000000,32.562,32.562,32.482,32.52,3036,0
CID.US,D,20180105,000000,32.769,32.769,32.664,32.759,4119,0
CID.US,D,20180108,000000,32.572,32.572,32.572,32.572,462,0
CID.US,D,20180109,000000,32.521,32.589,32.497,32.589,6223,0
CID.US,D,20180110,000000,32.488,32.488,32.297,32.297,3500,0
CID.US,D,20180111,000000,32.528,32.608,32.497,32.511,10315,0
CID.US,D,20180112,000000,32.795,32.92,32.754,32.92,8354,0
CID.US,D,20180116,000000,33.005,33.005,32.947,32.964,4893,0
CID.US,D,20180118,000000,33.122,33.122,33.007,33.039,1133,0
CID.US,D,20180119,000000,33.043,33.167,33.043,33.118,6235,0
CID.US,D,20180122,000000,33.254,33.391,33.253,33.253,11541,0
CID.US,D,20180123,000000,33.359,33.381,33.318,33.318,6537,0
CID.US,D,20180124,000000,33.602,33.605,33.388,33.388,5207,0
CID.US,D,20180125,000000,33.548,33.582,33.309,33.309,4159,0
CID.US,D,20180126,000000,33.533,33.627,33.533,33.627,1550,0
CID.US,D,20180129,000000,33.457,33.457,33.28,33.328,4778,0
CID.US,D,20180130,000000,33.094,33.11,33.015,33.015,5208,0
CID.US,D,20180131,000000,33.205,33.215,33.018,33.132,13642,0
CID.US,D,20180201,000000,33.113,33.223,33.085,33.176,16196,0
CID.US,D,20180202,000000,33.086,33.086,32.626,32.626,10465,0
CID.US,D,20180205,000000,32.336,32.336,31.24,31.334,4087,0
CID.US,D,20180206,000000,30.955,31.972,30.955,31.939,8102,0
CID.US,D,20180207,000000,31.627,31.743,31.538,31.609,7172,0
CID.US,D,20180208,000000,31.368,31.368,31.026,31.06,5624,0
CID.US,D,20180209,000000,30.91,31.033,30.319,31.032,16331,0
CID.US,D,20180212,000000,31.139,31.405,31.139,31.398,4768,0
CID.US,D,20180213,000000,31.414,31.424,31.299,31.372,8218,0
CID.US,D,20180214,000000,31.432,31.877,31.432,31.724,16288,0
CID.US,D,20180215,000000,31.821,32.018,31.821,32.018,7665,0
CID.US,D,20180216,000000,31.851,32.218,31.851,32.218,10529,0
CID.US,D,20180220,000000,32.018,32.093,31.894,31.894,9408,0
CID.US,D,20180221,000000,31.936,32.077,31.786,31.86,19254,0
CID.US,D,20180222,000000,31.956,32.101,31.876,31.889,5606,0
CID.US,D,20180223,000000,32.06,32.327,32.06,32.289,1733,0
CID.US,D,20180226,000000,32.417,32.467,32.218,32.366,1315,0
CID.US,D,20180227,000000,32.179,32.218,32.125,32.213,3993,0
CID.US,D,20180228,000000,32.045,32.153,31.712,31.712,3421,0
CID.US,D,20180301,000000,31.599,31.599,31.521,31.548,1736,0
CID.US,D,20180302,000000,31.303,31.472,31.303,31.472,6640,0
CID.US,D,20180305,000000,31.158,31.503,31.158,31.503,2058,0
CID.US,D,20180306,000000,31.636,31.824,31.607,31.779,2595,0
CID.US,D,20180307,000000,31.677,31.893,31.59,31.825,4490,0
CID.US,D,20180308,000000,31.824,31.824,31.824,31.824,140,0
CID.US,D,20180309,000000,32.035,32.07,32.035,32.07,1078,0
CID.US,D,20180312,000000,32.065,32.107,32.032,32.08,1184,0
CID.US,D,20180313,000000,32.152,32.152,31.733,31.733,1431,0
CID.US,D,20180314,000000,31.877,32.028,31.877,32.028,2426,0
CID.US,D,20180315,000000,31.855,31.855,31.841,31.841,2213,0
CID.US,D,20180316,000000,31.812,31.963,31.812,31.963,665,0
CID.US,D,20180319,000000,31.637,31.69,31.567,31.567,894,0
CID.US,D,20180320,000000,31.483,31.574,31.483,31.574,636,0
CID.US,D,20180321,000000,31.501,31.638,31.44,31.638,2445,0
CID.US,D,20180322,000000,31.273,31.273,31.084,31.141,1395,0
CID.US,D,20180323,000000,31.12,31.229,30.907,30.955,6145,0
CID.US,D,20180326,000000,31.264,31.286,30.936,31.22,8657,0
CID.US,D,20180327,000000,31.371,31.403,31.084,31.084,732,0
CID.US,D,20180328,000000,31.22,31.365,31.214,31.365,2895,0
CID.US,D,20180329,000000,31.481,31.604,31.457,31.457,3305,0
CID.US,D,20180402,000000,31.184,31.184,30.571,30.89,37912,0
CID.US,D,20180403,000000,31.342,31.342,31.188,31.286,1239,0
CID.US,D,20180404,000000,31.151,31.413,31.151,31.371,10314,0
CID.US,D,20180405,000000,31.514,31.585,31.5,31.502,4623,0
CID.US,D,20180406,000000,31.653,31.699,31.238,31.247,22238,0
CID.US,D,20180409,000000,31.781,31.781,31.695,31.695,1894,0
CID.US,D,20180410,000000,32.78,32.78,31.977,31.977,2525,0
CID.US,D,20180411,000000,31.895,31.895,31.855,31.895,1249,0
CID.US,D,20180412,000000,31.831,32.031,31.831,32.019,1964,0
CID.US,D,20180413,000000,31.937,32.048,31.917,32.031,2803,0
CID.US,D,20180416,000000,32.097,32.097,32.097,32.097,1385,0
CID.US,D,20180417,000000,33.304,33.304,32.117,32.221,5916,0
CID.US,D,20180418,000000,32.386,32.386,32.221,32.35,2534,0
CID.US,D,20180419,000000,32.162,32.315,32.035,32.128,4456,0
CID.US,D,20180420,000000,31.908,32.044,31.82,31.885,10675,0
CID.US,D,20180423,000000,31.811,31.946,31.811,31.811,1074,0
CID.US,D,20180424,000000,31.858,31.959,31.64,31.784,4634,0
CID.US,D,20180425,000000,31.715,31.715,31.715,31.715,343,0
CID.US,D,20180426,000000,31.829,32.01,31.829,31.961,2396,0
CID.US,D,20180427,000000,31.933,32.027,31.933,32.027,2504,0
CID.US,D,20180430,000000,32.052,32.052,31.966,31.966,1568,0
CID.US,D,20180501,000000,31.82,31.932,31.772,31.928,2012,0
CID.US,D,20180502,000000,31.876,31.918,31.876,31.918,1561,0
CID.US,D,20180503,000000,31.936,32.017,31.936,32.017,2563,0
CID.US,D,20180504,000000,32.293,32.293,31.849,31.928,876,0
CID.US,D,20180507,000000,32.017,32.017,32.008,32.008,1060,0
CID.US,D,20180508,000000,31.772,31.772,31.772,31.772,426,0
CID.US,D,20180509,000000,31.82,32.088,31.82,31.983,7772,0
CID.US,D,20180510,000000,31.9,32.241,31.9,32.229,21560,0
CID.US,D,20180511,000000,33.016,33.016,32.109,32.109,7280,0
CID.US,D,20180514,000000,32.148,32.302,32.148,32.302,2477,0
CID.US,D,20180515,000000,31.9,31.923,31.82,31.892,7009,0
CID.US,D,20180516,000000,31.82,31.82,31.654,31.765,2570,0
CID.US,D,20180517,000000,31.911,31.911,31.911,31.911,308,0
CID.US,D,20180518,000000,31.876,31.876,31.837,31.837,1861,0
CID.US,D,20180521,000000,31.97,32.035,31.946,31.954,36228,0
CID.US,D,20180522,000000,32.09,32.09,31.899,31.899,4813,0
CID.US,D,20180523,000000,31.526,31.729,31.506,31.664,9003,0
CID.US,D,20180524,000000,31.478,31.631,31.445,31.631,8214,0
CID.US,D,20180525,000000,31.316,31.316,31.161,31.265,15475,0
CID.US,D,20180529,000000,30.697,30.697,30.313,30.41,4616,0
CID.US,D,20180530,000000,30.707,31.137,30.707,31.119,7656,0
CID.US,D,20180531,000000,30.895,31.083,30.826,31.083,5836,0
CID.US,D,20180601,000000,31.137,31.165,30.932,30.969,11876,0
CID.US,D,20180604,000000,31.163,31.334,31.163,31.252,7078,0
CID.US,D,20180605,000000,31.173,31.247,31.129,31.22,49909,0
CID.US,D,20180606,000000,31.459,31.493,31.39,31.469,3777,0
CID.US,D,20180607,000000,31.356,31.483,31.304,31.304,6432,0
CID.US,D,20180608,000000,31.263,31.344,31.146,31.185,5827,0
CID.US,D,20180611,000000,31.425,31.425,31.425,31.425,528,0
CID.US,D,20180612,000000,31.406,31.406,31.406,31.406,338,0
CID.US,D,20180613,000000,31.406,31.406,31.159,31.255,3196,0
CID.US,D,20180614,000000,31.383,31.383,31.072,31.107,7619,0
CID.US,D,20180615,000000,31.059,31.107,31.009,31.107,2913,0
CID.US,D,20180618,000000,30.993,31.045,30.993,31.023,1003,0
CID.US,D,20180619,000000,30.719,30.812,30.568,30.748,3444,0
CID.US,D,20180620,000000,30.813,30.913,30.766,30.909,1990,0
CID.US,D,20180621,000000,30.7,30.784,30.602,30.784,6772,0
CID.US,D,20180622,000000,30.965,31.2,30.955,30.955,2731,0
CID.US,D,20180625,000000,30.738,30.738,30.654,30.687,821,0
CID.US,D,20180626,000000,30.71,30.78,30.665,30.78,2282,0
CID.US,D,20180627,000000,30.856,30.856,30.511,30.511,2086,0
CID.US,D,20180628,000000,30.483,30.637,30.483,30.628,8058,0
CID.US,D,20180629,000000,30.955,30.955,30.955,30.955,225,0
CID.US,D,20180702,000000,30.391,30.719,30.391,30.483,9181,0
CID.US,D,20180703,000000,30.965,30.965,30.816,30.825,2351,0
CID.US,D,20180705,000000,31.097,31.177,31.097,31.177,368,0
CID.US,D,20180706,000000,31.399,31.43,31.399,31.43,2039,0
CID.US,D,20180709,000000,31.441,31.671,31.441,31.671,2535,0
CID.US,D,20180710,000000,31.544,31.661,31.544,31.661,6772,0
CID.US,D,20180711,000000,31.274,31.274,31.035,31.134,2944,0
CID.US,D,20180713,000000,31.227,31.289,31.09,31.289,3154,0
CID.US,D,20180716,000000,31.246,31.264,31.197,31.197,6624,0
CID.US,D,20180717,000000,31.027,31.08,31.008,31.072,4357,0
CID.US,D,20180718,000000,31.12,31.182,31.12,31.182,643,0
CID.US,D,20180719,000000,30.954,31.144,30.914,31.126,6597,0
CID.US,D,20180723,000000,31.334,31.334,31.18,31.18,1123,0
CID.US,D,20180724,000000,31.218,31.218,31.176,31.176,1775,0
CID.US,D,20180725,000000,31.088,31.534,31.088,31.534,5997,0
CID.US,D,20180726,000000,31.393,31.426,31.304,31.315,6498,0
CID.US,D,20180727,000000,31.345,31.479,31.345,31.479,13254,0
CID.US,D,20180730,000000,31.471,31.644,31.451,31.479,5056,0
CID.US,D,20180731,000000,31.836,31.836,31.836,31.836,327,0
CID.US,D,20180801,000000,31.526,31.526,31.29,31.307,4643,0
CID.US,D,20180802,000000,31.191,31.282,31.191,31.282,881,0
CID.US,D,20180803,000000,31.212,31.363,31.212,31.316,2061,0
CID.US,D,20180806,000000,31.126,31.132,31.126,31.132,2276,0
CID.US,D,20180807,000000,31.318,31.378,31.318,31.325,3605,0
CID.US,D,20180808,000000,31.227,31.227,31.21,31.21,1120,0
CID.US,D,20180809,000000,31.281,31.302,31.281,31.302,597,0
CID.US,D,20180810,000000,30.809,30.809,30.681,30.681,1807,0
CID.US,D,20180813,000000,30.49,30.594,30.49,30.512,1514,0
CID.US,D,20180814,000000,30.454,30.622,30.454,30.622,1301,0
CID.US,D,20180815,000000,30.299,30.299,30.072,30.072,4171,0
CID.US,D,20180816,000000,30.506,30.506,30.43,30.43,1728,0
CID.US,D,20180817,000000,30.449,30.791,30.449,30.791,4003,0
CID.US,D,20180820,000000,30.67,30.736,30.67,30.736,532,0
CID.US,D,20180821,000000,30.955,30.955,30.955,30.955,273,0
CID.US,D,20180822,000000,31.035,31.035,30.904,31.001,2306,0
CID.US,D,20180823,000000,30.863,30.863,30.644,30.791,4973,0
CID.US,D,20180824,000000,30.884,30.919,30.873,30.919,39809,0
CID.US,D,20180827,000000,30.955,30.955,30.955,30.955,208,0
CID.US,D,20180828,000000,31.117,31.117,31.073,31.073,1071,0
CID.US,D,20180829,000000,31.153,31.233,31.153,31.188,2046,0
CID.US,D,20180830,000000,30.992,30.992,30.883,30.9,2530,0
CID.US,D,20180831,000000,30.791,30.791,30.609,30.609,767,0
CID.US,D,20180904,000000,30.372,30.372,30.372,30.372,112,0
CID.US,D,20180905,000000,30.072,30.357,30.072,30.347,2892,0
CID.US,D,20180906,000000,30.128,30.128,30.128,30.128,463,0
CID.US,D,20180907,000000,30.062,30.072,29.988,29.988,2405,0
CID.US,D,20180910,000000,30.292,30.292,30.292,30.292,217,0
CID.US,D,20180911,000000,30.112,30.328,30.112,30.271,2829,0
CID.US,D,20180912,000000,30.276,30.276,30.276,30.276,1166,0
CID.US,D,20180913,000000,30.72,30.72,30.494,30.55,1973,0
CID.US,D,20180914,000000,30.327,30.455,30.294,30.455,2502,0
CID.US,D,20180917,000000,30.74,30.786,30.675,30.675,1251,0
CID.US,D,20180918,000000,30.886,30.886,30.886,30.886,788,0
CID.US,D,20180919,000000,30.759,30.875,30.684,30.684,1278,0
CID.US,D,20180920,000000,31.132,31.132,30.904,31.03,1851,0
CID.US,D,20180921,000000,31.077,31.077,31.077,31.077,200,0
CID.US,D,20180924,000000,30.867,30.867,30.849,30.849,2869,0
CID.US,D,20180925,000000,30.979,30.979,30.867,30.867,3026,0
CID.US,D,20180926,000000,31.113,31.135,30.979,30.979,722,0
CID.US,D,20180927,000000,31.072,31.072,31.072,31.072,296,0
CID.US,D,20180928,000000,30.603,30.684,30.603,30.684,399,0
CID.US,D,20181001,000000,30.603,30.603,30.603,30.603,417,0
CID.US,D,20181003,000000,30.617,30.617,30.394,30.419,6204,0
CID.US,D,20181004,000000,30.112,30.112,30.112,30.112,381,0
CID.US,D,20181005,000000,29.898,29.998,29.889,29.998,5362,0
CID.US,D,20181008,000000,29.842,29.881,29.842,29.881,322,0
CID.US,D,20181009,000000,29.8,29.889,29.8,29.861,2395,0
CID.US,D,20181010,000000,29.889,29.898,29.677,29.881,3574,0
CID.US,D,20181011,000000,30.091,30.091,29.029,29.265,6175,0
CID.US,D,20181012,000000,29.439,29.439,28.946,29.083,3734,0
CID.US,D,20181015,000000,29.277,29.277,29.176,29.176,556,0
CID.US,D,20181016,000000,29.62,29.62,29.479,29.533,2417,0
CID.US,D,20181017,000000,29.349,29.469,29.349,29.464,2077,0
CID.US,D,20181018,000000,29.229,29.297,28.879,28.879,2243,0
CID.US,D,20181019,000000,28.919,29.285,28.919,29.082,5689,0
CID.US,D,20181022,000000,29.176,29.176,28.927,29.007,15710,0
CID.US,D,20181023,000000,28.899,28.899,28.66,28.78,2795,0
CID.US,D,20181024,000000,28.541,28.55,28.365,28.55,5541,0
CID.US,D,20181025,000000,28.569,28.569,28.55,28.569,6466,0
CID.US,D,20181026,000000,28.148,28.448,28.147,28.384,21886,0
CID.US,D,20181029,000000,28.409,28.409,28.409,28.409,134,0
CID.US,D,20181030,000000,28.231,28.536,28.231,28.536,1037,0
CID.US,D,20181031,000000,28.761,28.761,28.667,28.667,3527,0
CID.US,D,20181101,000000,29.046,29.131,29.036,29.122,3892,0
CID.US,D,20181102,000000,28.955,29.064,28.955,29.064,10648,0
CID.US,D,20181105,000000,29.246,29.246,29.204,29.204,633,0
CID.US,D,20181106,000000,29.185,29.276,29.185,29.268,4436,0
CID.US,D,20181107,000000,29.439,29.551,29.439,29.514,978,0
CID.US,D,20181108,000000,29.64,29.64,29.285,29.285,9445,0
CID.US,D,20181109,000000,29.102,29.358,29.102,29.358,1110,0
CID.US,D,20181112,000000,28.833,28.833,28.833,28.833,184,0
CID.US,D,20181113,000000,28.824,29.124,28.824,28.929,3040,0
CID.US,D,20181114,000000,28.959,29.179,28.959,29.065,2620,0
CID.US,D,20181115,000000,28.703,29.08,28.703,29.061,2686,0
CID.US,D,20181116,000000,28.742,29.183,28.742,29.183,6744,0
CID.US,D,20181119,000000,28.837,28.903,28.837,28.845,636,0
CID.US,D,20181120,000000,28.517,28.53,28.439,28.507,1455,0
CID.US,D,20181121,000000,28.851,28.889,28.815,28.889,1186,0
CID.US,D,20181123,000000,28.456,28.456,28.456,28.456,167,0
CID.US,D,20181126,000000,28.978,29.043,28.841,29.043,2932,0
CID.US,D,20181127,000000,28.779,28.895,28.77,28.879,11900,0
CID.US,D,20181128,000000,28.999,29.204,28.723,29.176,26339,0
CID.US,D,20181129,000000,28.919,29.152,28.919,29.056,7485,0
CID.US,D,20181130,000000,28.806,28.911,28.77,28.899,9191,0
CID.US,D,20181203,000000,29.132,29.247,29.113,29.238,10207,0
CID.US,D,20181204,000000,28.999,29.028,28.521,28.53,9849,0
CID.US,D,20181206,000000,28.182,28.547,28.015,28.456,18208,0
CID.US,D,20181207,000000,28.678,28.678,28.22,28.22,25028,0
CID.US,D,20181210,000000,28.015,28.015,27.684,27.933,3933,0
CID.US,D,20181211,000000,28.033,28.108,27.923,27.943,6294,0
CID.US,D,20181212,000000,28.53,28.604,28.382,28.382,56390,0
CID.US,D,20181213,000000,28.604,28.604,28.392,28.411,4011,0
CID.US,D,20181214,000000,28.27,28.353,28.27,28.353,1520,0
CID.US,D,20181217,000000,28.154,28.154,27.877,27.877,7624,0
CID.US,D,20181218,000000,27.905,28.006,27.757,27.784,80424,0
CID.US,D,20181219,000000,28.156,28.245,27.699,27.729,11320,0
CID.US,D,20181220,000000,27.944,27.944,27.556,27.609,15288,0
CID.US,D,20181221,000000,27.386,27.706,27.289,27.351,12077,0
CID.US,D,20181224,000000,27.173,27.248,27.173,27.248,939,0
CID.US,D,20181226,000000,26.907,27.525,26.841,27.235,151449,0
CID.US,D,20181227,000000,27.057,27.433,26.964,27.433,19634,0
CID.US,D,20181228,000000,27.696,27.774,27.555,27.729,32848,0
CID.US,D,20181231,000000,27.637,27.738,27.545,27.647,65604,0
CID.US,D,20190102,000000,27.443,27.683,27.424,27.572,79305,0
CID.US,D,20190103,000000,27.415,27.537,27.415,27.424,52680,0
CID.US,D,20190104,000000,27.916,28.331,27.896,28.23,32693,0
CID.US,D,20190107,000000,28.254,28.562,28.23,28.373,28650,0
CID.US,D,20190108,000000,28.321,28.544,28.321,28.511,117307,0
CID.US,D,20190109,000000,28.524,28.821,28.524,28.821,3853,0
CID.US,D,20190110,000000,28.847,29.025,28.794,29.025,4703,0
CID.US,D,20190111,000000,28.712,28.895,28.712,28.765,8049,0
CID.US,D,20190114,000000,28.459,28.895,28.459,28.811,6491,0
CID.US,D,20190115,000000,28.794,28.794,28.617,28.617,2979,0
CID.US,D,20190116,000000,28.829,28.829,28.829,28.829,718,0
CID.US,D,20190118,000000,29.218,29.275,29.165,29.175,83239,0
CID.US,D,20190122,000000,28.915,28.951,28.765,28.765,10590,0
CID.US,D,20190123,000000,28.961,29.068,28.837,28.837,3693,0
CID.US,D,20190124,000000,28.784,28.972,28.784,28.829,4615,0
CID.US,D,20190125,000000,29.313,29.313,29.267,29.306,8537,0
CID.US,D,20190128,000000,29.11,29.189,29.053,29.147,23922,0
CID.US,D,20190129,000000,29.364,29.44,29.265,29.354,12607,0
CID.US,D,20190130,000000,29.245,29.448,29.245,29.44,8741,0
CID.US,D,20190131,000000,29.534,29.545,29.431,29.545,3315,0
CID.US,D,20190201,000000,29.385,29.58,29.385,29.483,10228,0
CID.US,D,20190204,000000,29.189,29.46,29.189,29.412,7440,0
CID.US,D,20190205,000000,29.643,29.818,29.643,29.7,3350,0
CID.US,D,20190206,000000,29.7,29.706,29.635,29.635,1729,0
CID.US,D,20190207,000000,29.462,29.462,29.255,29.255,85875,0
CID.US,D,20190208,000000,29.101,29.176,29.101,29.138,2689,0
CID.US,D,20190211,000000,28.989,29.077,28.984,29.025,3794,0
CID.US,D,20190212,000000,29.293,29.305,29.293,29.303,830,0
CID.US,D,20190213,000000,29.41,29.41,29.294,29.294,1080,0
CID.US,D,20190214,000000,29.253,29.253,29.237,29.237,1189,0
CID.US,D,20190215,000000,29.527,29.527,29.509,29.511,1358,0
CID.US,D,20190219,000000,29.858,29.868,29.663,29.858,11079,0
CID.US,D,20190220,000000,29.868,29.97,29.819,29.819,10009,0
CID.US,D,20190221,000000,29.848,29.848,29.729,29.729,1978,0
CID.US,D,20190222,000000,29.904,29.936,29.868,29.868,2632,0
CID.US,D,20190225,000000,29.978,30.018,29.97,29.978,4970,0
CID.US,D,20190226,000000,30.124,30.136,30.124,30.136,1948,0
CID.US,D,20190227,000000,30.091,30.267,30.091,30.209,4465,0
CID.US,D,20190228,000000,30.157,30.183,30.157,30.183,821,0
CID.US,D,20190301,000000,30.286,30.286,30.12,30.12,20677,0
CID.US,D,20190304,000000,30.111,30.111,29.933,29.942,3161,0
CID.US,D,20190305,000000,30.111,30.111,30.032,30.032,1320,0
CID.US,D,20190306,000000,29.952,30.068,29.952,29.97,3924,0
CID.US,D,20190307,000000,29.808,29.947,29.661,29.729,3263,0
CID.US,D,20190308,000000,29.661,29.682,29.661,29.682,522,0
CID.US,D,20190311,000000,29.952,30.006,29.797,29.997,5895,0
CID.US,D,20190312,000000,30.091,30.091,29.97,29.987,16786,0
CID.US,D,20190313,000000,30.205,30.296,30.205,30.258,1560,0
CID.US,D,20190314,000000,30.248,30.316,30.209,30.209,2636,0
CID.US,D,20190315,000000,30.461,30.525,30.443,30.507,22153,0
CID.US,D,20190318,000000,30.686,30.742,30.686,30.732,788,0
CID.US,D,20190319,000000,30.927,30.974,30.843,30.87,2793,0
CID.US,D,20190320,000000,30.628,30.918,30.628,30.889,17260,0
CID.US,D,20190321,000000,30.843,30.843,30.732,30.732,966,0
CID.US,D,20190322,000000,30.192,30.368,30.192,30.268,2611,0
CID.US,D,20190325,000000,30.305,30.305,30.133,30.145,7346,0
CID.US,D,20190326,000000,30.368,30.368,30.184,30.184,53447,0
CID.US,D,20190327,000000,30.209,30.218,30.184,30.203,1264,0
CID.US,D,20190328,000000,30.305,30.305,30.072,30.136,17713,0
CID.US,D,20190329,000000,30.368,30.387,30.192,30.209,2712,0
CID.US,D,20190401,000000,30.602,30.642,30.602,30.642,1251,0
CID.US,D,20190402,000000,30.717,30.722,30.662,30.717,1197,0
CID.US,D,20190403,000000,30.927,30.983,30.927,30.983,936,0
CID.US,D,20190404,000000,30.965,30.969,30.948,30.969,1849,0
CID.US,D,20190405,000000,30.889,30.918,30.889,30.918,2790,0
CID.US,D,20190409,000000,30.98,30.98,30.806,30.824,3704,0
CID.US,D,20190410,000000,31.009,31.009,31.009,31.009,588,0
CID.US,D,20190411,000000,30.86,30.934,30.86,30.934,2297,0
CID.US,D,20190412,000000,31.245,31.319,31.12,31.158,11462,0
CID.US,D,20190415,000000,31.057,31.332,31.057,31.332,472,0
CID.US,D,20190416,000000,31.401,31.446,31.301,31.369,6785,0
CID.US,D,20190417,000000,31.316,31.392,31.316,31.392,1374,0
CID.US,D,20190418,000000,31.297,31.429,31.288,31.296,17369,0
CID.US,D,20190422,000000,31.337,31.438,31.279,31.305,6314,0
CID.US,D,20190423,000000,31.054,31.2,31.054,31.2,2747,0
CID.US,D,20190424,000000,30.997,30.997,30.791,30.791,855,0
CID.US,D,20190425,000000,30.772,30.772,30.706,30.706,455,0
CID.US,D,20190426,000000,30.829,31.073,30.829,31.073,670,0
CID.US,D,20190429,000000,30.904,31.006,30.904,30.941,3810,0
CID.US,D,20190430,000000,30.924,31.165,30.924,30.97,4022,0
CID.US,D,20190501,000000,31.202,31.202,30.957,30.957,3730,0
CID.US,D,20190502,000000,30.829,30.829,30.547,30.612,6869,0
CID.US,D,20190503,000000,30.912,30.912,30.847,30.894,3111,0
CID.US,D,20190506,000000,30.378,30.772,30.378,30.772,365,0
CID.US,D,20190507,000000,30.47,30.47,30.088,30.088,1826,0
CID.US,D,20190508,000000,30.353,30.362,30.2,30.227,577,0
CID.US,D,20190509,000000,29.951,30.2,29.873,30.2,7220,0
CID.US,D,20190510,000000,30.191,30.191,30.153,30.153,22437,0
CID.US,D,20190513,000000,29.713,29.873,29.628,29.683,11828,0
CID.US,D,20190514,000000,29.891,30.108,29.891,30.108,1216,0
CID.US,D,20190515,000000,29.795,30.134,29.795,30.134,3411,0
CID.US,D,20190516,000000,30.134,30.305,30.118,30.305,2063,0
CID.US,D,20190517,000000,30.127,30.127,29.882,29.882,3866,0
CID.US,D,20190520,000000,29.966,29.967,29.966,29.967,356,0
CID.US,D,20190521,000000,30.208,30.354,30.152,30.354,3867,0
CID.US,D,20190522,000000,30.137,30.137,30.058,30.058,803,0
CID.US,D,20190523,000000,29.778,29.778,29.691,29.691,2449,0
CID.US,D,20190524,000000,30.127,30.143,30.008,30.05,2751,0
CID.US,D,20190528,000000,30.014,30.057,29.928,29.928,2572,0
CID.US,D,20190529,000000,29.597,29.61,29.484,29.532,7732,0
CID.US,D,20190530,000000,29.745,29.825,29.606,29.606,5212,0
CID.US,D,20190531,000000,29.532,29.643,29.391,29.643,16350,0
CID.US,D,20190603,000000,29.652,29.652,29.652,29.652,1626,0
CID.US,D,20190604,000000,30.108,30.138,29.993,30.134,7702,0
CID.US,D,20190605,000000,30.031,30.102,29.983,29.983,2346,0
CID.US,D,20190606,000000,30.234,30.287,30.234,30.268,3895,0
CID.US,D,20190607,000000,30.634,30.729,30.634,30.729,1376,0
CID.US,D,20190610,000000,30.709,30.737,30.568,30.568,6048,0
CID.US,D,20190611,000000,30.832,30.832,30.748,30.783,3574,0
CID.US,D,20190612,000000,30.748,30.748,30.482,30.482,1722,0
CID.US,D,20190613,000000,30.616,30.635,30.55,30.635,2561,0
CID.US,D,20190614,000000,30.255,30.398,30.235,30.398,19434,0
CID.US,D,20190617,000000,30.245,30.406,30.233,30.358,5608,0
CID.US,D,20190618,000000,30.644,30.684,30.55,30.674,2582,0
CID.US,D,20190619,000000,30.75,30.75,30.607,30.742,5676,0
CID.US,D,20190620,000000,31.027,31.074,30.893,30.893,4667,0
CID.US,D,20190621,000000,31.083,31.083,30.893,30.932,3500,0
CID.US,D,20190624,000000,31.055,31.159,30.923,31.037,17379,0
CID.US,D,20190625,000000,30.903,30.97,30.872,30.97,11967,0
CID.US,D,20190626,000000,30.836,30.924,30.807,30.817,10888,0
CID.US,D,20190627,000000,30.941,30.974,30.913,30.974,2234,0
CID.US,D,20190628,000000,31.139,31.139,30.97,31.007,14878,0
CID.US,D,20190701,000000,31.017,31.13,31.017,31.13,1661,0
CID.US,D,20190702,000000,31.238,31.238,31.112,31.189,7476,0
CID.US,D,20190703,000000,31.389,31.472,31.369,31.426,2317,0
CID.US,D,20190705,000000,31.311,31.311,31.058,31.208,1985,0
CID.US,D,20190708,000000,31.208,31.208,30.979,30.979,1639,0
CID.US,D,20190709,000000,30.836,31.017,30.836,31.017,32025,0
CID.US,D,20190710,000000,31.112,31.112,30.96,31.065,1441,0
CID.US,D,20190711,000000,31.238,31.238,30.975,31.1,14703,0
CID.US,D,20190712,000000,31.121,31.233,31.121,31.139,4007,0
CID.US,D,20190715,000000,31.198,31.198,31.092,31.139,4845,0
CID.US,D,20190716,000000,31.029,31.029,30.951,30.96,5711,0
CID.US,D,20190717,000000,31.045,31.045,30.964,30.964,4132,0
CID.US,D,20190718,000000,30.845,31.093,30.778,31.093,1662648,0
CID.US,D,20190719,000000,30.923,31.017,30.893,30.893,7780,0
CID.US,D,20190722,000000,30.951,30.96,30.932,30.932,5744,0
CID.US,D,20190723,000000,31.08,31.229,31.045,31.08,1554,0
CID.US,D,20190724,000000,31.035,31.035,30.979,30.997,5294,0
CID.US,D,20190725,000000,30.83,30.83,30.733,30.733,1506,0
CID.US,D,20190726,000000,30.711,30.764,30.711,30.764,4730,0
CID.US,D,20190729,000000,30.788,30.806,30.769,30.769,2223,0
CID.US,D,20190730,000000,30.404,30.453,30.376,30.376,869,0
CID.US,D,20190731,000000,30.424,30.428,30.403,30.428,1656,0
CID.US,D,20190801,000000,30.168,30.376,29.983,30.021,20134,0
CID.US,D,20190802,000000,29.829,29.853,29.829,29.853,457,0
CID.US,D,20190805,000000,29.829,29.829,29.1,29.1,15401,0
CID.US,D,20190806,000000,29.354,29.409,29.267,29.315,1977,0
CID.US,D,20190807,000000,28.99,29.381,28.99,29.372,4918,0
CID.US,D,20190808,000000,29.552,29.696,29.544,29.622,5487,0
CID.US,D,20190809,000000,29.47,29.47,29.353,29.39,608,0
CID.US,D,20190812,000000,29.248,29.248,29.087,29.087,772,0
CID.US,D,20190813,000000,29.381,29.391,29.381,29.388,1225,0
CID.US,D,20190814,000000,28.865,28.865,28.678,28.726,1947,0
CID.US,D,20190815,000000,28.617,28.617,28.604,28.604,497,0
CID.US,D,20190816,000000,28.739,29.047,28.739,29.016,5563,0
CID.US,D,20190819,000000,29.227,29.23,29.208,29.23,1088,0
CID.US,D,20190820,000000,29.045,29.104,29.013,29.013,9427,0
CID.US,D,20190821,000000,29.188,29.207,29.172,29.207,4673,0
CID.US,D,20190822,000000,29.18,29.18,29.035,29.045,661,0
CID.US,D,20190823,000000,29.084,29.084,28.891,28.891,7836,0
CID.US,D,20190826,000000,28.967,28.967,28.967,28.967,631,0
CID.US,D,20190827,000000,29.193,29.193,29.007,29.065,4542,0
CID.US,D,20190828,000000,28.961,29.004,28.931,29.003,5090,0
CID.US,D,20190829,000000,29.257,29.257,29.257,29.257,127,0
CID.US,D,20190830,000000,29.362,29.388,29.286,29.388,8786,0
CID.US,D,20190903,000000,29.264,29.362,29.247,29.334,23879,0
CID.US,D,20190904,000000,29.745,29.745,29.726,29.726,1057,0
CID.US,D,20190905,000000,30.005,30.035,30.005,30.035,1200,0
CID.US,D,20190906,000000,30.082,30.082,30.052,30.082,38820,0
CID.US,D,20190909,000000,30.191,30.234,30.191,30.234,1412,0
CID.US,D,20190910,000000,30.274,30.454,30.274,30.454,1414,0
CID.US,D,20190911,000000,30.663,30.663,30.663,30.663,963,0
CID.US,D,20190912,000000,30.792,30.86,30.792,30.86,1859,0
CID.US,D,20190913,000000,31.014,31.014,30.966,30.966,296,0
CID.US,D,20190916,000000,30.78,30.78,30.711,30.766,2706,0
CID.US,D,20190917,000000,30.561,30.846,30.561,30.813,6725,0
CID.US,D,20190918,000000,30.746,30.899,30.726,30.899,6568,0
CID.US,D,20190919,000000,30.88,30.982,30.88,30.956,769,0
CID.US,D,20190923,000000,30.687,30.768,30.687,30.768,1330,0
CID.US,D,20190925,000000,30.368,30.376,30.302,30.319,1743,0
CID.US,D,20190926,000000,30.422,30.422,30.397,30.397,3125,0
CID.US,D,20190927,000000,30.489,30.542,30.489,30.525,1059,0
CID.US,D,20190930,000000,30.52,30.571,30.506,30.563,2262,0
CID.US,D,20191001,000000,30.36,30.36,30.294,30.294,1423,0
CID.US,D,20191002,000000,29.879,29.879,29.571,29.634,1754,0
CID.US,D,20191003,000000,29.522,29.608,29.435,29.603,3859,0
CID.US,D,20191004,000000,29.675,29.675,29.608,29.608,2123,0
CID.US,D,20191007,000000,29.839,29.849,29.805,29.805,2693,0
CID.US,D,20191008,000000,29.581,29.581,29.341,29.341,2667,0
CID.US,D,20191009,000000,29.484,29.502,29.475,29.496,4959,0
CID.US,D,20191010,000000,29.702,29.956,29.68,29.87,2715,0
CID.US,D,20191014,000000,30.61,30.61,30.61,30.61,425,0
CID.US,D,20191015,000000,31.052,31.052,31.052,31.052,1787,0
CID.US,D,20191016,000000,30.986,31.083,30.967,31.075,2582,0
CID.US,D,20191017,000000,31.112,31.238,31.087,31.121,2919,0
CID.US,D,20191018,000000,31.257,31.257,31.121,31.15,1302,0
CID.US,D,20191022,000000,31.475,31.575,31.475,31.575,2518,0
CID.US,D,20191023,000000,31.442,31.526,31.442,31.526,1700,0
CID.US,D,20191024,000000,31.536,31.536,31.435,31.477,1999,0
CID.US,D,20191025,000000,31.431,31.519,31.431,31.519,3307,0
CID.US,D,20191028,000000,31.711,31.711,31.604,31.604,1139,0
CID.US,D,20191029,000000,31.517,31.517,31.411,31.461,1429,0
CID.US,D,20191030,000000,31.306,31.497,31.294,31.497,3096,0
CID.US,D,20191031,000000,31.373,31.419,31.314,31.314,5148,0
CID.US,D,20191104,000000,31.816,31.869,31.816,31.869,995,0
CID.US,D,20191105,000000,31.855,31.904,31.787,31.855,6378,0
CID.US,D,20191106,000000,31.855,31.941,31.855,31.941,515,0
CID.US,D,20191107,000000,32.086,32.088,32.086,32.086,1657,0
CID.US,D,20191108,000000,31.884,31.904,31.846,31.846,1365,0
CID.US,D,20191111,000000,31.845,31.91,31.845,31.91,3798,0
CID.US,D,20191112,000000,31.922,31.99,31.912,31.964,5676,0
CID.US,D,20191113,000000,31.644,31.749,31.625,31.749,7642,0
CID.US,D,20191114,000000,31.622,31.622,31.548,31.569,1982,0
CID.US,D,20191115,000000,31.797,31.855,31.726,31.826,2212,0
CID.US,D,20191118,000000,31.795,31.817,31.794,31.794,2468,0
CID.US,D,20191119,000000,31.729,31.753,31.729,31.753,215030,0
CID.US,D,20191120,000000,31.603,31.671,31.479,31.531,11236,0
CID.US,D,20191121,000000,31.43,31.471,31.43,31.457,638,0
CID.US,D,20191122,000000,31.487,31.571,31.487,31.514,1331,0
CID.US,D,20191125,000000,31.665,31.758,31.642,31.716,7222,0
CID.US,D,20191126,000000,31.61,31.622,31.556,31.622,3799,0
CID.US,D,20191127,000000,31.746,31.749,31.72,31.72,707,0
CID.US,D,20191202,000000,31.336,31.372,31.336,31.358,2391,0
CID.US,D,20191203,000000,31.13,31.217,31.063,31.212,4502,0
CID.US,D,20191204,000000,31.462,31.748,31.462,31.671,150609,0
CID.US,D,20191205,000000,31.612,31.674,31.607,31.674,10501,0
CID.US,D,20191206,000000,31.906,31.961,31.906,31.931,3382,0
CID.US,D,20191209,000000,31.977,31.981,31.913,31.927,5970,0
CID.US,D,20191210,000000,31.855,32.001,31.845,31.941,36019,0
CID.US,D,20191211,000000,31.964,32.096,31.931,32.059,3841,0
CID.US,D,20191212,000000,32.241,32.368,32.145,32.368,7194,0
CID.US,D,20191213,000000,32.802,32.869,32.684,32.82,63964,0
CID.US,D,20191216,000000,33.245,33.245,33.168,33.198,4379,0
CID.US,D,20191217,000000,33.062,33.062,32.966,33.048,3759,0
CID.US,D,20191218,000000,32.979,32.979,32.842,32.939,11989,0
CID.US,D,20191219,000000,32.891,32.939,32.814,32.842,6481,0
CID.US,D,20191220,000000,33.017,33.017,32.871,32.871,7014,0
CID.US,D,20191223,000000,32.94,32.94,32.891,32.891,570,0
CID.US,D,20191224,000000,32.891,33.047,32.891,32.906,10686,0
CID.US,D,20191226,000000,33.103,33.103,32.993,33.021,2683,0
CID.US,D,20191227,000000,33.119,33.12,33.119,33.12,323,0
CID.US,D,20191230,000000,33.12,33.12,33.115,33.115,864,0
CID.US,D,20191231,000000,32.87,33.027,32.87,33.027,5270,0
CID.US,D,20200102,000000,33.388,33.388,33.203,33.348,6728,0
CID.US,D,20200103,000000,33.037,33.105,32.95,32.95,28361,0
CID.US,D,20200106,000000,33.075,33.08,33.075,33.08,2047,0
CID.US,D,20200107,000000,33.057,33.057,32.94,32.969,1896,0
CID.US,D,20200109,000000,32.862,32.954,32.862,32.954,3849,0
CID.US,D,20200110,000000,32.853,32.93,32.814,32.814,2081,0
CID.US,D,20200113,000000,32.814,32.916,32.814,32.916,3481,0
CID.US,D,20200114,000000,32.881,32.901,32.814,32.863,2230,0
CID.US,D,20200115,000000,32.794,32.814,32.669,32.706,3973,0
CID.US,D,20200116,000000,32.78,32.89,32.778,32.887,1980,0
CID.US,D,20200117,000000,32.998,33.062,32.979,33.062,3609,0
CID.US,D,20200121,000000,32.916,32.92,32.782,32.782,12948,0
CID.US,D,20200122,000000,32.784,32.812,32.726,32.772,3175,0
CID.US,D,20200123,000000,32.454,32.474,32.373,32.469,6752,0
CID.US,D,20200124,000000,32.591,32.591,32.464,32.474,1884,0
CID.US,D,20200127,000000,31.938,31.998,31.87,31.898,5182,0
CID.US,D,20200128,000000,32.114,32.12,32.103,32.103,1769,0
CID.US,D,20200129,000000,32.113,32.202,32.075,32.133,3471,0
CID.US,D,20200130,000000,31.825,32.085,31.825,32.076,3018,0
CID.US,D,20200131,000000,31.88,31.88,31.55,31.618,2096,0
CID.US,D,20200203,000000,31.622,31.632,31.496,31.516,5073,0
CID.US,D,20200204,000000,31.812,32.016,31.812,31.958,11138,0
CID.US,D,20200205,000000,32.133,32.264,32.133,32.264,1833,0
CID.US,D,20200206,000000,32.36,32.36,32.318,32.318,1500,0
CID.US,D,20200207,000000,32.193,32.193,31.968,32.003,7955,0
CID.US,D,20200210,000000,31.998,32.068,31.998,32.068,756,0
CID.US,D,20200211,000000,32.293,32.293,32.152,32.209,8363,0
CID.US,D,20200212,000000,32.454,32.464,32.377,32.464,10474,0
CID.US,D,20200213,000000,32.28,32.322,32.264,32.264,2765,0
CID.US,D,20200214,000000,32.206,32.206,32.168,32.168,3536,0
CID.US,D,20200218,000000,32.045,32.075,31.988,32.04,4687,0
CID.US,D,20200219,000000,32.103,32.132,32.096,32.096,2447,0
CID.US,D,20200220,000000,32.016,32.016,31.942,31.968,8026,0
CID.US,D,20200221,000000,31.715,31.812,31.715,31.768,2152,0
CID.US,D,20200224,000000,30.649,30.763,30.608,30.608,1877,0
CID.US,D,20200225,000000,30.558,30.558,29.957,29.957,5469,0
CID.US,D,20200226,000000,30.131,30.338,29.95,29.95,2744,0
CID.US,D,20200227,000000,29.44,29.701,29.141,29.141,37217,0
CID.US,D,20200228,000000,28.195,28.536,27.945,28.536,84631,0
CID.US,D,20200302,000000,28.536,28.941,28.482,28.941,26047,0
CID.US,D,20200303,000000,29.002,29.021,28.516,28.516,7551,0
CID.US,D,20200304,000000,28.895,29.336,28.826,29.336,6641,0
CID.US,D,20200305,000000,28.652,28.711,28.341,28.346,9199,0
CID.US,D,20200306,000000,27.817,27.958,27.737,27.958,13850,0
CID.US,D,20200309,000000,24.773,25.93,24.773,25.402,1777,0
CID.US,D,20200310,000000,25.961,25.961,25.278,25.371,3029,0
CID.US,D,20200311,000000,25.211,25.211,24.64,24.64,45262,0
CID.US,D,20200312,000000,22.634,22.789,21.458,21.682,7464,0
CID.US,D,20200313,000000,22.556,22.9,21.817,22.9,4898,0
CID.US,D,20200316,000000,19.845,21.108,19.845,20.168,7811,0
CID.US,D,20200317,000000,20.356,21.03,20.227,20.961,12950,0
CID.US,D,20200318,000000,19.825,20.217,19.358,19.717,7840,0
CID.US,D,20200319,000000,19.825,20.247,19.825,20.136,3508,0
CID.US,D,20200320,000000,19.795,19.84,19.65,19.719,14990,0
CID.US,D,20200323,000000,19.707,19.781,19.154,19.192,8623,0
CID.US,D,20200324,000000,20.971,20.971,20.817,20.942,3367,0
CID.US,D,20200325,000000,21.283,22.255,21.146,22.118,26481,0
CID.US,D,20200326,000000,22.167,22.782,22.167,22.733,4975,0
CID.US,D,20200327,000000,21.436,22.284,21.436,21.778,12506,0
CID.US,D,20200330,000000,21.628,22.002,21.551,21.9,13160,0
CID.US,D,20200331,000000,22.07,22.26,21.855,22.157,9589,0
CID.US,D,20200401,000000,21.506,21.506,20.959,20.959,25560,0
CID.US,D,20200402,000000,21.575,21.575,21.39,21.545,2391,0
CID.US,D,20200403,000000,21.439,21.439,20.873,21.028,8358,0
CID.US,D,20200406,000000,21.992,22.303,21.992,22.147,10461,0
CID.US,D,20200407,000000,22.974,22.974,22.766,22.766,1133,0
CID.US,D,20200408,000000,22.517,22.666,22.517,22.569,2762,0
CID.US,D,20200409,000000,23.029,23.323,23.029,23.205,4697,0
CID.US,D,20200413,000000,23.331,23.331,22.847,22.999,3295,0
CID.US,D,20200414,000000,23.029,23.284,23.029,23.191,1559,0
CID.US,D,20200415,000000,22.452,22.452,22.177,22.228,4865,0
CID.US,D,20200416,000000,22.206,22.206,21.816,21.918,9204,0
CID.US,D,20200417,000000,22.598,22.676,22.5,22.656,5506,0
CID.US,D,20200420,000000,22.275,22.576,22.21,22.21,18967,0
CID.US,D,20200421,000000,21.611,21.727,21.503,21.619,10833,0
CID.US,D,20200422,000000,21.976,22.07,21.935,22.07,32959,0
CID.US,D,20200423,000000,22.561,22.561,22.226,22.226,1375,0
CID.US,D,20200424,000000,22.166,22.313,22.109,22.313,9236,0
CID.US,D,20200427,000000,22.696,22.862,22.696,22.862,2078,0
CID.US,D,20200428,000000,23.155,23.218,23.087,23.087,6007,0
CID.US,D,20200429,000000,23.85,24.046,23.85,24.046,14900,0
CID.US,D,20200430,000000,23.612,23.656,23.392,23.445,5738,0
CID.US,D,20200501,000000,22.962,22.962,22.73,22.736,4138,0
CID.US,D,20200504,000000,22.519,22.686,22.49,22.666,2853,0
CID.US,D,20200505,000000,22.916,22.916,22.794,22.794,7431,0
CID.US,D,20200506,000000,22.647,22.696,22.608,22.647,9959,0
CID.US,D,20200507,000000,22.793,22.922,22.793,22.922,4387,0
CID.US,D,20200508,000000,23.274,23.345,23.264,23.345,1264,0
CID.US,D,20200511,000000,23.164,23.276,23.136,23.276,5133,0
CID.US,D,20200512,000000,23.244,23.244,22.908,22.908,9777,0
CID.US,D,20200513,000000,22.588,22.598,22.288,22.416,5257,0
CID.US,D,20200514,000000,22.01,22.281,21.777,22.281,6648,0
CID.US,D,20200515,000000,22.196,22.293,22.196,22.236,3215,0
CID.US,D,20200518,000000,22.862,23.215,22.862,23.215,1461,0
CID.US,D,20200519,000000,23.069,23.078,22.902,22.902,5632,0
CID.US,D,20200520,000000,23.219,23.288,23.215,23.239,6792,0
CID.US,D,20200521,000000,23.136,23.136,22.913,22.945,6711,0
CID.US,D,20200522,000000,22.745,22.928,22.745,22.928,12044,0
CID.US,D,20200526,000000,23.849,23.849,23.712,23.723,4005,0
CID.US,D,20200527,000000,24.066,24.213,24.066,24.213,513,0
CID.US,D,20200528,000000,24.458,24.458,24.401,24.401,141,0
CID.US,D,20200529,000000,24.31,24.31,24.036,24.173,10864,0
CID.US,D,20200601,000000,24.408,24.816,24.408,24.816,11484,0
CID.US,D,20200602,000000,25.238,25.356,25.21,25.302,3744,0
CID.US,D,20200604,000000,25.877,25.934,25.856,25.87,10074,0
CID.US,D,20200605,000000,26.618,26.693,26.579,26.579,1951,0
CID.US,D,20200608,000000,26.814,27.088,26.804,26.804,4690,0
CID.US,D,20200609,000000,26.578,26.578,26.491,26.559,3582,0
CID.US,D,20200610,000000,26.208,26.247,26.202,26.202,5475,0
CID.US,D,20200611,000000,25.405,25.405,24.497,24.497,2958,0
CID.US,D,20200612,000000,25.356,25.356,24.74,24.993,1912,0
CID.US,D,20200615,000000,24.652,25.072,24.623,24.978,4815,0
CID.US,D,20200616,000000,25.571,25.571,25.238,25.284,3375,0
CID.US,D,20200617,000000,25.375,25.375,25.206,25.206,650,0
CID.US,D,20200618,000000,25.095,25.095,25.048,25.051,1731,0
CID.US,D,20200619,000000,25.126,25.126,24.809,24.811,4232,0
CID.US,D,20200622,000000,25.18,25.18,25.019,25.133,1614,0
CID.US,D,20200623,000000,25.347,25.347,25.212,25.212,586,0
CID.US,D,20200624,000000,24.877,24.877,24.562,24.562,1044,0
CID.US,D,20200625,000000,24.575,24.895,24.575,24.895,1877,0
CID.US,D,20200626,000000,24.467,24.576,24.408,24.463,2308,0
CID.US,D,20200629,000000,24.702,24.741,24.643,24.708,4749,0
CID.US,D,20200630,000000,24.712,24.76,24.575,24.74,7220,0
CID.US,D,20200701,000000,24.751,24.779,24.751,24.779,183,0
CID.US,D,20200702,000000,25.2,25.2,25.2,25.2,452,0
CID.US,D,20200706,000000,25.484,25.484,25.484,25.484,274,0
CID.US,D,20200707,000000,25.317,25.317,25.06,25.06,257,0
CID.US,D,20200708,000000,25.161,25.188,25.145,25.188,1906,0
CID.US,D,20200709,000000,24.798,24.828,24.798,24.798,1013,0
CID.US,D,20200710,000000,24.945,25.167,24.945,25.167,2054,0
CID.US,D,20200713,000000,25.448,25.448,25.32,25.32,684,0
CID.US,D,20200714,000000,25.211,25.653,25.211,25.638,6700,0
CID.US,D,20200715,000000,25.889,25.939,25.8,25.864,7774,0
CID.US,D,20200716,000000,25.83,25.929,25.83,25.882,900,0
CID.US,D,20200720,000000,26.076,26.076,25.977,26.066,1441,0
CID.US,D,20200721,000000,26.223,26.352,26.136,26.352,10241,0
CID.US,D,20200722,000000,26.146,26.204,26.076,26.204,4982,0
CID.US,D,20200723,000000,26.174,26.174,25.84,25.912,9572,0
CID.US,D,20200724,000000,25.86,25.88,25.79,25.847,6987,0
CID.US,D,20200728,000000,25.995,25.998,25.987,25.987,655,0
CID.US,D,20200729,000000,25.944,26.058,25.939,26.054,18565,0
CID.US,D,20200730,000000,25.643,25.723,25.304,25.672,5624,0
CID.US,D,20200731,000000,25.451,25.451,25.112,25.163,1661,0
CID.US,D,20200803,000000,25.368,25.558,25.368,25.558,407,0
CID.US,D,20200804,000000,25.896,25.896,25.889,25.889,337,0
CID.US,D,20200805,000000,26.137,26.155,26.137,26.155,580,0
CID.US,D,20200806,000000,26.116,26.188,26.106,26.188,575,0
CID.US,D,20200807,000000,25.924,25.991,25.904,25.991,405,0
CID.US,D,20200810,000000,26.136,26.219,26.136,26.204,2450,0
CID.US,D,20200811,000000,26.734,26.813,26.452,26.452,2046,0
CID.US,D,20200812,000000,27.02,27.108,27.01,27.034,2609,0
CID.US,D,20200813,000000,27.089,27.089,26.626,26.696,1507,0
CID.US,D,20200817,000000,26.676,26.696,26.636,26.646,4066,0
CID.US,D,20200818,000000,26.639,26.639,26.596,26.596,288,0
CID.US,D,20200819,000000,26.647,26.647,26.476,26.476,609,0
CID.US,D,20200821,000000,26.164,26.257,26.164,26.257,647,0
CID.US,D,20200824,000000,26.636,26.636,26.618,26.618,209,0
CID.US,D,20200825,000000,26.67,26.67,26.626,26.626,185,0
CID.US,D,20200826,000000,26.705,26.705,26.643,26.643,447,0
CID.US,D,20200827,000000,26.43,26.492,26.43,26.445,435,0
CID.US,D,20200828,000000,26.646,26.646,26.576,26.581,4789,0
CID.US,D,20200831,000000,26.534,26.539,26.53,26.539,2912,0
CID.US,D,20200901,000000,26.485,26.489,26.444,26.445,3263,0
CID.US,D,20200902,000000,26.636,26.853,26.636,26.853,586,0
CID.US,D,20200903,000000,26.333,26.45,26.333,26.338,495,0
CID.US,D,20200904,000000,26.106,26.547,26.106,26.547,405,0
CID.US,D,20200908,000000,26.17,26.174,26.129,26.174,1243,0
CID.US,D,20200909,000000,26.41,26.563,26.41,26.51,27462,0
CID.US,D,20200910,000000,26.271,26.271,26.097,26.097,395,0
CID.US,D,20200911,000000,26.357,26.41,26.214,26.333,4196,0
CID.US,D,20200914,000000,26.488,26.488,26.488,26.488,1455,0
CID.US,D,20200915,000000,26.576,26.591,26.499,26.529,34589,0
CID.US,D,20200916,000000,26.656,26.656,26.509,26.509,3085,0
CID.US,D,20200917,000000,26.387,26.596,26.387,26.556,16516,0
CID.US,D,20200918,000000,26.371,26.371,26.243,26.273,9918,0
CID.US,D,20200921,000000,25.663,25.663,25.378,25.399,3174,0
CID.US,D,20200922,000000,25.603,25.603,25.319,25.466,949,0
CID.US,D,20200923,000000,25.398,25.406,25.112,25.155,2330,0
CID.US,D,20200924,000000,25.132,25.156,25.101,25.101,1014,0
CID.US,D,20200929,000000,25.358,25.358,25.358,25.358,652,0
CID.US,D,20200930,000000,25.383,25.451,25.383,25.416,2452,0
CID.US,D,20201001,000000,25.476,25.476,25.466,25.466,212,0
CID.US,D,20201002,000000,25.373,25.469,25.373,25.469,288,0
CID.US,D,20201006,000000,25.992,25.994,25.805,25.805,1340,0
CID.US,D,20201007,000000,25.996,25.996,25.996,25.996,1625,0
CID.US,D,20201008,000000,26.177,26.177,26.155,26.155,195,0
CID.US,D,20201009,000000,26.244,26.33,26.204,26.224,1643,0
CID.US,D,20201012,000000,26.335,26.335,26.335,26.335,170,0
CID.US,D,20201013,000000,26.274,26.274,26.076,26.193,36551,0
CID.US,D,20201014,000000,26.116,26.201,26.116,26.201,4537,0
CID.US,D,20201015,000000,25.87,25.882,25.87,25.882,501,0
CID.US,D,20201016,000000,25.986,26.046,25.976,25.981,1489,0
CID.US,D,20201019,000000,26.056,26.056,25.87,25.87,1646,0
CID.US,D,20201020,000000,26.096,26.096,26.096,26.096,528,0
CID.US,D,20201021,000000,26.014,26.027,25.976,26.027,2708,0
CID.US,D,20201022,000000,25.838,26.036,25.838,26.036,1684,0
CID.US,D,20201023,000000,26.372,26.372,26.208,26.208,881,0
CID.US,D,20201026,000000,25.799,25.911,25.799,25.911,1058,0
CID.US,D,20201027,000000,25.67,25.67,25.612,25.621,642,0
CID.US,D,20201028,000000,25.086,25.086,24.773,24.773,2972,0
CID.US,D,20201029,000000,24.76,24.82,24.634,24.789,3643,0
CID.US,D,20201030,000000,24.576,24.724,24.576,24.724,1893,0
CID.US,D,20201102,000000,25.001,25.027,24.929,24.994,2561,0
CID.US,D,20201103,000000,25.363,25.65,25.363,25.609,10306,0
CID.US,D,20201104,000000,25.551,25.749,25.551,25.686,508,0
CID.US,D,20201105,000000,26.056,26.174,26.046,26.106,2842,0
CID.US,D,20201106,000000,26.155,26.155,26.121,26.146,3870,0
CID.US,D,20201109,000000,27.263,27.263,27.124,27.134,1225,0
CID.US,D,20201110,000000,27.352,27.758,27.352,27.738,3039,0
CID.US,D,20201111,000000,27.817,27.876,27.798,27.837,4543,0
CID.US,D,20201113,000000,27.639,27.639,27.639,27.639,132,0
CID.US,D,20201116,000000,28.162,28.162,28.053,28.123,88084,0
CID.US,D,20201117,000000,28.216,28.281,28.216,28.281,789364,0
CID.US,D,20201118,000000,28.42,28.42,28.417,28.417,2804,0
CID.US,D,20201119,000000,28.262,28.291,28.242,28.291,2524,0
CID.US,D,20201120,000000,28.38,28.4,28.311,28.39,3558,0
CID.US,D,20201123,000000,28.405,28.427,28.405,28.427,360,0
CID.US,D,20201125,000000,28.786,28.979,28.786,28.975,808,0
CID.US,D,20201127,000000,28.975,29.007,28.975,29.007,130,0
CID.US,D,20201130,000000,28.707,28.776,28.459,28.479,1924,0
CID.US,D,20201202,000000,28.786,29.133,28.786,29.054,6487,0
CID.US,D,20201203,000000,29.241,29.241,29.181,29.181,1422,0
CID.US,D,20201207,000000,29.348,29.348,29.301,29.301,1056,0
CID.US,D,20201208,000000,29.366,29.366,29.346,29.356,2994,0
CID.US,D,20201209,000000,29.295,29.295,29.295,29.295,529,0
CID.US,D,20201210,000000,29.312,29.535,29.312,29.478,1508,0
CID.US,D,20201211,000000,29.311,29.408,29.123,29.261,50754,0
CID.US,D,20201214,000000,29.518,29.528,29.331,29.341,2525,0
CID.US,D,20201215,000000,29.351,29.509,29.351,29.457,633,0
CID.US,D,20201216,000000,29.419,29.419,29.419,29.419,488,0
CID.US,D,20201217,000000,30.022,30.022,29.562,29.562,921,0
CID.US,D,20201218,000000,29.528,29.528,29.429,29.459,2135,0
CID.US,D,20201221,000000,28.845,28.955,28.637,28.951,120800,0
CID.US,D,20201222,000000,28.955,28.955,28.781,28.805,1486,0
CID.US,D,20201223,000000,29.103,29.191,29.086,29.148,2703,0
CID.US,D,20201224,000000,29.241,29.241,29.241,29.241,123,0
CID.US,D,20201228,000000,29.518,29.518,29.459,29.469,2908,0
CID.US,D,20201229,000000,29.479,29.696,29.429,29.469,4146,0
CID.US,D,20201230,000000,29.656,29.656,29.636,29.636,567,0
CID.US,D,20201231,000000,29.361,29.469,29.321,29.449,14001,0
CID.US,D,20210104,000000,29.874,29.874,29.439,29.465,3354,0
CID.US,D,20210106,000000,30.418,30.567,30.344,30.394,1364,0
CID.US,D,20210107,000000,30.552,30.606,30.552,30.606,451,0
CID.US,D,20210108,000000,30.854,30.854,30.577,30.577,4955,0
CID.US,D,20210111,000000,30.29,30.319,30.229,30.27,2549,0
CID.US,D,20210112,000000,30.29,30.389,30.2,30.323,1518,0
CID.US,D,20210113,000000,30.448,30.616,30.448,30.478,10985,0
CID.US,D,20210114,000000,30.626,30.695,30.626,30.695,3851,0
CID.US,D,20210115,000000,30.408,30.408,30.21,30.281,1426,0
CID.US,D,20210119,000000,30.319,30.319,30.305,30.305,2467,0
CID.US,D,20210120,000000,30.448,30.448,30.448,30.448,189,0
CID.US,D,20210121,000000,30.408,30.547,30.31,30.537,122134,0
CID.US,D,20210122,000000,30.24,30.258,30.24,30.24,725,0
CID.US,D,20210125,000000,29.968,30.117,29.794,30.117,16739,0
CID.US,D,20210126,000000,30.169,30.27,30.161,30.25,1735,0
CID.US,D,20210127,000000,29.844,30.171,29.743,29.743,12322,0
CID.US,D,20210128,000000,29.889,29.992,29.889,29.992,1031,0
CID.US,D,20210129,000000,29.478,29.53,29.388,29.388,2179,0
CID.US,D,20210201,000000,29.558,29.602,29.509,29.602,960,0
CID.US,D,20210202,000000,29.586,29.788,29.586,29.788,1261,0
CID.US,D,20210203,000000,29.776,29.904,29.776,29.904,518,0
CID.US,D,20210205,000000,30.011,30.073,30.011,30.073,350,0
CID.US,D,20210208,000000,30.082,30.27,30.082,30.24,4853,0
CID.US,D,20210209,000000,30.28,30.319,30.25,30.29,4564,0
CID.US,D,20210210,000000,30.319,30.319,30.241,30.241,2948,0
CID.US,D,20210211,000000,30.408,30.408,30.344,30.354,12522,0
CID.US,D,20210212,000000,30.389,30.557,30.389,30.517,3998,0
CID.US,D,20210216,000000,30.795,30.834,30.755,30.755,2057,0
CID.US,D,20210217,000000,30.671,30.671,30.671,30.671,341,0
CID.US,D,20210218,000000,30.418,30.418,30.413,30.418,676,0
CID.US,D,20210219,000000,30.676,30.676,30.577,30.577,1567,0
CID.US,D,20210222,000000,30.636,30.883,30.636,30.804,1614,0
CID.US,D,20210223,000000,30.824,30.963,30.695,30.943,2033,0
CID.US,D,20210225,000000,30.993,30.993,30.993,30.993,367,0
CID.US,D,20210226,000000,30.893,30.893,30.438,30.567,3775,0
CID.US,D,20210301,000000,30.804,30.888,30.804,30.844,1749,0
CID.US,D,20210302,000000,30.923,30.923,30.917,30.917,1326,0
CID.US,D,20210303,000000,30.993,31.151,30.948,31.061,1011,0
CID.US,D,20210304,000000,31.141,31.141,30.775,30.775,2412,0
CID.US,D,20210305,000000,30.933,31.125,30.932,31.125,4735,0
CID.US,D,20210308,000000,31.457,31.457,31.269,31.315,1882,0
CID.US,D,20210309,000000,31.537,31.559,31.537,31.559,769,0
CID.US,D,20210310,000000,31.587,31.634,31.586,31.634,1291,0
CID.US,D,20210311,000000,31.597,31.665,31.583,31.583,3832,0
CID.US,D,20210312,000000,31.487,31.487,31.487,31.487,310,0
CID.US,D,20210315,000000,31.745,31.828,31.705,31.828,982,0
CID.US,D,20210316,000000,31.755,31.755,31.727,31.727,1014,0
CID.US,D,20210317,000000,31.853,31.853,31.804,31.814,5896,0
CID.US,D,20210318,000000,31.665,31.695,31.665,31.685,481,0
CID.US,D,20210319,000000,31.606,31.675,31.606,31.675,330,0
CID.US,D,20210322,000000,31.606,31.734,31.606,31.704,1755,0
CID.US,D,20210323,000000,31.537,31.537,31.426,31.426,1137,0
CID.US,D,20210324,000000,31.403,31.443,31.292,31.292,1260,0
CID.US,D,20210325,000000,31.507,31.541,31.507,31.519,894,0
CID.US,D,20210326,000000,31.695,31.823,31.695,31.823,183,0
CID.US,D,20210329,000000,31.725,31.838,31.725,31.838,1140,0
CID.US,D,20210330,000000,31.751,31.751,31.73,31.73,406,0
CID.US,D,20210331,000000,31.611,31.696,31.611,31.65,861,0
CID.US,D,20210401,000000,31.725,31.818,31.705,31.818,2381,0
CID.US,D,20210405,000000,32.003,32.103,32.003,32.103,1424,0
CID.US,D,20210406,000000,31.913,32.012,31.878,31.878,4284,0
CID.US,D,20210407,000000,32.071,32.071,32.071,32.071,164,0
CID.US,D,20210408,000000,32.141,32.141,32.111,32.111,3240,0
CID.US,D,20210409,000000,32.081,32.111,32.081,32.111,1313,0
CID.US,D,20210412,000000,32.01,32.046,32.01,32.046,411,0
CID.US,D,20210413,000000,32.121,32.156,32.096,32.156,4800,0
CID.US,D,20210414,000000,32.151,32.166,32.151,32.166,388,0
CID.US,D,20210415,000000,32.29,32.37,32.24,32.303,3888,0
CID.US,D,20210416,000000,32.553,32.553,32.52,32.549,1539,0
CID.US,D,20210419,000000,32.549,32.599,32.529,32.534,1111,0
CID.US,D,20210420,000000,32.26,32.26,32.21,32.255,2504,0
CID.US,D,20210421,000000,32.24,32.444,32.24,32.444,1479,0
CID.US,D,20210422,000000,32.439,32.459,32.291,32.291,4386,0
CID.US,D,20210423,000000,32.449,32.449,32.449,32.449,236,0
CID.US,D,20210426,000000,32.602,32.602,32.489,32.532,5992,0
CID.US,D,20210427,000000,32.39,32.419,32.37,32.419,798,0
CID.US,D,20210428,000000,32.549,32.549,32.509,32.509,456,0
CID.US,D,20210429,000000,32.549,32.624,32.503,32.624,508,0
CID.US,D,20210430,000000,32.494,32.494,32.25,32.301,1000,0
CID.US,D,20210503,000000,32.519,32.529,32.519,32.524,2493,0
CID.US,D,20210504,000000,32.29,32.375,32.29,32.375,743,0
CID.US,D,20210505,000000,32.688,32.797,32.688,32.788,13591,0
CID.US,D,20210506,000000,32.947,33.058,32.861,33.058,7768,0
CID.US,D,20210510,000000,33.673,33.673,33.504,33.504,387,0
CID.US,D,20210511,000000,33.086,33.086,33.086,33.086,560,0
CID.US,D,20210512,000000,33.046,33.046,32.726,32.726,2288,0
CID.US,D,20210513,000000,32.618,32.907,32.618,32.907,2023,0
CID.US,D,20210514,000000,33.344,33.344,33.31,33.31,244,0
CID.US,D,20210518,000000,33.415,33.554,33.415,33.444,1263,0
CID.US,D,20210519,000000,33.216,33.216,33.166,33.174,985,0
CID.US,D,20210520,000000,33.186,33.469,33.186,33.469,426,0
CID.US,D,20210524,000000,33.614,33.614,33.588,33.588,266,0
CID.US,D,20210525,000000,33.564,33.564,33.485,33.485,422,0
CID.US,D,20210527,000000,33.554,33.583,33.495,33.571,1849,0
CID.US,D,20210528,000000,33.712,33.723,33.674,33.703,776,0
CID.US,D,20210601,000000,33.793,33.793,33.793,33.793,263,0
CID.US,D,20210602,000000,33.822,33.822,33.803,33.803,562,0
CID.US,D,20210604,000000,33.784,33.832,33.784,33.832,113,0
CID.US,D,20210607,000000,34.022,34.022,33.952,34.012,740,0
CID.US,D,20210608,000000,33.883,33.972,33.883,33.969,1535,0
CID.US,D,20210609,000000,33.912,33.912,33.832,33.862,1777,0
CID.US,D,20210610,000000,33.832,33.912,33.832,33.902,1326,0
CID.US,D,20210614,000000,33.813,33.813,33.614,33.689,1870,0
CID.US,D,20210615,000000,33.773,33.773,33.718,33.718,373,0
CID.US,D,20210616,000000,33.763,33.872,33.514,33.538,1850,0
CID.US,D,20210618,000000,32.867,32.867,32.638,32.671,2352,0
CID.US,D,20210621,000000,32.728,32.927,32.728,32.927,1003,0
CID.US,D,20210623,000000,33.066,33.066,32.843,32.843,1074,0
CID.US,D,20210624,000000,32.877,32.877,32.877,32.877,175,0
CID.US,D,20210625,000000,32.998,33.061,32.998,33.061,222,0
CID.US,D,20210628,000000,33.007,33.007,32.937,32.947,798,0
CID.US,D,20210629,000000,32.937,32.937,32.698,32.743,8178,0
CID.US,D,20210630,000000,32.499,32.633,32.39,32.633,1494,0
CID.US,D,20210701,000000,32.648,32.673,32.648,32.673,885,0
CID.US,D,20210702,000000,32.798,32.798,32.788,32.788,628,0
CID.US,D,20210707,000000,32.827,32.827,32.618,32.68,2108,0
CID.US,D,20210708,000000,32.419,32.419,32.245,32.309,3664,0
CID.US,D,20210709,000000,32.8,32.88,32.8,32.87,1310,0
CID.US,D,20210712,000000,32.9,32.9,32.895,32.895,1076,0
CID.US,D,20210713,000000,32.82,32.9,32.7091,32.7377,887,0
CID.US,D,20210714,000000,32.76,32.8299,32.76,32.77,717,0
CID.US,D,20210715,000000,32.5,32.625,32.5,32.625,384,0
CID.US,D,20210716,000000,32.6,32.6,32.46,32.5217,265,0
CID.US,D,20210719,000000,31.87,31.9238,31.87,31.9238,481,0
CID.US,D,20210720,000000,31.9399,31.9399,31.9399,31.9399,350,0
CID.US,D,20210721,000000,32.3444,32.4184,32.3444,32.4184,516,0
CID.US,D,20210722,000000,32.3101,32.4314,32.3101,32.4314,549,0
CID.US,D,20210723,000000,32.57,32.5816,32.5015,32.5816,949,0
CID.US,D,20210726,000000,32.7059,32.7059,32.6858,32.6858,278,0
CID.US,D,20210727,000000,32.53,32.74,32.53,32.6963,1943,0
CID.US,D,20210728,000000,32.69,32.8218,32.69,32.8218,6286,0
CID.US,D,20210730,000000,32.83,32.83,32.7741,32.7741,557,0
CID.US,D,20210802,000000,32.91,32.9187,32.8,32.8,979,0
CID.US,D,20210803,000000,32.8723,32.9463,32.8723,32.9463,1653,0
CID.US,D,20210804,000000,32.875,32.875,32.855,32.855,479,0
CID.US,D,20210806,000000,32.8436,32.8459,32.81,32.8459,1095,0
CID.US,D,20210809,000000,32.7917,32.862,32.47,32.69,101737,0
CID.US,D,20210810,000000,32.695,32.7,32.695,32.7,323,0
CID.US,D,20210811,000000,32.9927,33.02,32.84,33.005,10523,0
CID.US,D,20210812,000000,32.99,33.075,32.9859,33.03,6499,0
CID.US,D,20210813,000000,33.1042,33.2933,33.1001,33.24,9341,0
CID.US,D,20210816,000000,33.06,33.25,32.97,33.0346,15675,0
CID.US,D,20210817,000000,33.12,33.12,32.84,32.86,2307,0
CID.US,D,20210818,000000,32.89,32.92,32.848,32.92,2500,0
CID.US,D,20210819,000000,32.71,32.71,32.51,32.51,1551,0
CID.US,D,20210820,000000,32.6399,32.64,32.6399,32.64,864,0
CID.US,D,20210824,000000,32.92,33.01,32.86,32.91,2400,0
CID.US,D,20210825,000000,32.8082,32.9,32.8082,32.9,967,0
CID.US,D,20210826,000000,32.6607,32.8,32.655,32.735,5984,0
CID.US,D,20210827,000000,32.5826,32.9384,32.5826,32.9384,2362,0
CID.US,D,20210830,000000,32.7809,32.7809,32.7809,32.7809,623,0
CID.US,D,20210901,000000,33.008,33.01,32.91,32.975,828,0
