<TICKER>,<PER>,<DATE>,<TIME>,<OPEN>,<HIGH>,<LOW>,<CLOSE>,<VOL>,<OPENINT>
CNCR.US,D,20151015,000000,25.151,28.216,24.918,28.216,138650,0
CNCR.US,D,20151016,000000,26.562,26.649,25.93,26.251,218406,0
CNCR.US,D,20151019,000000,26.465,27.107,25.56,26.465,111413,0
CNCR.US,D,20151020,000000,26.649,26.659,25.56,25.754,60130,0
CNCR.US,D,20151021,000000,25.813,26.182,24.947,25.511,49231,0
CNCR.US,D,20151022,000000,25.94,26.094,25.209,25.637,24256,0
CNCR.US,D,20151023,000000,26.017,26.367,25.851,26.319,27339,0
CNCR.US,D,20151026,000000,26.679,26.756,25.948,26.465,17164,0
CNCR.US,D,20151027,000000,26.61,26.951,26.367,26.951,30320,0
CNCR.US,D,20151028,000000,27.457,27.759,26.513,27.759,50567,0
CNCR.US,D,20151029,000000,27.933,28.03,27.107,27.136,29908,0
CNCR.US,D,20151030,000000,27.437,27.437,26.679,26.902,22817,0
CNCR.US,D,20151102,000000,27.36,28.391,26.922,28.391,54514,0
CNCR.US,D,20151103,000000,28.946,29.062,27.856,28.994,83251,0
CNCR.US,D,20151104,000000,29.286,29.286,28.507,29.111,34694,0
CNCR.US,D,20151105,000000,29.433,29.433,28.488,28.878,26106,0
CNCR.US,D,20151106,000000,29.383,29.383,28.353,28.878,34637,0
CNCR.US,D,20151109,000000,29.052,29.306,28.761,29.266,24140,0
CNCR.US,D,20151110,000000,29.209,29.443,29.042,29.433,24564,0
CNCR.US,D,20151111,000000,29.675,29.744,28.829,28.829,27751,0
CNCR.US,D,20151112,000000,28.916,28.916,28.177,28.177,15828,0
CNCR.US,D,20151113,000000,28.431,28.878,27.749,28.567,14183,0
CNCR.US,D,20151116,000000,28.411,28.731,27.768,28.323,22611,0
CNCR.US,D,20151117,000000,28.79,28.878,28.167,28.488,19323,0
CNCR.US,D,20151118,000000,28.703,29.092,28.507,29.092,10073,0
CNCR.US,D,20151119,000000,29.617,29.617,28.468,28.644,13259,0
CNCR.US,D,20151120,000000,28.78,28.966,28.595,28.799,11100,0
CNCR.US,D,20151123,000000,28.819,29.539,28.771,29.383,28058,0
CNCR.US,D,20151124,000000,29.452,29.452,28.858,29.344,15828,0
CNCR.US,D,20151125,000000,29.666,30.182,29.559,30.084,43064,0
CNCR.US,D,20151127,000000,30.308,30.415,30.162,30.318,22611,0
CNCR.US,D,20151130,000000,30.649,30.649,29.675,29.958,36178,0
CNCR.US,D,20151201,000000,30.386,30.386,29.413,29.801,26926,0
CNCR.US,D,20151202,000000,30.25,30.318,29.695,29.734,20669,0
CNCR.US,D,20151203,000000,29.744,29.954,28.625,28.878,16204,0
CNCR.US,D,20151204,000000,28.946,29.383,28.731,29.335,14492,0
CNCR.US,D,20151207,000000,29.627,29.627,27.963,28.07,25489,0
CNCR.US,D,20151208,000000,28.119,28.448,27.624,28.313,12255,0
CNCR.US,D,20151209,000000,28.353,28.353,27.136,27.331,36178,0
CNCR.US,D,20151210,000000,27.214,27.749,27.214,27.613,28367,0
CNCR.US,D,20151211,000000,27.331,27.467,26.747,26.776,30320,0
CNCR.US,D,20151214,000000,26.756,26.756,25.958,26.222,14654,0
CNCR.US,D,20151215,000000,26.902,26.902,26.425,26.816,11408,0
CNCR.US,D,20151216,000000,27.184,28.06,27.146,27.992,27133,0
CNCR.US,D,20151217,000000,28.226,28.459,27.341,27.486,29497,0
CNCR.US,D,20151218,000000,27.584,27.778,27.427,27.477,16240,0
CNCR.US,D,20151221,000000,28.05,28.05,27.243,27.593,6988,0
CNCR.US,D,20151222,000000,27.709,27.729,27.379,27.495,5520,0
CNCR.US,D,20151223,000000,27.749,28.235,27.584,28.099,11820,0
CNCR.US,D,20151224,000000,28.654,28.654,28.182,28.329,7996,0
CNCR.US,D,20151228,000000,28.838,28.838,27.584,27.661,10726,0
CNCR.US,D,20151229,000000,27.823,28.3,27.823,28.243,16091,0
CNCR.US,D,20151230,000000,28.477,28.477,28.097,28.331,2869,0
CNCR.US,D,20151231,000000,28.281,28.281,27.852,27.852,7782,0
CNCR.US,D,20160104,000000,27.892,27.892,26.661,26.856,21989,0
CNCR.US,D,20160105,000000,27.061,27.081,26.548,26.721,10074,0
CNCR.US,D,20160106,000000,26.476,26.476,25.401,25.638,19535,0
CNCR.US,D,20160107,000000,25.333,25.333,24.161,24.161,27292,0
CNCR.US,D,20160108,000000,25.567,25.567,23.682,23.75,30970,0
CNCR.US,D,20160111,000000,23.731,23.855,21.924,22.461,40227,0
CNCR.US,D,20160112,000000,22.96,23.639,22.119,22.881,20630,0
CNCR.US,D,20160113,000000,23.165,23.203,21.177,21.197,25212,0
CNCR.US,D,20160114,000000,21.544,22.128,20.489,21.846,24774,0
CNCR.US,D,20160115,000000,20.684,21.387,20.542,21.362,23638,0
CNCR.US,D,20160119,000000,21.387,21.787,20.313,20.782,18330,0
CNCR.US,D,20160120,000000,19.59,21.739,19.59,21.46,29638,0
CNCR.US,D,20160121,000000,21.377,22.022,21.231,21.338,7339,0
CNCR.US,D,20160122,000000,23.33,23.33,21.524,21.739,27898,0
CNCR.US,D,20160125,000000,21.876,22.178,21.709,21.709,25382,0
CNCR.US,D,20160126,000000,21.358,21.68,20.93,21.534,6574,0
CNCR.US,D,20160127,000000,21.564,21.564,20.508,20.548,8050,0
CNCR.US,D,20160128,000000,20.216,20.293,19.786,19.796,14607,0
CNCR.US,D,20160129,000000,19.561,20.284,19.561,20.244,10837,0
CNCR.US,D,20160201,000000,20.411,20.612,19.905,20.567,9858,0
CNCR.US,D,20160202,000000,20.586,20.586,19.661,19.893,5167,0
CNCR.US,D,20160203,000000,20.079,20.079,19.033,19.517,7575,0
CNCR.US,D,20160204,000000,19.512,20.45,19.512,19.959,2974,0
CNCR.US,D,20160205,000000,19.679,19.679,19.209,19.235,20313,0
CNCR.US,D,20160208,000000,18.272,18.663,18.138,18.408,14423,0
CNCR.US,D,20160209,000000,18.164,18.669,17.947,18.653,9403,0
CNCR.US,D,20160210,000000,18.553,19.132,18.536,18.536,10566,0
CNCR.US,D,20160211,000000,17.807,18.338,17.807,18.213,13084,0
CNCR.US,D,20160212,000000,18.373,18.75,18.136,18.75,4673,0
CNCR.US,D,20160216,000000,19.766,19.766,19.251,19.695,12384,0
CNCR.US,D,20160217,000000,20.459,20.495,20.028,20.411,24389,0
CNCR.US,D,20160218,000000,20.84,20.84,19.823,19.844,8713,0
CNCR.US,D,20160219,000000,19.483,20.039,19.483,20.039,2203,0
CNCR.US,D,20160222,000000,21.182,21.182,20.107,20.166,15409,0
CNCR.US,D,20160223,000000,20.186,20.186,19.464,19.464,7438,0
CNCR.US,D,20160224,000000,19.132,19.649,18.849,19.58,10600,0
CNCR.US,D,20160225,000000,19.874,19.874,19.542,19.542,951,0
CNCR.US,D,20160226,000000,19.915,20.208,19.594,20.208,4106,0
CNCR.US,D,20160229,000000,20.411,20.411,19.58,19.587,7399,0
CNCR.US,D,20160301,000000,19.697,20.675,19.697,20.651,10211,0
CNCR.US,D,20160302,000000,20.44,21.475,20.44,21.458,7816,0
CNCR.US,D,20160303,000000,21.807,21.807,21.154,21.368,11143,0
CNCR.US,D,20160304,000000,21.563,22.012,21.192,21.573,8160,0
CNCR.US,D,20160307,000000,21.495,22.227,21.436,21.839,8976,0
CNCR.US,D,20160308,000000,22.286,22.286,21.192,21.192,16474,0
CNCR.US,D,20160309,000000,21.016,21.016,20.655,20.85,8580,0
CNCR.US,D,20160310,000000,20.88,20.892,20.069,20.206,5457,0
CNCR.US,D,20160311,000000,21.075,21.075,20.186,20.821,11633,0
CNCR.US,D,20160314,000000,20.538,21.113,20.538,20.977,25650,0
CNCR.US,D,20160315,000000,20.567,20.567,19.734,19.857,4787,0
CNCR.US,D,20160316,000000,19.981,20.029,19.512,19.737,9569,0
CNCR.US,D,20160317,000000,19.551,19.805,19.102,19.707,9348,0
CNCR.US,D,20160318,000000,19.542,20.361,19.542,20.225,14340,0
CNCR.US,D,20160321,000000,20.44,20.967,20.417,20.791,13669,0
CNCR.US,D,20160322,000000,21.037,21.377,21.037,21.348,28108,0
CNCR.US,D,20160323,000000,21.28,21.281,20.166,20.166,3086,0
CNCR.US,D,20160324,000000,19.815,20.5,19.776,20.136,4946,0
CNCR.US,D,20160328,000000,20.176,20.295,20.02,20.166,2880,0
CNCR.US,D,20160329,000000,19.784,20.4,19.784,20.391,1076,0
CNCR.US,D,20160330,000000,20.333,21.217,20.333,20.726,12211,0
CNCR.US,D,20160331,000000,20.763,21.591,20.763,21.192,9588,0
CNCR.US,D,20160401,000000,21.436,21.769,21.387,21.729,9487,0
CNCR.US,D,20160404,000000,22.002,22.632,22.002,22.152,20939,0
CNCR.US,D,20160405,000000,22.286,22.483,22.071,22.119,6540,0
CNCR.US,D,20160406,000000,22.296,23.438,22.296,23.438,29464,0
CNCR.US,D,20160407,000000,23.389,23.75,22.943,23.481,5582,0
CNCR.US,D,20160408,000000,23.477,23.477,22.774,22.891,8097,0
CNCR.US,D,20160411,000000,23.311,23.311,22.413,22.471,6151,0
CNCR.US,D,20160412,000000,22.491,22.656,22.364,22.638,12187,0
CNCR.US,D,20160413,000000,23.048,23.36,22.706,23.262,14793,0
CNCR.US,D,20160414,000000,23.604,23.604,23.212,23.36,8301,0
CNCR.US,D,20160415,000000,23.196,23.409,23.096,23.376,6523,0
CNCR.US,D,20160418,000000,23.409,23.634,23.057,23.476,6526,0
CNCR.US,D,20160419,000000,23.702,23.702,22.924,23.184,8353,0
CNCR.US,D,20160420,000000,23.266,23.36,22.958,23.088,7487,0
CNCR.US,D,20160421,000000,23.191,23.614,23.191,23.481,16749,0
CNCR.US,D,20160422,000000,23.679,23.767,23.36,23.702,7057,0
CNCR.US,D,20160425,000000,23.672,23.712,23.672,23.682,1413,0
CNCR.US,D,20160426,000000,23.672,23.672,22.784,22.942,7214,0
CNCR.US,D,20160427,000000,23.087,23.087,22.559,22.745,3220,0
CNCR.US,D,20160428,000000,22.576,23.183,22.461,22.676,4864,0
CNCR.US,D,20160429,000000,22.461,22.53,22.012,22.175,8459,0
CNCR.US,D,20160502,000000,22.198,22.451,21.974,22.451,6028,0
CNCR.US,D,20160503,000000,22.056,22.119,21.807,21.807,4336,0
CNCR.US,D,20160504,000000,21.632,21.632,20.918,20.918,13129,0
CNCR.US,D,20160505,000000,21.095,21.095,20.498,20.713,35683,0
CNCR.US,D,20160506,000000,20.88,20.88,20.274,20.645,9544,0
CNCR.US,D,20160509,000000,21.021,21.794,21.021,21.651,7281,0
CNCR.US,D,20160510,000000,21.729,21.729,21.006,21.269,24908,0
CNCR.US,D,20160511,000000,21.104,21.418,20.733,20.733,6898,0
CNCR.US,D,20160512,000000,21.065,21.065,20.001,20.274,11505,0
CNCR.US,D,20160513,000000,20.221,20.635,20.221,20.421,6364,0
CNCR.US,D,20160516,000000,20.498,20.95,20.498,20.733,2242,0
CNCR.US,D,20160517,000000,20.977,21.133,20.701,20.701,10706,0
CNCR.US,D,20160518,000000,20.518,21.228,20.518,21.163,7481,0
CNCR.US,D,20160519,000000,21.104,21.24,20.753,20.821,3465,0
CNCR.US,D,20160520,000000,20.811,21.582,20.811,21.514,14484,0
CNCR.US,D,20160523,000000,21.455,22.169,21.455,21.944,22278,0
CNCR.US,D,20160524,000000,22.432,22.442,22.051,22.276,18973,0
CNCR.US,D,20160525,000000,22.347,22.638,22.347,22.505,8374,0
CNCR.US,D,20160526,000000,22.666,22.666,22.441,22.491,3152,0
CNCR.US,D,20160527,000000,22.354,22.603,22.282,22.54,3669,0
CNCR.US,D,20160531,000000,22.823,23.34,22.823,23.149,17519,0
CNCR.US,D,20160601,000000,23.32,23.409,23.096,23.292,14233,0
CNCR.US,D,20160602,000000,23.155,24.044,23.155,23.994,48177,0
CNCR.US,D,20160603,000000,24.073,24.082,23.428,23.685,25451,0
CNCR.US,D,20160606,000000,23.956,24.249,23.438,24.199,20447,0
CNCR.US,D,20160607,000000,24.356,24.356,23.77,23.858,10122,0
CNCR.US,D,20160608,000000,23.692,23.936,23.692,23.819,23647,0
CNCR.US,D,20160609,000000,23.819,23.819,23.151,23.19,15230,0
CNCR.US,D,20160610,000000,22.96,22.96,22.383,22.565,19160,0
CNCR.US,D,20160613,000000,22.461,22.755,22.081,22.081,16156,0
CNCR.US,D,20160614,000000,22.109,22.119,21.632,21.783,5054,0
CNCR.US,D,20160615,000000,22.129,22.364,22.117,22.159,9208,0
CNCR.US,D,20160616,000000,22.227,22.237,21.773,22.227,4889,0
CNCR.US,D,20160617,000000,22.344,22.344,21.636,21.636,9653,0
CNCR.US,D,20160620,000000,22.286,22.436,22.237,22.276,5524,0
CNCR.US,D,20160621,000000,22.411,22.411,21.857,22.081,3005,0
CNCR.US,D,20160622,000000,22.276,22.432,21.787,21.885,3665,0
CNCR.US,D,20160623,000000,22.071,22.393,21.975,22.38,2968,0
CNCR.US,D,20160624,000000,21.114,21.758,21.006,21.338,21851,0
CNCR.US,D,20160627,000000,21.006,21.172,20.274,20.402,31690,0
CNCR.US,D,20160628,000000,20.801,21.601,20.801,21.55,11997,0
CNCR.US,D,20160629,000000,21.68,22.169,21.68,22.159,12849,0
CNCR.US,D,20160630,000000,22.423,22.423,22.022,22.193,8715,0
CNCR.US,D,20160701,000000,22.217,22.881,22.217,22.881,9729,0
CNCR.US,D,20160705,000000,22.833,22.833,22.52,22.52,4176,0
CNCR.US,D,20160706,000000,22.461,23.008,22.334,22.97,7197,0
CNCR.US,D,20160707,000000,23.077,23.077,22.79,22.79,2723,0
CNCR.US,D,20160708,000000,22.608,23.147,22.608,23.018,9057,0
CNCR.US,D,20160711,000000,23.223,23.233,22.929,22.929,6685,0
CNCR.US,D,20160712,000000,23.096,23.165,22.95,23.165,3969,0
CNCR.US,D,20160713,000000,23.446,23.446,22.656,22.656,6662,0
CNCR.US,D,20160714,000000,22.488,22.618,22.36,22.42,4609,0
CNCR.US,D,20160715,000000,22.403,22.569,22.287,22.569,4969,0
CNCR.US,D,20160718,000000,22.676,22.745,22.488,22.52,8548,0
CNCR.US,D,20160719,000000,22.56,22.686,21.908,21.924,7104,0
CNCR.US,D,20160720,000000,21.866,22.661,21.866,22.598,3764,0
CNCR.US,D,20160721,000000,22.844,22.971,22.785,22.871,5297,0
CNCR.US,D,20160722,000000,22.851,22.851,22.656,22.715,4306,0
CNCR.US,D,20160725,000000,22.781,22.832,22.599,22.803,6633,0
CNCR.US,D,20160726,000000,22.996,23.056,22.911,22.911,2345,0
CNCR.US,D,20160727,000000,23.467,23.728,23.438,23.728,3696,0
CNCR.US,D,20160728,000000,23.877,23.877,23.535,23.731,3612,0
CNCR.US,D,20160729,000000,23.545,23.924,23.482,23.904,8914,0
CNCR.US,D,20160801,000000,23.839,24.395,23.839,24.194,8987,0
CNCR.US,D,20160802,000000,24.249,24.414,23.858,24.285,39099,0
CNCR.US,D,20160803,000000,24.249,25.001,24.249,25.001,18482,0
CNCR.US,D,20160804,000000,25.088,25.137,24.748,24.805,6032,0
CNCR.US,D,20160805,000000,24.991,25.42,24.778,25.293,21780,0
CNCR.US,D,20160808,000000,25.392,25.523,24.775,24.805,11282,0
CNCR.US,D,20160809,000000,24.678,25.123,24.678,25.089,8528,0
CNCR.US,D,20160810,000000,24.903,24.966,24.443,24.443,2713,0
CNCR.US,D,20160811,000000,24.424,24.732,24.307,24.573,5873,0
CNCR.US,D,20160812,000000,25.245,25.245,24.484,24.971,7122,0
CNCR.US,D,20160815,000000,25.118,25.517,24.954,25.313,27405,0
CNCR.US,D,20160816,000000,25.147,25.162,25.001,25.026,2800,0
CNCR.US,D,20160817,000000,24.84,24.84,24.424,24.467,14723,0
CNCR.US,D,20160818,000000,24.758,24.758,24.414,24.504,5376,0
CNCR.US,D,20160819,000000,24.495,24.495,24.307,24.336,5405,0
CNCR.US,D,20160822,000000,24.718,24.903,24.648,24.805,6545,0
CNCR.US,D,20160823,000000,24.903,24.903,24.783,24.893,2242,0
CNCR.US,D,20160824,000000,25.049,25.049,23.635,23.702,7813,0
CNCR.US,D,20160825,000000,23.702,24.019,23.057,23.426,17949,0
CNCR.US,D,20160826,000000,23.643,23.908,23.438,23.76,5272,0
CNCR.US,D,20160829,000000,23.692,23.966,23.634,23.966,5852,0
CNCR.US,D,20160830,000000,23.946,24.063,23.859,23.971,5475,0
CNCR.US,D,20160831,000000,23.81,23.81,23.409,23.517,5721,0
CNCR.US,D,20160901,000000,23.467,23.503,23.399,23.467,8924,0
CNCR.US,D,20160902,000000,23.653,23.653,23.526,23.526,5121,0
CNCR.US,D,20160906,000000,23.575,24.09,23.535,24.049,7604,0
CNCR.US,D,20160907,000000,24.171,24.249,24.054,24.249,3105,0
CNCR.US,D,20160908,000000,24.239,24.513,24.239,24.503,14277,0
CNCR.US,D,20160909,000000,24.307,24.307,23.8,23.819,9696,0
CNCR.US,D,20160912,000000,23.438,24.441,23.379,24.441,9319,0
CNCR.US,D,20160913,000000,23.682,23.966,23.535,23.966,2971,0
CNCR.US,D,20160914,000000,24.054,24.565,24.054,24.565,7797,0
CNCR.US,D,20160915,000000,24.561,25.001,24.561,24.951,4159,0
CNCR.US,D,20160916,000000,24.903,25.176,24.903,25.05,5070,0
CNCR.US,D,20160919,000000,25.392,25.392,24.903,24.961,6386,0
CNCR.US,D,20160920,000000,25.196,25.416,25.196,25.342,3676,0
CNCR.US,D,20160921,000000,25.493,25.573,24.835,25.489,13261,0
CNCR.US,D,20160922,000000,25.582,25.602,25.415,25.567,3098,0
CNCR.US,D,20160923,000000,25.704,25.757,25.479,25.479,7393,0
CNCR.US,D,20160926,000000,25.499,25.499,24.933,25.04,8074,0
CNCR.US,D,20160927,000000,25.225,25.665,25.225,25.665,6558,0
CNCR.US,D,20160928,000000,25.85,25.85,25.392,25.691,2955,0
CNCR.US,D,20160929,000000,25.587,25.587,24.816,24.835,4600,0
CNCR.US,D,20160930,000000,24.893,25.256,24.893,25.205,2494,0
CNCR.US,D,20161003,000000,24.913,25.098,24.835,25.098,3093,0
CNCR.US,D,20161004,000000,25.235,25.518,25.098,25.098,9989,0
CNCR.US,D,20161005,000000,25.283,25.684,25.283,25.489,6046,0
CNCR.US,D,20161006,000000,25.167,25.167,24.805,24.825,5550,0
CNCR.US,D,20161007,000000,24.825,24.825,24.643,24.647,1418,0
CNCR.US,D,20161010,000000,25.01,25.302,25.01,25.293,2560,0
CNCR.US,D,20161011,000000,25.303,25.303,24.219,24.321,7303,0
CNCR.US,D,20161012,000000,24.054,24.319,23.223,23.302,6240,0
CNCR.US,D,20161013,000000,22.833,23.302,22.833,23.018,10526,0
CNCR.US,D,20161014,000000,23.096,23.096,22.256,22.286,14422,0
CNCR.US,D,20161017,000000,22.354,22.354,21.867,22.101,8652,0
CNCR.US,D,20161018,000000,22.325,22.416,22.325,22.374,3156,0
CNCR.US,D,20161019,000000,22.296,22.296,21.83,22.002,7713,0
CNCR.US,D,20161020,000000,21.817,22.5,21.817,22.349,2599,0
CNCR.US,D,20161021,000000,22.198,22.497,22.198,22.266,7565,0
CNCR.US,D,20161024,000000,22.198,22.198,21.872,21.876,8239,0
CNCR.US,D,20161025,000000,21.739,21.876,21.618,21.68,2773,0
CNCR.US,D,20161026,000000,21.632,21.632,21.212,21.35,10958,0
CNCR.US,D,20161027,000000,21.29,21.634,20.85,20.85,15371,0
CNCR.US,D,20161028,000000,20.723,20.753,20.323,20.565,12109,0
CNCR.US,D,20161031,000000,20.645,20.645,20.431,20.558,6510,0
CNCR.US,D,20161101,000000,20.691,20.729,20.43,20.674,2438,0
CNCR.US,D,20161102,000000,20.508,20.508,20.186,20.216,10219,0
CNCR.US,D,20161103,000000,20.216,20.216,19.356,19.356,27089,0
CNCR.US,D,20161104,000000,19.361,20.11,19.361,20.011,7688,0
CNCR.US,D,20161107,000000,19.932,20.928,19.932,20.88,18343,0
CNCR.US,D,20161108,000000,21.026,21.246,20.703,21.246,2875,0
CNCR.US,D,20161109,000000,21.563,23.165,21.563,23.165,33436,0
CNCR.US,D,20161110,000000,23.585,23.966,23.067,23.76,15189,0
CNCR.US,D,20161111,000000,23.716,24.034,23.616,24.033,4712,0
CNCR.US,D,20161114,000000,24.259,24.689,24.006,24.689,8009,0
CNCR.US,D,20161115,000000,24.678,24.801,24.306,24.705,6470,0
CNCR.US,D,20161116,000000,24.629,24.967,24.176,24.207,7822,0
CNCR.US,D,20161117,000000,24.181,24.239,23.858,24.052,9403,0
CNCR.US,D,20161118,000000,24.278,24.278,23.78,23.926,6890,0
CNCR.US,D,20161121,000000,23.917,24.126,23.907,24.024,2495,0
CNCR.US,D,20161122,000000,24.137,24.137,23.36,23.557,132264,0
CNCR.US,D,20161123,000000,23.213,23.555,22.677,23.555,9028,0
CNCR.US,D,20161125,000000,23.535,23.765,23.535,23.765,1558,0
CNCR.US,D,20161128,000000,23.809,23.809,22.784,22.791,6910,0
CNCR.US,D,20161129,000000,22.911,23.041,22.843,22.843,5692,0
CNCR.US,D,20161130,000000,22.95,22.97,22.169,22.169,7627,0
CNCR.US,D,20161201,000000,22.276,22.276,21.562,21.563,4578,0
CNCR.US,D,20161202,000000,21.632,22.149,21.632,22.037,2892,0
CNCR.US,D,20161205,000000,22.54,22.774,22.344,22.354,11480,0
CNCR.US,D,20161206,000000,22.52,22.895,22.354,22.895,5559,0
CNCR.US,D,20161207,000000,22.471,22.471,21.544,21.974,14978,0
CNCR.US,D,20161208,000000,21.797,21.974,21.485,21.974,34883,0
CNCR.US,D,20161209,000000,21.983,22.413,21.983,22.256,7432,0
CNCR.US,D,20161212,000000,22.041,22.122,21.865,21.895,2967,0
CNCR.US,D,20161213,000000,22.063,22.063,21.92,21.92,1171,0
CNCR.US,D,20161214,000000,21.974,21.974,21.477,21.533,4044,0
CNCR.US,D,20161215,000000,21.719,21.743,21.719,21.743,1331,0
CNCR.US,D,20161216,000000,21.954,22.311,21.69,21.974,13058,0
CNCR.US,D,20161219,000000,21.846,22.149,21.578,21.593,5904,0
CNCR.US,D,20161220,000000,21.29,21.827,21.29,21.602,20819,0
CNCR.US,D,20161221,000000,21.572,21.642,21.196,21.196,4172,0
CNCR.US,D,20161222,000000,21.075,21.134,20.733,20.733,7704,0
CNCR.US,D,20161223,000000,20.997,21.572,20.997,21.563,5496,0
CNCR.US,D,20161227,000000,21.827,21.914,21.534,21.534,10602,0
CNCR.US,D,20161228,000000,21.192,21.3,20.86,20.86,14225,0
CNCR.US,D,20161229,000000,21.077,21.134,20.801,20.882,5960,0
CNCR.US,D,20161230,000000,21.037,21.037,20.655,20.746,10764,0
CNCR.US,D,20170103,000000,21.368,21.368,20.811,21.114,7642,0
CNCR.US,D,20170104,000000,21.317,21.885,21.317,21.843,17327,0
CNCR.US,D,20170105,000000,21.749,21.974,21.714,21.914,6415,0
CNCR.US,D,20170106,000000,22.061,22.261,21.888,22.119,11885,0
CNCR.US,D,20170109,000000,22.403,22.442,22.091,22.364,5109,0
CNCR.US,D,20170110,000000,22.666,22.666,21.974,22.307,5344,0
CNCR.US,D,20170111,000000,22.217,22.217,21.485,21.729,13211,0
CNCR.US,D,20170112,000000,21.739,22.071,21.372,21.759,6585,0
CNCR.US,D,20170113,000000,21.68,22.208,21.68,22.001,5516,0
CNCR.US,D,20170117,000000,22.061,22.061,21.29,21.29,13949,0
CNCR.US,D,20170118,000000,21.222,21.35,21.222,21.35,3214,0
CNCR.US,D,20170119,000000,21.114,21.212,20.898,20.987,8858,0
CNCR.US,D,20170120,000000,20.977,20.977,20.801,20.83,2952,0
CNCR.US,D,20170123,000000,20.85,20.86,20.538,20.685,5140,0
CNCR.US,D,20170124,000000,20.606,20.751,20.279,20.751,19875,0
CNCR.US,D,20170125,000000,20.772,21.045,20.772,20.988,4687,0
CNCR.US,D,20170126,000000,21.172,21.172,20.948,20.948,294,0
CNCR.US,D,20170127,000000,20.86,21.16,20.86,21.114,2272,0
CNCR.US,D,20170130,000000,20.898,20.898,20.528,20.626,5337,0
CNCR.US,D,20170131,000000,20.675,21.509,20.675,21.509,11063,0
CNCR.US,D,20170201,000000,21.651,21.699,21.504,21.514,7585,0
CNCR.US,D,20170202,000000,21.524,21.63,21.387,21.602,11270,0
CNCR.US,D,20170203,000000,21.807,22.097,21.787,22.091,365251,0
CNCR.US,D,20170206,000000,22.061,22.208,21.928,22.094,5591,0
CNCR.US,D,20170207,000000,22.276,22.276,21.832,21.876,6517,0
CNCR.US,D,20170208,000000,21.876,21.876,21.544,21.865,3695,0
CNCR.US,D,20170209,000000,21.777,22.266,21.777,22.149,12632,0
CNCR.US,D,20170210,000000,22.286,22.344,22.026,22.124,7626,0
CNCR.US,D,20170213,000000,22.188,22.471,22.139,22.139,12630,0
CNCR.US,D,20170214,000000,22.217,22.588,22.153,22.588,11944,0
CNCR.US,D,20170215,000000,22.364,22.92,22.364,22.92,9097,0
CNCR.US,D,20170216,000000,22.843,22.843,22.527,22.725,3387,0
CNCR.US,D,20170217,000000,22.413,22.92,22.413,22.92,7731,0
CNCR.US,D,20170221,000000,23.018,23.018,22.618,22.723,15378,0
CNCR.US,D,20170222,000000,22.481,22.706,22.354,22.398,8829,0
CNCR.US,D,20170223,000000,22.413,22.413,21.802,21.964,26691,0
CNCR.US,D,20170224,000000,21.582,21.833,21.582,21.739,5853,0
CNCR.US,D,20170227,000000,21.759,22.891,21.759,22.891,17109,0
CNCR.US,D,20170228,000000,22.93,23.279,22.628,23.018,17557,0
CNCR.US,D,20170301,000000,23.243,23.575,23.155,23.575,15844,0
CNCR.US,D,20170302,000000,23.36,23.941,23.236,23.489,6490,0
CNCR.US,D,20170303,000000,23.337,23.75,23.337,23.657,12305,0
CNCR.US,D,20170306,000000,23.692,23.692,23.33,23.419,14097,0
CNCR.US,D,20170307,000000,23.194,23.194,22.769,22.769,13362,0
CNCR.US,D,20170308,000000,22.95,23.497,22.95,23.204,7014,0
CNCR.US,D,20170309,000000,23.008,23.608,23.008,23.596,11076,0
CNCR.US,D,20170310,000000,23.672,24.161,23.604,24.161,11728,0
CNCR.US,D,20170313,000000,24.161,24.424,24.161,24.332,6305,0
CNCR.US,D,20170314,000000,23.994,23.997,23.682,23.731,10057,0
CNCR.US,D,20170315,000000,23.808,24.22,23.672,24.161,12115,0
CNCR.US,D,20170316,000000,24.278,24.278,23.77,23.897,6306,0
CNCR.US,D,20170317,000000,23.77,23.943,23.682,23.914,7327,0
CNCR.US,D,20170320,000000,24.004,24.313,24.004,24.131,10870,0
CNCR.US,D,20170321,000000,24.024,24.405,22.98,23.008,28709,0
CNCR.US,D,20170322,000000,22.843,23.038,22.707,23.038,13601,0
CNCR.US,D,20170323,000000,23.006,23.272,22.938,22.938,5850,0
CNCR.US,D,20170324,000000,22.891,23.048,22.881,22.9,8261,0
CNCR.US,D,20170327,000000,22.559,23.344,22.559,23.33,6687,0
CNCR.US,D,20170328,000000,23.194,23.34,23.008,23.185,59004,0
CNCR.US,D,20170329,000000,23.262,23.809,23.194,23.585,33473,0
CNCR.US,D,20170330,000000,23.712,23.722,23.38,23.604,19416,0
CNCR.US,D,20170331,000000,23.682,23.887,23.502,23.731,42430,0
CNCR.US,D,20170403,000000,23.897,23.926,23.438,23.457,22275,0
CNCR.US,D,20170404,000000,23.262,23.34,23.005,23.252,20752,0
CNCR.US,D,20170405,000000,23.35,23.389,22.486,22.54,20137,0
CNCR.US,D,20170406,000000,22.608,22.608,22.109,22.208,13780,0
CNCR.US,D,20170407,000000,22.208,22.246,21.998,22.246,9860,0
CNCR.US,D,20170410,000000,22.403,22.618,22.311,22.398,14891,0
CNCR.US,D,20170411,000000,22.417,22.417,22.019,22.168,12521,0
CNCR.US,D,20170412,000000,22.217,22.306,22.052,22.237,9549,0
CNCR.US,D,20170413,000000,22.129,22.324,22.071,22.244,8543,0
CNCR.US,D,20170417,000000,22.334,22.393,22.041,22.334,35182,0
CNCR.US,D,20170418,000000,22.256,22.276,21.866,22.022,32184,0
CNCR.US,D,20170419,000000,22.178,22.364,21.983,22.178,15956,0
CNCR.US,D,20170420,000000,22.481,22.569,22.276,22.501,19746,0
CNCR.US,D,20170421,000000,22.511,22.599,22.095,22.188,22377,0
CNCR.US,D,20170424,000000,22.764,22.764,22.237,22.52,20676,0
CNCR.US,D,20170425,000000,22.813,23.004,22.699,22.95,26426,0
CNCR.US,D,20170426,000000,23.008,23.281,22.93,23.252,15193,0
CNCR.US,D,20170427,000000,23.33,23.35,23.121,23.121,19204,0
CNCR.US,D,20170428,000000,23.169,23.169,22.755,22.823,18240,0
CNCR.US,D,20170501,000000,22.92,22.96,22.774,22.96,9398,0
CNCR.US,D,20170502,000000,22.95,22.95,22.501,22.576,16449,0
CNCR.US,D,20170503,000000,22.628,22.628,22.306,22.364,8958,0
CNCR.US,D,20170504,000000,22.461,22.662,22.364,22.559,6705,0
CNCR.US,D,20170505,000000,22.461,22.461,21.871,22.081,23893,0
CNCR.US,D,20170508,000000,22.091,22.091,21.25,21.25,16153,0
CNCR.US,D,20170509,000000,21.485,21.51,21.293,21.485,10844,0
CNCR.US,D,20170510,000000,21.622,21.657,21.393,21.514,9168,0
CNCR.US,D,20170511,000000,21.485,21.485,21.182,21.46,6418,0
CNCR.US,D,20170512,000000,21.612,22.061,21.46,22.061,12975,0
CNCR.US,D,20170515,000000,22.208,22.548,22.18,22.309,15303,0
CNCR.US,D,20170516,000000,22.588,22.588,22.256,22.301,7775,0
CNCR.US,D,20170517,000000,22.198,22.198,21.789,21.806,10425,0
CNCR.US,D,20170518,000000,21.846,22.002,21.68,22.002,28453,0
CNCR.US,D,20170519,000000,21.846,22.169,21.68,21.68,12222,0
CNCR.US,D,20170522,000000,21.602,21.876,21.602,21.859,12801,0
CNCR.US,D,20170523,000000,21.759,22.124,21.759,22.109,6650,0
CNCR.US,D,20170524,000000,22.246,22.497,22.188,22.432,22086,0
CNCR.US,D,20170525,000000,22.315,22.344,22.051,22.086,8469,0
CNCR.US,D,20170526,000000,21.974,21.974,21.556,21.582,8739,0
CNCR.US,D,20170530,000000,21.622,21.622,21.159,21.192,9163,0
CNCR.US,D,20170531,000000,21.143,21.143,20.763,20.87,10334,0
CNCR.US,D,20170601,000000,20.85,21.465,20.85,21.348,10450,0
CNCR.US,D,20170602,000000,21.485,21.876,21.307,21.829,17519,0
CNCR.US,D,20170605,000000,22.012,22.012,21.178,21.309,14298,0
CNCR.US,D,20170606,000000,21.212,21.544,21.212,21.256,2578,0
CNCR.US,D,20170607,000000,21.514,21.514,21.095,21.3,9949,0
CNCR.US,D,20170608,000000,21.192,21.335,21.104,21.143,12081,0
CNCR.US,D,20170609,000000,21.191,21.369,20.831,21.035,16656,0
CNCR.US,D,20170612,000000,21.006,21.085,20.596,20.947,10562,0
CNCR.US,D,20170613,000000,20.908,21.104,20.908,21.104,8617,0
CNCR.US,D,20170614,000000,21.143,21.329,21.033,21.06,51355,0
CNCR.US,D,20170615,000000,20.977,20.987,20.655,20.721,25051,0
CNCR.US,D,20170616,000000,20.69,20.987,20.69,20.987,4986,0
CNCR.US,D,20170619,000000,21.123,21.612,21.123,21.602,49205,0
CNCR.US,D,20170620,000000,21.68,22.3,21.679,21.759,33751,0
CNCR.US,D,20170621,000000,22.217,22.383,21.924,22.315,55801,0
CNCR.US,D,20170622,000000,22.461,23.057,22.461,22.871,26739,0
CNCR.US,D,20170623,000000,22.833,23.141,22.54,23.123,26260,0
CNCR.US,D,20170626,000000,23.34,23.438,23.028,23.363,40416,0
CNCR.US,D,20170627,000000,23.438,23.438,22.676,22.676,30071,0
CNCR.US,D,20170628,000000,22.706,23.282,22.686,23.155,26010,0
CNCR.US,D,20170629,000000,23.302,23.302,22.501,22.803,74628,0
CNCR.US,D,20170630,000000,23.106,23.106,22.451,22.491,11767,0
CNCR.US,D,20170703,000000,22.491,22.803,22.465,22.803,16706,0
CNCR.US,D,20170705,000000,22.94,23.236,22.764,23.16,12212,0
CNCR.US,D,20170706,000000,23.087,23.219,22.862,22.897,16018,0
CNCR.US,D,20170707,000000,23.125,23.165,22.945,23.165,13661,0
CNCR.US,D,20170710,000000,23.057,23.145,22.823,22.835,13259,0
CNCR.US,D,20170711,000000,22.881,22.994,22.803,22.881,8208,0
CNCR.US,D,20170712,000000,22.97,23.086,22.911,23.086,3383,0
CNCR.US,D,20170713,000000,23.165,23.272,22.662,23.223,5594,0
CNCR.US,D,20170714,000000,23.32,23.481,23.213,23.363,9838,0
CNCR.US,D,20170717,000000,23.419,23.672,23.36,23.38,8643,0
CNCR.US,D,20170718,000000,23.454,23.454,23.282,23.409,8839,0
CNCR.US,D,20170719,000000,23.438,23.721,23.252,23.34,13787,0
CNCR.US,D,20170720,000000,23.409,23.604,23.317,23.421,11591,0
CNCR.US,D,20170721,000000,23.399,23.658,23.389,23.467,16491,0
CNCR.US,D,20170724,000000,23.624,23.822,23.488,23.822,12679,0
CNCR.US,D,20170725,000000,24.004,24.004,23.302,23.389,17947,0
CNCR.US,D,20170726,000000,23.282,23.526,23.235,23.448,11510,0
CNCR.US,D,20170727,000000,23.399,23.399,22.296,22.344,21424,0
CNCR.US,D,20170728,000000,22.491,22.735,22.364,22.656,11557,0
CNCR.US,D,20170731,000000,23.135,23.135,22.764,22.764,9870,0
CNCR.US,D,20170801,000000,22.783,22.783,22.286,22.413,9545,0
CNCR.US,D,20170802,000000,22.471,22.481,21.902,22.236,14251,0
CNCR.US,D,20170803,000000,22.276,22.403,22.101,22.324,7932,0
CNCR.US,D,20170804,000000,22.266,22.783,22.176,22.755,32007,0
CNCR.US,D,20170807,000000,22.647,23.131,22.647,23.096,7196,0
CNCR.US,D,20170808,000000,22.95,23.428,22.902,23.008,14636,0
CNCR.US,D,20170809,000000,22.715,22.774,22.403,22.501,17739,0
CNCR.US,D,20170810,000000,22.101,22.218,21.496,21.551,42384,0
CNCR.US,D,20170811,000000,21.495,21.837,21.485,21.837,19192,0
CNCR.US,D,20170814,000000,21.974,22.256,21.974,22.101,16578,0
CNCR.US,D,20170815,000000,22.101,22.149,21.924,22.062,6128,0
CNCR.US,D,20170816,000000,21.944,22.241,21.944,21.964,9845,0
CNCR.US,D,20170817,000000,21.749,21.964,21.543,21.543,15703,0
CNCR.US,D,20170818,000000,21.485,21.537,21.296,21.443,11333,0
CNCR.US,D,20170821,000000,21.24,21.436,21.24,21.319,18410,0
CNCR.US,D,20170822,000000,21.29,21.974,21.29,21.885,13799,0
CNCR.US,D,20170823,000000,21.885,22.095,21.837,22.037,13321,0
CNCR.US,D,20170824,000000,22.193,22.623,22.129,22.62,10645,0
CNCR.US,D,20170825,000000,22.451,22.669,22.451,22.479,14935,0
CNCR.US,D,20170828,000000,23.428,23.858,23.302,23.858,39588,0
CNCR.US,D,20170829,000000,23.722,24.265,23.662,24.209,20554,0
CNCR.US,D,20170830,000000,24.082,24.503,24.024,24.229,17747,0
CNCR.US,D,20170831,000000,24.493,25.205,24.449,25.118,45919,0
CNCR.US,D,20170901,000000,25.352,25.538,24.933,25.242,28935,0
CNCR.US,D,20170905,000000,25.186,25.255,24.708,25.157,26612,0
CNCR.US,D,20170906,000000,25.41,25.42,24.954,25.108,13474,0
CNCR.US,D,20170907,000000,25.47,25.762,25.147,25.712,35673,0
CNCR.US,D,20170908,000000,25.85,25.938,25.694,25.87,15144,0
CNCR.US,D,20170911,000000,26.397,26.397,25.733,25.909,30671,0
CNCR.US,D,20170912,000000,25.723,25.867,25.245,25.435,22717,0
CNCR.US,D,20170913,000000,25.392,25.782,25.352,25.704,15798,0
CNCR.US,D,20170914,000000,25.772,25.982,25.594,25.622,12144,0
CNCR.US,D,20170915,000000,25.811,26.094,25.625,26.094,10318,0
CNCR.US,D,20170918,000000,26.162,26.299,26.016,26.046,15758,0
CNCR.US,D,20170919,000000,26.192,26.221,25.879,26.026,12592,0
CNCR.US,D,20170920,000000,26.016,26.035,25.742,25.743,10479,0
CNCR.US,D,20170921,000000,25.664,25.832,25.411,25.411,10261,0
CNCR.US,D,20170922,000000,25.265,25.635,25.225,25.576,16907,0
CNCR.US,D,20170925,000000,25.352,25.889,25.352,25.81,18448,0
CNCR.US,D,20170926,000000,25.957,25.957,25.323,25.499,16362,0
CNCR.US,D,20170927,000000,25.45,26.221,25.45,26.104,12488,0
CNCR.US,D,20170928,000000,26.144,26.476,26.007,26.339,42044,0
CNCR.US,D,20170929,000000,26.202,26.49,26.202,26.426,14453,0
CNCR.US,D,20171002,000000,26.631,27.247,26.631,27.085,21766,0
CNCR.US,D,20171003,000000,27.355,27.355,26.758,27.168,13084,0
CNCR.US,D,20171004,000000,27.257,28.028,27.257,27.852,29123,0
CNCR.US,D,20171005,000000,27.989,27.989,27.403,27.687,35298,0
CNCR.US,D,20171006,000000,27.705,27.705,27.041,27.051,27083,0
CNCR.US,D,20171009,000000,27.13,27.158,26.936,27.071,9531,0
CNCR.US,D,20171010,000000,27.158,27.158,26.925,27.149,9690,0
CNCR.US,D,20171011,000000,27.149,27.149,26.73,26.818,16732,0
CNCR.US,D,20171012,000000,26.808,26.854,26.387,26.509,15340,0
CNCR.US,D,20171013,000000,26.771,26.818,26.153,26.172,31941,0
CNCR.US,D,20171016,000000,26.309,26.681,25.831,26.212,58059,0
CNCR.US,D,20171017,000000,26.084,26.23,25.733,25.85,19868,0
CNCR.US,D,20171018,000000,25.977,26.007,25.528,25.665,25157,0
CNCR.US,D,20171019,000000,25.518,25.619,25.255,25.567,24400,0
CNCR.US,D,20171020,000000,25.821,25.821,25.342,25.547,17937,0
CNCR.US,D,20171023,000000,25.742,25.742,25.018,25.04,30212,0
CNCR.US,D,20171024,000000,24.971,25.02,24.629,24.668,24339,0
CNCR.US,D,20171025,000000,24.776,24.864,24.356,24.584,20561,0
CNCR.US,D,20171026,000000,24.522,24.571,24.161,24.173,15488,0
CNCR.US,D,20171027,000000,23.966,24.835,23.966,24.805,34604,0
CNCR.US,D,20171030,000000,24.873,25.362,24.873,25.283,21554,0
CNCR.US,D,20171031,000000,25.479,25.489,24.976,25.098,15178,0
CNCR.US,D,20171101,000000,25.392,25.44,24.522,24.522,21539,0
CNCR.US,D,20171102,000000,24.551,24.893,24.356,24.786,43284,0
CNCR.US,D,20171103,000000,24.893,25.45,24.893,25.274,12113,0
CNCR.US,D,20171106,000000,25.47,25.499,25.274,25.274,8107,0
CNCR.US,D,20171107,000000,24.434,24.716,24.209,24.248,18574,0
CNCR.US,D,20171108,000000,24.151,24.327,23.967,24.171,13936,0
CNCR.US,D,20171109,000000,24.092,24.189,23.624,23.829,22328,0
CNCR.US,D,20171110,000000,23.889,24.229,23.777,24.161,11974,0
CNCR.US,D,20171113,000000,24.161,24.161,23.528,23.545,23016,0
CNCR.US,D,20171114,000000,23.487,23.487,22.588,23.04,213798,0
CNCR.US,D,20171115,000000,22.93,23.535,22.793,23.436,18552,0
CNCR.US,D,20171116,000000,23.389,24.043,23.389,23.858,27166,0
CNCR.US,D,20171117,000000,23.907,24.161,23.858,24.054,11232,0
CNCR.US,D,20171120,000000,24.171,24.386,23.87,23.994,9608,0
CNCR.US,D,20171121,000000,24.004,24.201,24.004,24.024,10982,0
CNCR.US,D,20171122,000000,24.199,24.424,24.075,24.386,9089,0
CNCR.US,D,20171124,000000,24.688,24.688,24.317,24.427,14109,0
CNCR.US,D,20171127,000000,24.581,24.581,24.204,24.297,14477,0
CNCR.US,D,20171128,000000,24.396,24.396,23.78,24.209,72166,0
CNCR.US,D,20171129,000000,24.424,24.551,23.985,23.985,15338,0
CNCR.US,D,20171130,000000,24.004,24.414,24.004,24.317,11006,0
CNCR.US,D,20171201,000000,24.376,24.581,23.634,24.297,24820,0
CNCR.US,D,20171204,000000,24.396,24.649,23.917,23.946,15962,0
CNCR.US,D,20171205,000000,23.936,24.17,23.776,23.78,9082,0
CNCR.US,D,20171206,000000,23.624,23.692,23.008,23.311,17154,0
CNCR.US,D,20171207,000000,23.243,23.741,23.243,23.712,15148,0
CNCR.US,D,20171208,000000,23.926,24.199,23.926,24.199,6572,0
CNCR.US,D,20171211,000000,24.531,24.531,24.024,24.061,19807,0
CNCR.US,D,20171212,000000,24.209,24.209,23.491,23.517,10604,0
CNCR.US,D,20171213,000000,23.555,24.05,23.555,23.966,7045,0
CNCR.US,D,20171214,000000,24.005,24.054,23.379,23.513,8820,0
CNCR.US,D,20171215,000000,23.477,23.594,23.384,23.594,6514,0
CNCR.US,D,20171218,000000,23.643,23.783,23.585,23.741,10354,0
CNCR.US,D,20171219,000000,23.907,23.907,23.535,23.535,7258,0
CNCR.US,D,20171220,000000,23.565,23.589,23.462,23.545,12210,0
CNCR.US,D,20171221,000000,23.722,23.819,23.517,23.751,11777,0
CNCR.US,D,20171222,000000,23.917,23.917,23.487,23.6,12106,0
CNCR.US,D,20171226,000000,23.78,23.78,23.535,23.545,8948,0
CNCR.US,D,20171227,000000,23.77,23.808,23.535,23.555,14389,0
CNCR.US,D,20171228,000000,23.793,23.793,23.476,23.625,18635,0
CNCR.US,D,20171229,000000,23.856,24.11,23.526,23.562,22628,0
CNCR.US,D,20180102,000000,23.942,24.338,23.734,24.259,16638,0
CNCR.US,D,20180103,000000,24.358,24.616,24.185,24.616,19155,0
CNCR.US,D,20180104,000000,24.616,24.754,24.165,24.754,18360,0
CNCR.US,D,20180105,000000,24.695,24.801,24.526,24.606,13622,0
CNCR.US,D,20180108,000000,24.794,24.794,23.942,24.437,18077,0
CNCR.US,D,20180109,000000,24.427,24.735,24.289,24.675,9747,0
CNCR.US,D,20180110,000000,24.497,24.783,24.372,24.783,12866,0
CNCR.US,D,20180111,000000,24.683,24.972,24.671,24.854,8034,0
CNCR.US,D,20180112,000000,24.853,25.468,24.853,25.468,9527,0
CNCR.US,D,20180116,000000,25.646,25.755,24.723,24.8,24587,0
CNCR.US,D,20180117,000000,25.349,25.848,25.349,25.722,27937,0
CNCR.US,D,20180118,000000,25.775,25.924,25.626,25.83,11950,0
CNCR.US,D,20180119,000000,26.003,26.38,25.815,26.32,13718,0
CNCR.US,D,20180122,000000,27.103,27.737,26.776,27.727,47893,0
CNCR.US,D,20180123,000000,27.747,28.446,27.747,28.441,46719,0
CNCR.US,D,20180124,000000,28.53,28.629,27.549,27.836,46975,0
CNCR.US,D,20180125,000000,27.945,28.47,27.863,28.387,37426,0
CNCR.US,D,20180126,000000,28.431,28.669,28.38,28.54,28041,0
CNCR.US,D,20180129,000000,28.599,28.916,28.55,28.757,66919,0
CNCR.US,D,20180130,000000,28.718,28.887,28.114,28.5,29307,0
CNCR.US,D,20180131,000000,28.252,28.391,27.669,27.876,25204,0
CNCR.US,D,20180201,000000,27.787,28.114,27.489,27.777,25588,0
CNCR.US,D,20180202,000000,27.737,27.737,27.171,27.202,37134,0
CNCR.US,D,20180205,000000,26.915,27.588,26.419,26.548,46572,0
CNCR.US,D,20180206,000000,25.805,27.231,25.765,27.202,34978,0
CNCR.US,D,20180207,000000,27.192,27.802,27.103,27.668,44143,0
CNCR.US,D,20180208,000000,27.678,27.916,26.766,26.766,40268,0
CNCR.US,D,20180209,000000,27.261,27.261,25.636,27.053,42216,0
CNCR.US,D,20180212,000000,27.46,27.489,26.905,27.252,42354,0
CNCR.US,D,20180213,000000,27.152,27.706,26.836,27.61,13554,0
CNCR.US,D,20180214,000000,27.39,28.609,27.274,28.342,50838,0
CNCR.US,D,20180215,000000,28.431,28.629,27.98,28.474,22922,0
CNCR.US,D,20180216,000000,28.54,29.035,28.51,28.718,67744,0
CNCR.US,D,20180220,000000,28.629,28.877,28.175,28.291,33247,0
CNCR.US,D,20180221,000000,28.421,29.134,28.391,28.5,46069,0
CNCR.US,D,20180222,000000,28.857,29.233,28.57,28.609,26151,0
CNCR.US,D,20180223,000000,28.817,29.134,28.173,29.084,29531,0
CNCR.US,D,20180226,000000,29.313,29.392,28.926,29.303,50183,0
CNCR.US,D,20180227,000000,29.243,29.481,28.944,28.956,42576,0
CNCR.US,D,20180228,000000,28.847,29.104,28.388,28.388,29584,0
CNCR.US,D,20180301,000000,28.312,28.411,27.787,28.281,42687,0
CNCR.US,D,20180302,000000,28.213,29.551,27.846,29.516,44460,0
CNCR.US,D,20180305,000000,29.491,30.393,29.491,30.322,77422,0
CNCR.US,D,20180306,000000,30.324,30.522,29.878,30.324,57889,0
CNCR.US,D,20180307,000000,30.165,30.75,30.046,30.68,41379,0
CNCR.US,D,20180308,000000,30.958,31.215,30.67,30.948,71235,0
CNCR.US,D,20180309,000000,31.424,31.424,30.779,31.295,40739,0
CNCR.US,D,20180312,000000,31.453,31.79,31.18,31.681,99708,0
CNCR.US,D,20180313,000000,32.028,32.028,30.829,30.928,90760,0
CNCR.US,D,20180314,000000,31.196,31.295,30.69,30.819,50626,0
CNCR.US,D,20180315,000000,30.958,31.037,30.278,30.482,43318,0
CNCR.US,D,20180316,000000,30.353,30.695,30.225,30.368,23353,0
CNCR.US,D,20180319,000000,30.393,30.413,29.645,29.957,36828,0
CNCR.US,D,20180320,000000,29.957,30.195,29.808,30.126,60437,0
CNCR.US,D,20180321,000000,30.016,30.551,30.016,30.264,29185,0
CNCR.US,D,20180322,000000,30.125,30.472,29.67,29.718,39528,0
CNCR.US,D,20180323,000000,29.689,30.079,29.233,29.303,45598,0
CNCR.US,D,20180326,000000,29.6,30.086,29.243,30.016,45376,0
CNCR.US,D,20180327,000000,30.224,30.264,28.599,28.673,50179,0
CNCR.US,D,20180328,000000,28.649,28.797,27.945,28.352,41527,0
CNCR.US,D,20180329,000000,28.48,29.07,28.396,28.788,29312,0
CNCR.US,D,20180402,000000,28.54,28.593,27.4,27.509,48353,0
CNCR.US,D,20180403,000000,27.668,27.985,27.243,27.757,24498,0
CNCR.US,D,20180404,000000,27.519,28.411,27.366,28.243,33623,0
CNCR.US,D,20180405,000000,28.659,28.659,27.669,27.707,41284,0
CNCR.US,D,20180406,000000,27.053,27.192,26.142,26.409,73304,0
CNCR.US,D,20180409,000000,26.806,27.162,26.508,26.742,37968,0
CNCR.US,D,20180410,000000,27.42,27.717,26.969,27.648,55415,0
CNCR.US,D,20180411,000000,27.816,28.342,27.816,27.816,28667,0
CNCR.US,D,20180412,000000,28.173,28.57,28.034,28.431,37924,0
CNCR.US,D,20180413,000000,28.788,28.788,27.758,28.024,44299,0
CNCR.US,D,20180416,000000,28.094,28.094,26.917,27.172,91145,0
CNCR.US,D,20180417,000000,27.152,27.579,26.969,27.331,109704,0
CNCR.US,D,20180418,000000,27.519,27.588,26.994,26.994,29667,0
CNCR.US,D,20180419,000000,26.954,27.142,26.491,26.568,34810,0
CNCR.US,D,20180420,000000,26.508,26.538,26.238,26.31,19281,0
CNCR.US,D,20180423,000000,26.419,26.518,25.914,26.141,26149,0
CNCR.US,D,20180424,000000,26.122,26.201,25.577,25.825,46748,0
CNCR.US,D,20180425,000000,25.676,26.036,25.428,25.943,25423,0
CNCR.US,D,20180426,000000,26.102,26.558,26.072,26.469,50034,0
CNCR.US,D,20180427,000000,26.617,26.746,26.271,26.419,65777,0
CNCR.US,D,20180430,000000,26.409,26.598,25.963,25.963,35090,0
CNCR.US,D,20180501,000000,25.834,26.142,25.766,26.142,48574,0
CNCR.US,D,20180502,000000,26.102,26.706,26.062,26.439,48914,0
CNCR.US,D,20180503,000000,26.419,26.647,25.875,26.142,10749,0
CNCR.US,D,20180504,000000,26.221,26.315,26.014,26.161,39411,0
CNCR.US,D,20180507,000000,26.171,26.607,26.171,26.498,36757,0
CNCR.US,D,20180508,000000,26.35,26.35,25.677,25.805,34585,0
CNCR.US,D,20180509,000000,25.735,26.271,25.658,26.112,29663,0
CNCR.US,D,20180510,000000,26.667,27.202,26.434,26.439,30692,0
CNCR.US,D,20180511,000000,26.459,27.192,26.459,27.123,15440,0
CNCR.US,D,20180514,000000,27.37,27.707,27.37,27.628,92327,0
CNCR.US,D,20180515,000000,27.628,27.668,27.291,27.64,15495,0
CNCR.US,D,20180516,000000,27.727,28.153,27.678,28.084,30587,0
CNCR.US,D,20180517,000000,27.707,27.707,27.296,27.39,34955,0
CNCR.US,D,20180518,000000,27.526,27.866,27.526,27.806,17953,0
CNCR.US,D,20180521,000000,27.856,28.117,27.489,27.569,22659,0
CNCR.US,D,20180522,000000,27.787,28.094,27.618,27.803,17365,0
CNCR.US,D,20180523,000000,27.777,28.146,27.777,27.891,17089,0
CNCR.US,D,20180524,000000,28.094,28.132,27.896,28.024,19683,0
CNCR.US,D,20180525,000000,28.044,28.302,28.026,28.094,33376,0
CNCR.US,D,20180529,000000,27.975,28.126,27.39,27.598,37560,0
CNCR.US,D,20180530,000000,27.777,28.028,27.726,27.851,12163,0
CNCR.US,D,20180531,000000,27.985,28.153,27.706,27.846,17672,0
CNCR.US,D,20180601,000000,28.153,28.351,27.896,28.262,39464,0
CNCR.US,D,20180604,000000,28.005,28.005,26.543,26.944,78722,0
CNCR.US,D,20180605,000000,27.034,27.252,26.929,27.073,32361,0
CNCR.US,D,20180606,000000,27.212,27.309,27.053,27.093,17394,0
CNCR.US,D,20180607,000000,27.093,27.113,26.36,26.508,45552,0
CNCR.US,D,20180608,000000,26.479,26.776,26.271,26.726,13940,0
CNCR.US,D,20180611,000000,26.796,26.796,26.28,26.37,38246,0
CNCR.US,D,20180612,000000,26.419,26.548,26.231,26.419,53691,0
CNCR.US,D,20180613,000000,26.409,26.677,26.211,26.409,27204,0
CNCR.US,D,20180614,000000,26.35,26.508,26.28,26.419,90725,0
CNCR.US,D,20180615,000000,26.459,26.558,26.171,26.31,18060,0
CNCR.US,D,20180618,000000,26.142,26.142,25.765,25.825,32192,0
CNCR.US,D,20180619,000000,25.686,25.874,25.448,25.478,38458,0
CNCR.US,D,20180620,000000,25.616,26.008,25.616,25.983,23663,0
CNCR.US,D,20180621,000000,26.102,26.102,25.517,25.557,20473,0
CNCR.US,D,20180622,000000,25.745,25.745,25.171,25.418,75258,0
CNCR.US,D,20180625,000000,25.121,25.275,24.774,24.784,38767,0
CNCR.US,D,20180626,000000,24.655,24.898,24.423,24.853,28813,0
CNCR.US,D,20180627,000000,24.794,24.883,23.803,23.803,58650,0
CNCR.US,D,20180628,000000,23.892,23.892,23.339,23.783,29357,0
CNCR.US,D,20180629,000000,23.872,24.279,23.852,23.922,15496,0
CNCR.US,D,20180702,000000,23.853,24.061,23.615,24.061,14787,0
CNCR.US,D,20180703,000000,24.061,24.358,23.932,24.229,10615,0
CNCR.US,D,20180705,000000,24.487,24.487,24.279,24.388,24417,0
CNCR.US,D,20180706,000000,24.536,24.953,24.536,24.913,34961,0
CNCR.US,D,20180709,000000,25.032,25.25,24.774,24.883,15713,0
CNCR.US,D,20180710,000000,24.853,25.161,24.566,24.665,20015,0
CNCR.US,D,20180711,000000,24.378,24.635,24.378,24.516,10852,0
CNCR.US,D,20180712,000000,24.764,24.923,24.635,24.923,21029,0
CNCR.US,D,20180713,000000,24.898,24.898,24.636,24.814,26117,0
CNCR.US,D,20180716,000000,24.774,24.774,24.477,24.516,14704,0
CNCR.US,D,20180717,000000,24.477,24.991,24.428,24.863,13509,0
CNCR.US,D,20180718,000000,24.754,24.828,24.586,24.764,22817,0
CNCR.US,D,20180719,000000,24.923,24.992,24.655,24.903,15725,0
CNCR.US,D,20180720,000000,25.022,25.198,24.824,24.824,13167,0
CNCR.US,D,20180723,000000,24.744,24.858,24.695,24.744,12038,0
CNCR.US,D,20180724,000000,24.834,24.953,24.1,24.209,40314,0
CNCR.US,D,20180725,000000,24.051,24.457,24.051,24.289,17309,0
CNCR.US,D,20180726,000000,24.467,24.586,24.189,24.328,11595,0
CNCR.US,D,20180727,000000,24.467,24.467,23.587,23.684,27988,0
CNCR.US,D,20180730,000000,23.763,23.763,23.384,23.495,27573,0
CNCR.US,D,20180731,000000,23.446,24.035,23.446,24.035,18495,0
CNCR.US,D,20180801,000000,24.13,24.318,23.753,23.753,12278,0
CNCR.US,D,20180802,000000,23.773,23.932,23.585,23.932,6489,0
CNCR.US,D,20180803,000000,23.932,23.932,23.337,23.337,22381,0
CNCR.US,D,20180806,000000,23.179,23.709,23.179,23.635,27426,0
CNCR.US,D,20180807,000000,23.555,24.13,23.555,24.13,10434,0
CNCR.US,D,20180808,000000,23.942,24.229,23.901,24.061,8045,0
CNCR.US,D,20180809,000000,23.823,24.318,23.823,24.209,27902,0
CNCR.US,D,20180810,000000,23.862,24.388,23.862,24.199,14955,0
CNCR.US,D,20180813,000000,24.041,24.298,23.922,23.991,12506,0
CNCR.US,D,20180814,000000,23.991,24.289,23.892,23.971,30347,0
CNCR.US,D,20180815,000000,23.882,23.952,23.506,23.694,21421,0
CNCR.US,D,20180816,000000,23.694,23.853,23.559,23.833,10455,0
CNCR.US,D,20180817,000000,23.644,23.932,23.595,23.843,8668,0
CNCR.US,D,20180820,000000,23.823,23.898,23.734,23.744,17656,0
CNCR.US,D,20180821,000000,23.684,24.15,23.684,24.041,18743,0
CNCR.US,D,20180822,000000,24.239,24.437,24.209,24.437,16734,0
CNCR.US,D,20180823,000000,24.536,24.536,24.14,24.308,13441,0
CNCR.US,D,20180824,000000,24.497,24.666,24.431,24.516,7478,0
CNCR.US,D,20180827,000000,24.596,24.972,24.596,24.923,18157,0
CNCR.US,D,20180828,000000,24.972,25.18,24.965,25.121,13361,0
CNCR.US,D,20180829,000000,25.309,25.309,25.076,25.091,9903,0
CNCR.US,D,20180830,000000,24.903,25.538,24.853,25.339,7610,0
CNCR.US,D,20180831,000000,25.23,25.448,25.131,25.448,9156,0
CNCR.US,D,20180904,000000,25.438,25.438,24.913,25.208,10302,0
CNCR.US,D,20180905,000000,25.349,25.349,24.788,24.863,22799,0
CNCR.US,D,20180906,000000,24.774,24.774,23.882,23.882,31149,0
CNCR.US,D,20180907,000000,23.783,24.031,23.783,23.803,10380,0
CNCR.US,D,20180910,000000,23.853,24.08,23.833,24.08,4998,0
CNCR.US,D,20180911,000000,24.12,24.338,24.031,24.338,14786,0
CNCR.US,D,20180912,000000,24.318,24.318,24.08,24.16,7190,0
CNCR.US,D,20180913,000000,24.209,24.328,24.167,24.209,4994,0
CNCR.US,D,20180914,000000,24.229,24.318,24.011,24.1,7943,0
CNCR.US,D,20180917,000000,24.08,24.08,23.664,23.684,12824,0
CNCR.US,D,20180918,000000,23.728,24.189,23.728,24.12,10872,0
CNCR.US,D,20180919,000000,23.991,24.378,23.991,24.349,6915,0
CNCR.US,D,20180920,000000,24.378,24.834,24.378,24.735,14760,0
CNCR.US,D,20180921,000000,24.774,24.774,24.475,24.546,7009,0
CNCR.US,D,20180924,000000,24.507,24.635,24.407,24.625,8591,0
CNCR.US,D,20180925,000000,24.814,24.853,24.685,24.705,1673,0
CNCR.US,D,20180926,000000,24.705,24.705,24.368,24.368,5817,0
CNCR.US,D,20180927,000000,24.398,24.645,24.398,24.546,5572,0
CNCR.US,D,20180928,000000,24.427,24.725,24.427,24.606,6570,0
CNCR.US,D,20181001,000000,24.606,24.706,24.398,24.467,19215,0
CNCR.US,D,20181002,000000,24.526,24.526,24.021,24.15,11625,0
CNCR.US,D,20181003,000000,24.15,24.388,24.001,24.338,4651,0
CNCR.US,D,20181004,000000,24.298,24.298,23.664,23.823,22012,0
CNCR.US,D,20181005,000000,23.67,23.882,23.023,23.387,22914,0
CNCR.US,D,20181008,000000,23.367,23.367,22.614,22.951,21901,0
CNCR.US,D,20181009,000000,22.901,22.99,22.792,22.802,12607,0
CNCR.US,D,20181010,000000,22.792,22.793,21.94,21.94,33168,0
CNCR.US,D,20181011,000000,21.871,21.999,21.464,21.613,26397,0
CNCR.US,D,20181012,000000,21.99,22.108,21.752,21.94,33993,0
CNCR.US,D,20181015,000000,21.841,21.889,21.653,21.732,5263,0
CNCR.US,D,20181016,000000,21.841,22.594,21.831,22.594,14504,0
CNCR.US,D,20181017,000000,22.465,22.495,22.148,22.495,12534,0
CNCR.US,D,20181018,000000,22.505,22.505,21.897,21.949,3965,0
CNCR.US,D,20181019,000000,22.307,22.307,21.583,21.603,10201,0
CNCR.US,D,20181022,000000,21.117,21.117,20.208,20.335,35747,0
CNCR.US,D,20181023,000000,20.027,20.652,19.883,20.44,41882,0
CNCR.US,D,20181024,000000,20.463,20.543,19.205,19.205,30878,0
CNCR.US,D,20181025,000000,19.324,19.839,19.324,19.671,18004,0
CNCR.US,D,20181026,000000,19.324,19.872,19.145,19.78,11245,0
CNCR.US,D,20181029,000000,19.988,20.132,18.952,19.175,14638,0
CNCR.US,D,20181030,000000,19.096,19.611,19.096,19.354,13705,0
CNCR.US,D,20181031,000000,19.552,19.799,19.522,19.621,14679,0
CNCR.US,D,20181101,000000,19.681,20.796,19.681,20.761,7423,0
CNCR.US,D,20181102,000000,20.84,21.306,20.82,20.885,12215,0
CNCR.US,D,20181105,000000,20.919,20.989,20.622,20.895,8173,0
CNCR.US,D,20181106,000000,20.731,20.974,20.691,20.701,9842,0
CNCR.US,D,20181107,000000,20.87,21.518,20.87,21.332,25137,0
CNCR.US,D,20181108,000000,21.494,21.607,21.425,21.425,12048,0
CNCR.US,D,20181109,000000,21.306,21.306,20.711,20.83,8394,0
CNCR.US,D,20181112,000000,20.602,20.706,20.214,20.394,9660,0
CNCR.US,D,20181113,000000,20.325,20.626,20.325,20.404,9892,0
CNCR.US,D,20181114,000000,20.325,20.343,19.978,20.193,8809,0
CNCR.US,D,20181115,000000,19.899,20.512,19.899,20.512,5022,0
CNCR.US,D,20181116,000000,20.295,20.82,20.265,20.784,11488,0
CNCR.US,D,20181119,000000,20.551,20.618,20.057,20.218,13366,0
CNCR.US,D,20181120,000000,19.829,20.315,19.7,19.952,118961,0
CNCR.US,D,20181121,000000,20.245,20.245,19.95,20.186,11188,0
CNCR.US,D,20181123,000000,20.315,20.572,20.315,20.488,2676,0
CNCR.US,D,20181126,000000,20.444,20.797,20.393,20.612,13108,0
CNCR.US,D,20181127,000000,20.592,20.592,20.364,20.374,5550,0
CNCR.US,D,20181128,000000,20.483,20.909,20.374,20.909,8801,0
CNCR.US,D,20181129,000000,20.939,21.246,20.939,20.949,9736,0
CNCR.US,D,20181130,000000,21.024,21.326,21.024,21.262,8990,0
CNCR.US,D,20181203,000000,21.395,21.732,21.395,21.732,12320,0
CNCR.US,D,20181204,000000,21.791,22.099,20.939,20.939,23808,0
CNCR.US,D,20181206,000000,20.345,20.825,20.345,20.751,9204,0
CNCR.US,D,20181207,000000,20.751,20.751,20.439,20.474,6601,0
CNCR.US,D,20181210,000000,20.5,20.61,20.027,20.61,27778,0
CNCR.US,D,20181211,000000,20.691,20.8,20.345,20.6,14560,0
CNCR.US,D,20181212,000000,20.81,21.137,20.81,20.81,8518,0
CNCR.US,D,20181213,000000,20.909,20.909,20.424,20.493,11698,0
CNCR.US,D,20181214,000000,20.262,20.364,20.042,20.042,9322,0
CNCR.US,D,20181217,000000,19.849,20.087,19.264,19.324,14347,0
CNCR.US,D,20181218,000000,19.77,19.77,18.675,18.903,23145,0
CNCR.US,D,20181219,000000,18.878,19.18,18.045,18.303,34187,0
CNCR.US,D,20181220,000000,18.184,18.333,17.59,17.709,45337,0
CNCR.US,D,20181221,000000,17.778,17.837,17.005,17.055,19304,0
CNCR.US,D,20181224,000000,16.896,17.212,16.718,17.212,15474,0
CNCR.US,D,20181226,000000,17.243,17.89,17.084,17.877,29500,0
CNCR.US,D,20181227,000000,17.669,17.996,17.372,17.996,53403,0
CNCR.US,D,20181228,000000,18.016,18.571,17.998,18.204,33746,0
CNCR.US,D,20181231,000000,18.343,18.709,18.337,18.703,64266,0
CNCR.US,D,20190102,000000,18.491,18.855,18.462,18.809,2602,0
CNCR.US,D,20190103,000000,18.729,18.729,18.234,18.303,3885,0
CNCR.US,D,20190104,000000,18.767,19.334,18.737,19.294,4164,0
CNCR.US,D,20190107,000000,19.522,20.136,19.522,20.018,161326,0
CNCR.US,D,20190108,000000,20.622,20.622,19.928,20.523,16061,0
CNCR.US,D,20190109,000000,20.612,20.701,20.54,20.54,11655,0
CNCR.US,D,20190110,000000,20.513,20.834,20.285,20.834,17664,0
CNCR.US,D,20190111,000000,20.83,20.959,20.79,20.847,2451,0
CNCR.US,D,20190114,000000,20.592,20.616,20.316,20.374,5477,0
CNCR.US,D,20190115,000000,20.354,20.759,20.354,20.751,4295,0
CNCR.US,D,20190116,000000,20.781,21.005,20.662,20.741,11607,0
CNCR.US,D,20190117,000000,20.533,20.781,20.533,20.701,8037,0
CNCR.US,D,20190118,000000,20.653,20.745,20.493,20.648,8650,0
CNCR.US,D,20190122,000000,20.622,20.622,19.958,19.996,11672,0
CNCR.US,D,20190123,000000,20.047,20.087,19.601,19.774,12431,0
CNCR.US,D,20190124,000000,19.819,19.819,19.601,19.71,12406,0
CNCR.US,D,20190125,000000,19.978,20.161,19.747,20.161,6041,0
CNCR.US,D,20190128,000000,20.067,20.067,19.621,19.641,10450,0
CNCR.US,D,20190129,000000,19.681,19.745,19.631,19.716,3960,0
CNCR.US,D,20190130,000000,19.74,20.008,19.631,19.968,5114,0
CNCR.US,D,20190131,000000,20.117,20.543,20.117,20.476,12577,0
CNCR.US,D,20190201,000000,20.553,20.81,20.513,20.672,16870,0
CNCR.US,D,20190204,000000,20.781,20.859,20.662,20.789,4688,0
CNCR.US,D,20190205,000000,20.919,21.133,20.663,20.8,3356,0
CNCR.US,D,20190206,000000,21.435,21.784,21.435,21.772,14510,0
CNCR.US,D,20190207,000000,21.602,21.602,21.07,21.136,10313,0
CNCR.US,D,20190208,000000,21.016,21.127,20.89,21.084,1919,0
CNCR.US,D,20190211,000000,21.108,21.362,21.108,21.246,5296,0
CNCR.US,D,20190212,000000,21.365,21.425,21.236,21.425,8711,0
CNCR.US,D,20190213,000000,21.504,21.702,21.415,21.415,27507,0
CNCR.US,D,20190214,000000,21.534,21.603,21.534,21.583,3175,0
CNCR.US,D,20190215,000000,21.603,21.94,21.603,21.93,11145,0
CNCR.US,D,20190219,000000,21.811,22.098,21.811,21.92,19312,0
CNCR.US,D,20190220,000000,21.781,21.924,21.653,21.749,8840,0
CNCR.US,D,20190221,000000,21.583,21.583,21.326,21.415,12373,0
CNCR.US,D,20190222,000000,21.395,21.564,21.336,21.472,3078,0
CNCR.US,D,20190225,000000,21.712,22.326,21.712,22.326,8397,0
CNCR.US,D,20190226,000000,22.247,22.247,21.851,21.97,6517,0
CNCR.US,D,20190227,000000,21.918,22.009,21.573,21.918,3472,0
CNCR.US,D,20190228,000000,21.841,21.841,21.276,21.536,19735,0
CNCR.US,D,20190301,000000,21.464,21.879,21.464,21.856,16484,0
CNCR.US,D,20190304,000000,22.059,22.059,21.276,21.653,10131,0
CNCR.US,D,20190305,000000,21.702,21.917,21.514,21.682,7381,0
CNCR.US,D,20190306,000000,21.038,21.098,20.736,20.756,10234,0
CNCR.US,D,20190307,000000,20.533,20.725,20.449,20.493,12574,0
CNCR.US,D,20190308,000000,20.179,20.245,20.072,20.189,6662,0
CNCR.US,D,20190311,000000,20.226,20.592,20.226,20.592,13289,0
CNCR.US,D,20190312,000000,20.751,20.949,20.691,20.815,5056,0
CNCR.US,D,20190313,000000,20.82,21.088,20.79,21.088,4083,0
CNCR.US,D,20190314,000000,21.088,21.223,20.929,20.932,4772,0
CNCR.US,D,20190315,000000,21.028,21.258,20.949,21.197,10537,0
CNCR.US,D,20190318,000000,21.242,21.492,21.078,21.254,5735,0
CNCR.US,D,20190319,000000,21.236,21.236,21.058,21.058,3770,0
CNCR.US,D,20190320,000000,21.12,21.12,20.84,21.045,13084,0
CNCR.US,D,20190321,000000,20.88,21.135,20.72,21.135,3409,0
CNCR.US,D,20190322,000000,20.87,20.87,20.315,20.315,6813,0
CNCR.US,D,20190325,000000,20.146,20.32,19.948,20.32,9610,0
CNCR.US,D,20190326,000000,20.622,20.632,20.48,20.553,5117,0
CNCR.US,D,20190327,000000,20.592,20.592,20.256,20.361,4593,0
CNCR.US,D,20190328,000000,20.414,20.414,20.325,20.394,31197,0
CNCR.US,D,20190329,000000,20.404,20.83,20.404,20.83,5198,0
CNCR.US,D,20190401,000000,20.999,21.078,20.929,20.989,7580,0
CNCR.US,D,20190402,000000,20.919,21.286,20.919,21.286,3639,0
CNCR.US,D,20190403,000000,21.296,21.736,21.296,21.712,11507,0
CNCR.US,D,20190404,000000,21.801,21.851,21.658,21.658,7867,0
CNCR.US,D,20190405,000000,21.791,22.158,21.791,22.158,10097,0
CNCR.US,D,20190408,000000,22.049,22.112,21.94,22.085,5502,0
CNCR.US,D,20190409,000000,21.821,21.95,21.554,21.554,6526,0
CNCR.US,D,20190410,000000,21.554,21.699,21.554,21.623,3640,0
CNCR.US,D,20190411,000000,21.643,21.653,21.157,21.167,14198,0
CNCR.US,D,20190412,000000,21.193,21.236,20.821,20.881,11536,0
CNCR.US,D,20190415,000000,20.86,20.919,20.712,20.83,4461,0
CNCR.US,D,20190416,000000,20.865,20.909,20.668,20.668,2595,0
CNCR.US,D,20190417,000000,20.56,20.56,19.76,19.876,19651,0
CNCR.US,D,20190418,000000,20.087,20.087,19.354,19.666,23448,0
CNCR.US,D,20190422,000000,19.611,19.779,19.543,19.656,12478,0
CNCR.US,D,20190423,000000,19.661,20.195,19.661,20.121,10194,0
CNCR.US,D,20190424,000000,19.807,20.122,19.807,19.978,2713,0
CNCR.US,D,20190425,000000,19.918,20.29,19.899,20.281,11906,0
CNCR.US,D,20190426,000000,20.364,20.368,20.103,20.368,10139,0
CNCR.US,D,20190429,000000,20.434,20.686,20.434,20.525,2198,0
CNCR.US,D,20190430,000000,20.454,20.454,20.146,20.295,6423,0
CNCR.US,D,20190501,000000,20.275,20.317,20.269,20.294,3052,0
CNCR.US,D,20190502,000000,20.156,20.364,20.027,20.364,7568,0
CNCR.US,D,20190503,000000,20.473,20.711,20.454,20.711,12061,0
CNCR.US,D,20190506,000000,20.166,20.88,20.166,20.88,15456,0
CNCR.US,D,20190507,000000,20.746,20.794,20.259,20.259,17578,0
CNCR.US,D,20190508,000000,20.404,20.523,20.315,20.315,5511,0
CNCR.US,D,20190509,000000,20.127,20.25,19.75,20.204,3296,0
CNCR.US,D,20190510,000000,20.275,20.414,20.176,20.414,7873,0
CNCR.US,D,20190513,000000,20.067,20.067,19.383,19.383,18522,0
CNCR.US,D,20190514,000000,19.423,19.814,19.423,19.697,10650,0
CNCR.US,D,20190515,000000,19.443,19.758,19.443,19.71,3416,0
CNCR.US,D,20190516,000000,20.295,20.553,20.295,20.345,14270,0
CNCR.US,D,20190517,000000,20.087,20.266,20.067,20.231,5884,0
CNCR.US,D,20190520,000000,20.067,20.107,19.979,20.042,3420,0
CNCR.US,D,20190521,000000,20.206,20.52,20.196,20.52,7331,0
CNCR.US,D,20190522,000000,20.51,20.572,20.344,20.48,4435,0
CNCR.US,D,20190523,000000,20.186,20.258,20.077,20.258,5481,0
CNCR.US,D,20190524,000000,20.325,20.513,20.325,20.414,5101,0
CNCR.US,D,20190528,000000,20.602,20.602,20.101,20.101,7095,0
CNCR.US,D,20190529,000000,19.859,19.859,19.741,19.859,1974,0
CNCR.US,D,20190530,000000,19.909,19.928,19.651,19.73,6982,0
CNCR.US,D,20190531,000000,19.433,19.542,19.185,19.19,14557,0
CNCR.US,D,20190603,000000,19.354,20.002,19.354,19.92,11635,0
CNCR.US,D,20190604,000000,20.217,20.217,19.955,19.968,4773,0
CNCR.US,D,20190605,000000,19.909,19.91,19.789,19.902,2324,0
CNCR.US,D,20190606,000000,19.824,19.824,19.573,19.7,10758,0
CNCR.US,D,20190607,000000,19.77,19.955,19.582,19.955,5689,0
CNCR.US,D,20190610,000000,20.047,20.131,20.047,20.108,3848,0
CNCR.US,D,20190611,000000,20.117,20.117,19.615,19.76,5669,0
CNCR.US,D,20190612,000000,19.591,19.743,19.591,19.726,9550,0
CNCR.US,D,20190613,000000,19.7,19.998,19.7,19.998,5365,0
CNCR.US,D,20190614,000000,19.909,19.991,19.76,19.76,4905,0
CNCR.US,D,20190617,000000,19.819,20.439,19.819,20.375,11044,0
CNCR.US,D,20190618,000000,20.444,20.826,20.444,20.781,21373,0
CNCR.US,D,20190619,000000,20.989,20.989,20.647,20.77,7857,0
CNCR.US,D,20190620,000000,20.909,21.187,20.741,20.747,7673,0
CNCR.US,D,20190621,000000,20.454,20.82,20.454,20.79,10317,0
CNCR.US,D,20190624,000000,20.701,20.701,20.275,20.275,5169,0
CNCR.US,D,20190625,000000,20.156,20.652,20.156,20.515,11117,0
CNCR.US,D,20190626,000000,20.414,20.428,20.107,20.11,9267,0
CNCR.US,D,20190627,000000,20.136,20.633,20.136,20.592,8926,0
CNCR.US,D,20190628,000000,20.602,20.919,20.602,20.919,6048,0
CNCR.US,D,20190701,000000,21.018,21.187,20.999,21.157,12340,0
CNCR.US,D,20190702,000000,21.078,21.078,20.89,21.038,7137,0
CNCR.US,D,20190703,000000,21.068,21.444,21.068,21.444,7153,0
CNCR.US,D,20190705,000000,21.454,21.544,21.246,21.246,6985,0
CNCR.US,D,20190708,000000,21.137,21.249,20.84,20.88,6158,0
CNCR.US,D,20190709,000000,20.82,21.255,20.82,21.127,7501,0
CNCR.US,D,20190710,000000,21.276,21.366,20.979,21.176,136747,0
CNCR.US,D,20190711,000000,21.395,21.395,20.782,20.949,10892,0
CNCR.US,D,20190712,000000,20.81,21.038,20.804,20.87,6576,0
CNCR.US,D,20190715,000000,21.127,21.132,20.929,21.056,5596,0
CNCR.US,D,20190716,000000,20.931,20.969,20.89,20.89,8355,0
CNCR.US,D,20190717,000000,20.949,21.256,20.949,21.157,11285,0
CNCR.US,D,20190718,000000,21.147,21.334,21.147,21.334,4293,0
CNCR.US,D,20190719,000000,21.182,21.182,21.11,21.11,1198,0
CNCR.US,D,20190722,000000,20.949,21.256,20.949,21.072,9161,0
CNCR.US,D,20190723,000000,20.949,21.076,20.929,20.949,4071,0
CNCR.US,D,20190724,000000,20.86,20.988,20.81,20.914,3007,0
CNCR.US,D,20190725,000000,20.984,20.984,20.811,20.813,1996,0
CNCR.US,D,20190726,000000,20.662,21.236,20.662,21.236,9291,0
CNCR.US,D,20190729,000000,21.187,21.266,21.058,21.266,9056,0
CNCR.US,D,20190730,000000,21.246,21.306,21.246,21.265,2530,0
CNCR.US,D,20190731,000000,21.369,21.447,21.368,21.382,2267,0
CNCR.US,D,20190801,000000,21.266,21.454,21.05,21.088,3497,0
CNCR.US,D,20190802,000000,21.098,21.127,20.527,20.755,8829,0
CNCR.US,D,20190805,000000,20.354,20.354,19.819,19.819,9794,0
CNCR.US,D,20190806,000000,20.276,20.276,19.849,20.269,4459,0
CNCR.US,D,20190807,000000,20.14,20.186,20.134,20.186,2689,0
CNCR.US,D,20190808,000000,20.176,20.394,20.176,20.358,1843,0
CNCR.US,D,20190809,000000,20.079,20.185,19.839,20.018,13215,0
CNCR.US,D,20190812,000000,19.819,19.819,19.507,19.507,7505,0
CNCR.US,D,20190813,000000,19.581,19.79,19.581,19.646,2287,0
CNCR.US,D,20190814,000000,19.324,19.478,19.175,19.393,15449,0
CNCR.US,D,20190815,000000,19.324,19.474,19.263,19.334,3839,0
CNCR.US,D,20190816,000000,19.472,19.757,19.472,19.757,6277,0
CNCR.US,D,20190819,000000,19.889,20.097,19.849,19.958,5498,0
CNCR.US,D,20190820,000000,19.968,19.995,19.899,19.909,2522,0
CNCR.US,D,20190821,000000,20.027,20.226,20.017,20.018,7676,0
CNCR.US,D,20190822,000000,19.729,19.787,19.552,19.72,6300,0
CNCR.US,D,20190823,000000,19.7,19.7,19.086,19.086,7509,0
CNCR.US,D,20190826,000000,19.249,19.271,19.18,19.205,5916,0
CNCR.US,D,20190827,000000,19.281,19.281,18.882,18.981,4555,0
CNCR.US,D,20190828,000000,18.828,19.304,18.828,19.215,4631,0
CNCR.US,D,20190829,000000,19.334,19.442,19.215,19.442,6653,0
CNCR.US,D,20190830,000000,19.458,19.458,19.245,19.304,4648,0
CNCR.US,D,20190903,000000,19.116,19.344,18.819,18.838,7167,0
CNCR.US,D,20190904,000000,19.012,19.012,18.828,18.952,13515,0
CNCR.US,D,20190905,000000,19.136,19.392,19.136,19.392,4041,0
CNCR.US,D,20190906,000000,19.423,19.701,19.423,19.49,2666,0
CNCR.US,D,20190909,000000,19.344,19.371,19.135,19.254,3802,0
CNCR.US,D,20190910,000000,19.389,19.599,19.389,19.527,2530,0
CNCR.US,D,20190911,000000,19.641,19.77,19.552,19.687,2954,0
CNCR.US,D,20190912,000000,19.849,19.849,19.621,19.754,12214,0
CNCR.US,D,20190913,000000,19.78,19.944,19.74,19.813,3873,0
CNCR.US,D,20190916,000000,19.938,19.964,19.938,19.964,766,0
CNCR.US,D,20190917,000000,20.03,20.047,19.958,19.958,5371,0
CNCR.US,D,20190918,000000,19.877,19.877,19.76,19.76,1580,0
CNCR.US,D,20190919,000000,19.869,20.068,19.849,20.056,3730,0
CNCR.US,D,20190920,000000,20.057,20.128,19.998,20.122,4976,0
CNCR.US,D,20190923,000000,19.978,20.206,19.76,19.78,7889,0
CNCR.US,D,20190924,000000,19.661,19.661,19.393,19.551,4903,0
CNCR.US,D,20190925,000000,19.294,19.393,19.175,19.175,7205,0
CNCR.US,D,20190926,000000,19.036,19.036,18.561,18.561,8993,0
CNCR.US,D,20190927,000000,18.571,18.799,18.313,18.382,13616,0
CNCR.US,D,20190930,000000,18.442,18.632,18.357,18.588,4754,0
CNCR.US,D,20191001,000000,18.69,18.69,18.122,18.122,7694,0
CNCR.US,D,20191002,000000,17.917,17.966,17.659,17.966,6390,0
CNCR.US,D,20191003,000000,17.986,18.208,17.986,18.184,2869,0
CNCR.US,D,20191004,000000,18.214,18.274,18.06,18.145,1893,0
CNCR.US,D,20191007,000000,18.373,18.491,18.224,18.487,4248,0
CNCR.US,D,20191008,000000,18.323,18.323,17.966,18.01,2036,0
CNCR.US,D,20191009,000000,18.006,18.006,17.798,17.803,3749,0
CNCR.US,D,20191010,000000,17.738,17.902,17.738,17.887,2461,0
CNCR.US,D,20191011,000000,18.173,18.307,18.135,18.184,6091,0
CNCR.US,D,20191014,000000,17.986,18.081,17.986,18.027,4120,0
CNCR.US,D,20191015,000000,17.966,18.342,17.966,18.298,9434,0
CNCR.US,D,20191016,000000,18.333,18.35,18.294,18.294,3101,0
CNCR.US,D,20191017,000000,18.467,18.746,18.452,18.68,3585,0
CNCR.US,D,20191018,000000,18.561,18.561,18.456,18.462,2368,0
CNCR.US,D,20191021,000000,18.551,18.993,18.551,18.967,11685,0
CNCR.US,D,20191022,000000,19.195,19.353,19.112,19.175,7301,0
CNCR.US,D,20191023,000000,19.205,19.205,19.001,19.013,4585,0
CNCR.US,D,20191024,000000,19.114,19.139,18.94,19.139,12909,0
CNCR.US,D,20191025,000000,19.175,19.324,19.084,19.249,27664,0
CNCR.US,D,20191028,000000,19.264,19.558,19.165,19.483,91718,0
CNCR.US,D,20191029,000000,19.383,19.584,19.354,19.542,10609,0
CNCR.US,D,20191030,000000,19.423,19.575,19.35,19.575,3249,0
CNCR.US,D,20191031,000000,19.572,19.651,19.502,19.572,28687,0
CNCR.US,D,20191101,000000,19.74,20.275,19.74,20.245,49239,0
CNCR.US,D,20191104,000000,20.265,20.315,20.156,20.156,7528,0
CNCR.US,D,20191105,000000,20.234,20.285,20.093,20.249,2224,0
CNCR.US,D,20191106,000000,20.156,20.156,19.94,19.974,2518,0
CNCR.US,D,20191107,000000,20.166,20.315,19.957,19.957,8462,0
CNCR.US,D,20191108,000000,20.127,20.471,20.127,20.471,8831,0
CNCR.US,D,20191111,000000,20.473,20.473,20.315,20.376,24014,0
CNCR.US,D,20191112,000000,20.354,20.654,20.354,20.494,12057,0
CNCR.US,D,20191113,000000,20.572,20.771,20.499,20.622,10168,0
CNCR.US,D,20191114,000000,20.622,20.8,20.513,20.8,6680,0
CNCR.US,D,20191115,000000,20.81,21.137,20.81,21.12,15252,0
CNCR.US,D,20191118,000000,20.999,21.232,20.999,21.232,8105,0
CNCR.US,D,20191119,000000,21.197,21.791,21.197,21.76,22700,0
CNCR.US,D,20191120,000000,21.942,22.02,21.613,21.863,7522,0
CNCR.US,D,20191121,000000,21.762,21.836,21.623,21.697,12138,0
CNCR.US,D,20191122,000000,21.672,21.965,21.672,21.965,9308,0
CNCR.US,D,20191125,000000,22.257,22.663,22.257,22.5,25209,0
CNCR.US,D,20191126,000000,22.634,22.842,22.509,22.815,9765,0
CNCR.US,D,20191127,000000,22.852,23.207,22.852,23.135,9953,0
CNCR.US,D,20191129,000000,23.159,23.337,23.139,23.249,5506,0
CNCR.US,D,20191202,000000,23.486,23.486,22.782,22.9,30886,0
CNCR.US,D,20191203,000000,22.634,23.213,22.634,23.213,13632,0
CNCR.US,D,20191204,000000,23.302,23.451,23.159,23.451,7219,0
CNCR.US,D,20191205,000000,23.565,23.565,23.139,23.18,8920,0
CNCR.US,D,20191206,000000,23.353,23.476,23.308,23.332,8463,0
CNCR.US,D,20191209,000000,23.753,24.061,22.971,22.995,42488,0
CNCR.US,D,20191210,000000,22.862,23.075,22.827,23.047,106785,0
CNCR.US,D,20191211,000000,23.08,23.199,22.782,22.825,6899,0
CNCR.US,D,20191212,000000,22.703,23.149,22.703,22.944,8244,0
CNCR.US,D,20191213,000000,22.911,23.015,22.82,22.854,7554,0
CNCR.US,D,20191216,000000,22.921,23.09,22.921,23.005,28089,0
CNCR.US,D,20191217,000000,22.881,23.179,22.871,23.179,33445,0
CNCR.US,D,20191218,000000,23.109,23.413,23.109,23.377,15802,0
CNCR.US,D,20191219,000000,23.288,23.377,23.189,23.273,6389,0
CNCR.US,D,20191220,000000,23.248,23.848,23.248,23.813,18499,0
CNCR.US,D,20191223,000000,23.882,24.259,23.828,24.126,13191,0
CNCR.US,D,20191224,000000,24.209,24.239,24.046,24.239,7729,0
CNCR.US,D,20191226,000000,24.199,24.199,23.932,23.984,22765,0
CNCR.US,D,20191227,000000,24.001,24.001,23.521,23.591,34382,0
CNCR.US,D,20191230,000000,23.565,23.585,23.139,23.151,12463,0
CNCR.US,D,20191231,000000,23.074,23.352,23.074,23.228,7731,0
CNCR.US,D,20200102,000000,23.407,23.407,22.961,23.247,5050,0
CNCR.US,D,20200103,000000,22.901,23.218,22.901,22.986,7699,0
CNCR.US,D,20200106,000000,22.891,23.238,22.733,23.238,10741,0
CNCR.US,D,20200107,000000,23.298,23.447,23.129,23.419,27106,0
CNCR.US,D,20200108,000000,23.446,23.971,23.446,23.892,23619,0
CNCR.US,D,20200109,000000,24.145,24.259,23.92,23.92,21548,0
CNCR.US,D,20200110,000000,24.13,24.348,23.965,23.965,17948,0
CNCR.US,D,20200113,000000,23.981,23.981,23.248,23.463,17122,0
CNCR.US,D,20200114,000000,23.317,23.734,23.04,23.587,36818,0
CNCR.US,D,20200115,000000,23.496,23.783,23.298,23.327,4812,0
CNCR.US,D,20200116,000000,23.486,23.522,23.298,23.362,5953,0
CNCR.US,D,20200117,000000,23.387,23.506,23.099,23.222,4451,0
CNCR.US,D,20200121,000000,23.09,23.337,23.017,23.05,12541,0
CNCR.US,D,20200122,000000,23.139,23.288,23.087,23.087,4411,0
CNCR.US,D,20200123,000000,22.98,22.98,22.363,22.485,31577,0
CNCR.US,D,20200124,000000,22.465,22.465,21.845,21.93,16075,0
CNCR.US,D,20200127,000000,21.405,21.743,21.355,21.653,16547,0
CNCR.US,D,20200128,000000,21.702,21.91,21.702,21.861,22340,0
CNCR.US,D,20200129,000000,21.836,21.861,21.65,21.65,4053,0
CNCR.US,D,20200130,000000,21.385,21.461,21.108,21.237,15622,0
CNCR.US,D,20200131,000000,21.177,21.177,20.751,20.896,6615,0
CNCR.US,D,20200203,000000,21.197,21.454,21.197,21.446,17478,0
CNCR.US,D,20200204,000000,21.633,21.892,21.633,21.878,5002,0
CNCR.US,D,20200205,000000,21.96,22.019,21.861,21.862,2797,0
CNCR.US,D,20200206,000000,22.023,22.062,21.935,22.005,2919,0
CNCR.US,D,20200207,000000,21.841,21.861,21.801,21.847,2613,0
CNCR.US,D,20200210,000000,21.663,22.307,21.663,22.307,4464,0
CNCR.US,D,20200211,000000,22.336,22.336,22.198,22.21,4001,0
CNCR.US,D,20200212,000000,22.227,22.271,22.069,22.218,17704,0
CNCR.US,D,20200213,000000,22.198,22.198,22.074,22.157,1916,0
CNCR.US,D,20200214,000000,22.153,22.261,22.117,22.192,4934,0
CNCR.US,D,20200218,000000,22.128,22.216,21.93,22.138,3750,0
CNCR.US,D,20200219,000000,22.376,22.453,22.247,22.395,6247,0
CNCR.US,D,20200220,000000,22.445,22.445,22.099,22.315,6802,0
CNCR.US,D,20200221,000000,22.176,22.321,22.128,22.297,3082,0
CNCR.US,D,20200224,000000,21.861,21.861,21.326,21.504,7384,0
CNCR.US,D,20200225,000000,21.811,21.89,21.492,21.732,13540,0
CNCR.US,D,20200226,000000,21.92,22.326,21.781,22.277,132905,0
CNCR.US,D,20200227,000000,22.554,22.554,21.326,21.326,9507,0
CNCR.US,D,20200228,000000,20.788,21.454,20.517,21.454,18315,0
CNCR.US,D,20200302,000000,21.504,22.356,21.504,22.356,13019,0
CNCR.US,D,20200303,000000,21.92,22.009,21.752,21.906,2212,0
CNCR.US,D,20200304,000000,22.376,22.723,22.376,22.695,12034,0
CNCR.US,D,20200305,000000,22.089,22.554,22.089,22.366,2176,0
CNCR.US,D,20200306,000000,21.762,22.234,21.682,22.234,14292,0
CNCR.US,D,20200309,000000,20.899,21.013,20.127,20.232,44379,0
CNCR.US,D,20200310,000000,20.721,20.721,19.354,20.283,17190,0
CNCR.US,D,20200311,000000,19.819,19.819,19.017,19.145,11554,0
CNCR.US,D,20200312,000000,17.748,17.897,17.124,17.124,20012,0
CNCR.US,D,20200313,000000,17.609,18.063,16.177,17.421,6990,0
CNCR.US,D,20200316,000000,16.351,17.193,11.892,15.846,65893,0
CNCR.US,D,20200317,000000,17.045,18.955,17.045,18.333,21402,0
CNCR.US,D,20200318,000000,18.333,19.304,17.996,18.943,24221,0
CNCR.US,D,20200319,000000,18.937,19.051,18.263,18.5,10994,0
CNCR.US,D,20200320,000000,18.452,18.603,17.554,17.554,41519,0
CNCR.US,D,20200323,000000,17.382,18.114,17.154,17.441,13364,0
CNCR.US,D,20200324,000000,18.382,18.73,18.067,18.73,17262,0
CNCR.US,D,20200325,000000,18.571,19.027,18.413,18.413,13687,0
CNCR.US,D,20200326,000000,18.859,19.358,18.838,19.358,2797,0
CNCR.US,D,20200327,000000,18.581,19.512,18.581,19.17,4357,0
CNCR.US,D,20200330,000000,19.145,19.827,19.145,19.827,26170,0
CNCR.US,D,20200331,000000,19.683,19.683,19.344,19.359,2981,0
CNCR.US,D,20200401,000000,18.809,19.11,18.695,18.695,2621,0
CNCR.US,D,20200402,000000,18.531,19.379,18.531,19.379,1476,0
CNCR.US,D,20200403,000000,19.354,19.647,19.16,19.257,1438,0
CNCR.US,D,20200406,000000,20.008,20.127,19.661,20.047,15222,0
CNCR.US,D,20200407,000000,20.335,20.335,19.482,19.482,10675,0
CNCR.US,D,20200408,000000,19.463,19.948,19.463,19.909,2805,0
CNCR.US,D,20200409,000000,20.463,20.662,20.414,20.632,31357,0
CNCR.US,D,20200413,000000,20.741,20.747,20.207,20.612,27250,0
CNCR.US,D,20200414,000000,21.008,21.611,20.964,21.611,33379,0
CNCR.US,D,20200415,000000,21.177,21.335,20.899,21.066,17057,0
CNCR.US,D,20200416,000000,21.137,21.523,21.137,21.523,16390,0
CNCR.US,D,20200417,000000,22.723,22.818,22.193,22.802,7918,0
CNCR.US,D,20200420,000000,22.693,24.109,22.693,23.337,19608,0
CNCR.US,D,20200421,000000,22.951,23.362,22.228,22.703,12391,0
CNCR.US,D,20200422,000000,23.744,23.744,23.07,23.384,10606,0
CNCR.US,D,20200423,000000,23.509,23.753,23.006,23.006,13031,0
CNCR.US,D,20200424,000000,23.031,23.595,23.031,23.535,18603,0
CNCR.US,D,20200427,000000,23.734,23.833,23.516,23.556,15557,0
CNCR.US,D,20200428,000000,24.219,24.219,22.832,22.864,10177,0
CNCR.US,D,20200429,000000,23.298,23.298,22.871,23.14,30206,0
CNCR.US,D,20200430,000000,22.931,22.976,22.476,22.52,13842,0
CNCR.US,D,20200501,000000,22.227,22.237,21.613,21.85,18655,0
CNCR.US,D,20200504,000000,21.544,22.416,21.544,22.277,4111,0
CNCR.US,D,20200505,000000,23.199,23.327,22.923,22.923,3383,0
CNCR.US,D,20200506,000000,22.881,23.057,22.881,23.057,4750,0
CNCR.US,D,20200507,000000,23.654,23.753,23.288,23.753,8564,0
CNCR.US,D,20200508,000000,23.803,24.625,23.803,24.377,23861,0
CNCR.US,D,20200511,000000,24.249,25.537,24.249,25.408,14484,0
CNCR.US,D,20200512,000000,25.488,25.864,24.804,24.804,41591,0
CNCR.US,D,20200513,000000,24.96,25.171,23.724,24.421,20743,0
CNCR.US,D,20200514,000000,24.279,24.964,24.27,24.898,24358,0
CNCR.US,D,20200515,000000,24.735,25.875,24.735,25.824,27978,0
CNCR.US,D,20200518,000000,27.38,27.38,26.716,27.128,39245,0
CNCR.US,D,20200519,000000,27.053,27.212,26.161,26.161,77867,0
CNCR.US,D,20200520,000000,26.201,27.008,26.142,27.008,30518,0
CNCR.US,D,20200521,000000,26.905,26.97,26.28,26.936,34508,0
CNCR.US,D,20200522,000000,27.083,27.36,26.855,27.202,12007,0
CNCR.US,D,20200526,000000,27.747,27.747,26.38,26.449,36810,0
CNCR.US,D,20200527,000000,26.261,26.261,25.081,25.919,29010,0
CNCR.US,D,20200528,000000,26.152,26.467,25.527,25.551,13447,0
CNCR.US,D,20200529,000000,25.825,26.254,25.517,26.254,24269,0
CNCR.US,D,20200601,000000,26.538,26.538,26.092,26.513,6578,0
CNCR.US,D,20200602,000000,26.221,26.584,25.815,26.584,13230,0
CNCR.US,D,20200603,000000,26.34,26.517,26.202,26.251,22484,0
CNCR.US,D,20200604,000000,26.315,26.382,25.825,25.825,9301,0
CNCR.US,D,20200605,000000,25.924,26.103,25.517,25.611,29605,0
CNCR.US,D,20200608,000000,25.527,26.112,25.527,25.953,45225,0
CNCR.US,D,20200609,000000,25.795,26.459,25.795,26.241,4737,0
CNCR.US,D,20200610,000000,26.479,26.479,26.132,26.146,3126,0
CNCR.US,D,20200611,000000,25.924,26.142,24.791,24.937,69665,0
CNCR.US,D,20200612,000000,25.289,25.587,24.705,25.046,6193,0
CNCR.US,D,20200615,000000,25.2,25.993,24.913,25.884,19456,0
CNCR.US,D,20200616,000000,26.052,26.226,25.468,25.914,9721,0
CNCR.US,D,20200617,000000,26.013,26.31,26.003,26.053,27217,0
CNCR.US,D,20200618,000000,25.676,26.32,25.676,26.171,24527,0
CNCR.US,D,20200619,000000,26.251,26.755,26.251,26.643,15110,0
CNCR.US,D,20200622,000000,26.598,27.222,26.37,27.152,8463,0
CNCR.US,D,20200623,000000,27.271,27.846,27.252,27.296,23215,0
CNCR.US,D,20200624,000000,27.113,27.153,26.479,26.786,14105,0
CNCR.US,D,20200625,000000,26.677,27.237,26.677,27.177,10341,0
CNCR.US,D,20200626,000000,26.925,27.119,26.399,26.439,4517,0
CNCR.US,D,20200629,000000,26.548,26.736,26.331,26.386,2442,0
CNCR.US,D,20200630,000000,26.449,26.905,26.439,26.845,14300,0
CNCR.US,D,20200701,000000,26.825,26.891,26.708,26.747,4065,0
CNCR.US,D,20200702,000000,27.202,27.202,26.866,26.959,6237,0
CNCR.US,D,20200706,000000,27.549,27.549,27.014,27.014,6355,0
CNCR.US,D,20200707,000000,26.887,27.47,26.886,27.361,4823,0
CNCR.US,D,20200708,000000,27.113,27.579,27.113,27.509,10542,0
CNCR.US,D,20200709,000000,27.648,27.648,27.133,27.262,23137,0
CNCR.US,D,20200710,000000,27.182,27.252,26.766,26.816,15113,0
CNCR.US,D,20200713,000000,26.904,27.529,26.043,26.043,18055,0
CNCR.US,D,20200714,000000,26.33,26.578,25.973,26.459,4164,0
CNCR.US,D,20200715,000000,27.301,27.331,26.925,27.281,7204,0
CNCR.US,D,20200716,000000,26.784,26.913,26.766,26.825,1699,0
CNCR.US,D,20200717,000000,26.915,27.775,26.915,27.775,14128,0
CNCR.US,D,20200720,000000,27.925,28.292,27.836,28.124,7332,0
CNCR.US,D,20200721,000000,27.985,28.143,27.44,27.44,20696,0
CNCR.US,D,20200722,000000,27.509,27.565,27.129,27.401,4574,0
CNCR.US,D,20200723,000000,27.172,27.414,26.459,26.459,7199,0
CNCR.US,D,20200724,000000,26.271,26.271,25.666,25.748,37889,0
CNCR.US,D,20200727,000000,25.914,26.446,25.914,26.446,9891,0
CNCR.US,D,20200728,000000,26.469,26.557,25.963,26.024,6096,0
CNCR.US,D,20200729,000000,26.013,26.062,25.438,25.501,11200,0
CNCR.US,D,20200730,000000,25.19,25.765,25.071,25.61,9533,0
CNCR.US,D,20200731,000000,25.527,25.527,24.784,24.99,12273,0
CNCR.US,D,20200803,000000,25.19,26.34,25.19,26.294,5511,0
CNCR.US,D,20200804,000000,26.023,26.171,25.874,26.171,3922,0
CNCR.US,D,20200805,000000,26.241,26.309,26.062,26.255,8996,0
CNCR.US,D,20200806,000000,26.33,26.33,25.947,25.947,1822,0
CNCR.US,D,20200807,000000,25.963,26.261,25.805,25.952,5123,0
CNCR.US,D,20200810,000000,25.834,26.111,25.834,26.073,2046,0
CNCR.US,D,20200811,000000,25.765,26.211,25.547,25.651,5298,0
CNCR.US,D,20200812,000000,25.805,25.864,25.795,25.851,1927,0
CNCR.US,D,20200813,000000,26.125,26.125,26.062,26.102,807,0
CNCR.US,D,20200814,000000,25.789,25.874,25.625,25.686,2571,0
CNCR.US,D,20200817,000000,25.924,26.503,25.924,26.503,4518,0
CNCR.US,D,20200818,000000,26.429,26.429,26.072,26.38,3634,0
CNCR.US,D,20200819,000000,26.35,26.974,26.35,26.689,10217,0
CNCR.US,D,20200820,000000,26.617,26.617,26.33,26.535,21818,0
CNCR.US,D,20200821,000000,26.399,26.526,26.293,26.526,2424,0
CNCR.US,D,20200824,000000,26.697,26.707,25.975,26.028,5764,0
CNCR.US,D,20200825,000000,26.196,26.579,26.196,26.579,6977,0
CNCR.US,D,20200826,000000,26.399,26.5,26.161,26.259,17593,0
CNCR.US,D,20200827,000000,26.28,26.28,25.698,25.854,16655,0
CNCR.US,D,20200828,000000,25.894,26.275,25.894,26.069,3471,0
CNCR.US,D,20200831,000000,26.191,26.667,25.924,26.667,4428,0
CNCR.US,D,20200901,000000,26.845,26.845,25.765,25.846,14948,0
CNCR.US,D,20200902,000000,25.825,25.942,25.587,25.942,5987,0
CNCR.US,D,20200903,000000,25.953,26.016,24.972,24.972,15280,0
CNCR.US,D,20200904,000000,25.111,25.111,23.773,24.72,9142,0
CNCR.US,D,20200908,000000,24.635,24.773,24.561,24.561,8328,0
CNCR.US,D,20200909,000000,25.141,25.706,25.141,25.656,15521,0
CNCR.US,D,20200910,000000,25.607,26.261,25.607,25.656,11119,0
CNCR.US,D,20200911,000000,26.044,26.241,25.889,25.908,10887,0
CNCR.US,D,20200914,000000,26.548,27.499,26.548,27.43,37230,0
CNCR.US,D,20200915,000000,27.47,27.747,27.44,27.586,19064,0
CNCR.US,D,20200916,000000,27.797,27.995,27.75,27.876,10591,0
CNCR.US,D,20200917,000000,27.341,28.361,27.322,28.361,22128,0
CNCR.US,D,20200918,000000,28.629,28.877,28.347,28.812,17490,0
CNCR.US,D,20200921,000000,28.688,28.688,27.131,27.434,14754,0
CNCR.US,D,20200922,000000,27.38,27.38,26.756,27.304,9395,0
CNCR.US,D,20200923,000000,27.089,27.212,26.528,26.528,5434,0
CNCR.US,D,20200924,000000,26.29,26.322,25.755,26.003,7743,0
CNCR.US,D,20200925,000000,26.043,26.694,26.043,26.694,3277,0
CNCR.US,D,20200928,000000,26.855,26.855,26.489,26.746,54471,0
CNCR.US,D,20200929,000000,27.01,27.01,26.865,26.939,1280,0
CNCR.US,D,20200930,000000,27.113,27.261,27.113,27.212,2060,0
CNCR.US,D,20201001,000000,27.123,27.386,27.123,27.386,2139,0
CNCR.US,D,20201002,000000,26.905,26.905,26.419,26.459,15548,0
CNCR.US,D,20201005,000000,26.637,27.796,26.637,27.796,5653,0
CNCR.US,D,20201006,000000,27.747,27.945,27.529,27.529,2815,0
CNCR.US,D,20201007,000000,27.747,28.312,27.747,28.262,5124,0
CNCR.US,D,20201008,000000,28.416,28.49,28.203,28.356,5655,0
CNCR.US,D,20201009,000000,28.461,28.807,28.461,28.805,2900,0
CNCR.US,D,20201012,000000,28.936,29.011,28.848,28.986,2488,0
CNCR.US,D,20201013,000000,28.659,29.442,28.659,29.401,11584,0
CNCR.US,D,20201014,000000,29.452,29.972,29.305,29.311,16386,0
CNCR.US,D,20201015,000000,29.006,29.263,28.857,29.09,1887,0
CNCR.US,D,20201016,000000,29.293,29.56,29.248,29.287,2054,0
CNCR.US,D,20201019,000000,29.323,29.323,28.396,28.477,8451,0
CNCR.US,D,20201020,000000,28.56,28.56,28.114,28.195,15058,0
CNCR.US,D,20201021,000000,27.351,27.38,27.034,27.034,2540,0
CNCR.US,D,20201022,000000,27.252,27.41,27.251,27.41,2889,0
CNCR.US,D,20201023,000000,28.104,28.104,27.42,27.707,5531,0
CNCR.US,D,20201026,000000,27.618,27.652,26.737,27.118,3675,0
CNCR.US,D,20201027,000000,27.271,27.43,27.261,27.43,1763,0
CNCR.US,D,20201028,000000,26.687,26.687,26.3,26.437,6118,0
CNCR.US,D,20201029,000000,26.746,26.882,26.746,26.882,604,0
CNCR.US,D,20201030,000000,26.518,26.518,25.934,26.147,3306,0
CNCR.US,D,20201102,000000,26.33,26.433,26.062,26.276,6982,0
CNCR.US,D,20201103,000000,26.766,26.869,26.489,26.869,2081,0
CNCR.US,D,20201104,000000,28.299,28.307,27.96,28.084,4743,0
CNCR.US,D,20201105,000000,28.629,28.629,28.064,28.193,2722,0
CNCR.US,D,20201106,000000,28.252,28.252,27.411,27.499,1956,0
CNCR.US,D,20201109,000000,27.965,28.257,27.668,27.753,12126,0
CNCR.US,D,20201110,000000,27.806,28.173,27.668,27.98,16963,0
CNCR.US,D,20201111,000000,28.303,28.5,28.143,28.352,3592,0
CNCR.US,D,20201112,000000,28.451,28.451,27.955,28.138,19715,0
CNCR.US,D,20201113,000000,28.431,28.738,28.431,28.639,6838,0
CNCR.US,D,20201116,000000,29.224,29.224,28.259,28.292,3950,0
CNCR.US,D,20201117,000000,28.619,28.827,28.441,28.753,21261,0
CNCR.US,D,20201118,000000,28.896,29.115,28.758,28.758,1892,0
CNCR.US,D,20201119,000000,28.89,29.021,28.778,28.873,15342,0
CNCR.US,D,20201120,000000,28.976,29.521,28.976,29.447,20159,0
CNCR.US,D,20201123,000000,29.521,29.585,29.352,29.467,8362,0
CNCR.US,D,20201124,000000,29.511,29.608,29.214,29.286,9628,0
CNCR.US,D,20201125,000000,29.57,29.63,29.531,29.63,2856,0
CNCR.US,D,20201127,000000,29.749,31.285,29.749,31.252,21321,0
CNCR.US,D,20201130,000000,32.028,32.127,31.388,32.058,15511,0
CNCR.US,D,20201201,000000,32.464,32.89,31.765,31.949,14837,0
CNCR.US,D,20201202,000000,31.711,31.993,31.534,31.661,8148,0
CNCR.US,D,20201203,000000,31.622,31.939,31.612,31.835,2803,0
CNCR.US,D,20201204,000000,31.767,32.028,31.767,31.998,2427,0
CNCR.US,D,20201207,000000,32.553,33.524,32.553,32.85,20091,0
CNCR.US,D,20201208,000000,32.88,33.703,32.547,33.632,12876,0
CNCR.US,D,20201209,000000,34.059,34.059,31.929,32.325,24362,0
CNCR.US,D,20201210,000000,31.978,33.069,31.978,33.049,3130,0
CNCR.US,D,20201211,000000,32.841,33.098,32.654,32.76,6124,0
CNCR.US,D,20201214,000000,33.425,33.792,32.928,33.056,17433,0
CNCR.US,D,20201215,000000,33.851,33.851,32.228,32.64,23194,0
CNCR.US,D,20201216,000000,32.293,32.603,32.206,32.318,12039,0
CNCR.US,D,20201217,000000,32.424,32.796,32.424,32.796,3555,0
CNCR.US,D,20201218,000000,32.732,33.049,32.732,32.9,21543,0
CNCR.US,D,20201221,000000,32.781,32.91,32.206,32.91,7335,0
CNCR.US,D,20201222,000000,32.9,33.217,32.9,33.079,8752,0
CNCR.US,D,20201223,000000,33.059,33.197,32.895,33.197,8243,0
CNCR.US,D,20201224,000000,32.9,33.475,32.811,32.865,8270,0
CNCR.US,D,20201228,000000,33.267,33.267,32.454,32.464,8602,0
CNCR.US,D,20201229,000000,32.365,32.365,31.583,31.81,17680,0
CNCR.US,D,20201230,000000,32.2363,32.51,32.175,32.2139,9906,0
CNCR.US,D,20201231,000000,32,32,31.57,31.7157,1619,0
CNCR.US,D,20210104,000000,32.02,32.089,31.447,31.5529,5435,0
CNCR.US,D,20210105,000000,31.8499,31.8499,31.5,31.754,2075,0
CNCR.US,D,20210106,000000,32.14,32.75,31.67,32.08,39706,0
CNCR.US,D,20210107,000000,32.47,33.5,32.47,33.4555,16242,0
CNCR.US,D,20210108,000000,33.46,34.3,33.46,34.0844,16635,0
CNCR.US,D,20210111,000000,33.36,34.27,33.36,34,9582,0
CNCR.US,D,20210112,000000,34.32,34.43,33.848,33.94,14417,0
CNCR.US,D,20210113,000000,33.9401,34.1115,33.904,33.904,2494,0
CNCR.US,D,20210114,000000,33.94,35.11,33.94,34.9963,8334,0
CNCR.US,D,20210115,000000,34.48,35.27,34.48,34.6462,12062,0
CNCR.US,D,20210119,000000,34.71,35.3475,34.71,35.1472,9496,0
CNCR.US,D,20210120,000000,35.55,35.55,34.661,34.8,7392,0
CNCR.US,D,20210121,000000,35,35,34.02,34.26,7507,0
CNCR.US,D,20210122,000000,34.21,34.5499,34.11,34.4177,11046,0
CNCR.US,D,20210125,000000,34.4,34.84,33.89,34.727,15533,0
CNCR.US,D,20210126,000000,34.4208,34.49,33.724,33.724,17255,0
CNCR.US,D,20210127,000000,33.37,33.438,32.8025,32.8266,7083,0
CNCR.US,D,20210128,000000,32.85,33.32,32.697,32.697,8696,0
CNCR.US,D,20210129,000000,32.34,33.3,32.331,32.8299,4789,0
CNCR.US,D,20210201,000000,33.53,33.69,33.19,33.61,8836,0
CNCR.US,D,20210202,000000,34.32,34.41,34.0797,34.2332,9339,0
CNCR.US,D,20210203,000000,34.4,34.6616,34.32,34.3226,5422,0
CNCR.US,D,20210204,000000,34.98,34.98,34.3104,34.6734,10672,0
CNCR.US,D,20210205,000000,35.16,35.16,34.79,35.14,2029,0
CNCR.US,D,20210208,000000,35.75,35.818,35.3201,35.7,4398,0
CNCR.US,D,20210209,000000,35.55,35.64,35.295,35.349,11511,0
CNCR.US,D,20210210,000000,35.72,35.79,34.6953,35.23,17307,0
CNCR.US,D,20210211,000000,35.49,35.49,34.5,34.5913,23758,0
CNCR.US,D,20210212,000000,34.37,34.435,34.2309,34.2673,4158,0
CNCR.US,D,20210216,000000,34.03,34.26,33.4169,33.4169,14365,0
CNCR.US,D,20210217,000000,33.36,33.6,32.99,33.6,8716,0
CNCR.US,D,20210218,000000,33.07,33.1,32.6,33,5687,0
CNCR.US,D,20210219,000000,32.98,33.6,32.98,33.3112,7869,0
CNCR.US,D,20210222,000000,33.01,33.01,32.1,32.1373,7415,0
CNCR.US,D,20210223,000000,31.82,32.05,30.72,31.8867,25797,0
CNCR.US,D,20210224,000000,31.58,32.23,31.58,32.0212,3080,0
CNCR.US,D,20210225,000000,32.178,32.178,31.16,31.2,3726,0
CNCR.US,D,20210226,000000,31.04,31.751,31.04,31.52,3180,0
CNCR.US,D,20210301,000000,31.75,32.51,31.75,32.51,4472,0
CNCR.US,D,20210302,000000,32.11,32.1856,31.6202,31.6202,5138,0
CNCR.US,D,20210303,000000,31.54,31.54,30.5234,30.581,5915,0
CNCR.US,D,20210304,000000,30.02,30.54,29.0525,29.44,12851,0
CNCR.US,D,20210305,000000,29.5,29.7205,28.4756,29.7205,6818,0
CNCR.US,D,20210308,000000,29.77,30,29.4679,29.4679,2458,0
CNCR.US,D,20210309,000000,29.66,30.79,29.66,30.6428,4663,0
CNCR.US,D,20210310,000000,31.03,31.265,31.03,31.135,1609,0
CNCR.US,D,20210311,000000,31.28,32.04,31.28,31.985,2524,0
CNCR.US,D,20210312,000000,31.7799,31.995,31.72,31.995,3309,0
CNCR.US,D,20210315,000000,32.05,32.2073,31.81,32.2,5527,0
CNCR.US,D,20210316,000000,31.66,32.29,31.5,31.5885,10374,0
CNCR.US,D,20210317,000000,31.4,32.51,31.4,32.2228,3956,0
CNCR.US,D,20210318,000000,31.39,31.72,31.39,31.72,2414,0
CNCR.US,D,20210319,000000,31.38,31.38,31.05,31.25,2867,0
CNCR.US,D,20210322,000000,31.5,31.89,31.5,31.89,1073,0
CNCR.US,D,20210323,000000,31.29,31.29,30.4071,30.4603,2121,0
CNCR.US,D,20210324,000000,30.63,30.63,29.1,29.1,2046,0
CNCR.US,D,20210325,000000,28.88,29.61,28.88,29.41,6758,0
CNCR.US,D,20210326,000000,29.76,29.84,29.11,29.4673,2281,0
CNCR.US,D,20210329,000000,29.19,29.34,28.88,28.915,3978,0
CNCR.US,D,20210330,000000,28.5,29.06,28.28,29.05,8366,0
CNCR.US,D,20210331,000000,29.76,29.931,29.5506,29.931,3627,0
CNCR.US,D,20210401,000000,30.28,30.45,29.87,29.9482,3449,0
CNCR.US,D,20210405,000000,30.08,30.335,30.03,30.27,4716,0
CNCR.US,D,20210406,000000,30.13,30.15,29.69,29.69,1464,0
CNCR.US,D,20210407,000000,29.53,29.665,29.144,29.205,27338,0
CNCR.US,D,20210408,000000,29.66,29.79,29.25,29.32,4205,0
CNCR.US,D,20210409,000000,29,29,28.701,28.701,3991,0
CNCR.US,D,20210412,000000,28.25,28.25,27.91,27.91,7737,0
CNCR.US,D,20210413,000000,28.19,28.23,27.956,28,3627,0
CNCR.US,D,20210414,000000,28.38,29.4292,28.38,29.1,9498,0
CNCR.US,D,20210415,000000,29.21,29.77,29.21,29.64,16400,0
CNCR.US,D,20210416,000000,29.91,29.91,29.25,29.35,4390,0
CNCR.US,D,20210419,000000,29.11,29.33,28.82,29.0099,13555,0
CNCR.US,D,20210420,000000,29.15,29.16,28.7209,29.065,5858,0
CNCR.US,D,20210421,000000,29.16,29.79,28.85,29.79,4282,0
CNCR.US,D,20210422,000000,30.101,30.5032,30.101,30.5,3155,0
CNCR.US,D,20210423,000000,30.3,30.64,30.3,30.64,2780,0
CNCR.US,D,20210426,000000,30.36,31.23,30.36,31.23,2863,0
CNCR.US,D,20210427,000000,31.09,31.0911,30.98,31.06,49226,0
CNCR.US,D,20210428,000000,30.11,31.3,30.11,31.3,8232,0
CNCR.US,D,20210429,000000,31.053,31.18,30.98,30.98,2547,0
CNCR.US,D,20210430,000000,31.09,31.25,30.85,30.85,8103,0
CNCR.US,D,20210503,000000,31.12,31.16,30.8528,30.935,1096,0
CNCR.US,D,20210504,000000,30,30,29.3744,29.46,3957,0
CNCR.US,D,20210505,000000,30.086,30.086,29.31,29.31,2564,0
CNCR.US,D,20210506,000000,29.09,29.0957,28.77,28.77,2843,0
CNCR.US,D,20210507,000000,29.19,30.05,29.19,29.88,3767,0
CNCR.US,D,20210510,000000,29.86,29.86,29.17,29.45,19442,0
CNCR.US,D,20210511,000000,28.47,29.6,28.12,29.31,6864,0
CNCR.US,D,20210512,000000,29.38,29.38,28.91,28.91,12887,0
CNCR.US,D,20210513,000000,29.39,29.39,28.5,28.8,6106,0
CNCR.US,D,20210514,000000,29.31,29.72,28.994,29.68,12738,0
CNCR.US,D,20210517,000000,29.62,29.9799,29.62,29.8038,2886,0
CNCR.US,D,20210518,000000,30,30.35,30,30.125,9485,0
CNCR.US,D,20210519,000000,29.7,29.785,29.42,29.54,5440,0
CNCR.US,D,20210520,000000,29.69,30.41,29.69,30.32,7882,0
CNCR.US,D,20210521,000000,30.32,30.32,29.94,29.94,1176,0
CNCR.US,D,20210524,000000,30.08,30.08,29.72,29.72,5607,0
CNCR.US,D,20210525,000000,29.82,29.82,29.59,29.61,1861,0
CNCR.US,D,20210526,000000,29.42,29.99,29.42,29.89,8541,0
CNCR.US,D,20210527,000000,29.77,30.18,29.77,30.13,2481,0
CNCR.US,D,20210528,000000,30.32,30.9391,30.32,30.59,3129,0
CNCR.US,D,20210601,000000,30.51,30.759,30.46,30.46,10922,0
CNCR.US,D,20210602,000000,30.415,30.415,29.98,29.98,7035,0
CNCR.US,D,20210603,000000,29.99,29.99,29.79,29.79,2133,0
CNCR.US,D,20210604,000000,30.1205,30.32,30.05,30.11,6599,0
CNCR.US,D,20210607,000000,30.23,30.75,30.1,30.46,8699,0
CNCR.US,D,20210608,000000,29.99,30.2355,29.9829,30.2355,2953,0
CNCR.US,D,20210609,000000,30.4,31.2,30.4,31,14442,0
CNCR.US,D,20210610,000000,31.14,31.58,30.981,31.57,2054,0
CNCR.US,D,20210611,000000,31.5,31.5,31.175,31.3639,5386,0
CNCR.US,D,20210614,000000,31.33,31.33,31.201,31.3292,1693,0
CNCR.US,D,20210615,000000,30.94,31.12,30.62,30.62,6487,0
CNCR.US,D,20210616,000000,30.925,31,30.284,30.284,1961,0
CNCR.US,D,20210617,000000,30.46,31.13,30.46,31.093,9905,0
CNCR.US,D,20210618,000000,30.7,30.7,30.4853,30.4853,1315,0
CNCR.US,D,20210621,000000,30.57,31.175,30.57,31.0568,5636,0
CNCR.US,D,20210622,000000,30.87,30.9384,30.7217,30.728,3199,0
CNCR.US,D,20210623,000000,31.05,31.0599,30.84,31.0599,5802,0
CNCR.US,D,20210624,000000,31.55,31.7871,31.55,31.72,5401,0
CNCR.US,D,20210625,000000,31.79,31.915,31.53,31.901,2983,0
CNCR.US,D,20210628,000000,32.06,32.51,32,32.085,8322,0
CNCR.US,D,20210629,000000,31.81,31.81,31.5,31.5924,830,0
CNCR.US,D,20210630,000000,31.5999,32.142,31.5999,31.885,5973,0
CNCR.US,D,20210701,000000,32.33,32.5,32.33,32.5,819,0
CNCR.US,D,20210702,000000,32.83,32.99,32.1401,32.25,3033,0
CNCR.US,D,20210706,000000,32.19,32.27,31.38,31.44,3630,0
CNCR.US,D,20210707,000000,31.45,31.45,30.69,30.9669,2606,0
CNCR.US,D,20210708,000000,30.41,30.98,30.41,30.9,2784,0
CNCR.US,D,20210709,000000,30.9,31.3836,30.9,31.37,6971,0
CNCR.US,D,20210712,000000,31.23,31.23,31.0003,31.0003,1630,0
CNCR.US,D,20210713,000000,30.99,30.99,30.48,30.48,963,0
CNCR.US,D,20210714,000000,30.35,30.35,29.57,29.5877,4302,0
CNCR.US,D,20210715,000000,29.5,29.5,29.5,29.5,634,0
CNCR.US,D,20210716,000000,29.56,29.9,29.56,29.6387,2891,0
CNCR.US,D,20210719,000000,29.19,29.7699,29.19,29.7677,8124,0
CNCR.US,D,20210720,000000,29.48,30.28,29.48,30.28,2628,0
CNCR.US,D,20210721,000000,30.08,30.602,30.08,30.5,6023,0
CNCR.US,D,20210722,000000,30.3635,30.67,30.29,30.662,2506,0
CNCR.US,D,20210723,000000,30.58,30.58,30.12,30.2,2308,0
CNCR.US,D,20210726,000000,29.585,29.59,29.2208,29.2208,4639,0
CNCR.US,D,20210727,000000,29,29,28.2699,28.7268,5531,0
CNCR.US,D,20210728,000000,28.83,29.9801,28.83,29.9801,2171,0
CNCR.US,D,20210729,000000,29.98,29.98,29.65,29.65,1615,0
CNCR.US,D,20210802,000000,29.28,29.36,29.13,29.26,1603,0
CNCR.US,D,20210803,000000,29.29,29.33,28.9023,29.33,14783,0
CNCR.US,D,20210804,000000,29.22,29.565,29.22,29.45,1262,0
CNCR.US,D,20210805,000000,29.68,30.161,29.68,30.161,1392,0
CNCR.US,D,20210806,000000,29.75,29.75,29.5,29.5,765,0
CNCR.US,D,20210809,000000,29.48,29.53,29.07,29.35,2184,0
CNCR.US,D,20210810,000000,29.66,29.66,29,29.29,6350,0
CNCR.US,D,20210811,000000,28.8,28.8,28.61,28.8,3197,0
CNCR.US,D,20210812,000000,28.7,28.85,28.636,28.85,4536,0
CNCR.US,D,20210813,000000,28.77,28.77,28.7699,28.7699,1400,0
CNCR.US,D,20210816,000000,28.22,28.5,28.2,28.28,6575,0
CNCR.US,D,20210817,000000,28.06,28.1302,27.972,28.13,1207,0
CNCR.US,D,20210818,000000,28.39,28.631,28.39,28.631,4441,0
CNCR.US,D,20210819,000000,27.6992,27.71,27.45,27.45,2215,0
CNCR.US,D,20210820,000000,27.28,27.901,27.28,27.76,7505,0
CNCR.US,D,20210823,000000,28.73,30.42,28.73,30.17,58951,0
CNCR.US,D,20210824,000000,30.33,30.33,29.91,30.2,1803,0
CNCR.US,D,20210825,000000,30,30.3129,29.954,30.3129,4764,0
CNCR.US,D,20210826,000000,30.5,30.5,29.94,29.9515,4229,0
CNCR.US,D,20210827,000000,30.02,30.705,30.02,30.6,1136,0
CNCR.US,D,20210830,000000,30.43,30.6901,30.43,30.627,1129,0
CNCR.US,D,20210831,000000,30.58,30.6,30.531,30.56,4075,0
CNCR.US,D,20210901,000000,30.69,31.25,30.58,31.13,17994,0
