<TICKER>,<PER>,<DATE>,<TIME>,<OPEN>,<HIGH>,<LOW>,<CLOSE>,<VOL>,<OPENINT>
CSA.US,D,20150708,000000,32.73,32.73,32.73,32.73,531,0
CSA.US,D,20150709,000000,33.434,33.434,33.434,33.434,100,0
CSA.US,D,20150710,000000,33.021,33.077,33.021,33.077,2549,0
CSA.US,D,20150714,000000,33.533,33.533,33.533,33.533,126,0
CSA.US,D,20150716,000000,33.496,33.496,33.434,33.434,531,0
CSA.US,D,20150724,000000,32.503,32.503,32.503,32.503,205,0
CSA.US,D,20150727,000000,32.344,32.344,32.005,32.005,314,0
CSA.US,D,20150729,000000,32.467,32.467,32.467,32.467,100,0
CSA.US,D,20150731,000000,32.644,32.644,32.644,32.644,314,0
CSA.US,D,20150804,000000,32.531,32.531,32.457,32.484,1383,0
CSA.US,D,20150807,000000,32.193,32.193,32.193,32.193,314,0
CSA.US,D,20150811,000000,32.344,32.344,32.344,32.344,178,0
CSA.US,D,20150812,000000,32.233,32.233,32.233,32.233,100,0
CSA.US,D,20150817,000000,32.616,32.616,32.616,32.616,1060,0
CSA.US,D,20150818,000000,32.522,32.522,32.522,32.522,1060,0
CSA.US,D,20150820,000000,31.902,31.93,31.902,31.93,744,0
CSA.US,D,20150821,000000,31.355,31.355,31.355,31.355,1274,0
CSA.US,D,20150824,000000,30.611,30.935,30.054,30.064,1649,0
CSA.US,D,20150825,000000,29.793,30.719,29.793,29.793,636,0
CSA.US,D,20150826,000000,30.015,30.094,30.015,30.015,205,0
CSA.US,D,20150827,000000,30.709,30.709,30.709,30.709,100,0
CSA.US,D,20150828,000000,30.975,30.975,30.975,30.975,100,0
CSA.US,D,20150831,000000,31.091,31.091,31.082,31.082,314,0
CSA.US,D,20150902,000000,30.545,30.555,30.545,30.555,205,0
CSA.US,D,20150910,000000,30.926,30.926,30.908,30.908,3301,0
CSA.US,D,20150923,000000,30.605,30.605,30.605,30.605,205,0
CSA.US,D,20150925,000000,30.549,30.587,30.549,30.587,3608,0
CSA.US,D,20150929,000000,29.906,29.906,29.906,29.906,3179,0
CSA.US,D,20150930,000000,30.228,30.228,30.228,30.228,100,0
CSA.US,D,20151001,000000,29.923,30.037,29.85,30.037,1271,0
CSA.US,D,20151014,000000,31.221,31.221,31.221,31.221,100,0
CSA.US,D,20151016,000000,31.68,31.68,31.68,31.68,100,0
CSA.US,D,20151019,000000,31.68,31.68,31.661,31.68,530,0
CSA.US,D,20151026,000000,31.908,31.908,31.908,31.908,313,0
CSA.US,D,20151027,000000,31.734,31.734,31.734,31.734,100,0
CSA.US,D,20151028,000000,31.661,31.661,31.661,31.661,530,0
CSA.US,D,20151103,000000,32.882,32.882,32.446,32.446,1905,0
CSA.US,D,20151105,000000,32.427,32.427,32.427,32.427,420,0
CSA.US,D,20151106,000000,32.777,32.862,32.768,32.862,13464,0
CSA.US,D,20151109,000000,32.382,32.502,32.382,32.474,2418,0
CSA.US,D,20151112,000000,32.181,32.181,31.832,31.832,420,0
CSA.US,D,20151113,000000,31.724,31.724,31.502,31.502,741,0
CSA.US,D,20151116,000000,31.428,31.744,31.351,31.744,333881,0
CSA.US,D,20151117,000000,31.714,31.927,31.714,31.714,530,0
CSA.US,D,20151118,000000,31.724,32.181,31.724,32.181,43792,0
CSA.US,D,20151120,000000,32.372,32.372,32.362,32.362,1380,0
CSA.US,D,20151123,000000,32.4,32.587,32.352,32.511,6046,0
CSA.US,D,20151124,000000,32.466,32.768,32.269,32.768,6782,0
CSA.US,D,20151125,000000,32.852,32.918,32.852,32.862,3393,0
CSA.US,D,20151127,000000,32.882,33.077,32.882,33.077,741,0
CSA.US,D,20151130,000000,32.946,32.946,32.946,32.946,205,0
CSA.US,D,20151202,000000,33.2,33.2,32.862,32.862,3089,0
CSA.US,D,20151203,000000,32.832,32.832,32.249,32.259,1235,0
CSA.US,D,20151204,000000,32.69,32.69,32.661,32.661,313,0
CSA.US,D,20151207,000000,32.108,32.136,32.108,32.136,635,0
CSA.US,D,20151208,000000,32.127,32.127,32.127,32.127,575,0
CSA.US,D,20151209,000000,31.671,31.671,31.671,31.671,635,0
CSA.US,D,20151210,000000,31.68,31.714,31.569,31.569,2120,0
CSA.US,D,20151214,000000,30.735,30.905,30.735,30.829,731,0
CSA.US,D,20151215,000000,31.259,31.259,31.24,31.24,205,0
CSA.US,D,20151216,000000,31.294,31.532,31.294,31.532,954,0
CSA.US,D,20151217,000000,31.908,31.908,31.408,31.408,1905,0
CSA.US,D,20151218,000000,30.768,30.778,30.768,30.778,313,0
CSA.US,D,20151221,000000,30.778,30.778,30.778,30.778,100,0
CSA.US,D,20151222,000000,30.921,30.94,30.866,30.94,516,0
CSA.US,D,20151223,000000,31.598,31.598,31.598,31.598,954,0
CSA.US,D,20151224,000000,31.625,31.625,31.625,31.625,205,0
CSA.US,D,20151230,000000,31.746,31.788,31.656,31.656,67291,0
CSA.US,D,20151231,000000,31.336,31.336,31.157,31.157,2286,0
CSA.US,D,20160104,000000,30.823,30.823,30.146,30.277,7545,0
CSA.US,D,20160105,000000,30.425,30.425,30.351,30.351,334,0
CSA.US,D,20160106,000000,30.097,30.191,30.097,30.191,1040,0
CSA.US,D,20160107,000000,29.58,29.58,29.234,29.234,888,0
CSA.US,D,20160108,000000,29.117,29.117,29.117,29.117,961,0
CSA.US,D,20160111,000000,28.775,28.775,28.775,28.775,215,0
CSA.US,D,20160113,000000,28.819,28.819,28.441,28.441,21975,0
CSA.US,D,20160114,000000,28.432,28.671,28.432,28.671,285,0
CSA.US,D,20160115,000000,27.615,28.045,27.615,28.045,1361,0
CSA.US,D,20160119,000000,27.967,27.967,27.712,27.92,2012,0
CSA.US,D,20160120,000000,27.365,27.977,27.156,27.977,986,0
CSA.US,D,20160121,000000,28.184,28.184,27.893,27.903,852,0
CSA.US,D,20160122,000000,27.92,28.081,27.92,28.081,330,0
CSA.US,D,20160126,000000,27.937,27.937,27.937,27.937,125,0
CSA.US,D,20160127,000000,28.25,28.502,28.25,28.502,342,0
CSA.US,D,20160129,000000,28.684,28.714,28.629,28.714,4934,0
CSA.US,D,20160201,000000,28.876,28.886,28.847,28.885,173838,0
CSA.US,D,20160202,000000,28.338,28.338,28.338,28.338,402,0
CSA.US,D,20160203,000000,27.836,27.836,27.836,27.836,125,0
CSA.US,D,20160204,000000,28.394,28.5,28.384,28.496,4295,0
CSA.US,D,20160205,000000,28.093,28.093,28.093,28.093,130,0
CSA.US,D,20160208,000000,27.684,27.817,27.684,27.817,735,0
CSA.US,D,20160209,000000,27.645,27.768,27.645,27.768,1136,0
CSA.US,D,20160211,000000,27.174,27.48,27.174,27.48,623,0
CSA.US,D,20160212,000000,27.778,27.778,27.778,27.778,368,0
CSA.US,D,20160216,000000,28.174,28.174,28.174,28.174,88520,0
CSA.US,D,20160217,000000,28.855,28.856,28.848,28.856,455,0
CSA.US,D,20160219,000000,28.866,28.866,28.866,28.866,10207,0
CSA.US,D,20160222,000000,29.128,29.171,29.128,29.171,529,0
CSA.US,D,20160229,000000,29.57,29.57,29.511,29.511,3703,0
CSA.US,D,20160301,000000,30.008,30.008,30.008,30.008,100,0
CSA.US,D,20160302,000000,29.981,30.067,29.981,30.067,387,0
CSA.US,D,20160307,000000,30.962,30.962,30.953,30.953,1055,0
CSA.US,D,20160308,000000,30.864,30.864,30.592,30.592,1374,0
CSA.US,D,20160309,000000,30.651,30.651,30.651,30.651,100,0
CSA.US,D,20160314,000000,30.859,30.859,30.859,30.859,131,0
CSA.US,D,20160315,000000,30.631,30.661,30.525,30.525,95357,0
CSA.US,D,20160318,000000,31.503,31.533,31.503,31.533,227,0
CSA.US,D,20160321,000000,31.483,31.483,31.483,31.483,186,0
CSA.US,D,20160322,000000,31.287,31.38,31.24,31.38,38305,0
CSA.US,D,20160323,000000,30.959,30.959,30.959,30.959,592,0
CSA.US,D,20160329,000000,31.028,31.212,31.028,31.212,311,0
CSA.US,D,20160330,000000,31.871,31.871,31.816,31.816,1164,0
CSA.US,D,20160331,000000,31.901,31.901,31.832,31.832,503,0
CSA.US,D,20160401,000000,31.737,31.786,31.737,31.776,15974,0
CSA.US,D,20160404,000000,31.881,31.881,31.881,31.881,897,0
CSA.US,D,20160405,000000,31.305,31.305,31.305,31.305,104,0
CSA.US,D,20160406,000000,31.417,31.417,31.342,31.342,595,0
CSA.US,D,20160407,000000,31.305,31.305,30.856,30.929,6104,0
CSA.US,D,20160408,000000,31.305,31.305,31.066,31.153,332,0
CSA.US,D,20160412,000000,31.23,31.23,31.23,31.23,216,0
CSA.US,D,20160413,000000,31.996,31.996,31.996,31.996,161,0
CSA.US,D,20160414,000000,32.072,32.14,32.072,32.14,597,0
CSA.US,D,20160415,000000,32.14,32.176,32.111,32.176,1529,0
CSA.US,D,20160418,000000,32.264,32.264,32.264,32.264,294,0
CSA.US,D,20160419,000000,32.498,32.498,32.498,32.498,100,0
CSA.US,D,20160420,000000,32.378,32.378,32.378,32.378,100,0
CSA.US,D,20160421,000000,32.462,32.462,32.462,32.462,100,0
CSA.US,D,20160425,000000,32.245,32.245,32.245,32.245,472,0
CSA.US,D,20160426,000000,32.433,32.583,32.33,32.583,555,0
CSA.US,D,20160428,000000,32.775,32.775,32.775,32.775,9861,0
CSA.US,D,20160429,000000,32.025,32.025,32.025,32.025,227,0
CSA.US,D,20160502,000000,32.338,32.338,32.338,32.338,103,0
CSA.US,D,20160504,000000,31.816,31.872,31.757,31.793,1160,0
CSA.US,D,20160510,000000,32.015,32.015,32.015,32.015,612,0
CSA.US,D,20160511,000000,31.834,31.834,31.834,31.834,152,0
CSA.US,D,20160512,000000,31.726,31.726,31.726,31.726,162,0
CSA.US,D,20160513,000000,31.476,31.476,31.476,31.476,100,0
CSA.US,D,20160517,000000,31.22,31.22,31.22,31.22,315,0
CSA.US,D,20160518,000000,31.698,31.698,31.698,31.698,222,0
CSA.US,D,20160520,000000,31.698,31.698,31.648,31.691,2479,0
CSA.US,D,20160524,000000,32.186,32.264,32.186,32.264,3201,0
CSA.US,D,20160525,000000,32.564,32.564,32.507,32.507,204,0
CSA.US,D,20160526,000000,32.795,32.795,32.405,32.583,1136,0
CSA.US,D,20160601,000000,32.85,32.87,32.85,32.87,454,0
CSA.US,D,20160602,000000,32.945,33.076,32.86,33.076,519,0
CSA.US,D,20160607,000000,33.267,33.294,33.267,33.294,1156,0
CSA.US,D,20160609,000000,33.719,33.719,33.719,33.719,230,0
CSA.US,D,20160610,000000,33.161,33.161,32.983,32.983,788,0
CSA.US,D,20160615,000000,32.711,32.711,32.491,32.491,894,0
CSA.US,D,20160616,000000,32.198,32.198,32.198,32.198,144,0
CSA.US,D,20160620,000000,32.808,32.949,32.808,32.949,479,0
CSA.US,D,20160621,000000,32.624,32.624,32.624,32.624,3917,0
CSA.US,D,20160622,000000,32.929,32.929,32.624,32.634,5171,0
CSA.US,D,20160623,000000,32.967,32.967,32.967,32.967,100,0
CSA.US,D,20160627,000000,30.967,30.967,30.967,30.967,27114,0
CSA.US,D,20160629,000000,31.882,31.882,31.882,31.882,516,0
CSA.US,D,20160630,000000,32.37,32.379,32.37,32.379,773,0
CSA.US,D,20160707,000000,32.672,32.672,32.417,32.417,515,0
CSA.US,D,20160708,000000,32.958,32.958,32.958,32.958,155,0
CSA.US,D,20160711,000000,33.485,33.485,33.484,33.484,361,0
CSA.US,D,20160713,000000,33.924,34.048,33.924,34.014,814,0
CSA.US,D,20160714,000000,34.167,34.174,34.163,34.163,2104,0
CSA.US,D,20160715,000000,34.049,34.173,34,34.079,1856,0
CSA.US,D,20160718,000000,34.079,34.079,34.079,34.079,417,0
CSA.US,D,20160719,000000,33.869,33.869,33.869,33.869,100,0
CSA.US,D,20160720,000000,34.164,34.164,34.164,34.164,261,0
CSA.US,D,20160721,000000,34.034,34.035,33.84,33.84,846,0
CSA.US,D,20160722,000000,33.991,34.202,33.991,34.202,310,0
CSA.US,D,20160725,000000,34.108,34.108,34.099,34.099,265,0
CSA.US,D,20160726,000000,34.144,34.144,34.136,34.136,1050,0
CSA.US,D,20160727,000000,34.23,34.23,34.23,34.23,313,0
CSA.US,D,20160728,000000,34.409,34.409,34.03,34.239,1077,0
CSA.US,D,20160729,000000,34.03,34.089,34.03,34.089,16388,0
CSA.US,D,20160801,000000,34.079,34.136,33.981,34.059,794,0
CSA.US,D,20160803,000000,33.869,33.869,33.869,33.869,841,0
CSA.US,D,20160809,000000,34.525,34.525,34.333,34.333,5393,0
CSA.US,D,20160812,000000,34.343,34.343,34.154,34.154,1045,0
CSA.US,D,20160815,000000,34.546,34.624,34.546,34.584,94232,0
CSA.US,D,20160816,000000,34.457,34.457,34.409,34.409,334,0
CSA.US,D,20160817,000000,34.295,34.295,34.249,34.287,1496,0
CSA.US,D,20160818,000000,34.525,34.525,34.305,34.518,585,0
CSA.US,D,20160819,000000,34.575,34.626,34.545,34.626,1925,0
CSA.US,D,20160823,000000,34.938,34.938,34.916,34.916,275,0
CSA.US,D,20160825,000000,34.808,34.808,34.808,34.808,268,0
CSA.US,D,20160826,000000,35.077,35.077,34.662,34.697,1431,0
CSA.US,D,20160830,000000,35.012,35.021,34.953,35.02,4953,0
CSA.US,D,20160831,000000,34.907,35.002,34.832,35.002,2201,0
CSA.US,D,20160901,000000,35.067,35.071,34.614,34.803,2207,0
CSA.US,D,20160902,000000,35.021,35.107,35.021,35.107,310,0
CSA.US,D,20160906,000000,35.046,35.046,35.012,35.012,721,0
CSA.US,D,20160907,000000,35.125,35.134,35.125,35.125,3308,0
CSA.US,D,20160908,000000,35.268,35.297,35.239,35.287,3465,0
CSA.US,D,20160909,000000,34.801,34.801,34.397,34.397,2312,0
CSA.US,D,20160912,000000,34.359,34.415,34.359,34.415,416,0
CSA.US,D,20160913,000000,34.319,34.319,34.319,34.319,137,0
CSA.US,D,20160914,000000,34.122,34.245,34.045,34.045,1793,0
CSA.US,D,20160915,000000,34.283,34.369,34.257,34.369,7976,0
CSA.US,D,20160916,000000,34.151,34.151,34.151,34.151,347,0
CSA.US,D,20160919,000000,34.678,34.694,34.397,34.41,2958,0
CSA.US,D,20160920,000000,34.439,34.439,34.397,34.397,1828,0
CSA.US,D,20160921,000000,34.611,34.611,34.484,34.484,2517,0
CSA.US,D,20160923,000000,35.161,35.161,35.161,35.161,477,0
CSA.US,D,20160926,000000,34.884,34.884,34.884,34.884,342,0
CSA.US,D,20160927,000000,34.733,34.875,34.675,34.858,913,0
CSA.US,D,20160928,000000,34.98,35.048,34.81,34.96,7565,0
CSA.US,D,20160929,000000,34.694,34.704,34.694,34.704,202,0
CSA.US,D,20160930,000000,34.98,35.11,34.98,35.019,3659,0
CSA.US,D,20161003,000000,34.875,34.96,34.839,34.905,866,0
CSA.US,D,20161004,000000,34.98,34.98,34.838,34.838,617,0
CSA.US,D,20161005,000000,35.219,35.219,35.219,35.219,100,0
CSA.US,D,20161006,000000,35.082,35.105,35.044,35.105,1659,0
CSA.US,D,20161012,000000,34.646,34.75,34.646,34.75,886,0
CSA.US,D,20161013,000000,34.198,34.198,34.198,34.198,100,0
CSA.US,D,20161014,000000,34.372,34.372,34.372,34.372,100,0
CSA.US,D,20161017,000000,34.562,34.562,34.255,34.255,2733,0
CSA.US,D,20161018,000000,34.339,34.415,34.339,34.415,282,0
CSA.US,D,20161019,000000,34.6,34.639,34.572,34.6,15454,0
CSA.US,D,20161020,000000,34.581,34.581,34.309,34.369,2203,0
CSA.US,D,20161026,000000,34.113,34.113,34.113,34.113,2135,0
CSA.US,D,20161027,000000,33.835,33.835,33.835,33.835,724,0
CSA.US,D,20161031,000000,33.978,33.986,33.951,33.986,471,0
CSA.US,D,20161104,000000,33.406,33.582,33.406,33.58,1668,0
CSA.US,D,20161107,000000,33.932,33.932,33.932,33.932,286,0
CSA.US,D,20161108,000000,34.089,34.206,34.016,34.206,10371,0
CSA.US,D,20161110,000000,36.077,36.077,35.992,35.992,1310,0
CSA.US,D,20161111,000000,36.182,36.848,36.126,36.799,4463,0
CSA.US,D,20161114,000000,36.493,37.352,36.493,37.352,792,0
CSA.US,D,20161115,000000,37.209,37.5,37.209,37.5,1013,0
CSA.US,D,20161116,000000,37.519,37.555,37.519,37.555,359,0
CSA.US,D,20161118,000000,37.808,37.871,37.808,37.871,412,0
CSA.US,D,20161121,000000,38.166,38.166,38.023,38.061,2265,0
CSA.US,D,20161122,000000,38.366,38.455,38.264,38.455,848,0
CSA.US,D,20161128,000000,38.73,38.731,38.552,38.552,1699,0
CSA.US,D,20161129,000000,38.647,38.647,38.642,38.647,1568,0
CSA.US,D,20161130,000000,38.647,38.647,38.263,38.273,10558,0
CSA.US,D,20161201,000000,38.426,38.426,38.264,38.264,1311,0
CSA.US,D,20161202,000000,38.376,38.376,38.22,38.253,1980,0
CSA.US,D,20161205,000000,38.637,38.795,38.637,38.777,5418,0
CSA.US,D,20161206,000000,38.804,39.319,38.804,39.319,2524,0
CSA.US,D,20161207,000000,39.291,39.694,39.268,39.694,15631,0
CSA.US,D,20161208,000000,39.799,40.439,39.779,40.427,7526,0
CSA.US,D,20161209,000000,40.477,40.477,40.458,40.462,1825,0
CSA.US,D,20161212,000000,40.313,40.313,40.029,40.119,3275,0
CSA.US,D,20161213,000000,40.272,40.272,40.008,40.047,16348,0
CSA.US,D,20161214,000000,40.005,40.075,39.736,39.816,6793,0
CSA.US,D,20161215,000000,40.236,40.309,39.977,39.997,3981,0
CSA.US,D,20161216,000000,40.211,40.211,39.9,39.9,848,0
CSA.US,D,20161219,000000,39.997,40.037,39.927,40.037,1665,0
CSA.US,D,20161220,000000,40.397,40.397,40.291,40.386,909,0
CSA.US,D,20161221,000000,40.445,40.445,40.338,40.338,633,0
CSA.US,D,20161222,000000,40.372,40.372,39.957,39.979,1059,0
CSA.US,D,20161223,000000,40.075,40.226,40.027,40.053,4883,0
CSA.US,D,20161227,000000,40.272,40.406,40.272,40.406,1499,0
CSA.US,D,20161228,000000,40.307,40.307,39.926,39.949,836,0
CSA.US,D,20161229,000000,39.85,40.083,39.85,39.975,974,0
CSA.US,D,20161230,000000,39.822,39.822,39.754,39.754,1202,0
CSA.US,D,20170103,000000,39.754,39.754,39.697,39.697,550,0
CSA.US,D,20170104,000000,40.462,40.532,40.204,40.532,11537,0
CSA.US,D,20170105,000000,39.878,39.916,39.844,39.916,722,0
CSA.US,D,20170106,000000,39.86,39.925,39.754,39.754,1526,0
CSA.US,D,20170109,000000,40.083,40.083,39.268,39.351,2187,0
CSA.US,D,20170110,000000,39.621,39.659,39.418,39.652,4281,0
CSA.US,D,20170111,000000,39.995,39.995,39.621,39.621,3436,0
CSA.US,D,20170112,000000,39.39,39.39,39.113,39.264,1167,0
CSA.US,D,20170113,000000,39.87,39.87,39.64,39.64,2150,0
CSA.US,D,20170117,000000,39.293,39.457,39.001,39.069,2384,0
CSA.US,D,20170118,000000,39.335,39.335,39.089,39.239,2276,0
CSA.US,D,20170119,000000,39.738,39.738,38.762,38.925,4654,0
CSA.US,D,20170120,000000,39.083,39.204,38.905,39.089,31979,0
CSA.US,D,20170123,000000,38.891,38.971,38.779,38.971,3957,0
CSA.US,D,20170124,000000,39.185,39.687,39.175,39.616,8401,0
CSA.US,D,20170125,000000,40.018,40.029,39.929,40.029,3347,0
CSA.US,D,20170126,000000,39.902,39.902,39.768,39.825,1255,0
CSA.US,D,20170127,000000,39.768,39.768,39.61,39.61,2216,0
CSA.US,D,20170130,000000,39.117,39.248,38.981,39.185,1264,0
CSA.US,D,20170131,000000,39.166,39.394,39.107,39.335,2363,0
CSA.US,D,20170201,000000,39.787,39.787,39.297,39.297,863,0
CSA.US,D,20170202,000000,39.216,39.216,38.968,39.156,1664,0
CSA.US,D,20170203,000000,39.418,39.566,39.418,39.566,836,0
CSA.US,D,20170206,000000,39.493,39.493,39.263,39.263,947,0
CSA.US,D,20170207,000000,39.854,39.854,39.099,39.151,2753,0
CSA.US,D,20170208,000000,39.021,39.021,39.02,39.02,732,0
CSA.US,D,20170209,000000,38.752,39.547,38.752,39.547,975,0
CSA.US,D,20170210,000000,39.816,39.816,39.796,39.796,412,0
CSA.US,D,20170213,000000,40.13,40.228,39.94,39.94,4757,0
CSA.US,D,20170214,000000,39.987,40.037,39.862,39.987,1278,0
CSA.US,D,20170215,000000,40.104,40.204,40.017,40.204,1367,0
CSA.US,D,20170216,000000,40.446,40.446,39.987,40.071,1799,0
CSA.US,D,20170217,000000,40.066,40.076,40.063,40.063,1142,0
CSA.US,D,20170221,000000,40.416,40.416,40.253,40.368,4263,0
CSA.US,D,20170222,000000,40.398,40.411,40.273,40.273,2626,0
CSA.US,D,20170223,000000,40.113,40.122,40.067,40.076,17111,0
CSA.US,D,20170224,000000,40.14,40.15,40.057,40.057,1631,0
CSA.US,D,20170227,000000,39.928,40.426,39.928,40.426,3343,0
CSA.US,D,20170228,000000,40.436,40.436,39.766,39.766,487,0
CSA.US,D,20170301,000000,40.532,40.629,40.532,40.572,746,0
CSA.US,D,20170302,000000,40.407,40.562,40.086,40.122,9087,0
CSA.US,D,20170303,000000,39.967,39.977,39.814,39.874,1241,0
CSA.US,D,20170306,000000,39.794,39.794,39.68,39.785,928,0
CSA.US,D,20170307,000000,40.221,40.221,39.622,39.622,1850,0
CSA.US,D,20170309,000000,39.519,39.529,39.24,39.278,15685,0
CSA.US,D,20170310,000000,39.516,39.516,39.24,39.288,3063,0
CSA.US,D,20170313,000000,39.366,39.5,39.316,39.442,7613,0
CSA.US,D,20170314,000000,39.221,39.451,39.137,39.451,2219,0
CSA.US,D,20170315,000000,39.654,39.759,39.654,39.759,10979,0
CSA.US,D,20170316,000000,39.966,40,39.961,39.961,428,0
CSA.US,D,20170317,000000,39.961,40.001,39.942,40.001,906,0
CSA.US,D,20170320,000000,40.707,40.707,39.789,39.874,1820,0
CSA.US,D,20170321,000000,39.844,39.844,38.885,38.885,407,0
CSA.US,D,20170322,000000,38.697,38.697,38.409,38.622,5637,0
CSA.US,D,20170323,000000,38.972,38.972,38.972,38.972,415,0
CSA.US,D,20170327,000000,38.886,39.06,38.876,38.876,1592,0
CSA.US,D,20170328,000000,38.837,39.338,38.837,39.278,3991,0
CSA.US,D,20170329,000000,39.48,39.48,39.48,39.48,166,0
CSA.US,D,20170330,000000,39.51,39.875,39.51,39.875,2192,0
CSA.US,D,20170331,000000,40.017,40.032,40.017,40.032,783,0
CSA.US,D,20170403,000000,39.884,39.884,39.298,39.342,4800,0
CSA.US,D,20170404,000000,39.186,39.298,39.153,39.157,7285,0
CSA.US,D,20170405,000000,39.645,39.645,38.886,38.886,6116,0
CSA.US,D,20170406,000000,38.937,39.227,38.886,39.167,18499,0
CSA.US,D,20170407,000000,39.231,39.24,39.118,39.137,2894,0
CSA.US,D,20170410,000000,39.336,39.356,39.097,39.278,2035,0
CSA.US,D,20170411,000000,39.24,39.538,39.147,39.538,1246,0
CSA.US,D,20170412,000000,39.212,39.212,39.064,39.064,366,0
CSA.US,D,20170413,000000,39.108,39.108,38.663,38.743,2345,0
CSA.US,D,20170417,000000,38.745,39.06,38.676,39.06,4441,0
CSA.US,D,20170418,000000,38.986,39.065,38.788,39.065,992,0
CSA.US,D,20170419,000000,39.395,39.452,39.299,39.316,2286,0
CSA.US,D,20170420,000000,39.892,39.967,39.892,39.949,2433,0
CSA.US,D,20170421,000000,40.027,40.037,39.892,40.035,1449,0
CSA.US,D,20170424,000000,40.641,40.641,40.484,40.563,1264,0
CSA.US,D,20170425,000000,41.05,41.07,40.944,40.945,5032,0
CSA.US,D,20170426,000000,40.63,40.964,40.63,40.964,833,0
CSA.US,D,20170427,000000,41.376,41.376,41.156,41.156,1331,0
CSA.US,D,20170428,000000,40.745,40.782,40.745,40.782,549,0
CSA.US,D,20170501,000000,40.649,40.76,40.533,40.741,6809,0
CSA.US,D,20170502,000000,40.506,40.543,40.506,40.543,1411,0
CSA.US,D,20170503,000000,40.543,40.543,40.367,40.466,1792,0
CSA.US,D,20170504,000000,40.859,40.859,40.398,40.429,1081,0
CSA.US,D,20170505,000000,40.378,40.542,40.378,40.542,756,0
CSA.US,D,20170508,000000,40.611,40.611,40.379,40.452,2508,0
CSA.US,D,20170509,000000,41.023,41.023,40.495,40.621,9280,0
CSA.US,D,20170510,000000,40.705,40.705,40.466,40.524,1527,0
CSA.US,D,20170511,000000,40.228,40.437,40.095,40.379,3795,0
CSA.US,D,20170512,000000,40.037,40.122,39.938,40.017,17596,0
CSA.US,D,20170515,000000,40.104,40.427,40.104,40.205,4419,0
CSA.US,D,20170516,000000,40.176,40.176,40.176,40.176,2516,0
CSA.US,D,20170517,000000,39.373,39.373,39.373,39.373,1562,0
CSA.US,D,20170518,000000,39.229,39.393,39.229,39.363,9625,0
CSA.US,D,20170519,000000,39.556,39.556,39.546,39.546,3073,0
CSA.US,D,20170522,000000,39.575,39.633,39.488,39.627,5143,0
CSA.US,D,20170523,000000,39.748,39.845,39.691,39.845,9529,0
CSA.US,D,20170524,000000,39.604,39.604,39.604,39.604,521,0
CSA.US,D,20170525,000000,39.884,39.884,39.756,39.802,1061,0
CSA.US,D,20170526,000000,39.421,39.817,39.421,39.807,1600,0
CSA.US,D,20170530,000000,39.6,39.6,39.6,39.6,1573,0
CSA.US,D,20170531,000000,39.546,39.546,39.516,39.516,313,0
CSA.US,D,20170601,000000,39.458,40.231,39.458,40.231,3427,0
CSA.US,D,20170602,000000,40.687,40.863,40.687,40.742,664,0
CSA.US,D,20170605,000000,40.257,40.606,40.257,40.333,2363,0
CSA.US,D,20170606,000000,39.931,40.153,39.931,40.06,1473,0
CSA.US,D,20170607,000000,40.304,40.304,40.201,40.201,637,0
CSA.US,D,20170608,000000,40.814,40.91,40.814,40.89,2192,0
CSA.US,D,20170609,000000,41.337,41.337,41.275,41.275,322,0
CSA.US,D,20170612,000000,41.418,41.418,41.051,41.051,2978,0
CSA.US,D,20170613,000000,41.217,41.217,41.217,41.217,412,0
CSA.US,D,20170614,000000,41.054,41.054,40.948,40.948,1346,0
CSA.US,D,20170615,000000,40.624,41.036,40.624,40.719,1987,0
CSA.US,D,20170616,000000,40.586,40.671,40.567,40.671,1512,0
CSA.US,D,20170619,000000,41.007,41.007,40.809,40.91,8107,0
CSA.US,D,20170620,000000,40.475,40.475,40.475,40.475,367,0
CSA.US,D,20170621,000000,40.391,40.391,40.106,40.161,3031,0
CSA.US,D,20170622,000000,40.029,40.24,40.029,40.24,337,0
CSA.US,D,20170623,000000,40.439,40.439,40.285,40.341,2704,0
CSA.US,D,20170626,000000,40.766,40.766,40.371,40.449,2014,0
CSA.US,D,20170627,000000,40.458,40.458,40.376,40.376,1360,0
CSA.US,D,20170628,000000,40.872,41.293,40.872,41.036,89099,0
CSA.US,D,20170629,000000,40.834,40.834,40.834,40.834,123,0
CSA.US,D,20170630,000000,40.879,40.879,40.879,40.879,736,0
CSA.US,D,20170703,000000,41.054,41.199,41.054,41.199,545,0
CSA.US,D,20170705,000000,40.75,40.843,40.75,40.843,661,0
CSA.US,D,20170706,000000,40.729,40.729,40.536,40.536,1167,0
CSA.US,D,20170707,000000,40.769,40.794,40.769,40.794,822,0
CSA.US,D,20170710,000000,40.576,40.843,40.507,40.595,3720,0
CSA.US,D,20170711,000000,40.614,40.614,40.605,40.605,360,0
CSA.US,D,20170712,000000,40.968,41.141,40.89,40.919,1454,0
CSA.US,D,20170713,000000,40.836,40.836,40.633,40.794,2782,0
CSA.US,D,20170714,000000,40.968,41.017,40.805,40.91,2483,0
CSA.US,D,20170717,000000,40.624,41.083,40.624,41.045,5147,0
CSA.US,D,20170718,000000,41.129,41.129,40.765,40.879,3031,0
CSA.US,D,20170720,000000,40.946,41.407,40.946,41.368,1768,0
CSA.US,D,20170721,000000,41.263,41.263,41.263,41.263,257,0
CSA.US,D,20170724,000000,41.301,41.301,41.091,41.216,1617,0
CSA.US,D,20170725,000000,41.493,41.656,41.493,41.628,1598,0
CSA.US,D,20170726,000000,41.541,41.541,41.273,41.273,1892,0
CSA.US,D,20170727,000000,41.339,41.483,41.072,41.072,2744,0
CSA.US,D,20170728,000000,41.015,41.015,40.822,40.86,2274,0
CSA.US,D,20170731,000000,40.936,41.043,40.898,40.898,795,0
CSA.US,D,20170801,000000,40.976,41.259,40.879,41.034,3475,0
CSA.US,D,20170802,000000,40.936,40.936,40.717,40.802,2286,0
CSA.US,D,20170803,000000,40.544,40.64,40.417,40.559,4452,0
CSA.US,D,20170804,000000,40.786,40.786,40.65,40.737,1027,0
CSA.US,D,20170808,000000,40.879,41.119,40.707,40.707,3782,0
CSA.US,D,20170809,000000,40.292,40.299,40.16,40.191,3743,0
CSA.US,D,20170810,000000,40.131,40.169,39.683,39.683,11657,0
CSA.US,D,20170811,000000,39.639,39.725,39.619,39.688,3309,0
CSA.US,D,20170814,000000,40.228,40.301,40.228,40.273,1431,0
CSA.US,D,20170815,000000,40.303,40.303,39.805,39.872,10566,0
CSA.US,D,20170816,000000,39.992,40.029,39.93,39.93,3417,0
CSA.US,D,20170817,000000,39.622,39.628,39.294,39.294,1699,0
CSA.US,D,20170818,000000,39.075,39.236,39.075,39.143,1001,0
CSA.US,D,20170821,000000,39.225,39.225,39.219,39.219,582,0
CSA.US,D,20170822,000000,39.476,39.563,39.391,39.544,5232,0
CSA.US,D,20170823,000000,39.496,39.506,39.275,39.419,8207,0
CSA.US,D,20170824,000000,39.447,39.447,39.308,39.313,2216,0
CSA.US,D,20170828,000000,39.406,39.464,39.406,39.464,754,0
CSA.US,D,20170829,000000,39.362,39.534,39.362,39.499,2892,0
CSA.US,D,20170830,000000,39.661,39.661,39.608,39.661,572,0
CSA.US,D,20170831,000000,39.902,40.059,39.902,39.979,2063,0
CSA.US,D,20170901,000000,40.18,40.18,40.18,40.18,359,0
CSA.US,D,20170905,000000,40.142,40.142,39.733,39.733,2150,0
CSA.US,D,20170906,000000,39.863,39.863,39.754,39.834,1009,0
CSA.US,D,20170907,000000,39.593,39.593,39.496,39.496,424,0
CSA.US,D,20170908,000000,39.699,39.699,39.642,39.699,784,0
CSA.US,D,20170911,000000,40.46,40.46,40.029,40.172,2518,0
CSA.US,D,20170912,000000,40.459,40.459,40.401,40.401,402,0
CSA.US,D,20170913,000000,40.563,40.564,40.538,40.564,1946,0
CSA.US,D,20170914,000000,40.663,40.663,40.44,40.519,3039,0
CSA.US,D,20170915,000000,40.681,40.681,40.681,40.681,141,0
CSA.US,D,20170919,000000,41.133,41.163,41.029,41.085,5420,0
CSA.US,D,20170920,000000,41.163,41.301,41.163,41.242,701,0
CSA.US,D,20170921,000000,41.192,41.354,41.192,41.354,713,0
CSA.US,D,20170922,000000,41.576,41.624,41.557,41.624,4392,0
CSA.US,D,20170925,000000,41.567,41.634,41.567,41.634,320,0
CSA.US,D,20170926,000000,41.773,41.773,41.724,41.724,301,0
CSA.US,D,20170927,000000,42.203,42.212,42.194,42.203,2583,0
CSA.US,D,20170928,000000,42.855,43.023,42.855,43.023,20722,0
CSA.US,D,20170929,000000,43.148,43.148,43,43.004,2784,0
CSA.US,D,20171002,000000,43.475,43.475,43.475,43.475,217,0
CSA.US,D,20171003,000000,43.283,43.55,43.283,43.513,812,0
CSA.US,D,20171004,000000,43.55,43.717,43.318,43.437,6209,0
CSA.US,D,20171005,000000,43.408,43.618,43.408,43.532,848,0
CSA.US,D,20171006,000000,43.56,43.56,43.475,43.475,973,0
CSA.US,D,20171009,000000,43.404,43.475,43.404,43.427,1690,0
CSA.US,D,20171010,000000,43.568,43.569,43.455,43.485,1474,0
CSA.US,D,20171011,000000,43.512,43.544,43.467,43.467,1277,0
CSA.US,D,20171012,000000,43.451,43.451,43.379,43.379,589,0
CSA.US,D,20171016,000000,43.543,43.543,43.469,43.469,274,0
CSA.US,D,20171017,000000,43.533,43.533,43.258,43.258,763,0
CSA.US,D,20171018,000000,43.456,43.456,43.456,43.456,322,0
CSA.US,D,20171019,000000,43.252,43.374,43.252,43.374,2980,0
CSA.US,D,20171020,000000,43.898,43.898,43.898,43.898,220,0
CSA.US,D,20171023,000000,43.46,43.46,43.46,43.46,490,0
CSA.US,D,20171024,000000,43.644,43.644,43.527,43.619,1375,0
CSA.US,D,20171025,000000,43.334,43.334,43.183,43.183,1055,0
CSA.US,D,20171027,000000,43.457,43.806,43.457,43.806,1722,0
CSA.US,D,20171030,000000,43.508,43.508,42.889,42.895,4115,0
CSA.US,D,20171031,000000,43.603,43.603,43.593,43.603,484,0
CSA.US,D,20171101,000000,43.279,43.286,43.279,43.286,939,0
CSA.US,D,20171102,000000,43.219,43.383,43.219,43.364,1264,0
CSA.US,D,20171103,000000,43.241,43.241,43.221,43.221,555,0
CSA.US,D,20171106,000000,43.241,43.241,43.241,43.241,191,0
CSA.US,D,20171107,000000,43.241,43.241,42.428,42.428,1384,0
CSA.US,D,20171108,000000,42.593,42.593,42.589,42.589,1258,0
CSA.US,D,20171109,000000,42.131,42.131,42.131,42.131,1024,0
CSA.US,D,20171110,000000,42.391,42.53,42.391,42.456,6420,0
CSA.US,D,20171114,000000,42.579,42.579,42.466,42.553,2308,0
CSA.US,D,20171115,000000,42.508,42.508,42.508,42.508,280,0
CSA.US,D,20171117,000000,42.921,43.243,42.912,43.236,47291,0
CSA.US,D,20171120,000000,43.337,43.337,43.337,43.337,561,0
CSA.US,D,20171121,000000,43.92,43.968,43.919,43.939,28315,0
CSA.US,D,20171122,000000,43.949,44.012,43.949,44.012,605,0
CSA.US,D,20171127,000000,43.852,43.891,43.772,43.772,19399,0
CSA.US,D,20171128,000000,44.27,44.27,44.27,44.27,337,0
CSA.US,D,20171129,000000,45.085,45.316,45.085,45.288,14105,0
CSA.US,D,20171130,000000,45.567,45.567,45.047,45.047,21803,0
CSA.US,D,20171201,000000,44.991,44.991,43.852,44.363,801,0
CSA.US,D,20171204,000000,45.346,45.529,45.019,45.019,7674,0
CSA.US,D,20171205,000000,44.947,44.947,44.551,44.551,1894,0
CSA.US,D,20171206,000000,44.388,44.62,44.3,44.3,3017,0
CSA.US,D,20171207,000000,44.327,44.483,44.327,44.483,1150,0
CSA.US,D,20171208,000000,44.368,44.368,44.339,44.339,41434,0
CSA.US,D,20171211,000000,44.253,44.28,44.083,44.091,2251,0
CSA.US,D,20171212,000000,44.27,44.27,44.111,44.111,2780,0
CSA.US,D,20171213,000000,44.311,44.423,44.212,44.212,2836,0
CSA.US,D,20171214,000000,44.16,44.18,43.644,43.714,6822,0
CSA.US,D,20171215,000000,44.064,44.688,44.064,44.679,20790,0
CSA.US,D,20171218,000000,45.115,45.115,45.025,45.037,7229,0
CSA.US,D,20171219,000000,45.142,45.248,44.856,44.925,5834,0
CSA.US,D,20171220,000000,44.737,45.032,44.718,45.032,1064,0
CSA.US,D,20171221,000000,45.076,45.122,45.076,45.122,448,0
CSA.US,D,20171222,000000,44.802,44.948,44.783,44.783,14175,0
CSA.US,D,20171226,000000,44.995,44.995,44.904,44.904,780,0
CSA.US,D,20171227,000000,44.842,44.842,44.802,44.802,359,0
CSA.US,D,20171228,000000,44.862,44.862,44.783,44.842,1423,0
CSA.US,D,20171229,000000,44.901,45.095,44.566,44.566,26078,0
CSA.US,D,20180102,000000,44.948,44.948,44.654,44.654,4487,0
CSA.US,D,20180103,000000,44.763,44.763,44.763,44.763,341,0
CSA.US,D,20180104,000000,45.043,45.043,44.868,44.948,2978,0
CSA.US,D,20180105,000000,45.062,45.062,44.802,44.974,5793,0
CSA.US,D,20180108,000000,44.783,45.159,44.713,45.159,2077,0
CSA.US,D,20180109,000000,45.27,45.399,45.139,45.139,70095,0
CSA.US,D,20180110,000000,45.134,45.226,44.973,45.024,59489,0
CSA.US,D,20180111,000000,45.119,45.842,45.119,45.842,1513,0
CSA.US,D,20180112,000000,46.116,46.116,45.945,45.945,5562,0
CSA.US,D,20180116,000000,47.402,47.402,45.438,45.614,11473,0
CSA.US,D,20180117,000000,45.806,46.109,45.806,46.06,1747,0
CSA.US,D,20180118,000000,45.79,45.79,45.749,45.759,1258,0
CSA.US,D,20180119,000000,45.739,46.138,45.739,46.137,1868,0
CSA.US,D,20180122,000000,46.022,46.155,45.982,46.081,5267,0
CSA.US,D,20180123,000000,46.128,46.263,45.944,46.203,4224,0
CSA.US,D,20180124,000000,45.948,46.011,45.948,45.976,1222,0
CSA.US,D,20180125,000000,45.806,45.806,45.779,45.779,406,0
CSA.US,D,20180126,000000,45.788,46.081,45.788,46.081,12457,0
CSA.US,D,20180129,000000,46.026,46.04,45.878,45.967,1737,0
CSA.US,D,20180130,000000,45.636,45.788,45.529,45.636,1679,0
CSA.US,D,20180131,000000,45.42,45.499,45.247,45.247,2016,0
CSA.US,D,20180201,000000,44.97,45.364,44.97,45.364,1467,0
CSA.US,D,20180202,000000,45.026,45.045,44.666,44.676,16098,0
CSA.US,D,20180205,000000,44.296,44.414,43.886,43.886,1081,0
CSA.US,D,20180206,000000,42.645,42.79,42.499,42.499,10440,0
CSA.US,D,20180207,000000,43.322,43.489,43.178,43.274,6484,0
CSA.US,D,20180208,000000,43.428,43.428,42.81,42.81,1059,0
CSA.US,D,20180209,000000,42.519,42.8,41.686,42.664,11573,0
CSA.US,D,20180212,000000,42.79,43.187,42.24,43.187,3760,0
CSA.US,D,20180213,000000,42.873,43.088,42.873,43.032,1094,0
CSA.US,D,20180214,000000,43.77,43.77,43.77,43.77,103,0
CSA.US,D,20180215,000000,43.899,44.214,43.702,44.214,2056,0
CSA.US,D,20180216,000000,44.215,44.51,44.215,44.51,12832,0
CSA.US,D,20180220,000000,44.225,44.308,44.036,44.036,4002,0
CSA.US,D,20180221,000000,44.034,44.69,44.034,44.3,1589,0
CSA.US,D,20180222,000000,44.272,44.272,43.985,43.985,3766,0
CSA.US,D,20180223,000000,44.238,44.36,44.159,44.338,24350,0
CSA.US,D,20180226,000000,44.651,44.735,44.571,44.629,3467,0
CSA.US,D,20180227,000000,44.189,44.189,44.189,44.189,651,0
CSA.US,D,20180228,000000,44.234,44.234,43.81,44.053,1842,0
CSA.US,D,20180301,000000,43.277,43.39,43.043,43.043,3196,0
CSA.US,D,20180302,000000,42.686,43.622,42.686,43.622,12121,0
CSA.US,D,20180305,000000,43.672,44.052,43.585,44.052,701,0
CSA.US,D,20180306,000000,44.053,44.483,44.053,44.483,2014,0
CSA.US,D,20180307,000000,44.582,44.582,44.582,44.582,656,0
CSA.US,D,20180308,000000,44.946,44.946,44.796,44.923,3507,0
CSA.US,D,20180309,000000,45.299,45.437,45.299,45.424,31370,0
CSA.US,D,20180312,000000,45.554,45.699,45.544,45.699,7493,0
CSA.US,D,20180313,000000,45.864,45.864,45.572,45.572,857,0
CSA.US,D,20180314,000000,45.526,45.554,45.227,45.227,1280,0
CSA.US,D,20180315,000000,45.304,45.323,45.08,45.08,2520,0
CSA.US,D,20180316,000000,45.175,45.175,45.162,45.167,5363,0
CSA.US,D,20180319,000000,45.148,45.153,44.985,44.985,2031,0
CSA.US,D,20180322,000000,44.995,44.995,44.573,44.573,9058,0
CSA.US,D,20180326,000000,43.421,43.831,43.421,43.827,10811,0
CSA.US,D,20180327,000000,44.106,44.106,43.455,43.455,823,0
CSA.US,D,20180328,000000,43.479,43.479,43.439,43.439,913,0
CSA.US,D,20180329,000000,44.073,44.14,44.006,44.027,112095,0
CSA.US,D,20180402,000000,42.931,43.22,42.931,43.034,12542,0
CSA.US,D,20180403,000000,43.325,43.565,43.268,43.565,10927,0
CSA.US,D,20180404,000000,43.536,44.044,43.536,44.044,995,0
CSA.US,D,20180405,000000,44.458,44.476,44.458,44.476,925,0
CSA.US,D,20180406,000000,44.2,44.2,43.517,43.517,1567,0
CSA.US,D,20180409,000000,44.015,44.121,43.948,43.958,750,0
CSA.US,D,20180410,000000,44.111,44.424,43.976,44.424,13606,0
CSA.US,D,20180411,000000,44.157,44.157,44.157,44.157,288,0
CSA.US,D,20180412,000000,44.4,44.651,44.4,44.591,2556,0
CSA.US,D,20180413,000000,44.72,44.72,44.436,44.436,752,0
CSA.US,D,20180416,000000,44.918,44.945,44.918,44.945,862,0
CSA.US,D,20180417,000000,45.133,45.289,45.057,45.289,11383,0
CSA.US,D,20180418,000000,45.385,45.453,45.323,45.328,1734,0
CSA.US,D,20180419,000000,45.143,45.143,45.094,45.094,1271,0
CSA.US,D,20180420,000000,45.008,45.199,44.876,44.882,1070,0
CSA.US,D,20180423,000000,45.037,45.133,44.89,44.911,7603,0
CSA.US,D,20180424,000000,44.786,44.786,44.723,44.723,1056,0
CSA.US,D,20180425,000000,44.926,44.95,44.843,44.843,620,0
CSA.US,D,20180426,000000,44.774,44.774,44.774,44.774,524,0
CSA.US,D,20180427,000000,44.805,44.805,44.489,44.557,29977,0
CSA.US,D,20180430,000000,44.764,44.769,44.163,44.211,2314,0
CSA.US,D,20180501,000000,44.3,44.324,44.204,44.245,3966,0
CSA.US,D,20180502,000000,44.211,44.567,44.211,44.567,322,0
CSA.US,D,20180503,000000,43.912,44.032,43.912,44.032,1874,0
CSA.US,D,20180504,000000,44.364,44.364,44.364,44.364,391,0
CSA.US,D,20180508,000000,45.057,45.19,44.941,45.19,4212,0
CSA.US,D,20180509,000000,45.338,45.338,45.249,45.289,1734,0
CSA.US,D,20180510,000000,45.259,45.535,45.259,45.535,781,0
CSA.US,D,20180511,000000,45.598,45.598,45.549,45.552,2028,0
CSA.US,D,20180514,000000,45.579,45.579,45.356,45.356,6091,0
CSA.US,D,20180515,000000,45.419,45.419,45.249,45.268,2714,0
CSA.US,D,20180516,000000,45.573,45.652,45.573,45.652,1955,0
CSA.US,D,20180517,000000,46,46.117,46,46.108,1413,0
CSA.US,D,20180518,000000,46.136,46.156,46.101,46.136,3260,0
CSA.US,D,20180521,000000,46.322,46.464,46.322,46.464,1112,0
CSA.US,D,20180522,000000,46.7,46.7,46.316,46.316,2851,0
CSA.US,D,20180523,000000,46.197,46.197,46.197,46.197,357,0
CSA.US,D,20180524,000000,46.056,46.45,45.948,46.401,8588,0
CSA.US,D,20180525,000000,46.574,46.574,46.574,46.574,1702,0
CSA.US,D,20180529,000000,46,46.354,46,46.354,926,0
CSA.US,D,20180530,000000,46.956,47.138,46.956,46.975,92990,0
CSA.US,D,20180531,000000,46.777,46.863,46.777,46.863,1156,0
CSA.US,D,20180601,000000,46.873,47,46.853,46.912,879,0
CSA.US,D,20180604,000000,46.95,47.284,46.95,47.284,116725,0
CSA.US,D,20180605,000000,47.275,47.547,47.158,47.532,5878,0
CSA.US,D,20180606,000000,47.795,47.795,47.795,47.795,923,0
CSA.US,D,20180607,000000,47.847,47.847,47.661,47.661,3054,0
CSA.US,D,20180608,000000,47.834,47.923,47.782,47.923,3607,0
CSA.US,D,20180611,000000,48.012,48.012,47.854,47.877,1785,0
CSA.US,D,20180612,000000,47.933,48.03,47.701,47.904,2781,0
CSA.US,D,20180613,000000,47.932,47.932,47.932,47.932,493,0
CSA.US,D,20180614,000000,47.833,47.873,47.584,47.709,15919,0
CSA.US,D,20180618,000000,48.036,48.217,48.016,48.217,817,0
CSA.US,D,20180619,000000,48.021,48.408,48.021,48.408,6899,0
CSA.US,D,20180620,000000,48.409,48.647,48.409,48.605,1859,0
CSA.US,D,20180621,000000,48.449,48.528,48.354,48.358,4271,0
CSA.US,D,20180622,000000,48.449,48.449,48.318,48.33,1358,0
CSA.US,D,20180625,000000,47.866,47.883,47.866,47.883,587,0
CSA.US,D,20180626,000000,48.08,48.08,47.952,47.954,862,0
CSA.US,D,20180627,000000,47.804,47.804,47.439,47.475,1346,0
CSA.US,D,20180628,000000,47.283,47.283,47.283,47.283,419,0
CSA.US,D,20180629,000000,47.447,47.447,47.437,47.437,700,0
CSA.US,D,20180702,000000,47.077,47.285,47.072,47.225,4587,0
CSA.US,D,20180703,000000,47.903,47.903,47.903,47.903,565,0
CSA.US,D,20180705,000000,48.148,48.148,48.148,48.148,1492,0
CSA.US,D,20180706,000000,48.503,48.678,48.503,48.614,990,0
CSA.US,D,20180709,000000,48.829,48.873,48.829,48.873,674,0
CSA.US,D,20180710,000000,48.742,48.742,48.449,48.499,1304,0
CSA.US,D,20180711,000000,48.456,48.456,48.259,48.425,2770,0
CSA.US,D,20180712,000000,48.155,48.278,48.114,48.257,3681,0
CSA.US,D,20180713,000000,48.32,48.32,48.137,48.137,1992,0
CSA.US,D,20180716,000000,47.972,47.996,47.972,47.982,466,0
CSA.US,D,20180717,000000,48.165,48.165,48.144,48.144,491,0
CSA.US,D,20180718,000000,48.039,48.182,48.001,48.182,2714,0
CSA.US,D,20180719,000000,48.459,48.644,48.454,48.633,1514,0
CSA.US,D,20180720,000000,48.528,48.595,48.528,48.595,1232,0
CSA.US,D,20180723,000000,48.556,48.576,48.556,48.576,648,0
CSA.US,D,20180724,000000,48.323,48.323,48.059,48.217,2649,0
CSA.US,D,20180725,000000,47.932,48.147,47.932,48.147,12358,0
CSA.US,D,20180726,000000,48.425,48.595,48.425,48.594,923,0
CSA.US,D,20180727,000000,47.846,47.846,47.7,47.788,2203,0
CSA.US,D,20180730,000000,47.75,47.79,47.69,47.69,7613,0
CSA.US,D,20180731,000000,47.972,48.059,47.972,47.972,5011,0
CSA.US,D,20180801,000000,48.127,48.127,47.73,47.878,1325,0
CSA.US,D,20180802,000000,48.157,48.34,48.115,48.34,2499,0
CSA.US,D,20180803,000000,48.088,48.229,48.079,48.229,2355,0
CSA.US,D,20180806,000000,48.448,48.585,48.419,48.585,12060,0
CSA.US,D,20180807,000000,48.848,48.848,48.784,48.784,473,0
CSA.US,D,20180808,000000,48.754,48.754,48.754,48.754,762,0
CSA.US,D,20180809,000000,48.905,48.905,48.905,48.905,194,0
CSA.US,D,20180810,000000,48.605,48.848,48.605,48.76,1280,0
CSA.US,D,20180813,000000,48.82,48.82,48.556,48.587,5218,0
CSA.US,D,20180814,000000,48.723,48.839,48.723,48.839,687,0
CSA.US,D,20180816,000000,48.986,49.059,48.986,49.059,4007,0
CSA.US,D,20180817,000000,49.03,49.207,49.011,49.148,8710,0
CSA.US,D,20180820,000000,49.423,49.508,49.417,49.437,1390,0
CSA.US,D,20180821,000000,50.061,50.126,50.061,50.103,3731,0
CSA.US,D,20180822,000000,49.883,50.041,49.883,49.948,7892,0
CSA.US,D,20180823,000000,50.038,50.038,50.038,50.038,329,0
CSA.US,D,20180824,000000,50.014,50.141,49.911,50.141,4478,0
CSA.US,D,20180827,000000,50.326,50.355,50.033,50.051,4876,0
CSA.US,D,20180828,000000,50.2,50.2,49.791,49.869,1517,0
CSA.US,D,20180829,000000,49.73,49.984,49.711,49.984,675,0
CSA.US,D,20180830,000000,50.057,50.057,49.814,49.814,670,0
CSA.US,D,20180831,000000,49.869,49.95,49.801,49.95,2868,0
CSA.US,D,20180904,000000,49.829,49.945,49.617,49.945,11350,0
CSA.US,D,20180905,000000,49.781,49.975,49.781,49.917,787,0
CSA.US,D,20180906,000000,49.656,49.656,49.656,49.656,2552,0
CSA.US,D,20180907,000000,49.577,49.768,49.499,49.566,11127,0
CSA.US,D,20180910,000000,49.869,49.869,49.637,49.637,1005,0
CSA.US,D,20180911,000000,49.676,49.753,49.676,49.746,4529,0
CSA.US,D,20180912,000000,49.37,49.37,49.235,49.266,1636,0
CSA.US,D,20180913,000000,49.371,49.371,49.249,49.249,6018,0
CSA.US,D,20180914,000000,49.46,49.548,49.454,49.454,3550,0
CSA.US,D,20180917,000000,49.489,49.489,49.131,49.131,2850,0
CSA.US,D,20180918,000000,49.218,49.35,49.218,49.35,1777,0
CSA.US,D,20180919,000000,49.385,49.385,49.007,49.007,719,0
CSA.US,D,20180920,000000,49.167,49.167,49.167,49.167,109,0
CSA.US,D,20180921,000000,49.597,49.597,49.109,49.109,3963,0
CSA.US,D,20180924,000000,48.663,48.677,48.514,48.677,880,0
CSA.US,D,20180925,000000,48.708,48.788,48.708,48.743,703,0
CSA.US,D,20180926,000000,48.478,48.672,48.468,48.468,1402,0
CSA.US,D,20180927,000000,48.216,48.368,48.145,48.176,8528,0
CSA.US,D,20180928,000000,48.339,48.339,48.206,48.215,2657,0
CSA.US,D,20181001,000000,48.643,48.643,47.766,47.822,2038,0
CSA.US,D,20181002,000000,47.707,47.707,47.199,47.232,1682,0
CSA.US,D,20181003,000000,47.747,47.775,47.611,47.668,3695,0
CSA.US,D,20181004,000000,47.433,47.433,47.203,47.203,1882,0
CSA.US,D,20181005,000000,46.887,46.887,46.579,46.83,1001,0
CSA.US,D,20181008,000000,46.849,46.967,46.665,46.967,2187,0
CSA.US,D,20181009,000000,46.99,47.056,46.842,46.887,1450,0
CSA.US,D,20181010,000000,46.839,46.839,45.742,45.762,1398,0
CSA.US,D,20181011,000000,45.456,45.606,44.858,44.956,8522,0
CSA.US,D,20181012,000000,45.335,45.335,44.167,44.328,3863,0
CSA.US,D,20181015,000000,44.427,44.822,44.427,44.822,669,0
CSA.US,D,20181016,000000,45.023,45.626,45.023,45.626,8368,0
CSA.US,D,20181017,000000,45.304,45.479,45.304,45.479,589,0
CSA.US,D,20181018,000000,45.529,45.529,44.629,44.629,2895,0
CSA.US,D,20181019,000000,44.86,44.86,44.126,44.231,2779,0
CSA.US,D,20181022,000000,44.221,44.345,44.145,44.305,1035,0
CSA.US,D,20181023,000000,43.744,43.956,43.744,43.956,4393,0
CSA.US,D,20181024,000000,43.316,43.382,43.124,43.124,1948,0
CSA.US,D,20181025,000000,42.731,43.461,42.731,43.23,3836,0
CSA.US,D,20181026,000000,42.43,42.43,42.43,42.43,302,0
CSA.US,D,20181029,000000,43.371,43.47,43.142,43.191,9367,0
CSA.US,D,20181030,000000,43.814,43.814,43.209,43.814,3101,0
CSA.US,D,20181031,000000,44.02,44.156,44.02,44.047,1862,0
CSA.US,D,20181101,000000,43.932,44.53,43.932,44.53,2392,0
CSA.US,D,20181102,000000,44.857,44.857,44.493,44.493,8815,0
CSA.US,D,20181105,000000,44.679,44.817,44.538,44.817,2754,0
CSA.US,D,20181106,000000,45.236,45.236,45.153,45.153,1442,0
CSA.US,D,20181107,000000,45.509,45.593,45.509,45.593,579,0
CSA.US,D,20181108,000000,45.628,45.628,45.628,45.628,194,0
CSA.US,D,20181109,000000,45.078,45.078,44.744,44.744,4061,0
CSA.US,D,20181112,000000,44.688,44.689,44.659,44.689,792,0
CSA.US,D,20181113,000000,44.974,44.974,44.974,44.974,292,0
CSA.US,D,20181114,000000,44.71,44.924,43.912,44.396,90289,0
CSA.US,D,20181115,000000,44.066,44.184,44.066,44.066,899,0
CSA.US,D,20181116,000000,44.492,44.639,44.444,44.596,7424,0
CSA.US,D,20181119,000000,44.62,44.708,44.277,44.277,9974,0
CSA.US,D,20181120,000000,43.635,43.988,43.635,43.635,904,0
CSA.US,D,20181121,000000,43.734,44.125,43.734,44.125,1916,0
CSA.US,D,20181123,000000,43.921,44.154,43.783,43.783,5457,0
CSA.US,D,20181126,000000,44.376,44.442,44.211,44.23,1098,0
CSA.US,D,20181127,000000,44.133,44.133,43.902,43.902,843,0
CSA.US,D,20181128,000000,43.557,44.896,43.557,44.896,4989,0
CSA.US,D,20181129,000000,44.649,44.817,44.6,44.6,9475,0
CSA.US,D,20181130,000000,44.426,44.768,44.426,44.639,4161,0
CSA.US,D,20181203,000000,44.887,45.051,44.854,45.051,9122,0
CSA.US,D,20181204,000000,44.366,44.407,42.954,42.954,12941,0
CSA.US,D,20181206,000000,42.348,42.768,42.348,42.768,5820,0
CSA.US,D,20181207,000000,43.041,43.041,41.978,42.202,2029,0
CSA.US,D,20181210,000000,41.928,41.928,41.928,41.928,285,0
CSA.US,D,20181211,000000,42.351,42.351,41.919,41.968,33499,0
CSA.US,D,20181212,000000,42.154,42.726,42.154,42.551,2693,0
CSA.US,D,20181213,000000,42.106,42.106,42.106,42.106,928,0
CSA.US,D,20181214,000000,41.681,41.735,41.436,41.436,1372,0
CSA.US,D,20181217,000000,40.92,41.04,40.437,40.437,1579,0
CSA.US,D,20181218,000000,40.809,40.845,40.518,40.518,2748,0
CSA.US,D,20181219,000000,40.556,40.566,40.453,40.453,774,0
CSA.US,D,20181220,000000,39.36,39.693,38.959,39.39,1745,0
CSA.US,D,20181221,000000,39.428,39.428,38.498,38.499,2978,0
CSA.US,D,20181224,000000,38.129,38.429,38.129,38.341,2723,0
CSA.US,D,20181226,000000,37.598,39.252,37.597,39.106,60169,0
CSA.US,D,20181227,000000,38.587,39.261,38.125,39.261,19233,0
CSA.US,D,20181228,000000,39.463,40.033,39.252,39.63,39315,0
CSA.US,D,20181231,000000,39.604,39.755,39.446,39.683,20560,0
CSA.US,D,20190102,000000,39.81,40.116,39.751,40.077,39821,0
CSA.US,D,20190103,000000,39.555,40.087,39.409,39.712,3230,0
CSA.US,D,20190104,000000,40.144,40.889,39.974,40.87,3152,0
CSA.US,D,20190107,000000,40.996,41.474,40.996,41.365,34692,0
CSA.US,D,20190108,000000,41.553,41.72,41.504,41.691,16120,0
CSA.US,D,20190109,000000,42.102,42.22,42.063,42.132,3687,0
CSA.US,D,20190110,000000,42.229,42.235,42.229,42.23,3491,0
CSA.US,D,20190111,000000,42.122,42.375,42.092,42.321,2072,0
CSA.US,D,20190114,000000,42.287,42.287,41.994,42.004,15292,0
CSA.US,D,20190115,000000,41.954,42.211,41.799,42.194,6637,0
CSA.US,D,20190116,000000,42.665,42.665,42.438,42.601,10684,0
CSA.US,D,20190117,000000,42.668,42.919,42.668,42.919,1592,0
CSA.US,D,20190118,000000,43.139,43.609,43.139,43.428,1074,0
CSA.US,D,20190122,000000,42.884,42.884,42.668,42.835,2478,0
CSA.US,D,20190123,000000,42.977,42.993,42.977,42.993,1884,0
CSA.US,D,20190124,000000,42.881,42.962,42.747,42.817,2847,0
CSA.US,D,20190125,000000,43.288,43.288,43.219,43.219,296,0
CSA.US,D,20190128,000000,42.797,43.045,42.797,42.914,2473,0
CSA.US,D,20190129,000000,43.033,43.036,43.023,43.035,1048,0
CSA.US,D,20190130,000000,42.854,43.376,42.854,43.19,2774,0
CSA.US,D,20190131,000000,43.346,43.35,43.249,43.35,2253,0
CSA.US,D,20190201,000000,43.605,43.605,43.414,43.56,47680,0
CSA.US,D,20190204,000000,43.857,43.857,43.812,43.812,2519,0
CSA.US,D,20190205,000000,44.1,44.116,43.87,44.116,20152,0
CSA.US,D,20190206,000000,44.022,44.04,43.906,43.915,37734,0
CSA.US,D,20190207,000000,43.876,43.876,43.679,43.837,2219,0
CSA.US,D,20190208,000000,43.765,43.765,43.452,43.668,2128,0
CSA.US,D,20190211,000000,43.737,44.041,43.737,44.041,815,0
CSA.US,D,20190212,000000,44.61,44.61,44.6,44.6,466,0
CSA.US,D,20190213,000000,44.676,44.795,44.666,44.795,2323,0
CSA.US,D,20190214,000000,44.44,44.94,44.44,44.94,1297,0
CSA.US,D,20190215,000000,45.206,45.539,45.206,45.539,2252,0
CSA.US,D,20190219,000000,45.462,45.97,45.462,45.97,2690,0
CSA.US,D,20190220,000000,45.852,46.197,45.842,46.137,4199,0
CSA.US,D,20190221,000000,46.117,46.127,45.776,46.058,29033,0
CSA.US,D,20190222,000000,46.137,46.226,46.078,46.187,21397,0
CSA.US,D,20190225,000000,46.508,46.508,46.245,46.257,2345,0
CSA.US,D,20190226,000000,45.852,45.869,45.727,45.775,3529,0
CSA.US,D,20190227,000000,45.452,45.649,45.452,45.599,8821,0
CSA.US,D,20190228,000000,45.589,45.735,45.579,45.667,9979,0
CSA.US,D,20190301,000000,45.795,45.813,45.462,45.813,5040,0
CSA.US,D,20190304,000000,45.852,45.911,45.461,45.481,3811,0
CSA.US,D,20190305,000000,45.432,45.432,45.285,45.285,873,0
CSA.US,D,20190306,000000,45.077,45.136,44.616,44.686,2977,0
CSA.US,D,20190307,000000,44.636,44.636,44.049,44.049,2665,0
CSA.US,D,20190308,000000,44.021,44.05,44.021,44.04,2873,0
CSA.US,D,20190311,000000,44.148,44.696,44.148,44.696,767,0
CSA.US,D,20190312,000000,44.924,44.924,44.508,44.548,1698,0
CSA.US,D,20190313,000000,44.812,44.835,44.676,44.676,21275,0
CSA.US,D,20190314,000000,44.597,44.646,44.46,44.46,1595,0
CSA.US,D,20190318,000000,44.692,44.964,44.692,44.924,2530,0
CSA.US,D,20190319,000000,45.012,45.031,44.43,44.43,10276,0
CSA.US,D,20190320,000000,43.845,44.592,43.845,44.209,2864,0
CSA.US,D,20190321,000000,44.627,44.627,44.627,44.627,303,0
CSA.US,D,20190322,000000,44.07,44.07,43.065,43.065,1557,0
CSA.US,D,20190325,000000,42.674,43.059,42.616,43.059,6306,0
CSA.US,D,20190326,000000,43.543,43.795,43.543,43.765,4056,0
CSA.US,D,20190327,000000,43.617,43.666,43.577,43.666,1612,0
CSA.US,D,20190328,000000,43.666,44.05,43.66,43.987,3449,0
CSA.US,D,20190329,000000,44.377,44.377,44.003,44.137,1023,0
CSA.US,D,20190401,000000,44.558,44.735,44.43,44.568,64472,0
CSA.US,D,20190402,000000,44.568,44.568,44.312,44.362,2133,0
CSA.US,D,20190403,000000,44.736,44.766,44.422,44.47,6143,0
CSA.US,D,20190404,000000,45.093,45.093,44.835,44.954,2605,0
CSA.US,D,20190405,000000,45.191,45.403,45.191,45.403,2236,0
CSA.US,D,20190408,000000,45.43,45.43,45.345,45.384,41189,0
CSA.US,D,20190409,000000,45.276,45.276,44.795,44.795,544,0
CSA.US,D,20190410,000000,45.107,45.541,45.107,45.453,1931,0
CSA.US,D,20190411,000000,45.57,45.59,45.448,45.512,5299,0
CSA.US,D,20190412,000000,45.791,45.791,45.659,45.747,2028,0
CSA.US,D,20190415,000000,45.688,45.708,45.565,45.57,1952,0
CSA.US,D,20190416,000000,45.806,45.924,45.688,45.894,5365,0
CSA.US,D,20190417,000000,45.934,45.934,45.708,45.8,3641,0
CSA.US,D,20190418,000000,45.62,45.845,45.62,45.757,2839,0
CSA.US,D,20190422,000000,45.423,45.423,45.275,45.358,1289,0
CSA.US,D,20190423,000000,45.512,45.992,45.512,45.992,2899,0
CSA.US,D,20190424,000000,46.081,46.257,46.081,46.111,3666,0
CSA.US,D,20190425,000000,45.477,45.728,45.477,45.659,130473,0
CSA.US,D,20190426,000000,45.64,46.012,45.64,45.953,3495,0
CSA.US,D,20190429,000000,46.413,46.413,46.239,46.239,2540,0
CSA.US,D,20190430,000000,45.973,46.032,45.973,46.032,777,0
CSA.US,D,20190501,000000,46.061,46.061,45.866,45.866,2048,0
CSA.US,D,20190502,000000,45.953,45.953,45.443,45.482,1236,0
CSA.US,D,20190503,000000,46.417,46.682,46.417,46.682,598,0
CSA.US,D,20190506,000000,46.199,46.66,46.199,46.66,686,0
CSA.US,D,20190507,000000,46.347,46.347,45.796,45.796,4351,0
CSA.US,D,20190508,000000,45.835,45.835,45.765,45.765,1806,0
CSA.US,D,20190509,000000,45.374,45.594,45.374,45.594,650,0
CSA.US,D,20190510,000000,45.335,45.335,45.327,45.327,297,0
CSA.US,D,20190513,000000,45.001,45.001,44.394,44.569,1385,0
CSA.US,D,20190514,000000,44.97,44.97,44.833,44.833,226,0
CSA.US,D,20190515,000000,44.448,44.905,44.448,44.874,1707,0
CSA.US,D,20190516,000000,45.098,45.284,45,45,1096,0
CSA.US,D,20190517,000000,44.674,44.803,44.526,44.526,1266,0
CSA.US,D,20190520,000000,44.095,44.526,44.095,44.526,2183,0
CSA.US,D,20190521,000000,44.867,44.867,44.734,44.764,2003,0
CSA.US,D,20190522,000000,44.692,44.692,44.285,44.285,1821,0
CSA.US,D,20190523,000000,43.552,43.77,43.425,43.425,960,0
CSA.US,D,20190524,000000,43.512,43.592,43.502,43.522,4429,0
CSA.US,D,20190528,000000,43.542,43.542,43.347,43.347,2551,0
CSA.US,D,20190529,000000,42.96,43.032,42.706,43.032,3830,0
CSA.US,D,20190530,000000,43.157,43.157,42.943,42.943,504,0
CSA.US,D,20190531,000000,42.117,42.24,42.117,42.24,496,0
CSA.US,D,20190603,000000,42.44,42.469,42.196,42.44,114173,0
CSA.US,D,20190604,000000,43.279,43.318,43.23,43.318,832,0
CSA.US,D,20190605,000000,43.651,43.651,43.367,43.385,1236,0
CSA.US,D,20190606,000000,43.121,43.289,43.121,43.289,264,0
CSA.US,D,20190607,000000,43.621,43.621,43.621,43.621,119,0
CSA.US,D,20190610,000000,44.047,44.047,44.047,44.047,328,0
CSA.US,D,20190611,000000,44.182,44.182,43.75,43.75,2170,0
CSA.US,D,20190612,000000,43.645,43.657,43.645,43.657,667,0
CSA.US,D,20190613,000000,43.91,44.106,43.91,44.086,3315,0
CSA.US,D,20190614,000000,43.91,43.912,43.802,43.81,3966,0
CSA.US,D,20190617,000000,43.86,43.86,43.787,43.787,701,0
CSA.US,D,20190619,000000,44.185,44.346,44.165,44.346,1996,0
CSA.US,D,20190620,000000,44.656,44.656,44.503,44.503,1512,0
CSA.US,D,20190621,000000,44.39,44.39,44.311,44.35,1365,0
CSA.US,D,20190624,000000,44.145,44.209,43.924,43.924,4850,0
CSA.US,D,20190625,000000,43.739,43.895,43.739,43.78,4778,0
CSA.US,D,20190626,000000,43.775,43.959,43.711,43.711,929,0
CSA.US,D,20190627,000000,44.194,44.194,44.15,44.165,410,0
CSA.US,D,20190628,000000,44.815,45.229,44.815,45.032,2131,0
CSA.US,D,20190701,000000,45.089,45.089,45.089,45.089,487,0
CSA.US,D,20190702,000000,45.169,45.169,44.776,44.776,942,0
CSA.US,D,20190703,000000,45.239,45.239,45.239,45.239,108,0
CSA.US,D,20190705,000000,45.184,45.184,45.184,45.184,721,0
CSA.US,D,20190708,000000,45.261,45.261,45.261,45.261,251,0
CSA.US,D,20190709,000000,44.724,44.795,44.666,44.786,1571,0
CSA.US,D,20190710,000000,45.101,45.101,44.845,44.845,2766,0
CSA.US,D,20190711,000000,44.626,44.626,44.528,44.528,1121,0
CSA.US,D,20190712,000000,45.169,45.417,45.169,45.417,840,0
CSA.US,D,20190715,000000,45.013,45.013,44.845,44.925,917,0
CSA.US,D,20190716,000000,45.179,45.179,45.081,45.081,467,0
CSA.US,D,20190717,000000,44.726,45.049,44.726,44.924,4588,0
CSA.US,D,20190718,000000,44.746,44.945,44.601,44.895,4255,0
CSA.US,D,20190719,000000,44.875,44.935,44.845,44.845,956,0
CSA.US,D,20190722,000000,44.701,44.701,44.527,44.527,498,0
CSA.US,D,20190723,000000,44.8,44.882,44.8,44.805,1090,0
CSA.US,D,20190724,000000,45.169,45.766,45.119,45.763,3751,0
CSA.US,D,20190725,000000,45.616,45.736,45.303,45.303,3160,0
CSA.US,D,20190726,000000,45.664,45.773,45.664,45.763,2153,0
CSA.US,D,20190729,000000,45.95,45.95,45.591,45.591,1441,0
CSA.US,D,20190730,000000,45.311,46.008,45.311,46.008,1462,0
CSA.US,D,20190731,000000,46.067,46.488,45.596,45.733,2880,0
CSA.US,D,20190801,000000,45.861,45.912,44.841,44.905,2520,0
CSA.US,D,20190802,000000,44.375,44.507,44.32,44.507,1093,0
CSA.US,D,20190805,000000,43.286,43.423,43.286,43.423,441,0
CSA.US,D,20190806,000000,43.194,43.471,43.068,43.471,15892,0
CSA.US,D,20190807,000000,42.9,43.273,42.9,43.273,1049,0
CSA.US,D,20190808,000000,44.154,44.312,44.154,44.312,753,0
CSA.US,D,20190809,000000,44.203,44.203,43.819,43.819,2586,0
CSA.US,D,20190812,000000,43.52,43.52,43.491,43.491,810,0
CSA.US,D,20190813,000000,44.092,44.144,43.849,43.849,2098,0
CSA.US,D,20190814,000000,43.177,43.177,42.76,42.76,1361,0
CSA.US,D,20190815,000000,42.64,42.689,42.603,42.689,1230,0
CSA.US,D,20190816,000000,43.391,43.456,43.391,43.456,901,0
CSA.US,D,20190819,000000,44.017,44.085,44.017,44.085,1121,0
CSA.US,D,20190820,000000,43.817,43.817,43.629,43.629,661,0
CSA.US,D,20190821,000000,43.809,43.899,43.784,43.899,1730,0
CSA.US,D,20190822,000000,44.117,44.117,43.629,43.938,2957,0
CSA.US,D,20190823,000000,42.989,42.989,42.989,42.989,487,0
CSA.US,D,20190826,000000,42.603,42.85,42.603,42.79,3254,0
CSA.US,D,20190827,000000,42.484,42.494,42.3,42.308,1126,0
CSA.US,D,20190828,000000,42.43,43.029,42.43,42.969,2291,0
CSA.US,D,20190829,000000,43.451,43.646,43.451,43.481,16877,0
CSA.US,D,20190830,000000,43.719,43.719,43.407,43.441,10636,0
CSA.US,D,20190903,000000,42.884,43.062,42.84,43.062,1725,0
CSA.US,D,20190904,000000,43.247,43.364,43.156,43.296,8627,0
CSA.US,D,20190905,000000,44.184,44.636,44.184,44.359,8051,0
CSA.US,D,20190906,000000,44.259,44.349,43.779,43.779,64531,0
CSA.US,D,20190909,000000,44.299,44.786,44.299,44.527,1772,0
CSA.US,D,20190910,000000,45.299,45.448,45.21,45.378,3119,0
CSA.US,D,20190911,000000,45.774,46.447,45.764,46.355,3656,0
CSA.US,D,20190912,000000,46.219,46.594,46.219,46.594,3462,0
CSA.US,D,20190913,000000,46.782,46.831,46.673,46.831,2101,0
CSA.US,D,20190916,000000,46.564,46.974,46.564,46.762,3421,0
CSA.US,D,20190917,000000,46.229,46.614,46.219,46.579,3699,0
CSA.US,D,20190918,000000,46.467,46.467,46.161,46.277,2328,0
CSA.US,D,20190919,000000,46.477,46.624,46.337,46.337,4298,0
CSA.US,D,20190920,000000,46.09,46.172,45.813,45.942,1796,0
CSA.US,D,20190923,000000,45.897,46.06,45.897,46.06,2218,0
CSA.US,D,20190924,000000,45.704,45.704,45.299,45.309,1870,0
CSA.US,D,20190925,000000,45.625,45.981,45.579,45.971,6777,0
CSA.US,D,20190926,000000,45.458,45.577,45.458,45.517,2055,0
CSA.US,D,20190927,000000,45.557,45.744,45.19,45.265,3136,0
CSA.US,D,20190930,000000,45.359,45.656,45.359,45.656,2601,0
CSA.US,D,20191001,000000,45.912,45.912,44.567,44.606,2318,0
CSA.US,D,20191002,000000,44.007,44.157,43.915,44.157,3671,0
CSA.US,D,20191003,000000,43.728,43.957,43.703,43.703,847,0
CSA.US,D,20191004,000000,44.334,44.448,44.334,44.448,597,0
CSA.US,D,20191007,000000,44.613,44.769,44.575,44.575,1597,0
CSA.US,D,20191008,000000,43.778,43.901,43.778,43.901,782,0
CSA.US,D,20191009,000000,43.848,43.848,43.828,43.828,755,0
CSA.US,D,20191010,000000,44.065,44.309,44.013,44.013,3689,0
CSA.US,D,20191011,000000,44.96,45.309,44.96,45.23,7035,0
CSA.US,D,20191014,000000,44.596,44.676,44.532,44.646,1863,0
CSA.US,D,20191015,000000,45.27,45.29,45.221,45.221,920,0
CSA.US,D,20191016,000000,45.369,45.379,45.138,45.138,2673,0
CSA.US,D,20191017,000000,45.583,45.583,45.488,45.488,622,0
CSA.US,D,20191018,000000,45.686,45.706,45.563,45.563,915,0
CSA.US,D,20191021,000000,46.221,46.319,46.092,46.092,3114,0
CSA.US,D,20191022,000000,45.987,46.557,45.948,46.339,2321,0
CSA.US,D,20191023,000000,46.245,46.359,46.245,46.359,1828,0
CSA.US,D,20191024,000000,46.172,46.334,46.172,46.334,604,0
CSA.US,D,20191025,000000,46.528,46.837,46.528,46.801,1297,0
CSA.US,D,20191028,000000,47.27,47.27,47.141,47.141,923,0
CSA.US,D,20191029,000000,47.012,47.032,47.012,47.032,835,0
CSA.US,D,20191030,000000,46.892,47.081,46.833,47.081,2118,0
CSA.US,D,20191031,000000,46.339,46.586,46.334,46.586,406,0
CSA.US,D,20191101,000000,46.946,47.298,46.946,47.298,954,0
CSA.US,D,20191104,000000,47.614,47.912,47.614,47.912,3083,0
CSA.US,D,20191105,000000,48.278,48.278,48.14,48.17,970,0
CSA.US,D,20191106,000000,48.031,48.051,47.813,47.982,3709,0
CSA.US,D,20191107,000000,48.406,48.406,48.287,48.307,2258,0
CSA.US,D,20191108,000000,47.962,48.132,47.962,48.021,1021,0
CSA.US,D,20191111,000000,47.916,47.952,47.872,47.882,5318,0
CSA.US,D,20191112,000000,48.139,48.139,48.139,48.139,533,0
CSA.US,D,20191113,000000,47.666,47.805,47.666,47.805,697,0
CSA.US,D,20191114,000000,47.822,47.822,47.783,47.783,547,0
CSA.US,D,20191115,000000,47.842,47.842,47.783,47.783,1228,0
CSA.US,D,20191118,000000,47.629,47.676,47.614,47.648,2393,0
CSA.US,D,20191119,000000,47.684,47.875,47.684,47.862,1281,0
CSA.US,D,20191120,000000,47.654,47.694,47.386,47.413,946,0
CSA.US,D,20191121,000000,47.178,47.224,47.178,47.224,416,0
CSA.US,D,20191122,000000,47.318,47.414,47.318,47.414,341,0
CSA.US,D,20191125,000000,47.851,48.357,47.851,48.313,2345,0
CSA.US,D,20191126,000000,48.317,48.317,48.163,48.163,1589,0
CSA.US,D,20191127,000000,48.456,48.466,48.387,48.387,886,0
CSA.US,D,20191129,000000,48.13,48.13,48.067,48.067,141,0
CSA.US,D,20191202,000000,47.906,47.906,47.644,47.644,204,0
CSA.US,D,20191203,000000,47.161,47.364,47.161,47.364,1396,0
CSA.US,D,20191204,000000,47.902,47.902,47.902,47.902,614,0
CSA.US,D,20191205,000000,47.902,47.931,47.813,47.931,564,0
CSA.US,D,20191206,000000,48.585,48.585,48.506,48.506,2775,0
CSA.US,D,20191209,000000,48.426,48.426,48.4,48.4,338,0
CSA.US,D,20191210,000000,48.223,48.297,48.223,48.297,284,0
CSA.US,D,20191211,000000,48.228,48.466,48.228,48.466,855,0
CSA.US,D,20191212,000000,48.486,49.223,48.486,49.011,811,0
CSA.US,D,20191213,000000,48.476,48.747,48.476,48.651,1435,0
CSA.US,D,20191216,000000,48.981,49.327,48.913,48.913,629,0
CSA.US,D,20191217,000000,49.093,49.192,49.093,49.192,566,0
CSA.US,D,20191218,000000,49.218,49.353,49.218,49.353,1698,0
CSA.US,D,20191219,000000,49.313,49.313,49.297,49.297,537,0
CSA.US,D,20191220,000000,49.421,49.481,49.407,49.481,1213,0
CSA.US,D,20191223,000000,49.397,49.397,49.338,49.358,728,0
CSA.US,D,20191227,000000,49.377,49.377,49.148,49.179,2317,0
CSA.US,D,20191230,000000,48.994,49.358,48.994,49.189,2099,0
CSA.US,D,20191231,000000,49.297,49.384,49.148,49.148,2358,0
CSA.US,D,20200102,000000,49.006,49.186,48.821,49.186,2565,0
CSA.US,D,20200107,000000,48.741,48.846,48.732,48.79,2385,0
CSA.US,D,20200108,000000,48.939,49.09,48.861,48.927,899,0
CSA.US,D,20200109,000000,48.971,48.971,48.884,48.884,574,0
CSA.US,D,20200110,000000,48.542,48.651,48.542,48.613,1296,0
CSA.US,D,20200113,000000,48.741,49.006,48.686,49.006,1005,0
CSA.US,D,20200114,000000,49.068,49.327,49.068,49.133,1804,0
CSA.US,D,20200115,000000,49.068,49.154,49.068,49.154,335,0
CSA.US,D,20200116,000000,49.753,49.811,49.753,49.811,127,0
CSA.US,D,20200117,000000,50.061,50.061,50.061,50.061,205,0
CSA.US,D,20200121,000000,49.198,49.275,49.114,49.114,1473,0
CSA.US,D,20200122,000000,49.078,49.165,48.959,49.048,2948,0
CSA.US,D,20200123,000000,48.881,49.228,48.881,49.228,253,0
CSA.US,D,20200124,000000,49.042,49.042,48.871,48.871,226,0
CSA.US,D,20200127,000000,47.906,48.066,47.906,48.015,773,0
CSA.US,D,20200128,000000,48.273,48.293,48.264,48.293,353,0
CSA.US,D,20200129,000000,48.096,48.238,48.046,48.096,6888,0
CSA.US,D,20200130,000000,47.598,47.922,47.591,47.922,45785,0
CSA.US,D,20200131,000000,47.836,47.836,46.739,46.789,950,0
CSA.US,D,20200203,000000,47.085,47.202,47.052,47.145,7004,0
CSA.US,D,20200204,000000,47.856,47.856,47.856,47.856,134,0
CSA.US,D,20200205,000000,48.217,48.542,48.217,48.542,12193,0
CSA.US,D,20200206,000000,48.492,48.492,48.273,48.273,80782,0
CSA.US,D,20200207,000000,47.836,47.836,47.647,47.647,385,0
CSA.US,D,20200211,000000,48.25,48.262,48.172,48.172,894,0
CSA.US,D,20200212,000000,48.434,48.518,48.434,48.518,1040,0
CSA.US,D,20200213,000000,48.138,48.554,48.138,48.554,1367,0
CSA.US,D,20200214,000000,48.239,48.299,48.239,48.299,1125,0
CSA.US,D,20200218,000000,48.316,48.316,48.019,48.064,1884,0
CSA.US,D,20200219,000000,48.039,48.211,48.039,48.211,1322,0
CSA.US,D,20200220,000000,48.253,48.331,48.253,48.331,350,0
CSA.US,D,20200221,000000,47.902,47.902,47.871,47.871,483,0
CSA.US,D,20200224,000000,46.399,46.489,46.399,46.489,1390,0
CSA.US,D,20200225,000000,45.67,45.67,44.825,44.842,2162,0
CSA.US,D,20200226,000000,44.6,44.6,44.372,44.392,1667,0
CSA.US,D,20200227,000000,43.371,43.612,42.759,42.759,7941,0
CSA.US,D,20200228,000000,41.283,42.068,40.053,41.721,68111,0
CSA.US,D,20200302,000000,41.909,43.031,41.867,43.031,6781,0
CSA.US,D,20200303,000000,43.162,43.162,41.988,42.072,75533,0
CSA.US,D,20200304,000000,42.406,43.217,42.347,43.217,936,0
CSA.US,D,20200305,000000,42.218,42.327,41.441,41.564,18806,0
CSA.US,D,20200306,000000,40.886,40.976,40.241,40.976,756,0
CSA.US,D,20200309,000000,37.499,38.328,36.649,37.121,8534,0
CSA.US,D,20200310,000000,37.982,37.982,36.221,37.845,7495,0
CSA.US,D,20200311,000000,36.714,36.714,35.705,35.705,3432,0
CSA.US,D,20200312,000000,32.275,33.814,31.722,31.722,4312,0
CSA.US,D,20200313,000000,32.73,33.98,32.036,33.98,5244,0
CSA.US,D,20200316,000000,34.171,34.171,29.959,30.229,24880,0
CSA.US,D,20200317,000000,30.834,32.229,30.678,32.229,8068,0
CSA.US,D,20200318,000000,30.33,30.406,28.578,29.069,7770,0
CSA.US,D,20200319,000000,28.867,30.822,28.857,30.539,10086,0
CSA.US,D,20200320,000000,30.962,30.962,29.095,29.095,6209,0
CSA.US,D,20200323,000000,28.708,28.871,28.311,28.824,5900,0
CSA.US,D,20200324,000000,30.883,31.141,30.187,31.141,4453,0
CSA.US,D,20200325,000000,31.827,31.996,30.732,31.299,2543,0
CSA.US,D,20200326,000000,32.77,33.304,32.77,33.304,1581,0
CSA.US,D,20200327,000000,31.688,32.8,31.688,31.86,2279,0
CSA.US,D,20200330,000000,31.817,32.502,31.817,32.165,23522,0
CSA.US,D,20200331,000000,32.85,32.963,32.205,32.708,16223,0
CSA.US,D,20200401,000000,31.39,31.39,30.694,30.694,28667,0
CSA.US,D,20200402,000000,30.346,31.186,30.346,30.814,4437,0
CSA.US,D,20200403,000000,30.408,30.408,29.612,29.946,988,0
CSA.US,D,20200406,000000,31.981,32.419,31.817,32.419,3416,0
CSA.US,D,20200407,000000,33.737,34.03,32.626,32.626,5824,0
CSA.US,D,20200408,000000,32.851,34.194,32.851,33.874,4682,0
CSA.US,D,20200409,000000,35.389,35.557,34.886,35.557,2542,0
CSA.US,D,20200413,000000,35.507,35.507,33.999,34.385,4981,0
CSA.US,D,20200414,000000,35.339,35.379,34.555,34.704,962,0
CSA.US,D,20200415,000000,33.876,33.876,32.921,32.941,2418,0
CSA.US,D,20200416,000000,32.512,32.698,32.225,32.698,738,0
CSA.US,D,20200417,000000,33.577,34.104,33.577,34.104,2663,0
CSA.US,D,20200420,000000,33.827,34.043,33.374,33.554,3707,0
CSA.US,D,20200421,000000,32.761,32.949,32.731,32.892,710,0
CSA.US,D,20200422,000000,33.19,33.332,33.051,33.199,15565,0
CSA.US,D,20200423,000000,33.407,33.837,33.407,33.574,5122,0
CSA.US,D,20200424,000000,33.597,33.96,33.387,33.96,1506,0
CSA.US,D,20200427,000000,34.742,35.716,34.742,35.574,739,0
CSA.US,D,20200428,000000,36.472,36.746,36.452,36.475,868,0
CSA.US,D,20200429,000000,37.746,38.473,37.582,38.473,7425,0
CSA.US,D,20200430,000000,37.488,37.488,37.006,37.006,2642,0
CSA.US,D,20200501,000000,36.046,36.046,36.046,36.046,401,0
CSA.US,D,20200504,000000,35.28,35.28,34.931,35.09,1336,0
CSA.US,D,20200505,000000,35.934,35.955,35.403,35.403,361,0
CSA.US,D,20200506,000000,35.153,35.209,34.859,34.859,1386,0
CSA.US,D,20200507,000000,35.444,35.606,35.228,35.228,1280,0
CSA.US,D,20200508,000000,36.548,36.967,36.548,36.875,12323,0
CSA.US,D,20200511,000000,36.23,36.523,36.192,36.343,5599,0
CSA.US,D,20200512,000000,35.666,35.811,35.329,35.329,4020,0
CSA.US,D,20200513,000000,34.623,34.623,33.407,33.489,722,0
CSA.US,D,20200518,000000,36.085,36.513,35.856,36.513,4337,0
CSA.US,D,20200519,000000,36.457,36.457,35.695,35.695,288,0
CSA.US,D,20200520,000000,36.432,36.832,36.432,36.731,1591,0
CSA.US,D,20200521,000000,36.925,36.925,36.873,36.873,181,0
CSA.US,D,20200522,000000,37.11,37.169,36.569,37.007,12562,0
CSA.US,D,20200526,000000,38.483,38.911,38.483,38.592,1570,0
CSA.US,D,20200527,000000,39.607,40.38,39.319,40.38,2722,0
CSA.US,D,20200528,000000,40.753,40.753,39.286,39.286,3661,0
CSA.US,D,20200529,000000,38.363,38.938,38.363,38.876,785,0
CSA.US,D,20200601,000000,38.791,39.453,38.791,39.048,1506,0
CSA.US,D,20200602,000000,39.419,39.468,39.319,39.386,2619,0
CSA.US,D,20200603,000000,40.608,41.062,40.608,40.903,779,0
CSA.US,D,20200604,000000,41.313,41.313,41.061,41.235,2828,0
CSA.US,D,20200605,000000,43.099,43.468,43.081,43.089,1605,0
CSA.US,D,20200608,000000,43.628,44.042,43.628,43.733,1191,0
CSA.US,D,20200609,000000,43.027,43.353,42.806,42.806,581,0
CSA.US,D,20200610,000000,41.458,42.076,41.318,41.318,4413,0
CSA.US,D,20200611,000000,40.047,40.047,38.072,38.072,1683,0
CSA.US,D,20200612,000000,39.24,39.537,37.818,38.853,929,0
CSA.US,D,20200615,000000,38.841,39.443,38.841,39.443,587,0
CSA.US,D,20200616,000000,40.788,40.788,40.522,40.522,397,0
CSA.US,D,20200617,000000,40.117,40.117,39.778,39.778,147,0
CSA.US,D,20200618,000000,39.997,40.021,39.547,39.667,1109,0
CSA.US,D,20200619,000000,39.289,39.349,39.041,39.101,3679,0
CSA.US,D,20200622,000000,39.032,39.061,39.032,39.061,890,0
CSA.US,D,20200623,000000,39.827,39.827,39.617,39.654,1238,0
CSA.US,D,20200624,000000,39.181,39.181,38.309,38.309,1215,0
CSA.US,D,20200626,000000,38.063,38.063,37.798,37.849,1750,0
CSA.US,D,20200629,000000,39.21,39.4,39.21,39.4,818,0
CSA.US,D,20200630,000000,39.458,39.999,39.458,39.999,484,0
CSA.US,D,20200701,000000,39.671,39.671,39.159,39.159,1345,0
CSA.US,D,20200702,000000,39.365,39.365,39.352,39.352,361,0
CSA.US,D,20200706,000000,39.901,39.901,39.715,39.775,427,0
CSA.US,D,20200708,000000,38.99,39.045,38.632,38.996,1216,0
CSA.US,D,20200710,000000,38.588,38.677,38.588,38.677,559,0
CSA.US,D,20200713,000000,39.03,39.558,38.866,38.866,6887,0
CSA.US,D,20200714,000000,39.074,39.338,39.074,39.338,2776,0
CSA.US,D,20200715,000000,40.784,41.152,40.549,40.942,6509,0
CSA.US,D,20200716,000000,40.774,40.786,40.604,40.786,11213,0
CSA.US,D,20200717,000000,40.954,40.954,40.611,40.703,4145,0
CSA.US,D,20200720,000000,40.694,40.694,40.694,40.694,731,0
CSA.US,D,20200721,000000,41.102,41.35,41.073,41.148,2099,0
CSA.US,D,20200722,000000,40.927,41.044,40.927,41.044,976,0
CSA.US,D,20200723,000000,41.581,41.581,41.372,41.372,1662,0
CSA.US,D,20200724,000000,41.092,41.092,40.857,40.857,3802,0
CSA.US,D,20200727,000000,41.122,41.147,41.106,41.147,2777,0
CSA.US,D,20200728,000000,41.162,41.211,40.778,40.778,341,0
CSA.US,D,20200729,000000,41.72,41.905,41.72,41.905,410,0
CSA.US,D,20200730,000000,41.64,41.64,41.524,41.524,330,0
CSA.US,D,20200731,000000,40.755,41.162,40.694,41.118,1278,0
CSA.US,D,20200804,000000,41.775,41.918,41.775,41.843,6107,0
CSA.US,D,20200806,000000,42.815,42.815,42.815,42.815,269,0
CSA.US,D,20200807,000000,42.437,43.396,42.437,43.396,1278,0
CSA.US,D,20200810,000000,43.812,44.23,43.812,43.957,493,0
CSA.US,D,20200811,000000,44.568,44.588,43.995,43.995,504,0
CSA.US,D,20200813,000000,43.89,43.921,43.89,43.921,465,0
CSA.US,D,20200818,000000,43.375,43.375,43.3,43.3,1474,0
CSA.US,D,20200819,000000,43.645,43.645,43.188,43.265,2981,0
CSA.US,D,20200821,000000,42.638,42.668,42.638,42.668,463,0
CSA.US,D,20200825,000000,43.433,43.433,43.225,43.403,849,0
CSA.US,D,20200826,000000,43.105,43.105,43.034,43.034,370,0
CSA.US,D,20200827,000000,43.472,43.472,43.404,43.404,726,0
CSA.US,D,20200828,000000,43.305,43.305,43.305,43.305,289,0
CSA.US,D,20200831,000000,43.375,43.375,43.375,43.375,181,0
CSA.US,D,20200901,000000,43.115,43.151,43.115,43.151,458,0
CSA.US,D,20200902,000000,43.582,43.932,43.562,43.932,5457,0
CSA.US,D,20200904,000000,43.414,43.414,42.78,42.78,1010,0
CSA.US,D,20200908,000000,42.077,42.077,41.841,41.841,174,0
CSA.US,D,20200909,000000,42.218,42.246,41.76,42.082,1153,0
CSA.US,D,20200910,000000,42.337,42.387,41.608,41.656,1946,0
CSA.US,D,20200914,000000,41.958,41.958,41.958,41.958,192,0
CSA.US,D,20200915,000000,42.218,42.248,42.003,42.003,1726,0
CSA.US,D,20200916,000000,42.198,42.675,42.198,42.232,672,0
CSA.US,D,20200921,000000,40.167,40.269,39.997,40.269,465,0
CSA.US,D,20200922,000000,40.311,40.399,40.311,40.399,414,0
CSA.US,D,20200923,000000,39.657,39.678,39.481,39.481,557,0
CSA.US,D,20200924,000000,39.449,39.695,39.449,39.695,106,0
CSA.US,D,20200925,000000,39.537,40.077,39.537,40.003,1305,0
CSA.US,D,20200928,000000,40.564,41.063,40.564,41.004,742,0
CSA.US,D,20200929,000000,40.574,40.734,40.574,40.734,2518,0
CSA.US,D,20200930,000000,41.073,41.32,40.792,40.935,812,0
CSA.US,D,20201001,000000,40.754,40.754,40.754,40.754,181,0
CSA.US,D,20201005,000000,42.577,42.725,42.577,42.725,462,0
CSA.US,D,20201006,000000,43.412,43.412,43.039,43.039,551,0
CSA.US,D,20201007,000000,43.518,43.768,43.518,43.761,921,0
CSA.US,D,20201008,000000,44.157,44.413,44.157,44.351,2172,0
CSA.US,D,20201009,000000,44.403,44.545,44.386,44.545,865,0
CSA.US,D,20201012,000000,44.745,44.927,44.675,44.927,3002,0
CSA.US,D,20201013,000000,44.35,44.445,44.35,44.445,637,0
CSA.US,D,20201014,000000,44.435,44.435,44.085,44.085,2693,0
CSA.US,D,20201015,000000,44.187,44.59,44.187,44.59,454,0
CSA.US,D,20201016,000000,44.865,44.865,44.59,44.59,1135,0
CSA.US,D,20201019,000000,44.697,44.697,44.065,44.065,991,0
CSA.US,D,20201020,000000,44.53,44.53,44.33,44.33,111,0
CSA.US,D,20201021,000000,44.346,44.382,44.237,44.237,565,0
CSA.US,D,20201022,000000,44.795,44.839,44.766,44.839,521,0
CSA.US,D,20201023,000000,45.025,45.151,45.015,45.151,1273,0
CSA.US,D,20201026,000000,44.186,44.28,44.013,44.28,2692,0
CSA.US,D,20201027,000000,43.968,43.968,43.697,43.697,215,0
CSA.US,D,20201028,000000,42.85,42.85,42.631,42.84,886,0
CSA.US,D,20201029,000000,42.351,43.12,42.351,43.12,2598,0
CSA.US,D,20201030,000000,42.69,42.69,42.35,42.632,450,0
CSA.US,D,20201102,000000,43.01,43.614,43.01,43.614,1407,0
CSA.US,D,20201103,000000,44.563,44.764,44.563,44.764,160,0
CSA.US,D,20201104,000000,44.169,44.169,43.957,43.957,456,0
CSA.US,D,20201109,000000,47.977,47.977,47.041,47.041,1101,0
CSA.US,D,20201110,000000,47.279,48.356,47.279,48.141,906,0
CSA.US,D,20201111,000000,47.897,47.897,47.823,47.823,852,0
CSA.US,D,20201112,000000,46.929,46.929,46.601,46.835,610,0
CSA.US,D,20201116,000000,49.224,49.324,49.094,49.28,1344,0
CSA.US,D,20201117,000000,49.094,49.37,49.094,49.37,428,0
CSA.US,D,20201118,000000,49.564,49.624,48.753,48.753,644,0
CSA.US,D,20201119,000000,48.436,48.81,48.436,48.81,202,0
CSA.US,D,20201120,000000,48.615,48.767,48.615,48.767,601,0
CSA.US,D,20201123,000000,49.564,49.901,49.564,49.901,689,0
CSA.US,D,20201124,000000,50.541,51.05,50.541,51.038,1163,0
CSA.US,D,20201125,000000,50.662,50.662,50.51,50.51,819,0
CSA.US,D,20201127,000000,50.231,50.231,50.231,50.231,195,0
CSA.US,D,20201202,000000,49.863,50.1,49.812,50.1,857,0
CSA.US,D,20201203,000000,50.574,50.574,50.327,50.327,3382,0
CSA.US,D,20201204,000000,51.219,51.617,51.219,51.617,326,0
CSA.US,D,20201207,000000,51.468,51.468,51.468,51.468,1231,0
CSA.US,D,20201208,000000,51.428,51.428,51.428,51.428,626,0
CSA.US,D,20201209,000000,52.284,52.284,51.911,51.911,1235,0
CSA.US,D,20201210,000000,51.747,52.227,51.708,52.227,2067,0
CSA.US,D,20201211,000000,51.767,52.097,51.767,51.777,506,0
CSA.US,D,20201215,000000,52.526,53.076,52.526,53.076,2366,0
CSA.US,D,20201217,000000,52.874,53.118,52.874,53.118,681,0
CSA.US,D,20201218,000000,53.203,53.203,53.041,53.041,231,0
CSA.US,D,20201221,000000,52.411,52.609,52.411,52.609,602,0
CSA.US,D,20201222,000000,52.653,52.846,52.653,52.846,246,0
CSA.US,D,20201224,000000,53.473,53.473,53.473,53.473,34,0
CSA.US,D,20201228,000000,54.061,54.061,53.911,53.915,1584,0
CSA.US,D,20201229,000000,52.705,53.018,52.705,53.018,445,0
CSA.US,D,20201230,000000,53.511,53.652,53.511,53.579,1998,0
CSA.US,D,20210104,000000,52.761,53.215,52.761,53.215,411,0
CSA.US,D,20210105,000000,53.684,54.301,53.684,54.127,351,0
CSA.US,D,20210106,000000,55.956,57.143,55.941,56.826,1264,0
CSA.US,D,20210107,000000,57.441,57.441,57.308,57.323,1753,0
CSA.US,D,20210108,000000,56.595,56.791,56.575,56.791,4280,0
CSA.US,D,20210112,000000,57.622,57.812,57.622,57.812,1155,0
CSA.US,D,20210113,000000,57.339,57.339,57.207,57.207,541,0
CSA.US,D,20210114,000000,58.267,58.341,58.142,58.142,883,0
CSA.US,D,20210119,000000,57.683,57.858,57.503,57.858,2107,0
CSA.US,D,20210120,000000,57.862,58.345,57.862,58.098,4939,0
CSA.US,D,20210121,000000,57.673,57.673,57.413,57.413,1230,0
CSA.US,D,20210125,000000,57.865,57.991,57.865,57.991,363,0
CSA.US,D,20210126,000000,58.01,58.01,57.745,57.745,347,0
CSA.US,D,20210127,000000,56.495,56.495,56.405,56.483,534,0
CSA.US,D,20210128,000000,56.665,56.665,56.405,56.405,176,0
CSA.US,D,20210201,000000,55.937,56.642,55.937,56.642,548,0
CSA.US,D,20210202,000000,57.228,57.319,57.228,57.319,609,0
CSA.US,D,20210204,000000,58.301,58.643,58.301,58.643,704,0
CSA.US,D,20210205,000000,59.12,59.354,59.12,59.354,720,0
CSA.US,D,20210208,000000,60.587,61.149,60.587,61.149,1406,0
CSA.US,D,20210209,000000,61.913,61.913,61.734,61.791,954,0
CSA.US,D,20210210,000000,60.941,61.713,60.941,61.209,408,0
CSA.US,D,20210212,000000,61.484,61.674,61.474,61.559,11400,0
CSA.US,D,20210216,000000,61.554,61.554,61.304,61.344,475,0
CSA.US,D,20210217,000000,61.041,61.041,61.041,61.041,1291,0
CSA.US,D,20210218,000000,60.111,60.483,60.111,60.317,450,0
CSA.US,D,20210219,000000,61.214,61.255,61.036,61.255,3375,0
CSA.US,D,20210222,000000,61.764,61.913,61.575,61.575,1040,0
CSA.US,D,20210223,000000,60.686,61.35,60.686,61.35,5499,0
CSA.US,D,20210224,000000,61.753,62.734,61.753,62.617,2407,0
CSA.US,D,20210225,000000,61.634,61.704,60.887,60.887,1482,0
CSA.US,D,20210226,000000,60.676,61.184,60.676,61.184,1195,0
CSA.US,D,20210301,000000,62.462,62.462,62.212,62.462,375,0
CSA.US,D,20210302,000000,61.803,61.835,61.526,61.526,1734,0
CSA.US,D,20210303,000000,61.514,62.103,61.514,61.796,829,0
CSA.US,D,20210304,000000,62.033,62.033,60.111,60.448,1498,0
CSA.US,D,20210305,000000,61.566,61.942,61.566,61.942,212,0
CSA.US,D,20210309,000000,63.739,64.119,63.45,63.45,1144,0
CSA.US,D,20210310,000000,64.698,64.734,64.698,64.734,410,0
CSA.US,D,20210315,000000,65.505,66.014,65.415,65.899,2525,0
CSA.US,D,20210317,000000,65.216,65.4,64.797,65.4,651,0
CSA.US,D,20210318,000000,66.244,66.244,64.445,64.445,593,0
CSA.US,D,20210319,000000,64.686,64.686,64.288,64.594,741,0
CSA.US,D,20210322,000000,63.451,63.699,63.451,63.573,693,0
CSA.US,D,20210323,000000,62.997,62.997,61.57,61.57,561,0
CSA.US,D,20210324,000000,62.547,62.721,60.953,60.953,1329,0
CSA.US,D,20210325,000000,60.926,62.139,60.926,62.139,438,0
CSA.US,D,20210326,000000,62.891,63.426,62.891,63.426,1216,0
CSA.US,D,20210329,000000,62.821,62.821,62.821,62.821,345,0
CSA.US,D,20210330,000000,62.272,62.916,62.272,62.916,585,0
CSA.US,D,20210331,000000,63.407,63.407,63.227,63.227,277,0
CSA.US,D,20210401,000000,63.429,63.871,63.319,63.871,835,0
CSA.US,D,20210405,000000,64.342,64.541,64.342,64.541,218,0
CSA.US,D,20210408,000000,63.469,63.76,63.006,63.76,944,0
CSA.US,D,20210409,000000,63.869,64.111,63.869,64.111,282,0
CSA.US,D,20210412,000000,64.239,64.239,64.193,64.193,404,0
CSA.US,D,20210414,000000,64.298,64.298,63.995,63.995,733,0
CSA.US,D,20210415,000000,64.209,64.209,64.104,64.191,2622,0
CSA.US,D,20210416,000000,64.308,64.308,64.308,64.308,197,0
CSA.US,D,20210419,000000,63.564,64.039,63.564,64.039,720,0
CSA.US,D,20210421,000000,63.536,63.924,63.536,63.857,644,0
CSA.US,D,20210422,000000,63.597,63.778,63.495,63.495,655,0
CSA.US,D,20210423,000000,64.468,64.623,64.468,64.623,462,0
CSA.US,D,20210426,000000,65.128,65.128,64.608,64.608,1133,0
CSA.US,D,20210427,000000,64.448,64.448,64.448,64.448,479,0
CSA.US,D,20210428,000000,64.528,64.556,64.528,64.556,323,0
CSA.US,D,20210429,000000,64.638,64.7,64.638,64.7,331,0
CSA.US,D,20210430,000000,64.538,64.538,63.859,63.989,757,0
CSA.US,D,20210504,000000,64.648,64.898,64.648,64.898,501,0
CSA.US,D,20210505,000000,64.448,64.448,64.408,64.408,306,0
CSA.US,D,20210506,000000,64.538,65.443,64.538,65.443,341,0
CSA.US,D,20210507,000000,66.107,66.107,66.045,66.045,136,0
CSA.US,D,20210510,000000,65.967,66.177,65.151,65.151,1166,0
CSA.US,D,20210514,000000,65.722,65.732,65.722,65.732,264,0
CSA.US,D,20210517,000000,65.547,65.782,65.523,65.782,313,0
CSA.US,D,20210518,000000,65.847,65.847,65.119,65.119,2970,0
CSA.US,D,20210524,000000,65.347,65.575,65.346,65.377,621,0
CSA.US,D,20210525,000000,64.768,64.768,64.347,64.347,822,0
CSA.US,D,20210526,000000,64.588,65.304,64.588,65.304,304,0
CSA.US,D,20210527,000000,65.938,66.167,65.938,65.974,1340,0
CSA.US,D,20210602,000000,66.247,66.247,66.167,66.167,328,0
CSA.US,D,20210604,000000,66.097,66.192,65.868,66.192,326,0
CSA.US,D,20210607,000000,66.364,66.556,66.364,66.556,381,0
CSA.US,D,20210609,000000,66.438,66.479,66.438,66.479,481,0
CSA.US,D,20210610,000000,66.117,66.117,65.815,65.815,334,0
CSA.US,D,20210611,000000,66.197,66.318,66.197,66.318,563,0
CSA.US,D,20210614,000000,65.839,65.839,65.783,65.783,190,0
CSA.US,D,20210615,000000,66.177,66.237,66.035,66.078,1231,0
CSA.US,D,20210616,000000,65.917,66.011,65.917,66.011,160,0
CSA.US,D,20210618,000000,63.959,63.959,63.304,63.304,275,0
CSA.US,D,20210624,000000,65.044,65.678,65.01,65.678,739,0
CSA.US,D,20210625,000000,65.617,66.097,65.617,65.637,346,0
CSA.US,D,20210629,000000,64.928,64.928,64.718,64.718,107,0
CSA.US,D,20210630,000000,64.688,64.939,64.648,64.939,1145,0
CSA.US,D,20210701,000000,65.336,65.48,65.336,65.48,361,0
CSA.US,D,20210707,000000,63.989,63.989,63.539,63.776,2133,0
CSA.US,D,20210708,000000,63.259,63.309,62.72,62.72,1802,0
CSA.US,D,20210709,000000,64.26,64.3641,64.22,64.3641,388,0
CSA.US,D,20210712,000000,64.35,64.6917,64.35,64.6917,211,0
CSA.US,D,20210713,000000,63.89,63.89,63.6531,63.6531,597,0
CSA.US,D,20210714,000000,63.63,63.63,63.271,63.3439,2021,0
CSA.US,D,20210715,000000,62.93,62.93,62.93,62.93,307,0
CSA.US,D,20210716,000000,62.61,62.7189,62.61,62.6727,745,0
CSA.US,D,20210720,000000,63.2639,63.3185,62.9675,62.9675,1162,0
CSA.US,D,20210721,000000,63.889,63.889,63.8462,63.8462,163,0
CSA.US,D,20210723,000000,63.399,63.4999,63.399,63.4999,736,0
CSA.US,D,20210726,000000,63.79,63.8213,63.79,63.8213,374,0
CSA.US,D,20210729,000000,64.93,64.93,64.751,64.7959,637,0
CSA.US,D,20210802,000000,64.39,64.42,64.1977,64.1977,842,0
CSA.US,D,20210803,000000,64.19,64.19,64.19,64.19,124,0
CSA.US,D,20210804,000000,63.9,63.945,63.8052,63.8052,859,0
CSA.US,D,20210805,000000,64.25,64.6763,64.25,64.6763,216,0
CSA.US,D,20210806,000000,65.3495,65.3866,65.3495,65.3866,262,0
CSA.US,D,20210809,000000,65.11,65.11,65.11,65.11,337,0
CSA.US,D,20210811,000000,65.66,66.2016,65.65,66.2016,933,0
CSA.US,D,20210812,000000,66.01,66.0199,65.8716,65.8716,766,0
CSA.US,D,20210813,000000,65.5559,65.67,65.5264,65.5264,713,0
CSA.US,D,20210816,000000,65.41,65.41,65.26,65.3232,897,0
CSA.US,D,20210817,000000,64.48,64.48,64.47,64.47,425,0
CSA.US,D,20210818,000000,64.74,64.74,63.9592,63.9592,138,0
CSA.US,D,20210819,000000,63.08,63.3898,63.06,63.3898,725,0
CSA.US,D,20210820,000000,64.2477,64.3616,64.19,64.3616,2090,0
CSA.US,D,20210824,000000,65.2783,65.2783,65.1676,65.1676,104,0
CSA.US,D,20210830,000000,66.29,66.29,65.8845,65.8845,928,0
CSA.US,D,20210901,000000,65.64,66.245,65.64,66.2172,372,0
