<TICKER>,<PER>,<DATE>,<TIME>,<OPEN>,<HIGH>,<LOW>,<CLOSE>,<VOL>,<OPENINT>
CSB.US,D,20150708,000000,29.427,29.453,29.403,29.403,23619,0
CSB.US,D,20150709,000000,30.129,30.129,30.129,30.129,106,0
CSB.US,D,20150710,000000,29.397,29.397,29.397,29.397,593,0
CSB.US,D,20150713,000000,29.951,29.96,29.951,29.96,237,0
CSB.US,D,20150714,000000,30.061,30.061,30.061,30.061,106,0
CSB.US,D,20150727,000000,28.792,28.792,28.654,28.654,237,0
CSB.US,D,20150729,000000,29.055,29.055,29.055,29.055,106,0
CSB.US,D,20150731,000000,29.033,29.033,29.033,29.033,352,0
CSB.US,D,20150818,000000,29.417,29.417,29.417,29.417,236,0
CSB.US,D,20150820,000000,28.845,28.893,28.845,28.893,1650,0
CSB.US,D,20150824,000000,28.022,28.022,28.022,28.022,106,0
CSB.US,D,20150825,000000,27.339,27.996,27.339,27.339,590,0
CSB.US,D,20150826,000000,27.09,27.09,27.09,27.09,708,0
CSB.US,D,20150828,000000,27.891,27.962,27.891,27.962,236,0
CSB.US,D,20150831,000000,28.046,28.107,28.046,28.107,351,0
CSB.US,D,20150901,000000,27.762,27.762,27.475,27.475,821,0
CSB.US,D,20150902,000000,27.539,27.539,27.364,27.439,2120,0
CSB.US,D,20150910,000000,27.709,27.709,27.7,27.7,964,0
CSB.US,D,20150915,000000,27.931,27.931,27.635,27.635,1293,0
CSB.US,D,20150916,000000,27.95,28.028,27.95,28.028,821,0
CSB.US,D,20150921,000000,27.914,27.922,27.914,27.922,938,0
CSB.US,D,20150924,000000,27.255,27.349,27.255,27.349,1790,0
CSB.US,D,20150925,000000,27.552,27.552,27.434,27.434,1171,0
CSB.US,D,20150929,000000,26.895,26.895,26.895,26.895,3521,0
CSB.US,D,20150930,000000,27.102,27.102,27.093,27.093,819,0
CSB.US,D,20151002,000000,27.255,27.255,27.255,27.255,106,0
CSB.US,D,20151005,000000,27.696,27.837,27.696,27.827,653,0
CSB.US,D,20151006,000000,27.903,27.903,27.903,27.903,705,0
CSB.US,D,20151008,000000,28.335,28.542,28.335,28.535,1057,0
CSB.US,D,20151013,000000,28.858,28.858,28.858,28.858,349,0
CSB.US,D,20151014,000000,28.335,28.335,28.335,28.335,106,0
CSB.US,D,20151023,000000,29.05,29.05,28.849,28.849,1056,0
CSB.US,D,20151026,000000,28.832,28.832,28.832,28.832,586,0
CSB.US,D,20151029,000000,28.761,28.761,28.761,28.761,235,0
CSB.US,D,20151102,000000,29.145,29.145,29.138,29.138,296,0
CSB.US,D,20151103,000000,29.027,29.217,28.956,29.217,467,0
CSB.US,D,20151105,000000,29.186,29.186,29.186,29.186,586,0
CSB.US,D,20151106,000000,29.128,29.161,28.931,29.161,16522,0
CSB.US,D,20151109,000000,28.855,28.94,28.813,28.931,31650,0
CSB.US,D,20151110,000000,29.059,29.059,29.042,29.042,818,0
CSB.US,D,20151111,000000,28.956,28.956,28.948,28.948,586,0
CSB.US,D,20151112,000000,28.68,28.68,28.472,28.472,235,0
CSB.US,D,20151113,000000,28.232,28.232,28.232,28.232,106,0
CSB.US,D,20151116,000000,28.264,28.547,28.223,28.547,318728,0
CSB.US,D,20151117,000000,28.481,28.734,28.39,28.443,65214,0
CSB.US,D,20151118,000000,28.561,28.743,28.547,28.743,6792,0
CSB.US,D,20151119,000000,28.841,28.841,28.803,28.813,349,0
CSB.US,D,20151120,000000,29.109,29.118,29.042,29.118,4920,0
CSB.US,D,20151123,000000,29.118,29.168,29.059,29.145,3749,0
CSB.US,D,20151124,000000,29.076,29.298,28.975,29.298,4714,0
CSB.US,D,20151125,000000,29.46,29.46,29.217,29.335,10656,0
CSB.US,D,20151202,000000,29.578,29.578,29.379,29.379,423,0
CSB.US,D,20151203,000000,29.529,29.529,29.016,29.016,2607,0
CSB.US,D,20151204,000000,29.018,29.161,29.018,29.093,703,0
CSB.US,D,20151207,000000,28.77,28.77,28.77,28.77,1169,0
CSB.US,D,20151210,000000,28.463,28.463,28.39,28.39,703,0
CSB.US,D,20151211,000000,27.941,27.941,27.941,27.941,106,0
CSB.US,D,20151214,000000,27.7,27.83,27.641,27.754,1254,0
CSB.US,D,20151215,000000,27.973,28.126,27.973,28.09,932,0
CSB.US,D,20151216,000000,28.278,28.278,28.278,28.278,932,0
CSB.US,D,20151217,000000,28.463,28.463,28.463,28.463,235,0
CSB.US,D,20151218,000000,27.973,27.973,27.973,27.973,106,0
CSB.US,D,20151221,000000,27.922,27.922,27.914,27.914,467,0
CSB.US,D,20151222,000000,27.914,27.914,27.914,27.914,473,0
CSB.US,D,20151223,000000,28.662,28.716,28.662,28.716,1286,0
CSB.US,D,20151228,000000,28.613,28.613,28.613,28.613,212,0
CSB.US,D,20151229,000000,28.855,28.907,28.855,28.899,13925,0
CSB.US,D,20151230,000000,28.878,28.889,28.813,28.813,62433,0
CSB.US,D,20151231,000000,28.419,28.538,28.301,28.301,6514,0
CSB.US,D,20160104,000000,27.916,27.916,27.581,27.701,7801,0
CSB.US,D,20160105,000000,27.739,27.763,27.606,27.749,5404,0
CSB.US,D,20160106,000000,27.548,27.624,27.523,27.624,3111,0
CSB.US,D,20160107,000000,27.22,27.22,26.876,26.876,960,0
CSB.US,D,20160108,000000,26.952,26.952,26.765,26.765,1089,0
CSB.US,D,20160111,000000,26.623,26.711,26.475,26.676,940,0
CSB.US,D,20160113,000000,26.543,26.543,26.018,26.018,506,0
CSB.US,D,20160114,000000,26.324,26.334,26.304,26.334,1020,0
CSB.US,D,20160115,000000,25.664,26.015,25.664,26.015,1184,0
CSB.US,D,20160119,000000,25.985,26.082,25.849,25.916,2437,0
CSB.US,D,20160120,000000,25.531,25.916,25.531,25.916,3047,0
CSB.US,D,20160121,000000,25.901,26.092,25.901,25.901,3128,0
CSB.US,D,20160122,000000,25.908,26.139,25.908,26.056,491,0
CSB.US,D,20160125,000000,26.046,26.046,26.046,26.046,3838,0
CSB.US,D,20160126,000000,25.651,26.276,25.651,26.253,11497,0
CSB.US,D,20160127,000000,26.252,26.487,26.252,26.487,463,0
CSB.US,D,20160129,000000,26.663,27.054,26.663,27.054,347,0
CSB.US,D,20160201,000000,27.036,27.105,27.007,27.105,159916,0
CSB.US,D,20160202,000000,26.815,26.815,26.723,26.723,1020,0
CSB.US,D,20160203,000000,26.745,26.907,26.52,26.831,2062,0
CSB.US,D,20160204,000000,26.866,26.954,26.866,26.949,5304,0
CSB.US,D,20160205,000000,26.663,26.663,26.663,26.663,142,0
CSB.US,D,20160208,000000,26.481,26.481,26.481,26.481,234,0
CSB.US,D,20160209,000000,26.699,26.699,26.586,26.602,1306,0
CSB.US,D,20160210,000000,26.716,26.925,26.699,26.805,9526,0
CSB.US,D,20160211,000000,26.192,26.36,26.192,26.36,445,0
CSB.US,D,20160212,000000,26.555,26.555,26.555,26.555,398,0
CSB.US,D,20160216,000000,26.868,27.057,26.86,27.057,97468,0
CSB.US,D,20160219,000000,27.445,27.445,27.445,27.445,3565,0
CSB.US,D,20160229,000000,28.071,28.071,28.071,28.071,4006,0
CSB.US,D,20160301,000000,28.125,28.221,28.125,28.221,6651,0
CSB.US,D,20160302,000000,28.142,28.325,28.142,28.325,773,0
CSB.US,D,20160303,000000,28.384,28.384,28.384,28.384,296,0
CSB.US,D,20160304,000000,28.939,28.939,28.867,28.867,853,0
CSB.US,D,20160307,000000,29.219,29.219,29.179,29.179,531,0
CSB.US,D,20160308,000000,29.004,29.014,28.883,28.936,7845,0
CSB.US,D,20160309,000000,29.041,29.047,28.986,29.047,920,0
CSB.US,D,20160314,000000,29.083,29.152,29.083,29.152,464,0
CSB.US,D,20160315,000000,29.047,29.047,28.978,29.023,95486,0
CSB.US,D,20160316,000000,28.893,29.125,28.893,29.125,637,0
CSB.US,D,20160317,000000,29.507,29.656,29.507,29.655,2922,0
CSB.US,D,20160318,000000,29.852,29.869,29.75,29.808,1372,0
CSB.US,D,20160321,000000,29.715,29.749,29.715,29.749,1167,0
CSB.US,D,20160322,000000,29.463,29.601,29.463,29.596,39066,0
CSB.US,D,20160323,000000,29.361,29.361,29.237,29.299,10918,0
CSB.US,D,20160324,000000,29.046,29.254,28.987,29.254,533,0
CSB.US,D,20160328,000000,29.33,29.33,29.33,29.33,405,0
CSB.US,D,20160329,000000,29.445,29.665,29.445,29.665,580,0
CSB.US,D,20160330,000000,30.169,30.169,30.144,30.144,1272,0
CSB.US,D,20160331,000000,30.206,30.206,30.129,30.153,1060,0
CSB.US,D,20160401,000000,29.956,30.162,29.936,30.162,63779,0
CSB.US,D,20160404,000000,30.162,30.162,30.162,30.162,345,0
CSB.US,D,20160405,000000,29.534,29.534,29.534,29.534,107,0
CSB.US,D,20160406,000000,29.61,29.61,29.61,29.61,519,0
CSB.US,D,20160407,000000,29.26,29.26,29.048,29.048,1943,0
CSB.US,D,20160408,000000,29.533,29.533,29.217,29.217,1745,0
CSB.US,D,20160412,000000,29.573,29.573,29.397,29.533,583,0
CSB.US,D,20160414,000000,30.231,30.234,30.23,30.23,2081,0
CSB.US,D,20160415,000000,30.244,30.318,30.244,30.309,766,0
CSB.US,D,20160418,000000,30.352,30.389,30.335,30.389,2245,0
CSB.US,D,20160420,000000,30.426,30.426,30.426,30.426,166,0
CSB.US,D,20160422,000000,30.448,30.456,30.348,30.456,2537,0
CSB.US,D,20160425,000000,30.157,30.179,30.157,30.179,403,0
CSB.US,D,20160426,000000,30.265,30.514,30.265,30.513,1001,0
CSB.US,D,20160427,000000,30.559,30.559,30.472,30.472,731,0
CSB.US,D,20160428,000000,30.681,30.687,30.421,30.421,2406,0
CSB.US,D,20160429,000000,30.23,30.23,30.113,30.113,1931,0
CSB.US,D,20160502,000000,30.357,30.448,30.306,30.448,978,0
CSB.US,D,20160503,000000,30.127,30.127,30.127,30.127,497,0
CSB.US,D,20160504,000000,30.021,30.046,30.021,30.034,1175,0
CSB.US,D,20160505,000000,29.908,29.908,29.893,29.893,461,0
CSB.US,D,20160506,000000,29.863,29.908,29.846,29.899,681,0
CSB.US,D,20160509,000000,30.006,30.006,29.94,29.94,518,0
CSB.US,D,20160510,000000,30.096,30.338,30.096,30.338,4249,0
CSB.US,D,20160511,000000,30.204,30.204,30.14,30.166,822,0
CSB.US,D,20160512,000000,29.969,30.038,29.882,30.038,3209,0
CSB.US,D,20160513,000000,29.892,29.997,29.892,29.997,693,0
CSB.US,D,20160516,000000,29.979,29.979,29.979,29.979,105,0
CSB.US,D,20160517,000000,29.977,29.977,29.509,29.509,594,0
CSB.US,D,20160518,000000,29.64,29.803,29.614,29.803,940,0
CSB.US,D,20160519,000000,29.56,29.56,29.262,29.354,1988,0
CSB.US,D,20160520,000000,29.77,29.905,29.754,29.838,19722,0
CSB.US,D,20160523,000000,29.875,29.875,29.875,29.875,167,0
CSB.US,D,20160524,000000,30.145,30.251,30.145,30.229,441,0
CSB.US,D,20160526,000000,30.759,30.759,30.438,30.438,722,0
CSB.US,D,20160531,000000,30.831,30.831,30.74,30.74,517,0
CSB.US,D,20160601,000000,30.881,30.908,30.881,30.908,5174,0
CSB.US,D,20160602,000000,30.742,31.032,30.742,31.032,809,0
CSB.US,D,20160606,000000,31.187,31.323,31.187,31.308,4130,0
CSB.US,D,20160607,000000,31.526,31.526,31.244,31.387,3054,0
CSB.US,D,20160608,000000,31.501,31.602,31.501,31.602,658,0
CSB.US,D,20160610,000000,31.162,31.162,31.048,31.048,5106,0
CSB.US,D,20160613,000000,30.864,30.87,30.864,30.87,1615,0
CSB.US,D,20160614,000000,30.701,30.701,30.566,30.626,17776,0
CSB.US,D,20160615,000000,30.79,30.79,30.631,30.631,1840,0
CSB.US,D,20160616,000000,30.37,30.457,30.37,30.457,306,0
CSB.US,D,20160617,000000,30.592,30.592,30.582,30.582,34620,0
CSB.US,D,20160620,000000,31.025,31.025,31.025,31.025,4264,0
CSB.US,D,20160622,000000,31.052,31.052,30.867,30.929,1301,0
CSB.US,D,20160624,000000,30.629,30.629,30.174,30.285,5411,0
CSB.US,D,20160627,000000,30.143,30.143,29.301,29.451,72998,0
CSB.US,D,20160628,000000,29.631,29.689,29.631,29.676,3909,0
CSB.US,D,20160629,000000,29.788,30.197,29.788,30.175,6417,0
CSB.US,D,20160630,000000,30.399,30.722,30.398,30.722,2097,0
CSB.US,D,20160705,000000,30.592,30.592,30.592,30.592,302,0
CSB.US,D,20160706,000000,30.434,30.632,30.354,30.631,2199,0
CSB.US,D,20160707,000000,30.771,30.771,30.571,30.571,457,0
CSB.US,D,20160715,000000,31.959,32.045,31.891,31.94,2029,0
CSB.US,D,20160718,000000,31.95,31.95,31.95,31.95,290,0
CSB.US,D,20160721,000000,31.957,31.957,31.776,31.809,1487,0
CSB.US,D,20160725,000000,31.983,31.983,31.905,31.905,342,0
CSB.US,D,20160726,000000,31.889,31.971,31.889,31.971,751,0
CSB.US,D,20160727,000000,31.992,31.992,31.819,31.949,3762,0
CSB.US,D,20160728,000000,32.14,32.14,31.759,31.759,1961,0
CSB.US,D,20160729,000000,31.88,31.88,31.876,31.876,383,0
CSB.US,D,20160801,000000,31.801,31.835,31.792,31.792,935,0
CSB.US,D,20160802,000000,31.354,31.354,31.354,31.354,138,0
CSB.US,D,20160803,000000,31.494,31.509,31.494,31.509,342,0
CSB.US,D,20160804,000000,31.645,31.645,31.645,31.645,360,0
CSB.US,D,20160805,000000,32.025,32.034,32.025,32.034,575,0
CSB.US,D,20160808,000000,32.018,32.018,32.01,32.01,1602,0
CSB.US,D,20160809,000000,31.987,31.987,31.987,31.987,215,0
CSB.US,D,20160811,000000,32.01,32.018,31.999,32.018,634,0
CSB.US,D,20160812,000000,31.938,31.938,31.843,31.843,404,0
CSB.US,D,20160815,000000,32.14,32.159,32.053,32.088,115538,0
CSB.US,D,20160816,000000,31.917,31.917,31.84,31.859,9654,0
CSB.US,D,20160817,000000,31.73,31.773,31.73,31.773,678,0
CSB.US,D,20160818,000000,31.917,32.119,31.917,32.11,1781,0
CSB.US,D,20160822,000000,32.093,32.12,31.945,32.12,11260,0
CSB.US,D,20160823,000000,32.722,32.722,32.357,32.364,552,0
CSB.US,D,20160824,000000,32.296,32.301,32.266,32.301,1764,0
CSB.US,D,20160825,000000,32.343,32.343,32.343,32.343,236,0
CSB.US,D,20160826,000000,32.573,32.573,32.241,32.241,891,0
CSB.US,D,20160829,000000,32.623,32.623,32.546,32.546,288,0
CSB.US,D,20160830,000000,32.415,32.508,32.415,32.508,2605,0
CSB.US,D,20160831,000000,32.513,32.542,32.318,32.542,2043,0
CSB.US,D,20160901,000000,32.398,32.398,32.398,32.398,128,0
CSB.US,D,20160906,000000,32.982,32.982,32.535,32.535,1635,0
CSB.US,D,20160907,000000,32.832,32.832,32.829,32.829,571,0
CSB.US,D,20160908,000000,32.786,32.786,32.74,32.786,12284,0
CSB.US,D,20160909,000000,32.357,32.357,32.005,32.013,5037,0
CSB.US,D,20160913,000000,31.931,31.931,31.777,31.777,2475,0
CSB.US,D,20160914,000000,31.77,31.77,31.637,31.647,5765,0
CSB.US,D,20160915,000000,31.777,31.777,31.777,31.777,684,0
CSB.US,D,20160916,000000,31.651,31.651,31.647,31.647,340,0
CSB.US,D,20160919,000000,32.028,32.028,32.028,32.028,780,0
CSB.US,D,20160920,000000,31.952,31.952,31.952,31.952,155,0
CSB.US,D,20160921,000000,31.804,31.804,31.804,31.804,134,0
CSB.US,D,20160922,000000,32.321,32.377,32.321,32.377,4776,0
CSB.US,D,20160923,000000,32.543,32.543,32.543,32.543,510,0
CSB.US,D,20160926,000000,32.374,32.374,32.211,32.211,1125,0
CSB.US,D,20160927,000000,32.215,32.215,32.215,32.215,152,0
CSB.US,D,20160928,000000,32.397,32.444,32.389,32.444,1086,0
CSB.US,D,20160929,000000,32.425,32.425,32.425,32.425,4560,0
CSB.US,D,20160930,000000,32.32,32.421,32.283,32.402,3214,0
CSB.US,D,20161011,000000,32.029,32.029,31.615,31.615,571,0
CSB.US,D,20161012,000000,31.846,31.924,31.846,31.884,1860,0
CSB.US,D,20161013,000000,31.7,31.7,31.598,31.598,693,0
CSB.US,D,20161018,000000,31.821,31.821,31.749,31.749,631,0
CSB.US,D,20161019,000000,32.047,32.047,32.008,32.008,614,0
CSB.US,D,20161021,000000,31.795,31.827,31.78,31.78,4995,0
CSB.US,D,20161024,000000,32.279,32.279,32.279,32.279,139,0
CSB.US,D,20161026,000000,31.847,31.895,31.739,31.821,10950,0
CSB.US,D,20161027,000000,32.119,32.119,31.334,31.334,17540,0
CSB.US,D,20161028,000000,31.494,31.494,31.494,31.494,105,0
CSB.US,D,20161101,000000,31.408,31.408,31.408,31.408,244,0
CSB.US,D,20161102,000000,31.04,31.043,30.815,30.815,845,0
CSB.US,D,20161103,000000,31.081,31.081,31.081,31.081,171,0
CSB.US,D,20161104,000000,31.224,31.462,31.224,31.462,3402,0
CSB.US,D,20161107,000000,31.609,31.794,31.609,31.794,1366,0
CSB.US,D,20161108,000000,31.777,31.864,31.777,31.803,5932,0
CSB.US,D,20161109,000000,31.811,32.716,31.811,32.678,5079,0
CSB.US,D,20161110,000000,33.373,33.373,33.271,33.271,1391,0
CSB.US,D,20161111,000000,33.686,33.686,33.454,33.669,3881,0
CSB.US,D,20161114,000000,33.634,33.634,33.634,33.634,799,0
CSB.US,D,20161115,000000,34.378,34.631,34.281,34.604,25688,0
CSB.US,D,20161117,000000,34.829,34.91,34.785,34.811,6908,0
CSB.US,D,20161118,000000,34.875,34.943,34.875,34.917,2567,0
CSB.US,D,20161121,000000,35.028,35.043,35.028,35.043,1589,0
CSB.US,D,20161122,000000,35.23,35.447,35.23,35.447,5015,0
CSB.US,D,20161123,000000,35.602,35.602,35.602,35.602,339,0
CSB.US,D,20161128,000000,35.536,35.538,35.536,35.538,291,0
CSB.US,D,20161129,000000,35.536,35.536,35.508,35.508,421,0
CSB.US,D,20161130,000000,35.457,35.457,35.294,35.294,2281,0
CSB.US,D,20161201,000000,35.845,35.845,35.277,35.277,3880,0
CSB.US,D,20161202,000000,35.431,35.49,35.286,35.286,5693,0
CSB.US,D,20161205,000000,35.614,35.614,35.491,35.491,1038,0
CSB.US,D,20161206,000000,35.747,36.124,35.747,36.124,6962,0
CSB.US,D,20161207,000000,36.107,36.691,36.107,36.636,15942,0
CSB.US,D,20161208,000000,36.698,37.236,36.672,37.219,9394,0
CSB.US,D,20161209,000000,37.392,37.432,37.262,37.432,7208,0
CSB.US,D,20161212,000000,37.545,37.545,37.058,37.142,8953,0
CSB.US,D,20161213,000000,37.418,37.418,36.96,37.05,9108,0
CSB.US,D,20161214,000000,37.239,37.239,36.605,36.605,5309,0
CSB.US,D,20161215,000000,36.725,37.126,36.725,36.929,6825,0
CSB.US,D,20161219,000000,36.846,37.159,36.846,37.062,952,0
CSB.US,D,20161220,000000,37.39,37.39,37.261,37.356,1729,0
CSB.US,D,20161221,000000,37.39,37.461,37.38,37.409,9743,0
CSB.US,D,20161222,000000,37.309,37.328,36.937,37.057,3591,0
CSB.US,D,20161223,000000,37.076,37.151,37.043,37.151,4505,0
CSB.US,D,20161227,000000,37.283,37.283,37.283,37.283,230,0
CSB.US,D,20161228,000000,37.346,37.346,36.96,36.996,16780,0
CSB.US,D,20161229,000000,36.962,37.008,36.962,37.008,561,0
CSB.US,D,20161230,000000,37.071,37.071,36.83,36.83,4381,0
CSB.US,D,20170103,000000,37.006,37.041,37.006,37.041,508,0
CSB.US,D,20170104,000000,37.026,37.5,37.026,37.436,2481,0
CSB.US,D,20170105,000000,37.135,37.301,36.964,36.964,4065,0
CSB.US,D,20170106,000000,36.865,37.003,36.839,36.839,977,0
CSB.US,D,20170109,000000,36.388,36.405,36.351,36.351,965,0
CSB.US,D,20170110,000000,36.44,36.776,36.44,36.546,2401,0
CSB.US,D,20170111,000000,36.798,36.843,36.753,36.768,1715,0
CSB.US,D,20170112,000000,37.026,37.026,36.287,36.503,3922,0
CSB.US,D,20170113,000000,36.769,36.769,36.699,36.699,1060,0
CSB.US,D,20170117,000000,36.894,36.894,36.296,36.328,1981,0
CSB.US,D,20170118,000000,36.377,36.485,36.377,36.394,2805,0
CSB.US,D,20170119,000000,36.204,36.204,36.126,36.154,1062,0
CSB.US,D,20170120,000000,36.332,36.35,36.224,36.224,4075,0
CSB.US,D,20170123,000000,36.11,36.214,36.11,36.19,1843,0
CSB.US,D,20170124,000000,36.44,36.763,36.44,36.745,2691,0
CSB.US,D,20170125,000000,37.222,37.222,37.006,37.072,8884,0
CSB.US,D,20170126,000000,37.119,37.119,36.856,36.875,5104,0
CSB.US,D,20170127,000000,36.708,36.779,36.644,36.771,7153,0
CSB.US,D,20170130,000000,36.671,36.671,36.171,36.361,9108,0
CSB.US,D,20170131,000000,36.19,36.363,36.128,36.357,2407,0
CSB.US,D,20170201,000000,37.063,37.063,36.261,36.323,6624,0
CSB.US,D,20170202,000000,36.323,36.377,36.054,36.144,35971,0
CSB.US,D,20170203,000000,36.664,36.664,36.351,36.447,32822,0
CSB.US,D,20170206,000000,36.243,36.403,36.024,36.123,8039,0
CSB.US,D,20170207,000000,36.394,36.394,35.894,35.926,7069,0
CSB.US,D,20170208,000000,36.128,36.128,35.61,35.824,9426,0
CSB.US,D,20170209,000000,36.135,36.296,35.963,36.204,5197,0
CSB.US,D,20170210,000000,36.404,36.517,36.328,36.503,13082,0
CSB.US,D,20170213,000000,36.904,36.904,36.452,36.452,7854,0
CSB.US,D,20170214,000000,36.381,36.445,36.3,36.445,5395,0
CSB.US,D,20170215,000000,36.22,36.591,36.22,36.578,6982,0
CSB.US,D,20170216,000000,36.446,36.578,36.357,36.578,7478,0
CSB.US,D,20170217,000000,36.836,36.836,36.353,36.418,12389,0
CSB.US,D,20170221,000000,36.257,36.66,36.257,36.596,4804,0
CSB.US,D,20170222,000000,36.9,36.9,36.603,36.634,2846,0
CSB.US,D,20170223,000000,36.985,36.985,36.408,36.49,2630,0
CSB.US,D,20170224,000000,36.523,36.568,36.4,36.509,7654,0
CSB.US,D,20170227,000000,36.639,36.723,36.568,36.64,11644,0
CSB.US,D,20170228,000000,36.509,36.509,36.292,36.292,4493,0
CSB.US,D,20170301,000000,36.881,36.881,36.759,36.809,2930,0
CSB.US,D,20170302,000000,36.668,36.935,36.465,36.531,3609,0
CSB.US,D,20170303,000000,36.445,36.445,36.131,36.248,15079,0
CSB.US,D,20170306,000000,35.963,36.037,35.935,36.027,3460,0
CSB.US,D,20170307,000000,35.889,35.897,35.811,35.82,4362,0
CSB.US,D,20170308,000000,35.936,35.936,35.587,35.597,4853,0
CSB.US,D,20170309,000000,35.723,35.723,35.302,35.336,2680,0
CSB.US,D,20170310,000000,35.777,35.777,35.383,35.536,16447,0
CSB.US,D,20170313,000000,35.643,39.056,35.517,35.615,22547,0
CSB.US,D,20170314,000000,35.544,35.568,35.52,35.536,2333,0
CSB.US,D,20170315,000000,35.794,36.046,35.794,36.046,1365,0
CSB.US,D,20170316,000000,36.358,36.358,35.992,35.992,35751,0
CSB.US,D,20170317,000000,36.027,36.141,36.02,36.141,22727,0
CSB.US,D,20170320,000000,36.02,36.02,35.83,35.83,2769,0
CSB.US,D,20170321,000000,35.849,35.849,35.179,35.206,2707,0
CSB.US,D,20170322,000000,35.222,35.222,34.944,35.161,5383,0
CSB.US,D,20170323,000000,35.438,35.587,35.374,35.413,3034,0
CSB.US,D,20170324,000000,35.446,35.661,35.222,35.222,13628,0
CSB.US,D,20170327,000000,35.161,35.403,35.068,35.383,6912,0
CSB.US,D,20170328,000000,35.336,35.615,35.336,35.615,9570,0
CSB.US,D,20170329,000000,35.705,35.744,35.705,35.744,3397,0
CSB.US,D,20170330,000000,35.84,36.022,35.84,36.022,5037,0
CSB.US,D,20170331,000000,36.251,36.267,36.251,36.267,507,0
CSB.US,D,20170403,000000,36.012,36.024,35.687,35.687,2580,0
CSB.US,D,20170404,000000,35.723,35.723,35.552,35.615,3680,0
CSB.US,D,20170405,000000,35.937,35.937,35.426,35.426,2165,0
CSB.US,D,20170406,000000,35.215,35.568,35.215,35.464,3402,0
CSB.US,D,20170407,000000,35.732,35.732,35.536,35.668,3317,0
CSB.US,D,20170410,000000,35.794,35.83,35.732,35.768,4802,0
CSB.US,D,20170411,000000,35.906,35.906,35.725,35.784,897,0
CSB.US,D,20170412,000000,35.635,35.739,35.635,35.715,1236,0
CSB.US,D,20170413,000000,35.661,35.661,35.423,35.429,2543,0
CSB.US,D,20170417,000000,35.393,35.56,35.393,35.56,1742,0
CSB.US,D,20170418,000000,35.379,35.863,35.379,35.863,2976,0
CSB.US,D,20170419,000000,36.037,36.082,35.96,35.981,3685,0
CSB.US,D,20170420,000000,36.186,36.465,36.142,36.457,5016,0
CSB.US,D,20170421,000000,36.382,36.51,36.382,36.438,22429,0
CSB.US,D,20170424,000000,36.788,36.914,36.788,36.858,1363,0
CSB.US,D,20170425,000000,37.141,37.144,37.033,37.033,2125,0
CSB.US,D,20170426,000000,36.878,37.416,36.878,37.416,3024,0
CSB.US,D,20170427,000000,37.193,37.193,37.153,37.153,905,0
CSB.US,D,20170428,000000,36.837,36.896,36.745,36.745,1750,0
CSB.US,D,20170501,000000,36.654,36.886,36.561,36.674,8395,0
CSB.US,D,20170502,000000,36.671,36.671,36.561,36.561,232,0
CSB.US,D,20170503,000000,36.366,36.654,36.267,36.475,6657,0
CSB.US,D,20170504,000000,36.437,36.437,36.258,36.293,2342,0
CSB.US,D,20170505,000000,36.43,36.475,36.42,36.475,950,0
CSB.US,D,20170508,000000,36.699,36.699,36.492,36.534,852,0
CSB.US,D,20170509,000000,36.589,36.597,36.465,36.51,5617,0
CSB.US,D,20170510,000000,36.597,36.634,36.544,36.571,46647,0
CSB.US,D,20170511,000000,36.036,36.302,36.036,36.221,1931,0
CSB.US,D,20170512,000000,36.104,36.104,35.887,35.887,4148,0
CSB.US,D,20170515,000000,36.193,36.201,36.071,36.071,9040,0
CSB.US,D,20170516,000000,36.024,36.024,35.803,35.939,3401,0
CSB.US,D,20170517,000000,35.662,35.662,35.238,35.238,4751,0
CSB.US,D,20170518,000000,35.16,35.337,35.142,35.221,13371,0
CSB.US,D,20170519,000000,35.214,35.545,35.214,35.347,5338,0
CSB.US,D,20170522,000000,35.439,35.627,35.439,35.599,8927,0
CSB.US,D,20170523,000000,35.474,35.672,35.474,35.672,2053,0
CSB.US,D,20170524,000000,35.548,35.67,35.548,35.575,2327,0
CSB.US,D,20170525,000000,35.823,35.823,35.65,35.746,930,0
CSB.US,D,20170526,000000,35.891,35.891,35.666,35.68,3424,0
CSB.US,D,20170530,000000,35.545,35.545,35.491,35.508,565,0
CSB.US,D,20170531,000000,35.382,35.382,35.382,35.382,873,0
CSB.US,D,20170601,000000,35.741,36.067,35.688,36.067,1970,0
CSB.US,D,20170602,000000,36.207,36.714,36.199,36.388,21452,0
CSB.US,D,20170605,000000,36.199,36.272,35.996,35.996,1784,0
CSB.US,D,20170606,000000,35.645,35.866,35.645,35.842,8181,0
CSB.US,D,20170607,000000,36.091,36.091,35.857,35.929,3888,0
CSB.US,D,20170608,000000,35.824,36.354,35.824,36.354,1620,0
CSB.US,D,20170609,000000,36.4,36.657,36.4,36.657,706,0
CSB.US,D,20170612,000000,36.83,36.838,36.765,36.765,1518,0
CSB.US,D,20170613,000000,36.824,36.824,36.824,36.824,561,0
CSB.US,D,20170614,000000,36.697,36.824,36.697,36.794,1354,0
CSB.US,D,20170615,000000,36.524,36.707,36.524,36.707,1714,0
CSB.US,D,20170616,000000,36.454,36.512,36.435,36.512,1156,0
CSB.US,D,20170619,000000,36.686,36.791,36.613,36.613,1292,0
CSB.US,D,20170620,000000,36.84,36.84,36.36,36.36,444,0
CSB.US,D,20170621,000000,36.363,36.363,36.04,36.067,1871,0
CSB.US,D,20170622,000000,35.996,36.172,35.956,36.172,1306,0
CSB.US,D,20170623,000000,36.199,36.199,36.138,36.199,812,0
CSB.US,D,20170626,000000,36.335,36.335,36.335,36.335,158,0
CSB.US,D,20170627,000000,36.3,36.379,36.273,36.379,2236,0
CSB.US,D,20170628,000000,36.65,36.762,36.588,36.62,2848,0
CSB.US,D,20170629,000000,36.725,36.725,36.335,36.5,1323,0
CSB.US,D,20170630,000000,36.964,36.964,36.417,36.552,4992,0
CSB.US,D,20170703,000000,36.715,36.715,36.715,36.715,195,0
CSB.US,D,20170705,000000,36.355,36.407,36.3,36.407,7155,0
CSB.US,D,20170706,000000,36.309,36.362,36.164,36.164,782,0
CSB.US,D,20170707,000000,36.371,36.417,36.345,36.417,2876,0
CSB.US,D,20170710,000000,36.669,36.669,36.145,36.182,3404,0
CSB.US,D,20170711,000000,36.202,36.202,36.202,36.202,273,0
CSB.US,D,20170712,000000,36.579,36.579,36.335,36.335,2586,0
CSB.US,D,20170713,000000,36.172,36.257,36.172,36.257,1272,0
CSB.US,D,20170717,000000,36.5,36.551,36.444,36.454,4677,0
CSB.US,D,20170718,000000,36.389,36.427,36.182,36.427,12971,0
CSB.US,D,20170719,000000,36.697,36.697,36.588,36.652,7545,0
CSB.US,D,20170720,000000,36.924,36.949,36.867,36.949,3434,0
CSB.US,D,20170721,000000,36.805,36.956,36.805,36.805,944,0
CSB.US,D,20170724,000000,36.716,36.734,36.669,36.734,1148,0
CSB.US,D,20170725,000000,36.982,37.183,36.982,37.124,2278,0
CSB.US,D,20170726,000000,37.086,37.086,36.824,36.824,6004,0
CSB.US,D,20170727,000000,37.143,37.143,36.623,36.652,94419,0
CSB.US,D,20170728,000000,36.687,36.687,36.436,36.444,14278,0
CSB.US,D,20170731,000000,36.707,36.707,36.652,36.652,465,0
CSB.US,D,20170801,000000,36.744,36.805,36.744,36.796,3054,0
CSB.US,D,20170802,000000,36.424,36.462,36.419,36.462,2687,0
CSB.US,D,20170803,000000,36.43,36.444,36.335,36.335,12170,0
CSB.US,D,20170804,000000,36.49,36.632,36.49,36.632,15201,0
CSB.US,D,20170807,000000,36.579,36.707,36.555,36.569,2913,0
CSB.US,D,20170808,000000,36.707,36.858,36.5,36.551,3621,0
CSB.US,D,20170809,000000,36.417,36.417,36.394,36.394,782,0
CSB.US,D,20170810,000000,36.588,36.588,35.908,35.957,12044,0
CSB.US,D,20170811,000000,36.236,36.236,35.785,35.908,3716,0
CSB.US,D,20170814,000000,36.318,36.318,36.199,36.226,1562,0
CSB.US,D,20170815,000000,36.124,36.308,36.033,36.033,2769,0
CSB.US,D,20170816,000000,36.379,36.379,36.063,36.063,1492,0
CSB.US,D,20170817,000000,36.014,36.014,35.615,35.66,5999,0
CSB.US,D,20170818,000000,35.426,35.533,35.362,35.468,7573,0
CSB.US,D,20170821,000000,35.687,35.687,35.46,35.495,1258,0
CSB.US,D,20170822,000000,35.695,35.801,35.677,35.749,11132,0
CSB.US,D,20170823,000000,35.743,35.758,35.677,35.717,6111,0
CSB.US,D,20170824,000000,35.786,35.838,35.708,35.738,4460,0
CSB.US,D,20170825,000000,35.679,35.854,35.679,35.854,1018,0
CSB.US,D,20170828,000000,35.801,35.83,35.722,35.83,23364,0
CSB.US,D,20170829,000000,36.363,36.363,35.608,35.79,21697,0
CSB.US,D,20170830,000000,35.898,35.947,35.856,35.904,8916,0
CSB.US,D,20170831,000000,35.985,36.222,35.985,36.101,10339,0
CSB.US,D,20170901,000000,36.272,36.327,36.172,36.318,11415,0
CSB.US,D,20170905,000000,36.236,36.236,35.768,35.887,40321,0
CSB.US,D,20170906,000000,35.985,36.019,35.849,35.957,5369,0
CSB.US,D,20170907,000000,35.865,35.908,35.675,35.829,6766,0
CSB.US,D,20170908,000000,35.767,36.077,35.689,36.039,12006,0
CSB.US,D,20170911,000000,35.975,36.429,35.975,36.401,1322,0
CSB.US,D,20170912,000000,36.559,36.572,36.487,36.562,5077,0
CSB.US,D,20170913,000000,36.692,36.692,36.571,36.638,4123,0
CSB.US,D,20170914,000000,36.609,36.658,36.51,36.6,14142,0
CSB.US,D,20170915,000000,36.766,36.811,36.766,36.811,1830,0
CSB.US,D,20170918,000000,37.046,37.046,36.961,37.037,1167,0
CSB.US,D,20170919,000000,37.042,37.092,36.971,37.056,9859,0
CSB.US,D,20170920,000000,37.248,37.273,37.227,37.227,2592,0
CSB.US,D,20170921,000000,37.19,37.202,37.19,37.202,276,0
CSB.US,D,20170922,000000,37.242,37.473,37.242,37.411,7660,0
CSB.US,D,20170925,000000,37.494,37.6,37.375,37.578,2485,0
CSB.US,D,20170926,000000,37.844,37.918,37.573,37.918,24354,0
CSB.US,D,20170927,000000,37.757,38.498,37.712,38.495,9021,0
CSB.US,D,20170928,000000,38.362,38.611,38.362,38.611,2225,0
CSB.US,D,20170929,000000,38.635,38.752,38.565,38.573,4132,0
CSB.US,D,20171002,000000,38.898,38.963,38.692,38.963,3775,0
CSB.US,D,20171003,000000,38.787,39.062,38.787,39.062,4040,0
CSB.US,D,20171004,000000,39.292,39.292,38.898,38.914,6041,0
CSB.US,D,20171005,000000,39.098,39.149,39.072,39.106,3724,0
CSB.US,D,20171006,000000,38.995,39.173,38.907,38.951,16349,0
CSB.US,D,20171009,000000,38.862,38.88,38.752,38.752,31812,0
CSB.US,D,20171010,000000,39.079,39.079,39.009,39.009,625,0
CSB.US,D,20171011,000000,39.047,39.056,38.968,39.003,2674,0
CSB.US,D,20171012,000000,38.933,39.089,38.933,39.037,2096,0
CSB.US,D,20171013,000000,39.072,39.198,38.937,38.937,8685,0
CSB.US,D,20171016,000000,38.946,39.019,38.929,39.008,5967,0
CSB.US,D,20171017,000000,39.136,39.136,39.089,39.089,862,0
CSB.US,D,20171018,000000,39.302,39.302,39.037,39.282,2316,0
CSB.US,D,20171019,000000,39.134,39.174,39.021,39.173,2049,0
CSB.US,D,20171020,000000,39.499,39.499,39.46,39.468,977,0
CSB.US,D,20171023,000000,39.426,39.426,39.182,39.182,2730,0
CSB.US,D,20171024,000000,39.451,39.451,39.089,39.134,3633,0
CSB.US,D,20171025,000000,38.852,39.019,38.672,39.019,4011,0
CSB.US,D,20171026,000000,39.22,39.23,39.094,39.19,3070,0
CSB.US,D,20171027,000000,39.265,39.265,39.265,39.265,651,0
CSB.US,D,20171030,000000,38.991,38.991,38.597,38.672,1322,0
CSB.US,D,20171031,000000,38.898,38.898,38.778,38.898,1697,0
CSB.US,D,20171101,000000,38.69,38.69,38.69,38.69,473,0
CSB.US,D,20171102,000000,39.044,39.044,38.814,38.921,2536,0
CSB.US,D,20171103,000000,38.834,38.834,38.734,38.738,1212,0
CSB.US,D,20171106,000000,38.963,38.963,38.572,38.662,3622,0
CSB.US,D,20171107,000000,38.572,38.572,38.283,38.283,23589,0
CSB.US,D,20171108,000000,38.055,38.332,38.055,38.332,2913,0
CSB.US,D,20171109,000000,38.398,38.436,38.063,38.278,2605,0
CSB.US,D,20171110,000000,38.369,38.444,38.297,38.314,10643,0
CSB.US,D,20171113,000000,38.307,38.307,38.135,38.15,4290,0
CSB.US,D,20171114,000000,38.093,38.194,38.093,38.185,2814,0
CSB.US,D,20171115,000000,38.268,38.297,38.138,38.138,4857,0
CSB.US,D,20171116,000000,38.242,38.872,38.242,38.872,1107,0
CSB.US,D,20171117,000000,38.816,39.045,38.797,39.045,7237,0
CSB.US,D,20171120,000000,38.929,39.174,38.929,39.174,1702,0
CSB.US,D,20171121,000000,39.534,39.534,39.428,39.451,1362,0
CSB.US,D,20171122,000000,39.646,39.656,39.646,39.656,1142,0
CSB.US,D,20171127,000000,39.574,39.673,39.501,39.501,26306,0
CSB.US,D,20171128,000000,39.75,39.972,39.75,39.894,2881,0
CSB.US,D,20171129,000000,40.786,41.044,40.786,41.024,13195,0
CSB.US,D,20171130,000000,41.382,41.382,40.879,40.888,4116,0
CSB.US,D,20171201,000000,40.889,40.902,39.693,40.329,4325,0
CSB.US,D,20171204,000000,41.293,41.436,41.217,41.235,5169,0
CSB.US,D,20171205,000000,41.508,41.508,40.732,40.732,23056,0
CSB.US,D,20171206,000000,40.722,40.722,40.519,40.519,4427,0
CSB.US,D,20171207,000000,40.786,40.786,40.615,40.615,4514,0
CSB.US,D,20171208,000000,41.06,41.06,40.588,40.588,28097,0
CSB.US,D,20171211,000000,40.613,40.678,40.56,40.586,3548,0
CSB.US,D,20171212,000000,40.467,40.506,40.448,40.448,16731,0
CSB.US,D,20171213,000000,40.772,40.786,40.566,40.566,2930,0
CSB.US,D,20171214,000000,40.632,40.632,40.462,40.477,2928,0
CSB.US,D,20171215,000000,40.581,40.907,40.207,40.823,12731,0
CSB.US,D,20171218,000000,41.326,41.326,40.998,40.998,18337,0
CSB.US,D,20171219,000000,41.583,41.583,40.918,40.918,2455,0
CSB.US,D,20171220,000000,41.047,41.162,40.964,40.989,109248,0
CSB.US,D,20171222,000000,40.989,41.125,40.989,41.016,16495,0
CSB.US,D,20171226,000000,40.946,41.314,40.946,41.135,2415,0
CSB.US,D,20171227,000000,41.273,41.319,41.148,41.173,1687,0
CSB.US,D,20171228,000000,41.1,41.241,41.1,41.178,6238,0
CSB.US,D,20171229,000000,41.283,41.329,40.964,41.007,25063,0
CSB.US,D,20180102,000000,41.309,41.309,41.002,41.125,6927,0
CSB.US,D,20180103,000000,41.088,41.098,40.878,40.938,4404,0
CSB.US,D,20180104,000000,41.052,41.056,40.872,41.056,990,0
CSB.US,D,20180105,000000,41.052,41.052,40.724,40.973,7578,0
CSB.US,D,20180108,000000,40.831,41.088,40.831,41.06,7738,0
CSB.US,D,20180109,000000,40.949,40.977,40.849,40.849,3402,0
CSB.US,D,20180110,000000,41.173,41.173,40.675,40.893,3417,0
CSB.US,D,20180111,000000,41.385,41.502,41.376,41.502,1302,0
CSB.US,D,20180112,000000,41.68,41.843,41.525,41.568,21592,0
CSB.US,D,20180116,000000,41.502,41.751,41.052,41.236,18712,0
CSB.US,D,20180117,000000,41.404,41.616,41.365,41.53,2122,0
CSB.US,D,20180118,000000,41.473,41.482,41.135,41.145,3899,0
CSB.US,D,20180119,000000,41.255,41.723,41.219,41.686,10765,0
CSB.US,D,20180122,000000,41.671,41.733,41.487,41.698,10359,0
CSB.US,D,20180123,000000,41.654,41.843,41.54,41.751,1705,0
CSB.US,D,20180124,000000,41.953,41.953,41.449,41.52,3050,0
CSB.US,D,20180125,000000,41.634,41.654,41.319,41.485,7412,0
CSB.US,D,20180126,000000,41.512,41.53,41.264,41.53,13449,0
CSB.US,D,20180129,000000,41.492,41.562,41.395,41.417,9174,0
CSB.US,D,20180130,000000,41.309,41.319,41.106,41.135,2548,0
CSB.US,D,20180131,000000,41.302,41.302,40.868,40.868,57185,0
CSB.US,D,20180201,000000,40.539,40.747,40.416,40.685,8991,0
CSB.US,D,20180202,000000,40.362,40.445,39.95,39.95,37635,0
CSB.US,D,20180205,000000,39.931,39.977,38.699,38.699,14269,0
CSB.US,D,20180206,000000,38.199,38.926,38.084,38.926,15804,0
CSB.US,D,20180207,000000,38.939,39.212,38.939,38.957,8990,0
CSB.US,D,20180208,000000,39.022,39.022,38.348,38.433,4349,0
CSB.US,D,20180209,000000,38.504,38.606,38.254,38.606,49236,0
CSB.US,D,20180212,000000,38.615,38.919,38.615,38.797,4283,0
CSB.US,D,20180213,000000,38.756,38.756,38.756,38.756,3042,0
CSB.US,D,20180214,000000,38.432,39.353,38.432,39.334,1712,0
CSB.US,D,20180215,000000,39.362,39.373,39.299,39.373,12574,0
CSB.US,D,20180216,000000,39.478,39.895,39.478,39.828,16722,0
CSB.US,D,20180220,000000,39.664,39.718,39.468,39.468,1030,0
CSB.US,D,20180221,000000,39.478,40.052,39.478,39.802,2770,0
CSB.US,D,20180222,000000,39.783,39.882,39.601,39.601,2358,0
CSB.US,D,20180223,000000,39.936,40.067,39.816,40.056,15753,0
CSB.US,D,20180226,000000,40.143,40.374,39.951,40.374,4900,0
CSB.US,D,20180227,000000,40.392,40.392,39.753,39.753,10021,0
CSB.US,D,20180228,000000,39.756,39.774,39.079,39.079,3802,0
CSB.US,D,20180301,000000,38.844,39.314,38.674,38.854,4901,0
CSB.US,D,20180302,000000,38.544,39.205,38.544,39.151,13743,0
CSB.US,D,20180305,000000,39.317,39.783,39.195,39.783,5963,0
CSB.US,D,20180306,000000,39.74,39.997,39.391,39.997,4897,0
CSB.US,D,20180307,000000,39.969,40.414,39.969,40.402,3852,0
CSB.US,D,20180308,000000,40.322,40.322,40.125,40.125,921,0
CSB.US,D,20180309,000000,40.347,40.792,40.265,40.771,47848,0
CSB.US,D,20180312,000000,40.876,40.954,40.737,40.737,3458,0
CSB.US,D,20180313,000000,40.971,40.987,40.746,40.746,1818,0
CSB.US,D,20180314,000000,40.773,40.773,40.44,40.44,9715,0
CSB.US,D,20180315,000000,40.583,40.583,40.272,40.29,6975,0
CSB.US,D,20180316,000000,40.337,40.643,40.337,40.508,9491,0
CSB.US,D,20180319,000000,40.385,40.392,40.228,40.328,2204,0
CSB.US,D,20180320,000000,40.591,40.591,40.25,40.25,4011,0
CSB.US,D,20180321,000000,40.542,40.565,40.542,40.544,1971,0
CSB.US,D,20180322,000000,40.098,40.212,39.671,39.671,1963,0
CSB.US,D,20180323,000000,39.642,39.645,38.911,38.911,8626,0
CSB.US,D,20180326,000000,39.054,39.241,38.887,39.213,4706,0
CSB.US,D,20180327,000000,39.333,39.486,39.107,39.107,1881,0
CSB.US,D,20180328,000000,39.342,39.342,39.243,39.243,559,0
CSB.US,D,20180329,000000,39.484,39.721,39.457,39.457,67855,0
CSB.US,D,20180402,000000,39.506,39.506,38.537,38.756,16184,0
CSB.US,D,20180403,000000,38.904,39.256,38.859,39.191,12664,0
CSB.US,D,20180404,000000,38.9,39.608,38.9,39.589,2362,0
CSB.US,D,20180405,000000,39.663,40.061,39.663,40.025,2556,0
CSB.US,D,20180406,000000,39.924,39.924,39.192,39.323,990,0
CSB.US,D,20180409,000000,39.388,39.599,39.388,39.599,2396,0
CSB.US,D,20180410,000000,39.763,40.025,39.627,40.016,4296,0
CSB.US,D,20180411,000000,39.799,39.933,39.743,39.908,5619,0
CSB.US,D,20180412,000000,40.089,40.108,39.979,39.979,1001,0
CSB.US,D,20180413,000000,40.125,40.125,39.811,39.865,4074,0
CSB.US,D,20180416,000000,40.108,40.447,40.108,40.347,10275,0
CSB.US,D,20180417,000000,40.449,40.741,40.449,40.691,3264,0
CSB.US,D,20180418,000000,40.813,40.907,40.729,40.729,3119,0
CSB.US,D,20180419,000000,40.43,40.526,40.42,40.473,2387,0
CSB.US,D,20180420,000000,40.584,40.584,40.227,40.227,6412,0
CSB.US,D,20180423,000000,40.449,40.526,40.33,40.498,1818,0
CSB.US,D,20180424,000000,40.44,40.784,40.423,40.592,4283,0
CSB.US,D,20180425,000000,40.526,40.526,40.31,40.385,2010,0
CSB.US,D,20180426,000000,40.584,40.662,40.341,40.564,4893,0
CSB.US,D,20180427,000000,40.459,40.487,40.459,40.485,8654,0
CSB.US,D,20180430,000000,40.29,40.347,39.997,39.997,2536,0
CSB.US,D,20180501,000000,39.778,40.089,39.778,40.089,1108,0
CSB.US,D,20180502,000000,40.126,40.172,40.126,40.151,2855,0
CSB.US,D,20180503,000000,39.929,40.069,39.929,40.005,1171,0
CSB.US,D,20180504,000000,40.3,40.618,40.3,40.465,2843,0
CSB.US,D,20180507,000000,40.618,40.662,40.462,40.618,2164,0
CSB.US,D,20180508,000000,40.682,40.69,40.462,40.623,2795,0
CSB.US,D,20180509,000000,40.508,40.775,40.407,40.775,2684,0
CSB.US,D,20180510,000000,40.974,41,40.974,40.974,11298,0
CSB.US,D,20180511,000000,40.765,41.041,40.765,40.973,4513,0
CSB.US,D,20180514,000000,41.018,41.018,40.814,40.814,419,0
CSB.US,D,20180515,000000,40.887,40.887,40.764,40.84,2811,0
CSB.US,D,20180516,000000,41.046,41.371,40.982,41.33,1408,0
CSB.US,D,20180517,000000,41.471,41.471,41.377,41.383,1104,0
CSB.US,D,20180518,000000,41.425,41.425,41.422,41.422,455,0
CSB.US,D,20180521,000000,41.699,41.794,41.68,41.699,7659,0
CSB.US,D,20180522,000000,41.862,41.902,41.633,41.633,4614,0
CSB.US,D,20180523,000000,41.548,41.586,41.499,41.577,3340,0
CSB.US,D,20180524,000000,41.761,41.761,41.761,41.761,1149,0
CSB.US,D,20180525,000000,41.752,41.826,41.752,41.826,523,0
CSB.US,D,20180529,000000,41.567,41.836,41.567,41.625,1184,0
CSB.US,D,20180530,000000,42.267,42.428,42.267,42.329,791,0
CSB.US,D,20180531,000000,42.228,42.228,41.833,41.833,3135,0
CSB.US,D,20180601,000000,42.052,42.052,41.752,41.893,8764,0
CSB.US,D,20180604,000000,42.172,42.286,42.172,42.286,1072,0
CSB.US,D,20180605,000000,42.339,42.467,42.339,42.448,2527,0
CSB.US,D,20180606,000000,42.559,42.683,42.559,42.683,1359,0
CSB.US,D,20180607,000000,42.748,42.849,42.748,42.849,2193,0
CSB.US,D,20180608,000000,42.853,42.853,42.853,42.853,382,0
CSB.US,D,20180611,000000,42.805,42.805,42.805,42.805,487,0
CSB.US,D,20180612,000000,43.025,43.025,42.865,42.895,2082,0
CSB.US,D,20180613,000000,42.846,42.846,42.722,42.795,1579,0
CSB.US,D,20180614,000000,42.754,42.754,42.754,42.754,141,0
CSB.US,D,20180615,000000,42.828,43.252,42.818,43.171,3170,0
CSB.US,D,20180618,000000,43.344,43.487,43.13,43.487,3972,0
CSB.US,D,20180619,000000,43.419,43.768,43.325,43.719,3735,0
CSB.US,D,20180620,000000,43.722,43.999,43.722,43.904,3202,0
CSB.US,D,20180621,000000,43.524,43.768,43.524,43.524,3908,0
CSB.US,D,20180622,000000,43.771,43.771,43.771,43.771,1533,0
CSB.US,D,20180625,000000,43.47,43.47,43.438,43.438,541,0
CSB.US,D,20180626,000000,43.451,43.709,43.451,43.709,1206,0
CSB.US,D,20180627,000000,43.495,43.495,43.139,43.139,2345,0
CSB.US,D,20180628,000000,42.805,43.065,42.805,43.065,2282,0
CSB.US,D,20180629,000000,43.196,43.196,42.944,42.953,1579,0
CSB.US,D,20180702,000000,42.691,43.261,42.466,43.261,9005,0
CSB.US,D,20180703,000000,43.544,43.55,43.489,43.489,2979,0
CSB.US,D,20180705,000000,43.478,43.839,43.43,43.839,4240,0
CSB.US,D,20180706,000000,44.13,44.195,44.13,44.13,4619,0
CSB.US,D,20180709,000000,44.167,44.283,44.092,44.092,1753,0
CSB.US,D,20180710,000000,44.162,44.162,43.863,43.863,1943,0
CSB.US,D,20180712,000000,43.729,43.729,43.54,43.66,542,0
CSB.US,D,20180713,000000,43.789,43.789,43.669,43.739,2813,0
CSB.US,D,20180716,000000,43.498,43.502,43.362,43.468,7740,0
CSB.US,D,20180717,000000,43.589,43.624,43.502,43.502,2721,0
CSB.US,D,20180718,000000,43.458,43.634,43.448,43.634,7261,0
CSB.US,D,20180719,000000,44.075,44.075,44.038,44.038,1917,0
CSB.US,D,20180720,000000,44.038,44.245,44.038,44.075,3089,0
CSB.US,D,20180723,000000,43.934,44.161,43.934,44.048,4451,0
CSB.US,D,20180724,000000,43.886,43.977,43.749,43.943,6995,0
CSB.US,D,20180725,000000,43.973,43.973,43.672,43.805,6744,0
CSB.US,D,20180726,000000,43.973,44.236,43.973,44.048,11668,0
CSB.US,D,20180727,000000,43.644,43.708,43.616,43.618,4379,0
CSB.US,D,20180730,000000,43.58,43.58,43.58,43.58,1358,0
CSB.US,D,20180731,000000,43.795,44.048,43.704,44.048,1467,0
CSB.US,D,20180801,000000,44.048,44.048,43.607,43.69,5559,0
CSB.US,D,20180802,000000,43.616,44.138,43.616,44.094,2627,0
CSB.US,D,20180803,000000,44.11,44.255,44.11,44.255,1310,0
CSB.US,D,20180806,000000,44.357,44.362,44.357,44.362,501,0
CSB.US,D,20180807,000000,44.366,44.393,44.366,44.393,611,0
CSB.US,D,20180808,000000,44.438,44.505,44.438,44.505,1404,0
CSB.US,D,20180809,000000,44.685,44.685,44.557,44.562,907,0
CSB.US,D,20180810,000000,44.451,44.637,44.339,44.46,9031,0
CSB.US,D,20180813,000000,44.495,44.495,44.166,44.319,3699,0
CSB.US,D,20180814,000000,44.853,44.853,44.853,44.853,365,0
CSB.US,D,20180815,000000,44.899,44.899,44.33,44.501,3973,0
CSB.US,D,20180816,000000,44.666,44.986,44.666,44.823,3891,0
CSB.US,D,20180817,000000,44.918,45.02,44.808,44.982,5164,0
CSB.US,D,20180820,000000,45.154,45.246,45.107,45.125,27702,0
CSB.US,D,20180821,000000,45.521,45.745,45.516,45.619,4890,0
CSB.US,D,20180822,000000,45.629,45.629,45.424,45.424,3757,0
CSB.US,D,20180823,000000,45.471,45.471,45.248,45.345,1863,0
CSB.US,D,20180824,000000,45.461,45.461,45.283,45.414,17113,0
CSB.US,D,20180827,000000,45.639,45.639,45.319,45.377,3151,0
CSB.US,D,20180828,000000,45.342,45.342,44.992,45.086,8822,0
CSB.US,D,20180829,000000,45.309,45.309,44.926,45.194,4273,0
CSB.US,D,20180830,000000,45.068,45.299,44.918,45.159,6631,0
CSB.US,D,20180831,000000,45.135,45.349,45.135,45.349,2544,0
CSB.US,D,20180904,000000,45.309,45.309,45.03,45.18,4276,0
CSB.US,D,20180905,000000,45.238,45.414,45.172,45.414,4675,0
CSB.US,D,20180906,000000,45.547,45.547,45.372,45.41,6697,0
CSB.US,D,20180907,000000,45.319,45.423,45.275,45.358,4011,0
CSB.US,D,20180910,000000,45.657,45.657,45.367,45.387,2944,0
CSB.US,D,20180911,000000,45.299,45.339,45.096,45.181,4455,0
CSB.US,D,20180912,000000,44.973,45.199,44.945,45.125,6814,0
CSB.US,D,20180913,000000,45.368,45.368,45.03,45.146,3133,0
CSB.US,D,20180914,000000,45.329,45.596,45.164,45.596,2638,0
CSB.US,D,20180917,000000,45.555,45.555,45.16,45.194,2491,0
CSB.US,D,20180918,000000,45.283,45.283,45.106,45.106,5245,0
CSB.US,D,20180919,000000,45.154,45.172,44.713,44.725,5246,0
CSB.US,D,20180920,000000,45.02,45.071,44.791,45.071,1800,0
CSB.US,D,20180921,000000,45.377,45.377,45.072,45.072,3626,0
CSB.US,D,20180924,000000,44.787,44.787,44.532,44.646,2916,0
CSB.US,D,20180925,000000,44.713,44.75,44.711,44.75,1900,0
CSB.US,D,20180926,000000,44.6,44.696,44.512,44.512,4221,0
CSB.US,D,20180927,000000,44.319,44.41,44.163,44.163,4844,0
CSB.US,D,20180928,000000,44.296,44.296,44.218,44.244,2421,0
CSB.US,D,20181001,000000,44.542,44.542,43.62,43.657,6574,0
CSB.US,D,20181002,000000,43.586,43.614,43.443,43.443,5160,0
CSB.US,D,20181003,000000,43.697,43.857,43.536,43.746,3484,0
CSB.US,D,20181004,000000,43.737,43.737,43.398,43.429,5720,0
CSB.US,D,20181005,000000,43.238,43.248,43.173,43.248,1292,0
CSB.US,D,20181008,000000,43.248,43.55,43.242,43.55,3269,0
CSB.US,D,20181009,000000,43.641,43.641,43.355,43.445,6218,0
CSB.US,D,20181010,000000,43.379,43.379,43.049,43.049,6228,0
CSB.US,D,20181011,000000,42.505,42.505,41.59,41.59,5898,0
CSB.US,D,20181012,000000,42.058,42.058,40.85,40.85,2196,0
CSB.US,D,20181015,000000,41.425,41.675,41.105,41.675,7544,0
CSB.US,D,20181016,000000,41.71,42.247,41.71,42.247,3674,0
CSB.US,D,20181017,000000,41.811,42.203,41.691,42.104,5291,0
CSB.US,D,20181018,000000,42.084,42.084,41.437,41.452,2584,0
CSB.US,D,20181019,000000,41.567,41.567,41.124,41.155,4202,0
CSB.US,D,20181022,000000,41.682,41.712,41.511,41.635,7587,0
CSB.US,D,20181023,000000,41.097,41.36,41.013,41.293,2875,0
CSB.US,D,20181024,000000,41.228,41.293,40.383,40.383,7664,0
CSB.US,D,20181025,000000,40.335,40.852,40.335,40.692,5455,0
CSB.US,D,20181026,000000,40.533,40.657,40.216,40.396,2727,0
CSB.US,D,20181029,000000,40.798,41.032,40.402,40.402,1561,0
CSB.US,D,20181030,000000,40.572,41.188,40.533,41.188,17176,0
CSB.US,D,20181031,000000,41.691,41.691,41.144,41.144,6436,0
CSB.US,D,20181101,000000,41.296,41.501,41.247,41.501,6243,0
CSB.US,D,20181102,000000,41.717,41.877,41.36,41.664,12796,0
CSB.US,D,20181105,000000,41.944,41.982,41.701,41.865,4726,0
CSB.US,D,20181106,000000,42.228,42.365,42.13,42.275,8076,0
CSB.US,D,20181107,000000,42.629,42.795,42.188,42.795,7608,0
CSB.US,D,20181108,000000,42.82,42.985,42.642,42.752,29782,0
CSB.US,D,20181109,000000,43.012,43.012,42.12,42.365,9474,0
CSB.US,D,20181112,000000,42.365,42.365,41.956,41.956,5347,0
CSB.US,D,20181113,000000,42.188,42.429,42.019,42.019,10687,0
CSB.US,D,20181114,000000,42.001,42.104,41.701,41.783,17402,0
CSB.US,D,20181115,000000,41.673,42.14,41.423,42.14,6428,0
CSB.US,D,20181116,000000,42.094,42.285,41.857,42.285,8437,0
CSB.US,D,20181119,000000,42.275,42.393,41.774,41.945,12881,0
CSB.US,D,20181120,000000,41.663,41.663,41.267,41.267,5012,0
CSB.US,D,20181121,000000,41.436,41.798,41.436,41.644,3156,0
CSB.US,D,20181123,000000,41.096,41.915,41.096,41.869,1002,0
CSB.US,D,20181126,000000,42.018,42.088,41.764,41.811,24579,0
CSB.US,D,20181127,000000,41.717,41.813,41.467,41.505,5437,0
CSB.US,D,20181128,000000,41.48,42.19,41.455,42.13,8218,0
CSB.US,D,20181129,000000,42.019,42.143,42.006,42.143,4039,0
CSB.US,D,20181130,000000,41.943,42.274,41.821,42.274,6322,0
CSB.US,D,20181203,000000,42.64,42.64,42.064,42.348,7540,0
CSB.US,D,20181204,000000,42.447,42.447,40.623,40.624,2792,0
CSB.US,D,20181206,000000,40.381,40.555,39.88,40.547,9292,0
CSB.US,D,20181207,000000,40.778,40.778,40.097,40.202,6674,0
CSB.US,D,20181210,000000,40.371,40.371,39.891,40.115,6485,0
CSB.US,D,20181211,000000,40.474,40.575,39.708,40.161,3721,0
CSB.US,D,20181212,000000,40.265,40.652,40.265,40.441,64069,0
CSB.US,D,20181213,000000,40.504,40.504,39.983,39.983,2075,0
CSB.US,D,20181214,000000,39.493,39.928,39.285,39.285,13805,0
CSB.US,D,20181217,000000,39.428,39.685,38.883,38.883,17710,0
CSB.US,D,20181218,000000,39.132,39.363,38.778,38.778,33673,0
CSB.US,D,20181219,000000,38.731,39.264,38.731,39.194,7552,0
CSB.US,D,20181220,000000,38.199,38.351,37.707,37.962,12938,0
CSB.US,D,20181221,000000,37.895,38.342,37.265,37.433,40494,0
CSB.US,D,20181224,000000,37.306,37.306,36.767,36.815,5378,0
CSB.US,D,20181226,000000,36.663,37.499,36.348,37.499,14445,0
CSB.US,D,20181227,000000,37.433,37.433,36.699,37.353,9857,0
CSB.US,D,20181228,000000,37.866,38.433,37.659,38.18,7709,0
CSB.US,D,20181231,000000,38.17,38.17,37.594,38.115,38018,0
CSB.US,D,20190102,000000,37.828,38.305,37.737,38.305,21271,0
CSB.US,D,20190103,000000,38.143,38.143,37.737,37.943,121153,0
CSB.US,D,20190104,000000,38.332,39.129,38.332,39.102,10590,0
CSB.US,D,20190107,000000,39.028,39.489,38.884,39.284,20520,0
CSB.US,D,20190108,000000,39.479,39.859,39.442,39.859,8480,0
CSB.US,D,20190109,000000,40.089,40.214,39.899,40.056,9541,0
CSB.US,D,20190110,000000,40.014,40.261,39.815,40.261,5901,0
CSB.US,D,20190111,000000,40.241,40.317,40.079,40.268,8811,0
CSB.US,D,20190114,000000,40.021,40.269,39.99,40.06,8544,0
CSB.US,D,20190115,000000,40.136,40.136,39.859,40.06,7354,0
CSB.US,D,20190116,000000,40.555,40.586,40.499,40.499,5910,0
CSB.US,D,20190117,000000,40.6,40.975,40.6,40.966,9905,0
CSB.US,D,20190118,000000,41.066,41.381,41.066,41.265,59703,0
CSB.US,D,20190122,000000,40.945,40.945,40.575,40.782,18641,0
CSB.US,D,20190123,000000,40.989,40.989,40.449,40.706,112927,0
CSB.US,D,20190124,000000,40.829,40.829,40.631,40.787,6229,0
CSB.US,D,20190125,000000,40.916,41.16,40.916,41.001,11126,0
CSB.US,D,20190128,000000,40.754,40.877,40.527,40.877,18405,0
CSB.US,D,20190129,000000,40.706,40.849,40.674,40.763,11121,0
CSB.US,D,20190130,000000,40.745,40.906,40.42,40.736,12548,0
CSB.US,D,20190131,000000,40.867,41.316,40.867,41.312,8777,0
CSB.US,D,20190201,000000,41.41,41.41,40.812,40.947,5376,0
CSB.US,D,20190204,000000,41.106,41.39,41.106,41.39,4715,0
CSB.US,D,20190205,000000,41.677,41.686,41.38,41.649,9996,0
CSB.US,D,20190206,000000,41.551,41.613,41.483,41.545,3530,0
CSB.US,D,20190207,000000,41.458,41.472,41.313,41.452,5903,0
CSB.US,D,20190208,000000,41.4,41.488,41.257,41.488,24451,0
CSB.US,D,20190211,000000,41.551,41.741,41.551,41.741,4039,0
CSB.US,D,20190212,000000,42.17,42.276,42.026,42.228,36828,0
CSB.US,D,20190213,000000,42.304,42.304,42.15,42.304,4555,0
CSB.US,D,20190214,000000,42.132,42.386,42.132,42.386,3233,0
CSB.US,D,20190215,000000,42.322,42.993,42.322,42.768,7338,0
CSB.US,D,20190219,000000,42.749,43.118,42.749,43.091,8266,0
CSB.US,D,20190220,000000,43.041,43.336,42.999,43.262,3692,0
CSB.US,D,20190221,000000,43.188,43.188,42.989,43.012,2250,0
CSB.US,D,20190222,000000,43.253,43.405,43.188,43.318,9399,0
CSB.US,D,20190225,000000,43.464,43.521,43.262,43.262,4824,0
CSB.US,D,20190226,000000,43.136,43.136,42.879,42.9,3344,0
CSB.US,D,20190227,000000,42.645,43.007,42.645,42.985,2096,0
CSB.US,D,20190228,000000,42.948,43.089,42.948,42.993,1492,0
CSB.US,D,20190301,000000,43.111,43.13,42.827,43.13,4935,0
CSB.US,D,20190304,000000,43.28,43.28,42.9,42.996,6425,0
CSB.US,D,20190305,000000,42.91,43.05,42.902,42.926,1960,0
CSB.US,D,20190306,000000,42.817,42.817,42.198,42.198,31439,0
CSB.US,D,20190307,000000,42.218,42.218,41.853,41.853,4907,0
CSB.US,D,20190308,000000,41.73,41.891,41.693,41.863,9468,0
CSB.US,D,20190311,000000,41.853,42.406,41.853,42.387,13038,0
CSB.US,D,20190312,000000,42.423,42.442,42.3,42.316,5846,0
CSB.US,D,20190313,000000,42.423,42.512,42.349,42.423,2873,0
CSB.US,D,20190314,000000,42.443,42.443,42.064,42.064,4229,0
CSB.US,D,20190315,000000,42.218,42.473,42.073,42.073,18204,0
CSB.US,D,20190318,000000,42.376,42.376,42.207,42.369,70695,0
CSB.US,D,20190319,000000,42.551,42.551,41.987,41.987,6138,0
CSB.US,D,20190320,000000,41.93,41.957,41.376,41.376,15572,0
CSB.US,D,20190321,000000,41.538,42.093,41.518,41.92,4798,0
CSB.US,D,20190322,000000,41.415,41.415,40.575,40.729,3088,0
CSB.US,D,20190325,000000,40.87,40.87,40.87,40.87,276,0
CSB.US,D,20190326,000000,41.265,41.489,41.143,41.366,2913,0
CSB.US,D,20190327,000000,41.518,41.816,41.399,41.693,7443,0
CSB.US,D,20190328,000000,41.567,41.779,41.567,41.779,6728,0
CSB.US,D,20190329,000000,42.055,42.055,41.697,41.843,2468,0
CSB.US,D,20190401,000000,42.17,42.443,42.086,42.433,4438,0
CSB.US,D,20190402,000000,42.433,42.433,41.957,41.957,7460,0
CSB.US,D,20190403,000000,42.304,42.304,41.997,42.113,4723,0
CSB.US,D,20190404,000000,42.318,42.433,42.318,42.371,4181,0
CSB.US,D,20190405,000000,42.819,42.877,42.789,42.789,2146,0
CSB.US,D,20190408,000000,42.712,42.882,42.712,42.795,1747,0
CSB.US,D,20190409,000000,42.858,42.858,42.218,42.218,11113,0
CSB.US,D,20190410,000000,42.423,42.886,42.416,42.858,6953,0
CSB.US,D,20190411,000000,42.809,43.044,42.809,42.896,8701,0
CSB.US,D,20190412,000000,43.227,43.227,42.978,43.199,8086,0
CSB.US,D,20190415,000000,43.361,43.361,43.027,43.054,4419,0
CSB.US,D,20190416,000000,43.151,43.313,43.015,43.294,7913,0
CSB.US,D,20190417,000000,43.313,43.313,43.211,43.309,5728,0
CSB.US,D,20190418,000000,43.218,43.357,43.064,43.064,13461,0
CSB.US,D,20190422,000000,43.114,43.114,42.605,42.625,8690,0
CSB.US,D,20190423,000000,42.828,43.371,42.797,43.275,6830,0
CSB.US,D,20190424,000000,43.238,43.371,43.208,43.371,1690,0
CSB.US,D,20190425,000000,43.258,43.258,42.788,42.912,7245,0
CSB.US,D,20190426,000000,43.123,43.223,43.015,43.218,5292,0
CSB.US,D,20190429,000000,43.611,43.611,43.527,43.527,591,0
CSB.US,D,20190430,000000,43.656,43.656,43.234,43.41,5233,0
CSB.US,D,20190501,000000,43.343,43.343,42.978,42.987,7709,0
CSB.US,D,20190502,000000,42.829,43.171,42.738,42.925,12802,0
CSB.US,D,20190503,000000,43.238,43.755,43.238,43.755,7707,0
CSB.US,D,20190506,000000,43.362,43.706,43.323,43.686,6920,0
CSB.US,D,20190507,000000,43.564,43.656,42.847,42.987,5528,0
CSB.US,D,20190508,000000,43.094,43.094,42.635,42.74,7907,0
CSB.US,D,20190509,000000,42.29,42.71,42.137,42.71,6145,0
CSB.US,D,20190510,000000,42.53,42.831,42.225,42.831,4571,0
CSB.US,D,20190513,000000,42.451,42.451,41.636,41.744,4626,0
CSB.US,D,20190514,000000,41.63,42.251,41.63,42.09,13884,0
CSB.US,D,20190515,000000,42.042,42.23,41.935,42.177,4668,0
CSB.US,D,20190516,000000,42.375,42.611,42.273,42.273,6136,0
CSB.US,D,20190517,000000,42.442,42.442,42.026,42.026,46064,0
CSB.US,D,20190520,000000,41.856,41.913,41.707,41.797,1310,0
CSB.US,D,20190521,000000,42.215,42.253,42.157,42.253,2094,0
CSB.US,D,20190522,000000,42.225,42.225,41.753,41.753,9634,0
CSB.US,D,20190523,000000,41.369,41.369,40.92,41.218,15148,0
CSB.US,D,20190524,000000,41.36,41.36,41.11,41.359,2645,0
CSB.US,D,20190528,000000,41.493,41.493,40.89,40.89,6607,0
CSB.US,D,20190529,000000,40.755,40.757,40.536,40.579,4669,0
CSB.US,D,20190530,000000,40.698,40.93,40.449,40.483,1926,0
CSB.US,D,20190531,000000,39.978,40.123,39.884,40.006,12515,0
CSB.US,D,20190603,000000,40.055,40.4,40.055,40.225,15257,0
CSB.US,D,20190604,000000,40.747,41.177,40.747,41.076,3396,0
CSB.US,D,20190605,000000,41.418,41.418,40.858,41.102,2725,0
CSB.US,D,20190606,000000,41.35,41.35,40.832,41.072,10602,0
CSB.US,D,20190607,000000,41.331,41.54,41.28,41.437,6042,0
CSB.US,D,20190610,000000,41.571,41.733,41.345,41.345,4945,0
CSB.US,D,20190611,000000,41.869,41.869,41.409,41.6,10446,0
CSB.US,D,20190612,000000,41.473,41.636,41.386,41.562,7141,0
CSB.US,D,20190613,000000,41.649,41.907,41.649,41.689,6371,0
CSB.US,D,20190614,000000,42.331,42.331,41.581,41.6,4932,0
CSB.US,D,20190617,000000,41.619,41.619,41.484,41.484,2260,0
CSB.US,D,20190618,000000,41.59,42.159,41.59,41.855,5725,0
CSB.US,D,20190619,000000,41.944,41.944,41.71,41.907,7222,0
CSB.US,D,20190620,000000,42.011,42.072,41.898,42.037,3581,0
CSB.US,D,20190621,000000,41.812,41.974,41.749,41.749,5764,0
CSB.US,D,20190624,000000,41.86,41.86,41.368,41.368,7922,0
CSB.US,D,20190625,000000,41.457,41.542,41.278,41.388,19709,0
CSB.US,D,20190626,000000,41.522,41.619,41.434,41.457,6265,0
CSB.US,D,20190627,000000,41.686,42.121,41.686,42.121,3992,0
CSB.US,D,20190628,000000,42.159,42.715,42.128,42.62,6146,0
CSB.US,D,20190701,000000,43.148,43.148,42.39,42.39,4282,0
CSB.US,D,20190702,000000,42.398,42.562,42.227,42.284,5056,0
CSB.US,D,20190703,000000,42.477,42.65,42.435,42.65,1965,0
CSB.US,D,20190705,000000,42.584,42.716,42.388,42.716,2575,0
CSB.US,D,20190708,000000,42.687,42.705,42.462,42.47,10125,0
CSB.US,D,20190709,000000,42.355,42.355,42.149,42.249,2573,0
CSB.US,D,20190710,000000,42.581,42.581,42.294,42.369,4930,0
CSB.US,D,20190711,000000,42.322,42.417,42.044,42.217,6728,0
CSB.US,D,20190712,000000,42.484,42.833,42.479,42.833,15250,0
CSB.US,D,20190715,000000,42.852,42.852,42.338,42.473,5175,0
CSB.US,D,20190716,000000,42.6,42.835,42.6,42.765,2747,0
CSB.US,D,20190717,000000,43.41,43.41,42.237,42.397,4214,0
CSB.US,D,20190718,000000,42.293,42.569,42.216,42.533,363130,0
CSB.US,D,20190719,000000,42.645,42.725,42.444,42.454,12473,0
CSB.US,D,20190722,000000,42.418,42.418,42.08,42.091,5375,0
CSB.US,D,20190723,000000,42.209,42.284,42.167,42.268,3493,0
CSB.US,D,20190724,000000,42.357,42.947,42.357,42.937,4704,0
CSB.US,D,20190725,000000,42.927,42.961,42.513,42.611,40924,0
CSB.US,D,20190726,000000,42.687,43.105,42.687,43.095,1403,0
CSB.US,D,20190729,000000,42.985,43.007,42.984,42.984,618,0
CSB.US,D,20190730,000000,42.735,43.22,42.603,43.22,27031,0
CSB.US,D,20190731,000000,43.333,43.536,42.967,43.261,9289,0
CSB.US,D,20190801,000000,43.082,43.082,42.215,42.274,2171,0
CSB.US,D,20190802,000000,41.764,41.906,41.6,41.838,17457,0
CSB.US,D,20190805,000000,41.345,41.345,40.335,40.729,11123,0
CSB.US,D,20190806,000000,40.684,40.985,40.517,40.968,22065,0
CSB.US,D,20190807,000000,40.826,41.055,40.443,41.055,10811,0
CSB.US,D,20190808,000000,41.075,41.636,41.075,41.631,4414,0
CSB.US,D,20190809,000000,41.316,41.316,41.095,41.25,3839,0
CSB.US,D,20190812,000000,40.771,40.853,40.69,40.69,11329,0
CSB.US,D,20190813,000000,40.709,41.568,40.709,41.037,11734,0
CSB.US,D,20190814,000000,40.427,40.427,40.046,40.136,17488,0
CSB.US,D,20190815,000000,40.142,40.163,39.818,39.886,49909,0
CSB.US,D,20190816,000000,40.308,40.776,40.308,40.747,28483,0
CSB.US,D,20190819,000000,41.259,41.298,41.185,41.249,5266,0
CSB.US,D,20190820,000000,41.202,41.202,40.913,40.913,4764,0
CSB.US,D,20190821,000000,41.028,41.109,40.994,41.036,5367,0
CSB.US,D,20190822,000000,41.085,41.327,40.954,41.222,6328,0
CSB.US,D,20190823,000000,40.973,40.99,40.022,40.022,3530,0
CSB.US,D,20190826,000000,40.322,40.322,40.06,40.25,8859,0
CSB.US,D,20190827,000000,40.507,40.507,39.79,39.8,4224,0
CSB.US,D,20190828,000000,39.713,40.45,39.694,40.389,2262,0
CSB.US,D,20190829,000000,40.631,41.036,40.631,41.033,3802,0
CSB.US,D,20190830,000000,41.346,41.346,40.796,40.953,10438,0
CSB.US,D,20190903,000000,40.312,40.574,40.312,40.574,19912,0
CSB.US,D,20190904,000000,40.718,40.888,40.718,40.888,12597,0
CSB.US,D,20190905,000000,42.029,42.029,41.647,41.811,6540,0
CSB.US,D,20190906,000000,41.859,41.859,41.559,41.569,18715,0
CSB.US,D,20190909,000000,41.878,42.207,41.878,42.207,726,0
CSB.US,D,20190910,000000,42.247,42.99,42.247,42.938,4898,0
CSB.US,D,20190911,000000,43.186,43.845,43.186,43.845,7922,0
CSB.US,D,20190912,000000,44.156,44.156,43.633,44.012,18695,0
CSB.US,D,20190913,000000,44.292,44.372,44.1,44.178,3054,0
CSB.US,D,20190916,000000,44.137,44.249,44.06,44.107,5400,0
CSB.US,D,20190917,000000,44.069,44.069,43.679,43.828,2379,0
CSB.US,D,20190918,000000,43.828,43.828,43.498,43.498,1715,0
CSB.US,D,20190919,000000,43.565,43.83,43.565,43.817,774,0
CSB.US,D,20190920,000000,43.458,43.564,43.046,43.272,3713,0
CSB.US,D,20190923,000000,43.36,43.458,43.36,43.458,987,0
CSB.US,D,20190924,000000,43.067,43.079,42.608,42.769,4183,0
CSB.US,D,20190925,000000,42.488,43.361,42.488,43.301,29134,0
CSB.US,D,20190926,000000,43.186,43.186,42.74,42.833,7242,0
CSB.US,D,20190927,000000,43.24,43.24,42.828,42.828,9413,0
CSB.US,D,20190930,000000,43.127,43.224,42.945,43.082,5000,0
CSB.US,D,20191001,000000,43.35,43.35,42.092,42.151,4430,0
CSB.US,D,20191002,000000,41.973,41.973,41.333,41.645,2479,0
CSB.US,D,20191003,000000,41.615,41.615,41.334,41.548,9265,0
CSB.US,D,20191004,000000,41.371,41.538,41.371,41.538,2605,0
CSB.US,D,20191007,000000,41.74,41.953,41.635,41.711,9140,0
CSB.US,D,20191008,000000,40.997,41.257,40.979,41.025,62824,0
CSB.US,D,20191009,000000,41.324,41.324,40.966,41.101,7634,0
CSB.US,D,20191010,000000,41.353,41.488,41.247,41.411,7054,0
CSB.US,D,20191011,000000,41.74,42.644,41.74,42.388,4798,0
CSB.US,D,20191014,000000,41.839,42.003,41.839,41.931,2872,0
CSB.US,D,20191015,000000,42.448,42.611,42.448,42.489,3703,0
CSB.US,D,20191016,000000,42.643,42.643,42.643,42.643,297,0
CSB.US,D,20191017,000000,42.712,42.905,42.712,42.888,2557,0
CSB.US,D,20191018,000000,42.879,42.958,42.82,42.82,1810,0
CSB.US,D,20191021,000000,43.528,43.528,43.405,43.405,1299,0
CSB.US,D,20191022,000000,43.529,43.952,43.529,43.748,6183,0
CSB.US,D,20191023,000000,43.898,43.898,43.868,43.868,742,0
CSB.US,D,20191024,000000,43.743,43.833,43.616,43.783,4927,0
CSB.US,D,20191025,000000,43.714,44.337,43.714,44.313,2557,0
CSB.US,D,20191028,000000,44.527,44.698,44.511,44.638,9839,0
CSB.US,D,20191029,000000,44.618,44.901,44.57,44.901,2053,0
CSB.US,D,20191030,000000,44.344,44.668,44.327,44.668,8564,0
CSB.US,D,20191031,000000,44.482,44.482,43.601,43.91,4543,0
CSB.US,D,20191101,000000,44.391,44.745,44.391,44.684,7108,0
CSB.US,D,20191104,000000,45.215,45.444,45.201,45.444,5279,0
CSB.US,D,20191105,000000,45.649,45.828,45.596,45.687,24522,0
CSB.US,D,20191106,000000,45.793,45.793,45.438,45.608,3933,0
CSB.US,D,20191107,000000,45.863,45.985,45.57,45.677,5456,0
CSB.US,D,20191108,000000,45.542,45.566,45.351,45.533,8968,0
CSB.US,D,20191111,000000,45.27,45.356,45.169,45.351,24438,0
CSB.US,D,20191112,000000,45.552,45.552,45.23,45.23,4003,0
CSB.US,D,20191113,000000,45.065,45.065,44.715,44.88,1588,0
CSB.US,D,20191114,000000,44.958,44.958,44.687,44.777,5116,0
CSB.US,D,20191115,000000,45.026,45.026,44.84,44.92,8302,0
CSB.US,D,20191118,000000,44.548,44.811,44.481,44.782,14342,0
CSB.US,D,20191119,000000,44.89,44.948,44.734,44.782,8286,0
CSB.US,D,20191120,000000,44.715,44.82,44.293,44.52,5250,0
CSB.US,D,20191121,000000,44.209,44.53,44.209,44.53,8287,0
CSB.US,D,20191122,000000,44.515,44.715,44.515,44.685,4369,0
CSB.US,D,20191125,000000,44.85,45.47,44.85,45.47,8252,0
CSB.US,D,20191126,000000,45.444,45.469,45.167,45.18,13062,0
CSB.US,D,20191127,000000,45.58,45.589,45.47,45.589,7086,0
CSB.US,D,20191129,000000,45.41,45.41,45.134,45.134,1178,0
CSB.US,D,20191202,000000,45.277,45.312,44.91,44.91,3963,0
CSB.US,D,20191203,000000,44.424,44.801,44.279,44.801,19613,0
CSB.US,D,20191204,000000,44.988,45.18,44.988,44.998,5630,0
CSB.US,D,20191205,000000,45.007,45.211,44.982,45.136,12702,0
CSB.US,D,20191206,000000,45.971,45.981,45.728,45.73,8067,0
CSB.US,D,20191209,000000,45.737,45.737,45.549,45.584,4322,0
CSB.US,D,20191210,000000,45.562,45.773,45.436,45.564,5042,0
CSB.US,D,20191211,000000,45.718,45.737,45.29,45.718,10581,0
CSB.US,D,20191212,000000,45.862,46.301,45.862,46.192,6121,0
CSB.US,D,20191213,000000,46.332,46.332,45.556,45.689,24781,0
CSB.US,D,20191216,000000,46.097,46.21,45.925,45.925,2277,0
CSB.US,D,20191217,000000,45.922,46.204,45.922,46.204,2231,0
CSB.US,D,20191218,000000,46.493,46.503,46.269,46.442,7618,0
CSB.US,D,20191219,000000,46.43,46.513,46.352,46.473,3402,0
CSB.US,D,20191220,000000,46.603,46.804,46.544,46.563,5646,0
CSB.US,D,20191223,000000,46.72,46.72,46.304,46.47,3438,0
CSB.US,D,20191224,000000,46.513,46.519,46.447,46.479,2034,0
CSB.US,D,20191226,000000,46.507,46.507,46.37,46.426,2789,0
CSB.US,D,20191227,000000,46.503,46.503,46.19,46.19,12096,0
CSB.US,D,20191230,000000,46.279,46.513,46.161,46.279,42451,0
CSB.US,D,20191231,000000,45.995,46.4,45.995,46.161,10561,0
CSB.US,D,20200102,000000,46.553,46.553,45.966,46.147,2775,0
CSB.US,D,20200103,000000,45.858,46.053,45.858,46.005,4028,0
CSB.US,D,20200106,000000,46.132,46.132,45.778,46.043,17263,0
CSB.US,D,20200107,000000,45.794,45.977,45.739,45.785,4120,0
CSB.US,D,20200108,000000,46.043,46.043,45.857,45.857,1380,0
CSB.US,D,20200109,000000,45.852,45.941,45.739,45.739,2388,0
CSB.US,D,20200110,000000,45.857,45.857,45.425,45.481,4154,0
CSB.US,D,20200113,000000,45.59,45.915,45.59,45.915,6020,0
CSB.US,D,20200114,000000,45.936,46.167,45.761,46.013,2447,0
CSB.US,D,20200115,000000,45.875,46.113,45.875,46.022,1941,0
CSB.US,D,20200116,000000,46.601,46.726,46.508,46.659,7426,0
CSB.US,D,20200117,000000,46.623,46.623,46.368,46.452,4621,0
CSB.US,D,20200121,000000,46.349,46.349,45.629,45.629,13485,0
CSB.US,D,20200122,000000,45.956,45.956,45.64,45.653,1657,0
CSB.US,D,20200123,000000,45.63,45.788,45.277,45.694,3974,0
CSB.US,D,20200124,000000,45.847,45.847,44.855,45.142,16353,0
CSB.US,D,20200127,000000,44.915,44.915,44.601,44.767,6101,0
CSB.US,D,20200128,000000,44.69,45.072,44.69,44.743,2763,0
CSB.US,D,20200129,000000,45.004,45.004,44.464,44.551,4082,0
CSB.US,D,20200130,000000,44.365,44.419,44.052,44.415,6146,0
CSB.US,D,20200131,000000,44.405,44.405,43.304,43.39,4867,0
CSB.US,D,20200203,000000,43.462,43.599,43.225,43.55,19719,0
CSB.US,D,20200204,000000,44.071,44.198,44,44,8511,0
CSB.US,D,20200205,000000,44.528,45.081,44.528,44.946,7743,0
CSB.US,D,20200206,000000,44.964,44.964,44.8,44.8,3856,0
CSB.US,D,20200207,000000,44.67,44.67,44.1,44.139,3081,0
CSB.US,D,20200210,000000,44.13,44.307,44.046,44.168,9712,0
CSB.US,D,20200211,000000,44.522,44.761,44.395,44.42,37061,0
CSB.US,D,20200212,000000,44.967,44.967,44.695,44.875,8674,0
CSB.US,D,20200213,000000,44.546,44.791,44.546,44.717,12518,0
CSB.US,D,20200214,000000,44.685,44.743,44.349,44.39,14209,0
CSB.US,D,20200218,000000,44.203,44.332,44.069,44.172,4392,0
CSB.US,D,20200219,000000,44.295,44.39,44.276,44.282,5648,0
CSB.US,D,20200220,000000,44.095,44.702,44.095,44.492,13621,0
CSB.US,D,20200221,000000,44.517,44.517,43.969,44.075,7008,0
CSB.US,D,20200224,000000,42.873,43.014,42.73,42.971,6424,0
CSB.US,D,20200225,000000,42.926,42.926,41.368,41.451,5652,0
CSB.US,D,20200226,000000,41.542,41.803,41.002,41.002,3957,0
CSB.US,D,20200227,000000,40.796,41.02,39.792,39.792,34749,0
CSB.US,D,20200228,000000,38.508,39.273,38.508,39.007,28736,0
CSB.US,D,20200302,000000,39.06,39.956,38.823,39.956,79251,0
CSB.US,D,20200303,000000,40.217,40.335,39.017,39.088,32501,0
CSB.US,D,20200304,000000,39.567,40.063,39.148,40.063,19431,0
CSB.US,D,20200305,000000,39.236,39.236,38.272,38.272,3569,0
CSB.US,D,20200306,000000,37.409,38.135,37.203,38.135,11274,0
CSB.US,D,20200309,000000,34.413,37.301,34.002,34.291,41651,0
CSB.US,D,20200310,000000,34.562,35.052,33.659,34.811,11978,0
CSB.US,D,20200311,000000,34.1,34.1,32.42,32.764,6991,0
CSB.US,D,20200312,000000,35.386,35.386,29.278,29.289,52491,0
CSB.US,D,20200313,000000,30.543,33.58,29.406,31.508,14332,0
CSB.US,D,20200316,000000,28.935,30.046,28.277,28.287,13779,0
CSB.US,D,20200317,000000,28.983,30.212,27.934,30.132,197837,0
CSB.US,D,20200318,000000,28.749,29.533,27.059,27.476,25816,0
CSB.US,D,20200319,000000,27.55,29.288,26.696,28.959,12965,0
CSB.US,D,20200320,000000,28.641,28.86,27.499,27.511,10919,0
CSB.US,D,20200323,000000,27.53,27.9,26.313,26.884,13212,0
CSB.US,D,20200324,000000,28.836,29.142,28.239,29.142,25217,0
CSB.US,D,20200325,000000,29.208,30.207,28.641,29.296,28278,0
CSB.US,D,20200326,000000,29.456,31.086,29.456,30.959,17458,0
CSB.US,D,20200327,000000,29.996,30.566,29.494,29.783,112910,0
CSB.US,D,20200330,000000,29.78,30.627,29.553,30.627,11636,0
CSB.US,D,20200331,000000,30.663,30.81,30.182,30.737,22189,0
CSB.US,D,20200401,000000,29.398,29.869,28.881,28.915,18118,0
CSB.US,D,20200402,000000,28.68,30.006,28.582,29.485,42177,0
CSB.US,D,20200403,000000,29.181,29.382,27.903,28.433,54509,0
CSB.US,D,20200406,000000,28.993,30.398,28.993,30.162,46723,0
CSB.US,D,20200407,000000,30.912,31.861,30.222,30.494,18113,0
CSB.US,D,20200408,000000,30.735,31.789,30.459,31.468,27784,0
CSB.US,D,20200409,000000,32.175,33.308,32.175,33.184,22612,0
CSB.US,D,20200413,000000,33.132,33.132,31.899,32.199,18977,0
CSB.US,D,20200414,000000,32.638,33.162,32.205,32.365,20772,0
CSB.US,D,20200415,000000,31.08,31.08,30.574,30.675,11412,0
CSB.US,D,20200416,000000,30.655,30.655,29.699,30.347,50303,0
CSB.US,D,20200417,000000,31.011,31.829,31.011,31.609,21678,0
CSB.US,D,20200420,000000,30.912,31.632,30.764,31.151,28642,0
CSB.US,D,20200421,000000,30.548,30.892,30.182,30.715,7618,0
CSB.US,D,20200422,000000,31.129,31.188,30.744,30.886,47119,0
CSB.US,D,20200423,000000,31.071,31.789,31.041,31.17,9207,0
CSB.US,D,20200424,000000,31.494,31.701,30.932,31.366,11488,0
CSB.US,D,20200427,000000,31.789,33.157,31.789,33.046,6620,0
CSB.US,D,20200428,000000,33.812,34.105,33.457,33.885,17482,0
CSB.US,D,20200429,000000,34.669,36.09,34.669,35.793,21542,0
CSB.US,D,20200430,000000,35.36,35.36,34.246,34.246,8968,0
CSB.US,D,20200501,000000,33.418,33.536,32.675,32.941,8809,0
CSB.US,D,20200504,000000,32.264,32.569,32.264,32.569,2984,0
CSB.US,D,20200505,000000,33.062,33.635,32.668,32.733,9332,0
CSB.US,D,20200506,000000,32.845,33.142,32.155,32.201,10534,0
CSB.US,D,20200507,000000,32.796,32.805,32.39,32.41,11918,0
CSB.US,D,20200508,000000,33.229,34.074,33.229,34.074,13001,0
CSB.US,D,20200511,000000,34.088,34.088,33.112,33.491,14755,0
CSB.US,D,20200512,000000,33.551,33.551,32.052,32.052,11609,0
CSB.US,D,20200513,000000,31.562,31.562,30.331,30.793,22709,0
CSB.US,D,20200514,000000,30.054,30.862,29.274,30.862,24098,0
CSB.US,D,20200515,000000,30.675,31.161,30.625,31.105,12584,0
CSB.US,D,20200518,000000,32.344,33.531,32.344,33.415,8009,0
CSB.US,D,20200519,000000,33.398,33.398,32.554,32.554,6639,0
CSB.US,D,20200520,000000,33.157,33.546,33.157,33.351,11329,0
CSB.US,D,20200521,000000,33.457,33.683,33.259,33.571,4595,0
CSB.US,D,20200522,000000,33.703,33.703,33.132,33.536,6133,0
CSB.US,D,20200526,000000,34.858,35.405,34.858,35.14,9823,0
CSB.US,D,20200527,000000,36.189,37.077,35.553,36.969,11571,0
CSB.US,D,20200528,000000,37.56,37.56,35.853,35.853,55804,0
CSB.US,D,20200529,000000,35.411,35.411,34.851,35.205,12756,0
CSB.US,D,20200601,000000,35.144,35.776,35.134,35.379,10427,0
CSB.US,D,20200602,000000,35.696,36.016,35.577,35.771,7489,0
CSB.US,D,20200603,000000,36.761,37.491,36.761,37.16,6289,0
CSB.US,D,20200604,000000,36.9,37.73,36.712,37.636,10843,0
CSB.US,D,20200605,000000,39.287,40.208,39.287,39.621,13845,0
CSB.US,D,20200608,000000,40.174,40.661,40.174,40.661,12059,0
CSB.US,D,20200609,000000,39.641,39.867,39.217,39.55,10067,0
CSB.US,D,20200610,000000,39.238,39.238,37.66,37.73,9858,0
CSB.US,D,20200611,000000,36.297,36.297,34.572,34.68,9342,0
CSB.US,D,20200612,000000,36.287,36.287,34.985,35.591,6183,0
CSB.US,D,20200615,000000,34.335,36.159,34.335,36.071,6253,0
CSB.US,D,20200616,000000,36.994,37.442,36.944,37.004,2302,0
CSB.US,D,20200617,000000,36.496,36.513,36.032,36.032,18191,0
CSB.US,D,20200618,000000,35.952,36.533,35.952,36.233,4422,0
CSB.US,D,20200619,000000,36.228,36.307,35.455,35.661,8825,0
CSB.US,D,20200622,000000,35.607,35.862,34.975,35.756,8143,0
CSB.US,D,20200623,000000,36.297,36.297,35.601,35.746,5859,0
CSB.US,D,20200624,000000,35.015,35.015,34.333,34.52,9652,0
CSB.US,D,20200625,000000,34.403,35.024,34.156,35.024,203096,0
CSB.US,D,20200626,000000,35.015,35.015,34.231,34.397,2909,0
CSB.US,D,20200629,000000,35.942,35.942,35.796,35.878,1653,0
CSB.US,D,20200630,000000,35.677,36.266,33.447,36.189,65654,0
CSB.US,D,20200701,000000,36.496,36.496,35.371,35.381,8210,0
CSB.US,D,20200702,000000,36.312,36.386,35.566,35.566,1867,0
CSB.US,D,20200706,000000,36.347,36.431,35.814,35.972,2399,0
CSB.US,D,20200707,000000,35.529,35.602,35.075,35.075,16258,0
CSB.US,D,20200708,000000,35.035,35.451,34.863,34.883,7324,0
CSB.US,D,20200709,000000,35.273,35.273,34.046,34.208,4664,0
CSB.US,D,20200710,000000,34.313,35.272,34.313,35.272,5320,0
CSB.US,D,20200713,000000,35.511,35.798,35.045,35.045,207172,0
CSB.US,D,20200714,000000,35.089,35.597,34.945,35.597,3728,0
CSB.US,D,20200715,000000,36.341,37.311,36.341,37.124,10081,0
CSB.US,D,20200716,000000,37.073,37.153,36.658,36.95,20818,0
CSB.US,D,20200717,000000,37.213,37.213,36.618,36.698,10076,0
CSB.US,D,20200720,000000,36.707,36.707,35.936,36.006,6618,0
CSB.US,D,20200721,000000,36.638,37.183,36.548,37.055,5717,0
CSB.US,D,20200722,000000,36.717,36.95,36.707,36.864,6923,0
CSB.US,D,20200723,000000,36.954,37.338,36.806,37.123,15567,0
CSB.US,D,20200724,000000,37.153,37.153,36.648,36.723,8221,0
CSB.US,D,20200727,000000,36.737,36.861,36.48,36.833,9044,0
CSB.US,D,20200728,000000,36.906,37.033,36.787,36.806,3968,0
CSB.US,D,20200729,000000,36.876,38.038,36.876,38.001,8113,0
CSB.US,D,20200730,000000,38.27,38.27,37.133,37.457,10130,0
CSB.US,D,20200731,000000,37.203,37.203,36.51,36.891,5799,0
CSB.US,D,20200803,000000,37.213,37.232,36.826,37.177,9523,0
CSB.US,D,20200804,000000,37.286,37.445,37.286,37.43,2396,0
CSB.US,D,20200805,000000,37.914,38.31,37.795,38.302,13475,0
CSB.US,D,20200806,000000,38.428,38.428,37.919,38.036,4292,0
CSB.US,D,20200807,000000,38.003,38.666,38.003,38.666,4182,0
CSB.US,D,20200810,000000,39.161,39.747,39.161,39.534,5401,0
CSB.US,D,20200811,000000,39.962,40.507,39.576,39.576,13819,0
CSB.US,D,20200812,000000,40.111,40.19,39.378,39.633,9818,0
CSB.US,D,20200813,000000,39.517,39.517,39.269,39.289,3528,0
CSB.US,D,20200814,000000,39.201,39.69,39.022,39.46,5260,0
CSB.US,D,20200817,000000,39.556,39.556,39.265,39.334,5978,0
CSB.US,D,20200818,000000,39.507,39.507,38.649,38.655,12942,0
CSB.US,D,20200819,000000,39.082,39.131,38.772,38.772,8587,0
CSB.US,D,20200820,000000,38.587,38.616,38.335,38.432,10186,0
CSB.US,D,20200821,000000,38.468,38.468,38.083,38.242,10745,0
CSB.US,D,20200824,000000,38.607,39.157,38.568,39.157,4008,0
CSB.US,D,20200825,000000,39.595,39.595,38.884,39.137,5662,0
CSB.US,D,20200826,000000,39.022,39.092,38.737,38.81,11226,0
CSB.US,D,20200827,000000,39,39.181,38.865,38.973,9486,0
CSB.US,D,20200828,000000,38.992,39.259,38.992,39.254,8179,0
CSB.US,D,20200831,000000,38.815,38.924,38.587,38.587,7684,0
CSB.US,D,20200901,000000,38.577,38.905,38.252,38.905,23352,0
CSB.US,D,20200902,000000,38.988,39.576,38.988,39.576,13972,0
CSB.US,D,20200903,000000,39.715,39.92,38.846,38.992,7256,0
CSB.US,D,20200904,000000,39.61,39.61,38.587,39.051,17630,0
CSB.US,D,20200908,000000,38.894,38.894,38.093,38.21,11948,0
CSB.US,D,20200909,000000,38.399,38.399,38.002,38.208,28140,0
CSB.US,D,20200910,000000,38.458,38.508,37.874,37.896,10804,0
CSB.US,D,20200911,000000,37.943,38.043,37.489,37.75,13826,0
CSB.US,D,20200914,000000,38.102,38.493,38.023,38.493,5010,0
CSB.US,D,20200915,000000,38.765,38.795,38.446,38.446,21149,0
CSB.US,D,20200916,000000,38.597,39.14,38.568,38.861,10780,0
CSB.US,D,20200917,000000,38.458,39.11,38.458,39.018,6148,0
CSB.US,D,20200918,000000,39.181,39.244,38.676,38.916,6560,0
CSB.US,D,20200921,000000,38.528,38.528,36.974,37.208,12212,0
CSB.US,D,20200922,000000,37.42,37.42,36.866,37.123,4999,0
CSB.US,D,20200923,000000,37.153,37.538,36.147,36.147,17129,0
CSB.US,D,20200924,000000,36.311,36.836,35.965,36.39,15175,0
CSB.US,D,20200925,000000,36.557,36.816,36.326,36.669,9778,0
CSB.US,D,20200928,000000,37.193,37.814,37.193,37.608,5239,0
CSB.US,D,20200929,000000,37.583,37.583,36.906,37.205,6044,0
CSB.US,D,20200930,000000,37.43,37.747,37.173,37.309,10941,0
CSB.US,D,20201001,000000,37.173,37.499,37.173,37.495,9597,0
CSB.US,D,20201002,000000,36.886,38.331,36.886,38.331,5093,0
CSB.US,D,20201005,000000,38.805,39.181,38.717,39.166,19037,0
CSB.US,D,20201006,000000,39.34,40.2,39.109,39.109,11856,0
CSB.US,D,20201007,000000,39.703,40.06,39.613,39.851,11176,0
CSB.US,D,20201008,000000,40.378,40.583,40.192,40.438,9607,0
CSB.US,D,20201009,000000,40.975,40.995,40.384,40.384,12249,0
CSB.US,D,20201012,000000,40.577,40.68,40.436,40.68,11538,0
CSB.US,D,20201013,000000,40.567,40.567,39.961,39.998,4648,0
CSB.US,D,20201014,000000,40.13,40.14,39.813,39.836,7692,0
CSB.US,D,20201015,000000,39.623,40.368,39.52,40.311,2997,0
CSB.US,D,20201016,000000,40.527,40.537,40.041,40.313,7638,0
CSB.US,D,20201019,000000,40.537,40.542,39.813,39.813,7879,0
CSB.US,D,20201020,000000,40.239,40.368,39.961,39.961,8824,0
CSB.US,D,20201021,000000,40.16,40.318,40.11,40.11,7229,0
CSB.US,D,20201022,000000,40.388,40.765,40.289,40.732,5647,0
CSB.US,D,20201023,000000,41.093,41.202,40.924,41.012,3060,0
CSB.US,D,20201026,000000,40.885,40.885,39.917,40.205,7020,0
CSB.US,D,20201027,000000,40.14,40.14,39.542,39.542,8528,0
CSB.US,D,20201028,000000,38.959,38.959,38.362,38.362,7880,0
CSB.US,D,20201029,000000,38.045,38.959,37.935,38.904,4691,0
CSB.US,D,20201030,000000,38.77,38.963,38.512,38.767,4304,0
CSB.US,D,20201102,000000,39.197,39.777,39.197,39.777,10458,0
CSB.US,D,20201103,000000,40.686,40.82,40.441,40.82,5908,0
CSB.US,D,20201104,000000,39.941,40.289,39.42,39.44,14090,0
CSB.US,D,20201105,000000,39.981,40.915,39.981,40.605,12109,0
CSB.US,D,20201106,000000,40.925,40.925,40.036,40.16,5728,0
CSB.US,D,20201109,000000,44.815,44.815,43.267,43.407,10809,0
CSB.US,D,20201110,000000,43.644,45.005,43.644,44.605,25219,0
CSB.US,D,20201111,000000,44.757,44.757,43.694,43.903,58581,0
CSB.US,D,20201112,000000,43.714,43.714,42.543,42.812,17139,0
CSB.US,D,20201113,000000,43.366,43.871,43.366,43.871,5694,0
CSB.US,D,20201116,000000,44.845,45.58,44.785,45.453,16634,0
CSB.US,D,20201117,000000,44.975,45.605,44.608,45.444,22954,0
CSB.US,D,20201118,000000,45.779,45.909,44.793,44.793,16777,0
CSB.US,D,20201119,000000,44.727,44.86,44.191,44.838,15690,0
CSB.US,D,20201120,000000,44.875,44.875,44.454,44.805,13036,0
CSB.US,D,20201123,000000,45.213,46.216,45.213,45.974,9695,0
CSB.US,D,20201124,000000,48.39,48.39,46.683,47.675,24576,0
CSB.US,D,20201125,000000,47.854,47.854,46.833,47.091,19139,0
CSB.US,D,20201127,000000,47.229,47.229,46.415,46.764,8812,0
CSB.US,D,20201130,000000,46.722,46.722,45.452,45.521,19647,0
CSB.US,D,20201201,000000,45.959,46.493,45.74,46.103,26277,0
CSB.US,D,20201202,000000,46.216,46.529,46.064,46.435,19976,0
CSB.US,D,20201203,000000,47.02,47.368,46.762,46.943,13824,0
CSB.US,D,20201204,000000,47.477,48.38,47.477,48.369,11015,0
CSB.US,D,20201207,000000,48.867,48.867,47.795,48.221,11773,0
CSB.US,D,20201208,000000,47.994,48.571,47.994,48.571,20922,0
CSB.US,D,20201209,000000,49.353,49.459,48.803,49.026,44324,0
CSB.US,D,20201210,000000,48.648,48.914,48.381,48.896,10145,0
CSB.US,D,20201211,000000,48.738,48.774,48.282,48.596,14788,0
CSB.US,D,20201214,000000,49.303,49.303,48.588,48.668,8619,0
CSB.US,D,20201215,000000,49.035,49.979,48.767,49.929,45793,0
CSB.US,D,20201216,000000,49.602,49.602,48.807,48.986,27336,0
CSB.US,D,20201217,000000,49.274,49.274,48.817,49.136,17727,0
CSB.US,D,20201218,000000,49.383,49.433,48.728,49.026,16601,0
CSB.US,D,20201221,000000,50.386,50.386,47.607,48.073,40518,0
CSB.US,D,20201222,000000,48.291,48.291,47.826,48.087,14577,0
CSB.US,D,20201223,000000,48.489,49.195,48.489,48.867,8739,0
CSB.US,D,20201224,000000,48.847,49.028,48.758,49.028,10250,0
CSB.US,D,20201228,000000,49.562,49.662,49.374,49.49,10445,0
CSB.US,D,20201229,000000,49.443,49.443,48.519,48.768,6106,0
CSB.US,D,20201230,000000,49.055,49.379,49.055,49.235,6168,0
CSB.US,D,20201231,000000,49.363,49.632,49.087,49.598,4595,0
CSB.US,D,20210104,000000,49.741,49.741,48.426,49.055,17060,0
CSB.US,D,20210105,000000,48.678,50.246,48.678,49.805,77955,0
CSB.US,D,20210106,000000,50.535,52.994,50.535,52.541,71983,0
CSB.US,D,20210107,000000,53.037,53.037,52.521,52.727,122979,0
CSB.US,D,20210108,000000,52.958,53.602,51.508,52.237,253155,0
CSB.US,D,20210111,000000,51.646,52.481,51.646,52.481,14327,0
CSB.US,D,20210112,000000,52.451,53.613,52.451,53.474,73302,0
CSB.US,D,20210113,000000,53.355,53.355,52.587,52.828,167245,0
CSB.US,D,20210114,000000,53.236,53.713,53.226,53.42,23768,0
CSB.US,D,20210115,000000,53.355,53.355,52.261,52.738,19512,0
CSB.US,D,20210119,000000,53.335,53.335,52.6,52.953,28810,0
CSB.US,D,20210120,000000,53.076,53.196,52.511,52.886,34701,0
CSB.US,D,20210121,000000,52.749,53.388,52.084,52.229,27471,0
CSB.US,D,20210122,000000,51.666,52.59,51.548,52.59,18933,0
CSB.US,D,20210125,000000,52.639,53.092,52.183,52.717,44068,0
CSB.US,D,20210126,000000,53.047,53.047,52.254,52.407,20719,0
CSB.US,D,20210127,000000,51.736,52.282,51.309,51.913,22137,0
CSB.US,D,20210128,000000,52.212,52.212,51.299,51.613,19827,0
CSB.US,D,20210129,000000,51.716,51.716,50.613,50.722,26352,0
CSB.US,D,20210201,000000,51.05,51.638,50.692,51.591,14945,0
CSB.US,D,20210202,000000,52.262,52.39,51.607,52.064,22871,0
CSB.US,D,20210203,000000,52.332,52.351,51.67,52.282,57978,0
CSB.US,D,20210204,000000,52.541,53.415,52.541,53.355,10143,0
CSB.US,D,20210205,000000,53.683,53.861,53.345,53.852,15104,0
CSB.US,D,20210208,000000,54.249,55.089,54.14,55.089,23231,0
CSB.US,D,20210209,000000,55.034,55.379,54.647,55.232,12452,0
CSB.US,D,20210210,000000,55.53,55.53,54.88,55.084,95724,0
CSB.US,D,20210211,000000,55.182,55.362,54.293,54.982,37249,0
CSB.US,D,20210212,000000,54.686,55.421,54.686,55.286,21526,0
CSB.US,D,20210216,000000,55.888,56.296,55.361,55.49,47053,0
CSB.US,D,20210217,000000,55.173,55.382,54.755,55.237,71155,0
CSB.US,D,20210218,000000,55.202,55.202,54.548,54.637,23257,0
CSB.US,D,20210219,000000,55.044,55.859,55.044,55.747,15868,0
CSB.US,D,20210222,000000,55.65,56.875,55.649,56.603,21506,0
CSB.US,D,20210223,000000,56.404,57.14,56.367,56.917,57312,0
CSB.US,D,20210224,000000,57.021,57.766,56.832,57.655,22378,0
CSB.US,D,20210225,000000,57.885,57.923,56.266,56.514,35210,0
CSB.US,D,20210226,000000,56.594,56.594,55.239,55.927,36827,0
CSB.US,D,20210301,000000,57.14,57.458,56.779,57.159,27639,0
CSB.US,D,20210302,000000,57.368,57.368,56.643,56.656,24476,0
CSB.US,D,20210303,000000,56.961,58.133,56.961,57.294,34212,0
CSB.US,D,20210304,000000,57.547,57.672,55.635,56.484,58147,0
CSB.US,D,20210305,000000,57.418,57.955,56.364,57.955,17882,0
CSB.US,D,20210308,000000,58.381,59.81,58.143,59.552,42549,0
CSB.US,D,20210309,000000,59.921,59.921,59.026,59.223,54591,0
CSB.US,D,20210310,000000,59.594,60.666,59.201,60.587,40937,0
CSB.US,D,20210311,000000,61.034,61.103,60.636,60.916,30813,0
CSB.US,D,20210312,000000,61.233,61.769,61.054,61.596,46776,0
CSB.US,D,20210315,000000,61.908,61.908,60.726,61.051,23856,0
CSB.US,D,20210316,000000,61.223,61.223,59.957,60.11,28819,0
CSB.US,D,20210317,000000,60.169,60.406,59.852,60.331,20570,0
CSB.US,D,20210318,000000,60.369,61.341,59.544,59.672,20896,0
CSB.US,D,20210319,000000,59.534,59.992,58.749,59.592,25049,0
CSB.US,D,20210322,000000,59.702,59.702,57.785,58.123,27888,0
CSB.US,D,20210323,000000,58.053,58.053,56.584,56.673,19536,0
CSB.US,D,20210324,000000,57.468,58.349,56.434,56.633,28419,0
CSB.US,D,20210325,000000,56.871,57.805,55.967,57.576,72191,0
CSB.US,D,20210326,000000,58.58,58.898,58.004,58.868,50950,0
CSB.US,D,20210329,000000,58.67,59.027,57.903,57.943,16775,0
CSB.US,D,20210330,000000,58.113,58.521,57.945,58.292,18455,0
CSB.US,D,20210331,000000,58.52,58.779,58.209,58.61,18330,0
CSB.US,D,20210401,000000,58.828,59.067,58.228,58.92,31461,0
CSB.US,D,20210405,000000,65.991,65.991,59.167,59.712,50377,0
CSB.US,D,20210406,000000,59.812,59.812,59.225,59.225,63049,0
CSB.US,D,20210407,000000,60.269,60.269,58.63,58.858,45971,0
CSB.US,D,20210408,000000,59.077,59.077,58.372,59.077,44159,0
CSB.US,D,20210409,000000,59.306,59.346,58.938,59.216,30149,0
CSB.US,D,20210412,000000,59.426,59.561,59.206,59.454,14497,0
CSB.US,D,20210413,000000,59.496,59.496,58.733,58.894,13817,0
CSB.US,D,20210414,000000,59.067,59.648,58.857,59.356,29296,0
CSB.US,D,20210415,000000,59.496,59.695,59.104,59.695,29163,0
CSB.US,D,20210416,000000,60.064,60.114,59.548,60.044,33261,0
CSB.US,D,20210419,000000,60.144,60.144,59.306,59.533,29672,0
CSB.US,D,20210420,000000,59.566,59.675,58.369,58.673,37053,0
CSB.US,D,20210421,000000,58.857,59.695,58.748,59.695,26848,0
CSB.US,D,20210422,000000,59.925,59.925,59.034,59.058,33993,0
CSB.US,D,20210423,000000,59.496,60.282,59.246,60.054,22964,0
CSB.US,D,20210426,000000,60.294,60.473,59.652,59.725,43827,0
CSB.US,D,20210427,000000,59.895,59.895,59.426,59.551,32942,0
CSB.US,D,20210428,000000,59.955,60.015,59.551,59.824,33551,0
CSB.US,D,20210429,000000,60.394,60.424,59.895,60.094,23596,0
CSB.US,D,20210430,000000,59.895,59.895,59.576,59.685,14551,0
CSB.US,D,20210503,000000,60.264,61.088,59.95,60.853,63040,0
CSB.US,D,20210504,000000,60.912,60.917,60.344,60.82,20493,0
CSB.US,D,20210505,000000,61.81,61.81,60.274,60.793,39969,0
CSB.US,D,20210506,000000,61.072,61.581,60.673,61.564,16356,0
CSB.US,D,20210507,000000,61.631,61.91,61.212,61.86,15607,0
CSB.US,D,20210510,000000,61.88,62.469,61.511,61.561,18409,0
CSB.US,D,20210511,000000,61.002,61.002,60.413,60.89,16372,0
CSB.US,D,20210512,000000,60.833,61.87,59.416,59.606,38934,0
CSB.US,D,20210513,000000,59.795,61.361,59.556,61.145,29088,0
CSB.US,D,20210514,000000,61.77,62.05,61.341,61.98,24104,0
CSB.US,D,20210517,000000,61.97,62.698,61.484,62.05,124071,0
CSB.US,D,20210518,000000,62.08,62.08,61.351,61.351,25721,0
CSB.US,D,20210519,000000,60.992,61.082,60.074,60.843,20231,0
CSB.US,D,20210520,000000,61.092,61.147,60.603,61.102,19836,0
CSB.US,D,20210521,000000,61.571,61.795,61.112,61.451,18520,0
CSB.US,D,20210524,000000,61.83,61.83,61.351,61.531,27340,0
CSB.US,D,20210525,000000,61.96,61.96,60.473,60.493,36968,0
CSB.US,D,20210526,000000,60.723,61.37,60.723,61.256,22272,0
CSB.US,D,20210527,000000,61.93,62.01,61.765,61.86,43430,0
CSB.US,D,20210528,000000,62.269,62.269,61.382,61.74,20371,0
CSB.US,D,20210601,000000,62.259,62.648,62.129,62.568,23202,0
CSB.US,D,20210602,000000,62.838,62.838,62.122,62.279,30471,0
CSB.US,D,20210603,000000,62.149,62.18,61.68,62.06,59033,0
CSB.US,D,20210604,000000,62.548,62.548,61.908,62.225,20061,0
CSB.US,D,20210607,000000,62.419,63.147,62.134,62.417,21231,0
CSB.US,D,20210608,000000,63.686,63.686,62.289,62.966,19783,0
CSB.US,D,20210609,000000,63.167,63.167,62.628,62.718,40370,0
CSB.US,D,20210610,000000,63.007,63.007,62.169,62.189,19682,0
CSB.US,D,20210611,000000,62.459,62.627,62.314,62.518,18406,0
CSB.US,D,20210614,000000,62.608,62.698,61.85,61.975,15486,0
CSB.US,D,20210615,000000,62.319,62.479,61.77,62.289,20381,0
CSB.US,D,20210616,000000,62.399,62.399,61.72,62.209,33404,0
CSB.US,D,20210617,000000,62.129,62.129,60.364,60.912,25445,0
CSB.US,D,20210618,000000,60.184,60.249,58.817,58.817,41722,0
CSB.US,D,20210621,000000,59.077,60.324,59.077,60.191,13847,0
CSB.US,D,20210622,000000,60.264,60.264,59.516,60.054,11517,0
CSB.US,D,20210623,000000,60.194,60.314,59.872,59.925,15953,0
CSB.US,D,20210624,000000,60.294,60.703,59.905,60.703,28399,0
CSB.US,D,20210625,000000,60.593,61.131,60.593,60.853,11338,0
CSB.US,D,20210628,000000,60.833,60.833,59.616,60.015,17680,0
CSB.US,D,20210629,000000,60.294,60.294,59.611,59.655,27986,0
CSB.US,D,20210630,000000,59.586,60.025,59.476,59.945,15763,0
CSB.US,D,20210701,000000,60.364,60.603,60.064,60.384,22539,0
CSB.US,D,20210702,000000,60.613,60.613,59.695,59.775,14063,0
CSB.US,D,20210706,000000,59.596,59.596,58.149,58.847,63651,0
CSB.US,D,20210707,000000,58.817,58.966,58.344,58.629,21541,0
CSB.US,D,20210708,000000,57.86,58.513,57.551,57.76,22153,0
CSB.US,D,20210709,000000,58.71,59.22,58.62,59.19,13450,0
CSB.US,D,20210712,000000,59.13,59.52,58.815,59.52,33840,0
CSB.US,D,20210713,000000,59.48,59.48,58.42,58.42,38005,0
CSB.US,D,20210714,000000,59.1,59.11,58.41,58.57,22959,0
CSB.US,D,20210715,000000,58.49,58.7699,58.12,58.74,30235,0
CSB.US,D,20210716,000000,59,59.0302,58.0401,58.18,13670,0
CSB.US,D,20210719,000000,57.56,57.56,56.52,57.02,33975,0
CSB.US,D,20210720,000000,57.14,58.6277,57.14,58.35,10088,0
CSB.US,D,20210721,000000,58.21,58.94,58.21,58.35,33543,0
CSB.US,D,20210722,000000,58.45,58.45,57.28,57.46,49139,0
CSB.US,D,20210723,000000,57.57,58,57.46,58,12770,0
CSB.US,D,20210726,000000,58.02,58.53,58.02,58.41,14508,0
CSB.US,D,20210727,000000,58.31,58.363,57.87,58.22,19134,0
CSB.US,D,20210728,000000,58.61,58.72,57.87,58.54,14091,0
CSB.US,D,20210729,000000,58.99,59.36,58.945,59.11,17952,0
CSB.US,D,20210730,000000,59.15,59.35,58.6419,58.7,14812,0
CSB.US,D,20210802,000000,59.09,59.63,58.314,58.4,21354,0
CSB.US,D,20210803,000000,58.53,59.1658,58.325,58.965,13530,0
CSB.US,D,20210804,000000,58.4,58.6391,58.04,58.14,25125,0
CSB.US,D,20210805,000000,58.18,58.88,58.18,58.7342,6663,0
CSB.US,D,20210806,000000,59.45,59.669,59.39,59.48,14011,0
CSB.US,D,20210809,000000,59.7,59.7,59.2504,59.4241,13609,0
CSB.US,D,20210810,000000,59.27,59.87,59.26,59.799,11829,0
CSB.US,D,20210811,000000,59.9,60.38,59.69,60.38,15055,0
CSB.US,D,20210812,000000,60.55,60.55,60.03,60.34,23369,0
CSB.US,D,20210813,000000,60.45,60.45,59.97,60.25,10520,0
CSB.US,D,20210816,000000,59.82,60.24,59.54,60,20442,0
CSB.US,D,20210817,000000,59.7,59.7,59.09,59.5,17841,0
CSB.US,D,20210818,000000,59.6,59.68,58.9972,59.05,8731,0
CSB.US,D,20210819,000000,58.87,58.87,58.29,58.55,18368,0
CSB.US,D,20210820,000000,58.79,59.47,58.5,59.4,17414,0
CSB.US,D,20210823,000000,59.85,59.85,59.38,59.74,15513,0
CSB.US,D,20210824,000000,59.91,59.91,59.52,59.645,18529,0
CSB.US,D,20210825,000000,59.69,60.1209,59.615,59.7,62433,0
CSB.US,D,20210826,000000,59.87,59.87,59.04,59.04,14288,0
CSB.US,D,20210827,000000,59.32,60.5599,59.32,60.35,44469,0
CSB.US,D,20210830,000000,60.64,60.64,59.883,59.905,12958,0
CSB.US,D,20210831,000000,60.07,60.2699,59.85,60.07,35793,0
CSB.US,D,20210901,000000,60.4,60.4,59.6601,60.22,44174,0
