<TICKER>,<PER>,<DATE>,<TIME>,<OPEN>,<HIGH>,<LOW>,<CLOSE>,<VOL>,<OPENINT>
DEMZ.US,D,20201104,000000,20.955,21.095,20.786,20.883,16463,0
DEMZ.US,D,20201105,000000,24.945,24.945,21.185,21.315,12447,0
DEMZ.US,D,20201106,000000,21.474,21.474,21.145,21.249,9018,0
DEMZ.US,D,20201109,000000,21.982,22.062,21.853,21.863,7105,0
DEMZ.US,D,20201110,000000,21.643,21.643,21.494,21.561,5729,0
DEMZ.US,D,20201111,000000,21.554,21.618,21.474,21.581,5304,0
DEMZ.US,D,20201112,000000,21.474,21.583,21.254,21.363,5075,0
DEMZ.US,D,20201113,000000,21.603,21.705,21.585,21.705,5067,0
DEMZ.US,D,20201116,000000,21.933,21.972,21.913,21.972,2368,0
DEMZ.US,D,20201117,000000,22.421,22.421,21.863,21.932,3591,0
DEMZ.US,D,20201118,000000,21.992,21.992,21.863,21.863,1151,0
DEMZ.US,D,20201119,000000,21.653,21.783,21.653,21.783,1050,0
DEMZ.US,D,20201120,000000,21.763,21.763,21.636,21.636,311,0
DEMZ.US,D,20201123,000000,21.643,21.685,21.643,21.685,150,0
DEMZ.US,D,20201130,000000,21.802,21.874,21.802,21.874,350,0
DEMZ.US,D,20201201,000000,22.162,22.193,22.141,22.193,210,0
DEMZ.US,D,20201202,000000,22.192,22.248,22.192,22.248,1715,0
DEMZ.US,D,20201203,000000,22.302,22.302,22.192,22.192,783,0
DEMZ.US,D,20201204,000000,22.292,22.447,22.292,22.447,127,0
DEMZ.US,D,20201207,000000,22.491,22.491,22.463,22.463,299,0
DEMZ.US,D,20201208,000000,22.531,22.531,22.503,22.503,458,0
DEMZ.US,D,20201211,000000,22.471,22.471,22.471,22.471,316,0
DEMZ.US,D,20201214,000000,22.681,22.681,22.4,22.4,2065,0
DEMZ.US,D,20201215,000000,22.499,22.673,22.499,22.673,770,0
DEMZ.US,D,20201216,000000,22.681,22.741,22.681,22.741,646,0
DEMZ.US,D,20201217,000000,22.83,22.85,22.83,22.839,473,0
DEMZ.US,D,20201221,000000,22.651,22.679,22.641,22.679,1916,0
DEMZ.US,D,20201222,000000,22.72,22.72,22.641,22.643,3609,0
DEMZ.US,D,20201224,000000,22.691,22.697,22.691,22.697,203,0
DEMZ.US,D,20201228,000000,22.91,22.91,22.91,22.91,465,0
DEMZ.US,D,20201229,000000,22.71,22.7921,22.71,22.7921,1055,0
DEMZ.US,D,20201230,000000,22.85,22.85,22.78,22.8373,814,0
DEMZ.US,D,20201231,000000,22.96,22.96,22.96,22.96,106,0
DEMZ.US,D,20210104,000000,22.67,22.69,22.67,22.6891,1519,0
DEMZ.US,D,20210105,000000,22.82,22.82,22.77,22.8103,399,0
DEMZ.US,D,20210106,000000,22.86,23.16,22.86,23.0759,3956,0
DEMZ.US,D,20210107,000000,23.23,23.37,23.23,23.3683,587,0
DEMZ.US,D,20210111,000000,23.31,23.3196,23.31,23.3196,294,0
DEMZ.US,D,20210112,000000,23.34,23.4459,23.32,23.4459,1239,0
DEMZ.US,D,20210113,000000,23.25,23.3112,23.24,23.3112,579,0
DEMZ.US,D,20210115,000000,23.2,23.2,22.91,22.9709,3401,0
DEMZ.US,D,20210121,000000,23.43,23.49,23.43,23.47,1873,0
DEMZ.US,D,20210122,000000,23.29,23.3191,23.2659,23.2659,2244,0
DEMZ.US,D,20210125,000000,22.9802,22.9802,22.98,22.98,605,0
DEMZ.US,D,20210126,000000,23.18,23.18,23.18,23.18,195,0
DEMZ.US,D,20210127,000000,22.698,22.698,22.6908,22.6908,453,0
DEMZ.US,D,20210128,000000,23.005,23.005,22.9146,22.9146,415,0
DEMZ.US,D,20210129,000000,22.3801,22.3801,22.38,22.38,1250,0
DEMZ.US,D,20210201,000000,22.51,22.865,22.51,22.8265,785,0
DEMZ.US,D,20210202,000000,23.3,23.3,23.21,23.21,714,0
DEMZ.US,D,20210203,000000,23.23,23.31,23.23,23.2897,674,0
DEMZ.US,D,20210204,000000,23.43,23.59,23.4299,23.5845,2734,0
DEMZ.US,D,20210208,000000,23.88,23.95,23.8575,23.95,1229,0
DEMZ.US,D,20210209,000000,24.0987,24.11,24.0452,24.0452,3182,0
DEMZ.US,D,20210210,000000,24.21,24.21,24.21,24.21,520,0
DEMZ.US,D,20210211,000000,24.12,24.29,24.12,24.2216,1014,0
DEMZ.US,D,20210212,000000,24.37,24.37,24.23,24.3169,578,0
DEMZ.US,D,20210216,000000,24.27,24.27,24.27,24.27,482,0
DEMZ.US,D,20210217,000000,24.0201,24.2,24.02,24.2,1885,0
DEMZ.US,D,20210218,000000,24,24.1423,24,24.1423,405,0
DEMZ.US,D,20210222,000000,23.94,24.0425,23.94,24.0104,1705,0
DEMZ.US,D,20210223,000000,23.865,24.065,23.75,24.0617,1095,0
DEMZ.US,D,20210224,000000,24.17,24.2694,24.17,24.2694,1169,0
DEMZ.US,D,20210226,000000,23.66,24.0184,23.6513,23.6513,2479,0
DEMZ.US,D,20210302,000000,24,24,24,24,542,0
DEMZ.US,D,20210303,000000,23.88,23.92,23.7095,23.7095,2356,0
DEMZ.US,D,20210304,000000,23.05,23.405,23.05,23.2428,2395,0
DEMZ.US,D,20210305,000000,23.69,23.69,23.6559,23.6559,149,0
DEMZ.US,D,20210308,000000,23.76,23.79,23.6904,23.6904,902,0
DEMZ.US,D,20210310,000000,24.031,24.031,23.9466,23.9466,528,0
DEMZ.US,D,20210312,000000,24.15,24.15,24.15,24.15,221,0
DEMZ.US,D,20210315,000000,24.32,24.32,24.22,24.22,224,0
DEMZ.US,D,20210317,000000,25.95,25.95,24.2,24.34,23088,0
DEMZ.US,D,20210318,000000,24.2,24.3,24.16,24.16,761,0
DEMZ.US,D,20210319,000000,24.16,24.16,24.12,24.12,483,0
DEMZ.US,D,20210322,000000,24.15,24.21,24.15,24.2,963,0
DEMZ.US,D,20210325,000000,24.14,24.14,24.14,24.14,375,0
DEMZ.US,D,20210329,000000,24.44,24.44,24.44,24.44,452,0
DEMZ.US,D,20210331,000000,24.69,24.69,24.6115,24.6115,548,0
DEMZ.US,D,20210401,000000,24.7999,24.83,24.7999,24.83,785,0
DEMZ.US,D,20210405,000000,24.98,25,24.98,25,447,0
DEMZ.US,D,20210408,000000,25.35,25.36,25.33,25.3592,3327,0
DEMZ.US,D,20210414,000000,25.62,25.62,25.5973,25.5973,455,0
DEMZ.US,D,20210415,000000,25.89,25.89,25.89,25.89,475,0
DEMZ.US,D,20210416,000000,26.0194,26.02,25.99,26,824,0
DEMZ.US,D,20210419,000000,26.02,26.02,26.02,26.02,321,0
DEMZ.US,D,20210422,000000,26,26,25.8315,25.8649,1131,0
DEMZ.US,D,20210423,000000,26.2,26.21,26.1709,26.1709,510,0
DEMZ.US,D,20210426,000000,26.17,26.17,26.17,26.17,362,0
DEMZ.US,D,20210429,000000,26.389,26.4319,26.37,26.4319,752,0
DEMZ.US,D,20210430,000000,26.23,26.25,26.1748,26.1748,7254,0
DEMZ.US,D,20210504,000000,26.04,26.184,26.02,26.184,3851,0
DEMZ.US,D,20210505,000000,26.285,26.33,26.207,26.207,1010,0
DEMZ.US,D,20210507,000000,26.57,26.57,26.41,26.5691,696,0
DEMZ.US,D,20210510,000000,26.55,26.55,26.3854,26.3854,1440,0
DEMZ.US,D,20210511,000000,25.92,26.1399,25.87,26.01,3110,0
DEMZ.US,D,20210512,000000,25.68,25.68,25.53,25.53,305,0
DEMZ.US,D,20210513,000000,25.85,25.9042,25.85,25.9042,4180,0
DEMZ.US,D,20210514,000000,26.16,26.2747,26.16,26.2747,430,0
DEMZ.US,D,20210517,000000,26.09,26.13,26.09,26.13,293,0
DEMZ.US,D,20210519,000000,26.1368,26.1368,25.54,25.8289,4828,0
DEMZ.US,D,20210521,000000,26.2,26.2,26.1206,26.1206,548,0
DEMZ.US,D,20210525,000000,26.4399,26.4399,26.3277,26.3277,417,0
DEMZ.US,D,20210526,000000,26.39,26.4,26.39,26.4,221,0
DEMZ.US,D,20210527,000000,26.55,26.55,26.47,26.4838,2128,0
DEMZ.US,D,20210528,000000,26.63,26.6499,26.63,26.6499,561,0
DEMZ.US,D,20210601,000000,26.53,26.54,26.53,26.54,346,0
DEMZ.US,D,20210602,000000,26.64,26.64,26.64,26.64,476,0
DEMZ.US,D,20210603,000000,26.555,26.555,26.5074,26.5074,101,0
DEMZ.US,D,20210604,000000,26.69,26.7338,26.69,26.7338,478,0
DEMZ.US,D,20210607,000000,26.71,26.71,26.6617,26.6617,1900,0
DEMZ.US,D,20210608,000000,26.63,26.95,26.63,26.7027,2336,0
DEMZ.US,D,20210609,000000,26.74,26.75,26.6991,26.6991,1423,0
DEMZ.US,D,20210610,000000,26.7265,26.821,26.7265,26.821,214,0
DEMZ.US,D,20210611,000000,26.8899,26.9786,26.8899,26.9786,222,0
DEMZ.US,D,20210614,000000,26.975,27.0061,26.9135,27.0061,513,0
DEMZ.US,D,20210615,000000,26.9799,26.9799,26.9306,26.9306,3895,0
DEMZ.US,D,20210617,000000,26.78,26.8895,26.78,26.8457,1333,0
DEMZ.US,D,20210618,000000,26.639,26.639,26.58,26.58,2368,0
DEMZ.US,D,20210621,000000,26.75,26.75,26.75,26.75,233,0
DEMZ.US,D,20210622,000000,26.76,27.0664,26.76,27.0664,398,0
DEMZ.US,D,20210623,000000,27.0999,27.0999,27.0232,27.0232,104,0
DEMZ.US,D,20210624,000000,27.18,27.18,27.175,27.175,101,0
DEMZ.US,D,20210625,000000,27.31,27.31,27.31,27.31,115,0
DEMZ.US,D,20210628,000000,28.31,29.249,27.3801,27.5,2874,0
DEMZ.US,D,20210629,000000,27.5799,27.5799,27.5386,27.5386,356,0
DEMZ.US,D,20210630,000000,27.43,27.46,27.43,27.445,655,0
DEMZ.US,D,20210701,000000,27.54,27.5993,27.54,27.5993,706,0
DEMZ.US,D,20210706,000000,27.575,27.6445,27.575,27.6445,1028,0
DEMZ.US,D,20210707,000000,27.7593,27.7593,27.7499,27.7499,314,0
DEMZ.US,D,20210709,000000,27.6885,27.7755,27.6885,27.7755,276,0
DEMZ.US,D,20210712,000000,27.83,27.83,27.8,27.8,326,0
DEMZ.US,D,20210713,000000,27.74,27.74,27.7169,27.7169,224,0
DEMZ.US,D,20210714,000000,27.74,27.81,27.74,27.7691,1698,0
DEMZ.US,D,20210715,000000,27.68,27.7065,27.61,27.61,1249,0
DEMZ.US,D,20210716,000000,27.37,27.3844,27.37,27.3844,149,0
DEMZ.US,D,20210719,000000,27.09,27.2,26.8221,27.0236,10468,0
DEMZ.US,D,20210721,000000,27.535,27.57,27.53,27.57,1113,0
DEMZ.US,D,20210723,000000,27.82,27.82,27.82,27.82,151,0
DEMZ.US,D,20210803,000000,28.15,28.2142,28.15,28.2142,1034,0
DEMZ.US,D,20210804,000000,28.24,28.24,28.24,28.24,186,0
DEMZ.US,D,20210806,000000,28.44,28.44,28.433,28.433,118,0
DEMZ.US,D,20210809,000000,28.56,28.56,28.56,28.56,280,0
DEMZ.US,D,20210812,000000,28.35,28.405,28.35,28.405,342,0
DEMZ.US,D,20210813,000000,28.5,28.52,28.5,28.52,526,0
DEMZ.US,D,20210816,000000,28.49,28.49,28.49,28.49,438,0
DEMZ.US,D,20210818,000000,28.47,28.47,28.42,28.42,308,0
DEMZ.US,D,20210824,000000,28.695,28.695,28.6703,28.6703,210,0
DEMZ.US,D,20210827,000000,28.95,29.02,28.93,28.9519,12166,0
DEMZ.US,D,20210830,000000,29.1393,29.1393,29.0855,29.0855,108,0
DEMZ.US,D,20210831,000000,29.1,29.1,29.1,29.1,304,0
