<TICKER>,<PER>,<DATE>,<TIME>,<OPEN>,<HIGH>,<LOW>,<CLOSE>,<VOL>,<OPENINT>
DMXF.US,D,20200619,000000,50.569,50.657,50.51,50.657,419,0
DMXF.US,D,20200625,000000,50.747,51.075,50.747,51.075,576,0
DMXF.US,D,20200626,000000,50.876,50.876,50.435,50.435,163,0
DMXF.US,D,20200702,000000,51.745,51.745,51.442,51.442,281,0
DMXF.US,D,20200708,000000,51.972,52.091,51.962,52.091,4685,0
DMXF.US,D,20200713,000000,52.663,52.663,52.663,52.663,1588,0
DMXF.US,D,20200714,000000,52.011,52.418,52.011,52.418,1438,0
DMXF.US,D,20200715,000000,53.029,53.039,53.007,53.007,885,0
DMXF.US,D,20200717,000000,52.91,52.91,52.845,52.845,178,0
DMXF.US,D,20200721,000000,53.582,53.631,53.494,53.631,1165,0
DMXF.US,D,20200722,000000,53.325,53.563,53.325,53.563,687,0
DMXF.US,D,20200723,000000,53.068,53.137,53.068,53.137,114,0
DMXF.US,D,20200724,000000,52.871,52.871,52.797,52.797,120,0
DMXF.US,D,20200727,000000,53.375,53.691,53.375,53.611,969,0
DMXF.US,D,20200728,000000,53.394,53.571,53.29,53.29,4249,0
DMXF.US,D,20200730,000000,52.545,52.545,52.545,52.545,405,0
DMXF.US,D,20200803,000000,52.842,52.969,52.842,52.931,853,0
DMXF.US,D,20200804,000000,52.911,53.168,52.911,53.168,381,0
DMXF.US,D,20200807,000000,53.236,53.462,53.236,53.462,678,0
DMXF.US,D,20200811,000000,54.333,54.353,53.732,53.732,1220,0
DMXF.US,D,20200812,000000,54.639,55.052,54.639,54.965,1689,0
DMXF.US,D,20200813,000000,54.767,54.777,54.715,54.715,285,0
DMXF.US,D,20200817,000000,54.679,54.679,54.679,54.679,197,0
DMXF.US,D,20200819,000000,55.083,55.083,54.682,54.682,439,0
DMXF.US,D,20200820,000000,54.371,54.536,54.368,54.536,207,0
DMXF.US,D,20200821,000000,54.007,54.126,54.007,54.126,1120,0
DMXF.US,D,20200824,000000,55.044,55.044,55.044,55.044,245,0
DMXF.US,D,20200825,000000,55.015,55.015,54.99,54.995,906,0
DMXF.US,D,20200826,000000,55.251,55.606,55.251,55.55,387,0
DMXF.US,D,20200827,000000,55.113,55.113,55.113,55.113,558,0
DMXF.US,D,20200828,000000,55.152,55.242,55.152,55.242,648,0
DMXF.US,D,20200831,000000,55.351,55.351,55.046,55.046,1505,0
DMXF.US,D,20200902,000000,55.695,55.868,55.695,55.868,134,0
DMXF.US,D,20200903,000000,54.659,54.659,54.348,54.465,999,0
DMXF.US,D,20200904,000000,54.689,54.689,54.689,54.689,553,0
DMXF.US,D,20200908,000000,53.75,54.135,53.75,53.967,2626,0
DMXF.US,D,20200910,000000,54.461,54.461,54.461,54.461,236,0
DMXF.US,D,20200911,000000,54.846,55.133,54.846,54.877,2200,0
DMXF.US,D,20200914,000000,55.359,55.359,55.251,55.251,460,0
DMXF.US,D,20200917,000000,55.597,55.664,55.597,55.664,420,0
DMXF.US,D,20200921,000000,53.73,53.73,53.73,53.73,256,0
DMXF.US,D,20200922,000000,53.888,54.136,53.888,54.136,217,0
DMXF.US,D,20200923,000000,54.422,54.422,53.861,53.861,704,0
DMXF.US,D,20200925,000000,53.138,53.866,53.138,53.866,414,0
DMXF.US,D,20200928,000000,54.639,54.767,54.639,54.767,656,0
DMXF.US,D,20200929,000000,55.025,55.025,54.767,54.767,2642,0
DMXF.US,D,20200930,000000,54.629,54.629,54.54,54.54,624,0
DMXF.US,D,20201001,000000,54.965,54.965,54.965,54.965,611,0
DMXF.US,D,20201002,000000,54.708,54.708,54.708,54.708,461,0
DMXF.US,D,20201005,000000,55.341,55.341,55.244,55.255,1947,0
DMXF.US,D,20201006,000000,55.745,55.745,55.015,55.015,527,0
DMXF.US,D,20201007,000000,55.379,55.528,55.289,55.417,518636,0
DMXF.US,D,20201008,000000,55.735,55.824,55.685,55.803,22805,0
DMXF.US,D,20201009,000000,55.814,56.177,55.814,56.071,21997,0
DMXF.US,D,20201012,000000,56.437,56.594,56.437,56.47,12741,0
DMXF.US,D,20201013,000000,56.19,56.19,55.824,56.004,16575,0
DMXF.US,D,20201014,000000,56.193,56.357,55.975,55.99,24785,0
DMXF.US,D,20201015,000000,55.034,55.359,54.916,55.249,12496,0
DMXF.US,D,20201016,000000,55.508,55.666,55.399,55.471,7537,0
DMXF.US,D,20201019,000000,55.864,55.884,55.224,55.224,12919,0
DMXF.US,D,20201020,000000,55.379,55.859,55.379,55.546,7581,0
DMXF.US,D,20201021,000000,55.794,55.794,55.331,55.331,16416,0
DMXF.US,D,20201022,000000,54.925,55.399,54.925,55.297,5371,0
DMXF.US,D,20201023,000000,55.548,55.558,55.291,55.512,11902,0
DMXF.US,D,20201026,000000,54.619,54.619,54.214,54.381,3447,0
DMXF.US,D,20201027,000000,54.53,54.57,54.136,54.136,6216,0
DMXF.US,D,20201028,000000,53.138,53.138,52.792,53.108,6831,0
DMXF.US,D,20201029,000000,53.086,53.138,52.819,53.051,4088,0
DMXF.US,D,20201030,000000,52.782,52.782,52.375,52.625,5846,0
DMXF.US,D,20201102,000000,53.177,53.226,52.871,53.155,7155,0
DMXF.US,D,20201103,000000,54.164,54.738,54.164,54.738,3652,0
DMXF.US,D,20201104,000000,54.975,55.508,54.975,55.068,5501,0
DMXF.US,D,20201105,000000,56.476,56.792,56.377,56.678,9965,0
DMXF.US,D,20201106,000000,56.743,57.019,56.726,56.92,10778,0
DMXF.US,D,20201109,000000,58.827,58.871,58.176,58.176,6936,0
DMXF.US,D,20201110,000000,58.323,58.323,58.111,58.111,7350,0
DMXF.US,D,20201111,000000,58.59,58.59,58.403,58.406,5749,0
DMXF.US,D,20201112,000000,58.333,58.401,57.802,57.802,6379,0
DMXF.US,D,20201113,000000,58.227,58.787,58.227,58.787,4564,0
DMXF.US,D,20201116,000000,59.252,59.259,59.044,59.153,5901,0
DMXF.US,D,20201117,000000,59.192,59.39,59.153,59.153,5900,0
DMXF.US,D,20201118,000000,59.31,59.467,59.024,59.044,9583,0
DMXF.US,D,20201119,000000,58.97,59.242,58.946,59.148,4582,0
DMXF.US,D,20201120,000000,59.255,59.578,59.255,59.518,8215,0
DMXF.US,D,20201123,000000,59.636,59.636,59.202,59.267,5080,0
DMXF.US,D,20201124,000000,59.651,60.002,59.651,59.972,12798,0
DMXF.US,D,20201125,000000,59.616,59.952,59.568,59.904,7048,0
DMXF.US,D,20201127,000000,60.437,60.506,60.417,60.417,3865,0
DMXF.US,D,20201130,000000,60.288,60.305,59.378,59.378,10479,0
DMXF.US,D,20201201,000000,60.2,60.773,60.2,60.594,6255,0
DMXF.US,D,20201202,000000,60.477,60.515,60.37,60.382,5864,0
DMXF.US,D,20201203,000000,60.753,60.773,60.555,60.555,19912,0
DMXF.US,D,20201204,000000,60.831,60.831,60.674,60.699,5883,0
DMXF.US,D,20201207,000000,60.467,60.575,60.348,60.377,13078,0
DMXF.US,D,20201208,000000,60.427,60.723,60.4,60.545,13012,0
DMXF.US,D,20201209,000000,60.812,60.812,60.368,60.585,8582,0
DMXF.US,D,20201210,000000,60.298,60.945,60.298,60.743,7718,0
DMXF.US,D,20201211,000000,60.338,60.674,60.338,60.664,5415,0
DMXF.US,D,20201214,000000,61.011,61.11,60.753,60.768,8681,0
DMXF.US,D,20201215,000000,60.991,61.407,60.991,61.407,5754,0
DMXF.US,D,20201216,000000,61.506,61.692,61.427,61.692,4343,0
DMXF.US,D,20201217,000000,62.299,62.299,62.152,62.152,4539,0
DMXF.US,D,20201218,000000,62.041,62.061,61.784,62.002,8073,0
DMXF.US,D,20201221,000000,60.624,61.437,60.436,61.276,9252,0
DMXF.US,D,20201222,000000,61.1,61.457,60.842,61.457,6085,0
DMXF.US,D,20201223,000000,61.714,61.843,61.575,61.833,7275,0
DMXF.US,D,20201224,000000,61.833,61.853,61.681,61.8,5894,0
DMXF.US,D,20201228,000000,62.467,62.695,62.12,62.636,4043,0
DMXF.US,D,20201229,000000,63.131,63.131,62.765,62.933,16426,0
DMXF.US,D,20201230,000000,63.25,63.379,62.992,62.992,8028,0
DMXF.US,D,20201231,000000,62.973,62.973,62.438,62.636,17617,0
DMXF.US,D,20210104,000000,63.518,63.547,62.717,62.864,6469,0
DMXF.US,D,20210105,000000,63.052,63.488,62.973,63.282,6886,0
DMXF.US,D,20210106,000000,63.319,64.073,63.319,63.826,9654,0
DMXF.US,D,20210107,000000,63.666,64.023,63.58,64.023,8011,0
DMXF.US,D,20210108,000000,64.409,64.488,63.983,64.448,7033,0
DMXF.US,D,20210111,000000,63.597,63.954,63.597,63.954,12834,0
DMXF.US,D,20210112,000000,63.696,64.043,63.597,64.043,9388,0
DMXF.US,D,20210113,000000,63.993,64.132,63.934,64.013,8053,0
DMXF.US,D,20210114,000000,64.261,64.865,64.261,64.865,30032,0
DMXF.US,D,20210115,000000,63.736,63.775,63.3,63.775,10091,0
DMXF.US,D,20210119,000000,64.112,64.723,63.835,64.08,8369,0
DMXF.US,D,20210120,000000,64.162,64.563,64.134,64.548,11481,0
DMXF.US,D,20210121,000000,64.548,64.806,64.178,64.659,15960,0
DMXF.US,D,20210122,000000,64.003,64.35,64.003,64.309,18913,0
DMXF.US,D,20210125,000000,63.884,64.172,63.607,64.172,12493,0
DMXF.US,D,20210126,000000,64.35,64.399,64.136,64.329,10661,0
DMXF.US,D,20210127,000000,63.171,63.419,62.725,62.853,11432,0
DMXF.US,D,20210128,000000,62.943,63.537,62.943,63.448,11478,0
DMXF.US,D,20210129,000000,62.556,62.665,61.704,62.12,19598,0
DMXF.US,D,20210201,000000,62.854,62.893,62.596,62.834,12992,0
DMXF.US,D,20210202,000000,63.141,63.468,63.141,63.468,14572,0
DMXF.US,D,20210203,000000,63.587,63.666,63.465,63.593,9249,0
DMXF.US,D,20210204,000000,63.379,63.597,63.379,63.539,12131,0
DMXF.US,D,20210205,000000,63.77,64.167,63.77,64.046,52936,0
DMXF.US,D,20210208,000000,64.657,64.715,64.429,64.516,11671,0
DMXF.US,D,20210209,000000,64.895,65.064,64.786,65.064,8993,0
DMXF.US,D,20210210,000000,65.074,65.103,64.608,64.669,8991,0
DMXF.US,D,20210211,000000,65.252,65.262,65.016,65.212,14796,0
DMXF.US,D,20210212,000000,65.445,65.765,65.445,65.765,11047,0
DMXF.US,D,20210216,000000,66.302,66.431,66.089,66.183,16619,0
DMXF.US,D,20210217,000000,65.609,65.688,65.301,65.688,17438,0
DMXF.US,D,20210218,000000,65.093,65.48,64.937,65.303,10553,0
DMXF.US,D,20210219,000000,65.559,65.817,65.485,65.588,19804,0
DMXF.US,D,20210222,000000,65.301,65.609,65.194,65.194,20927,0
DMXF.US,D,20210223,000000,64.974,65.381,64.855,65.381,14625,0
DMXF.US,D,20210224,000000,64.598,65.153,64.548,65.135,12235,0
DMXF.US,D,20210225,000000,65.232,65.232,63.964,64.142,22157,0
DMXF.US,D,20210226,000000,63.587,63.617,63.141,63.23,17214,0
DMXF.US,D,20210301,000000,63.954,64.469,63.954,64.4,15744,0
DMXF.US,D,20210302,000000,64.3,64.523,64.013,64.201,30277,0
DMXF.US,D,20210303,000000,63.924,64.092,63.587,63.627,15771,0
DMXF.US,D,20210304,000000,63.498,63.665,62.616,62.616,17658,0
DMXF.US,D,20210305,000000,62.556,63.022,62.22,63.022,12690,0
DMXF.US,D,20210308,000000,62.656,64.449,62.316,62.725,8956,0
DMXF.US,D,20210309,000000,63.419,63.736,63.419,63.736,11734,0
DMXF.US,D,20210310,000000,64.013,64.013,63.706,63.954,10431,0
DMXF.US,D,20210311,000000,64.092,64.39,64.057,64.33,14232,0
DMXF.US,D,20210312,000000,64.013,64.687,64.013,64.42,20369,0
DMXF.US,D,20210315,000000,64.409,64.568,64.201,64.488,17010,0
DMXF.US,D,20210316,000000,64.816,64.836,64.616,64.692,16066,0
DMXF.US,D,20210317,000000,64.727,64.994,64.375,64.915,11026,0
DMXF.US,D,20210318,000000,64.707,65.123,64.481,64.525,10877,0
DMXF.US,D,20210319,000000,64.479,64.756,64.162,64.577,14998,0
DMXF.US,D,20210322,000000,64.518,64.816,64.518,64.562,12838,0
DMXF.US,D,20210323,000000,64.31,64.39,63.785,63.874,42671,0
DMXF.US,D,20210324,000000,63.666,63.855,63.487,63.487,14857,0
DMXF.US,D,20210325,000000,63.577,64.033,63.379,63.98,17908,0
DMXF.US,D,20210326,000000,64.32,64.868,64.32,64.868,10640,0
DMXF.US,D,20210329,000000,64.608,64.717,64.342,64.603,17272,0
DMXF.US,D,20210330,000000,64.32,64.598,64.32,64.429,32371,0
DMXF.US,D,20210331,000000,64.375,64.647,64.317,64.317,17173,0
DMXF.US,D,20210401,000000,64.776,65.292,64.667,65.292,14914,0
DMXF.US,D,20210405,000000,65.906,66.317,65.787,66.277,20537,0
DMXF.US,D,20210406,000000,65.49,65.648,65.43,65.45,15061,0
DMXF.US,D,20210407,000000,65.529,65.698,65.43,65.599,21013,0
DMXF.US,D,20210408,000000,65.944,66.144,65.886,66.094,25415,0
DMXF.US,D,20210409,000000,66.144,66.352,66.144,66.322,19902,0
DMXF.US,D,20210412,000000,65.936,65.995,65.807,65.901,10800,0
DMXF.US,D,20210413,000000,66.163,66.377,66.163,66.377,15021,0
DMXF.US,D,20210414,000000,66.441,66.57,66.332,66.362,28737,0
DMXF.US,D,20210415,000000,66.778,66.887,66.72,66.877,26388,0
DMXF.US,D,20210416,000000,67.154,67.293,67.07,67.283,22807,0
DMXF.US,D,20210419,000000,67.333,67.333,66.996,67.03,23440,0
DMXF.US,D,20210420,000000,66.372,66.372,65.777,66.015,19535,0
DMXF.US,D,20210421,000000,66.163,66.679,66.163,66.679,23865,0
DMXF.US,D,20210422,000000,66.926,66.926,66.406,66.514,16001,0
DMXF.US,D,20210423,000000,66.798,67.371,66.759,67.234,19769,0
DMXF.US,D,20210426,000000,67.265,67.293,67.184,67.224,11798,0
DMXF.US,D,20210427,000000,66.887,66.976,66.788,66.976,12726,0
DMXF.US,D,20210428,000000,67.085,67.184,66.837,67.044,26391,0
DMXF.US,D,20210429,000000,67.193,67.193,66.599,67.053,15100,0
DMXF.US,D,20210430,000000,66.718,66.718,65.998,66.086,14533,0
DMXF.US,D,20210503,000000,66.649,66.956,66.591,66.907,15966,0
DMXF.US,D,20210504,000000,66.144,66.982,65.416,65.807,16221,0
DMXF.US,D,20210505,000000,66.447,66.806,66.421,66.677,18018,0
DMXF.US,D,20210506,000000,66.718,66.966,66.485,66.857,79746,0
DMXF.US,D,20210507,000000,67.313,67.937,67.313,67.926,10715,0
DMXF.US,D,20210510,000000,68.125,68.125,67.437,67.437,6735,0
DMXF.US,D,20210511,000000,66.173,66.609,66.137,66.459,20087,0
DMXF.US,D,20210512,000000,65.936,66.084,65.108,65.171,49195,0
DMXF.US,D,20210513,000000,65.262,65.807,65.262,65.693,15724,0
DMXF.US,D,20210514,000000,66.441,67.144,66.441,67.144,10113,0
DMXF.US,D,20210517,000000,66.56,66.738,66.448,66.699,21080,0
DMXF.US,D,20210518,000000,67.253,67.343,66.986,66.986,23283,0
DMXF.US,D,20210519,000000,66.183,66.619,65.965,66.401,23206,0
DMXF.US,D,20210520,000000,67.154,67.501,67.154,67.422,12537,0
DMXF.US,D,20210521,000000,67.526,67.689,67.268,67.531,19838,0
DMXF.US,D,20210524,000000,67.917,68.025,67.813,67.947,15505,0
DMXF.US,D,20210525,000000,68.225,68.249,67.898,67.976,11395,0
DMXF.US,D,20210526,000000,68.036,68.036,67.873,67.942,19444,0
DMXF.US,D,20210527,000000,68.056,68.155,67.945,68.155,11773,0
DMXF.US,D,20210528,000000,68.334,68.561,68.334,68.373,12320,0
DMXF.US,D,20210601,000000,68.799,68.799,68.303,68.303,23919,0
DMXF.US,D,20210602,000000,68.433,68.64,68.423,68.512,15740,0
DMXF.US,D,20210603,000000,68.225,68.225,68.048,68.14,13222,0
DMXF.US,D,20210604,000000,68.659,68.877,68.636,68.777,8162,0
DMXF.US,D,20210607,000000,69.037,69.126,68.928,69.044,10227,0
DMXF.US,D,20210608,000000,69.097,69.186,68.983,69.027,210696,0
DMXF.US,D,20210609,000000,68.809,68.908,68.718,68.718,16344,0
DMXF.US,D,20210610,000000,68.92,69.11,68.845,69.09,18387,0
DMXF.US,D,20210611,000000,68.98,69.2,68.96,69.1396,10842,0
DMXF.US,D,20210614,000000,69.18,69.29,69.15,69.2575,9276,0
DMXF.US,D,20210615,000000,69.33,69.49,69.25,69.3566,67296,0
DMXF.US,D,20210616,000000,69.48,69.5191,68.73,69.02,16346,0
DMXF.US,D,20210617,000000,68.45,68.56,68.18,68.53,10439,0
DMXF.US,D,20210618,000000,67.47,67.48,67.04,67.04,16721,0
DMXF.US,D,20210621,000000,67.64,68.17,67.56,68.115,29461,0
DMXF.US,D,20210622,000000,67.89,68.35,67.8625,68.315,10991,0
DMXF.US,D,20210623,000000,68.09,68.13,67.62,67.74,17501,0
DMXF.US,D,20210624,000000,68.3586,68.44,68.23,68.43,13046,0
DMXF.US,D,20210625,000000,68.58,68.65,68.4213,68.65,21879,0
DMXF.US,D,20210628,000000,68.41,68.41,68.125,68.2134,16101,0
DMXF.US,D,20210629,000000,68.44,68.44,68.2,68.35,19740,0
DMXF.US,D,20210630,000000,67.62,67.8825,67.4831,67.7053,16675,0
DMXF.US,D,20210701,000000,67.67,67.8699,67.49,67.8154,25563,0
DMXF.US,D,20210702,000000,67.9032,68.15,67.82,68.0946,9368,0
DMXF.US,D,20210706,000000,68.2,68.2,67.58,67.8181,9490,0
DMXF.US,D,20210707,000000,68.16,68.34,68.07,68.31,15290,0
DMXF.US,D,20210708,000000,67.17,67.38,67,67.2341,17327,0
DMXF.US,D,20210709,000000,67.965,68.49,67.965,68.49,15351,0
DMXF.US,D,20210712,000000,68.55,68.8199,68.55,68.78,9622,0
DMXF.US,D,20210713,000000,68.59,68.7699,68.37,68.4184,24512,0
DMXF.US,D,20210714,000000,68.78,68.83,68.655,68.6597,14684,0
DMXF.US,D,20210715,000000,68.07,68.16,67.78,68,15673,0
DMXF.US,D,20210716,000000,67.8,67.8,67.3201,67.405,14418,0
DMXF.US,D,20210719,000000,66.5,66.5,66.03,66.2556,18097,0
DMXF.US,D,20210720,000000,66.31,67.02,66.2321,66.9294,32932,0
DMXF.US,D,20210721,000000,67.33,67.9386,67.3,67.8581,11310,0
DMXF.US,D,20210722,000000,68.18,68.2,67.9301,68.0757,14597,0
DMXF.US,D,20210723,000000,68.51,68.69,68.39,68.58,146432,0
DMXF.US,D,20210726,000000,68.31,68.5,68.31,68.49,34285,0
DMXF.US,D,20210727,000000,68.17,68.17,67.811,68.1023,14173,0
DMXF.US,D,20210728,000000,68.08,68.53,68.04,68.4307,21139,0
DMXF.US,D,20210729,000000,68.99,69.1425,68.865,68.8998,12546,0
DMXF.US,D,20210730,000000,68.71,68.78,68.4711,68.5649,13697,0
DMXF.US,D,20210802,000000,69.21,69.2987,68.89,68.9175,18612,0
DMXF.US,D,20210803,000000,69.25,69.44,69.05,69.3331,14380,0
DMXF.US,D,20210804,000000,69.61,69.61,69.341,69.3703,26492,0
DMXF.US,D,20210805,000000,69.8442,69.8996,69.7201,69.7656,14127,0
DMXF.US,D,20210806,000000,69.64,69.64,69.35,69.4017,13662,0
DMXF.US,D,20210809,000000,69.44,69.5189,69.4,69.4297,9999,0
DMXF.US,D,20210810,000000,69.4889,69.56,69.405,69.5256,18303,0
DMXF.US,D,20210811,000000,69.92,70.02,69.7907,69.9919,11623,0
DMXF.US,D,20210812,000000,69.92,70.02,69.7935,69.9557,11873,0
DMXF.US,D,20210813,000000,70.27,70.51,70.27,70.4233,11928,0
DMXF.US,D,20210816,000000,69.95,70.1851,69.8,70.1279,12717,0
DMXF.US,D,20210817,000000,69.57,69.64,69.2311,69.5269,17373,0
DMXF.US,D,20210818,000000,69.74,69.88,69.48,69.48,18299,0
DMXF.US,D,20210819,000000,68.7,69.1992,68.7,68.9932,18619,0
DMXF.US,D,20210820,000000,69.0311,69.43,69.0311,69.3669,11283,0
DMXF.US,D,20210823,000000,69.75,70.14,69.75,70.0428,11036,0
DMXF.US,D,20210824,000000,70.1599,70.295,70.0764,70.23,11859,0
DMXF.US,D,20210825,000000,70.03,70.269,70.0216,70.1984,14084,0
DMXF.US,D,20210826,000000,69.98,70.05,69.7666,69.7738,12249,0
DMXF.US,D,20210827,000000,70.03,70.52,69.92,70.4296,12324,0
DMXF.US,D,20210830,000000,70.46,70.61,70.35,70.4869,13008,0
DMXF.US,D,20210831,000000,70.64,70.64,70.36,70.4138,25315,0
DMXF.US,D,20210901,000000,70.95,71.36,70.9273,71.0971,12827,0
