<TICKER>,<PER>,<DATE>,<TIME>,<OPEN>,<HIGH>,<LOW>,<CLOSE>,<VOL>,<OPENINT>
DVLU.US,D,20180913,000000,18.889,18.889,18.889,18.889,426323,0
DVLU.US,D,20180914,000000,18.946,18.987,18.928,18.987,45405,0
DVLU.US,D,20180917,000000,19.035,19.035,18.832,18.85,2107,0
DVLU.US,D,20180918,000000,18.899,18.899,18.872,18.88,2530,0
DVLU.US,D,20180919,000000,18.958,18.958,18.899,18.899,942,0
DVLU.US,D,20180920,000000,19.054,19.063,19.016,19.063,10888,0
DVLU.US,D,20180921,000000,19.05,19.072,19.024,19.024,4001,0
DVLU.US,D,20180924,000000,18.939,18.939,18.928,18.928,556,0
DVLU.US,D,20180925,000000,19.016,19.016,18.918,18.923,5265,0
DVLU.US,D,20180926,000000,18.876,18.918,18.822,18.88,19182,0
DVLU.US,D,20180927,000000,18.805,18.823,18.718,18.718,143677,0
DVLU.US,D,20180928,000000,18.679,18.717,18.679,18.679,4785,0
DVLU.US,D,20181001,000000,18.694,18.694,18.623,18.623,786,0
DVLU.US,D,20181002,000000,18.698,18.698,18.545,18.565,15053,0
DVLU.US,D,20181003,000000,18.85,18.85,18.63,18.661,6382,0
DVLU.US,D,20181004,000000,18.708,18.708,18.46,18.46,368,0
DVLU.US,D,20181005,000000,18.383,18.383,18.383,18.383,217,0
DVLU.US,D,20181008,000000,18.364,18.364,18.364,18.364,104,0
DVLU.US,D,20181009,000000,18.412,18.412,18.386,18.386,1812,0
DVLU.US,D,20181010,000000,18.165,18.165,17.986,17.986,942,0
DVLU.US,D,20181011,000000,17.705,17.705,17.523,17.523,1024,0
DVLU.US,D,20181012,000000,17.514,17.514,17.334,17.334,577,0
DVLU.US,D,20181015,000000,17.533,17.582,17.533,17.582,1215,0
DVLU.US,D,20181016,000000,19.108,19.108,17.475,17.685,1850,0
DVLU.US,D,20181017,000000,18.155,18.155,17.725,17.725,3427,0
DVLU.US,D,20181018,000000,18.155,18.155,17.475,17.533,4761,0
DVLU.US,D,20181019,000000,17.601,17.601,17.465,17.465,3748,0
DVLU.US,D,20181022,000000,17.362,17.362,17.324,17.324,2153,0
DVLU.US,D,20181023,000000,17.044,17.064,16.822,17.064,1003,0
DVLU.US,D,20181024,000000,16.748,16.748,16.722,16.74,979,0
DVLU.US,D,20181025,000000,16.74,16.769,16.586,16.664,2981,0
DVLU.US,D,20181026,000000,16.288,16.288,16.288,16.288,150,0
DVLU.US,D,20181029,000000,16.703,16.703,16.703,16.703,107,0
DVLU.US,D,20181031,000000,17.123,17.18,17.123,17.18,572,0
DVLU.US,D,20181101,000000,16.99,17.132,16.99,17.128,6378,0
DVLU.US,D,20181102,000000,17.044,17.044,17.026,17.026,1161,0
DVLU.US,D,20181105,000000,17.074,17.141,17.074,17.129,1904,0
DVLU.US,D,20181106,000000,17.304,17.304,17.292,17.292,939,0
DVLU.US,D,20181107,000000,17.266,17.324,17.266,17.324,481,0
DVLU.US,D,20181108,000000,17.422,17.422,17.422,17.422,473,0
DVLU.US,D,20181109,000000,17.218,17.218,17.218,17.218,104,0
DVLU.US,D,20181112,000000,17.103,17.103,17.103,17.103,208,0
DVLU.US,D,20181114,000000,16.978,16.978,16.96,16.96,1184,0
DVLU.US,D,20181115,000000,16.827,16.861,16.788,16.836,3936,0
DVLU.US,D,20181119,000000,16.96,16.96,16.883,16.883,605,0
DVLU.US,D,20181120,000000,16.37,16.417,16.37,16.417,3485,0
DVLU.US,D,20181121,000000,16.464,16.596,16.433,16.596,1374,0
DVLU.US,D,20181123,000000,16.554,16.554,16.554,16.554,317,0
DVLU.US,D,20181126,000000,16.822,16.822,16.752,16.752,2403,0
DVLU.US,D,20181127,000000,16.75,16.75,16.7,16.7,300,0
DVLU.US,D,20181128,000000,17.049,17.695,16.775,17.695,2674,0
DVLU.US,D,20181129,000000,17.064,17.064,17.064,17.064,747,0
DVLU.US,D,20181130,000000,16.988,16.988,16.988,16.988,280,0
DVLU.US,D,20181203,000000,17.189,17.189,17.132,17.174,467,0
DVLU.US,D,20181204,000000,17.078,17.078,16.48,16.48,4839,0
DVLU.US,D,20181206,000000,16.243,16.417,16.07,16.374,5122,0
DVLU.US,D,20181207,000000,16.052,16.052,16.052,16.052,104,0
DVLU.US,D,20181210,000000,15.783,15.785,15.614,15.785,923,0
DVLU.US,D,20181211,000000,15.756,15.88,15.756,15.756,1603,0
DVLU.US,D,20181214,000000,15.613,15.613,15.613,15.613,205,0
DVLU.US,D,20181217,000000,15.346,15.346,15.183,15.183,3107,0
DVLU.US,D,20181218,000000,15.279,15.279,15.279,15.279,356,0
DVLU.US,D,20181219,000000,15.183,15.183,14.78,14.803,5651,0
DVLU.US,D,20181220,000000,14.606,14.636,14.578,14.636,1682,0
DVLU.US,D,20181221,000000,14.476,14.476,14.476,14.476,372,0
DVLU.US,D,20181224,000000,13.732,14.116,13.732,14.001,4612,0
DVLU.US,D,20181226,000000,14.568,14.568,13.829,14.568,8847,0
DVLU.US,D,20181227,000000,14.404,14.424,14.346,14.346,3629,0
DVLU.US,D,20190102,000000,14.914,14.914,14.914,14.914,104,0
DVLU.US,D,20190103,000000,14.774,14.855,14.732,14.741,1517,0
DVLU.US,D,20190107,000000,15.415,15.5,15.415,15.5,440,0
DVLU.US,D,20190108,000000,15.548,15.548,15.529,15.529,23454,0
DVLU.US,D,20190110,000000,15.705,15.769,15.705,15.759,2181,0
DVLU.US,D,20190111,000000,15.71,15.854,15.71,15.854,1028,0
DVLU.US,D,20190114,000000,15.843,15.864,15.84,15.84,1591,0
DVLU.US,D,20190115,000000,15.842,15.904,15.842,15.904,1885,0
DVLU.US,D,20190116,000000,16.096,16.143,16,16.143,44514,0
DVLU.US,D,20190117,000000,16.134,16.198,16.134,16.198,207,0
DVLU.US,D,20190118,000000,16.434,16.472,16.434,16.434,4269,0
DVLU.US,D,20190122,000000,16.365,16.365,16.288,16.288,1175,0
DVLU.US,D,20190123,000000,16.405,16.405,16.285,16.325,14942,0
DVLU.US,D,20190124,000000,16.405,16.405,16.305,16.305,3330,0
DVLU.US,D,20190125,000000,16.663,16.663,16.446,16.452,11833,0
DVLU.US,D,20190128,000000,16.325,16.365,16.298,16.345,747,0
DVLU.US,D,20190129,000000,16.441,16.472,16.441,16.462,8736,0
DVLU.US,D,20190130,000000,16.614,16.653,16.594,16.624,14005,0
DVLU.US,D,20190131,000000,16.624,16.693,16.61,16.683,5356,0
DVLU.US,D,20190201,000000,16.778,16.778,16.739,16.749,5331,0
DVLU.US,D,20190204,000000,16.735,16.865,16.735,16.865,27693,0
DVLU.US,D,20190205,000000,16.998,16.998,16.923,16.958,25130,0
DVLU.US,D,20190206,000000,16.952,16.952,16.952,16.952,269,0
DVLU.US,D,20190207,000000,16.911,16.979,16.865,16.979,694,0
DVLU.US,D,20190208,000000,16.893,16.913,16.893,16.904,831,0
DVLU.US,D,20190211,000000,16.952,16.989,16.952,16.961,1761,0
DVLU.US,D,20190212,000000,17.297,17.297,17.084,17.114,34291,0
DVLU.US,D,20190213,000000,17.7,17.7,17.168,17.23,5582,0
DVLU.US,D,20190214,000000,17.2,17.259,17.2,17.259,379,0
DVLU.US,D,20190215,000000,17.327,17.327,17.311,17.327,2512,0
DVLU.US,D,20190219,000000,17.372,17.439,17.372,17.403,15355,0
DVLU.US,D,20190220,000000,17.372,17.439,17.337,17.422,7625,0
DVLU.US,D,20190221,000000,17.422,17.422,17.384,17.384,1157,0
DVLU.US,D,20190222,000000,17.453,17.488,17.438,17.459,9928,0
DVLU.US,D,20190225,000000,17.518,17.518,17.403,17.403,1593,0
DVLU.US,D,20190226,000000,17.413,17.413,17.337,17.337,631,0
DVLU.US,D,20190227,000000,17.21,17.238,17.2,17.217,4764,0
DVLU.US,D,20190228,000000,17.307,17.317,17.307,17.307,2575,0
DVLU.US,D,20190301,000000,17.432,17.432,17.346,17.384,3827,0
DVLU.US,D,20190305,000000,17.22,17.268,17.22,17.22,1397,0
DVLU.US,D,20190306,000000,17.188,17.188,17.023,17.023,88281,0
DVLU.US,D,20190307,000000,16.904,16.961,16.875,16.875,52018,0
DVLU.US,D,20190311,000000,17.017,17.104,17.017,17.091,4993,0
DVLU.US,D,20190312,000000,17.114,17.172,17.094,17.142,9080,0
DVLU.US,D,20190313,000000,17.268,17.268,17.223,17.249,3137,0
DVLU.US,D,20190315,000000,17.259,17.327,17.239,17.239,846,0
DVLU.US,D,20190318,000000,17.384,17.384,17.384,17.384,735,0
DVLU.US,D,20190319,000000,17.413,17.413,17.348,17.356,1925,0
DVLU.US,D,20190320,000000,17.172,17.172,17.172,17.172,867,0
DVLU.US,D,20190321,000000,17.265,17.265,17.265,17.265,1001,0
DVLU.US,D,20190325,000000,16.874,16.989,16.864,16.951,10011,0
DVLU.US,D,20190326,000000,17.045,17.045,16.969,16.969,1720,0
DVLU.US,D,20190327,000000,17.027,17.027,16.931,16.961,4325,0
DVLU.US,D,20190328,000000,17.045,17.045,16.938,16.998,4531,0
DVLU.US,D,20190329,000000,17.114,17.114,17.075,17.094,2037,0
DVLU.US,D,20190401,000000,17.045,17.288,17.045,17.278,4437,0
DVLU.US,D,20190402,000000,17.307,17.307,17.288,17.288,3553,0
DVLU.US,D,20190403,000000,17.124,17.423,17.124,17.394,2492,0
DVLU.US,D,20190404,000000,17.374,17.489,17.374,17.45,3697,0
DVLU.US,D,20190405,000000,17.578,17.596,17.552,17.552,2278,0
DVLU.US,D,20190408,000000,17.568,17.568,17.568,17.568,686,0
DVLU.US,D,20190409,000000,17.465,17.465,17.432,17.432,5212,0
DVLU.US,D,20190410,000000,17.548,17.568,17.537,17.568,2220,0
DVLU.US,D,20190411,000000,17.626,17.626,17.626,17.626,285,0
DVLU.US,D,20190412,000000,17.681,17.681,17.681,17.681,785,0
DVLU.US,D,20190415,000000,17.642,17.65,17.642,17.65,456,0
DVLU.US,D,20190416,000000,17.744,17.744,17.662,17.662,9350,0
DVLU.US,D,20190417,000000,17.681,17.681,17.573,17.616,2499,0
DVLU.US,D,20190418,000000,17.635,17.701,17.635,17.701,1806,0
DVLU.US,D,20190422,000000,17.626,17.626,17.574,17.574,1310,0
DVLU.US,D,20190423,000000,17.662,17.779,17.662,17.75,4568,0
DVLU.US,D,20190424,000000,17.842,17.842,17.842,17.842,473,0
DVLU.US,D,20190425,000000,17.843,17.843,17.817,17.817,320,0
DVLU.US,D,20190429,000000,17.701,17.994,17.701,17.994,1892,0
DVLU.US,D,20190430,000000,18.029,18.032,18.016,18.032,695,0
DVLU.US,D,20190501,000000,18.057,18.057,17.875,17.875,1748,0
DVLU.US,D,20190502,000000,17.736,17.736,17.736,17.736,421,0
DVLU.US,D,20190503,000000,17.991,17.991,17.991,17.991,570,0
DVLU.US,D,20190506,000000,18.047,18.047,18.024,18.024,623,0
DVLU.US,D,20190507,000000,17.77,17.827,17.616,17.653,28615,0
DVLU.US,D,20190508,000000,17.73,17.73,17.73,17.73,554,0
DVLU.US,D,20190509,000000,17.582,17.582,17.582,17.582,110,0
DVLU.US,D,20190510,000000,17.558,17.558,17.548,17.548,680,0
DVLU.US,D,20190513,000000,17.578,17.578,17.104,17.259,1284,0
DVLU.US,D,20190514,000000,17.37,17.37,17.365,17.365,466,0
DVLU.US,D,20190515,000000,17.386,17.44,17.386,17.423,8698,0
DVLU.US,D,20190516,000000,17.538,17.616,17.538,17.587,9817,0
DVLU.US,D,20190517,000000,17.538,17.538,17.509,17.509,9223,0
DVLU.US,D,20190520,000000,17.404,17.404,17.404,17.404,102,0
DVLU.US,D,20190521,000000,17.568,17.568,17.558,17.558,1613,0
DVLU.US,D,20190522,000000,17.568,17.568,17.499,17.499,3632,0
DVLU.US,D,20190523,000000,17.2,17.21,17.107,17.21,6502,0
DVLU.US,D,20190524,000000,17.268,17.288,17.182,17.239,13145,0
DVLU.US,D,20190528,000000,17.268,17.268,17.152,17.172,6251,0
DVLU.US,D,20190529,000000,16.979,16.984,16.941,16.941,9280,0
DVLU.US,D,20190530,000000,17.094,17.094,17.094,17.094,10639,0
DVLU.US,D,20190603,000000,16.714,16.715,16.71,16.715,1869,0
DVLU.US,D,20190604,000000,17.104,17.104,17.104,17.104,125,0
DVLU.US,D,20190605,000000,17.239,17.239,17.239,17.239,193,0
DVLU.US,D,20190606,000000,17.113,17.191,17.113,17.191,834,0
DVLU.US,D,20190607,000000,17.259,17.292,17.259,17.292,5776,0
DVLU.US,D,20190610,000000,17.365,17.384,17.365,17.366,5747,0
DVLU.US,D,20190611,000000,17.317,17.317,17.317,17.317,161,0
DVLU.US,D,20190612,000000,17.354,17.374,17.337,17.374,2692,0
DVLU.US,D,20190613,000000,17.382,17.47,17.382,17.47,5278,0
DVLU.US,D,20190614,000000,17.374,17.394,17.345,17.394,921,0
DVLU.US,D,20190617,000000,17.374,17.379,17.365,17.379,885,0
DVLU.US,D,20190618,000000,17.617,17.617,17.617,17.617,156,0
DVLU.US,D,20190619,000000,17.548,17.555,17.542,17.542,680,0
DVLU.US,D,20190620,000000,17.644,17.682,17.644,17.681,5453,0
DVLU.US,D,20190621,000000,17.58,17.641,17.577,17.577,1151,0
DVLU.US,D,20190624,000000,17.568,17.568,17.47,17.47,1418,0
DVLU.US,D,20190625,000000,17.48,17.48,17.384,17.384,944,0
DVLU.US,D,20190626,000000,17.44,17.47,17.345,17.345,5567,0
DVLU.US,D,20190627,000000,17.44,17.44,17.44,17.44,346,0
DVLU.US,D,20190628,000000,17.676,17.676,17.627,17.644,2313,0
DVLU.US,D,20190701,000000,17.819,17.829,17.771,17.809,14706,0
DVLU.US,D,20190702,000000,17.819,17.829,17.779,17.789,3986,0
DVLU.US,D,20190703,000000,17.934,17.993,17.91,17.993,947,0
DVLU.US,D,20190705,000000,17.953,17.97,17.953,17.97,623,0
DVLU.US,D,20190708,000000,18.023,18.023,17.9,17.9,1802,0
DVLU.US,D,20190709,000000,17.789,17.789,17.789,17.789,1391,0
DVLU.US,D,20190710,000000,17.858,17.91,17.857,17.881,15603,0
DVLU.US,D,20190711,000000,17.848,17.905,17.843,17.896,1752,0
DVLU.US,D,20190712,000000,18.11,18.149,18.103,18.149,2911,0
DVLU.US,D,20190715,000000,18.109,18.109,18.109,18.109,201,0
DVLU.US,D,20190716,000000,18.217,18.244,18.177,18.177,7173,0
DVLU.US,D,20190717,000000,18.244,18.244,18.05,18.05,516,0
DVLU.US,D,20190718,000000,18.023,18.08,18.023,18.023,3442,0
DVLU.US,D,20190719,000000,18.148,18.148,18.119,18.119,1155,0
DVLU.US,D,20190722,000000,18.049,18.049,17.983,17.983,7368,0
DVLU.US,D,20190723,000000,18.018,18.023,17.829,18.018,1988,0
DVLU.US,D,20190724,000000,18.023,18.234,18.023,18.231,19681,0
DVLU.US,D,20190725,000000,18.279,18.279,18.168,18.177,2872,0
DVLU.US,D,20190726,000000,18.278,18.351,18.278,18.351,1581,0
DVLU.US,D,20190729,000000,18.418,18.418,18.341,18.341,2026,0
DVLU.US,D,20190730,000000,18.254,18.388,18.254,18.379,11288,0
DVLU.US,D,20190731,000000,18.408,18.408,18.274,18.274,3007,0
DVLU.US,D,20190801,000000,18.266,18.266,17.809,17.848,15824,0
DVLU.US,D,20190802,000000,17.819,17.819,17.627,17.731,2670,0
DVLU.US,D,20190805,000000,17.384,17.384,17.122,17.122,926,0
DVLU.US,D,20190806,000000,17.275,17.46,17.238,17.46,35463,0
DVLU.US,D,20190807,000000,17.306,17.498,17.305,17.498,1137,0
DVLU.US,D,20190808,000000,17.764,17.764,17.764,17.764,471,0
DVLU.US,D,20190809,000000,17.636,17.672,17.636,17.654,5559,0
DVLU.US,D,20190812,000000,17.46,17.46,17.301,17.319,1815,0
DVLU.US,D,20190813,000000,17.538,17.548,17.538,17.548,428,0
DVLU.US,D,20190814,000000,17.267,17.267,17.059,17.102,999,0
DVLU.US,D,20190815,000000,17.043,17.053,16.977,16.996,6172,0
DVLU.US,D,20190816,000000,17.161,17.316,17.161,17.287,2376,0
DVLU.US,D,20190819,000000,17.47,17.489,17.47,17.489,655,0
DVLU.US,D,20190820,000000,17.423,17.423,17.394,17.394,883,0
DVLU.US,D,20190821,000000,17.45,17.46,17.45,17.45,740,0
DVLU.US,D,20190822,000000,17.423,17.548,17.423,17.548,469,0
DVLU.US,D,20190823,000000,17.548,17.548,17.015,17.034,7559,0
DVLU.US,D,20190826,000000,17.122,17.199,17.122,17.199,2637,0
DVLU.US,D,20190827,000000,17.258,17.258,17.151,17.151,334,0
DVLU.US,D,20190828,000000,17.073,17.209,17.073,17.209,780,0
DVLU.US,D,20190829,000000,17.296,17.402,17.296,17.402,856,0
DVLU.US,D,20190830,000000,17.432,17.499,17.432,17.45,3908,0
DVLU.US,D,20190903,000000,17.306,17.316,17.277,17.296,556,0
DVLU.US,D,20190904,000000,17.432,17.466,17.432,17.45,1645,0
DVLU.US,D,20190905,000000,17.771,17.771,17.692,17.702,4055,0
DVLU.US,D,20190906,000000,17.786,17.786,17.692,17.702,3803,0
DVLU.US,D,20190909,000000,17.741,17.848,17.731,17.848,1060,0
DVLU.US,D,20190910,000000,17.858,17.858,17.858,17.858,161,0
DVLU.US,D,20190911,000000,18.003,18.109,18.003,18.07,2723,0
DVLU.US,D,20190912,000000,18.053,18.119,18.04,18.04,3270,0
DVLU.US,D,20190913,000000,18.119,18.158,18.086,18.089,2072,0
DVLU.US,D,20190916,000000,18.05,18.089,18.031,18.08,1951,0
DVLU.US,D,20190917,000000,18.085,18.085,18.085,18.085,1250,0
DVLU.US,D,20190918,000000,18.177,18.177,18.013,18.138,8554,0
DVLU.US,D,20190919,000000,18.207,18.217,18.158,18.158,1437,0
DVLU.US,D,20190920,000000,18.227,18.274,18.187,18.187,1974,0
DVLU.US,D,20190923,000000,18.129,18.244,18.129,18.244,3829,0
DVLU.US,D,20190924,000000,18.187,18.187,18.013,18.013,1400,0
DVLU.US,D,20190925,000000,18.023,18.163,18.023,18.163,1362,0
DVLU.US,D,20190926,000000,18.003,18.046,17.993,18.037,1483,0
DVLU.US,D,20190927,000000,18.003,18.06,17.876,17.88,6299,0
DVLU.US,D,20190930,000000,17.973,17.973,17.973,17.973,102,0
DVLU.US,D,20191001,000000,17.749,17.749,17.749,17.749,885,0
DVLU.US,D,20191002,000000,17.486,17.486,17.38,17.4,2516,0
DVLU.US,D,20191003,000000,17.453,17.506,17.27,17.506,7104,0
DVLU.US,D,20191004,000000,17.516,17.633,17.516,17.633,719,0
DVLU.US,D,20191007,000000,17.68,17.749,17.661,17.661,2567,0
DVLU.US,D,20191008,000000,17.419,17.516,17.409,17.516,1456,0
DVLU.US,D,20191009,000000,17.436,17.565,17.436,17.565,1925,0
DVLU.US,D,20191010,000000,17.604,17.604,17.594,17.604,808,0
DVLU.US,D,20191011,000000,17.914,18.031,17.914,18.031,8825,0
DVLU.US,D,20191014,000000,17.904,17.904,17.859,17.859,728,0
DVLU.US,D,20191016,000000,18.003,18.003,17.963,17.963,284,0
DVLU.US,D,20191017,000000,18.05,18.169,18.05,18.11,33086,0
DVLU.US,D,20191018,000000,18.135,18.169,18.134,18.16,2637,0
DVLU.US,D,20191021,000000,18.319,18.319,18.315,18.315,560,0
DVLU.US,D,20191022,000000,18.305,18.587,18.305,18.333,9524,0
DVLU.US,D,20191023,000000,18.256,18.286,18.256,18.286,3874,0
DVLU.US,D,20191024,000000,18.276,18.347,18.212,18.273,1809,0
DVLU.US,D,20191025,000000,18.411,18.411,18.398,18.398,8536,0
DVLU.US,D,20191028,000000,18.519,18.528,18.489,18.509,4320,0
DVLU.US,D,20191029,000000,18.567,18.615,18.567,18.606,9136,0
DVLU.US,D,20191030,000000,18.528,18.621,18.528,18.621,933,0
DVLU.US,D,20191031,000000,18.401,18.401,18.08,18.286,44902,0
DVLU.US,D,20191101,000000,18.547,18.587,18.547,18.577,6344,0
DVLU.US,D,20191104,000000,18.704,18.754,18.697,18.754,1384,0
DVLU.US,D,20191105,000000,19.473,19.473,18.754,18.801,3800,0
DVLU.US,D,20191106,000000,18.787,18.8,18.785,18.792,2783,0
DVLU.US,D,20191107,000000,18.898,19.473,18.792,18.792,4751,0
DVLU.US,D,20191108,000000,18.801,18.801,18.801,18.801,414,0
DVLU.US,D,20191111,000000,18.81,18.813,18.801,18.801,2890,0
DVLU.US,D,20191112,000000,18.878,18.898,18.838,18.838,6159,0
DVLU.US,D,20191113,000000,18.838,18.848,18.782,18.829,67061,0
DVLU.US,D,20191114,000000,18.858,18.907,18.843,18.901,15364,0
DVLU.US,D,20191115,000000,18.958,19.007,18.927,18.957,17141,0
DVLU.US,D,20191118,000000,18.917,18.957,18.898,18.931,3248,0
DVLU.US,D,20191119,000000,18.912,18.957,18.907,18.917,15920,0
DVLU.US,D,20191120,000000,18.898,18.907,18.734,18.838,8267,0
DVLU.US,D,20191121,000000,18.83,18.83,18.773,18.782,8783,0
DVLU.US,D,20191122,000000,18.838,18.838,18.798,18.829,3854,0
DVLU.US,D,20191125,000000,18.988,19.017,18.982,18.997,3988,0
DVLU.US,D,20191126,000000,19.054,19.121,19.054,19.106,4412,0
DVLU.US,D,20191127,000000,19.169,19.21,19.169,19.2,5439,0
DVLU.US,D,20191129,000000,19.166,19.166,19.074,19.074,963,0
DVLU.US,D,20191202,000000,19.017,19.036,18.903,18.903,3151,0
DVLU.US,D,20191203,000000,18.684,18.744,18.674,18.711,1423,0
DVLU.US,D,20191205,000000,18.817,18.878,18.817,18.829,968,0
DVLU.US,D,20191206,000000,19.036,19.054,19.017,19.054,2137,0
DVLU.US,D,20191209,000000,18.922,18.922,18.888,18.89,848,0
DVLU.US,D,20191210,000000,18.947,18.957,18.898,18.927,3091,0
DVLU.US,D,20191211,000000,18.977,18.982,18.957,18.982,454,0
DVLU.US,D,20191212,000000,19.228,19.238,19.181,19.205,10574,0
DVLU.US,D,20191213,000000,19.117,19.117,19.117,19.117,933,0
DVLU.US,D,20191216,000000,19.265,19.323,19.234,19.234,3424,0
DVLU.US,D,20191217,000000,19.323,19.323,19.295,19.313,3309,0
DVLU.US,D,20191218,000000,19.362,19.362,19.235,19.235,6142,0
DVLU.US,D,20191219,000000,19.245,19.285,19.237,19.255,18746,0
DVLU.US,D,20191220,000000,19.333,19.351,19.333,19.351,237,0
DVLU.US,D,20191223,000000,19.323,19.323,19.274,19.274,2028,0
DVLU.US,D,20191226,000000,19.34,19.34,19.276,19.276,370,0
DVLU.US,D,20191227,000000,19.245,19.275,19.235,19.235,4420,0
DVLU.US,D,20191230,000000,19.205,19.242,19.185,19.185,7935,0
DVLU.US,D,20191231,000000,19.197,19.275,19.167,19.167,37124,0
DVLU.US,D,20200102,000000,19.291,19.326,19.24,19.326,889,0
DVLU.US,D,20200103,000000,19.137,19.218,19.117,19.177,4735,0
DVLU.US,D,20200106,000000,18.982,19.113,18.982,19.113,759,0
DVLU.US,D,20200107,000000,19.187,19.187,19.107,19.108,1974,0
DVLU.US,D,20200109,000000,19.282,19.287,19.282,19.287,154,0
DVLU.US,D,20200110,000000,19.265,19.362,19.265,19.362,2216,0
DVLU.US,D,20200113,000000,19.295,19.386,19.295,19.386,6349,0
DVLU.US,D,20200114,000000,19.481,19.481,19.375,19.375,2068,0
DVLU.US,D,20200115,000000,19.364,19.367,19.33,19.367,3219,0
DVLU.US,D,20200116,000000,19.578,19.605,19.578,19.605,736,0
DVLU.US,D,20200117,000000,19.695,19.695,19.63,19.656,1701,0
DVLU.US,D,20200121,000000,19.568,19.603,19.5,19.5,6617,0
DVLU.US,D,20200122,000000,19.586,19.586,19.517,19.549,1686,0
DVLU.US,D,20200123,000000,19.421,19.568,19.421,19.554,1498,0
DVLU.US,D,20200124,000000,19.323,19.352,19.313,19.314,5021,0
DVLU.US,D,20200127,000000,19.047,19.088,19.035,19.035,655,0
DVLU.US,D,20200128,000000,19.141,19.212,19.141,19.212,621,0
DVLU.US,D,20200129,000000,19.216,19.216,19.142,19.167,10383,0
DVLU.US,D,20200130,000000,19.023,19.132,19.022,19.132,797,0
DVLU.US,D,20200131,000000,18.922,18.922,18.805,18.917,95204,0
DVLU.US,D,20200203,000000,19.047,19.055,19.042,19.055,1447,0
DVLU.US,D,20200204,000000,19.177,19.201,19.175,19.201,1000,0
DVLU.US,D,20200205,000000,19.38,19.446,19.38,19.446,3586,0
DVLU.US,D,20200206,000000,19.461,19.471,19.461,19.461,2681,0
DVLU.US,D,20200210,000000,19.177,19.226,19.147,19.226,1971,0
DVLU.US,D,20200211,000000,19.436,19.5,19.432,19.432,817,0
DVLU.US,D,20200212,000000,19.564,19.574,19.51,19.555,3502,0
DVLU.US,D,20200213,000000,19.549,19.559,19.549,19.559,2084,0
DVLU.US,D,20200214,000000,19.559,19.568,19.515,19.515,5245,0
DVLU.US,D,20200219,000000,19.598,19.598,19.554,19.554,500,0
DVLU.US,D,20200220,000000,19.647,19.657,19.505,19.505,5088,0
DVLU.US,D,20200224,000000,19.07,19.07,18.708,18.777,8831,0
DVLU.US,D,20200225,000000,18.443,18.443,18.043,18.043,1003,0
DVLU.US,D,20200226,000000,18.179,18.199,17.764,17.764,613,0
DVLU.US,D,20200227,000000,17.043,17.582,17.043,17.089,7347,0
DVLU.US,D,20200228,000000,16.389,16.76,16.389,16.653,2810,0
DVLU.US,D,20200302,000000,16.712,17.412,16.712,17.411,10663,0
DVLU.US,D,20200303,000000,17.298,17.298,16.965,16.97,683,0
DVLU.US,D,20200304,000000,17.102,17.454,17.053,17.431,6023,0
DVLU.US,D,20200305,000000,17.191,17.191,16.868,16.868,1370,0
DVLU.US,D,20200306,000000,16.329,16.438,15.997,16.343,3808,0
DVLU.US,D,20200309,000000,14.979,15.233,14.628,14.628,24009,0
DVLU.US,D,20200310,000000,14.931,15.229,14.503,15.229,8578,0
DVLU.US,D,20200311,000000,14.254,14.254,14.036,14.036,3132,0
DVLU.US,D,20200312,000000,13.697,13.697,12.475,12.695,56266,0
DVLU.US,D,20200313,000000,12.523,13.332,12.422,13.332,8790,0
DVLU.US,D,20200316,000000,13.013,13.013,11.869,11.869,1358,0
DVLU.US,D,20200317,000000,11.584,11.584,11.133,11.167,39617,0
DVLU.US,D,20200318,000000,10.547,10.547,9.1286,9.4616,9597,0
DVLU.US,D,20200319,000000,10.119,10.323,10.119,10.318,2410,0
DVLU.US,D,20200320,000000,10.488,10.626,10.117,10.117,4995,0
DVLU.US,D,20200323,000000,9.882,9.882,9.1678,9.1873,55584,0
DVLU.US,D,20200324,000000,9.949,10.464,9.949,10.449,13915,0
DVLU.US,D,20200325,000000,10.713,11.966,10.713,11.771,2469,0
DVLU.US,D,20200326,000000,11.917,12.528,11.917,12.283,63532,0
DVLU.US,D,20200327,000000,12.036,12.08,11.961,11.973,1636,0
DVLU.US,D,20200330,000000,11.82,12.123,11.623,12.123,6220,0
DVLU.US,D,20200331,000000,12.125,12.125,11.786,11.84,1225,0
DVLU.US,D,20200401,000000,11.475,11.485,11.168,11.168,4737,0
DVLU.US,D,20200402,000000,11.198,11.574,11.198,11.338,13574,0
DVLU.US,D,20200403,000000,11.188,11.188,10.253,10.785,34429,0
DVLU.US,D,20200406,000000,11.415,11.82,11.395,11.811,13841,0
DVLU.US,D,20200407,000000,12.115,12.49,12.112,12.129,4077,0
DVLU.US,D,20200408,000000,12.409,12.815,12.392,12.775,4398,0
DVLU.US,D,20200409,000000,13.051,13.375,13.051,13.211,3428,0
DVLU.US,D,20200413,000000,13.001,13.001,12.607,12.757,1665,0
DVLU.US,D,20200414,000000,12.942,12.942,12.804,12.916,1984,0
DVLU.US,D,20200415,000000,12.47,12.47,12.213,12.342,15044,0
DVLU.US,D,20200416,000000,12.115,12.115,11.917,12.018,645,0
DVLU.US,D,20200417,000000,12.421,12.691,12.421,12.691,6465,0
DVLU.US,D,20200420,000000,12.499,12.499,12.382,12.44,821,0
DVLU.US,D,20200421,000000,12.203,12.224,11.87,12.164,23618,0
DVLU.US,D,20200422,000000,12.352,12.558,12.352,12.478,2656,0
DVLU.US,D,20200423,000000,12.607,12.647,12.607,12.647,251,0
DVLU.US,D,20200424,000000,12.637,12.794,12.637,12.736,3162,0
DVLU.US,D,20200427,000000,12.903,12.986,12.903,12.986,1205,0
DVLU.US,D,20200428,000000,13.219,13.248,13.095,13.095,1700,0
DVLU.US,D,20200429,000000,13.327,13.518,13.327,13.518,2617,0
DVLU.US,D,20200430,000000,13.298,13.415,13.298,13.304,342,0
DVLU.US,D,20200501,000000,13.051,13.051,12.768,12.819,2512,0
DVLU.US,D,20200504,000000,12.834,12.962,12.795,12.962,5199,0
DVLU.US,D,20200505,000000,13.15,13.199,13.051,13.051,2075,0
DVLU.US,D,20200506,000000,12.991,13.031,12.908,12.908,1943,0
DVLU.US,D,20200507,000000,13.09,13.12,13.09,13.12,446,0
DVLU.US,D,20200508,000000,13.238,13.365,13.212,13.355,111097,0
DVLU.US,D,20200511,000000,13.301,13.301,13.264,13.264,577,0
DVLU.US,D,20200512,000000,13.199,13.268,13.021,13.021,4033,0
DVLU.US,D,20200513,000000,12.903,12.903,12.322,12.583,53537,0
DVLU.US,D,20200514,000000,12.292,12.726,12.292,12.726,847,0
DVLU.US,D,20200515,000000,12.627,12.854,12.627,12.824,3708,0
DVLU.US,D,20200518,000000,13.15,13.415,13.15,13.415,4938,0
DVLU.US,D,20200519,000000,13.375,13.375,13.268,13.288,3180,0
DVLU.US,D,20200520,000000,13.36,13.365,13.355,13.355,3052,0
DVLU.US,D,20200522,000000,13.355,13.355,13.355,13.355,1038,0
DVLU.US,D,20200526,000000,13.74,13.76,13.686,13.686,216,0
DVLU.US,D,20200527,000000,13.789,13.953,13.71,13.953,1756,0
DVLU.US,D,20200528,000000,13.946,13.946,13.927,13.927,714,0
DVLU.US,D,20200529,000000,13.864,13.864,13.856,13.856,106,0
DVLU.US,D,20200601,000000,13.882,13.937,13.879,13.918,19485,0
DVLU.US,D,20200602,000000,13.986,14.281,13.986,14.095,18108,0
DVLU.US,D,20200603,000000,14.281,14.381,14.262,14.333,20214,0
DVLU.US,D,20200604,000000,14.237,14.361,14.184,14.341,15248,0
DVLU.US,D,20200605,000000,14.755,14.813,14.755,14.812,1943,0
DVLU.US,D,20200608,000000,14.981,15.267,14.952,15.267,58808,0
DVLU.US,D,20200609,000000,14.932,14.932,14.836,14.902,25306,0
DVLU.US,D,20200610,000000,14.568,14.637,14.528,14.637,1161,0
DVLU.US,D,20200611,000000,14.145,14.145,13.623,13.623,2547,0
DVLU.US,D,20200612,000000,13.966,13.966,13.473,13.667,845,0
DVLU.US,D,20200615,000000,13.355,13.899,13.355,13.899,610,0
DVLU.US,D,20200616,000000,14.301,14.301,14.065,14.174,817,0
DVLU.US,D,20200617,000000,14.135,14.135,14.036,14.105,3133,0
DVLU.US,D,20200618,000000,13.899,13.996,13.899,13.966,1698,0
DVLU.US,D,20200619,000000,14.184,14.184,13.909,13.946,813,0
DVLU.US,D,20200622,000000,13.849,14.036,13.849,14.036,4269,0
DVLU.US,D,20200623,000000,14.036,14.075,13.993,13.993,1084,0
DVLU.US,D,20200624,000000,13.74,13.74,13.454,13.573,609,0
DVLU.US,D,20200625,000000,13.463,13.553,13.463,13.553,10487,0
DVLU.US,D,20200626,000000,13.385,13.385,13.385,13.385,102,0
DVLU.US,D,20200629,000000,13.385,13.682,13.385,13.682,15245,0
DVLU.US,D,20200630,000000,13.672,13.81,13.672,13.81,204,0
DVLU.US,D,20200701,000000,13.75,13.794,13.75,13.794,108,0
DVLU.US,D,20200702,000000,13.88,14.106,13.88,13.92,10004,0
DVLU.US,D,20200706,000000,13.928,13.928,12.822,13.558,31109,0
DVLU.US,D,20200707,000000,13.682,13.81,13.676,13.676,6056,0
DVLU.US,D,20200708,000000,13.613,13.69,13.603,13.682,135680,0
DVLU.US,D,20200709,000000,13.543,13.543,13.457,13.457,1430,0
DVLU.US,D,20200710,000000,13.623,13.623,13.623,13.623,265,0
DVLU.US,D,20200713,000000,13.81,13.9,13.801,13.9,6042,0
DVLU.US,D,20200714,000000,13.652,13.79,13.583,13.79,2233,0
DVLU.US,D,20200715,000000,14.076,14.133,14.066,14.133,4906,0
DVLU.US,D,20200716,000000,14.116,14.363,14.106,14.313,4221,0
DVLU.US,D,20200717,000000,14.204,14.213,14.164,14.17,8623,0
DVLU.US,D,20200720,000000,13.977,14.025,13.977,14.025,204,0
DVLU.US,D,20200721,000000,14.106,14.185,14.106,14.165,10099,0
DVLU.US,D,20200722,000000,14.343,14.412,14.343,14.412,2116,0
DVLU.US,D,20200723,000000,14.55,14.55,14.333,14.347,1658,0
DVLU.US,D,20200727,000000,14.353,14.444,14.343,14.444,973,0
DVLU.US,D,20200728,000000,14.402,14.402,14.278,14.278,1375,0
DVLU.US,D,20200729,000000,14.461,14.623,14.461,14.623,4280,0
DVLU.US,D,20200730,000000,14.461,14.5,14.461,14.5,8914,0
DVLU.US,D,20200731,000000,14.194,14.194,14.156,14.156,2963,0
DVLU.US,D,20200803,000000,14.503,14.535,14.5,14.535,2289,0
DVLU.US,D,20200804,000000,14.51,14.57,14.51,14.57,7346,0
DVLU.US,D,20200805,000000,14.699,14.699,14.699,14.699,914,0
DVLU.US,D,20200807,000000,14.718,14.738,14.699,14.728,662,0
DVLU.US,D,20200810,000000,14.974,15.207,14.974,15.207,29504,0
DVLU.US,D,20200811,000000,15.264,15.264,15.182,15.182,1451,0
DVLU.US,D,20200812,000000,15.202,15.23,15.202,15.23,833,0
DVLU.US,D,20200813,000000,15.207,15.221,15.207,15.221,5503,0
DVLU.US,D,20200817,000000,15.301,15.316,15.3,15.316,1244,0
DVLU.US,D,20200818,000000,15.182,15.182,15.172,15.172,2169,0
DVLU.US,D,20200819,000000,15.241,15.261,15.241,15.261,1944,0
DVLU.US,D,20200820,000000,15.122,15.122,15.054,15.122,3646,0
DVLU.US,D,20200821,000000,15.064,15.102,15.059,15.102,330,0
DVLU.US,D,20200824,000000,15.321,15.34,15.321,15.339,12175,0
DVLU.US,D,20200825,000000,15.34,15.34,15.236,15.245,530,0
DVLU.US,D,20200827,000000,15.281,15.281,15.276,15.276,207,0
DVLU.US,D,20200901,000000,15.202,15.236,15.202,15.236,2043,0
DVLU.US,D,20200902,000000,15.419,15.419,15.419,15.419,304,0
DVLU.US,D,20200903,000000,15.251,15.409,15.004,15.004,17659,0
DVLU.US,D,20200904,000000,14.955,15.004,14.955,15.004,509,0
DVLU.US,D,20200908,000000,14.885,14.974,14.729,14.729,27964,0
DVLU.US,D,20200909,000000,14.984,14.989,14.925,14.964,8646,0
DVLU.US,D,20200910,000000,15.054,15.054,14.856,14.856,959,0
DVLU.US,D,20200911,000000,14.915,14.915,14.912,14.912,273,0
DVLU.US,D,20200914,000000,15.132,15.132,15.112,15.112,203,0
DVLU.US,D,20200915,000000,15.251,15.251,15.164,15.164,207,0
DVLU.US,D,20200916,000000,15.33,15.33,15.301,15.301,301,0
DVLU.US,D,20200917,000000,14.885,15.167,14.885,15.167,1842,0
DVLU.US,D,20200918,000000,14.935,14.984,14.935,14.984,430,0
DVLU.US,D,20200921,000000,14.392,14.392,14.383,14.383,254,0
DVLU.US,D,20200922,000000,14.55,14.679,14.432,14.669,12654,0
DVLU.US,D,20200923,000000,14.787,14.826,14.358,14.358,8322,0
DVLU.US,D,20200925,000000,14.471,14.541,14.471,14.507,622,0
DVLU.US,D,20200928,000000,14.759,14.907,14.759,14.844,5534,0
DVLU.US,D,20200929,000000,14.778,14.778,14.719,14.768,635,0
DVLU.US,D,20200930,000000,15.026,15.036,14.858,14.954,23742,0
DVLU.US,D,20201001,000000,15.046,15.145,15.046,15.145,5576,0
DVLU.US,D,20201002,000000,15.175,15.324,15.165,15.305,9307,0
DVLU.US,D,20201006,000000,15.7,15.828,15.443,15.443,7232,0
DVLU.US,D,20201009,000000,15.938,15.988,15.938,15.987,659,0
DVLU.US,D,20201012,000000,16.036,16.036,15.997,16.007,4385,0
DVLU.US,D,20201013,000000,16.012,16.156,15.969,15.969,3658,0
DVLU.US,D,20201016,000000,16.156,16.168,16.046,16.063,8456,0
DVLU.US,D,20201019,000000,15.968,16.166,15.838,15.838,1639,0
DVLU.US,D,20201020,000000,16.036,16.106,15.848,15.978,20288,0
DVLU.US,D,20201021,000000,15.848,15.858,15.774,15.774,1236,0
DVLU.US,D,20201022,000000,15.868,15.91,15.858,15.91,569,0
DVLU.US,D,20201023,000000,15.878,16.186,15.749,16.033,105916,0
DVLU.US,D,20201026,000000,15.7,15.7,15.551,15.619,2053,0
DVLU.US,D,20201027,000000,15.333,15.333,15.224,15.319,12829,0
DVLU.US,D,20201028,000000,14.947,14.947,14.828,14.917,2182,0
DVLU.US,D,20201029,000000,14.986,15.148,14.69,15.079,9314,0
DVLU.US,D,20201030,000000,14.907,14.929,14.818,14.916,5123,0
DVLU.US,D,20201103,000000,15.769,15.769,15.769,15.769,507,0
DVLU.US,D,20201104,000000,15.928,15.934,15.732,15.732,2032,0
DVLU.US,D,20201105,000000,15.978,16.176,15.978,16.152,1410,0
DVLU.US,D,20201106,000000,16.027,16.027,15.908,15.949,1673,0
DVLU.US,D,20201109,000000,16.571,16.571,16.242,16.242,4966,0
DVLU.US,D,20201110,000000,16.326,16.638,16.326,16.604,1677,0
DVLU.US,D,20201111,000000,16.363,16.531,16.273,16.343,62176,0
DVLU.US,D,20201112,000000,16.433,16.463,16.017,16.116,10186,0
DVLU.US,D,20201113,000000,16.443,16.701,16.244,16.701,28398,0
DVLU.US,D,20201116,000000,16.909,17.081,16.909,17.031,6203,0
DVLU.US,D,20201117,000000,16.889,17.106,16.889,17.071,1567,0
DVLU.US,D,20201118,000000,17.156,17.156,17.156,17.156,175,0
DVLU.US,D,20201120,000000,17.037,17.106,16.977,17.066,56354,0
DVLU.US,D,20201124,000000,17.75,17.779,17.73,17.76,68952,0
DVLU.US,D,20201125,000000,17.75,17.75,17.453,17.561,7483,0
DVLU.US,D,20201130,000000,17.424,17.424,17.22,17.22,16355,0
DVLU.US,D,20201201,000000,17.463,17.529,17.443,17.493,2186,0
DVLU.US,D,20201202,000000,17.394,17.406,17.382,17.406,223,0
DVLU.US,D,20201203,000000,17.572,17.602,17.524,17.524,1117,0
DVLU.US,D,20201204,000000,17.71,17.786,17.7,17.786,19496,0
DVLU.US,D,20201209,000000,17.77,17.782,17.612,17.742,1404,0
DVLU.US,D,20201210,000000,17.612,17.685,17.612,17.612,515,0
DVLU.US,D,20201211,000000,17.513,17.513,17.503,17.51,788,0
DVLU.US,D,20201215,000000,17.522,17.532,17.513,17.522,22932,0
DVLU.US,D,20201216,000000,17.661,17.675,17.493,17.67,5168,0
DVLU.US,D,20201217,000000,17.809,17.88,17.69,17.88,3082,0
DVLU.US,D,20201218,000000,17.817,17.817,17.632,17.749,3461,0
DVLU.US,D,20201221,000000,17.562,17.719,17.562,17.719,577,0
DVLU.US,D,20201222,000000,17.706,17.71,17.661,17.668,4283,0
DVLU.US,D,20201223,000000,17.938,17.938,17.902,17.902,1346,0
DVLU.US,D,20201224,000000,17.849,17.849,17.849,17.849,1462,0
DVLU.US,D,20201229,000000,17.759,17.759,17.66,17.739,5768,0
DVLU.US,D,20201231,000000,17.867,17.873,17.867,17.873,594,0
DVLU.US,D,20210104,000000,17.65,17.65,17.595,17.595,1288,0
DVLU.US,D,20210105,000000,17.66,17.773,17.66,17.773,4061,0
DVLU.US,D,20210106,000000,18.445,18.694,18.395,18.57,59370,0
DVLU.US,D,20210107,000000,18.824,18.859,18.799,18.843,2946,0
DVLU.US,D,20210108,000000,18.834,18.834,18.734,18.793,923,0
DVLU.US,D,20210111,000000,18.863,18.969,18.863,18.922,11168,0
DVLU.US,D,20210112,000000,19.181,19.237,19.111,19.237,6529,0
DVLU.US,D,20210113,000000,19.36,19.36,19.103,19.277,7749,0
DVLU.US,D,20210114,000000,19.271,19.47,19.271,19.47,543,0
DVLU.US,D,20210115,000000,19.141,19.236,19.072,19.213,82526,0
DVLU.US,D,20210119,000000,19.42,19.42,19.35,19.381,6892,0
DVLU.US,D,20210120,000000,19.5,19.5,19.4,19.476,909,0
DVLU.US,D,20210121,000000,19.291,19.33,19.251,19.283,2341,0
DVLU.US,D,20210122,000000,19.101,19.274,19.081,19.274,4984,0
DVLU.US,D,20210125,000000,18.893,19.07,18.893,19.07,680,0
DVLU.US,D,20210126,000000,19.072,19.081,19.004,19.004,10036,0
DVLU.US,D,20210127,000000,18.639,18.639,18.55,18.558,230,0
DVLU.US,D,20210128,000000,18.684,18.829,18.684,18.829,4414,0
DVLU.US,D,20210129,000000,18.774,18.774,18.435,18.435,901,0
DVLU.US,D,20210201,000000,18.555,18.669,18.405,18.652,792,0
DVLU.US,D,20210202,000000,18.913,18.913,18.893,18.907,52580,0
DVLU.US,D,20210203,000000,18.863,19.043,18.853,19.043,8853,0
DVLU.US,D,20210204,000000,19.43,19.47,19.427,19.47,9628,0
DVLU.US,D,20210205,000000,19.649,19.701,19.649,19.701,181,0
DVLU.US,D,20210208,000000,19.957,19.976,19.944,19.976,11302,0
DVLU.US,D,20210209,000000,19.907,20.041,19.907,20.041,810,0
DVLU.US,D,20210210,000000,20.076,20.116,20.014,20.014,2523,0
DVLU.US,D,20210211,000000,19.977,19.988,19.897,19.988,6720,0
DVLU.US,D,20210216,000000,20.285,20.474,20.285,20.456,2129,0
DVLU.US,D,20210217,000000,20.297,20.415,20.295,20.295,2393,0
DVLU.US,D,20210218,000000,20.106,20.129,20.106,20.129,3421,0
DVLU.US,D,20210219,000000,20.405,20.573,20.405,20.563,5256,0
DVLU.US,D,20210222,000000,20.961,20.961,20.805,20.805,225,0
DVLU.US,D,20210223,000000,20.708,20.912,20.708,20.912,8802,0
DVLU.US,D,20210224,000000,21.359,21.409,21.359,21.409,1950,0
DVLU.US,D,20210225,000000,21.448,21.448,21.091,21.101,5836,0
DVLU.US,D,20210226,000000,20.882,20.951,20.762,20.951,4743,0
DVLU.US,D,20210301,000000,21.309,21.488,21.249,21.432,14411,0
DVLU.US,D,20210302,000000,21.491,21.528,21.399,21.399,3567,0
DVLU.US,D,20210303,000000,21.797,21.847,21.539,21.539,5335,0
DVLU.US,D,20210304,000000,21.737,21.737,21.211,21.212,28315,0
DVLU.US,D,20210305,000000,21.339,22.035,21.319,21.86,21780,0
DVLU.US,D,20210308,000000,22.363,22.553,22.314,22.448,128505,0
DVLU.US,D,20210309,000000,22.393,22.393,21.951,22.035,20186,0
DVLU.US,D,20210310,000000,22.334,22.427,22.334,22.427,1664,0
DVLU.US,D,20210311,000000,22.513,22.721,22.503,22.594,2713,0
DVLU.US,D,20210312,000000,23.03,23.03,23.03,23.03,2256,0
DVLU.US,D,20210315,000000,24.114,24.114,22.92,23.061,10111,0
DVLU.US,D,20210316,000000,22.774,22.78,22.761,22.78,1105,0
DVLU.US,D,20210317,000000,22.791,23,22.791,23,3713,0
DVLU.US,D,20210318,000000,23.205,23.55,22.91,22.959,33508,0
DVLU.US,D,20210319,000000,23.02,23.089,22.751,22.882,6088,0
DVLU.US,D,20210322,000000,22.96,22.96,22.652,22.741,10327,0
DVLU.US,D,20210323,000000,22.523,22.523,21.916,21.998,6064,0
DVLU.US,D,20210324,000000,22.334,22.334,21.569,21.602,68135,0
DVLU.US,D,20210325,000000,21.558,22.2,21.359,22.144,4837,0
DVLU.US,D,20210326,000000,22.295,22.494,21.976,22.29,16028,0
DVLU.US,D,20210329,000000,22.305,23.898,21.827,23.898,7685,0
DVLU.US,D,20210330,000000,22.862,22.862,21.906,22.378,9548,0
DVLU.US,D,20210331,000000,22.494,22.504,22.25,22.261,5396,0
DVLU.US,D,20210401,000000,22.205,22.502,22.205,22.502,4079,0
DVLU.US,D,20210405,000000,22.882,22.882,22.454,22.673,27546,0
DVLU.US,D,20210406,000000,22.504,22.773,22.504,22.663,44858,0
DVLU.US,D,20210407,000000,22.583,22.733,22.583,22.733,11328,0
DVLU.US,D,20210408,000000,22.544,22.653,22.345,22.638,11462,0
DVLU.US,D,20210409,000000,22.633,22.866,22.633,22.866,36553,0
DVLU.US,D,20210412,000000,22.952,23.002,22.842,22.972,5885,0
DVLU.US,D,20210413,000000,22.753,22.753,22.613,22.613,1626,0
DVLU.US,D,20210414,000000,22.977,23.091,22.875,22.875,13293,0
DVLU.US,D,20210415,000000,22.773,22.932,22.773,22.909,5054,0
DVLU.US,D,20210416,000000,23.012,23.069,22.987,23.069,2214,0
DVLU.US,D,20210419,000000,23.211,23.211,22.842,22.908,2769,0
DVLU.US,D,20210420,000000,22.563,22.563,22.185,22.301,7967,0
DVLU.US,D,20210421,000000,22.484,22.783,22.484,22.76,1920,0
DVLU.US,D,20210422,000000,22.673,22.872,22.494,22.588,11925,0
DVLU.US,D,20210423,000000,23.002,23.141,22.993,23.131,1847,0
DVLU.US,D,20210426,000000,23.34,23.37,23.19,23.19,13529,0
DVLU.US,D,20210427,000000,23.31,23.43,23.31,23.421,1251,0
DVLU.US,D,20210428,000000,23.609,23.609,23.46,23.468,12815,0
DVLU.US,D,20210429,000000,23.689,23.838,23.51,23.672,14975,0
DVLU.US,D,20210430,000000,23.649,23.669,23.45,23.467,2698,0
DVLU.US,D,20210503,000000,23.888,24.007,23.689,23.858,4854,0
DVLU.US,D,20210504,000000,23.778,23.93,23.569,23.93,3908,0
DVLU.US,D,20210505,000000,24.077,24.266,24.077,24.213,11512,0
DVLU.US,D,20210506,000000,24.555,24.555,24.087,24.475,43681,0
DVLU.US,D,20210507,000000,24.426,24.724,24.426,24.705,79849,0
DVLU.US,D,20210510,000000,24.933,25.093,24.588,24.588,315266,0
DVLU.US,D,20210511,000000,24.396,24.446,23.987,24.171,125967,0
DVLU.US,D,20210512,000000,24.386,24.386,23.45,23.45,4355,0
DVLU.US,D,20210513,000000,24.034,24.157,23.749,24.059,207152,0
DVLU.US,D,20210514,000000,24.356,24.655,24.246,24.645,24274,0
DVLU.US,D,20210517,000000,24.485,24.744,24.465,24.726,30263,0
DVLU.US,D,20210518,000000,24.794,24.794,24.376,24.376,11587,0
DVLU.US,D,20210519,000000,24.147,24.147,23.599,24.119,8030,0
DVLU.US,D,20210520,000000,23.968,24.087,23.778,23.948,30577,0
DVLU.US,D,20210521,000000,24.217,24.316,24.107,24.107,16589,0
DVLU.US,D,20210524,000000,24.127,24.342,24.127,24.236,17086,0
DVLU.US,D,20210525,000000,24.406,24.555,23.968,23.968,21522,0
DVLU.US,D,20210526,000000,24.107,24.326,24.077,24.296,9575,0
DVLU.US,D,20210527,000000,24.575,24.814,24.575,24.774,558935,0
DVLU.US,D,20210528,000000,24.704,24.704,24.366,24.685,16256,0
DVLU.US,D,20210601,000000,25.043,25.043,24.804,24.963,33013,0
DVLU.US,D,20210602,000000,24.884,24.884,24.784,24.784,5790,0
DVLU.US,D,20210603,000000,24.694,24.904,24.625,24.764,5861,0
DVLU.US,D,20210604,000000,24.943,24.943,24.627,24.894,22169,0
DVLU.US,D,20210607,000000,24.923,25.013,24.734,24.784,24229,0
DVLU.US,D,20210608,000000,24.694,24.963,24.595,24.904,10708,0
DVLU.US,D,20210609,000000,24.625,24.694,24.555,24.555,22316,0
DVLU.US,D,20210610,000000,24.734,24.734,24.256,24.266,9730,0
DVLU.US,D,20210611,000000,24.346,24.545,24.316,24.455,45689,0
DVLU.US,D,20210614,000000,24.505,24.505,23.928,24.007,190066,0
DVLU.US,D,20210615,000000,24.037,24.256,23.968,24.147,20345,0
DVLU.US,D,20210616,000000,24.316,24.316,23.798,24.097,9909,0
DVLU.US,D,20210617,000000,23.888,23.888,22.942,23.131,12550,0
DVLU.US,D,20210618,000000,22.902,22.902,22.394,22.613,29739,0
DVLU.US,D,20210621,000000,22.673,23.3,22.673,23.271,49453,0
DVLU.US,D,20210622,000000,23.221,23.37,22.987,23.298,10588,0
DVLU.US,D,20210623,000000,23.34,23.48,23.34,23.399,3271,0
DVLU.US,D,20210624,000000,23.42,23.68,23.34,23.67,28219,0
DVLU.US,D,20210625,000000,23.945,23.98,23.945,23.98,1321,0
DVLU.US,D,20210628,000000,23.8,23.8,23.4,23.47,306506,0
DVLU.US,D,20210629,000000,23.77,23.78,23.32,23.32,511328,0
DVLU.US,D,20210630,000000,23.3,23.4972,23.3,23.4972,3459,0
DVLU.US,D,20210701,000000,23.64,23.8,23.64,23.8,1135,0
DVLU.US,D,20210702,000000,23.96,23.96,23.73,23.8,20339,0
DVLU.US,D,20210706,000000,23.73,23.73,23.095,23.16,3129,0
DVLU.US,D,20210707,000000,23.13,23.31,23.06,23.2488,63576,0
DVLU.US,D,20210708,000000,22.76,23.05,22.51,22.8195,24824,0
DVLU.US,D,20210709,000000,23.21,23.58,23.21,23.56,44585,0
DVLU.US,D,20210712,000000,23.3375,23.77,23.335,23.77,1789,0
DVLU.US,D,20210713,000000,23.53,23.53,23.32,23.37,82781,0
DVLU.US,D,20210714,000000,23.31,23.65,23.2124,23.22,8846,0
DVLU.US,D,20210715,000000,23.13,23.22,23.12,23.15,3611,0
DVLU.US,D,20210716,000000,23.19,23.19,22.66,22.69,12495,0
DVLU.US,D,20210719,000000,22.1,22.24,21.89,22.17,99875,0
DVLU.US,D,20210720,000000,22.23,22.97,22.23,22.9173,29924,0
DVLU.US,D,20210721,000000,23.45,23.53,23.35,23.5,3832,0
DVLU.US,D,20210722,000000,23.181,23.24,23.1,23.19,5993,0
DVLU.US,D,20210723,000000,23.4,23.4,23.306,23.39,8958,0
DVLU.US,D,20210726,000000,23.5106,23.535,23.5106,23.535,2277,0
DVLU.US,D,20210727,000000,23.55,23.55,23.4257,23.49,1950,0
DVLU.US,D,20210728,000000,23.62,23.7,23.31,23.5796,1939,0
DVLU.US,D,20210729,000000,24.057,24.1308,24.05,24.06,2745,0
DVLU.US,D,20210730,000000,23.94,24.07,23.79,23.84,11339,0
DVLU.US,D,20210802,000000,24.2034,24.2034,23.73,23.73,13898,0
DVLU.US,D,20210803,000000,23.54,24.01,23.44,24.01,3311,0
DVLU.US,D,20210804,000000,23.75,23.965,23.59,23.59,6472,0
DVLU.US,D,20210805,000000,23.8436,23.895,23.82,23.88,3912,0
DVLU.US,D,20210806,000000,24.13,24.2714,24.1,24.17,22505,0
DVLU.US,D,20210809,000000,23.99,24.265,23.98,24.13,17998,0
DVLU.US,D,20210810,000000,24.1991,24.6497,24.1991,24.5036,4022,0
DVLU.US,D,20210811,000000,24.62,24.87,24.54,24.87,2883,0
DVLU.US,D,20210812,000000,24.84,24.895,24.66,24.81,4661,0
DVLU.US,D,20210813,000000,24.82,24.82,24.64,24.6475,4245,0
DVLU.US,D,20210816,000000,24.41,24.614,24.41,24.59,1350,0
DVLU.US,D,20210817,000000,24.43,24.43,23.79,23.98,83938,0
DVLU.US,D,20210818,000000,24.03,24.1699,23.76,23.76,12727,0
DVLU.US,D,20210819,000000,23.5,23.7,23.27,23.4,31217,0
DVLU.US,D,20210820,000000,23.5,23.63,23.4409,23.63,4097,0
DVLU.US,D,20210823,000000,23.83,23.94,23.81,23.92,5407,0
DVLU.US,D,20210824,000000,23.91,24.367,23.91,24.25,9962,0
DVLU.US,D,20210825,000000,24.28,24.6221,24.28,24.5391,2921,0
DVLU.US,D,20210826,000000,24.53,24.53,24.18,24.18,3974,0
DVLU.US,D,20210827,000000,24.22,24.7,24.22,24.64,8661,0
DVLU.US,D,20210830,000000,24.385,24.44,24.31,24.31,998,0
DVLU.US,D,20210831,000000,24.24,24.429,24.235,24.31,5862,0
DVLU.US,D,20210901,000000,24.2304,24.2304,24.1815,24.1815,543,0
