<TICKER>,<PER>,<DATE>,<TIME>,<OPEN>,<HIGH>,<LOW>,<CLOSE>,<VOL>,<OPENINT>
DVOL.US,D,20180912,000000,19.362,19.362,19.362,19.362,413,0
DVOL.US,D,20180913,000000,19.509,19.509,19.509,19.509,415698,0
DVOL.US,D,20180914,000000,19.576,19.616,19.528,19.576,32168,0
DVOL.US,D,20180917,000000,19.509,19.509,19.46,19.46,1139,0
DVOL.US,D,20180918,000000,19.45,19.509,19.45,19.509,13146,0
DVOL.US,D,20180919,000000,19.49,19.49,19.49,19.49,309,0
DVOL.US,D,20180920,000000,19.47,19.519,19.43,19.519,2349,0
DVOL.US,D,20180921,000000,19.526,19.526,19.526,19.526,194,0
DVOL.US,D,20180924,000000,19.427,19.427,19.42,19.42,527,0
DVOL.US,D,20180925,000000,19.44,19.44,19.402,19.402,2206,0
DVOL.US,D,20180926,000000,19.333,19.42,19.295,19.295,26984,0
DVOL.US,D,20180927,000000,19.323,19.382,19.292,19.295,156752,0
DVOL.US,D,20180928,000000,19.348,19.372,19.348,19.353,4459,0
DVOL.US,D,20181001,000000,19.42,19.42,19.333,19.333,11931,0
DVOL.US,D,20181002,000000,19.333,19.343,19.333,19.333,10266,0
DVOL.US,D,20181003,000000,19.362,19.392,19.333,19.333,4981,0
DVOL.US,D,20181005,000000,19.285,19.285,19.188,19.206,4596,0
DVOL.US,D,20181008,000000,19.111,19.121,19.109,19.109,4864,0
DVOL.US,D,20181009,000000,19.168,19.178,19.156,19.178,2636,0
DVOL.US,D,20181010,000000,18.927,18.927,18.736,18.736,1948,0
DVOL.US,D,20181011,000000,18.558,18.558,18.382,18.382,640,0
DVOL.US,D,20181015,000000,18.362,18.362,18.362,18.362,366,0
DVOL.US,D,20181016,000000,18.547,18.673,18.547,18.655,5669,0
DVOL.US,D,20181017,000000,18.712,18.712,18.712,18.712,365,0
DVOL.US,D,20181018,000000,18.717,18.717,18.54,18.54,4894,0
DVOL.US,D,20181019,000000,18.655,18.655,18.51,18.51,3477,0
DVOL.US,D,20181022,000000,18.511,18.511,18.511,18.511,1515,0
DVOL.US,D,20181023,000000,18.113,18.113,18.1,18.1,329,0
DVOL.US,D,20181024,000000,18.265,18.286,18.265,18.286,425,0
DVOL.US,D,20181025,000000,18.173,18.173,18.173,18.173,102,0
DVOL.US,D,20181026,000000,17.95,17.95,17.95,17.95,135,0
DVOL.US,D,20181029,000000,18.22,18.255,18.22,18.255,726,0
DVOL.US,D,20181031,000000,18.537,18.537,18.537,18.537,6021,0
DVOL.US,D,20181101,000000,18.361,18.459,18.361,18.431,11690,0
DVOL.US,D,20181105,000000,18.597,18.597,18.597,18.597,257,0
DVOL.US,D,20181106,000000,18.703,18.703,18.703,18.703,428,0
DVOL.US,D,20181107,000000,18.985,18.985,18.985,18.985,234,0
DVOL.US,D,20181108,000000,18.972,18.972,18.972,18.972,433,0
DVOL.US,D,20181109,000000,18.976,18.976,18.976,18.976,146,0
DVOL.US,D,20181112,000000,18.976,18.976,18.976,18.976,431,0
DVOL.US,D,20181113,000000,18.626,18.907,18.626,18.82,1940,0
DVOL.US,D,20181114,000000,18.762,18.762,18.762,18.762,502,0
DVOL.US,D,20181115,000000,18.713,18.733,18.674,18.684,3342,0
DVOL.US,D,20181119,000000,19.018,19.018,18.907,18.91,989,0
DVOL.US,D,20181120,000000,18.537,18.547,18.537,18.547,2794,0
DVOL.US,D,20181121,000000,18.537,18.626,18.537,18.626,1118,0
DVOL.US,D,20181126,000000,18.597,18.665,18.597,18.665,403,0
DVOL.US,D,20181127,000000,18.645,18.655,18.589,18.645,8797,0
DVOL.US,D,20181128,000000,18.713,18.917,18.684,18.917,7494,0
DVOL.US,D,20181129,000000,18.937,18.967,18.909,18.967,7670,0
DVOL.US,D,20181130,000000,19.111,19.111,19.111,19.111,5160,0
DVOL.US,D,20181203,000000,20.312,20.312,19.111,19.113,6274,0
DVOL.US,D,20181204,000000,19.178,19.178,18.757,18.757,24553,0
DVOL.US,D,20181206,000000,18.687,18.713,18.359,18.687,10509,0
DVOL.US,D,20181207,000000,18.51,18.51,18.5,18.5,2509,0
DVOL.US,D,20181210,000000,18.173,18.173,18.173,18.173,391,0
DVOL.US,D,20181211,000000,18.402,18.501,18.362,18.501,266238,0
DVOL.US,D,20181212,000000,18.557,18.567,18.518,18.558,6597,0
DVOL.US,D,20181213,000000,18.481,18.481,18.444,18.444,427,0
DVOL.US,D,20181214,000000,18.277,18.277,18.237,18.237,660,0
DVOL.US,D,20181217,000000,18.019,18.081,17.871,17.871,6798,0
DVOL.US,D,20181218,000000,17.906,17.906,17.752,17.752,1789,0
DVOL.US,D,20181219,000000,17.9,17.9,17.88,17.88,449,0
DVOL.US,D,20181220,000000,17.472,17.472,17.393,17.394,1373,0
DVOL.US,D,20181221,000000,17.452,17.657,17.367,17.367,4378,0
DVOL.US,D,20181224,000000,16.927,16.932,16.858,16.858,3232,0
DVOL.US,D,20181226,000000,16.565,17.17,16.518,17.17,11065,0
DVOL.US,D,20181227,000000,17.053,17.131,16.897,17.063,3722,0
DVOL.US,D,20181228,000000,17.422,17.422,17.346,17.346,480,0
DVOL.US,D,20181231,000000,17.47,17.547,17.452,17.492,5275,0
DVOL.US,D,20190102,000000,17.393,17.393,17.336,17.336,391,0
DVOL.US,D,20190103,000000,17.2,17.2,17.141,17.141,1219,0
DVOL.US,D,20190104,000000,17.393,17.53,17.384,17.53,864,0
DVOL.US,D,20190107,000000,17.539,17.706,17.539,17.588,8494,0
DVOL.US,D,20190108,000000,17.647,17.647,17.559,17.567,1867,0
DVOL.US,D,20190109,000000,17.768,17.768,17.768,17.768,1446,0
DVOL.US,D,20190110,000000,17.801,17.842,17.768,17.823,3326,0
DVOL.US,D,20190111,000000,17.813,17.86,17.798,17.86,5768,0
DVOL.US,D,20190114,000000,17.813,17.813,17.774,17.774,2255,0
DVOL.US,D,20190115,000000,17.89,17.91,17.89,17.91,1248,0
DVOL.US,D,20190116,000000,17.94,17.94,17.94,17.94,2339,0
DVOL.US,D,20190117,000000,18.085,18.085,18.076,18.076,416,0
DVOL.US,D,20190118,000000,18.346,18.346,18.307,18.307,445,0
DVOL.US,D,20190122,000000,18.337,18.337,18.26,18.26,411,0
DVOL.US,D,20190123,000000,18.374,18.413,18.322,18.394,10262,0
DVOL.US,D,20190125,000000,18.483,18.483,18.443,18.443,4060,0
DVOL.US,D,20190128,000000,18.384,18.394,18.295,18.394,2312,0
DVOL.US,D,20190129,000000,18.453,18.453,18.374,18.453,6877,0
DVOL.US,D,20190130,000000,18.474,18.667,18.474,18.648,9295,0
DVOL.US,D,20190131,000000,18.657,18.804,18.657,18.75,5542,0
DVOL.US,D,20190201,000000,18.745,18.765,18.745,18.75,5901,0
DVOL.US,D,20190204,000000,18.824,18.872,18.824,18.872,22100,0
DVOL.US,D,20190205,000000,18.901,18.954,18.901,18.954,2004,0
DVOL.US,D,20190206,000000,19.192,19.192,18.882,18.911,1187,0
DVOL.US,D,20190207,000000,18.96,18.961,18.921,18.921,2267,0
DVOL.US,D,20190208,000000,19.077,19.126,19.077,19.12,905,0
DVOL.US,D,20190211,000000,19.262,19.262,19.129,19.129,1059,0
DVOL.US,D,20190212,000000,19.106,19.164,19.106,19.106,13761,0
DVOL.US,D,20190213,000000,19.116,19.136,19.067,19.126,2729,0
DVOL.US,D,20190214,000000,19.155,19.164,19.155,19.164,308,0
DVOL.US,D,20190215,000000,19.212,19.221,19.212,19.212,2884,0
DVOL.US,D,20190219,000000,19.295,19.319,19.295,19.319,698,0
DVOL.US,D,20190220,000000,19.291,19.299,19.209,19.299,2580,0
DVOL.US,D,20190221,000000,19.358,19.358,19.358,19.358,741,0
DVOL.US,D,20190222,000000,19.495,19.495,19.436,19.446,7654,0
DVOL.US,D,20190225,000000,19.426,19.505,19.384,19.426,5281,0
DVOL.US,D,20190226,000000,19.426,19.466,19.408,19.466,1539,0
DVOL.US,D,20190227,000000,19.436,19.436,19.388,19.436,785,0
DVOL.US,D,20190228,000000,19.515,19.593,19.515,19.553,8342,0
DVOL.US,D,20190301,000000,19.329,19.545,19.329,19.545,21199,0
DVOL.US,D,20190304,000000,19.543,19.573,19.505,19.573,22399,0
DVOL.US,D,20190305,000000,19.593,19.623,19.575,19.583,9308,0
DVOL.US,D,20190306,000000,19.564,19.613,19.533,19.553,5608,0
DVOL.US,D,20190307,000000,19.543,19.583,19.515,19.515,110934,0
DVOL.US,D,20190308,000000,19.486,19.486,19.465,19.465,432,0
DVOL.US,D,20190311,000000,19.593,19.699,19.577,19.681,9648,0
DVOL.US,D,20190312,000000,19.777,19.817,19.739,19.777,30332,0
DVOL.US,D,20190313,000000,19.846,19.851,19.817,19.817,24814,0
DVOL.US,D,20190314,000000,19.777,19.895,19.777,19.805,5396,0
DVOL.US,D,20190315,000000,19.846,19.944,19.846,19.87,5279,0
DVOL.US,D,20190318,000000,19.915,19.925,19.826,19.826,1237,0
DVOL.US,D,20190319,000000,19.807,19.817,19.719,19.719,14260,0
DVOL.US,D,20190320,000000,19.623,19.677,19.623,19.658,3054,0
DVOL.US,D,20190321,000000,19.787,19.896,19.787,19.896,3774,0
DVOL.US,D,20190322,000000,20.03,20.03,19.974,19.983,2166,0
DVOL.US,D,20190325,000000,19.916,19.964,19.896,19.954,2815,0
DVOL.US,D,20190326,000000,20.06,20.06,20.053,20.055,3035,0
DVOL.US,D,20190327,000000,20.099,20.099,20.003,20.06,5069,0
DVOL.US,D,20190328,000000,19.973,19.993,19.914,19.993,3410,0
DVOL.US,D,20190329,000000,19.983,20.07,19.983,20.031,26572,0
DVOL.US,D,20190401,000000,20.069,20.07,19.876,19.954,8190,0
DVOL.US,D,20190402,000000,19.936,19.964,19.936,19.954,4334,0
DVOL.US,D,20190403,000000,19.941,20.031,19.906,19.954,957,0
DVOL.US,D,20190404,000000,19.898,19.936,19.896,19.916,3204,0
DVOL.US,D,20190405,000000,19.954,19.958,19.924,19.958,25423,0
DVOL.US,D,20190408,000000,19.936,19.936,19.876,19.876,14202,0
DVOL.US,D,20190409,000000,20.079,20.079,19.866,19.872,10021,0
DVOL.US,D,20190410,000000,20.003,20.003,19.936,19.936,990,0
DVOL.US,D,20190411,000000,19.936,19.973,19.896,19.973,1782,0
DVOL.US,D,20190412,000000,19.983,20.07,19.983,20.06,9350,0
DVOL.US,D,20190415,000000,20.037,20.05,20.037,20.05,1803,0
DVOL.US,D,20190416,000000,20.099,20.099,19.866,19.866,3699,0
DVOL.US,D,20190417,000000,19.797,19.797,19.753,19.787,1908,0
DVOL.US,D,20190418,000000,19.858,19.866,19.851,19.851,12540,0
DVOL.US,D,20190422,000000,19.886,19.886,19.706,19.773,13817,0
DVOL.US,D,20190423,000000,19.849,19.936,19.84,19.899,3439,0
DVOL.US,D,20190424,000000,20.079,20.079,20.079,20.079,614,0
DVOL.US,D,20190425,000000,20.003,20.096,20.003,20.096,1580,0
DVOL.US,D,20190426,000000,20.198,20.198,20.198,20.198,703,0
DVOL.US,D,20190429,000000,20.159,20.159,20.111,20.122,6231,0
DVOL.US,D,20190430,000000,19.945,20.285,19.945,20.265,2553,0
DVOL.US,D,20190501,000000,20.353,20.363,20.227,20.237,11100,0
DVOL.US,D,20190502,000000,20.138,20.221,20.138,20.221,926,0
DVOL.US,D,20190503,000000,20.344,20.353,20.256,20.353,4130,0
DVOL.US,D,20190506,000000,20.275,20.324,20.275,20.324,1037,0
DVOL.US,D,20190507,000000,20.208,20.227,20.07,20.129,60833,0
DVOL.US,D,20190508,000000,20.079,20.119,20.054,20.075,98485,0
DVOL.US,D,20190509,000000,20.003,20.068,19.963,20.068,8634,0
DVOL.US,D,20190510,000000,20.198,20.198,20.198,20.198,4723,0
DVOL.US,D,20190513,000000,20.266,20.318,20.266,20.318,768,0
DVOL.US,D,20190514,000000,20.384,20.403,20.33,20.33,12308,0
DVOL.US,D,20190515,000000,20.324,20.432,20.324,20.383,127399,0
DVOL.US,D,20190516,000000,20.398,20.569,20.398,20.521,117273,0
DVOL.US,D,20190517,000000,20.498,20.608,20.498,20.578,20341,0
DVOL.US,D,20190520,000000,20.528,21.054,20.442,21.054,66083,0
DVOL.US,D,20190521,000000,20.841,20.841,20.549,20.549,15880,0
DVOL.US,D,20190522,000000,20.539,20.626,20.539,20.618,12640,0
DVOL.US,D,20190523,000000,20.618,20.675,20.569,20.675,97024,0
DVOL.US,D,20190524,000000,20.762,20.762,20.665,20.675,28674,0
DVOL.US,D,20190528,000000,20.771,20.771,20.472,20.501,44367,0
DVOL.US,D,20190529,000000,20.389,20.389,20.234,20.234,11330,0
DVOL.US,D,20190530,000000,20.289,20.289,20.247,20.282,7529,0
DVOL.US,D,20190531,000000,20.393,20.452,20.373,20.439,7212,0
DVOL.US,D,20190603,000000,20.462,20.539,20.461,20.498,8213,0
DVOL.US,D,20190604,000000,20.598,20.665,20.413,20.665,64556,0
DVOL.US,D,20190605,000000,20.655,20.997,20.655,20.997,4625,0
DVOL.US,D,20190606,000000,20.977,21.113,20.977,21.113,17156,0
DVOL.US,D,20190607,000000,21.202,21.289,21.139,21.172,7929,0
DVOL.US,D,20190610,000000,21.123,21.123,21.019,21.024,42895,0
DVOL.US,D,20190611,000000,21.103,21.103,20.879,20.958,7347,0
DVOL.US,D,20190612,000000,21.113,21.123,21.083,21.096,4902,0
DVOL.US,D,20190613,000000,21.221,21.221,21.064,21.133,29108,0
DVOL.US,D,20190614,000000,21.163,21.261,21.163,21.261,7205,0
DVOL.US,D,20190617,000000,21.237,21.237,21.175,21.213,2355,0
DVOL.US,D,20190618,000000,21.221,21.225,21.201,21.201,1863,0
DVOL.US,D,20190619,000000,21.191,21.358,21.155,21.338,17846,0
DVOL.US,D,20190620,000000,21.373,21.456,21.343,21.408,50764,0
DVOL.US,D,20190621,000000,21.29,21.388,21.264,21.378,65562,0
DVOL.US,D,20190624,000000,21.378,21.408,21.345,21.351,9327,0
DVOL.US,D,20190625,000000,21.378,21.378,21.27,21.27,5751,0
DVOL.US,D,20190626,000000,21.074,21.074,20.859,20.859,11639,0
DVOL.US,D,20190627,000000,20.938,20.967,20.918,20.928,14823,0
DVOL.US,D,20190628,000000,21.064,21.093,21.055,21.064,3948,0
DVOL.US,D,20190701,000000,21.006,21.131,20.986,21.131,30790,0
DVOL.US,D,20190702,000000,21.319,21.324,21.264,21.3,6257,0
DVOL.US,D,20190703,000000,21.564,21.564,21.544,21.544,7584,0
DVOL.US,D,20190705,000000,21.358,21.497,21.358,21.497,14071,0
DVOL.US,D,20190708,000000,21.507,21.535,21.497,21.532,55040,0
DVOL.US,D,20190709,000000,21.507,21.544,21.507,21.544,26967,0
DVOL.US,D,20190710,000000,21.613,21.672,21.594,21.614,59216,0
DVOL.US,D,20190711,000000,21.634,21.653,21.487,21.584,21494,0
DVOL.US,D,20190712,000000,21.49,21.564,21.49,21.544,4347,0
DVOL.US,D,20190715,000000,21.526,21.584,21.526,21.564,13959,0
DVOL.US,D,20190716,000000,21.594,21.594,21.477,21.544,11831,0
DVOL.US,D,20190717,000000,21.604,21.604,21.507,21.535,7471,0
DVOL.US,D,20190718,000000,21.457,21.614,21.456,21.613,6607,0
DVOL.US,D,20190719,000000,21.525,21.525,21.329,21.329,16501,0
DVOL.US,D,20190722,000000,21.417,21.417,21.275,21.319,10841,0
DVOL.US,D,20190723,000000,21.338,21.338,21.27,21.319,12690,0
DVOL.US,D,20190724,000000,21.314,21.329,21.217,21.3,17746,0
DVOL.US,D,20190725,000000,21.309,21.358,21.28,21.34,6408,0
DVOL.US,D,20190726,000000,21.408,21.487,21.398,21.427,11553,0
DVOL.US,D,20190729,000000,21.604,21.604,21.497,21.535,10444,0
DVOL.US,D,20190730,000000,21.549,21.634,21.419,21.446,25042,0
DVOL.US,D,20190731,000000,21.477,21.502,21.251,21.319,90162,0
DVOL.US,D,20190801,000000,21.3,21.447,21.3,21.417,5616,0
DVOL.US,D,20190802,000000,21.417,21.525,21.388,21.502,100875,0
DVOL.US,D,20190805,000000,21.343,21.986,20.957,21.054,112539,0
DVOL.US,D,20190806,000000,21.054,21.387,21.054,21.368,1916011,0
DVOL.US,D,20190807,000000,21.192,21.584,21.192,21.477,186307,0
DVOL.US,D,20190808,000000,21.527,21.8,21.527,21.79,77266,0
DVOL.US,D,20190809,000000,21.83,21.867,21.712,21.858,56830,0
DVOL.US,D,20190812,000000,21.811,21.849,21.661,21.702,54995,0
DVOL.US,D,20190813,000000,21.727,21.867,21.727,21.83,94509,0
DVOL.US,D,20190814,000000,21.849,21.849,21.535,21.535,62877,0
DVOL.US,D,20190815,000000,21.751,21.8,21.643,21.8,76323,0
DVOL.US,D,20190816,000000,21.858,21.976,21.847,21.937,91825,0
DVOL.US,D,20190819,000000,21.967,22.133,21.967,22.113,38652,0
DVOL.US,D,20190820,000000,22.113,22.113,21.949,21.949,57237,0
DVOL.US,D,20190821,000000,22.044,22.358,21.984,22.358,99681,0
DVOL.US,D,20190822,000000,22.005,22.153,21.954,22.095,75101,0
DVOL.US,D,20190823,000000,22.133,22.173,21.79,21.81,59252,0
DVOL.US,D,20190826,000000,21.907,22.015,21.8,22.015,48042,0
DVOL.US,D,20190827,000000,22.106,22.153,21.996,22.005,105057,0
DVOL.US,D,20190828,000000,21.986,22.034,21.934,22.015,72362,0
DVOL.US,D,20190829,000000,22.113,22.173,22.024,22.162,51868,0
DVOL.US,D,20190830,000000,22.201,22.241,22.173,22.19,16820,0
DVOL.US,D,20190903,000000,22.231,22.319,22.201,22.319,10276,0
DVOL.US,D,20190904,000000,22.426,22.477,22.366,22.424,48134,0
DVOL.US,D,20190905,000000,22.515,22.515,22.251,22.272,83775,0
DVOL.US,D,20190906,000000,22.368,22.368,22.209,22.261,30167,0
DVOL.US,D,20190909,000000,22.398,22.398,21.959,21.974,45663,0
DVOL.US,D,20190910,000000,21.877,21.877,21.594,21.682,36074,0
DVOL.US,D,20190911,000000,21.722,21.848,21.635,21.825,273931,0
DVOL.US,D,20190912,000000,22.038,22.038,21.892,21.947,58066,0
DVOL.US,D,20190913,000000,21.945,21.947,21.752,21.829,32177,0
DVOL.US,D,20190916,000000,21.79,21.887,21.78,21.887,64558,0
DVOL.US,D,20190917,000000,22.083,22.133,22.005,22.133,101432,0
DVOL.US,D,20190918,000000,22.123,22.192,22.034,22.192,14857,0
DVOL.US,D,20190919,000000,22.232,22.27,22.192,22.241,40545,0
DVOL.US,D,20190920,000000,22.3,22.308,22.195,22.195,18294,0
DVOL.US,D,20190923,000000,22.319,22.348,22.251,22.27,50770,0
DVOL.US,D,20190924,000000,22.348,22.493,22.319,22.335,80244,0
DVOL.US,D,20190925,000000,22.388,22.388,22.348,22.348,5871,0
DVOL.US,D,20190926,000000,22.457,22.575,22.428,22.506,124324,0
DVOL.US,D,20190927,000000,22.497,22.497,22.221,22.348,24179,0
DVOL.US,D,20190930,000000,22.437,22.467,22.367,22.416,29753,0
DVOL.US,D,20191001,000000,22.457,22.457,22.265,22.3,44239,0
DVOL.US,D,20191002,000000,22.265,22.269,22.008,22.122,96798,0
DVOL.US,D,20191003,000000,22.142,22.221,22.036,22.221,160026,0
DVOL.US,D,20191004,000000,22.329,22.497,22.27,22.482,236994,0
DVOL.US,D,20191007,000000,22.358,22.487,22.358,22.427,29899,0
DVOL.US,D,20191008,000000,22.388,22.388,22.191,22.201,61286,0
DVOL.US,D,20191009,000000,22.3,22.338,22.22,22.29,175732,0
DVOL.US,D,20191010,000000,22.329,22.355,22.226,22.304,23638,0
DVOL.US,D,20191011,000000,22.467,22.467,22.271,22.28,54248,0
DVOL.US,D,20191014,000000,22.241,22.27,22.122,22.192,25146,0
DVOL.US,D,20191015,000000,22.201,22.201,22.082,22.122,32522,0
DVOL.US,D,20191016,000000,22.112,22.122,22.004,22.122,51660,0
DVOL.US,D,20191017,000000,22.152,22.221,22.122,22.194,26943,0
DVOL.US,D,20191018,000000,22.201,22.348,22.144,22.28,26180,0
DVOL.US,D,20191021,000000,22.388,22.397,22.324,22.368,17955,0
DVOL.US,D,20191022,000000,22.419,22.427,22.265,22.265,29066,0
DVOL.US,D,20191023,000000,22.338,22.388,22.221,22.29,79911,0
DVOL.US,D,20191024,000000,22.261,22.388,22.241,22.351,61848,0
DVOL.US,D,20191025,000000,22.261,22.261,22.092,22.148,35623,0
DVOL.US,D,20191028,000000,22.182,22.182,21.906,21.956,79321,0
DVOL.US,D,20191029,000000,21.985,22.043,21.956,22.004,108373,0
DVOL.US,D,20191030,000000,22.004,22.192,21.977,22.192,96938,0
DVOL.US,D,20191031,000000,22.201,22.231,22.117,22.231,22897,0
DVOL.US,D,20191101,000000,22.28,22.29,22.023,22.031,50250,0
DVOL.US,D,20191104,000000,21.985,21.985,21.74,21.767,168540,0
DVOL.US,D,20191105,000000,21.788,21.788,21.504,21.562,2081914,0
DVOL.US,D,20191106,000000,21.484,21.7,21.484,21.69,172602,0
DVOL.US,D,20191107,000000,21.68,21.68,21.336,21.424,149874,0
DVOL.US,D,20191108,000000,21.435,21.438,21.336,21.375,34768,0
DVOL.US,D,20191111,000000,21.359,21.398,21.326,21.355,74697,0
DVOL.US,D,20191112,000000,21.306,21.434,21.286,21.287,33661,0
DVOL.US,D,20191113,000000,21.392,21.622,21.392,21.562,149767,0
DVOL.US,D,20191114,000000,21.562,21.667,21.562,21.651,17710,0
DVOL.US,D,20191115,000000,21.631,21.665,21.603,21.653,59968,0
DVOL.US,D,20191118,000000,21.828,21.828,21.67,21.682,23777,0
DVOL.US,D,20191119,000000,21.71,21.749,21.667,21.724,17023,0
DVOL.US,D,20191120,000000,21.826,21.826,21.68,21.763,22714,0
DVOL.US,D,20191121,000000,21.7,21.7,21.542,21.586,41382,0
DVOL.US,D,20191122,000000,21.582,21.592,21.464,21.562,11738,0
DVOL.US,D,20191125,000000,21.572,21.641,21.494,21.526,108401,0
DVOL.US,D,20191126,000000,21.607,21.745,21.607,21.745,87671,0
DVOL.US,D,20191127,000000,21.742,21.828,21.71,21.81,89979,0
DVOL.US,D,20191129,000000,21.788,21.799,21.747,21.747,2158,0
DVOL.US,D,20191202,000000,21.651,21.654,21.523,21.523,15932,0
DVOL.US,D,20191203,000000,21.563,21.612,21.523,21.592,744296,0
DVOL.US,D,20191204,000000,21.661,21.73,21.651,21.71,55280,0
DVOL.US,D,20191205,000000,21.759,21.759,21.683,21.73,26165,0
DVOL.US,D,20191206,000000,21.68,21.847,21.68,21.752,46289,0
DVOL.US,D,20191209,000000,21.7,21.74,21.7,21.73,57133,0
DVOL.US,D,20191210,000000,21.73,21.759,21.685,21.707,26485,0
DVOL.US,D,20191211,000000,21.759,21.759,21.589,21.67,13916,0
DVOL.US,D,20191212,000000,21.69,21.69,21.474,21.525,106938,0
DVOL.US,D,20191213,000000,21.357,21.596,21.357,21.596,125129,0
DVOL.US,D,20191216,000000,21.566,21.73,21.566,21.73,18218,0
DVOL.US,D,20191217,000000,21.725,21.843,21.725,21.765,54504,0
DVOL.US,D,20191218,000000,21.705,21.837,21.705,21.837,74043,0
DVOL.US,D,20191219,000000,21.882,21.908,21.804,21.883,40148,0
DVOL.US,D,20191220,000000,21.873,22.071,21.873,22.049,24308,0
DVOL.US,D,20191223,000000,22.099,22.099,21.814,21.824,22152,0
DVOL.US,D,20191224,000000,21.794,21.893,21.774,21.873,6138,0
DVOL.US,D,20191226,000000,21.888,21.922,21.843,21.893,19716,0
DVOL.US,D,20191227,000000,21.933,21.965,21.917,21.958,19766,0
DVOL.US,D,20191230,000000,21.943,21.973,21.893,21.963,145618,0
DVOL.US,D,20191231,000000,21.993,22.076,21.993,22.061,13247,0
DVOL.US,D,20200102,000000,22.041,22.131,21.765,21.873,117281,0
DVOL.US,D,20200103,000000,21.863,22.01,21.863,21.971,20134,0
DVOL.US,D,20200106,000000,21.883,22.026,21.883,21.993,18924,0
DVOL.US,D,20200107,000000,21.943,21.943,21.839,21.878,18213,0
DVOL.US,D,20200108,000000,21.863,21.949,21.843,21.873,136974,0
DVOL.US,D,20200109,000000,21.833,22.002,21.833,21.982,9897,0
DVOL.US,D,20200110,000000,22.002,22.1,21.993,22.078,35000,0
DVOL.US,D,20200113,000000,22.118,22.283,22.091,22.261,22193,0
DVOL.US,D,20200114,000000,22.3,22.3,22.171,22.278,22981,0
DVOL.US,D,20200115,000000,22.439,22.543,22.409,22.481,33261,0
DVOL.US,D,20200116,000000,22.53,22.667,22.53,22.663,6391,0
DVOL.US,D,20200117,000000,22.722,22.795,22.707,22.775,7807,0
DVOL.US,D,20200121,000000,22.775,22.895,22.775,22.895,14530,0
DVOL.US,D,20200122,000000,23.023,23.023,22.902,22.902,4415,0
DVOL.US,D,20200123,000000,22.915,23.111,22.912,23.111,22642,0
DVOL.US,D,20200124,000000,23.121,23.171,23.033,23.057,18149,0
DVOL.US,D,20200127,000000,23.041,23.081,22.994,23.028,4967,0
DVOL.US,D,20200128,000000,23.101,23.211,23.101,23.151,22488,0
DVOL.US,D,20200129,000000,23.161,23.241,23.141,23.201,13146,0
DVOL.US,D,20200130,000000,23.081,23.388,23.081,23.388,4286,0
DVOL.US,D,20200131,000000,23.399,23.399,23.141,23.221,204502,0
DVOL.US,D,20200203,000000,23.231,23.359,23.231,23.298,23257,0
DVOL.US,D,20200204,000000,23.329,23.409,23.31,23.31,24971,0
DVOL.US,D,20200205,000000,23.278,23.399,23.275,23.339,188653,0
DVOL.US,D,20200206,000000,23.399,23.459,23.379,23.439,15894,0
DVOL.US,D,20200207,000000,23.379,23.508,23.379,23.429,195186,0
DVOL.US,D,20200210,000000,23.359,23.548,23.359,23.528,42048,0
DVOL.US,D,20200211,000000,23.528,23.617,23.528,23.569,58606,0
DVOL.US,D,20200212,000000,23.568,23.647,23.538,23.617,23431,0
DVOL.US,D,20200213,000000,23.627,23.835,23.618,23.799,67263,0
DVOL.US,D,20200214,000000,23.895,23.994,23.835,23.979,31776,0
DVOL.US,D,20200218,000000,24.033,24.063,23.994,24.016,12938,0
DVOL.US,D,20200219,000000,24.023,24.033,23.877,23.877,43096,0
DVOL.US,D,20200220,000000,23.895,23.915,23.711,23.901,72768,0
DVOL.US,D,20200221,000000,23.915,23.957,23.854,23.854,22363,0
DVOL.US,D,20200224,000000,23.676,23.756,23.499,23.508,28733,0
DVOL.US,D,20200225,000000,23.558,23.568,22.97,22.975,24885,0
DVOL.US,D,20200226,000000,23.181,23.188,22.805,22.805,48484,0
DVOL.US,D,20200227,000000,22.588,22.677,21.656,21.656,64710,0
DVOL.US,D,20200228,000000,21.159,21.239,20.576,21.019,60696,0
DVOL.US,D,20200302,000000,21.199,22.058,21.199,22.058,52663,0
DVOL.US,D,20200303,000000,22.037,22.462,21.765,21.814,51524,0
DVOL.US,D,20200304,000000,22.041,22.895,22.041,22.866,19698,0
DVOL.US,D,20200305,000000,22.509,22.558,22.266,22.437,43577,0
DVOL.US,D,20200306,000000,21.833,22.3,21.624,22.211,41414,0
DVOL.US,D,20200309,000000,20.932,21.476,20.763,20.912,32921,0
DVOL.US,D,20200310,000000,21.407,21.407,20.457,21.3,40552,0
DVOL.US,D,20200311,000000,20.862,20.862,20.036,20.279,79990,0
DVOL.US,D,20200312,000000,19.108,19.455,18.148,18.284,598666,0
DVOL.US,D,20200313,000000,19.316,19.316,18.236,19.227,352171,0
DVOL.US,D,20200316,000000,18.118,18.443,17.213,17.213,116252,0
DVOL.US,D,20200317,000000,17.276,18.453,17.018,18.297,112148,0
DVOL.US,D,20200318,000000,17.216,17.602,16.432,17.146,37721,0
DVOL.US,D,20200319,000000,16.988,17.182,16.65,16.74,29416,0
DVOL.US,D,20200320,000000,16.739,16.739,15.542,15.63,165609,0
DVOL.US,D,20200323,000000,15.6,15.6,14.52,14.826,267149,0
DVOL.US,D,20200324,000000,15.65,16.049,15.373,16.049,527291,0
DVOL.US,D,20200325,000000,16.142,17.166,15.749,16.541,119454,0
DVOL.US,D,20200326,000000,16.77,17.824,16.77,17.824,76623,0
DVOL.US,D,20200327,000000,17.268,18.479,17.268,17.945,826945,0
DVOL.US,D,20200330,000000,18.193,18.434,17.73,18.411,79199,0
DVOL.US,D,20200331,000000,18.309,18.309,17.665,17.838,75217,0
DVOL.US,D,20200401,000000,17.098,17.168,16.541,16.79,61957,0
DVOL.US,D,20200402,000000,16.68,17.148,16.68,17.128,43744,0
DVOL.US,D,20200403,000000,17.048,17.073,16.482,16.556,62652,0
DVOL.US,D,20200406,000000,17.188,17.884,17.148,17.884,24118,0
DVOL.US,D,20200407,000000,18.519,18.546,17.814,17.854,35792,0
DVOL.US,D,20200408,000000,17.964,18.708,17.924,18.708,175476,0
DVOL.US,D,20200409,000000,19.136,19.822,19.136,19.573,32264,0
DVOL.US,D,20200413,000000,19.484,19.484,18.922,18.957,70968,0
DVOL.US,D,20200414,000000,19.364,19.573,19.364,19.536,146376,0
DVOL.US,D,20200415,000000,18.977,19.08,18.769,18.887,22315,0
DVOL.US,D,20200416,000000,18.897,18.897,18.628,18.827,60268,0
DVOL.US,D,20200417,000000,19.258,19.379,19.076,19.379,57748,0
DVOL.US,D,20200420,000000,19.165,19.406,19.165,19.199,23016,0
DVOL.US,D,20200421,000000,18.937,18.937,18.666,18.753,30928,0
DVOL.US,D,20200422,000000,18.857,19.141,18.837,19.068,36287,0
DVOL.US,D,20200423,000000,19.165,19.203,18.987,18.997,24311,0
DVOL.US,D,20200424,000000,19.017,19.136,18.947,19.128,35334,0
DVOL.US,D,20200427,000000,19.235,19.494,19.235,19.441,12721,0
DVOL.US,D,20200428,000000,19.653,19.653,19.24,19.241,33382,0
DVOL.US,D,20200429,000000,19.294,19.374,19.16,19.225,446033,0
DVOL.US,D,20200430,000000,19.145,19.225,19.066,19.187,35957,0
DVOL.US,D,20200501,000000,19.055,19.066,18.877,18.956,297906,0
DVOL.US,D,20200504,000000,18.867,19.126,18.867,19.118,120100,0
DVOL.US,D,20200505,000000,19.294,19.553,19.245,19.43,35947,0
DVOL.US,D,20200506,000000,19.464,19.534,19.384,19.386,58189,0
DVOL.US,D,20200507,000000,19.454,19.634,19.454,19.553,15984,0
DVOL.US,D,20200508,000000,19.653,19.753,19.653,19.699,23835,0
DVOL.US,D,20200511,000000,19.643,19.958,19.643,19.952,6956,0
DVOL.US,D,20200512,000000,19.942,19.942,19.552,19.552,25781,0
DVOL.US,D,20200513,000000,19.538,19.627,19.235,19.324,46012,0
DVOL.US,D,20200514,000000,19.235,19.423,19.056,19.423,173982,0
DVOL.US,D,20200515,000000,19.474,19.577,19.359,19.573,12848,0
DVOL.US,D,20200518,000000,19.897,19.952,19.846,19.866,20069,0
DVOL.US,D,20200519,000000,19.812,19.912,19.689,19.689,112757,0
DVOL.US,D,20200520,000000,19.822,19.882,19.762,19.792,19166,0
DVOL.US,D,20200521,000000,19.792,19.792,19.573,19.633,19346,0
DVOL.US,D,20200522,000000,19.593,19.663,19.543,19.659,18099,0
DVOL.US,D,20200526,000000,19.902,19.902,19.633,19.633,24857,0
DVOL.US,D,20200527,000000,19.653,19.873,19.533,19.873,9827,0
DVOL.US,D,20200528,000000,20.002,20.296,20.002,20.186,27003,0
DVOL.US,D,20200529,000000,20.208,20.475,20.16,20.475,16130,0
DVOL.US,D,20200601,000000,20.42,20.489,20.354,20.379,12947,0
DVOL.US,D,20200602,000000,20.379,20.511,20.364,20.511,19700,0
DVOL.US,D,20200603,000000,20.538,20.563,20.464,20.514,30194,0
DVOL.US,D,20200604,000000,20.469,20.509,20.17,20.2,26437,0
DVOL.US,D,20200605,000000,20.286,20.494,20.286,20.43,8978,0
DVOL.US,D,20200608,000000,20.384,20.548,20.329,20.548,53790,0
DVOL.US,D,20200609,000000,20.515,20.519,20.439,20.489,17353,0
DVOL.US,D,20200610,000000,20.459,20.637,20.432,20.528,18375,0
DVOL.US,D,20200611,000000,20.369,20.392,19.733,19.733,49075,0
DVOL.US,D,20200612,000000,19.942,19.97,19.609,19.764,14771,0
DVOL.US,D,20200615,000000,19.556,20.012,19.484,20.012,19136,0
DVOL.US,D,20200616,000000,20.369,20.369,20.022,20.16,25013,0
DVOL.US,D,20200617,000000,20.21,20.397,20.21,20.26,31842,0
DVOL.US,D,20200618,000000,20.23,20.319,20.18,20.252,20615,0
DVOL.US,D,20200619,000000,20.429,20.429,20.15,20.211,67048,0
DVOL.US,D,20200622,000000,20.105,20.329,20.105,20.23,12121,0
DVOL.US,D,20200623,000000,20.399,20.412,20.244,20.244,26740,0
DVOL.US,D,20200624,000000,20.06,20.06,19.792,19.902,12143,0
DVOL.US,D,20200625,000000,19.762,20.078,19.722,20.078,119093,0
DVOL.US,D,20200626,000000,20.142,20.161,19.942,19.942,7823,0
DVOL.US,D,20200629,000000,19.882,20.061,19.882,20.033,8418,0
DVOL.US,D,20200630,000000,20.151,20.391,20.141,20.391,6672,0
DVOL.US,D,20200701,000000,20.421,20.591,20.381,20.561,59843,0
DVOL.US,D,20200702,000000,20.692,20.795,20.659,20.659,73094,0
DVOL.US,D,20200706,000000,20.869,20.899,20.699,20.781,27545,0
DVOL.US,D,20200707,000000,20.776,20.909,20.739,20.739,16189,0
DVOL.US,D,20200708,000000,20.829,20.849,20.729,20.807,15842,0
DVOL.US,D,20200709,000000,20.909,20.978,20.64,20.921,13398,0
DVOL.US,D,20200710,000000,20.899,20.991,20.794,20.991,79243,0
DVOL.US,D,20200713,000000,21.128,21.196,20.729,20.769,30894,0
DVOL.US,D,20200714,000000,20.799,21.072,20.669,21.072,7062,0
DVOL.US,D,20200715,000000,21.118,21.248,21.118,21.207,7216,0
DVOL.US,D,20200716,000000,21.136,21.247,21.112,21.236,15948,0
DVOL.US,D,20200717,000000,21.338,21.489,21.298,21.468,16728,0
DVOL.US,D,20200720,000000,21.578,21.76,21.578,21.76,36220,0
DVOL.US,D,20200721,000000,21.828,21.828,21.618,21.678,49358,0
DVOL.US,D,20200722,000000,21.856,21.856,21.696,21.808,16818,0
DVOL.US,D,20200723,000000,21.937,22.017,21.618,21.682,22481,0
DVOL.US,D,20200724,000000,21.598,21.598,21.448,21.549,71205,0
DVOL.US,D,20200727,000000,21.668,21.836,21.668,21.798,23854,0
DVOL.US,D,20200728,000000,21.808,21.808,21.584,21.584,220894,0
DVOL.US,D,20200729,000000,21.848,21.917,21.823,21.867,14571,0
DVOL.US,D,20200730,000000,21.628,21.877,21.628,21.865,44434,0
DVOL.US,D,20200731,000000,21.927,21.939,21.756,21.917,6689,0
DVOL.US,D,20200803,000000,22.117,22.307,22.117,22.264,79689,0
DVOL.US,D,20200804,000000,22.182,22.277,22.172,22.277,34041,0
DVOL.US,D,20200805,000000,22.287,22.313,22.237,22.304,8340,0
DVOL.US,D,20200806,000000,22.327,22.357,22.162,22.347,17794,0
DVOL.US,D,20200807,000000,22.401,22.417,22.297,22.379,6132,0
DVOL.US,D,20200810,000000,22.36,22.36,22.177,22.202,31670,0
DVOL.US,D,20200811,000000,22.177,22.237,21.977,21.977,15334,0
DVOL.US,D,20200812,000000,22.137,22.379,22.137,22.334,19260,0
DVOL.US,D,20200813,000000,22.327,22.5,22.327,22.437,9957,0
DVOL.US,D,20200814,000000,22.417,22.477,22.307,22.367,196788,0
DVOL.US,D,20200817,000000,22.49,22.547,22.467,22.493,14228,0
DVOL.US,D,20200818,000000,22.547,22.627,22.502,22.571,9574,0
DVOL.US,D,20200819,000000,22.587,22.607,22.427,22.429,8068,0
DVOL.US,D,20200820,000000,22.427,22.507,22.412,22.477,5666,0
DVOL.US,D,20200821,000000,22.447,22.477,22.38,22.447,5040,0
DVOL.US,D,20200824,000000,22.547,22.547,22.377,22.457,22288,0
DVOL.US,D,20200825,000000,22.527,22.541,22.483,22.541,5379,0
DVOL.US,D,20200826,000000,22.527,22.806,22.527,22.766,40411,0
DVOL.US,D,20200827,000000,22.726,22.807,22.627,22.687,17447,0
DVOL.US,D,20200828,000000,22.756,22.756,22.597,22.704,7402,0
DVOL.US,D,20200831,000000,22.657,22.833,22.657,22.766,665521,0
DVOL.US,D,20200901,000000,22.816,22.876,22.776,22.869,15160,0
DVOL.US,D,20200902,000000,22.974,23.296,22.974,23.284,13764,0
DVOL.US,D,20200903,000000,23.094,23.094,22.287,22.447,28671,0
DVOL.US,D,20200904,000000,22.297,22.507,21.768,22.117,36254,0
DVOL.US,D,20200908,000000,21.847,21.907,21.578,21.658,201814,0
DVOL.US,D,20200909,000000,21.937,22.257,21.898,22.225,35385,0
DVOL.US,D,20200910,000000,22.327,22.387,21.897,21.943,17039,0
DVOL.US,D,20200911,000000,22.069,22.119,21.798,21.97,11109,0
DVOL.US,D,20200914,000000,22.117,22.3,22.117,22.198,517870,0
DVOL.US,D,20200915,000000,22.097,22.503,22.097,22.437,26789,0
DVOL.US,D,20200916,000000,22.537,22.557,22.257,22.278,12733,0
DVOL.US,D,20200917,000000,22.021,22.192,21.963,22.115,29522,0
DVOL.US,D,20200918,000000,22.197,22.247,21.927,22.026,21552,0
DVOL.US,D,20200921,000000,21.788,21.848,21.618,21.847,33338,0
DVOL.US,D,20200922,000000,21.873,22.207,21.873,22.185,17114,0
DVOL.US,D,20200923,000000,22.087,22.217,21.758,21.778,16471,0
DVOL.US,D,20200924,000000,21.698,21.887,21.635,21.713,24339,0
DVOL.US,D,20200925,000000,21.668,22.065,21.668,22.065,31844,0
DVOL.US,D,20200928,000000,22.387,22.399,22.277,22.33,9453,0
DVOL.US,D,20200929,000000,22.462,22.462,22.352,22.352,8821,0
DVOL.US,D,20200930,000000,22.367,22.587,22.317,22.449,28010,0
DVOL.US,D,20201001,000000,22.637,22.637,22.5,22.553,40729,0
DVOL.US,D,20201002,000000,22.407,22.467,22.327,22.347,11874,0
DVOL.US,D,20201005,000000,22.542,22.766,22.542,22.736,42854,0
DVOL.US,D,20201006,000000,22.707,22.775,22.556,22.571,8652,0
DVOL.US,D,20201007,000000,22.786,22.89,22.707,22.868,15600,0
DVOL.US,D,20201008,000000,22.946,23.013,22.896,23.013,28113,0
DVOL.US,D,20201009,000000,22.966,23.324,22.966,23.294,29309,0
DVOL.US,D,20201012,000000,23.414,23.703,23.414,23.603,24575,0
DVOL.US,D,20201013,000000,23.633,23.643,23.508,23.584,23860,0
DVOL.US,D,20201014,000000,23.594,23.661,23.377,23.446,23088,0
DVOL.US,D,20201015,000000,23.235,23.364,23.174,23.361,36234,0
DVOL.US,D,20201016,000000,23.494,23.636,23.424,23.424,76633,0
DVOL.US,D,20201019,000000,23.544,23.544,23.016,23.053,34413,0
DVOL.US,D,20201020,000000,23.132,23.284,23.104,23.111,9238,0
DVOL.US,D,20201021,000000,23.287,23.306,23.006,23.046,23889,0
DVOL.US,D,20201022,000000,23.084,23.114,22.926,23.046,5627,0
DVOL.US,D,20201023,000000,23.066,23.114,22.986,23.104,16199,0
DVOL.US,D,20201026,000000,22.956,22.956,22.697,22.821,27103,0
DVOL.US,D,20201027,000000,22.846,22.944,22.846,22.87,39924,0
DVOL.US,D,20201028,000000,22.507,22.507,22.207,22.235,27725,0
DVOL.US,D,20201029,000000,22.197,22.497,22.152,22.287,41733,0
DVOL.US,D,20201030,000000,22.277,22.282,22.027,22.189,29756,0
DVOL.US,D,20201102,000000,22.257,22.587,22.257,22.473,85960,0
DVOL.US,D,20201103,000000,22.766,22.956,22.756,22.876,61927,0
DVOL.US,D,20201104,000000,23.075,23.668,23.075,23.437,19455,0
DVOL.US,D,20201105,000000,23.758,23.758,23.634,23.673,3960,0
DVOL.US,D,20201106,000000,23.771,23.918,23.693,23.858,41223,0
DVOL.US,D,20201109,000000,23.823,23.823,23.075,23.112,12193,0
DVOL.US,D,20201110,000000,22.996,23.184,22.906,23.118,40823,0
DVOL.US,D,20201111,000000,23.334,23.53,23.334,23.489,37180,0
DVOL.US,D,20201112,000000,23.519,23.539,23.28,23.394,96682,0
DVOL.US,D,20201113,000000,23.585,23.643,23.531,23.624,46225,0
DVOL.US,D,20201116,000000,23.723,23.768,23.604,23.733,27700,0
DVOL.US,D,20201117,000000,23.534,23.743,23.534,23.677,25511,0
DVOL.US,D,20201118,000000,23.594,23.6,23.334,23.363,36099,0
DVOL.US,D,20201119,000000,23.254,23.514,23.254,23.514,5947,0
DVOL.US,D,20201120,000000,23.517,23.613,23.504,23.525,46828,0
DVOL.US,D,20201123,000000,23.464,23.464,23.324,23.393,12552,0
DVOL.US,D,20201124,000000,23.364,23.469,23.364,23.384,24422,0
DVOL.US,D,20201125,000000,23.419,23.434,23.314,23.412,15648,0
DVOL.US,D,20201127,000000,23.544,23.564,23.484,23.556,6111,0
DVOL.US,D,20201130,000000,23.609,23.713,23.494,23.701,10509,0
DVOL.US,D,20201201,000000,23.623,23.973,23.623,23.933,32349,0
DVOL.US,D,20201202,000000,23.821,23.821,23.703,23.744,20061,0
DVOL.US,D,20201203,000000,23.823,23.823,23.643,23.653,18371,0
DVOL.US,D,20201204,000000,23.722,23.828,23.722,23.823,15263,0
DVOL.US,D,20201207,000000,23.913,23.913,23.763,23.833,6193,0
DVOL.US,D,20201208,000000,23.876,23.923,23.876,23.919,163112,0
DVOL.US,D,20201209,000000,23.733,23.798,23.633,23.713,14802,0
DVOL.US,D,20201210,000000,23.753,23.823,23.713,23.733,104390,0
DVOL.US,D,20201211,000000,23.743,23.833,23.693,23.803,7983,0
DVOL.US,D,20201214,000000,24.042,24.042,23.823,23.823,7033,0
DVOL.US,D,20201215,000000,23.973,24.077,23.931,23.983,15276,0
DVOL.US,D,20201216,000000,24.061,24.114,23.958,24.013,7680,0
DVOL.US,D,20201217,000000,24.273,24.333,24.245,24.313,12777,0
DVOL.US,D,20201218,000000,24.313,24.423,24.243,24.404,8930,0
DVOL.US,D,20201221,000000,24.034,24.291,23.883,24.249,51300,0
DVOL.US,D,20201222,000000,24.266,24.283,24.218,24.237,7985,0
DVOL.US,D,20201223,000000,24.288,24.343,24.243,24.263,20347,0
DVOL.US,D,20201224,000000,24.322,24.326,24.252,24.326,6582,0
DVOL.US,D,20201228,000000,24.359,24.382,24.303,24.336,11266,0
DVOL.US,D,20201229,000000,24.428,24.433,24.243,24.311,12354,0
DVOL.US,D,20201230,000000,24.414,24.414,24.296,24.328,6755,0
DVOL.US,D,20201231,000000,24.323,24.532,24.313,24.512,47642,0
DVOL.US,D,20210104,000000,24.612,24.612,24.013,24.207,26023,0
DVOL.US,D,20210105,000000,24.243,24.363,24.133,24.32,4410,0
DVOL.US,D,20210106,000000,24.473,24.672,24.473,24.596,59806,0
DVOL.US,D,20210107,000000,24.822,24.987,24.822,24.981,22522,0
DVOL.US,D,20210108,000000,25.196,25.196,24.971,25.116,7679,0
DVOL.US,D,20210111,000000,25.002,25.092,24.932,24.962,77644,0
DVOL.US,D,20210112,000000,24.901,24.902,24.662,24.752,18530,0
DVOL.US,D,20210113,000000,24.655,24.732,24.612,24.633,21880,0
DVOL.US,D,20210114,000000,24.646,24.646,24.463,24.468,10127,0
DVOL.US,D,20210115,000000,24.503,24.577,24.333,24.495,57963,0
DVOL.US,D,20210119,000000,24.636,24.662,24.512,24.591,15975,0
DVOL.US,D,20210120,000000,24.677,24.921,24.677,24.921,15596,0
DVOL.US,D,20210121,000000,24.927,24.927,24.837,24.837,2166,0
DVOL.US,D,20210122,000000,24.722,24.825,24.692,24.814,6790,0
DVOL.US,D,20210125,000000,24.882,24.882,24.64,24.702,12535,0
DVOL.US,D,20210126,000000,24.692,24.692,24.552,24.562,12612,0
DVOL.US,D,20210127,000000,24.323,24.323,23.733,23.822,28265,0
DVOL.US,D,20210128,000000,23.953,24.404,23.953,24.212,87238,0
DVOL.US,D,20210129,000000,24.083,24.133,23.793,23.846,14357,0
DVOL.US,D,20210201,000000,23.943,24.208,23.943,24.197,17526,0
DVOL.US,D,20210202,000000,24.582,24.702,24.568,24.614,52932,0
DVOL.US,D,20210203,000000,24.473,24.473,24.353,24.405,31134,0
DVOL.US,D,20210204,000000,24.512,24.542,24.443,24.496,18026,0
DVOL.US,D,20210205,000000,24.662,24.662,24.572,24.596,11001,0
DVOL.US,D,20210208,000000,24.712,24.791,24.7,24.791,16988,0
DVOL.US,D,20210209,000000,24.832,24.842,24.722,24.792,8939,0
DVOL.US,D,20210210,000000,24.882,24.902,24.792,24.832,14412,0
DVOL.US,D,20210211,000000,24.891,24.92,24.802,24.92,15271,0
DVOL.US,D,20210212,000000,24.832,25.055,24.832,25.055,10106,0
DVOL.US,D,20210216,000000,25.062,25.062,24.962,24.962,6223,0
DVOL.US,D,20210217,000000,24.882,24.942,24.792,24.919,10899,0
DVOL.US,D,20210218,000000,24.842,24.922,24.788,24.886,4441,0
DVOL.US,D,20210219,000000,24.952,24.972,24.692,24.732,15004,0
DVOL.US,D,20210222,000000,24.458,24.458,24.343,24.343,12810,0
DVOL.US,D,20210223,000000,24.003,24.293,24.003,24.267,10270,0
DVOL.US,D,20210224,000000,24.133,24.345,24.133,24.299,11791,0
DVOL.US,D,20210225,000000,24.313,24.313,23.946,23.946,11597,0
DVOL.US,D,20210226,000000,23.987,24.108,23.934,23.941,5397,0
DVOL.US,D,20210301,000000,24.023,24.492,24.023,24.415,7915,0
DVOL.US,D,20210302,000000,24.343,24.443,24.163,24.213,11028,0
DVOL.US,D,20210303,000000,23.993,23.993,23.673,23.71,30812,0
DVOL.US,D,20210304,000000,23.497,23.643,23.109,23.141,34342,0
DVOL.US,D,20210305,000000,23.234,23.663,23.045,23.657,9918,0
DVOL.US,D,20210308,000000,23.674,23.903,23.484,23.521,38591,0
DVOL.US,D,20210309,000000,24.063,24.083,23.904,23.904,6482,0
DVOL.US,D,20210310,000000,24.024,24.123,23.985,23.985,6591,0
DVOL.US,D,20210311,000000,24.103,24.309,24.103,24.25,44836,0
DVOL.US,D,20210312,000000,24.148,24.261,24.113,24.261,22049,0
DVOL.US,D,20210315,000000,24.313,24.532,24.298,24.527,12468,0
DVOL.US,D,20210316,000000,24.453,24.632,24.443,24.469,34177,0
DVOL.US,D,20210317,000000,24.362,24.408,24.273,24.402,4150,0
DVOL.US,D,20210318,000000,24.203,24.293,24.153,24.173,14819,0
DVOL.US,D,20210319,000000,24.103,24.302,24.103,24.186,23630,0
DVOL.US,D,20210322,000000,24.213,24.361,24.213,24.361,10400,0
DVOL.US,D,20210323,000000,24.389,24.485,24.293,24.293,9217,0
DVOL.US,D,20210324,000000,24.293,24.413,24.263,24.293,11311,0
DVOL.US,D,20210325,000000,24.063,24.343,24.043,24.299,24390,0
DVOL.US,D,20210326,000000,24.353,24.712,24.323,24.7,17836,0
DVOL.US,D,20210329,000000,24.702,24.732,24.493,24.715,9774,0
DVOL.US,D,20210330,000000,24.562,24.602,24.542,24.575,2223,0
DVOL.US,D,20210331,000000,24.742,24.8,24.692,24.692,4596,0
DVOL.US,D,20210401,000000,24.792,25.033,24.792,25.014,9171,0
DVOL.US,D,20210405,000000,25.152,25.347,25.142,25.33,7286,0
DVOL.US,D,20210406,000000,25.352,25.481,25.342,25.35,19217,0
DVOL.US,D,20210407,000000,25.292,25.292,25.192,25.226,17437,0
DVOL.US,D,20210408,000000,25.427,25.44,25.342,25.432,7199,0
DVOL.US,D,20210409,000000,25.511,25.649,25.461,25.649,6942,0
DVOL.US,D,20210412,000000,25.681,25.726,25.635,25.714,4586,0
DVOL.US,D,20210413,000000,25.681,25.861,25.666,25.843,62007,0
DVOL.US,D,20210414,000000,25.791,25.796,25.751,25.751,5899,0
DVOL.US,D,20210415,000000,26.013,26.071,26.013,26.051,10192,0
DVOL.US,D,20210416,000000,26.194,26.31,26.171,26.291,12374,0
DVOL.US,D,20210419,000000,26.211,26.211,26.161,26.181,5937,0
DVOL.US,D,20210420,000000,26.101,26.111,25.791,26.094,243111,0
DVOL.US,D,20210421,000000,26.151,26.4,26.151,26.391,31198,0
DVOL.US,D,20210422,000000,26.456,26.557,26.34,26.366,32985,0
DVOL.US,D,20210423,000000,26.39,26.76,26.39,26.683,95566,0
DVOL.US,D,20210426,000000,26.74,26.74,26.61,26.613,15709,0
DVOL.US,D,20210427,000000,26.617,26.7,26.56,26.67,7375,0
DVOL.US,D,20210428,000000,26.58,26.651,26.536,26.536,2536,0
DVOL.US,D,20210429,000000,26.61,26.76,26.57,26.738,43497,0
DVOL.US,D,20210430,000000,26.58,26.62,26.56,26.576,12866,0
DVOL.US,D,20210503,000000,26.78,26.78,26.62,26.633,59052,0
DVOL.US,D,20210504,000000,26.561,26.65,26.512,26.65,3726,0
DVOL.US,D,20210505,000000,26.75,26.87,26.63,26.775,28490,0
DVOL.US,D,20210506,000000,26.845,26.96,26.75,26.93,24530,0
DVOL.US,D,20210507,000000,26.96,27.179,26.95,27.179,74251,0
DVOL.US,D,20210510,000000,27.269,27.362,27.02,27.02,173276,0
DVOL.US,D,20210511,000000,26.75,26.75,26.53,26.67,12690,0
DVOL.US,D,20210512,000000,26.56,26.56,26.001,26.001,180672,0
DVOL.US,D,20210513,000000,26.393,26.54,26.31,26.46,31550,0
DVOL.US,D,20210514,000000,26.43,26.79,26.43,26.7,35891,0
DVOL.US,D,20210517,000000,26.68,26.68,26.51,26.589,6113,0
DVOL.US,D,20210518,000000,26.57,26.57,26.271,26.271,51230,0
DVOL.US,D,20210519,000000,26.051,26.151,25.901,26.12,19719,0
DVOL.US,D,20210520,000000,26.131,26.43,26.131,26.36,48779,0
DVOL.US,D,20210521,000000,26.47,26.58,26.39,26.46,6652,0
DVOL.US,D,20210524,000000,26.531,26.61,26.53,26.57,78068,0
DVOL.US,D,20210525,000000,26.623,26.66,26.54,26.55,10567,0
DVOL.US,D,20210526,000000,26.56,26.63,26.55,26.61,11315,0
DVOL.US,D,20210527,000000,26.72,26.77,26.69,26.69,16525,0
DVOL.US,D,20210528,000000,26.757,26.82,26.72,26.78,10993,0
DVOL.US,D,20210601,000000,26.88,26.9,26.69,26.73,186112,0
DVOL.US,D,20210602,000000,26.73,26.76,26.67,26.684,3863,0
DVOL.US,D,20210603,000000,26.62,26.69,26.45,26.62,6531,0
DVOL.US,D,20210604,000000,26.725,26.814,26.7,26.814,3682,0
DVOL.US,D,20210607,000000,26.69,26.828,26.62,26.62,5353,0
DVOL.US,D,20210608,000000,26.64,26.765,26.59,26.74,2505,0
DVOL.US,D,20210609,000000,26.725,26.745,26.68,26.688,93192,0
DVOL.US,D,20210610,000000,26.69,26.751,26.67,26.73,4503,0
DVOL.US,D,20210611,000000,26.77,26.83,26.73,26.83,12974,0
DVOL.US,D,20210614,000000,26.69,26.788,26.67,26.788,6093,0
DVOL.US,D,20210615,000000,26.775,26.89,26.765,26.849,7514,0
DVOL.US,D,20210616,000000,26.82,26.85,26.63,26.642,2691,0
DVOL.US,D,20210617,000000,26.55,26.59,26.33,26.53,20326,0
DVOL.US,D,20210618,000000,26.36,26.36,26.151,26.151,9396,0
DVOL.US,D,20210621,000000,26.48,26.62,26.48,26.609,4379,0
DVOL.US,D,20210622,000000,26.63,26.77,26.61,26.73,5784,0
DVOL.US,D,20210623,000000,26.71,26.802,26.67,26.732,10521,0
DVOL.US,D,20210624,000000,26.82,26.881,26.75,26.845,9550,0
DVOL.US,D,20210625,000000,27.03,27.132,26.97,27.1198,7546,0
DVOL.US,D,20210628,000000,26.99,27.12,26.99,27.1088,5799,0
DVOL.US,D,20210629,000000,27.23,27.24,27.19,27.2091,4997,0
DVOL.US,D,20210630,000000,27.18,27.19,27.12,27.1894,6722,0
DVOL.US,D,20210701,000000,27.22,27.3504,27.2004,27.3504,13603,0
DVOL.US,D,20210702,000000,27.39,27.5259,27.371,27.5259,2023,0
DVOL.US,D,20210706,000000,27.5,27.5,27.24,27.43,5260,0
DVOL.US,D,20210707,000000,27.47,27.726,27.47,27.7165,11125,0
DVOL.US,D,20210708,000000,27.39,27.48,27.23,27.3532,10592,0
DVOL.US,D,20210709,000000,27.56,27.681,27.56,27.681,4485,0
DVOL.US,D,20210712,000000,27.755,27.8042,27.73,27.7978,5273,0
DVOL.US,D,20210713,000000,27.745,27.77,27.66,27.6813,3958,0
DVOL.US,D,20210714,000000,27.78,27.78,27.63,27.6903,3232,0
DVOL.US,D,20210715,000000,27.7076,27.73,27.64,27.7027,8427,0
DVOL.US,D,20210716,000000,27.74,27.74,27.59,27.5965,4144,0
DVOL.US,D,20210719,000000,27.32,27.32,26.98,27.1275,12647,0
DVOL.US,D,20210720,000000,27.33,27.75,27.33,27.6553,12157,0
DVOL.US,D,20210721,000000,27.8234,27.8234,27.73,27.815,4974,0
DVOL.US,D,20210722,000000,27.83,27.97,27.81,27.9696,4384,0
DVOL.US,D,20210723,000000,28.12,28.27,28.0401,28.2675,13248,0
DVOL.US,D,20210726,000000,28.18,28.2723,28.18,28.2225,3054,0
DVOL.US,D,20210727,000000,28.2,28.2,28.07,28.1886,8211,0
DVOL.US,D,20210728,000000,28.0331,28.2,28.0331,28.1385,5623,0
DVOL.US,D,20210729,000000,28.27,28.5208,28.27,28.5208,4025,0
DVOL.US,D,20210730,000000,28.617,28.67,28.58,28.6119,12958,0
DVOL.US,D,20210802,000000,28.83,28.83,28.56,28.5798,6795,0
DVOL.US,D,20210803,000000,28.57,28.8397,28.5,28.8197,13641,0
DVOL.US,D,20210804,000000,28.69,28.839,28.69,28.7161,11917,0
DVOL.US,D,20210805,000000,28.9,28.9,28.65,28.7784,40687,0
DVOL.US,D,20210806,000000,28.82,28.86,28.79,28.8393,63173,0
DVOL.US,D,20210809,000000,28.77,28.8328,28.77,28.8001,3053,0
DVOL.US,D,20210810,000000,28.825,28.93,28.8,28.8056,5557,0
DVOL.US,D,20210811,000000,28.96,28.96,28.905,28.929,2199,0
DVOL.US,D,20210812,000000,28.9016,29.01,28.9016,28.9866,2141,0
DVOL.US,D,20210813,000000,29.02,29.08,28.98,29.0636,22839,0
DVOL.US,D,20210816,000000,29.05,29.2559,28.95,29.2559,3313,0
DVOL.US,D,20210817,000000,29.09,29.09,28.856,29.0038,4208,0
DVOL.US,D,20210818,000000,28.925,29.06,28.73,28.7632,10199,0
DVOL.US,D,20210819,000000,28.56,28.86,28.51,28.8087,5022,0
DVOL.US,D,20210820,000000,28.92,29.1,28.92,29.03,5231,0
DVOL.US,D,20210823,000000,29.11,29.2407,29.11,29.1625,4467,0
DVOL.US,D,20210824,000000,29.17,29.26,29.16,29.2025,24278,0
DVOL.US,D,20210825,000000,29.26,29.41,29.2453,29.365,26897,0
DVOL.US,D,20210826,000000,29.39,29.4,29.25,29.2968,7538,0
DVOL.US,D,20210827,000000,29.43,29.5696,29.43,29.4976,2143,0
DVOL.US,D,20210830,000000,29.615,29.74,29.615,29.6549,7322,0
DVOL.US,D,20210831,000000,29.62,29.6499,29.55,29.6159,3124,0
DVOL.US,D,20210901,000000,29.6,29.719,29.51,29.68,15943,0
