<TICKER>,<PER>,<DATE>,<TIME>,<OPEN>,<HIGH>,<LOW>,<CLOSE>,<VOL>,<OPENINT>
DWAT.US,D,20141003,000000,9.2175,9.2253,9.1716,9.2253,10774,0
DWAT.US,D,20141006,000000,9.2533,9.2533,9.1904,9.1904,7502,0
DWAT.US,D,20141007,000000,9.1433,9.1481,9.0973,9.0973,27593,0
DWAT.US,D,20141008,000000,9.0549,9.2253,9.0549,9.2253,64706,0
DWAT.US,D,20141009,000000,9.1622,9.1904,9.0596,9.0596,10693,0
DWAT.US,D,20141010,000000,9.0127,9.0502,8.9665,9.0042,9719,0
DWAT.US,D,20141013,000000,8.9571,8.9571,8.8751,8.9021,16073,0
DWAT.US,D,20141014,000000,8.8965,8.9021,8.8741,8.9021,2072,0
DWAT.US,D,20141015,000000,8.7624,8.7809,8.6973,8.7159,6791,0
DWAT.US,D,20141016,000000,8.7835,8.7994,8.7835,8.7994,430,0
DWAT.US,D,20141017,000000,8.8928,8.9021,8.8273,8.8928,12573,0
DWAT.US,D,20141021,000000,9.0654,9.1527,9.0314,9.1498,4022,0
DWAT.US,D,20141022,000000,9.384,9.3938,9.1085,9.1245,16029,0
DWAT.US,D,20141023,000000,9.2079,9.2175,9.1678,9.181,10554,0
DWAT.US,D,20141024,000000,9.2175,9.2437,9.2175,9.2243,13338,0
DWAT.US,D,20141027,000000,9.2349,9.2533,9.2253,9.2437,12234,0
DWAT.US,D,20141028,000000,9.2814,9.3367,9.2688,9.3367,14060,0
DWAT.US,D,20141029,000000,9.3192,9.3192,9.2814,9.3008,2378,0
DWAT.US,D,20141030,000000,9.3367,9.4125,9.3367,9.384,8750,0
DWAT.US,D,20141031,000000,9.737,9.737,9.4764,9.504,41367,0
DWAT.US,D,20141103,000000,9.885,9.885,9.4951,9.504,28608,0
DWAT.US,D,20141104,000000,9.4666,9.4863,9.4312,9.4863,12895,0
DWAT.US,D,20141105,000000,9.747,9.747,9.4863,9.524,41036,0
DWAT.US,D,20141106,000000,9.53,9.533,9.522,9.533,2126,0
DWAT.US,D,20141107,000000,9.504,9.533,9.5,9.514,7063,0
DWAT.US,D,20141110,000000,9.3096,9.597,9.3096,9.56,15676,0
DWAT.US,D,20141111,000000,9.565,9.566,9.547,9.56,6024,0
DWAT.US,D,20141112,000000,9.533,9.551,9.524,9.541,16843,0
DWAT.US,D,20141113,000000,9.579,9.589,9.541,9.541,18853,0
DWAT.US,D,20141114,000000,9.551,9.551,9.522,9.523,9289,0
DWAT.US,D,20141117,000000,9.533,9.56,9.533,9.56,3332,0
DWAT.US,D,20141118,000000,9.594,9.625,9.592,9.609,6186,0
DWAT.US,D,20141119,000000,9.579,9.597,9.568,9.569,15965,0
DWAT.US,D,20141120,000000,9.56,9.592,9.56,9.589,8104,0
DWAT.US,D,20141121,000000,9.65,9.651,9.607,9.645,35464,0
DWAT.US,D,20141124,000000,9.672,9.672,9.625,9.653,11058,0
DWAT.US,D,20141125,000000,9.658,9.659,9.658,9.659,1206,0
DWAT.US,D,20141126,000000,9.695,9.709,9.695,9.699,2586,0
DWAT.US,D,20141128,000000,9.718,9.718,9.718,9.718,140,0
DWAT.US,D,20141201,000000,9.7,9.95,9.682,9.682,4565,0
DWAT.US,D,20141202,000000,9.71,9.747,9.687,9.737,62053,0
DWAT.US,D,20141203,000000,9.737,9.772,9.736,9.756,11894,0
DWAT.US,D,20141204,000000,9.714,9.764,9.714,9.746,28049,0
DWAT.US,D,20141205,000000,9.782,9.782,9.764,9.764,2306,0
DWAT.US,D,20141208,000000,9.812,9.812,9.727,9.763,7039,0
DWAT.US,D,20141209,000000,9.904,9.904,9.653,9.744,4582,0
DWAT.US,D,20141210,000000,9.692,9.692,9.644,9.645,1560,0
DWAT.US,D,20141211,000000,9.726,9.764,9.695,9.695,14643,0
DWAT.US,D,20141212,000000,9.589,9.617,9.569,9.569,10675,0
DWAT.US,D,20141215,000000,9.504,9.514,9.4489,9.4951,18171,0
DWAT.US,D,20141216,000000,9.4489,9.569,9.384,9.384,6476,0
DWAT.US,D,20141217,000000,9.4587,9.592,9.4587,9.592,8991,0
DWAT.US,D,20141218,000000,9.662,9.689,9.662,9.662,1104,0
DWAT.US,D,20141219,000000,9.754,9.789,9.754,9.789,1179,0
DWAT.US,D,20141222,000000,9.814,9.849,9.802,9.849,23648,0
DWAT.US,D,20141223,000000,9.823,9.823,9.823,9.823,538,0
DWAT.US,D,20141224,000000,9.846,9.867,9.846,9.867,5650,0
DWAT.US,D,20141226,000000,9.849,9.933,9.849,9.913,9843,0
DWAT.US,D,20141229,000000,9.913,9.913,9.913,9.913,5410,0
DWAT.US,D,20141230,000000,9.876,9.887,9.857,9.876,5344,0
DWAT.US,D,20141231,000000,9.837,9.837,9.754,9.754,1750,0
DWAT.US,D,20150102,000000,9.782,9.791,9.717,9.782,26090,0
DWAT.US,D,20150105,000000,9.697,9.697,9.643,9.66,29047,0
DWAT.US,D,20150106,000000,9.717,9.717,9.595,9.595,9289,0
DWAT.US,D,20150107,000000,9.66,9.736,9.658,9.689,21042,0
DWAT.US,D,20150108,000000,9.848,9.884,9.848,9.876,5418,0
DWAT.US,D,20150109,000000,9.876,9.876,9.802,9.827,4820,0
DWAT.US,D,20150112,000000,9.857,9.857,9.763,9.791,7246,0
DWAT.US,D,20150113,000000,9.884,9.893,9.698,9.763,5119,0
DWAT.US,D,20150114,000000,9.4361,9.736,9.4361,9.736,4676,0
DWAT.US,D,20150115,000000,9.726,9.726,9.68,9.689,6274,0
DWAT.US,D,20150116,000000,9.698,9.767,9.634,9.767,10806,0
DWAT.US,D,20150120,000000,10.063,10.063,9.736,9.77,14783,0
DWAT.US,D,20150121,000000,9.782,9.811,9.762,9.806,21345,0
DWAT.US,D,20150122,000000,9.892,9.959,9.857,9.959,11429,0
DWAT.US,D,20150123,000000,9.942,9.949,9.922,9.922,3114,0
DWAT.US,D,20150126,000000,9.922,10.145,9.857,9.958,16289,0
DWAT.US,D,20150127,000000,10.053,10.053,9.829,9.866,12012,0
DWAT.US,D,20150128,000000,10.145,10.145,9.754,9.754,28930,0
DWAT.US,D,20150129,000000,9.717,9.829,9.717,9.808,6350,0
DWAT.US,D,20150130,000000,9.766,9.766,9.731,9.762,2396,0
DWAT.US,D,20150202,000000,9.669,9.726,9.615,9.726,4887,0
DWAT.US,D,20150203,000000,9.772,9.834,9.772,9.811,21917,0
DWAT.US,D,20150204,000000,9.841,9.866,9.801,9.801,5068,0
DWAT.US,D,20150205,000000,9.922,9.942,9.893,9.929,2296,0
DWAT.US,D,20150206,000000,9.932,9.932,9.811,9.819,4020,0
DWAT.US,D,20150209,000000,9.811,9.838,9.791,9.791,4424,0
DWAT.US,D,20150210,000000,9.791,9.903,9.791,9.903,2491,0
DWAT.US,D,20150211,000000,9.866,9.876,9.838,9.876,3246,0
DWAT.US,D,20150212,000000,9.922,9.943,9.903,9.943,9279,0
DWAT.US,D,20150213,000000,10.21,10.21,9.893,9.944,11911,0
DWAT.US,D,20150217,000000,9.968,9.978,9.944,9.944,6704,0
DWAT.US,D,20150218,000000,9.763,10.014,9.763,10.014,6721,0
DWAT.US,D,20150219,000000,9.959,10.183,9.932,9.949,10559,0
DWAT.US,D,20150220,000000,9.949,10.014,9.932,10.014,8107,0
DWAT.US,D,20150223,000000,10.014,10.22,9.997,10.041,52217,0
DWAT.US,D,20150224,000000,9.997,9.997,9.97,9.987,48887,0
DWAT.US,D,20150225,000000,9.903,10.024,9.903,9.968,42106,0
DWAT.US,D,20150226,000000,9.987,9.987,9.932,9.932,5538,0
DWAT.US,D,20150227,000000,9.968,10.118,9.932,9.968,28453,0
DWAT.US,D,20150303,000000,9.987,9.987,9.922,9.968,7191,0
DWAT.US,D,20150304,000000,9.922,9.922,9.913,9.913,1610,0
DWAT.US,D,20150305,000000,9.959,9.968,9.949,9.949,13846,0
DWAT.US,D,20150306,000000,9.838,10.145,9.736,9.736,6441,0
DWAT.US,D,20150309,000000,9.754,9.782,9.746,9.746,21253,0
DWAT.US,D,20150310,000000,9.708,9.726,9.689,9.698,4615,0
DWAT.US,D,20150311,000000,9.698,9.698,9.652,9.66,3864,0
DWAT.US,D,20150312,000000,9.782,9.782,9.746,9.746,3327,0
DWAT.US,D,20150313,000000,9.772,9.772,9.698,9.746,5905,0
DWAT.US,D,20150316,000000,9.717,9.903,9.717,9.903,11377,0
DWAT.US,D,20150317,000000,9.819,9.848,9.819,9.829,3649,0
DWAT.US,D,20150319,000000,9.922,9.959,9.922,9.949,1610,0
DWAT.US,D,20150320,000000,10.053,10.155,10.053,10.127,29732,0
DWAT.US,D,20150323,000000,10.155,10.192,10.145,10.165,22648,0
DWAT.US,D,20150325,000000,9.978,9.978,9.968,9.968,322,0
DWAT.US,D,20150326,000000,9.913,9.913,9.893,9.893,9874,0
DWAT.US,D,20150327,000000,9.913,9.913,9.848,9.848,8801,0
DWAT.US,D,20150330,000000,10.024,10.072,10.024,10.024,2040,0
DWAT.US,D,20150331,000000,9.997,10.072,9.922,9.922,34025,0
DWAT.US,D,20150401,000000,9.838,9.876,9.838,9.848,7835,0
DWAT.US,D,20150402,000000,9.922,9.942,9.922,9.942,4615,0
DWAT.US,D,20150406,000000,9.997,9.997,9.987,9.987,966,0
DWAT.US,D,20150407,000000,10.014,10.014,9.954,9.959,5557,0
DWAT.US,D,20150408,000000,9.949,10.192,9.942,9.949,3327,0
DWAT.US,D,20150409,000000,9.959,9.959,9.876,9.926,39158,0
DWAT.US,D,20150410,000000,9.968,10.024,9.968,9.978,6441,0
DWAT.US,D,20150413,000000,9.978,10.155,9.959,9.959,25654,0
DWAT.US,D,20150414,000000,9.932,9.949,9.922,9.932,39715,0
DWAT.US,D,20150415,000000,9.959,9.978,9.926,9.968,18045,0
DWAT.US,D,20150416,000000,9.949,9.968,9.904,9.968,37077,0
DWAT.US,D,20150417,000000,9.903,9.903,9.811,9.838,4722,0
DWAT.US,D,20150420,000000,9.932,10.145,9.883,9.922,28005,0
DWAT.US,D,20150421,000000,9.923,9.949,9.923,9.942,19698,0
DWAT.US,D,20150422,000000,9.949,9.978,9.949,9.968,23713,0
DWAT.US,D,20150423,000000,9.968,9.968,9.949,9.949,3649,0
DWAT.US,D,20150424,000000,9.932,9.932,9.932,9.932,1074,0
DWAT.US,D,20150427,000000,9.997,9.997,9.913,9.932,3006,0
DWAT.US,D,20150428,000000,9.857,9.932,9.857,9.884,7298,0
DWAT.US,D,20150429,000000,9.811,9.848,9.811,9.848,2148,0
DWAT.US,D,20150430,000000,9.811,9.829,9.754,9.772,6118,0
DWAT.US,D,20150501,000000,9.791,9.819,9.754,9.819,5475,0
DWAT.US,D,20150504,000000,9.866,9.866,9.838,9.838,966,0
DWAT.US,D,20150505,000000,9.708,9.717,9.689,9.689,3114,0
DWAT.US,D,20150506,000000,9.624,9.643,9.621,9.621,5259,0
DWAT.US,D,20150508,000000,9.848,9.866,9.829,9.829,4293,0
DWAT.US,D,20150511,000000,9.848,9.848,9.811,9.811,13096,0
DWAT.US,D,20150512,000000,9.736,9.782,9.68,9.776,6000,0
DWAT.US,D,20150513,000000,9.754,9.754,9.754,9.754,750,0
DWAT.US,D,20150514,000000,9.782,9.848,9.782,9.848,11914,0
DWAT.US,D,20150515,000000,9.876,9.876,9.829,9.857,9768,0
DWAT.US,D,20150518,000000,9.913,9.913,9.898,9.913,9166,0
DWAT.US,D,20150519,000000,9.893,9.949,9.893,9.922,37138,0
DWAT.US,D,20150520,000000,9.932,9.932,9.932,9.932,536,0
DWAT.US,D,20150521,000000,9.922,9.942,9.893,9.942,8801,0
DWAT.US,D,20150522,000000,9.922,9.922,9.922,9.922,215,0
DWAT.US,D,20150526,000000,9.857,9.857,9.811,9.857,13359,0
DWAT.US,D,20150527,000000,9.922,9.949,9.893,9.949,9232,0
DWAT.US,D,20150528,000000,10.099,10.099,9.903,9.903,1595,0
DWAT.US,D,20150529,000000,9.848,9.866,9.848,9.866,966,0
DWAT.US,D,20150601,000000,9.876,9.922,9.876,9.922,2148,0
DWAT.US,D,20150602,000000,9.857,9.883,9.857,9.882,2162,0
DWAT.US,D,20150603,000000,9.848,9.884,9.848,9.884,14383,0
DWAT.US,D,20150605,000000,9.801,9.811,9.763,9.791,1932,0
DWAT.US,D,20150608,000000,9.763,9.763,9.763,9.763,536,0
DWAT.US,D,20150609,000000,9.717,9.717,9.652,9.68,7474,0
DWAT.US,D,20150610,000000,9.792,9.792,9.792,9.792,1076,0
DWAT.US,D,20150611,000000,9.816,9.816,9.81,9.81,1722,0
DWAT.US,D,20150612,000000,9.782,9.782,9.763,9.763,4293,0
DWAT.US,D,20150616,000000,9.772,9.772,9.772,9.772,3114,0
DWAT.US,D,20150617,000000,9.736,9.782,9.736,9.782,2577,0
DWAT.US,D,20150618,000000,9.876,9.884,9.838,9.838,2469,0
DWAT.US,D,20150619,000000,9.615,9.876,9.615,9.838,11271,0
DWAT.US,D,20150622,000000,9.913,9.913,9.893,9.913,2577,0
DWAT.US,D,20150623,000000,9.98,9.98,9.913,9.922,7151,0
DWAT.US,D,20150624,000000,9.913,9.913,9.913,9.913,322,0
DWAT.US,D,20150625,000000,9.866,9.903,9.866,9.893,8480,0
DWAT.US,D,20150626,000000,9.857,9.876,9.829,9.838,3649,0
DWAT.US,D,20150629,000000,9.791,9.791,9.736,9.736,4722,0
DWAT.US,D,20150630,000000,9.698,9.698,9.672,9.672,1116,0
DWAT.US,D,20150701,000000,9.763,9.763,9.708,9.717,12237,0
DWAT.US,D,20150702,000000,9.736,9.736,9.689,9.708,12666,0
DWAT.US,D,20150706,000000,9.698,9.698,9.689,9.689,2148,0
DWAT.US,D,20150707,000000,9.633,9.754,9.633,9.754,3006,0
DWAT.US,D,20150709,000000,9.643,9.643,9.587,9.587,1181,0
DWAT.US,D,20150710,000000,9.717,9.717,9.68,9.68,1288,0
DWAT.US,D,20150713,000000,9.801,9.819,9.791,9.801,859,0
DWAT.US,D,20150714,000000,9.801,9.848,9.801,9.848,8324,0
DWAT.US,D,20150715,000000,9.893,9.903,9.824,9.824,16710,0
DWAT.US,D,20150716,000000,9.903,9.932,9.903,9.932,9124,0
DWAT.US,D,20150717,000000,9.876,9.922,9.866,9.893,3327,0
DWAT.US,D,20150720,000000,9.959,9.959,9.903,9.913,3435,0
DWAT.US,D,20150721,000000,10.024,10.024,9.838,9.838,3864,0
DWAT.US,D,20150722,000000,9.829,9.876,9.819,9.829,8049,0
DWAT.US,D,20150723,000000,9.857,9.866,9.791,9.829,1181,0
DWAT.US,D,20150724,000000,9.829,9.829,9.689,9.708,12988,0
DWAT.US,D,20150727,000000,9.708,9.708,9.633,9.633,3649,0
DWAT.US,D,20150728,000000,9.67,9.717,9.67,9.67,2899,0
DWAT.US,D,20150729,000000,9.763,9.763,9.763,9.763,1074,0
DWAT.US,D,20150730,000000,9.754,9.801,9.754,9.801,1717,0
DWAT.US,D,20150731,000000,9.838,9.866,9.838,9.866,4293,0
DWAT.US,D,20150803,000000,9.816,9.816,9.816,9.816,458,0
DWAT.US,D,20150804,000000,9.791,9.791,9.772,9.772,6118,0
DWAT.US,D,20150805,000000,9.838,9.848,9.811,9.838,3756,0
DWAT.US,D,20150806,000000,9.782,9.782,9.689,9.689,5023,0
DWAT.US,D,20150807,000000,9.689,9.689,9.689,9.689,750,0
DWAT.US,D,20150812,000000,9.595,9.689,9.587,9.689,5045,0
DWAT.US,D,20150813,000000,9.726,9.726,9.726,9.726,322,0
DWAT.US,D,20150814,000000,9.68,9.746,9.68,9.746,2040,0
DWAT.US,D,20150817,000000,9.512,9.801,9.512,9.801,10734,0
DWAT.US,D,20150818,000000,9.801,9.801,9.801,9.801,215,0
DWAT.US,D,20150819,000000,9.746,9.746,9.698,9.698,1502,0
DWAT.US,D,20150820,000000,9.531,9.567,9.4843,9.4843,2148,0
DWAT.US,D,20150821,000000,9.3163,9.3437,9.2321,9.2407,76210,0
DWAT.US,D,20150824,000000,8.1333,9.1207,8.068,8.9161,6676,0
DWAT.US,D,20150825,000000,9.0005,9.0747,8.991,9.0747,7943,0
DWAT.US,D,20150826,000000,8.991,9.0088,8.9439,8.9627,1825,0
DWAT.US,D,20150827,000000,9.1302,9.2407,9.1302,9.2407,3327,0
DWAT.US,D,20150828,000000,9.298,9.298,9.2601,9.2698,3435,0
DWAT.US,D,20150901,000000,9.0842,9.0935,8.9816,8.9816,15028,0
DWAT.US,D,20150902,000000,9.0654,9.0842,9.0464,9.0842,5581,0
DWAT.US,D,20150904,000000,9.0559,9.0559,8.9816,8.9816,2577,0
DWAT.US,D,20150908,000000,9.0935,9.1123,9.0935,9.1029,18355,0
DWAT.US,D,20150909,000000,9.1396,9.2223,9.1396,9.2223,643,0
DWAT.US,D,20150910,000000,9.1133,9.165,9.1133,9.165,1241,0
DWAT.US,D,20150911,000000,9.0654,9.1491,9.0654,9.1302,16423,0
DWAT.US,D,20150914,000000,9.1396,9.1396,9.1123,9.1123,1825,0
DWAT.US,D,20150915,000000,9.1491,9.2059,9.1491,9.196,51414,0
DWAT.US,D,20150916,000000,9.2505,9.2505,9.196,9.2505,13631,0
DWAT.US,D,20150917,000000,9.2407,9.2882,9.2407,9.2505,32630,0
DWAT.US,D,20150918,000000,9.1772,9.1866,9.1396,9.1584,12237,0
DWAT.US,D,20150922,000000,9.0747,9.0747,9.0654,9.0654,1395,0
DWAT.US,D,20150923,000000,9.0559,9.0654,9.0559,9.0654,859,0
DWAT.US,D,20150924,000000,8.991,9.0559,8.991,9.0559,3790,0
DWAT.US,D,20150925,000000,9.0559,9.0559,9.0559,9.0559,1074,0
DWAT.US,D,20150928,000000,8.8507,8.8507,8.7947,8.7947,6875,0
DWAT.US,D,20150930,000000,8.8882,8.8882,8.8882,8.8882,1074,0
DWAT.US,D,20151001,000000,8.8974,8.8974,8.8974,8.8974,108,0
DWAT.US,D,20151002,000000,8.9161,9.0005,8.9161,9.0005,8480,0
DWAT.US,D,20151005,000000,9.0747,9.0747,9.0747,9.0747,4085,0
DWAT.US,D,20151008,000000,9.0842,9.1396,9.0654,9.1396,6118,0
DWAT.US,D,20151009,000000,9.1491,9.1491,9.1491,9.1491,859,0
DWAT.US,D,20151012,000000,9.1452,9.1866,9.1452,9.1584,6266,0
DWAT.US,D,20151013,000000,9.1772,9.1866,9.1396,9.1396,6977,0
DWAT.US,D,20151016,000000,9.196,9.2059,9.1772,9.1772,3649,0
DWAT.US,D,20151021,000000,9.2059,9.2059,9.1584,9.1584,2899,0
DWAT.US,D,20151022,000000,9.196,9.196,9.1866,9.1866,859,0
DWAT.US,D,20151023,000000,9.2223,9.2223,9.2146,9.2146,322,0
DWAT.US,D,20151026,000000,9.2601,9.2601,9.2601,9.2601,2148,0
DWAT.US,D,20151027,000000,9.2786,9.2786,9.2786,9.2786,322,0
DWAT.US,D,20151028,000000,9.2601,9.326,9.2601,9.326,429,0
DWAT.US,D,20151029,000000,9.2882,9.326,9.2882,9.298,12237,0
DWAT.US,D,20151030,000000,9.2698,9.3066,9.2698,9.2786,1181,0
DWAT.US,D,20151102,000000,9.2727,9.3347,9.0071,9.3347,33741,0
DWAT.US,D,20151103,000000,9.298,9.326,9.298,9.326,26620,0
DWAT.US,D,20151104,000000,9.3163,9.3163,9.3163,9.3163,1160,0
DWAT.US,D,20151105,000000,9.2882,9.3066,9.2882,9.3066,859,0
DWAT.US,D,20151106,000000,9.298,9.298,9.298,9.298,1610,0
DWAT.US,D,20151109,000000,9.2146,9.2223,9.2146,9.2223,2254,0
DWAT.US,D,20151110,000000,9.2223,9.2407,9.2223,9.2407,1610,0
DWAT.US,D,20151111,000000,9.2407,9.2407,9.2321,9.2321,966,0
DWAT.US,D,20151112,000000,9.1772,9.2146,9.1772,9.2146,3219,0
DWAT.US,D,20151113,000000,9.0654,9.0935,9.0654,9.0935,3327,0
DWAT.US,D,20151116,000000,9.1302,9.1491,9.1302,9.1396,4508,0
DWAT.US,D,20151118,000000,9.2407,9.2407,9.2407,9.2407,859,0
DWAT.US,D,20151119,000000,9.2321,9.2321,9.2321,9.2321,536,0
DWAT.US,D,20151120,000000,9.2882,9.298,9.2786,9.298,3756,0
DWAT.US,D,20151123,000000,9.3163,9.3163,9.3163,9.3163,429,0
DWAT.US,D,20151124,000000,9.2786,9.3066,9.0654,9.3066,2899,0
DWAT.US,D,20151125,000000,9.326,9.326,9.326,9.326,1074,0
DWAT.US,D,20151127,000000,9.3347,9.3347,9.326,9.3347,1610,0
DWAT.US,D,20151130,000000,9.1123,9.1123,9.1123,9.1123,108,0
DWAT.US,D,20151201,000000,9.3506,9.3506,9.3506,9.3506,607,0
DWAT.US,D,20151202,000000,9.3771,9.3811,9.3066,9.3066,4079,0
DWAT.US,D,20151203,000000,9.633,9.633,9.163,9.163,1947,0
DWAT.US,D,20151204,000000,9.2505,9.2882,9.2505,9.2882,1288,0
DWAT.US,D,20151207,000000,9.2698,9.2698,9.2698,9.2698,322,0
DWAT.US,D,20151208,000000,9.0051,9.2592,9.0005,9.0005,4098,0
DWAT.US,D,20151209,000000,9.1584,9.2223,9.1584,9.1772,2683,0
DWAT.US,D,20151211,000000,9.0935,9.0935,9.0935,9.0935,1074,0
DWAT.US,D,20151214,000000,9.0842,9.0842,9.0842,9.0842,1297,0
DWAT.US,D,20151215,000000,9.1584,9.2059,9.1491,9.1491,1502,0
DWAT.US,D,20151217,000000,9.2407,9.2407,9.196,9.196,1717,0
DWAT.US,D,20151218,000000,9.1491,9.1491,9.1029,9.1029,1610,0
DWAT.US,D,20151222,000000,9.0747,9.1584,9.0747,9.1584,3439,0
DWAT.US,D,20151223,000000,9.2321,9.2407,9.2146,9.2407,10089,0
DWAT.US,D,20151228,000000,9.2059,9.2185,9.196,9.2185,10692,0
DWAT.US,D,20151229,000000,9.3096,9.3134,9.2854,9.3134,2932,0
DWAT.US,D,20151230,000000,9.2922,9.2922,9.2922,9.2922,108,0
DWAT.US,D,20151231,000000,9.2243,9.2379,9.2243,9.2291,2235,0
DWAT.US,D,20160107,000000,9.0333,9.0362,8.9309,8.9495,9225,0
DWAT.US,D,20160108,000000,8.9591,8.9591,8.9591,8.9591,462,0
DWAT.US,D,20160111,000000,8.8676,8.8676,8.8676,8.8676,756,0
DWAT.US,D,20160112,000000,8.8769,8.8769,8.8769,8.8769,508,0
DWAT.US,D,20160113,000000,8.8005,8.8016,8.8004,8.8016,1609,0
DWAT.US,D,20160114,000000,8.8769,8.8769,8.8769,8.8769,199,0
DWAT.US,D,20160115,000000,8.7446,8.7613,8.7446,8.7613,1609,0
DWAT.US,D,20160119,000000,8.7632,8.8098,8.7632,8.7725,5256,0
DWAT.US,D,20160120,000000,8.5981,8.6047,8.5581,8.5738,8796,0
DWAT.US,D,20160121,000000,8.7073,8.7812,8.7073,8.7725,21806,0
DWAT.US,D,20160122,000000,8.8098,8.8657,8.8098,8.8657,215,0
DWAT.US,D,20160125,000000,8.8285,8.855,8.8192,8.8192,536,0
DWAT.US,D,20160126,000000,8.875,8.875,8.875,8.875,135,0
DWAT.US,D,20160127,000000,8.8192,8.8192,8.7725,8.7725,2976,0
DWAT.US,D,20160128,000000,8.8098,8.8098,8.8098,8.8098,108,0
DWAT.US,D,20160129,000000,8.9123,8.9873,8.8843,8.9873,2893,0
DWAT.US,D,20160201,000000,8.9591,8.9591,8.9591,8.9591,108,0
DWAT.US,D,20160202,000000,8.9344,8.9495,8.9217,8.9495,610,0
DWAT.US,D,20160203,000000,8.8564,8.8985,8.8207,8.8985,3226,0
DWAT.US,D,20160204,000000,8.8751,8.9142,8.8751,8.8785,7835,0
DWAT.US,D,20160205,000000,8.8285,8.8285,8.8285,8.8285,108,0
DWAT.US,D,20160208,000000,8.6512,8.6745,8.6454,8.6729,3263,0
DWAT.US,D,20160209,000000,8.6812,8.6812,8.6421,8.6606,3321,0
DWAT.US,D,20160210,000000,8.7446,8.7446,8.7073,8.7217,3540,0
DWAT.US,D,20160211,000000,8.6143,8.6326,8.6141,8.6326,1587,0
DWAT.US,D,20160212,000000,8.6798,8.7132,8.6793,8.7074,1287,0
DWAT.US,D,20160216,000000,8.7632,8.7632,8.7632,8.7632,108,0
DWAT.US,D,20160217,000000,8.847,8.8657,8.847,8.8564,12667,0
DWAT.US,D,20160218,000000,8.8657,8.8657,8.8649,8.8657,11476,0
DWAT.US,D,20160223,000000,8.8844,8.9075,8.8844,8.9031,1789,0
DWAT.US,D,20160224,000000,8.8752,8.8752,8.8752,8.8752,760,0
DWAT.US,D,20160302,000000,8.9966,9.0078,8.9966,9.0078,2517,0
DWAT.US,D,20160303,000000,9.0144,9.0803,9.0144,9.0803,12362,0
DWAT.US,D,20160304,000000,9.0803,9.0991,9.0803,9.0991,2039,0
DWAT.US,D,20160307,000000,9.0991,9.0991,9.0991,9.0991,10727,0
DWAT.US,D,20160308,000000,9.1171,9.1171,9.1171,9.1171,415,0
DWAT.US,D,20160309,000000,9.1171,9.1171,9.1171,9.1171,4475,0
DWAT.US,D,20160311,000000,9.1264,9.1537,9.1264,9.1537,14864,0
DWAT.US,D,20160314,000000,9.1547,9.164,9.1359,9.164,3385,0
DWAT.US,D,20160315,000000,9.1481,9.1527,9.1481,9.1527,1019,0
DWAT.US,D,20160316,000000,9.163,9.2107,9.163,9.2097,15913,0
DWAT.US,D,20160317,000000,9.2349,9.2669,9.2349,9.2592,5798,0
DWAT.US,D,20160318,000000,9.3683,9.3781,9.2437,9.2437,4600,0
DWAT.US,D,20160321,000000,9.2379,9.2475,9.2379,9.2379,5525,0
DWAT.US,D,20160322,000000,9.2281,9.2466,9.2233,9.2407,5364,0
DWAT.US,D,20160324,000000,9.2016,9.2016,9.1547,9.1922,1335,0
DWAT.US,D,20160328,000000,9.1922,9.2107,9.1922,9.2016,37230,0
DWAT.US,D,20160329,000000,9.2291,9.296,9.2291,9.296,12406,0
DWAT.US,D,20160330,000000,9.295,9.3134,9.2912,9.3038,19961,0
DWAT.US,D,20160331,000000,9.3038,9.3231,9.3038,9.3231,945,0
DWAT.US,D,20160401,000000,9.3231,9.3405,9.3231,9.3405,643,0
DWAT.US,D,20160404,000000,9.3038,9.3038,9.3038,9.3038,108,0
DWAT.US,D,20160405,000000,9.3405,9.3405,9.2524,9.2592,8806,0
DWAT.US,D,20160406,000000,9.2533,9.2737,9.2533,9.2737,2007,0
DWAT.US,D,20160407,000000,9.295,9.295,9.2417,9.2417,4956,0
DWAT.US,D,20160408,000000,9.295,9.295,9.295,9.295,3217,0
DWAT.US,D,20160411,000000,9.3134,9.3134,9.3134,9.3134,536,0
DWAT.US,D,20160412,000000,9.2863,9.3038,9.2863,9.3038,7364,0
DWAT.US,D,20160413,000000,9.2882,9.3028,9.2882,9.2922,3699,0
DWAT.US,D,20160414,000000,9.2756,9.2756,9.2756,9.2756,118,0
DWAT.US,D,20160418,000000,9.2872,9.3318,9.2872,9.3318,13174,0
DWAT.US,D,20160419,000000,9.3496,9.3506,9.3231,9.3506,1669,0
DWAT.US,D,20160421,000000,9.2572,9.2572,9.2533,9.2533,643,0
DWAT.US,D,20160422,000000,9.2195,9.2195,9.2195,9.2195,1046,0
DWAT.US,D,20160425,000000,9.2291,9.2379,9.2291,9.2379,5861,0
DWAT.US,D,20160426,000000,9.2756,9.2756,9.2572,9.2572,322,0
DWAT.US,D,20160427,000000,9.295,9.3231,9.2756,9.3231,1785,0
DWAT.US,D,20160428,000000,9.3318,9.3506,9.3028,9.3086,8093,0
DWAT.US,D,20160429,000000,9.3038,9.3038,9.2611,9.2611,4200,0
DWAT.US,D,20160502,000000,9.3506,9.3781,9.3437,9.3683,15138,0
DWAT.US,D,20160503,000000,9.3231,9.3231,9.3231,9.3231,261,0
DWAT.US,D,20160505,000000,9.3683,9.3683,9.3683,9.3683,12448,0
DWAT.US,D,20160506,000000,9.3405,9.3405,9.3405,9.3405,965,0
DWAT.US,D,20160509,000000,9.3781,9.3781,9.3506,9.3506,10298,0
DWAT.US,D,20160512,000000,9.4165,9.4165,9.3899,9.3899,2300,0
DWAT.US,D,20160513,000000,9.3231,9.3457,9.3231,9.3328,912,0
DWAT.US,D,20160516,000000,9.3604,9.4165,9.3604,9.4165,3108,0
DWAT.US,D,20160518,000000,9.2756,9.295,9.2026,9.2195,3341,0
DWAT.US,D,20160519,000000,9.1922,9.2291,9.1828,9.2291,2027,0
DWAT.US,D,20160520,000000,9.2107,9.2107,9.2107,9.2107,4935,0
DWAT.US,D,20160523,000000,9.2572,9.2572,9.2572,9.2572,139,0
DWAT.US,D,20160525,000000,9.295,9.3134,9.2669,9.3038,2226,0
DWAT.US,D,20160526,000000,9.3604,9.3604,9.296,9.3318,536,0
DWAT.US,D,20160527,000000,9.3134,9.3231,9.2912,9.2912,6052,0
DWAT.US,D,20160601,000000,9.326,9.326,9.326,9.326,493,0
DWAT.US,D,20160602,000000,9.3506,9.3604,9.3506,9.3604,13685,0
DWAT.US,D,20160603,000000,9.4066,9.4066,9.4066,9.4066,836,0
DWAT.US,D,20160606,000000,9.4253,9.4342,9.4253,9.4342,672,0
DWAT.US,D,20160607,000000,9.443,9.4814,9.443,9.4794,4581,0
DWAT.US,D,20160608,000000,9.4627,9.4627,9.4627,9.4627,2145,0
DWAT.US,D,20160609,000000,9.519,9.546,9.519,9.537,2591,0
DWAT.US,D,20160613,000000,9.4715,9.4715,9.4715,9.4715,591,0
DWAT.US,D,20160614,000000,9.4253,9.4627,9.4165,9.441,2289,0
DWAT.US,D,20160615,000000,9.446,9.4814,9.446,9.4814,2359,0
DWAT.US,D,20160616,000000,9.4814,9.4991,9.4814,9.4902,10934,0
DWAT.US,D,20160617,000000,9.4715,9.4715,9.4715,9.4715,142,0
DWAT.US,D,20160620,000000,9.555,9.555,9.515,9.524,4266,0
DWAT.US,D,20160621,000000,9.555,9.555,9.555,9.555,1541,0
DWAT.US,D,20160622,000000,9.529,9.529,9.504,9.518,2147,0
DWAT.US,D,20160624,000000,9.509,9.519,9.4784,9.4814,2334,0
DWAT.US,D,20160627,000000,9.677,9.677,9.4066,9.4066,5430,0
DWAT.US,D,20160628,000000,9.4646,9.4646,9.4528,9.4637,1715,0
DWAT.US,D,20160630,000000,9.682,9.7,9.677,9.677,2217,0
DWAT.US,D,20160705,000000,9.808,9.808,9.808,9.808,108,0
DWAT.US,D,20160707,000000,9.808,9.808,9.743,9.743,1262,0
DWAT.US,D,20160708,000000,9.758,9.826,9.758,9.826,1556,0
DWAT.US,D,20160711,000000,9.869,9.9,9.869,9.9,16858,0
DWAT.US,D,20160712,000000,9.854,9.854,9.854,9.854,1268,0
DWAT.US,D,20160713,000000,9.89,9.9,9.845,9.9,9146,0
DWAT.US,D,20160714,000000,9.845,9.89,9.845,9.877,2162,0
DWAT.US,D,20160718,000000,9.9,9.91,9.868,9.89,25274,0
DWAT.US,D,20160719,000000,9.863,9.873,9.823,9.873,4422,0
DWAT.US,D,20160720,000000,9.835,9.835,9.835,9.835,643,0
DWAT.US,D,20160721,000000,9.83,9.845,9.826,9.826,2062,0
DWAT.US,D,20160722,000000,9.835,9.91,9.835,9.91,3130,0
DWAT.US,D,20160725,000000,9.863,9.873,9.863,9.873,10667,0
DWAT.US,D,20160727,000000,9.863,9.863,9.826,9.853,2258,0
DWAT.US,D,20160729,000000,9.9,9.984,9.9,9.984,4662,0
DWAT.US,D,20160801,000000,9.9,9.9,9.866,9.866,3028,0
DWAT.US,D,20160802,000000,9.863,9.863,9.862,9.862,245,0
DWAT.US,D,20160803,000000,9.863,9.882,9.817,9.817,2360,0
DWAT.US,D,20160804,000000,9.817,9.817,9.817,9.817,4398,0
DWAT.US,D,20160805,000000,9.798,9.798,9.798,9.798,215,0
DWAT.US,D,20160808,000000,9.826,9.91,9.817,9.91,1826,0
DWAT.US,D,20160809,000000,9.788,9.808,9.77,9.806,44564,0
DWAT.US,D,20160810,000000,9.826,9.835,9.808,9.817,2147,0
DWAT.US,D,20160811,000000,9.808,9.826,9.788,9.798,6885,0
DWAT.US,D,20160812,000000,9.845,9.845,9.798,9.798,649,0
DWAT.US,D,20160815,000000,9.808,9.808,9.77,9.77,4719,0
DWAT.US,D,20160817,000000,9.677,9.76,9.677,9.76,1715,0
DWAT.US,D,20160818,000000,9.798,9.798,9.752,9.798,4441,0
DWAT.US,D,20160819,000000,9.72,9.743,9.695,9.743,13638,0
DWAT.US,D,20160822,000000,9.723,9.76,9.723,9.743,5901,0
DWAT.US,D,20160823,000000,9.76,9.779,9.743,9.752,10174,0
DWAT.US,D,20160824,000000,9.695,9.695,9.663,9.677,7487,0
DWAT.US,D,20160825,000000,9.674,9.733,9.674,9.705,2728,0
DWAT.US,D,20160826,000000,9.723,9.779,9.602,9.621,7079,0
DWAT.US,D,20160829,000000,9.675,9.686,9.669,9.669,7123,0
DWAT.US,D,20160830,000000,9.667,9.667,9.63,9.64,3928,0
DWAT.US,D,20160831,000000,9.555,9.584,9.555,9.584,701,0
DWAT.US,D,20160901,000000,9.555,9.612,9.555,9.612,3192,0
DWAT.US,D,20160902,000000,9.7,9.7,9.657,9.657,2984,0
DWAT.US,D,20160906,000000,9.723,9.779,9.723,9.779,3489,0
DWAT.US,D,20160907,000000,9.766,9.766,9.765,9.765,391,0
DWAT.US,D,20160908,000000,9.77,9.77,9.714,9.733,12987,0
DWAT.US,D,20160909,000000,9.555,9.555,9.4528,9.4528,5459,0
DWAT.US,D,20160912,000000,9.4342,9.4342,9.4342,9.4342,573,0
DWAT.US,D,20160913,000000,9.4528,9.4528,9.387,9.3879,4083,0
DWAT.US,D,20160914,000000,9.4165,9.4165,9.4165,9.4165,1063,0
DWAT.US,D,20160915,000000,9.3879,9.4047,9.3879,9.4047,1246,0
DWAT.US,D,20160916,000000,9.3555,9.3978,9.3318,9.3879,5019,0
DWAT.US,D,20160921,000000,9.4902,9.509,9.4332,9.4528,5819,0
DWAT.US,D,20160922,000000,9.652,9.677,9.649,9.677,10971,0
DWAT.US,D,20160923,000000,9.64,9.657,9.63,9.64,10833,0
DWAT.US,D,20160926,000000,9.602,9.612,9.594,9.602,2735,0
DWAT.US,D,20160927,000000,9.592,9.602,9.574,9.579,38071,0
DWAT.US,D,20160930,000000,9.604,9.605,9.602,9.602,3112,0
DWAT.US,D,20161003,000000,9.529,9.529,9.509,9.529,2928,0
DWAT.US,D,20161004,000000,9.537,9.537,9.3604,9.3604,12528,0
DWAT.US,D,20161005,000000,9.3781,9.3978,9.3781,9.3879,3540,0
DWAT.US,D,20161007,000000,9.3604,9.3683,9.3231,9.3506,13427,0
DWAT.US,D,20161010,000000,9.443,9.443,9.4253,9.4253,6437,0
DWAT.US,D,20161011,000000,9.3506,9.3506,9.2854,9.3038,3151,0
DWAT.US,D,20161012,000000,9.3134,9.3231,9.3134,9.3231,4612,0
DWAT.US,D,20161013,000000,9.2756,9.3202,9.2669,9.3163,22324,0
DWAT.US,D,20161014,000000,9.3506,9.3624,9.3086,9.3231,4363,0
DWAT.US,D,20161017,000000,9.3134,9.3134,9.3038,9.3038,2253,0
DWAT.US,D,20161018,000000,9.4253,9.4253,9.3643,9.383,9226,0
DWAT.US,D,20161019,000000,9.4165,9.4165,9.4165,9.4165,322,0
DWAT.US,D,20161020,000000,9.4066,9.4066,9.4066,9.4066,333,0
DWAT.US,D,20161021,000000,9.3781,9.3781,9.3683,9.3683,2253,0
DWAT.US,D,20161024,000000,9.4715,9.4715,9.4528,9.4676,537,0
DWAT.US,D,20161026,000000,9.3405,9.3683,9.3405,9.3405,643,0
DWAT.US,D,20161027,000000,9.3683,9.3683,9.295,9.3038,7606,0
DWAT.US,D,20161028,000000,9.3405,9.3405,9.295,9.295,536,0
DWAT.US,D,20161102,000000,9.2107,9.2107,9.1735,9.1735,429,0
DWAT.US,D,20161103,000000,9.2079,9.2079,9.164,9.164,812,0
DWAT.US,D,20161104,000000,9.1547,9.1876,9.1396,9.1396,2253,0
DWAT.US,D,20161107,000000,9.2854,9.3076,9.2854,9.3076,1447,0
DWAT.US,D,20161109,000000,9.2766,9.4066,9.2756,9.4007,24045,0
DWAT.US,D,20161110,000000,9.3978,9.3978,9.3978,9.3978,536,0
DWAT.US,D,20161111,000000,9.2756,9.2756,9.2756,9.2756,536,0
DWAT.US,D,20161115,000000,9.3879,9.4332,9.3879,9.4332,1119,0
DWAT.US,D,20161116,000000,9.4165,9.4165,9.3781,9.3899,3211,0
DWAT.US,D,20161117,000000,9.443,9.443,9.4332,9.4332,8581,0
DWAT.US,D,20161118,000000,9.4066,9.4253,9.4066,9.4253,5686,0
DWAT.US,D,20161121,000000,9.4715,9.4902,9.4715,9.4902,6468,0
DWAT.US,D,20161123,000000,9.58,9.58,9.58,9.58,322,0
DWAT.US,D,20161128,000000,9.592,9.592,9.592,9.592,111,0
DWAT.US,D,20161205,000000,9.573,9.573,9.57,9.57,643,0
DWAT.US,D,20161206,000000,9.59,9.59,9.59,9.59,181,0
DWAT.US,D,20161209,000000,9.835,9.836,9.835,9.836,3529,0
DWAT.US,D,20161212,000000,9.77,9.77,9.77,9.77,1727,0
DWAT.US,D,20161214,000000,9.804,9.804,9.804,9.804,496,0
DWAT.US,D,20161221,000000,9.723,9.733,9.723,9.729,4719,0
DWAT.US,D,20161222,000000,9.673,9.673,9.673,9.673,698,0
DWAT.US,D,20161223,000000,9.714,9.714,9.686,9.686,1368,0
DWAT.US,D,20161227,000000,9.733,9.748,9.733,9.743,9637,0
DWAT.US,D,20161228,000000,9.696,9.696,9.691,9.691,1562,0
DWAT.US,D,20161229,000000,9.69,9.69,9.69,9.69,532,0
DWAT.US,D,20170103,000000,9.771,9.781,9.72,9.72,1933,0
DWAT.US,D,20170104,000000,9.828,9.847,9.828,9.847,931,0
DWAT.US,D,20170105,000000,9.866,9.866,9.805,9.84,1347,0
DWAT.US,D,20170106,000000,9.856,9.866,9.837,9.843,15986,0
DWAT.US,D,20170110,000000,9.798,9.798,9.798,9.798,744,0
DWAT.US,D,20170111,000000,9.827,9.866,9.827,9.866,3807,0
DWAT.US,D,20170112,000000,9.847,9.847,9.847,9.847,1341,0
DWAT.US,D,20170113,000000,9.893,9.912,9.893,9.908,1843,0
DWAT.US,D,20170118,000000,9.837,9.837,9.837,9.837,2676,0
DWAT.US,D,20170119,000000,9.809,9.809,9.809,9.809,1137,0
DWAT.US,D,20170120,000000,9.885,9.885,9.866,9.867,7996,0
DWAT.US,D,20170123,000000,9.851,9.873,9.851,9.873,1059,0
DWAT.US,D,20170124,000000,9.913,9.987,9.913,9.987,2765,0
DWAT.US,D,20170125,000000,10.167,10.167,10.167,10.167,160,0
DWAT.US,D,20170126,000000,10.049,10.049,10.027,10.027,47666,0
DWAT.US,D,20170131,000000,9.874,9.885,9.856,9.885,9972,0
DWAT.US,D,20170201,000000,9.96,9.96,9.893,9.905,2422,0
DWAT.US,D,20170202,000000,9.884,9.884,9.876,9.876,13745,0
DWAT.US,D,20170206,000000,9.828,9.988,9.828,9.942,10790,0
DWAT.US,D,20170207,000000,9.95,9.979,9.903,9.915,33438,0
DWAT.US,D,20170208,000000,9.762,9.949,9.762,9.949,36292,0
DWAT.US,D,20170209,000000,10.029,10.029,10.015,10.015,1442,0
DWAT.US,D,20170210,000000,10.064,10.11,10.054,10.11,14367,0
DWAT.US,D,20170213,000000,10.172,10.172,10.172,10.172,705,0
DWAT.US,D,20170214,000000,10.11,10.176,10.11,10.176,430,0
DWAT.US,D,20170215,000000,10.064,10.242,10.064,10.233,12227,0
DWAT.US,D,20170216,000000,10.182,10.182,10.182,10.182,107,0
DWAT.US,D,20170217,000000,10.152,10.157,10.138,10.157,2289,0
DWAT.US,D,20170221,000000,10.241,10.258,10.241,10.258,1320,0
DWAT.US,D,20170223,000000,10.248,10.248,10.242,10.242,389,0
DWAT.US,D,20170227,000000,10.195,10.208,10.195,10.208,240,0
DWAT.US,D,20170228,000000,10.186,10.186,10.157,10.157,425,0
DWAT.US,D,20170301,000000,10.335,10.367,10.299,10.299,1169,0
DWAT.US,D,20170302,000000,10.251,10.251,10.213,10.213,1169,0
DWAT.US,D,20170303,000000,10.204,10.204,10.204,10.204,111,0
DWAT.US,D,20170306,000000,10.133,10.133,10.133,10.133,489,0
DWAT.US,D,20170307,000000,10.129,10.138,10.11,10.11,458,0
DWAT.US,D,20170308,000000,10.11,10.11,10.045,10.054,995,0
DWAT.US,D,20170309,000000,10.032,10.034,9.979,9.988,849,0
DWAT.US,D,20170310,000000,10.044,10.044,10.008,10.008,532,0
DWAT.US,D,20170313,000000,10.044,10.044,10.044,10.044,266,0
DWAT.US,D,20170314,000000,9.995,10.008,9.995,10.008,1202,0
DWAT.US,D,20170315,000000,10.035,10.125,10.035,10.125,1143,0
DWAT.US,D,20170316,000000,10.129,10.129,10.129,10.129,460,0
DWAT.US,D,20170317,000000,10.129,10.129,10.12,10.12,1808,0
DWAT.US,D,20170320,000000,10.138,10.138,10.101,10.113,2774,0
DWAT.US,D,20170321,000000,9.951,9.951,9.951,9.951,315,0
DWAT.US,D,20170322,000000,9.901,9.901,9.901,9.901,107,0
DWAT.US,D,20170323,000000,9.984,9.988,9.984,9.986,447,0
DWAT.US,D,20170324,000000,9.988,9.988,9.974,9.974,1242,0
DWAT.US,D,20170330,000000,10.101,10.101,10.101,10.101,1064,0
DWAT.US,D,20170331,000000,10.081,10.091,10.073,10.091,1812,0
DWAT.US,D,20170403,000000,9.988,9.996,9.988,9.996,1698,0
DWAT.US,D,20170405,000000,10.103,10.108,10,10,8543,0
DWAT.US,D,20170406,000000,9.998,10.034,9.998,10.034,9342,0
DWAT.US,D,20170407,000000,10.054,10.054,10.033,10.043,1201,0
DWAT.US,D,20170411,000000,9.969,9.969,9.959,9.959,1011,0
DWAT.US,D,20170413,000000,9.885,9.902,9.884,9.902,933,0
DWAT.US,D,20170417,000000,9.922,9.979,9.922,9.979,5495,0
DWAT.US,D,20170419,000000,9.96,9.96,9.893,9.893,4237,0
DWAT.US,D,20170420,000000,9.958,10.003,9.949,10.003,13382,0
DWAT.US,D,20170421,000000,9.963,9.974,9.954,9.959,36270,0
DWAT.US,D,20170424,000000,10.11,10.11,10.068,10.101,9994,0
DWAT.US,D,20170425,000000,10.124,10.134,10.124,10.134,638,0
DWAT.US,D,20170426,000000,10.129,10.157,10.12,10.141,6485,0
DWAT.US,D,20170428,000000,10.092,10.1,10.086,10.086,1701,0
DWAT.US,D,20170501,000000,10.11,10.11,10.11,10.11,499,0
DWAT.US,D,20170502,000000,10.111,10.111,10.111,10.111,1005,0
DWAT.US,D,20170503,000000,10.084,10.095,10.084,10.095,498,0
DWAT.US,D,20170510,000000,10.138,10.138,10.131,10.131,615,0
DWAT.US,D,20170511,000000,10.081,10.081,10.081,10.081,213,0
DWAT.US,D,20170512,000000,9.998,10.147,9.998,10.147,3336,0
DWAT.US,D,20170515,000000,10.191,10.223,10.181,10.186,3815,0
DWAT.US,D,20170516,000000,10.181,10.181,10.181,10.181,107,0
DWAT.US,D,20170517,000000,10.054,10.054,10.036,10.044,5263,0
DWAT.US,D,20170518,000000,9.889,9.959,9.889,9.959,213,0
DWAT.US,D,20170519,000000,10.049,10.049,10.035,10.035,2871,0
DWAT.US,D,20170522,000000,10.044,10.067,10.044,10.064,3634,0
DWAT.US,D,20170523,000000,10.065,10.076,10.064,10.076,904,0
DWAT.US,D,20170524,000000,10.112,10.112,10.112,10.112,213,0
DWAT.US,D,20170525,000000,10.152,10.166,10.147,10.166,872,0
DWAT.US,D,20170526,000000,10.213,10.213,10.172,10.172,16646,0
DWAT.US,D,20170530,000000,10.152,10.152,10.152,10.152,213,0
DWAT.US,D,20170531,000000,10.101,10.126,10.101,10.126,798,0
DWAT.US,D,20170601,000000,10.196,10.196,10.196,10.196,110,0
DWAT.US,D,20170602,000000,10.213,10.213,10.213,10.213,153,0
DWAT.US,D,20170605,000000,10.317,10.317,10.299,10.299,10707,0
DWAT.US,D,20170607,000000,10.213,10.256,10.204,10.256,4473,0
DWAT.US,D,20170608,000000,10.234,10.269,10.233,10.269,8964,0
DWAT.US,D,20170609,000000,10.072,10.312,10.072,10.223,14162,0
DWAT.US,D,20170612,000000,10.195,10.195,10.171,10.171,866,0
DWAT.US,D,20170614,000000,10.147,10.261,10.147,10.251,3208,0
DWAT.US,D,20170615,000000,10.167,10.167,10.167,10.167,107,0
DWAT.US,D,20170616,000000,10.195,10.195,10.195,10.195,107,0
DWAT.US,D,20170619,000000,10.326,10.326,10.326,10.326,140,0
DWAT.US,D,20170620,000000,10.233,10.233,10.204,10.213,2977,0
DWAT.US,D,20170622,000000,10.227,10.227,10.227,10.227,302,0
DWAT.US,D,20170623,000000,10.233,10.233,10.233,10.233,107,0
DWAT.US,D,20170626,000000,10.314,10.314,10.268,10.268,1438,0
DWAT.US,D,20170627,000000,10.289,10.289,10.289,10.289,176,0
DWAT.US,D,20170629,000000,10.16,10.16,10.16,10.16,532,0
DWAT.US,D,20170703,000000,10.233,10.251,10.213,10.238,5604,0
DWAT.US,D,20170706,000000,10.208,10.208,10.208,10.208,338,0
DWAT.US,D,20170710,000000,10.266,10.269,10.253,10.253,5160,0
DWAT.US,D,20170711,000000,10.267,10.267,10.267,10.267,213,0
DWAT.US,D,20170712,000000,10.358,10.358,10.357,10.357,1576,0
DWAT.US,D,20170713,000000,10.327,10.342,10.327,10.342,532,0
DWAT.US,D,20170714,000000,10.401,10.424,10.401,10.424,2896,0
DWAT.US,D,20170717,000000,10.425,10.425,10.415,10.415,2552,0
DWAT.US,D,20170718,000000,10.439,10.439,10.401,10.439,1317,0
DWAT.US,D,20170719,000000,10.439,10.439,10.439,10.439,1586,0
DWAT.US,D,20170720,000000,10.488,10.488,10.488,10.488,294,0
DWAT.US,D,20170721,000000,10.486,10.486,10.486,10.486,9429,0
DWAT.US,D,20170725,000000,10.495,10.503,10.486,10.489,2126,0
DWAT.US,D,20170726,000000,10.373,10.527,10.373,10.527,3917,0
DWAT.US,D,20170727,000000,10.533,10.533,10.533,10.533,312,0
DWAT.US,D,20170801,000000,10.523,10.533,10.523,10.523,1030,0
DWAT.US,D,20170807,000000,10.555,10.571,10.555,10.571,957,0
DWAT.US,D,20170808,000000,10.515,10.591,10.515,10.591,2214,0
DWAT.US,D,20170809,000000,10.48,10.48,10.434,10.434,591,0
DWAT.US,D,20170810,000000,10.388,10.388,10.36,10.36,666,0
DWAT.US,D,20170811,000000,10.33,10.33,10.279,10.279,851,0
DWAT.US,D,20170815,000000,10.425,10.438,10.425,10.43,5741,0
DWAT.US,D,20170816,000000,10.505,10.514,10.505,10.514,3589,0
DWAT.US,D,20170817,000000,10.299,10.43,10.299,10.372,8391,0
DWAT.US,D,20170821,000000,10.289,10.289,10.289,10.289,5174,0
DWAT.US,D,20170828,000000,10.383,10.389,10.383,10.389,3509,0
DWAT.US,D,20170829,000000,10.384,10.402,10.384,10.402,5423,0
DWAT.US,D,20170830,000000,10.413,10.44,10.401,10.439,12526,0
DWAT.US,D,20170831,000000,10.486,10.487,10.486,10.487,3083,0
DWAT.US,D,20170905,000000,10.449,10.449,10.449,10.449,489,0
DWAT.US,D,20170906,000000,10.484,10.484,10.484,10.484,297,0
DWAT.US,D,20170907,000000,10.486,10.493,10.486,10.486,1010,0
DWAT.US,D,20170911,000000,10.567,10.567,10.552,10.552,1594,0
DWAT.US,D,20170912,000000,10.599,10.623,10.599,10.618,9346,0
DWAT.US,D,20170913,000000,10.63,10.631,10.63,10.631,993,0
DWAT.US,D,20170914,000000,10.581,10.581,10.581,10.581,384,0
DWAT.US,D,20170915,000000,10.608,10.644,10.608,10.637,8400,0
DWAT.US,D,20170918,000000,10.717,10.717,10.717,10.717,156,0
DWAT.US,D,20170919,000000,10.721,10.721,10.721,10.721,129,0
DWAT.US,D,20170921,000000,10.642,10.642,10.642,10.642,150,0
DWAT.US,D,20170925,000000,10.538,10.538,10.538,10.538,107,0
DWAT.US,D,20170926,000000,10.74,10.74,10.74,10.74,109,0
DWAT.US,D,20170927,000000,10.589,10.589,10.589,10.589,160,0
DWAT.US,D,20170929,000000,10.665,10.665,10.665,10.665,119,0
DWAT.US,D,20171002,000000,10.694,10.698,10.694,10.698,320,0
DWAT.US,D,20171003,000000,10.721,10.786,10.721,10.735,8189,0
DWAT.US,D,20171004,000000,10.754,10.772,10.74,10.74,7017,0
DWAT.US,D,20171005,000000,10.769,10.811,10.769,10.801,24146,0
DWAT.US,D,20171006,000000,10.794,10.794,10.783,10.783,2237,0
DWAT.US,D,20171009,000000,10.787,10.816,10.779,10.816,4259,0
DWAT.US,D,20171010,000000,10.816,10.838,10.816,10.816,4466,0
DWAT.US,D,20171011,000000,10.836,10.872,10.835,10.872,5031,0
DWAT.US,D,20171012,000000,10.852,10.893,10.852,10.873,538,0
DWAT.US,D,20171013,000000,10.862,10.891,10.862,10.89,3406,0
DWAT.US,D,20171016,000000,10.872,10.883,10.872,10.883,2067,0
DWAT.US,D,20171017,000000,10.844,10.844,10.844,10.844,1278,0
DWAT.US,D,20171018,000000,10.872,10.896,10.872,10.891,7468,0
DWAT.US,D,20171020,000000,10.91,10.918,10.91,10.918,4327,0
DWAT.US,D,20171024,000000,10.935,10.946,10.935,10.946,898,0
DWAT.US,D,20171030,000000,10.947,10.947,10.935,10.935,7895,0
DWAT.US,D,20171031,000000,10.928,10.928,10.928,10.928,319,0
DWAT.US,D,20171103,000000,11.022,11.022,11.004,11.004,3036,0
DWAT.US,D,20171106,000000,10.984,10.987,10.984,10.987,1096,0
DWAT.US,D,20171107,000000,10.99,10.992,10.99,10.992,835,0
DWAT.US,D,20171108,000000,10.984,11.004,10.984,11.004,998,0
DWAT.US,D,20171109,000000,10.984,11.004,10.91,10.91,1809,0
DWAT.US,D,20171110,000000,11.05,11.05,11.05,11.05,341,0
DWAT.US,D,20171116,000000,10.934,10.984,10.928,10.984,1230,0
DWAT.US,D,20171117,000000,10.943,10.943,10.943,10.943,305,0
DWAT.US,D,20171120,000000,10.933,10.933,10.933,10.933,3210,0
DWAT.US,D,20171121,000000,11.03,11.03,11.03,11.03,173,0
DWAT.US,D,20171122,000000,11.037,11.037,11.037,11.037,336,0
DWAT.US,D,20171124,000000,11.049,11.05,11.049,11.05,2494,0
DWAT.US,D,20171128,000000,11.069,11.144,11.05,11.129,15080,0
DWAT.US,D,20171129,000000,11.098,11.098,11.098,11.098,803,0
DWAT.US,D,20171130,000000,11.173,11.173,11.098,11.126,518,0
DWAT.US,D,20171201,000000,11.075,11.075,11.075,11.075,188,0
DWAT.US,D,20171204,000000,11.099,11.134,11.07,11.113,7895,0
DWAT.US,D,20171205,000000,11.049,11.049,11.049,11.049,1476,0
DWAT.US,D,20171208,000000,11.116,11.116,11.116,11.116,851,0
DWAT.US,D,20171211,000000,11.122,11.122,11.108,11.108,1996,0
DWAT.US,D,20171214,000000,11.167,11.167,11.116,11.116,559,0
DWAT.US,D,20171215,000000,11.164,11.164,11.145,11.145,561,0
DWAT.US,D,20171218,000000,11.286,11.286,11.286,11.286,391,0
DWAT.US,D,20171220,000000,11.257,11.276,11.257,11.276,8868,0
DWAT.US,D,20171221,000000,11.286,11.286,11.252,11.286,6903,0
DWAT.US,D,20171226,000000,11.238,11.238,11.208,11.228,1670,0
DWAT.US,D,20171227,000000,11.296,11.296,11.253,11.253,2900,0
DWAT.US,D,20171228,000000,11.324,11.324,11.324,11.324,2234,0
DWAT.US,D,20171229,000000,11.315,11.315,11.276,11.276,2041,0
DWAT.US,D,20180102,000000,11.353,11.354,11.296,11.296,6016,0
DWAT.US,D,20180103,000000,11.426,11.43,11.426,11.43,1909,0
DWAT.US,D,20180104,000000,11.566,11.566,11.49,11.498,7137,0
DWAT.US,D,20180105,000000,11.578,11.579,11.578,11.579,501,0
DWAT.US,D,20180108,000000,11.636,11.636,11.608,11.618,1609,0
DWAT.US,D,20180109,000000,11.673,11.673,11.659,11.659,857,0
DWAT.US,D,20180110,000000,11.606,11.62,11.594,11.62,1566,0
DWAT.US,D,20180111,000000,11.692,11.722,11.659,11.722,953,0
DWAT.US,D,20180112,000000,11.751,11.781,11.751,11.781,1770,0
DWAT.US,D,20180116,000000,11.867,11.867,11.852,11.852,1197,0
DWAT.US,D,20180117,000000,11.867,11.867,11.867,11.867,144,0
DWAT.US,D,20180119,000000,11.857,11.867,11.857,11.867,3328,0
DWAT.US,D,20180122,000000,11.915,11.915,11.915,11.915,1043,0
DWAT.US,D,20180124,000000,12.013,12.015,12.013,12.015,805,0
DWAT.US,D,20180125,000000,12.018,12.036,12.018,12.018,1868,0
DWAT.US,D,20180126,000000,12.109,12.109,12.109,12.109,3091,0
DWAT.US,D,20180129,000000,12.08,12.08,12.08,12.08,402,0
DWAT.US,D,20180130,000000,11.977,11.977,11.933,11.933,1473,0
DWAT.US,D,20180131,000000,11.915,11.915,11.901,11.901,680,0
DWAT.US,D,20180201,000000,11.927,11.944,11.927,11.944,948,0
DWAT.US,D,20180202,000000,11.76,11.76,11.746,11.76,1204,0
DWAT.US,D,20180205,000000,11.619,11.619,11.412,11.469,2719,0
DWAT.US,D,20180206,000000,11.286,11.293,11.276,11.276,19440,0
DWAT.US,D,20180207,000000,11.402,11.402,11.402,11.402,797,0
DWAT.US,D,20180208,000000,11.063,11.063,11.005,11.005,1048,0
DWAT.US,D,20180209,000000,11.044,11.044,10.937,10.937,2185,0
DWAT.US,D,20180212,000000,11.205,11.207,11.205,11.207,615,0
DWAT.US,D,20180214,000000,11.344,11.459,11.344,11.459,3172,0
DWAT.US,D,20180215,000000,11.498,11.498,11.498,11.498,209,0
DWAT.US,D,20180220,000000,11.422,11.602,11.422,11.602,2033,0
DWAT.US,D,20180221,000000,11.741,11.741,11.596,11.626,20799,0
DWAT.US,D,20180222,000000,11.601,11.601,11.601,11.601,424,0
DWAT.US,D,20180223,000000,11.596,11.664,11.596,11.664,1760,0
DWAT.US,D,20180226,000000,11.722,11.759,11.722,11.759,2599,0
DWAT.US,D,20180227,000000,11.754,11.78,11.754,11.78,8798,0
DWAT.US,D,20180228,000000,11.625,11.654,11.625,11.654,3076,0
DWAT.US,D,20180301,000000,11.412,11.412,11.334,11.357,3472,0
DWAT.US,D,20180302,000000,11.131,11.373,11.111,11.373,882,0
DWAT.US,D,20180305,000000,11.502,11.502,11.48,11.48,3868,0
DWAT.US,D,20180306,000000,11.522,11.522,11.508,11.515,17889,0
DWAT.US,D,20180307,000000,11.586,11.586,11.586,11.586,632,0
DWAT.US,D,20180309,000000,11.79,11.79,11.79,11.79,421,0
DWAT.US,D,20180312,000000,11.842,11.842,11.841,11.841,2074,0
DWAT.US,D,20180313,000000,11.771,11.771,11.741,11.741,821,0
DWAT.US,D,20180316,000000,11.683,11.683,11.683,11.683,250,0
DWAT.US,D,20180319,000000,11.508,11.508,11.508,11.508,632,0
DWAT.US,D,20180320,000000,11.58,11.58,11.58,11.58,689,0
DWAT.US,D,20180321,000000,11.581,11.581,11.581,11.581,2062,0
DWAT.US,D,20180322,000000,11.432,11.432,11.432,11.432,1077,0
DWAT.US,D,20180323,000000,11.295,11.295,11.18,11.18,2637,0
DWAT.US,D,20180326,000000,11.305,11.305,11.305,11.305,623,0
DWAT.US,D,20180327,000000,11.344,11.344,11.102,11.102,1121,0
DWAT.US,D,20180402,000000,11.238,11.238,10.966,10.966,2069,0
DWAT.US,D,20180403,000000,11.074,11.074,11.074,11.074,171,0
DWAT.US,D,20180404,000000,11.044,11.179,11.042,11.179,1509,0
DWAT.US,D,20180405,000000,11.286,11.34,11.286,11.305,1622,0
DWAT.US,D,20180406,000000,11.205,11.205,11.038,11.038,1008,0
DWAT.US,D,20180410,000000,11.299,11.318,11.299,11.318,655,0
DWAT.US,D,20180411,000000,11.285,11.285,11.285,11.285,731,0
DWAT.US,D,20180412,000000,11.348,11.421,11.348,11.421,995,0
DWAT.US,D,20180413,000000,11.343,11.343,11.343,11.343,457,0
DWAT.US,D,20180417,000000,11.457,11.457,11.457,11.457,314,0
DWAT.US,D,20180420,000000,11.421,11.421,11.354,11.388,1924,0
DWAT.US,D,20180423,000000,11.354,11.354,11.354,11.354,727,0
DWAT.US,D,20180425,000000,11.226,11.296,11.226,11.273,917,0
DWAT.US,D,20180426,000000,11.403,11.422,11.39,11.39,6504,0
DWAT.US,D,20180430,000000,11.393,11.393,11.392,11.392,299,0
DWAT.US,D,20180501,000000,11.276,11.276,11.276,11.276,141,0
DWAT.US,D,20180502,000000,11.344,11.344,11.344,11.344,652,0
DWAT.US,D,20180503,000000,11.238,11.238,11.238,11.238,458,0
DWAT.US,D,20180507,000000,11.411,11.431,11.392,11.431,2789,0
DWAT.US,D,20180509,000000,11.422,11.498,11.422,11.483,6607,0
DWAT.US,D,20180510,000000,11.682,11.683,11.682,11.683,5087,0
DWAT.US,D,20180514,000000,11.678,11.678,11.678,11.678,715,0
DWAT.US,D,20180515,000000,11.625,11.625,11.552,11.552,2866,0
DWAT.US,D,20180516,000000,11.683,11.683,11.625,11.626,25981,0
DWAT.US,D,20180517,000000,11.625,11.672,11.625,11.672,35098,0
DWAT.US,D,20180518,000000,11.553,11.553,11.528,11.536,3872,0
DWAT.US,D,20180521,000000,11.654,11.654,11.654,11.654,517,0
DWAT.US,D,20180524,000000,11.562,11.573,11.562,11.573,2289,0
DWAT.US,D,20180529,000000,11.383,11.4,11.383,11.4,1067,0
DWAT.US,D,20180530,000000,11.494,11.498,11.494,11.498,463,0
DWAT.US,D,20180601,000000,11.461,11.461,11.461,11.461,5368,0
DWAT.US,D,20180604,000000,11.548,11.548,11.548,11.548,362,0
DWAT.US,D,20180605,000000,11.538,11.538,11.538,11.538,357,0
DWAT.US,D,20180611,000000,11.634,11.664,11.614,11.66,13822,0
DWAT.US,D,20180613,000000,11.673,11.673,11.673,11.673,279,0
DWAT.US,D,20180614,000000,11.683,11.683,11.659,11.659,1622,0
DWAT.US,D,20180620,000000,11.654,11.664,11.628,11.644,2422,0
DWAT.US,D,20180621,000000,11.543,11.543,11.543,11.543,1555,0
DWAT.US,D,20180622,000000,11.561,11.561,11.561,11.561,448,0
DWAT.US,D,20180628,000000,11.402,11.498,11.402,11.498,432,0
DWAT.US,D,20180702,000000,11.381,11.381,11.381,11.381,2461,0
DWAT.US,D,20180703,000000,11.437,11.437,11.437,11.437,267,0
DWAT.US,D,20180705,000000,11.518,11.518,11.518,11.518,228,0
DWAT.US,D,20180706,000000,11.596,11.596,11.596,11.596,104,0
DWAT.US,D,20180709,000000,11.528,11.712,11.528,11.712,13170,0
DWAT.US,D,20180710,000000,11.757,11.757,11.751,11.751,1002,0
DWAT.US,D,20180712,000000,11.661,11.661,11.661,11.661,517,0
DWAT.US,D,20180717,000000,11.654,11.654,11.646,11.646,2124,0
DWAT.US,D,20180718,000000,11.654,11.657,11.654,11.657,826,0
DWAT.US,D,20180719,000000,11.702,11.702,11.702,11.702,206,0
DWAT.US,D,20180723,000000,11.709,11.709,11.709,11.709,1764,0
DWAT.US,D,20180724,000000,11.703,11.703,11.703,11.703,315,0
DWAT.US,D,20180727,000000,11.586,11.615,11.586,11.606,2142,0
DWAT.US,D,20180730,000000,11.538,11.538,11.538,11.538,5167,0
DWAT.US,D,20180801,000000,11.549,11.585,11.537,11.538,22415,0
DWAT.US,D,20180802,000000,11.569,11.654,11.569,11.634,2876,0
DWAT.US,D,20180806,000000,11.736,11.77,11.736,11.77,980,0
DWAT.US,D,20180808,000000,11.712,11.735,11.712,11.717,957,0
DWAT.US,D,20180809,000000,11.77,11.77,11.77,11.77,407,0
DWAT.US,D,20180814,000000,11.775,11.775,11.744,11.744,1555,0
DWAT.US,D,20180815,000000,11.592,11.592,11.592,11.592,826,0
DWAT.US,D,20180821,000000,11.867,11.867,11.867,11.867,347,0
DWAT.US,D,20180824,000000,12.031,12.031,12.031,12.031,260,0
DWAT.US,D,20180905,000000,12.012,12.012,12.012,12.012,188,0
DWAT.US,D,20180910,000000,11.968,11.968,11.968,11.968,108,0
DWAT.US,D,20180911,000000,12.031,12.109,12.007,12.109,1778,0
DWAT.US,D,20180912,000000,12.066,12.066,12.066,12.066,155,0
DWAT.US,D,20180913,000000,12.081,12.081,12.061,12.061,56813,0
DWAT.US,D,20180914,000000,12.111,12.111,12.073,12.073,449,0
DWAT.US,D,20180920,000000,12.165,12.165,12.165,12.165,129,0
DWAT.US,D,20180925,000000,12.041,12.177,12.041,12.157,4875,0
DWAT.US,D,20180926,000000,12.191,12.197,12.191,12.197,863,0
DWAT.US,D,20180927,000000,12.157,12.179,12.152,12.177,1921,0
DWAT.US,D,20181001,000000,12.439,12.439,12.439,12.439,185,0
DWAT.US,D,20181002,000000,12.174,12.174,12.174,12.174,521,0
DWAT.US,D,20181003,000000,12.227,12.23,12.227,12.23,334,0
DWAT.US,D,20181004,000000,12.109,12.109,12.109,12.109,265,0
DWAT.US,D,20181005,000000,11.917,11.917,11.917,11.917,1078,0
DWAT.US,D,20181008,000000,11.949,11.949,11.828,11.828,1582,0
DWAT.US,D,20181010,000000,11.819,11.819,11.819,11.819,582,0
DWAT.US,D,20181011,000000,11.416,11.461,11.218,11.262,34856,0
DWAT.US,D,20181012,000000,11.382,11.382,11.382,11.382,19172,0
DWAT.US,D,20181017,000000,11.79,11.79,11.79,11.79,227,0
DWAT.US,D,20181018,000000,11.625,11.625,11.47,11.47,21283,0
DWAT.US,D,20181019,000000,11.382,11.382,11.334,11.334,19526,0
DWAT.US,D,20181029,000000,11.024,11.06,11.024,11.06,1380,0
DWAT.US,D,20181030,000000,10.811,10.873,10.753,10.873,10681,0
DWAT.US,D,20181101,000000,11.134,11.134,11.134,11.134,4655,0
DWAT.US,D,20181102,000000,12.139,12.139,11.063,11.063,4774,0
DWAT.US,D,20181105,000000,11.819,11.819,11.819,11.819,907,0
DWAT.US,D,20181106,000000,11.099,11.099,11.099,11.099,1425,0
DWAT.US,D,20181107,000000,11.925,11.925,11.208,11.317,5084,0
DWAT.US,D,20181109,000000,11.238,11.238,11.058,11.058,1062,0
DWAT.US,D,20181115,000000,10.723,10.723,10.607,10.715,13716,0
DWAT.US,D,20181119,000000,10.737,10.737,10.737,10.737,373,0
DWAT.US,D,20181120,000000,10.415,10.415,10.358,10.414,2668,0
DWAT.US,D,20181126,000000,10.365,10.404,10.365,10.404,7422,0
DWAT.US,D,20181128,000000,10.53,10.54,10.53,10.54,5369,0
DWAT.US,D,20181130,000000,10.607,10.607,10.607,10.607,2155,0
DWAT.US,D,20181206,000000,10.569,10.569,10.569,10.569,303,0
DWAT.US,D,20181207,000000,10.434,10.434,10.396,10.396,351,0
DWAT.US,D,20181210,000000,9.658,10.317,9.658,10.317,1133,0
DWAT.US,D,20181218,000000,10.136,10.187,10.136,10.176,2007,0
DWAT.US,D,20181219,000000,10.18,10.18,10.064,10.064,2375,0
DWAT.US,D,20181221,000000,9.847,9.847,9.847,9.847,244,0
DWAT.US,D,20181226,000000,9.523,9.687,9.523,9.687,341,0
DWAT.US,D,20181227,000000,9.716,9.716,9.716,9.716,240,0
DWAT.US,D,20181228,000000,9.736,9.736,9.736,9.736,244,0
DWAT.US,D,20181231,000000,9.726,9.726,9.726,9.726,137,0
DWAT.US,D,20190102,000000,9.635,9.635,9.625,9.625,1242,0
DWAT.US,D,20190103,000000,9.628,9.648,9.581,9.648,498,0
DWAT.US,D,20190104,000000,9.726,9.736,9.726,9.736,1075,0
DWAT.US,D,20190107,000000,9.785,9.785,9.774,9.774,1843,0
DWAT.US,D,20190108,000000,9.834,10.287,9.794,9.887,42311,0
DWAT.US,D,20190110,000000,9.864,9.89,9.864,9.89,1059,0
DWAT.US,D,20190114,000000,9.854,9.881,9.549,9.756,55444,0
DWAT.US,D,20190115,000000,9.898,9.898,9.898,9.898,764,0
DWAT.US,D,20190116,000000,10.11,10.11,10.11,10.11,1017,0
DWAT.US,D,20190117,000000,10.07,10.07,10.07,10.07,103,0
DWAT.US,D,20190118,000000,10.04,10.04,10.04,10.04,2133,0
DWAT.US,D,20190122,000000,10.063,10.071,10.021,10.021,4626,0
DWAT.US,D,20190130,000000,10.095,10.095,10.095,10.095,508,0
DWAT.US,D,20190131,000000,10.208,10.208,10.208,10.208,206,0
DWAT.US,D,20190201,000000,10.188,10.188,10.188,10.188,427,0
DWAT.US,D,20190207,000000,10.249,10.249,10.249,10.249,255,0
DWAT.US,D,20190208,000000,10.169,10.174,10.159,10.174,36963,0
DWAT.US,D,20190212,000000,10.208,10.326,10.208,10.297,1391,0
DWAT.US,D,20190220,000000,10.416,10.474,10.416,10.474,868,0
DWAT.US,D,20190222,000000,10.546,10.58,10.546,10.58,234,0
DWAT.US,D,20190225,000000,10.513,10.513,10.503,10.503,1017,0
DWAT.US,D,20190304,000000,10.49,10.49,10.49,10.49,1020,0
DWAT.US,D,20190311,000000,10.424,10.534,10.424,10.534,594,0
DWAT.US,D,20190312,000000,10.558,10.558,10.558,10.558,601,0
DWAT.US,D,20190314,000000,10.621,10.621,10.621,10.621,265,0
DWAT.US,D,20190319,000000,10.649,10.649,10.613,10.613,641,0
DWAT.US,D,20190320,000000,10.582,10.582,10.582,10.582,355,0
DWAT.US,D,20190325,000000,10.568,10.568,10.533,10.543,3053,0
DWAT.US,D,20190329,000000,10.513,10.7,10.513,10.7,818,0
DWAT.US,D,20190404,000000,10.717,10.717,10.717,10.717,1332,0
DWAT.US,D,20190408,000000,10.818,10.818,10.818,10.818,408,0
DWAT.US,D,20190409,000000,10.766,10.766,10.766,10.766,1526,0
DWAT.US,D,20190410,000000,10.818,10.818,10.818,10.818,1031,0
DWAT.US,D,20190415,000000,10.832,10.832,10.832,10.832,286,0
DWAT.US,D,20190424,000000,10.828,10.889,10.828,10.889,1199,0
DWAT.US,D,20190429,000000,10.857,10.857,10.857,10.857,488,0
DWAT.US,D,20190430,000000,10.884,10.884,10.862,10.862,902,0
DWAT.US,D,20190515,000000,10.655,10.655,10.655,10.655,458,0
DWAT.US,D,20190516,000000,10.793,10.793,10.793,10.793,254,0
DWAT.US,D,20190520,000000,10.621,10.621,10.621,10.621,204,0
DWAT.US,D,20190522,000000,10.641,10.673,10.641,10.673,654,0
DWAT.US,D,20190530,000000,10.533,10.533,10.533,10.533,158,0
DWAT.US,D,20190531,000000,10.454,10.454,10.454,10.454,817,0
DWAT.US,D,20190604,000000,10.503,10.503,10.503,10.503,123,0
DWAT.US,D,20190605,000000,10.661,10.661,10.661,10.661,818,0
DWAT.US,D,20190606,000000,10.759,10.759,10.759,10.759,102,0
DWAT.US,D,20190610,000000,10.826,10.826,10.826,10.826,122,0
DWAT.US,D,20190612,000000,10.805,10.805,10.805,10.805,508,0
DWAT.US,D,20190618,000000,10.995,11.015,10.946,10.985,1966,0
DWAT.US,D,20190619,000000,11.015,11.015,10.995,11.015,1652,0
DWAT.US,D,20190620,000000,11.034,11.054,11.034,11.054,1856,0
DWAT.US,D,20190624,000000,11.04,11.04,11.04,11.04,235,0
DWAT.US,D,20190625,000000,10.99,11.015,10.99,11.015,4195,0
DWAT.US,D,20190626,000000,10.798,10.798,10.763,10.763,548,0
DWAT.US,D,20190627,000000,10.661,10.822,10.661,10.822,285,0
DWAT.US,D,20190628,000000,10.867,10.867,10.857,10.867,597,0
DWAT.US,D,20190701,000000,10.867,10.897,10.867,10.867,3345,0
DWAT.US,D,20190708,000000,11.045,11.045,11.045,11.045,2163,0
DWAT.US,D,20190712,000000,11.064,11.064,11.064,11.064,1164,0
DWAT.US,D,20190715,000000,11.049,11.211,11.049,11.133,360,0
DWAT.US,D,20190718,000000,11.042,11.07,11.042,11.07,452,0
DWAT.US,D,20190723,000000,10.983,10.983,10.965,10.98,500,0
DWAT.US,D,20190729,000000,11.054,11.054,11.054,11.054,121,0
DWAT.US,D,20190731,000000,10.995,11.024,10.995,11.024,204,0
DWAT.US,D,20190801,000000,11.034,11.034,11.034,11.034,105,0
DWAT.US,D,20190805,000000,10.651,10.651,10.651,10.651,578,0
DWAT.US,D,20190807,000000,10.68,10.68,10.68,10.68,149,0
DWAT.US,D,20190808,000000,10.936,10.936,10.916,10.916,512,0
DWAT.US,D,20190809,000000,10.975,10.975,10.975,10.975,399,0
DWAT.US,D,20190812,000000,10.916,10.916,10.916,10.916,103,0
DWAT.US,D,20190813,000000,10.788,10.916,10.788,10.916,1501,0
DWAT.US,D,20190814,000000,10.867,10.867,10.867,10.867,102,0
DWAT.US,D,20190816,000000,10.89,10.89,10.89,10.89,8481,0
DWAT.US,D,20190822,000000,10.999,10.999,10.999,10.999,407,0
DWAT.US,D,20190826,000000,10.857,10.857,10.808,10.808,360,0
DWAT.US,D,20190827,000000,10.887,10.936,10.887,10.907,3559,0
DWAT.US,D,20190829,000000,10.936,11.093,10.936,11.015,2337,0
DWAT.US,D,20190830,000000,11.113,11.113,11.034,11.034,508,0
DWAT.US,D,20190903,000000,11.015,11.015,11.015,11.015,102,0
DWAT.US,D,20190904,000000,11.192,11.192,11.192,11.192,512,0
DWAT.US,D,20190906,000000,11.364,11.364,11.364,11.364,2253,0
DWAT.US,D,20190910,000000,11.024,11.024,11.024,11.024,133,0
DWAT.US,D,20190917,000000,11.113,11.113,11.113,11.113,102,0
DWAT.US,D,20190919,000000,11.2,11.2,11.2,11.2,564,0
DWAT.US,D,20190920,000000,11.211,11.213,11.113,11.113,6889,0
DWAT.US,D,20190923,000000,11.164,11.164,11.164,11.164,243,0
DWAT.US,D,20190924,000000,11.093,11.093,11.093,11.093,1354,0
DWAT.US,D,20190926,000000,11.157,11.157,11.157,11.157,304,0
DWAT.US,D,20190927,000000,11.128,11.128,11.128,11.128,103,0
DWAT.US,D,20190930,000000,11.074,11.093,11.074,11.074,1630,0
DWAT.US,D,20191001,000000,11.077,11.077,11.077,11.077,112,0
DWAT.US,D,20191008,000000,11.049,11.054,11.049,11.054,410,0
DWAT.US,D,20191009,000000,11.015,11.064,11.015,11.064,4427,0
DWAT.US,D,20191028,000000,11.074,11.074,11.074,11.074,225,0
DWAT.US,D,20191030,000000,11.139,11.182,11.139,11.182,2241,0
DWAT.US,D,20191101,000000,11.207,11.207,11.207,11.207,610,0
DWAT.US,D,20191104,000000,11.27,11.275,11.216,11.216,1444,0
DWAT.US,D,20191111,000000,11.05,11.05,11.05,11.05,252,0
DWAT.US,D,20191115,000000,11.064,11.064,11.064,11.064,611,0
DWAT.US,D,20191118,000000,11.034,11.054,11.034,11.054,813,0
DWAT.US,D,20191119,000000,11.093,11.103,10.867,10.867,3469,0
DWAT.US,D,20191120,000000,11.054,11.054,10.72,10.729,2695,0
DWAT.US,D,20191121,000000,11.044,11.123,10.779,10.96,2339,0
DWAT.US,D,20191122,000000,11.015,11.103,10.857,10.857,1830,0
DWAT.US,D,20191125,000000,11.093,11.093,11,11,915,0
DWAT.US,D,20191127,000000,11.172,11.182,10.901,11.128,3172,0
DWAT.US,D,20191129,000000,11.211,11.211,11.201,11.201,204,0
DWAT.US,D,20191202,000000,11.152,11.152,11.01,11.01,508,0
DWAT.US,D,20191203,000000,11.034,11.034,10.893,10.893,764,0
DWAT.US,D,20191204,000000,10.995,10.995,10.965,10.965,538,0
DWAT.US,D,20191206,000000,11.152,11.152,10.926,10.975,10799,0
DWAT.US,D,20191209,000000,11.152,11.172,11.005,11.024,2008,0
DWAT.US,D,20191210,000000,11.083,11.083,10.734,10.739,4789,0
DWAT.US,D,20191211,000000,11.024,11.064,10.749,10.923,34785,0
DWAT.US,D,20191212,000000,11.142,11.142,11.005,11.088,18056,0
DWAT.US,D,20191216,000000,11.258,11.26,11.258,11.26,510,0
DWAT.US,D,20191218,000000,11.182,11.226,11.172,11.226,1438,0
DWAT.US,D,20191219,000000,11.251,11.251,11.147,11.147,691,0
DWAT.US,D,20191223,000000,11.285,11.285,11.285,11.285,508,0
DWAT.US,D,20191226,000000,11.46,11.46,11.2,11.21,400,0
DWAT.US,D,20191227,000000,11.25,11.25,11.19,11.2,699,0
DWAT.US,D,20191230,000000,11.22,11.22,11,11.1322,2324,0
DWAT.US,D,20191231,000000,11.21,11.21,11.14,11.14,980,0
DWAT.US,D,20200102,000000,11.18,11.18,11.18,11.18,117,0
DWAT.US,D,20200103,000000,11.125,11.1789,11.125,11.135,2577,0
DWAT.US,D,20200107,000000,11.07,11.1087,10.56,11.055,8294,0
DWAT.US,D,20200108,000000,11.05,11.085,11.05,11.085,2100,0
DWAT.US,D,20200109,000000,11.16,11.16,11,11.115,4541,0
DWAT.US,D,20200110,000000,11.22,11.29,11.22,11.29,2897,0
DWAT.US,D,20200113,000000,11.29,11.29,11.09,11.0958,1359,0
DWAT.US,D,20200114,000000,11.25,11.25,11.19,11.2441,500,0
DWAT.US,D,20200117,000000,11.42,11.475,11.055,11.32,5991,0
DWAT.US,D,20200121,000000,11.1,11.3746,11.1,11.16,14900,0
DWAT.US,D,20200122,000000,11.39,11.49,11.22,11.35,5001,0
DWAT.US,D,20200123,000000,11.42,11.42,11.42,11.42,201,0
DWAT.US,D,20200124,000000,11.49,11.49,11.31,11.31,1049,0
DWAT.US,D,20200127,000000,11.26,11.26,11.22,11.22,3902,0
DWAT.US,D,20200128,000000,11.3,11.3,11.08,11.24,3000,0
DWAT.US,D,20200129,000000,11.32,11.32,11.06,11.1,5087,0
DWAT.US,D,20200130,000000,11.14,11.22,11,11.02,3994,0
DWAT.US,D,20200131,000000,11.23,11.25,10.85,11.11,8803,0
DWAT.US,D,20200203,000000,11.06,11.06,11.04,11.04,800,0
DWAT.US,D,20200205,000000,11.33,11.34,11.015,11.284,3388,0
DWAT.US,D,20200206,000000,11.44,11.49,11.075,11.075,6092,0
DWAT.US,D,20200207,000000,11.41,11.45,11.41,11.43,1982,0
DWAT.US,D,20200210,000000,11.45,11.6075,11.22,11.6075,5506,0
DWAT.US,D,20200212,000000,11.667,11.71,11.667,11.71,205,0
DWAT.US,D,20200213,000000,11.6792,11.695,11.6792,11.695,206,0
DWAT.US,D,20200219,000000,11.6328,11.69,11.6328,11.69,482,0
DWAT.US,D,20200220,000000,11.61,11.61,11.375,11.375,2437,0
DWAT.US,D,20200221,000000,11.5,11.515,11.5,11.515,300,0
DWAT.US,D,20200225,000000,11.42,11.42,10.782,10.782,577,0
DWAT.US,D,20200227,000000,10.53,10.53,10.3568,10.3568,210,0
DWAT.US,D,20200302,000000,10.24,10.446,10.24,10.37,1604,0
DWAT.US,D,20200303,000000,10.66,10.7182,10.2028,10.2028,2358,0
DWAT.US,D,20200304,000000,10.54,10.55,10.435,10.435,700,0
DWAT.US,D,20200306,000000,10.16,10.1797,10.1073,10.1073,2386,0
DWAT.US,D,20200311,000000,9.53,9.54,9.5,9.5363,536,0
DWAT.US,D,20200312,000000,8.65,8.65,8.65,8.65,1208,0
DWAT.US,D,20200313,000000,8.89,9.1626,8.62,9.1626,1573,0
DWAT.US,D,20200317,000000,8.5113,8.52,8.3886,8.3886,1121,0
DWAT.US,D,20200318,000000,8.41,8.54,8.3001,8.5318,1187,0
DWAT.US,D,20200319,000000,8.34,8.3817,8.34,8.34,593,0
DWAT.US,D,20200320,000000,8.38,8.4,8.38,8.4,1288,0
DWAT.US,D,20200323,000000,8.0235,8.0235,7.87,7.87,867,0
DWAT.US,D,20200325,000000,8.54,8.5699,8.43,8.475,3325,0
DWAT.US,D,20200326,000000,9.15,9.15,8.9285,8.9285,350,0
DWAT.US,D,20200327,000000,8.8,8.8,8.8,8.8,271,0
DWAT.US,D,20200330,000000,9.095,9.16,9.01,9.16,1633,0
DWAT.US,D,20200331,000000,9.0401,9.08,9.04,9.08,1608,0
DWAT.US,D,20200401,000000,8.82,8.82,8.79,8.79,807,0
DWAT.US,D,20200402,000000,8.9837,9.045,8.9837,9.045,477,0
DWAT.US,D,20200406,000000,9.24,9.24,9.24,9.24,1550,0
DWAT.US,D,20200413,000000,9.5737,9.5737,9.554,9.554,730,0
DWAT.US,D,20200416,000000,9.71,9.7392,9.5957,9.5957,516,0
DWAT.US,D,20200420,000000,9.9,9.9,9.9,9.9,101,0
DWAT.US,D,20200422,000000,9.52,9.52,9.52,9.52,151,0
DWAT.US,D,20200423,000000,9.6,9.6,9.6,9.6,155,0
DWAT.US,D,20200424,000000,9.7,9.7485,9.65,9.65,777,0
DWAT.US,D,20200427,000000,9.8,9.8,9.8,9.8,885,0
DWAT.US,D,20200428,000000,9.65,9.8,9.65,9.8,326,0
DWAT.US,D,20200430,000000,9.75,9.75,9.75,9.75,300,0
DWAT.US,D,20200501,000000,9.65,9.65,9.65,9.65,500,0
DWAT.US,D,20200504,000000,9.48,9.58,9.48,9.58,700,0
DWAT.US,D,20200505,000000,9.68,9.68,9.66,9.66,800,0
DWAT.US,D,20200506,000000,9.57,9.57,9.57,9.57,244,0
DWAT.US,D,20200507,000000,9.6573,9.66,9.6573,9.66,532,0
DWAT.US,D,20200508,000000,9.72,9.7879,9.5686,9.5686,2056,0
DWAT.US,D,20200511,000000,9.72,9.72,9.71,9.71,300,0
DWAT.US,D,20200513,000000,9.71,9.71,9.71,9.71,551,0
DWAT.US,D,20200514,000000,9.68,9.68,9.68,9.68,501,0
DWAT.US,D,20200518,000000,9.84,9.84,9.77,9.77,1001,0
DWAT.US,D,20200520,000000,9.87,9.87,9.8,9.8,1888,0
DWAT.US,D,20200521,000000,9.84,9.84,9.84,9.84,364,0
DWAT.US,D,20200522,000000,9.76,9.76,9.76,9.76,469,0
DWAT.US,D,20200526,000000,9.84,9.84,9.66,9.66,7909,0
DWAT.US,D,20200527,000000,9.81,9.81,9.62,9.62,1419,0
DWAT.US,D,20200528,000000,9.89,9.89,9.84,9.84,1244,0
DWAT.US,D,20200529,000000,9.92,9.92,9.78,9.865,1226,0
DWAT.US,D,20200601,000000,10.06,10.06,10.05,10.05,700,0
DWAT.US,D,20200604,000000,10.14,10.14,10.14,10.14,701,0
DWAT.US,D,20200605,000000,10.13,10.1615,10.1,10.1,502,0
DWAT.US,D,20200608,000000,10.22,10.22,10.1703,10.1703,3000,0
DWAT.US,D,20200610,000000,10.1983,10.1983,10.185,10.185,600,0
DWAT.US,D,20200611,000000,10.13,10.13,10.13,10.13,703,0
DWAT.US,D,20200618,000000,10.0973,10.1,10.0973,10.1,752,0
DWAT.US,D,20200619,000000,10.145,10.155,10.075,10.075,3580,0
DWAT.US,D,20200623,000000,10.21,10.21,9.79,9.9679,5637,0
DWAT.US,D,20200624,000000,10.02,10.02,9.92,9.92,3201,0
DWAT.US,D,20200626,000000,10.2199,10.2199,10.16,10.16,662,0
DWAT.US,D,20200629,000000,10.12,10.12,10.12,10.12,181,0
DWAT.US,D,20200630,000000,10.14,10.14,10.14,10.14,788,0
DWAT.US,D,20200701,000000,10.32,10.32,10.32,10.32,597,0
DWAT.US,D,20200715,000000,10.67,10.67,10.67,10.67,201,0
DWAT.US,D,20200720,000000,10.61,10.61,10.61,10.61,114,0
DWAT.US,D,20200721,000000,10.76,10.78,10.7573,10.76,1359,0
DWAT.US,D,20200728,000000,10.9,10.9,10.9,10.9,156,0
DWAT.US,D,20200807,000000,11.3153,11.3153,11.31,11.31,1022,0
DWAT.US,D,20200817,000000,11.2,11.2,11.18,11.18,3500,0
DWAT.US,D,20200821,000000,11.2,11.24,11.2,11.24,1704,0
DWAT.US,D,20200824,000000,11.31,11.3527,11.31,11.3527,1192,0
DWAT.US,D,20200827,000000,11.43,11.43,11.22,11.22,2868,0
DWAT.US,D,20200828,000000,11.32,11.43,11.32,11.34,1149,0
DWAT.US,D,20200901,000000,11.57,11.57,11.57,11.57,204,0
DWAT.US,D,20200904,000000,11.09,11.335,11.09,11.335,130,0
DWAT.US,D,20200908,000000,11.1,11.1,10.89,10.89,2124,0
DWAT.US,D,20200909,000000,11.15,11.15,10.87,10.9946,4245,0
DWAT.US,D,20200910,000000,11.32,11.32,10.97,10.97,2176,0
DWAT.US,D,20200911,000000,11.13,11.13,10.9,10.905,3220,0
DWAT.US,D,20200914,000000,11.2019,11.2019,11.0969,11.0969,624,0
DWAT.US,D,20200917,000000,11.11,11.1656,11.11,11.13,700,0
DWAT.US,D,20201006,000000,11.26,11.26,11.26,11.26,349,0
DWAT.US,D,20201009,000000,11.24,11.2999,11.12,11.1271,3625,0
DWAT.US,D,20201013,000000,11.51,11.62,11.51,11.55,370,0
DWAT.US,D,20201015,000000,11.5598,11.5598,11.525,11.525,130,0
DWAT.US,D,20201019,000000,11.4976,11.4976,11.3356,11.3356,352,0
DWAT.US,D,20201021,000000,11.3373,11.3373,11.305,11.305,163,0
DWAT.US,D,20201022,000000,11.2402,11.3,11.2402,11.3,100,0
DWAT.US,D,20201026,000000,11.2382,11.24,11.18,11.24,4906,0
DWAT.US,D,20201029,000000,11.0132,11.0132,10.985,10.985,683,0
DWAT.US,D,20201102,000000,10.9,10.9,10.9,10.9,364,0
DWAT.US,D,20201103,000000,10.9,10.9,10.9,10.9,2136,0
DWAT.US,D,20201106,000000,11.575,11.575,11.565,11.565,331,0
DWAT.US,D,20201109,000000,11.68,11.68,11.45,11.45,1587,0
DWAT.US,D,20201113,000000,11.53,11.53,11.53,11.53,200,0
DWAT.US,D,20201117,000000,11.6,11.6,11.6,11.6,700,0
DWAT.US,D,20201125,000000,11.5,11.54,11.47,11.54,612,0
DWAT.US,D,20201201,000000,11.7,11.7,11.47,11.47,5514,0
DWAT.US,D,20201202,000000,11.6,11.6,11.6,11.6,440,0
DWAT.US,D,20201203,000000,11.71,11.79,11.69,11.69,2973,0
DWAT.US,D,20201211,000000,11.84,11.84,11.84,11.84,189,0
DWAT.US,D,20201214,000000,11.93,11.93,11.93,11.93,1,0
DWAT.US,D,20201217,000000,12.03,12.25,12.03,12.08,801,0
DWAT.US,D,20201218,000000,12.185,12.24,12.185,12.19,1000,0
DWAT.US,D,20201223,000000,12.12,12.18,12.12,12.1698,328,0
DWAT.US,D,20201224,000000,12.17,12.22,12.11,12.145,1043,0
DWAT.US,D,20201228,000000,12.13,12.26,12.13,12.13,702,0
DWAT.US,D,20210105,000000,12.2499,12.37,12.2,12.2,163,0
DWAT.US,D,20210106,000000,12.1501,12.4,12.1501,12.165,112,0
DWAT.US,D,20210107,000000,12.25,12.61,12.24,12.51,2742,0
DWAT.US,D,20210108,000000,12.56,12.58,12.56,12.58,521,0
DWAT.US,D,20210111,000000,12.72,12.72,12.5001,12.5407,540,0
DWAT.US,D,20210112,000000,12.6,12.6289,12.6,12.6289,288,0
DWAT.US,D,20210120,000000,12.74,12.7847,12.74,12.7847,300,0
DWAT.US,D,20210122,000000,12.72,12.7872,12.72,12.7872,287,0
DWAT.US,D,20210128,000000,12.52,12.522,12.5055,12.5055,200,0
DWAT.US,D,20210205,000000,12.69,12.69,12.69,12.69,224,0
DWAT.US,D,20210208,000000,12.74,12.74,12.74,12.74,560,0
DWAT.US,D,20210209,000000,13,13.08,13,13.08,1509,0
DWAT.US,D,20210212,000000,13.1199,13.18,13.065,13.18,1470,0
DWAT.US,D,20210218,000000,12.95,13.0282,12.95,13.0282,231,0
DWAT.US,D,20210223,000000,12.6401,12.8514,12.64,12.8514,2030,0
DWAT.US,D,20210225,000000,12.73,12.76,12.5817,12.5817,2864,0
DWAT.US,D,20210302,000000,12.82,12.8201,12.7668,12.7668,2001,0
DWAT.US,D,20210316,000000,12.975,13.03,12.975,13.03,1695,0
DWAT.US,D,20210322,000000,13.2,13.2,12.835,12.835,308,0
DWAT.US,D,20210325,000000,12.32,12.55,12.32,12.55,393,0
DWAT.US,D,20210329,000000,12.59,12.59,12.59,12.59,280,0
DWAT.US,D,20210405,000000,12.87,12.954,12.8563,12.8563,470,0
DWAT.US,D,20210414,000000,12.9299,12.9299,12.895,12.895,520,0
DWAT.US,D,20210416,000000,12.97,12.97,12.97,12.97,1484,0
DWAT.US,D,20210419,000000,12.99,13.0619,12.99,13.0619,861,0
DWAT.US,D,20210421,000000,12.97,13.0731,12.97,13.0731,600,0
DWAT.US,D,20210428,000000,13.2101,13.2858,13.2101,13.2772,615,0
DWAT.US,D,20210505,000000,13.17,13.23,13.17,13.23,1505,0
DWAT.US,D,20210506,000000,13.35,13.35,13.29,13.35,401,0
DWAT.US,D,20210512,000000,12.85,12.85,12.75,12.8425,26274,0
DWAT.US,D,20210514,000000,13.18,13.23,13.14,13.14,810,0
DWAT.US,D,20210517,000000,12.96,12.96,12.96,12.96,157,0
DWAT.US,D,20210519,000000,12.799,12.851,12.635,12.635,703,0
DWAT.US,D,20210524,000000,13.11,13.2025,13.11,13.2025,1506,0
DWAT.US,D,20210602,000000,13.399,13.399,13.322,13.3701,1917,0
DWAT.US,D,20210603,000000,13.3968,13.3968,13.31,13.3821,1235,0
DWAT.US,D,20210611,000000,13.33,13.385,13.33,13.385,388,0
DWAT.US,D,20210614,000000,13.22,13.22,13.22,13.22,171,0
DWAT.US,D,20210615,000000,13.5,13.5,13.3364,13.3511,3901,0
DWAT.US,D,20210618,000000,13.01,13.01,12.8925,12.8925,175,0
DWAT.US,D,20210629,000000,13.25,13.25,13.2468,13.2468,276,0
DWAT.US,D,20210708,000000,13.01,13.01,12.964,12.964,336,0
DWAT.US,D,20210709,000000,13.12,13.2729,13.12,13.2729,1051,0
DWAT.US,D,20210715,000000,12.92,12.99,12.92,12.99,1276,0
DWAT.US,D,20210721,000000,13,13.08,13,13.08,413,0
DWAT.US,D,20210727,000000,13.03,13.07,12.96,12.96,583,0
DWAT.US,D,20210729,000000,13.02,13.16,13.02,13.16,605,0
DWAT.US,D,20210813,000000,13.29,13.2902,13.25,13.2902,1001,0
DWAT.US,D,20210818,000000,13.22,13.22,12.97,13.0074,20154,0
DWAT.US,D,20210824,000000,13.24,13.2447,13.21,13.21,681,0
DWAT.US,D,20210825,000000,13.26,13.3085,13.23,13.3085,1658,0
DWAT.US,D,20210826,000000,13.2301,13.2301,13.2151,13.2151,1520,0
DWAT.US,D,20210827,000000,13.38,13.4399,13.38,13.3872,1044,0
DWAT.US,D,20210830,000000,13.31,13.3866,13.31,13.3866,262,0
