<TICKER>,<PER>,<DATE>,<TIME>,<OPEN>,<HIGH>,<LOW>,<CLOSE>,<VOL>,<OPENINT>
DWSH.US,D,20180712,000000,24.91,24.935,24.91,24.935,1905,0
DWSH.US,D,20180713,000000,24.948,24.948,24.948,24.948,502,0
DWSH.US,D,20180716,000000,24.905,24.975,24.885,24.895,213698,0
DWSH.US,D,20180718,000000,25.075,25.125,25.075,25.125,405,0
DWSH.US,D,20180719,000000,25.125,25.135,24.995,24.995,1102,0
DWSH.US,D,20180720,000000,25.065,25.065,25.065,25.065,100,0
DWSH.US,D,20180726,000000,25.115,25.115,25.035,25.035,678,0
DWSH.US,D,20180730,000000,24.797,24.985,24.797,24.985,300,0
DWSH.US,D,20180731,000000,24.665,24.665,24.665,24.665,546,0
DWSH.US,D,20180801,000000,24.765,24.765,24.765,24.765,1076,0
DWSH.US,D,20180802,000000,25.523,25.523,25.135,25.135,1258,0
DWSH.US,D,20180806,000000,24.765,24.765,24.698,24.73,80914,0
DWSH.US,D,20180807,000000,24.582,24.684,24.582,24.684,371,0
DWSH.US,D,20180808,000000,24.855,24.855,24.855,24.855,631,0
DWSH.US,D,20180809,000000,24.785,24.885,24.785,24.869,2606,0
DWSH.US,D,20180813,000000,25.214,25.214,25.214,25.214,531,0
DWSH.US,D,20180814,000000,25.145,25.145,24.945,24.945,832,0
DWSH.US,D,20180815,000000,25.274,25.274,25.234,25.234,29868,0
DWSH.US,D,20180816,000000,24.876,24.945,24.861,24.945,4724,0
DWSH.US,D,20180817,000000,24.835,24.835,24.835,24.835,288,0
DWSH.US,D,20180820,000000,24.785,24.901,24.735,24.735,6188,0
DWSH.US,D,20180821,000000,25.035,25.035,24.655,24.845,3591,0
DWSH.US,D,20180822,000000,24.675,24.985,24.675,24.975,16835,0
DWSH.US,D,20180823,000000,25.463,25.463,24.785,24.845,2576,0
DWSH.US,D,20180824,000000,24.835,24.885,24.835,24.885,1374,0
DWSH.US,D,20180827,000000,25.194,25.194,24.463,24.463,1245,0
DWSH.US,D,20180828,000000,24.975,24.975,24.58,24.645,8272,0
DWSH.US,D,20180829,000000,24.657,24.705,24.595,24.595,1379,0
DWSH.US,D,20180830,000000,24.715,24.837,24.715,24.837,802,0
DWSH.US,D,20180831,000000,24.787,24.793,24.787,24.793,835,0
DWSH.US,D,20180904,000000,24.965,25.095,24.965,25.015,1143,0
DWSH.US,D,20180905,000000,24.948,24.948,24.948,24.948,452,0
DWSH.US,D,20180906,000000,24.925,24.948,24.915,24.948,1829,0
DWSH.US,D,20180907,000000,25.184,25.184,24.985,24.985,1304,0
DWSH.US,D,20180910,000000,24.935,24.935,24.925,24.925,206,0
DWSH.US,D,20180911,000000,25.105,25.145,24.945,24.945,1952,0
DWSH.US,D,20180912,000000,24.955,24.955,24.955,24.955,100,0
DWSH.US,D,20180913,000000,24.844,24.844,24.844,24.844,116,0
DWSH.US,D,20180914,000000,24.722,24.785,24.636,24.695,41655,0
DWSH.US,D,20180917,000000,24.649,24.765,24.649,24.758,2728,0
DWSH.US,D,20180918,000000,24.725,24.725,24.675,24.675,7636,0
DWSH.US,D,20180919,000000,24.466,24.466,24.466,24.466,557,0
DWSH.US,D,20180920,000000,24.357,24.357,24.267,24.267,328,0
DWSH.US,D,20180921,000000,24.187,24.317,24.187,24.317,963,0
DWSH.US,D,20180924,000000,24.645,24.645,24.645,24.645,212,0
DWSH.US,D,20180925,000000,24.665,24.799,24.665,24.799,300,0
DWSH.US,D,20180926,000000,24.815,24.878,24.815,24.878,800,0
DWSH.US,D,20180927,000000,24.935,24.985,24.914,24.985,3610,0
DWSH.US,D,20180928,000000,25.303,25.303,25.012,25.065,66325,0
DWSH.US,D,20181001,000000,25.683,25.683,24.945,25.175,35442,0
DWSH.US,D,20181002,000000,25.135,25.184,25.019,25.112,23427,0
DWSH.US,D,20181003,000000,25.523,25.523,24.955,25.095,39528,0
DWSH.US,D,20181004,000000,25.333,25.413,25.125,25.313,84437,0
DWSH.US,D,20181005,000000,25.513,25.713,25.28,25.568,67762,0
DWSH.US,D,20181008,000000,26.101,26.101,25.453,25.453,31148,0
DWSH.US,D,20181009,000000,25.633,25.751,25.436,25.728,15288,0
DWSH.US,D,20181010,000000,25.783,26.353,25.783,26.353,85655,0
DWSH.US,D,20181011,000000,26.681,26.839,26.182,26.794,88746,0
DWSH.US,D,20181012,000000,26.571,27.309,26.412,26.949,70572,0
DWSH.US,D,20181015,000000,27.399,27.429,26.481,26.591,74273,0
DWSH.US,D,20181016,000000,26.77,26.77,26.331,26.531,19132,0
DWSH.US,D,20181017,000000,26.681,26.681,26.121,26.121,13152,0
DWSH.US,D,20181018,000000,26.131,26.879,26.131,26.571,29863,0
DWSH.US,D,20181019,000000,26.581,27.049,26.311,27.049,57291,0
DWSH.US,D,20181022,000000,27.339,27.359,26.541,27.179,21701,0
DWSH.US,D,20181023,000000,27.577,28.215,27.348,27.429,27281,0
DWSH.US,D,20181024,000000,28.625,29.758,27.429,28.455,58084,0
DWSH.US,D,20181025,000000,29.025,29.423,27.827,28.037,31284,0
DWSH.US,D,20181026,000000,29.243,29.243,28.027,28.489,39571,0
DWSH.US,D,20181029,000000,28.485,28.975,27.777,28.724,48655,0
DWSH.US,D,20181030,000000,29.513,29.513,28.127,28.127,33378,0
DWSH.US,D,20181031,000000,27.399,27.997,26.79,27.902,30315,0
DWSH.US,D,20181101,000000,27.528,27.818,26.631,26.631,40850,0
DWSH.US,D,20181102,000000,26.231,27.129,26.231,26.892,49286,0
DWSH.US,D,20181105,000000,26.839,26.891,26.621,26.681,11643,0
DWSH.US,D,20181106,000000,26.979,26.979,26.571,26.681,25894,0
DWSH.US,D,20181107,000000,26.088,26.869,25.933,26.141,113261,0
DWSH.US,D,20181108,000000,26.531,26.78,26.472,26.701,10908,0
DWSH.US,D,20181109,000000,27.029,27.331,26.988,27.139,16779,0
DWSH.US,D,20181112,000000,27.314,27.647,27.314,27.618,28163,0
DWSH.US,D,20181113,000000,28.306,28.306,27.069,27.636,28645,0
DWSH.US,D,20181114,000000,27.597,27.677,27.079,27.349,46745,0
DWSH.US,D,20181115,000000,27.225,27.815,27.124,27.379,23360,0
DWSH.US,D,20181116,000000,27.927,27.959,27.149,27.384,9429,0
DWSH.US,D,20181119,000000,27.508,27.737,27.133,27.737,11941,0
DWSH.US,D,20181120,000000,27.927,28.207,27.687,28.077,221655,0
DWSH.US,D,20181121,000000,27.897,27.897,27.415,27.59,11533,0
DWSH.US,D,20181123,000000,27.893,27.893,27.389,27.518,6686,0
DWSH.US,D,20181126,000000,27.847,27.847,26.976,27.055,27210,0
DWSH.US,D,20181127,000000,27.607,27.607,27.229,27.239,4241,0
DWSH.US,D,20181128,000000,26.889,27.518,26.691,26.755,14345,0
DWSH.US,D,20181129,000000,26.76,27.019,26.471,26.621,11557,0
DWSH.US,D,20181130,000000,26.631,26.817,26.631,26.77,2010,0
DWSH.US,D,20181203,000000,26.431,26.431,26.131,26.281,16427,0
DWSH.US,D,20181204,000000,26.501,27.518,26.473,27.518,54321,0
DWSH.US,D,20181206,000000,27.627,28.435,27.627,27.877,109292,0
DWSH.US,D,20181207,000000,27.588,28.505,27.588,28.505,8819,0
DWSH.US,D,20181210,000000,28.905,29.188,28.315,28.769,21534,0
DWSH.US,D,20181211,000000,29.203,29.513,28.227,28.795,19627,0
DWSH.US,D,20181212,000000,28.815,28.815,28.187,28.515,35454,0
DWSH.US,D,20181213,000000,28.695,29.193,28.481,29.193,15899,0
DWSH.US,D,20181214,000000,29.793,29.793,29.183,29.625,26750,0
DWSH.US,D,20181217,000000,29.813,30.071,29.278,30.071,40387,0
DWSH.US,D,20181218,000000,30.051,30.121,29.493,30.021,76049,0
DWSH.US,D,20181219,000000,30.131,30.875,29.663,30.679,41840,0
DWSH.US,D,20181220,000000,31.069,31.447,30.521,31.169,97648,0
DWSH.US,D,20181221,000000,31.358,32.162,30.979,32.017,111037,0
DWSH.US,D,20181224,000000,32.685,33.981,31.817,32.635,64182,0
DWSH.US,D,20181226,000000,32.735,32.735,30.919,30.989,62236,0
DWSH.US,D,20181227,000000,31.978,32.657,30.919,30.919,42910,0
DWSH.US,D,20181228,000000,30.919,31.996,29.9,31.019,148979,0
DWSH.US,D,20181231,000000,30.06,31.059,30.06,30.53,21487,0
DWSH.US,D,20190102,000000,30.959,31.126,29.731,30.12,116908,0
DWSH.US,D,20190103,000000,30.16,30.729,29.821,30.36,30344,0
DWSH.US,D,20190104,000000,29.461,29.673,28.662,28.898,40215,0
DWSH.US,D,20190107,000000,28.962,29.032,27.862,28.223,80520,0
DWSH.US,D,20190108,000000,28.143,29.751,27.244,27.713,74701,0
DWSH.US,D,20190109,000000,27.374,27.603,27.034,27.095,17957,0
DWSH.US,D,20190110,000000,27.563,27.593,27.034,27.044,9988,0
DWSH.US,D,20190111,000000,27.034,27.264,26.855,26.892,39745,0
DWSH.US,D,20190114,000000,27.633,28.844,26.86,26.963,18298,0
DWSH.US,D,20190115,000000,27.494,28.841,26.785,26.924,33095,0
DWSH.US,D,20190116,000000,26.964,26.965,26.545,26.74,32034,0
DWSH.US,D,20190117,000000,27.214,27.414,26.275,26.345,29430,0
DWSH.US,D,20190118,000000,26.685,26.685,25.646,25.726,135431,0
DWSH.US,D,20190122,000000,25.996,26.525,25.836,26.465,33003,0
DWSH.US,D,20190123,000000,26.335,26.875,26.335,26.735,19111,0
DWSH.US,D,20190124,000000,26.984,26.984,26.217,26.375,21434,0
DWSH.US,D,20190125,000000,26.075,26.315,25.698,25.856,9458,0
DWSH.US,D,20190128,000000,25.816,26.255,25.816,25.926,55103,0
DWSH.US,D,20190129,000000,26.046,26.046,25.842,25.916,7518,0
DWSH.US,D,20190130,000000,25.756,25.867,25.516,25.611,19043,0
DWSH.US,D,20190131,000000,26.12,26.12,25.386,25.431,22694,0
DWSH.US,D,20190201,000000,25.556,25.556,25.306,25.386,18072,0
DWSH.US,D,20190204,000000,25.546,25.546,25.247,25.416,2921,0
DWSH.US,D,20190205,000000,25.496,25.496,25.067,25.167,25737,0
DWSH.US,D,20190206,000000,25.057,25.247,25.057,25.197,3726,0
DWSH.US,D,20190207,000000,25.277,25.836,25.277,25.836,38990,0
DWSH.US,D,20190208,000000,25.576,25.945,25.506,25.676,6220,0
DWSH.US,D,20190211,000000,25.456,25.516,25.359,25.386,5867,0
DWSH.US,D,20190212,000000,25.107,25.107,24.687,24.827,15580,0
DWSH.US,D,20190213,000000,24.687,24.715,24.518,24.617,3316,0
DWSH.US,D,20190214,000000,24.627,24.767,24.547,24.587,4431,0
DWSH.US,D,20190215,000000,24.657,24.657,24.298,24.368,19812,0
DWSH.US,D,20190219,000000,24.258,24.378,24.098,24.118,12739,0
DWSH.US,D,20190220,000000,24.078,24.15,23.958,24.018,21682,0
DWSH.US,D,20190221,000000,23.957,24.308,23.957,24.248,6094,0
DWSH.US,D,20190222,000000,24.098,24.198,24.008,24.023,74065,0
DWSH.US,D,20190225,000000,23.978,23.978,23.749,23.935,10157,0
DWSH.US,D,20190226,000000,23.928,24.168,23.838,24.168,8500,0
DWSH.US,D,20190227,000000,24.118,24.378,24.118,24.257,8879,0
DWSH.US,D,20190228,000000,24.478,24.478,24.398,24.421,28938,0
DWSH.US,D,20190301,000000,24.208,24.348,24.128,24.298,7056,0
DWSH.US,D,20190304,000000,24.028,24.787,24.028,24.358,67442,0
DWSH.US,D,20190305,000000,24.438,24.472,24.348,24.472,9183,0
DWSH.US,D,20190306,000000,24.637,24.887,24.637,24.851,5337,0
DWSH.US,D,20190307,000000,25.087,25.406,25.087,25.299,24074,0
DWSH.US,D,20190308,000000,25.651,25.666,25.406,25.406,42124,0
DWSH.US,D,20190311,000000,25.516,25.516,24.967,24.992,13578,0
DWSH.US,D,20190312,000000,24.977,25.001,24.877,24.877,4230,0
DWSH.US,D,20190313,000000,24.785,24.785,24.672,24.715,11954,0
DWSH.US,D,20190314,000000,24.737,24.977,24.737,24.977,2514,0
DWSH.US,D,20190315,000000,24.857,24.861,24.727,24.826,10793,0
DWSH.US,D,20190318,000000,24.647,24.757,24.528,24.528,6734,0
DWSH.US,D,20190319,000000,24.368,24.747,24.328,24.712,14542,0
DWSH.US,D,20190320,000000,24.714,25.127,24.656,24.745,222933,0
DWSH.US,D,20190321,000000,24.837,24.886,24.498,24.524,15419,0
DWSH.US,D,20190322,000000,24.817,25.481,24.538,25.416,44070,0
DWSH.US,D,20190325,000000,25.506,25.695,25.287,25.458,9318,0
DWSH.US,D,20190326,000000,25.227,25.373,25.017,25.366,7394,0
DWSH.US,D,20190327,000000,25.224,25.416,25.157,25.257,8396,0
DWSH.US,D,20190328,000000,25.117,25.167,24.992,25.027,8711,0
DWSH.US,D,20190329,000000,24.687,24.877,24.687,24.745,6947,0
DWSH.US,D,20190401,000000,24.597,24.597,24.278,24.293,12464,0
DWSH.US,D,20190402,000000,24.349,24.448,24.188,24.349,6344,0
DWSH.US,D,20190403,000000,24.208,24.238,24.028,24.238,10526,0
DWSH.US,D,20190404,000000,24.188,24.188,23.968,23.988,13516,0
DWSH.US,D,20190405,000000,23.888,23.888,23.509,23.578,9117,0
DWSH.US,D,20190408,000000,23.729,23.729,23.469,23.519,8494,0
DWSH.US,D,20190409,000000,23.659,24.019,23.659,24.004,7910,0
DWSH.US,D,20190410,000000,23.964,23.964,23.669,23.669,4489,0
DWSH.US,D,20190411,000000,23.673,23.808,23.569,23.693,6218,0
DWSH.US,D,20190412,000000,23.549,23.549,23.089,23.288,18260,0
DWSH.US,D,20190415,000000,23.369,23.369,23.189,23.269,13132,0
DWSH.US,D,20190416,000000,23.273,23.377,23.099,23.107,7393,0
DWSH.US,D,20190417,000000,23.049,23.197,23.02,23.197,8436,0
DWSH.US,D,20190418,000000,23.229,23.229,23.099,23.12,3564,0
DWSH.US,D,20190422,000000,23.419,23.419,23.179,23.179,5412,0
DWSH.US,D,20190423,000000,23.189,23.278,22.98,23.099,11844,0
DWSH.US,D,20190424,000000,23.119,23.169,22.91,23.124,23691,0
DWSH.US,D,20190425,000000,23.469,23.689,23.469,23.689,37573,0
DWSH.US,D,20190426,000000,23.719,23.719,23.605,23.605,35683,0
DWSH.US,D,20190429,000000,23.559,23.559,23.369,23.369,8658,0
DWSH.US,D,20190430,000000,23.469,23.769,23.469,23.678,10322,0
DWSH.US,D,20190501,000000,23.664,23.758,23.634,23.718,3580,0
DWSH.US,D,20190502,000000,23.908,24.297,23.908,24.168,10251,0
DWSH.US,D,20190503,000000,23.916,23.916,23.692,23.699,8263,0
DWSH.US,D,20190506,000000,24.478,24.478,23.739,23.788,17657,0
DWSH.US,D,20190507,000000,24.228,24.458,24.118,24.342,13605,0
DWSH.US,D,20190508,000000,24.248,24.274,24.156,24.243,6359,0
DWSH.US,D,20190509,000000,24.677,24.827,24.368,24.487,82182,0
DWSH.US,D,20190510,000000,24.665,24.937,24.401,24.518,7718,0
DWSH.US,D,20190513,000000,24.937,25.466,24.937,25.338,51187,0
DWSH.US,D,20190514,000000,25.436,25.436,24.889,25.017,11288,0
DWSH.US,D,20190515,000000,25.207,25.279,24.86,24.863,6017,0
DWSH.US,D,20190516,000000,24.827,24.917,24.687,24.917,10335,0
DWSH.US,D,20190517,000000,25.097,25.306,24.967,25.227,17496,0
DWSH.US,D,20190520,000000,25.586,25.606,25.485,25.586,11038,0
DWSH.US,D,20190521,000000,25.406,25.476,25.122,25.122,9800,0
DWSH.US,D,20190522,000000,25.336,25.641,25.336,25.6,4687,0
DWSH.US,D,20190523,000000,25.896,26.355,25.896,26.265,41399,0
DWSH.US,D,20190524,000000,26.165,26.345,26.046,26.205,11053,0
DWSH.US,D,20190528,000000,26.305,26.625,26.165,26.625,29432,0
DWSH.US,D,20190529,000000,26.894,27.084,26.72,26.775,66155,0
DWSH.US,D,20190530,000000,26.785,27.074,26.547,27.074,15726,0
DWSH.US,D,20190531,000000,27.354,27.588,27.324,27.534,69518,0
DWSH.US,D,20190603,000000,28.053,28.053,26.994,27.114,49828,0
DWSH.US,D,20190604,000000,27.044,27.044,26.006,26.006,37780,0
DWSH.US,D,20190605,000000,25.846,26.595,25.846,26.245,36989,0
DWSH.US,D,20190606,000000,26.295,26.514,26.111,26.158,20389,0
DWSH.US,D,20190607,000000,25.966,26.358,25.958,26.085,31107,0
DWSH.US,D,20190610,000000,25.636,25.985,25.567,25.926,18783,0
DWSH.US,D,20190611,000000,25.746,25.866,25.486,25.83,124110,0
DWSH.US,D,20190612,000000,26.026,26.315,26.026,26.245,73922,0
DWSH.US,D,20190613,000000,26.065,26.065,25.786,25.786,7365,0
DWSH.US,D,20190614,000000,25.946,26.153,25.896,26.086,20000,0
DWSH.US,D,20190617,000000,26.763,26.763,25.876,26.025,39918,0
DWSH.US,D,20190618,000000,25.816,25.817,25.326,25.576,24862,0
DWSH.US,D,20190619,000000,25.651,25.706,25.566,25.676,16547,0
DWSH.US,D,20190620,000000,25.526,25.536,25.077,25.466,30507,0
DWSH.US,D,20190621,000000,25.087,25.596,25.087,25.416,9368,0
DWSH.US,D,20190624,000000,25.6,25.72,25.541,25.72,4363,0
DWSH.US,D,20190625,000000,25.866,25.866,25.756,25.826,5823,0
DWSH.US,D,20190626,000000,25.566,25.566,25.446,25.546,2375,0
DWSH.US,D,20190627,000000,25.424,25.424,25.316,25.326,1583,0
DWSH.US,D,20190628,000000,25.257,25.257,24.917,24.977,10523,0
DWSH.US,D,20190701,000000,24.727,24.927,24.448,24.907,28255,0
DWSH.US,D,20190702,000000,25.027,25.267,25.027,25.217,5551,0
DWSH.US,D,20190703,000000,24.997,24.997,24.997,24.997,592,0
DWSH.US,D,20190705,000000,25.237,25.237,24.927,25.147,6924,0
DWSH.US,D,20190708,000000,25.057,25.259,24.957,25.247,3681,0
DWSH.US,D,20190709,000000,25.037,25.465,25.037,25.336,13487,0
DWSH.US,D,20190710,000000,25.217,25.364,25.057,25.117,8510,0
DWSH.US,D,20190711,000000,25.326,25.367,25.128,25.257,31741,0
DWSH.US,D,20190712,000000,25.346,25.346,24.867,24.947,12498,0
DWSH.US,D,20190715,000000,25.077,25.187,24.881,25.111,4326,0
DWSH.US,D,20190716,000000,25.209,25.216,25.024,25.182,2485,0
DWSH.US,D,20190717,000000,25.365,25.606,25.365,25.596,33893,0
DWSH.US,D,20190718,000000,25.746,25.751,25.526,25.576,7907,0
DWSH.US,D,20190719,000000,25.531,25.536,25.406,25.441,7438,0
DWSH.US,D,20190722,000000,25.466,25.598,25.336,25.576,12050,0
DWSH.US,D,20190723,000000,25.606,25.606,25.152,25.155,24331,0
DWSH.US,D,20190724,000000,25.187,25.187,24.849,24.849,11475,0
DWSH.US,D,20190725,000000,24.947,25.416,24.947,25.416,14763,0
DWSH.US,D,20190726,000000,25.346,25.346,25.187,25.235,9174,0
DWSH.US,D,20190729,000000,25.356,25.555,25.237,25.366,7071,0
DWSH.US,D,20190730,000000,25.614,25.696,24.977,24.977,10625,0
DWSH.US,D,20190731,000000,25.112,25.386,24.987,25.215,23241,0
DWSH.US,D,20190801,000000,25.476,26.295,25.446,26.205,95771,0
DWSH.US,D,20190802,000000,26.355,26.697,26.205,26.45,50867,0
DWSH.US,D,20190805,000000,26.854,27.494,26.854,27.314,133659,0
DWSH.US,D,20190806,000000,27.254,27.653,26.814,27.223,28393,0
DWSH.US,D,20190807,000000,27.264,27.573,27.051,27.117,50725,0
DWSH.US,D,20190808,000000,26.685,26.884,26.485,26.698,48448,0
DWSH.US,D,20190809,000000,27.234,27.354,27.054,27.318,18644,0
DWSH.US,D,20190812,000000,27.244,27.893,27.244,27.893,22396,0
DWSH.US,D,20190813,000000,27.893,27.893,26.894,27.434,143488,0
DWSH.US,D,20190814,000000,27.803,28.702,27.803,28.542,49107,0
DWSH.US,D,20190815,000000,28.75,29.251,28.652,29.032,74226,0
DWSH.US,D,20190816,000000,28.821,28.962,28.273,28.426,9639,0
DWSH.US,D,20190819,000000,27.593,27.943,27.593,27.729,24728,0
DWSH.US,D,20190820,000000,27.603,28.183,27.603,28.063,5104,0
DWSH.US,D,20190821,000000,27.733,27.962,27.733,27.853,3742,0
DWSH.US,D,20190822,000000,27.906,28.073,27.733,27.913,38199,0
DWSH.US,D,20190823,000000,28.402,29.249,28.223,29.249,33775,0
DWSH.US,D,20190826,000000,29.101,29.191,28.932,29.032,21737,0
DWSH.US,D,20190827,000000,28.762,29.561,28.692,29.541,22922,0
DWSH.US,D,20190828,000000,29.801,29.801,28.882,29.009,50775,0
DWSH.US,D,20190829,000000,28.892,28.892,28.332,28.427,42750,0
DWSH.US,D,20190830,000000,28.342,28.542,28.193,28.382,35828,0
DWSH.US,D,20190903,000000,28.745,29.109,28.707,28.842,20866,0
DWSH.US,D,20190904,000000,28.762,28.762,28.023,28.099,63286,0
DWSH.US,D,20190905,000000,28.003,28.003,27.064,27.079,21578,0
DWSH.US,D,20190906,000000,27.204,27.295,27.054,27.254,7703,0
DWSH.US,D,20190909,000000,27.004,27.004,25.846,25.916,53609,0
DWSH.US,D,20190910,000000,26.235,26.235,25.217,25.217,43946,0
DWSH.US,D,20190911,000000,25.336,25.336,24.767,24.767,44556,0
DWSH.US,D,20190912,000000,24.877,25.288,24.877,24.977,154779,0
DWSH.US,D,20190913,000000,24.767,25.07,24.557,24.912,20839,0
DWSH.US,D,20190916,000000,24.967,24.967,24.188,24.198,21524,0
DWSH.US,D,20190917,000000,24.747,24.967,24.687,24.967,5780,0
DWSH.US,D,20190918,000000,25.057,25.375,25.057,25.127,14721,0
DWSH.US,D,20190919,000000,25.067,25.346,25.037,25.267,27929,0
DWSH.US,D,20190920,000000,25.366,25.566,25.187,25.396,17370,0
DWSH.US,D,20190923,000000,25.516,25.565,25.298,25.41,13084,0
DWSH.US,D,20190924,000000,25.556,26.61,25.425,26.095,34473,0
DWSH.US,D,20190925,000000,26.355,26.355,25.746,25.761,28855,0
DWSH.US,D,20190926,000000,26.075,26.334,26.075,26.125,10399,0
DWSH.US,D,20190927,000000,25.856,26.206,25.796,26.125,18045,0
DWSH.US,D,20190930,000000,25.886,26.085,25.886,25.906,45044,0
DWSH.US,D,20191001,000000,25.906,26.854,25.556,26.665,114672,0
DWSH.US,D,20191002,000000,26.834,27.454,26.834,27.374,295577,0
DWSH.US,D,20191003,000000,27.414,27.843,27.044,27.044,57744,0
DWSH.US,D,20191004,000000,27.114,27.417,26.964,27.044,17817,0
DWSH.US,D,20191007,000000,27.134,27.164,26.715,27.094,18666,0
DWSH.US,D,20191008,000000,27.474,27.773,27.384,27.763,40199,0
DWSH.US,D,20191009,000000,27.653,27.757,27.484,27.633,34238,0
DWSH.US,D,20191010,000000,27.813,27.813,27.225,27.334,13265,0
DWSH.US,D,20191011,000000,27.264,27.264,26.275,26.475,87322,0
DWSH.US,D,20191014,000000,26.635,27.164,26.615,26.755,20229,0
DWSH.US,D,20191015,000000,26.814,26.814,26.105,26.385,15343,0
DWSH.US,D,20191016,000000,26.305,26.445,26.046,26.365,8146,0
DWSH.US,D,20191017,000000,26.385,26.385,26.151,26.285,27885,0
DWSH.US,D,20191018,000000,26.445,26.615,26.265,26.485,18145,0
DWSH.US,D,20191021,000000,26.455,26.455,25.996,26.175,10913,0
DWSH.US,D,20191022,000000,26.175,26.175,25.486,25.635,11924,0
DWSH.US,D,20191023,000000,25.776,25.806,25.354,25.476,9945,0
DWSH.US,D,20191024,000000,25.586,25.886,25.586,25.716,7018,0
DWSH.US,D,20191025,000000,25.716,25.716,25.219,25.237,6035,0
DWSH.US,D,20191028,000000,25.277,25.277,24.907,25.187,86043,0
DWSH.US,D,20191029,000000,25.097,25.541,25.097,25.466,11536,0
DWSH.US,D,20191030,000000,25.402,25.706,25.402,25.656,4706,0
DWSH.US,D,20191031,000000,25.526,26.227,25.526,25.876,20592,0
DWSH.US,D,20191101,000000,25.666,25.666,25.107,25.117,21149,0
DWSH.US,D,20191104,000000,25.027,25.027,24.288,24.288,42235,0
DWSH.US,D,20191105,000000,24.008,24.138,23.808,24.088,561429,0
DWSH.US,D,20191106,000000,24.158,24.617,24.158,24.617,57476,0
DWSH.US,D,20191107,000000,24.068,24.318,24.068,24.258,34382,0
DWSH.US,D,20191108,000000,24.454,24.577,24.041,24.086,9935,0
DWSH.US,D,20191111,000000,24.468,24.468,24.237,24.308,5167,0
DWSH.US,D,20191112,000000,24.258,24.433,24.006,24.362,25921,0
DWSH.US,D,20191113,000000,24.767,24.768,24.508,24.712,20352,0
DWSH.US,D,20191114,000000,24.597,24.77,24.567,24.707,13257,0
DWSH.US,D,20191115,000000,24.538,24.597,24.334,24.428,24824,0
DWSH.US,D,20191118,000000,24.398,24.838,24.378,24.697,23602,0
DWSH.US,D,20191119,000000,24.597,25.166,24.597,25.017,10995,0
DWSH.US,D,20191120,000000,25.241,25.356,24.997,25.149,21872,0
DWSH.US,D,20191121,000000,25.177,25.206,24.997,25.077,29995,0
DWSH.US,D,20191122,000000,24.953,24.987,24.671,24.747,21841,0
DWSH.US,D,20191125,000000,24.657,24.657,24.088,24.289,46258,0
DWSH.US,D,20191126,000000,24.438,24.547,24.303,24.489,23990,0
DWSH.US,D,20191127,000000,24.488,24.488,24.238,24.248,54440,0
DWSH.US,D,20191129,000000,24.318,24.498,24.318,24.398,7160,0
DWSH.US,D,20191202,000000,24.408,24.906,24.398,24.647,79270,0
DWSH.US,D,20191203,000000,25.217,25.366,25.002,25.047,43185,0
DWSH.US,D,20191204,000000,24.967,24.967,24.435,24.567,30076,0
DWSH.US,D,20191205,000000,24.368,24.727,24.358,24.707,32615,0
DWSH.US,D,20191206,000000,24.468,24.508,24.098,24.198,95720,0
DWSH.US,D,20191209,000000,24.158,24.158,23.862,23.988,17434,0
DWSH.US,D,20191210,000000,24.078,24.087,23.918,24.038,8306,0
DWSH.US,D,20191211,000000,23.978,24.013,23.844,23.944,9309,0
DWSH.US,D,20191212,000000,23.868,23.868,23.27,23.279,68150,0
DWSH.US,D,20191213,000000,23.319,23.606,23.093,23.509,25725,0
DWSH.US,D,20191216,000000,23.309,23.431,23.111,23.389,71885,0
DWSH.US,D,20191217,000000,23.339,23.349,23.229,23.229,12341,0
DWSH.US,D,20191218,000000,23.199,23.239,23.057,23.069,13400,0
DWSH.US,D,20191219,000000,23.059,23.059,22.98,23,14807,0
DWSH.US,D,20191220,000000,22.97,23.029,22.97,23.02,6514,0
DWSH.US,D,20191223,000000,22.96,23.01,22.68,22.68,9062,0
DWSH.US,D,20191224,000000,22.72,22.72,22.6,22.69,13299,0
DWSH.US,D,20191226,000000,22.69,22.706,22.47,22.65,54962,0
DWSH.US,D,20191227,000000,22.44,22.8565,22.44,22.82,58813,0
DWSH.US,D,20191230,000000,22.72,23.03,22.72,22.9766,135461,0
DWSH.US,D,20191231,000000,23.01,23.2,22.7737,22.815,30785,0
DWSH.US,D,20200102,000000,22.75,23.0599,22.69,22.96,18826,0
DWSH.US,D,20200103,000000,22.9,23.22,22.9,23.085,24115,0
DWSH.US,D,20200106,000000,23.18,23.25,22.7915,22.7976,14107,0
DWSH.US,D,20200107,000000,22.9,22.94,22.71,22.82,15646,0
DWSH.US,D,20200108,000000,22.82,22.92,22.82,22.88,76351,0
DWSH.US,D,20200109,000000,22.88,23.5,22.88,22.915,19291,0
DWSH.US,D,20200110,000000,23.13,23.18,22.98,23.15,39661,0
DWSH.US,D,20200113,000000,23.2145,23.2145,23.02,23.05,4873,0
DWSH.US,D,20200114,000000,23.0371,23.0371,22.645,22.78,21984,0
DWSH.US,D,20200115,000000,22.85,22.92,22.6,22.86,21405,0
DWSH.US,D,20200116,000000,22.63,22.63,22.47,22.59,21187,0
DWSH.US,D,20200117,000000,22.46,22.7225,22.4401,22.7,31014,0
DWSH.US,D,20200121,000000,22.78,23.07,22.78,23.07,22012,0
DWSH.US,D,20200122,000000,22.9967,23.2,22.95,23.17,12189,0
DWSH.US,D,20200123,000000,23.33,23.559,23.23,23.28,28389,0
DWSH.US,D,20200124,000000,23.2,24.02,23.2,23.69,280709,0
DWSH.US,D,20200127,000000,24.68,24.68,24.1301,24.29,56503,0
DWSH.US,D,20200128,000000,24.1,24.2234,24.0076,24.065,29103,0
DWSH.US,D,20200129,000000,23.93,24.2,23.87,24.1636,33972,0
DWSH.US,D,20200130,000000,24.26,24.56,24.2049,24.25,79742,0
DWSH.US,D,20200131,000000,24.22,24.79,24.22,24.66,53298,0
DWSH.US,D,20200203,000000,24.5648,24.65,24.38,24.5648,58573,0
DWSH.US,D,20200204,000000,24.4,24.4,23.85,24.14,44481,0
DWSH.US,D,20200205,000000,24.02,24.02,23.3,23.32,100592,0
DWSH.US,D,20200206,000000,23.33,23.5,23.17,23.5,7367,0
DWSH.US,D,20200207,000000,23.765,23.915,23.71,23.91,27582,0
DWSH.US,D,20200210,000000,24.03,24.08,23.9012,24.08,78404,0
DWSH.US,D,20200211,000000,23.97,23.98,23.6,23.76,48067,0
DWSH.US,D,20200212,000000,23.34,23.6072,23.34,23.42,11236,0
DWSH.US,D,20200213,000000,24.05,24.05,23.6333,23.75,249803,0
DWSH.US,D,20200214,000000,23.69,23.9,23.6419,23.86,54518,0
DWSH.US,D,20200218,000000,23.98,24.1676,23.9072,23.955,26496,0
DWSH.US,D,20200219,000000,23.92,23.92,23.6307,23.695,26442,0
DWSH.US,D,20200220,000000,23.9,23.9,23.55,23.75,64984,0
DWSH.US,D,20200221,000000,23.71,24.17,23.71,24.11,95959,0
DWSH.US,D,20200224,000000,25.182,25.182,24.6788,24.88,244526,0
DWSH.US,D,20200225,000000,25.01,26.09,24.86,25.87,205703,0
DWSH.US,D,20200226,000000,26,26.706,25.6901,26.62,244866,0
DWSH.US,D,20200227,000000,27.4,28.04,26.62,27.655,278700,0
DWSH.US,D,20200228,000000,28.67,28.98,27.4101,27.5,461848,0
DWSH.US,D,20200302,000000,27.5,28.42,27.32,27.4,339528,0
DWSH.US,D,20200303,000000,27.55,28.44,26.75,28.13,581831,0
DWSH.US,D,20200304,000000,27.95,28.1137,27.53,27.564,177942,0
DWSH.US,D,20200305,000000,28.49,28.93,28.16,28.68,57879,0
DWSH.US,D,20200306,000000,29.68,30,28.95,29.87,209376,0
DWSH.US,D,20200309,000000,32.55,33.82,30.81,33.69,275878,0
DWSH.US,D,20200310,000000,31.13,34.5,30.99,32.21,635585,0
DWSH.US,D,20200311,000000,33.51,35,33.22,34.77,220809,0
DWSH.US,D,20200312,000000,39.81,41.0899,36.193,38.1,333862,0
DWSH.US,D,20200313,000000,34.27,39.08,33.931,35.7995,752918,0
DWSH.US,D,20200316,000000,40.1,40.1,36.6652,39.32,333402,0
DWSH.US,D,20200317,000000,38.4,40.75,37.83,39.12,292121,0
DWSH.US,D,20200318,000000,43,44.57,40.7328,43.135,486504,0
DWSH.US,D,20200319,000000,45.92,45.92,37.71,39.5001,413989,0
DWSH.US,D,20200320,000000,38.2,40.3488,35.89,40.12,688222,0
DWSH.US,D,20200323,000000,41.21,42.84,39.01,41.2,431360,0
DWSH.US,D,20200324,000000,38.57,38.9423,35.38,35.57,279940,0
DWSH.US,D,20200325,000000,35.07,37.01,33.08,34.88,371344,0
DWSH.US,D,20200326,000000,33.89,34.851,32.74,33.73,188009,0
DWSH.US,D,20200327,000000,35.2,35.8,34.1,35,283900,0
DWSH.US,D,20200330,000000,35.39,36.25,34.925,35.19,347720,0
DWSH.US,D,20200331,000000,35.87,36.05,34.6,35.57,367717,0
DWSH.US,D,20200401,000000,37.34,37.82,36.33,37.64,833421,0
DWSH.US,D,20200402,000000,37.99,38,35.2,37.06,334851,0
DWSH.US,D,20200403,000000,37.04,37.999,36.4416,36.95,395325,0
DWSH.US,D,20200406,000000,36,36.0001,33.8,34.1,336714,0
DWSH.US,D,20200407,000000,32.27,32.43,30.64,32.36,603755,0
DWSH.US,D,20200408,000000,31.92,32.25,30.7,30.9,489322,0
DWSH.US,D,20200409,000000,30.7,30.832,27.5,28.64,1061424,0
DWSH.US,D,20200413,000000,29.01,30.64,29.01,30,358877,0
DWSH.US,D,20200414,000000,28.71,30.15,28.71,29.7,224569,0
DWSH.US,D,20200415,000000,31.3,31.94,30.6801,31.25,240941,0
DWSH.US,D,20200416,000000,31.6,32.455,31.25,32.42,282498,0
DWSH.US,D,20200417,000000,30.48,30.85,29.05,29.89,254852,0
DWSH.US,D,20200420,000000,30.68,31.58,29.4105,30.38,279683,0
DWSH.US,D,20200421,000000,31.72,31.85,30.51,31.1,225117,0
DWSH.US,D,20200422,000000,30,30.7,29.6956,30.36,139938,0
DWSH.US,D,20200423,000000,30.19,30.22,28.91,29.71,340207,0
DWSH.US,D,20200424,000000,29.5,29.98,28.91,29.46,241281,0
DWSH.US,D,20200427,000000,28.84,29.5,27.47,27.67,196418,0
DWSH.US,D,20200428,000000,26.9,27.68,26.31,26.88,327954,0
DWSH.US,D,20200429,000000,26.24,26.25,24.25,24.29,443941,0
DWSH.US,D,20200430,000000,24.6,25.54,24.6,25.14,221500,0
DWSH.US,D,20200501,000000,26.16,26.86,25.7,26.7,431291,0
DWSH.US,D,20200504,000000,27.69,27.8597,26.21,26.36,204902,0
DWSH.US,D,20200505,000000,25.81,26.5799,24.9,26.5,239872,0
DWSH.US,D,20200506,000000,26.08,27.21,26.08,27.16,113259,0
DWSH.US,D,20200507,000000,26.7,26.71,26,26.61,220624,0
DWSH.US,D,20200508,000000,26.01,26.19,24.75,24.85,184811,0
DWSH.US,D,20200511,000000,25,25.9896,25,25.65,176522,0
DWSH.US,D,20200512,000000,25.65,26.67,25.2,26.67,568184,0
DWSH.US,D,20200513,000000,27,28.61,27,28.3,771895,0
DWSH.US,D,20200514,000000,29.37,29.9,27.3201,27.75,677039,0
DWSH.US,D,20200515,000000,28.15,28.198,27.03,27.46,181649,0
DWSH.US,D,20200518,000000,25.8,25.8,24.1,24.24,417843,0
DWSH.US,D,20200519,000000,24.25,25.13,24.185,25.13,207079,0
DWSH.US,D,20200520,000000,24.3,24.3899,23.94,24.17,259771,0
DWSH.US,D,20200521,000000,23.8,24.36,23.75,24.07,297501,0
DWSH.US,D,20200522,000000,23.77,24.84,23.77,24.36,135021,0
DWSH.US,D,20200526,000000,23.31,23.62,22.25,22.5486,345624,0
DWSH.US,D,20200527,000000,21.83,22.61,21.29,21.29,359317,0
DWSH.US,D,20200528,000000,21.27,22.28,21.25,22.28,247122,0
DWSH.US,D,20200529,000000,22.3,23.08,22.3,22.81,221898,0
DWSH.US,D,20200601,000000,23.08,23.08,21.9,22.06,106046,0
DWSH.US,D,20200602,000000,22.06,22.06,21.33,21.51,245441,0
DWSH.US,D,20200603,000000,21,21.12,19.799,19.8,418053,0
DWSH.US,D,20200604,000000,20.2,20.285,18.9301,18.985,350652,0
DWSH.US,D,20200605,000000,17.06,17.41,16.64,17.1,650410,0
DWSH.US,D,20200608,000000,16.5,16.54,15.5002,15.71,1126804,0
DWSH.US,D,20200609,000000,16.39,16.96,16.39,16.759,274254,0
DWSH.US,D,20200610,000000,16.9,17.99,16.9,17.84,424212,0
DWSH.US,D,20200611,000000,19.45,19.8,18.7901,19.7,555350,0
DWSH.US,D,20200612,000000,18.58,19.47,18.06,18.67,463344,0
DWSH.US,D,20200615,000000,19.47,19.8099,18.2001,18.46,253430,0
DWSH.US,D,20200616,000000,17.04,18.225,17.01,17.83,355273,0
DWSH.US,D,20200617,000000,17.83,18.55,17.83,18.5,277869,0
DWSH.US,D,20200618,000000,18.81,18.9057,18.12,18.5,467786,0
DWSH.US,D,20200619,000000,18.12,19.05,18.01,18.89,617988,0
DWSH.US,D,20200622,000000,19.01,19.25,18.82,18.9,111645,0
DWSH.US,D,20200623,000000,18.66,18.9193,18.5,18.72,186238,0
DWSH.US,D,20200624,000000,19.02,20.11,19.02,19.83,474219,0
DWSH.US,D,20200625,000000,20.2,20.3562,19.49,19.54,236349,0
DWSH.US,D,20200626,000000,19.75,20.49,19.75,20.47,282804,0
DWSH.US,D,20200629,000000,20.18,20.49,19.4001,19.54,495069,0
DWSH.US,D,20200630,000000,19.68,19.85,19.29,19.359,118418,0
DWSH.US,D,20200701,000000,19.36,19.8,18.93,19.77,224912,0
DWSH.US,D,20200702,000000,19.36,19.678,18.9,19.58,402032,0
DWSH.US,D,20200706,000000,19.24,19.57,18.93,19.34,258730,0
DWSH.US,D,20200707,000000,19.46,19.99,19.46,19.97,147304,0
DWSH.US,D,20200708,000000,19.88,20.253,19.75,19.81,143925,0
DWSH.US,D,20200709,000000,19.85,20.83,19.85,20.66,316695,0
DWSH.US,D,20200710,000000,20.76,20.82,20.0201,20.04,171697,0
DWSH.US,D,20200713,000000,19.87,20.37,19.5611,20.22,208787,0
DWSH.US,D,20200714,000000,20.25,20.5059,19.8425,19.96,142543,0
DWSH.US,D,20200715,000000,19.13,19.32,18.6,18.66,436576,0
DWSH.US,D,20200716,000000,19.1,19.27,18.6311,18.95,90435,0
DWSH.US,D,20200717,000000,18.85,19.24,18.85,19.24,130654,0
DWSH.US,D,20200720,000000,19.19,19.6,19.19,19.58,86167,0
DWSH.US,D,20200721,000000,19.16,19.21,18.62,18.87,195823,0
DWSH.US,D,20200722,000000,18.91,19.132,18.76,18.9,104919,0
DWSH.US,D,20200723,000000,18.98,19,18.45,18.68,181329,0
DWSH.US,D,20200724,000000,18.76,18.95,18.58,18.89,116311,0
DWSH.US,D,20200727,000000,18.77,19.17,18.77,19,38057,0
DWSH.US,D,20200728,000000,19.01,19.1399,18.85,19.105,48896,0
DWSH.US,D,20200729,000000,18.96,19.1196,18.58,18.61,221908,0
DWSH.US,D,20200730,000000,19.02,19.37,19.01,19.0674,134233,0
DWSH.US,D,20200731,000000,19.1,19.66,19.1,19.39,180663,0
DWSH.US,D,20200803,000000,19.39,19.57,19.18,19.2847,87709,0
DWSH.US,D,20200804,000000,19.42,19.42,18.91,18.92,109026,0
DWSH.US,D,20200805,000000,18.76,18.76,18.45,18.48,120638,0
DWSH.US,D,20200806,000000,18.48,18.58,18.34,18.538,72010,0
DWSH.US,D,20200807,000000,18.53,18.8,18.07,18.1104,130986,0
DWSH.US,D,20200810,000000,17.87,17.9999,17.22,17.24,163519,0
DWSH.US,D,20200811,000000,16.78,17.2273,16.45,17.14,295059,0
DWSH.US,D,20200812,000000,17.01,17.42,16.77,17.15,215120,0
DWSH.US,D,20200813,000000,17.18,17.4199,17.12,17.37,100827,0
DWSH.US,D,20200814,000000,17.42,17.5399,17.0389,17.13,40866,0
DWSH.US,D,20200817,000000,17.08,17.4,17.08,17.36,77198,0
DWSH.US,D,20200818,000000,17.39,17.84,17.39,17.79,77594,0
DWSH.US,D,20200819,000000,17.73,17.9199,17.55,17.9,122630,0
DWSH.US,D,20200820,000000,18.14,18.2,17.97,18.16,282967,0
DWSH.US,D,20200821,000000,18.25,18.48,18.18,18.44,88389,0
DWSH.US,D,20200824,000000,18.24,18.4011,17.53,17.6,122143,0
DWSH.US,D,20200825,000000,17.41,17.8487,17.29,17.6,239289,0
DWSH.US,D,20200826,000000,17.72,17.9699,17.67,17.91,62974,0
DWSH.US,D,20200827,000000,17.96,17.96,17.46,17.58,62255,0
DWSH.US,D,20200828,000000,17.45,17.58,17.21,17.242,39923,0
DWSH.US,D,20200831,000000,17.35,17.7,17.26,17.7,50968,0
DWSH.US,D,20200901,000000,17.75,18.01,17.66,17.82,84114,0
DWSH.US,D,20200902,000000,17.71,17.86,17.5001,17.56,69482,0
DWSH.US,D,20200903,000000,17.55,17.825,17.03,17.73,332485,0
DWSH.US,D,20200904,000000,17.43,17.71,17.221,17.36,224546,0
DWSH.US,D,20200908,000000,17.6,17.97,17.6,17.9,335625,0
DWSH.US,D,20200909,000000,17.7,18.09,17.7,17.97,279658,0
DWSH.US,D,20200910,000000,17.85,18.28,17.7385,18.28,168994,0
DWSH.US,D,20200911,000000,18.2887,18.46,18.12,18.21,124575,0
DWSH.US,D,20200914,000000,18.18,18.18,17.6817,17.7697,72403,0
DWSH.US,D,20200915,000000,17.64,17.96,17.6301,17.9,82294,0
DWSH.US,D,20200916,000000,17.85,17.91,17.11,17.38,97099,0
DWSH.US,D,20200917,000000,17.76,17.76,17.4008,17.46,48913,0
DWSH.US,D,20200918,000000,17.54,17.91,17.4701,17.84,299792,0
DWSH.US,D,20200921,000000,18.29,18.8,18.25,18.6951,157094,0
DWSH.US,D,20200922,000000,18.65,18.87,18.34,18.75,79978,0
DWSH.US,D,20200923,000000,18.71,19.415,18.49,19.41,271578,0
DWSH.US,D,20200924,000000,19.5,19.93,19.08,19.45,436191,0
DWSH.US,D,20200925,000000,19.5,19.5199,19.138,19.18,153158,0
DWSH.US,D,20200928,000000,18.81,18.8442,18.51,18.68,77837,0
DWSH.US,D,20200929,000000,18.79,19.2,18.79,19.06,68584,0
DWSH.US,D,20200930,000000,19,19.1,18.61,19.04,260550,0
DWSH.US,D,20201001,000000,18.87,19.106,18.795,18.93,47784,0
DWSH.US,D,20201002,000000,19.38,19.42,18.4,18.46,200343,0
DWSH.US,D,20201005,000000,18.25,18.251,18.01,18.06,262267,0
DWSH.US,D,20201006,000000,17.87,18.2999,17.47,18.28,272370,0
DWSH.US,D,20201007,000000,17.93,17.93,17.58,17.74,151272,0
DWSH.US,D,20201008,000000,17.5,17.55,17.07,17.13,148622,0
DWSH.US,D,20201009,000000,17,17.3499,16.85,17.33,61281,0
DWSH.US,D,20201012,000000,17.26,17.4232,17.18,17.25,56416,0
DWSH.US,D,20201013,000000,17.31,17.7369,17.31,17.7,82871,0
DWSH.US,D,20201014,000000,17.55,17.67,17.45,17.67,39704,0
DWSH.US,D,20201015,000000,17.87,17.9614,17.43,17.47,91217,0
DWSH.US,D,20201016,000000,17.36,17.7,17.3401,17.58,59540,0
DWSH.US,D,20201019,000000,17.42,17.68,17.35,17.68,244505,0
DWSH.US,D,20201020,000000,17.42,17.445,17.23,17.33,20182,0
DWSH.US,D,20201021,000000,17.31,17.53,17.31,17.49,82441,0
DWSH.US,D,20201022,000000,17.34,17.3562,16.77,16.8,71669,0
DWSH.US,D,20201023,000000,16.66,16.8599,16.62,16.65,29995,0
DWSH.US,D,20201026,000000,16.8,17.51,16.8,17.34,453331,0
DWSH.US,D,20201027,000000,17.26,17.75,17.26,17.75,49569,0
DWSH.US,D,20201028,000000,18.18,18.34,18,18.34,205476,0
DWSH.US,D,20201029,000000,18.43,18.64,17.89,18,157098,0
DWSH.US,D,20201030,000000,18.15,18.36,17.97,17.99,258599,0
DWSH.US,D,20201102,000000,17.79,17.95,17.375,17.435,105250,0
DWSH.US,D,20201103,000000,17.08,17.11,16.8,16.98,228136,0
DWSH.US,D,20201104,000000,17.02,17.55,16.92,17.23,114558,0
DWSH.US,D,20201105,000000,17.11,17.2821,16.57,16.8044,475830,0
DWSH.US,D,20201106,000000,16.75,17.18,16.65,17.09,44749,0
DWSH.US,D,20201109,000000,15.5977,15.7,14.12,14.4728,886026,0
DWSH.US,D,20201110,000000,14.37,14.52,14.11,14.23,313241,0
DWSH.US,D,20201111,000000,14.13,14.6999,14.13,14.59,276307,0
DWSH.US,D,20201112,000000,14.74,15.23,14.7,15.06,74215,0
DWSH.US,D,20201113,000000,14.94,14.94,14.3,14.35,101486,0
DWSH.US,D,20201116,000000,13.86,13.92,13.56,13.62,160853,0
DWSH.US,D,20201117,000000,13.75,13.8975,13.29,13.45,181650,0
DWSH.US,D,20201118,000000,13.33,13.566,13.11,13.55,91902,0
DWSH.US,D,20201119,000000,13.65,13.68,13.32,13.38,109764,0
DWSH.US,D,20201120,000000,13.27,13.49,13.27,13.48,41504,0
DWSH.US,D,20201123,000000,13.34,13.34,12.58,12.66,163830,0
DWSH.US,D,20201124,000000,12.16,12.205,11.82,11.89,488695,0
DWSH.US,D,20201125,000000,12,12.2,11.93,12.02,89516,0
DWSH.US,D,20201127,000000,11.95,12.08,11.95,12.07,35352,0
DWSH.US,D,20201130,000000,12.04,12.5099,12.04,12.48,46038,0
DWSH.US,D,20201201,000000,12.207,12.31,12.13,12.31,83076,0
DWSH.US,D,20201202,000000,12.29,12.36,12,12.04,27089,0
DWSH.US,D,20201203,000000,11.92,11.9991,11.654,11.88,58132,0
DWSH.US,D,20201204,000000,11.43,11.64,11.4,11.43,68265,0
DWSH.US,D,20201207,000000,11.42,11.66,11.42,11.56,45878,0
DWSH.US,D,20201208,000000,11.577,11.613,11.45,11.46,31719,0
DWSH.US,D,20201209,000000,11.45,11.66,11.4,11.52,78443,0
DWSH.US,D,20201210,000000,11.67,11.69,11.3,11.3,48839,0
DWSH.US,D,20201211,000000,11.49,11.64,11.375,11.52,41970,0
DWSH.US,D,20201214,000000,11.31,11.61,11.31,11.6,149581,0
DWSH.US,D,20201215,000000,11.49,11.62,11.38,11.38,40249,0
DWSH.US,D,20201216,000000,11.41,11.56,11.41,11.49,26758,0
DWSH.US,D,20201217,000000,11.53,11.56,11.46,11.49,34753,0
DWSH.US,D,20201218,000000,11.45,11.63,11.45,11.53,34169,0
DWSH.US,D,20201221,000000,11.91,11.945,11.68,11.69,70687,0
DWSH.US,D,20201222,000000,11.61,11.8,11.61,11.8,57195,0
DWSH.US,D,20201223,000000,11.64,11.681,11.5,11.55,65338,0
DWSH.US,D,20201224,000000,11.6,11.7,11.59,11.59,19560,0
DWSH.US,D,20201228,000000,11.54,11.54,11.42,11.4872,121050,0
DWSH.US,D,20201229,000000,11.41,11.689,11.41,11.62,177094,0
DWSH.US,D,20201230,000000,11.61,11.61,11.41,11.47,82133,0
DWSH.US,D,20201231,000000,11.47,11.57,11.4,11.42,104969,0
DWSH.US,D,20210104,000000,11.4,11.713,11.4,11.5855,103637,0
DWSH.US,D,20210105,000000,11.58,11.58,11.14,11.2428,42737,0
DWSH.US,D,20210106,000000,11.21,11.29,10.91,11.035,82966,0
DWSH.US,D,20210107,000000,10.98,10.99,10.82,10.88,44664,0
DWSH.US,D,20210108,000000,10.9,11.05,10.885,10.9,30803,0
DWSH.US,D,20210111,000000,11.11,11.19,10.874,10.95,36389,0
DWSH.US,D,20210112,000000,10.82,10.87,10.6,10.6,56827,0
DWSH.US,D,20210113,000000,10.6,10.74,10.5975,10.6441,20530,0
DWSH.US,D,20210114,000000,10.62,10.63,10.25,10.38,55483,0
DWSH.US,D,20210115,000000,10.47,10.57,10.45,10.5,82959,0
DWSH.US,D,20210119,000000,10.45,10.48,10.3864,10.4422,26687,0
DWSH.US,D,20210120,000000,10.42,10.435,10.3658,10.39,23552,0
DWSH.US,D,20210121,000000,10.4425,10.59,10.4425,10.525,170269,0
DWSH.US,D,20210122,000000,10.63,10.71,10.5183,10.5401,49251,0
DWSH.US,D,20210125,000000,10.56,10.57,10.39,10.4171,25055,0
DWSH.US,D,20210126,000000,10.4,10.48,10.33,10.34,43292,0
DWSH.US,D,20210127,000000,10.48,10.52,10.19,10.3369,231967,0
DWSH.US,D,20210128,000000,10.2032,10.49,10.15,10.42,311667,0
DWSH.US,D,20210129,000000,10.38,10.72,10.38,10.66,64768,0
DWSH.US,D,20210201,000000,10.6,10.73,10.53,10.6,57719,0
DWSH.US,D,20210202,000000,10.53,10.545,10.45,10.52,38120,0
DWSH.US,D,20210203,000000,10.5,10.53,10.43,10.445,71523,0
DWSH.US,D,20210204,000000,10.44,10.44,10.335,10.38,43559,0
DWSH.US,D,20210205,000000,10.29,10.29,10.19,10.25,35634,0
DWSH.US,D,20210208,000000,10.19,10.21,10.01,10.0244,82415,0
DWSH.US,D,20210209,000000,9.96,10.06,9.92,9.96,35612,0
DWSH.US,D,20210210,000000,9.96,10.04,9.9,9.99,137696,0
DWSH.US,D,20210211,000000,9.85,10.09,9.85,9.9697,47691,0
DWSH.US,D,20210212,000000,9.97,9.985,9.87,9.8701,240333,0
DWSH.US,D,20210216,000000,9.85,9.96,9.85,9.95,27148,0
DWSH.US,D,20210217,000000,10,10,9.9,9.96,109237,0
DWSH.US,D,20210218,000000,9.98,10,9.955,10,105499,0
DWSH.US,D,20210219,000000,9.95,9.9686,9.9,9.94,27503,0
DWSH.US,D,20210222,000000,9.96,9.96,9.8,9.86,56902,0
DWSH.US,D,20210223,000000,9.9,9.92,9.75,9.79,49440,0
DWSH.US,D,20210224,000000,9.761,9.761,9.54,9.59,190425,0
DWSH.US,D,20210225,000000,9.6,9.93,9.57,9.85,286434,0
DWSH.US,D,20210226,000000,9.88,10,9.8279,9.97,29188,0
DWSH.US,D,20210301,000000,9.75,9.79,9.6901,9.79,16462,0
DWSH.US,D,20210302,000000,9.76,9.79,9.7,9.74,103423,0
DWSH.US,D,20210303,000000,9.68,9.79,9.64,9.74,26258,0
DWSH.US,D,20210304,000000,9.76,9.9399,9.6501,9.84,67143,0
DWSH.US,D,20210305,000000,9.75,9.91,9.61,9.61,64540,0
DWSH.US,D,20210308,000000,9.65,9.689,9.43,9.5,58923,0
DWSH.US,D,20210309,000000,9.44,9.5425,9.44,9.54,26793,0
DWSH.US,D,20210310,000000,9.48,9.5155,9.4,9.41,28808,0
DWSH.US,D,20210311,000000,9.32,9.4599,9.32,9.39,64673,0
DWSH.US,D,20210312,000000,9.4,9.4464,9.3,9.32,26562,0
DWSH.US,D,20210315,000000,9.29,9.309,9.19,9.19,15468,0
DWSH.US,D,20210316,000000,9.23,9.31,9.19,9.28,19668,0
DWSH.US,D,20210317,000000,9.35,9.35,9.2501,9.31,7825,0
DWSH.US,D,20210318,000000,9.23,9.36,9.23,9.33,24199,0
DWSH.US,D,20210319,000000,9.29,9.39,9.2742,9.335,24459,0
DWSH.US,D,20210322,000000,9.34,9.35,9.3225,9.344,22491,0
DWSH.US,D,20210323,000000,9.36,9.425,9.32,9.41,20911,0
DWSH.US,D,20210324,000000,9.37,9.45,9.3485,9.45,44411,0
DWSH.US,D,20210325,000000,9.53,9.53,9.31,9.31,39370,0
DWSH.US,D,20210326,000000,9.3,9.33,9.17,9.23,30196,0
DWSH.US,D,20210329,000000,9.32,9.32,9.1725,9.21,18339,0
DWSH.US,D,20210330,000000,9.21,9.298,9.19,9.28,13899,0
DWSH.US,D,20210331,000000,9.21,9.2754,9.21,9.27,24652,0
DWSH.US,D,20210401,000000,9.21,9.28,9.18,9.19,8636,0
DWSH.US,D,20210405,000000,9.1,9.145,9.08,9.11,27727,0
DWSH.US,D,20210406,000000,9.12,9.17,9.09,9.14,12969,0
DWSH.US,D,20210407,000000,9.17,9.17,9.1,9.12,7994,0
DWSH.US,D,20210408,000000,9.16,9.2,9.1401,9.2,4292,0
DWSH.US,D,20210409,000000,9.19,9.22,9.14,9.22,16091,0
DWSH.US,D,20210412,000000,9.19,9.21,9.17,9.17,6659,0
DWSH.US,D,20210413,000000,9.17,9.17,9.1,9.1,15010,0
DWSH.US,D,20210414,000000,9.11,9.1199,9.051,9.1019,123692,0
DWSH.US,D,20210415,000000,9.06,9.06,9,9,19238,0
DWSH.US,D,20210416,000000,9,9.038,8.95,8.97,17876,0
DWSH.US,D,20210419,000000,8.97,9.01,8.9662,8.97,20115,0
DWSH.US,D,20210420,000000,8.97,8.989,8.94,8.95,53997,0
DWSH.US,D,20210421,000000,8.9099,8.9799,8.8801,8.91,24767,0
DWSH.US,D,20210422,000000,8.9,8.988,8.9,8.93,14811,0
DWSH.US,D,20210423,000000,8.9,8.9631,8.8819,8.93,13959,0
DWSH.US,D,20210426,000000,8.9,8.925,8.8901,8.915,4536,0
DWSH.US,D,20210427,000000,8.9,8.95,8.9,8.92,5261,0
DWSH.US,D,20210428,000000,8.93,8.95,8.9158,8.95,9328,0
DWSH.US,D,20210429,000000,8.91,8.9911,8.9,8.96,23798,0
DWSH.US,D,20210430,000000,9.04,9.04,8.945,9,30379,0
DWSH.US,D,20210503,000000,8.96,8.965,8.8503,8.9,18777,0
DWSH.US,D,20210504,000000,8.98,8.98,8.8968,8.96,21623,0
DWSH.US,D,20210505,000000,8.949,8.96,8.9165,8.96,22053,0
DWSH.US,D,20210506,000000,8.944,8.98,8.91,8.915,11648,0
DWSH.US,D,20210507,000000,8.93,8.93,8.8201,8.87,14579,0
DWSH.US,D,20210510,000000,8.9,8.9,8.73,8.82,50674,0
DWSH.US,D,20210511,000000,8.94,8.949,8.85,8.9,18216,0
DWSH.US,D,20210512,000000,8.93,8.98,8.89,8.94,36954,0
DWSH.US,D,20210513,000000,9.04,9.04,8.85,8.9,30046,0
DWSH.US,D,20210514,000000,8.8,8.8499,8.76,8.7999,22094,0
DWSH.US,D,20210517,000000,8.89,8.89,8.78,8.79,15286,0
DWSH.US,D,20210518,000000,8.79,8.85,8.79,8.85,7567,0
DWSH.US,D,20210519,000000,8.92,9.02,8.91,8.92,213777,0
DWSH.US,D,20210520,000000,8.889,8.889,8.76,8.805,11749,0
DWSH.US,D,20210521,000000,8.77,8.82,8.7504,8.82,10932,0
DWSH.US,D,20210524,000000,8.8,8.8,8.7301,8.785,22691,0
DWSH.US,D,20210525,000000,8.8,8.85,8.79,8.82,14429,0
DWSH.US,D,20210526,000000,8.78,8.82,8.78,8.79,9648,0
DWSH.US,D,20210527,000000,8.77,8.8,8.76,8.77,9800,0
DWSH.US,D,20210528,000000,8.76,8.78,8.73,8.775,5431,0
DWSH.US,D,20210601,000000,8.73,8.81,8.68,8.8,13090,0
DWSH.US,D,20210602,000000,8.75,8.7769,8.74,8.77,15730,0
DWSH.US,D,20210603,000000,8.78,8.81,8.77,8.78,10347,0
DWSH.US,D,20210604,000000,8.77,8.795,8.73,8.77,121819,0
DWSH.US,D,20210607,000000,8.73,8.7599,8.66,8.68,25210,0
DWSH.US,D,20210608,000000,8.66,8.66,8.59,8.59,4283,0
DWSH.US,D,20210609,000000,8.63,8.63,8.51,8.577,50633,0
DWSH.US,D,20210610,000000,8.57,8.57,8.53,8.5356,13439,0
DWSH.US,D,20210611,000000,8.5301,8.57,8.53,8.57,9262,0
DWSH.US,D,20210614,000000,8.549,8.549,8.52,8.52,14002,0
DWSH.US,D,20210615,000000,8.53,8.6,8.53,8.6,8403,0
DWSH.US,D,20210616,000000,8.55,8.66,8.55,8.66,36776,0
DWSH.US,D,20210617,000000,8.652,8.652,8.58,8.58,17753,0
DWSH.US,D,20210618,000000,8.65,8.73,8.65,8.73,77638,0
DWSH.US,D,20210621,000000,8.74,8.74,8.61,8.63,8380,0
DWSH.US,D,20210622,000000,8.62,8.65,8.6,8.65,4014,0
DWSH.US,D,20210623,000000,8.58,8.67,8.58,8.63,74744,0
DWSH.US,D,20210624,000000,8.68,8.68,8.61,8.62,24016,0
DWSH.US,D,20210625,000000,8.55,8.58,8.53,8.54,5023,0
DWSH.US,D,20210628,000000,8.54,8.5697,8.51,8.51,23441,0
DWSH.US,D,20210629,000000,8.48,8.57,8.45,8.54,18730,0
DWSH.US,D,20210630,000000,8.59,8.61,8.54,8.54,15605,0
DWSH.US,D,20210701,000000,8.49,8.568,8.49,8.55,9919,0
DWSH.US,D,20210702,000000,8.53,8.54,8.51,8.53,6353,0
DWSH.US,D,20210706,000000,8.532,8.61,8.53,8.57,45022,0
DWSH.US,D,20210707,000000,8.58,8.58,8.55,8.5593,4036,0
DWSH.US,D,20210708,000000,8.69,8.69,8.581,8.61,165739,0
DWSH.US,D,20210709,000000,8.6,8.62,8.5301,8.54,19491,0
DWSH.US,D,20210712,000000,8.55,8.57,8.53,8.5511,10648,0
DWSH.US,D,20210713,000000,8.561,8.65,8.561,8.64,3658,0
DWSH.US,D,20210714,000000,8.62,8.67,8.6,8.63,13057,0
DWSH.US,D,20210715,000000,8.63,8.75,8.63,8.7,10063,0
DWSH.US,D,20210716,000000,8.66,8.71,8.66,8.71,17142,0
DWSH.US,D,20210719,000000,8.79,8.87,8.77,8.83,49460,0
DWSH.US,D,20210720,000000,8.85,8.85,8.69,8.7338,11025,0
DWSH.US,D,20210721,000000,8.7,8.73,8.68,8.69,15753,0
DWSH.US,D,20210722,000000,8.68,8.76,8.68,8.74,64982,0
DWSH.US,D,20210723,000000,8.8,8.8,8.67,8.69,9543,0
DWSH.US,D,20210726,000000,8.7,8.72,8.65,8.68,14145,0
DWSH.US,D,20210727,000000,8.78,8.78,8.69,8.69,7825,0
DWSH.US,D,20210728,000000,8.66,8.7,8.64,8.65,20291,0
DWSH.US,D,20210729,000000,8.65,8.67,8.61,8.67,13602,0
DWSH.US,D,20210730,000000,8.65,8.75,8.641,8.75,4038,0
DWSH.US,D,20210802,000000,8.6883,8.72,8.65,8.71,6866,0
DWSH.US,D,20210803,000000,8.66,8.8,8.66,8.73,8892,0
DWSH.US,D,20210804,000000,8.77,8.84,8.77,8.83,61347,0
DWSH.US,D,20210805,000000,8.755,8.76,8.7364,8.76,6614,0
DWSH.US,D,20210806,000000,8.77,8.77,8.7,8.74,20197,0
DWSH.US,D,20210809,000000,8.74,8.8,8.73,8.8,9878,0
DWSH.US,D,20210810,000000,8.74,8.79,8.74,8.76,8400,0
DWSH.US,D,20210811,000000,8.7589,8.7797,8.75,8.77,18004,0
DWSH.US,D,20210812,000000,8.75,8.8,8.735,8.7744,14887,0
DWSH.US,D,20210813,000000,8.77,8.78,8.715,8.765,43842,0
DWSH.US,D,20210816,000000,8.81,8.83,8.76,8.8,25045,0
DWSH.US,D,20210817,000000,8.8,8.84,8.76,8.79,19398,0
DWSH.US,D,20210818,000000,8.8,8.81,8.751,8.8,12549,0
DWSH.US,D,20210819,000000,8.87,8.9,8.8,8.8601,13695,0
DWSH.US,D,20210820,000000,8.775,8.8,8.72,8.74,6076,0
DWSH.US,D,20210823,000000,8.66,8.7399,8.66,8.73,25340,0
DWSH.US,D,20210824,000000,8.7,8.7299,8.66,8.67,8556,0
DWSH.US,D,20210825,000000,8.7001,8.739,8.63,8.6922,15180,0
DWSH.US,D,20210826,000000,8.74,8.8,8.71,8.72,9830,0
DWSH.US,D,20210827,000000,8.73,8.75,8.6,8.65,29981,0
DWSH.US,D,20210830,000000,8.611,8.6999,8.611,8.68,7800,0
DWSH.US,D,20210831,000000,8.64,8.6634,8.61,8.62,14469,0
DWSH.US,D,20210901,000000,8.62,8.64,8.55,8.595,8652,0
