<TICKER>,<PER>,<DATE>,<TIME>,<OPEN>,<HIGH>,<LOW>,<CLOSE>,<VOL>,<OPENINT>
ECOW.US,D,20190506,000000,21.981,21.981,21.981,21.981,227,0
ECOW.US,D,20190507,000000,21.744,21.744,21.744,21.744,159,0
ECOW.US,D,20190509,000000,21.451,21.451,21.451,21.451,113,0
ECOW.US,D,20190517,000000,20.851,20.851,20.844,20.844,814,0
ECOW.US,D,20190604,000000,21.443,21.451,21.443,21.443,3497,0
ECOW.US,D,20190626,000000,22.374,22.374,22.374,22.374,112,0
ECOW.US,D,20190708,000000,22.47,22.479,22.47,22.479,1118,0
ECOW.US,D,20190722,000000,22.57,22.57,22.533,22.533,797,0
ECOW.US,D,20190723,000000,22.559,22.559,22.559,22.559,269,0
ECOW.US,D,20190725,000000,22.497,22.515,22.452,22.46,11416,0
ECOW.US,D,20190726,000000,22.427,22.427,22.375,22.384,5947,0
ECOW.US,D,20190729,000000,22.32,22.374,22.285,22.373,7435,0
ECOW.US,D,20190730,000000,22.247,22.247,22.234,22.247,847,0
ECOW.US,D,20190731,000000,22.265,22.283,22.104,22.104,1567,0
ECOW.US,D,20190801,000000,22.095,22.115,21.681,21.684,1570,0
ECOW.US,D,20190802,000000,21.587,21.587,21.416,21.416,784,0
ECOW.US,D,20190805,000000,20.988,20.988,20.784,20.784,1869,0
ECOW.US,D,20190806,000000,21.139,21.139,21.078,21.078,352,0
ECOW.US,D,20190807,000000,20.864,21.05,20.864,21.05,1055,0
ECOW.US,D,20190808,000000,21.165,21.165,21.165,21.165,281,0
ECOW.US,D,20190809,000000,20.966,20.97,20.966,20.97,446,0
ECOW.US,D,20190812,000000,20.802,20.802,20.802,20.802,112,0
ECOW.US,D,20190813,000000,20.73,21.059,20.72,21.015,2109,0
ECOW.US,D,20190814,000000,20.567,20.567,20.451,20.451,786,0
ECOW.US,D,20190815,000000,20.424,20.424,20.424,20.424,112,0
ECOW.US,D,20190816,000000,20.577,20.594,20.577,20.594,446,0
ECOW.US,D,20190819,000000,20.73,20.73,20.595,20.598,7165,0
ECOW.US,D,20190820,000000,20.73,20.747,20.72,20.72,1578,0
ECOW.US,D,20190822,000000,20.784,20.784,20.631,20.631,224,0
ECOW.US,D,20190823,000000,20.648,20.648,20.407,20.407,330,0
ECOW.US,D,20190826,000000,20.434,20.434,20.362,20.362,2332,0
ECOW.US,D,20190827,000000,20.345,20.345,20.318,20.318,784,0
ECOW.US,D,20190830,000000,20.8,20.8,20.72,20.72,32889,0
ECOW.US,D,20190903,000000,20.818,20.818,20.725,20.765,50370,0
ECOW.US,D,20190905,000000,21.471,21.496,21.471,21.496,507,0
ECOW.US,D,20190906,000000,21.56,21.56,21.56,21.56,112,0
ECOW.US,D,20190909,000000,21.604,21.604,21.604,21.604,1903,0
ECOW.US,D,20190910,000000,21.624,21.624,21.624,21.624,169,0
ECOW.US,D,20190911,000000,21.811,21.82,21.792,21.82,2278,0
ECOW.US,D,20190917,000000,22.078,22.078,22.069,22.069,2978,0
ECOW.US,D,20190918,000000,21.902,21.902,21.885,21.885,648,0
ECOW.US,D,20190919,000000,21.881,21.881,21.881,21.881,112,0
ECOW.US,D,20190924,000000,21.817,21.817,21.565,21.565,493,0
ECOW.US,D,20190926,000000,21.701,21.701,21.701,21.701,241,0
ECOW.US,D,20190927,000000,21.611,21.611,21.474,21.474,1336,0
ECOW.US,D,20190930,000000,21.584,21.584,21.584,21.584,111,0
ECOW.US,D,20191001,000000,21.466,21.466,21.433,21.447,3197,0
ECOW.US,D,20191002,000000,21.226,21.277,21.204,21.277,2673,0
ECOW.US,D,20191004,000000,21.511,21.511,21.511,21.511,554,0
ECOW.US,D,20191007,000000,21.474,21.474,21.474,21.474,554,0
ECOW.US,D,20191008,000000,21.34,21.34,21.34,21.34,421,0
ECOW.US,D,20191009,000000,21.331,21.331,21.331,21.331,111,0
ECOW.US,D,20191010,000000,21.538,21.538,21.538,21.538,111,0
ECOW.US,D,20191011,000000,21.909,21.909,21.909,21.909,111,0
ECOW.US,D,20191014,000000,21.71,21.71,21.71,21.71,111,0
ECOW.US,D,20191017,000000,21.846,21.863,21.846,21.863,6202,0
ECOW.US,D,20191028,000000,22.523,22.523,22.523,22.523,558,0
ECOW.US,D,20191104,000000,22.869,22.869,22.869,22.869,111,0
ECOW.US,D,20191106,000000,23.046,23.046,22.956,22.956,428,0
ECOW.US,D,20191114,000000,22.549,22.549,22.549,22.549,1107,0
ECOW.US,D,20191119,000000,22.651,22.657,22.604,22.604,31780,0
ECOW.US,D,20191120,000000,22.612,22.612,22.6,22.6,2103,0
ECOW.US,D,20191121,000000,22.563,22.647,22.563,22.647,111,0
ECOW.US,D,20191125,000000,22.846,22.846,22.817,22.817,117,0
ECOW.US,D,20191126,000000,22.666,22.666,22.583,22.641,532,0
ECOW.US,D,20191127,000000,22.594,22.612,22.594,22.612,111,0
ECOW.US,D,20191129,000000,22.407,22.407,22.407,22.407,128,0
ECOW.US,D,20191204,000000,22.577,22.577,22.568,22.568,371,0
ECOW.US,D,20191205,000000,22.616,22.666,22.616,22.666,601,0
ECOW.US,D,20191209,000000,22.856,22.856,22.801,22.801,2249,0
ECOW.US,D,20191210,000000,22.789,22.865,22.774,22.82,609,0
ECOW.US,D,20191213,000000,23.653,23.653,23.479,23.479,825,0
ECOW.US,D,20191218,000000,23.827,23.832,23.827,23.832,631,0
ECOW.US,D,20191219,000000,23.907,23.907,23.886,23.9,2289,0
ECOW.US,D,20191220,000000,23.895,23.895,23.895,23.895,222,0
ECOW.US,D,20191224,000000,24.076,24.076,24.02,24.03,1037,0
ECOW.US,D,20191226,000000,24.192,24.211,24.163,24.188,2258,0
ECOW.US,D,20191230,000000,24.259,24.259,24.259,24.259,442,0
ECOW.US,D,20200102,000000,24.706,24.83,24.706,24.83,2853,0
ECOW.US,D,20200106,000000,24.401,24.401,24.401,24.401,213,0
ECOW.US,D,20200107,000000,24.335,24.335,24.299,24.299,202,0
ECOW.US,D,20200110,000000,24.622,24.622,24.622,24.622,125,0
ECOW.US,D,20200116,000000,24.697,24.697,24.683,24.693,983,0
ECOW.US,D,20200121,000000,24.67,24.67,24.67,24.67,145,0
ECOW.US,D,20200122,000000,24.466,24.466,24.439,24.439,662,0
ECOW.US,D,20200123,000000,24.153,24.153,24.153,24.153,456,0
ECOW.US,D,20200124,000000,24.001,24.004,23.895,23.918,3383,0
ECOW.US,D,20200127,000000,23.073,23.131,23.073,23.108,468,0
ECOW.US,D,20200128,000000,23.351,23.351,23.327,23.327,160,0
ECOW.US,D,20200129,000000,23.398,23.398,23.332,23.332,107,0
ECOW.US,D,20200130,000000,22.92,22.92,22.92,22.92,1945,0
ECOW.US,D,20200131,000000,22.691,22.691,22.407,22.458,1128,0
ECOW.US,D,20200203,000000,22.5,22.682,22.5,22.597,1811,0
ECOW.US,D,20200204,000000,23.141,23.169,23.056,23.056,1382,0
ECOW.US,D,20200205,000000,23.455,23.455,23.207,23.226,398,0
ECOW.US,D,20200206,000000,23.116,23.116,23.093,23.093,1615,0
ECOW.US,D,20200210,000000,22.729,22.729,22.729,22.729,209,0
ECOW.US,D,20200212,000000,23.417,23.455,23.417,23.455,1089,0
ECOW.US,D,20200213,000000,23.351,23.351,23.351,23.351,524,0
ECOW.US,D,20200214,000000,23.217,23.224,23.217,23.224,1110,0
ECOW.US,D,20200220,000000,23.169,23.169,23.169,23.169,209,0
ECOW.US,D,20200224,000000,22.033,22.033,22.005,22.005,985,0
ECOW.US,D,20200225,000000,21.967,21.967,21.734,21.734,105,0
ECOW.US,D,20200226,000000,21.957,22.014,21.662,21.662,1041,0
ECOW.US,D,20200228,000000,20.188,20.728,20.16,20.728,1771,0
ECOW.US,D,20200302,000000,20.837,21.228,20.837,21.228,590,0
ECOW.US,D,20200304,000000,21.378,21.458,21.378,21.458,481,0
ECOW.US,D,20200305,000000,21.202,21.202,21.202,21.202,148,0
ECOW.US,D,20200306,000000,20.494,20.494,20.494,20.494,168,0
ECOW.US,D,20200309,000000,18.69,18.69,18.319,18.334,5157,0
ECOW.US,D,20200310,000000,18.967,19.358,18.967,19.358,220,0
ECOW.US,D,20200312,000000,16.551,16.551,16.476,16.476,212,0
ECOW.US,D,20200316,000000,15.806,15.806,15.537,15.537,227,0
ECOW.US,D,20200317,000000,15.816,16.379,15.816,16.379,2433,0
ECOW.US,D,20200318,000000,15.138,15.138,14.727,14.833,398,0
ECOW.US,D,20200319,000000,15.405,15.405,15.366,15.366,292,0
ECOW.US,D,20200324,000000,16.052,16.052,16.01,16.01,12049,0
ECOW.US,D,20200325,000000,16.578,16.75,16.578,16.604,352,0
ECOW.US,D,20200326,000000,16.932,17.215,16.923,17.215,836,0
ECOW.US,D,20200401,000000,16.013,16.253,16.013,16.055,5600,0
ECOW.US,D,20200406,000000,17.411,17.411,17.411,17.411,2619,0
ECOW.US,D,20200407,000000,17.993,17.993,17.49,17.49,3583,0
ECOW.US,D,20200409,000000,17.783,17.783,17.673,17.673,217,0
ECOW.US,D,20200414,000000,18.041,18.041,18.002,18.002,230,0
ECOW.US,D,20200423,000000,17.468,17.468,17.406,17.406,7760,0
ECOW.US,D,20200424,000000,17.181,17.181,17.181,17.181,230,0
ECOW.US,D,20200428,000000,17.803,17.803,17.748,17.748,105,0
ECOW.US,D,20200429,000000,18.385,18.385,18.35,18.35,112,0
ECOW.US,D,20200504,000000,17.544,17.67,17.544,17.67,1057,0
ECOW.US,D,20200507,000000,17.763,17.763,17.763,17.763,157,0
ECOW.US,D,20200512,000000,18.184,18.204,17.918,17.918,1044,0
ECOW.US,D,20200515,000000,17.679,17.679,17.679,17.679,111,0
ECOW.US,D,20200518,000000,18.29,18.468,18.29,18.468,907,0
ECOW.US,D,20200519,000000,18.463,18.463,18.463,18.463,379,0
ECOW.US,D,20200527,000000,18.654,18.654,18.654,18.654,254,0
ECOW.US,D,20200529,000000,18.768,18.807,18.768,18.807,105,0
ECOW.US,D,20200601,000000,19.132,19.209,19.132,19.209,504,0
ECOW.US,D,20200605,000000,20.289,20.289,20.28,20.28,107,0
ECOW.US,D,20200608,000000,20.251,20.557,20.251,20.557,105,0
ECOW.US,D,20200609,000000,20.327,20.327,20.314,20.314,114,0
ECOW.US,D,20200610,000000,20.289,20.289,20.269,20.269,462,0
ECOW.US,D,20200611,000000,19.649,19.649,19.649,19.649,232,0
ECOW.US,D,20200612,000000,19.448,19.562,19.448,19.562,107,0
ECOW.US,D,20200615,000000,19.076,19.447,19.076,19.359,1362,0
ECOW.US,D,20200616,000000,19.716,19.716,19.557,19.557,129,0
ECOW.US,D,20200617,000000,19.639,19.639,19.589,19.59,1804,0
ECOW.US,D,20200618,000000,19.629,19.629,19.556,19.563,1519,0
ECOW.US,D,20200619,000000,19.724,19.724,19.6,19.609,7377,0
ECOW.US,D,20200622,000000,19.705,19.754,19.676,19.751,1537,0
ECOW.US,D,20200623,000000,19.985,19.985,19.868,19.868,1159,0
ECOW.US,D,20200625,000000,19.56,19.681,19.56,19.681,498,0
ECOW.US,D,20200629,000000,19.366,19.382,19.366,19.382,225,0
ECOW.US,D,20200630,000000,19.231,19.231,19.231,19.231,225,0
ECOW.US,D,20200713,000000,20.264,20.34,20.023,20.023,547,0
ECOW.US,D,20200714,000000,19.947,20.177,19.947,20.177,120,0
ECOW.US,D,20200715,000000,20.216,20.216,20.169,20.169,128,0
ECOW.US,D,20200717,000000,20.13,20.13,20.091,20.091,264,0
ECOW.US,D,20200722,000000,20.584,20.584,20.574,20.574,1142,0
ECOW.US,D,20200723,000000,20.593,20.593,20.41,20.442,1317,0
ECOW.US,D,20200728,000000,20.516,20.535,20.437,20.437,990,0
ECOW.US,D,20200729,000000,20.592,20.594,20.592,20.594,165,0
ECOW.US,D,20200731,000000,20.13,20.13,20.13,20.13,137,0
ECOW.US,D,20200804,000000,20.294,20.319,20.294,20.319,237,0
ECOW.US,D,20200805,000000,20.602,20.64,20.535,20.535,677,0
ECOW.US,D,20200810,000000,20.341,20.341,20.337,20.337,350,0
ECOW.US,D,20200812,000000,20.612,20.612,20.612,20.612,111,0
ECOW.US,D,20200813,000000,20.749,20.749,20.671,20.696,2083,0
ECOW.US,D,20200817,000000,20.815,20.815,20.792,20.792,1460,0
ECOW.US,D,20200825,000000,20.749,20.832,20.7,20.832,6190,0
ECOW.US,D,20200826,000000,20.864,20.864,20.831,20.831,5220,0
ECOW.US,D,20200901,000000,20.901,20.923,20.901,20.923,253,0
ECOW.US,D,20200903,000000,20.69,20.69,20.69,20.69,131,0
ECOW.US,D,20200908,000000,20.544,20.545,20.473,20.473,1376,0
ECOW.US,D,20200910,000000,20.729,20.729,20.729,20.729,843,0
ECOW.US,D,20200914,000000,20.942,20.942,20.942,20.942,128,0
ECOW.US,D,20200915,000000,21.134,21.134,21.088,21.088,104,0
ECOW.US,D,20200916,000000,21.106,21.116,21.106,21.116,1593,0
ECOW.US,D,20200918,000000,20.863,20.863,20.829,20.829,518,0
ECOW.US,D,20200921,000000,20.309,20.398,20.269,20.386,1553,0
ECOW.US,D,20200922,000000,20.199,20.229,20.199,20.199,2917,0
ECOW.US,D,20200923,000000,19.903,19.903,19.903,19.903,407,0
ECOW.US,D,20200924,000000,19.804,19.804,19.735,19.735,725,0
ECOW.US,D,20200928,000000,19.834,19.834,19.774,19.774,301,0
ECOW.US,D,20200929,000000,19.734,19.734,19.734,19.734,507,0
ECOW.US,D,20201002,000000,19.853,19.853,19.843,19.843,303,0
ECOW.US,D,20201005,000000,19.943,20.022,19.943,20.022,169,0
ECOW.US,D,20201006,000000,20.17,20.17,20.015,20.015,419,0
ECOW.US,D,20201007,000000,20.082,20.123,20.082,20.123,752,0
ECOW.US,D,20201008,000000,20.317,20.319,20.317,20.319,100,0
ECOW.US,D,20201009,000000,20.418,20.418,20.39,20.39,123,0
ECOW.US,D,20201013,000000,20.339,20.384,20.309,20.384,484,0
ECOW.US,D,20201015,000000,20.254,20.304,20.239,20.304,373,0
ECOW.US,D,20201016,000000,20.369,20.369,20.319,20.319,245,0
ECOW.US,D,20201019,000000,20.428,20.428,20.279,20.279,1411,0
ECOW.US,D,20201020,000000,20.478,20.507,20.478,20.507,396,0
ECOW.US,D,20201021,000000,20.684,20.684,20.637,20.637,100,0
ECOW.US,D,20201026,000000,20.537,20.537,20.418,20.478,313,0
ECOW.US,D,20201027,000000,20.259,20.278,20.259,20.278,405,0
ECOW.US,D,20201028,000000,19.814,19.814,19.573,19.573,273,0
ECOW.US,D,20201029,000000,19.685,19.685,19.644,19.644,287,0
ECOW.US,D,20201030,000000,19.417,19.457,19.417,19.457,253,0
ECOW.US,D,20201102,000000,19.583,19.651,19.565,19.651,226,0
ECOW.US,D,20201103,000000,20.052,20.06,19.963,20.015,1357,0
ECOW.US,D,20201104,000000,20.557,20.557,20.537,20.537,1299,0
ECOW.US,D,20201106,000000,20.894,20.894,20.872,20.872,267,0
ECOW.US,D,20201112,000000,21.599,21.599,21.382,21.399,4302,0
ECOW.US,D,20201118,000000,22.124,22.124,22.124,22.124,202,0
ECOW.US,D,20201120,000000,22.154,22.154,22.124,22.124,212,0
ECOW.US,D,20201123,000000,22.431,22.441,22.407,22.407,5151,0
ECOW.US,D,20201124,000000,22.58,22.635,22.58,22.61,606,0
ECOW.US,D,20201125,000000,22.519,22.657,22.519,22.657,312,0
ECOW.US,D,20201127,000000,22.808,22.808,22.753,22.776,2273,0
ECOW.US,D,20201130,000000,22.293,22.293,22.19,22.19,2281,0
ECOW.US,D,20201201,000000,22.54,22.54,22.54,22.54,202,0
ECOW.US,D,20201202,000000,22.716,22.724,22.716,22.724,121,0
ECOW.US,D,20201204,000000,23.074,23.115,23.065,23.09,3642,0
ECOW.US,D,20201207,000000,23.155,23.155,23.082,23.082,459,0
ECOW.US,D,20201208,000000,23.245,23.259,23.245,23.252,623,0
ECOW.US,D,20201209,000000,23.423,23.423,23.006,23.065,7556,0
ECOW.US,D,20201210,000000,23.303,23.379,23.303,23.379,933,0
ECOW.US,D,20201211,000000,23.304,23.317,23.304,23.317,445,0
ECOW.US,D,20201214,000000,23.38,23.38,23.227,23.361,686,0
ECOW.US,D,20201215,000000,23.453,23.453,23.453,23.453,262,0
ECOW.US,D,20201216,000000,23.652,23.691,23.652,23.691,698,0
ECOW.US,D,20201217,000000,23.84,23.84,23.812,23.813,423,0
ECOW.US,D,20201218,000000,23.626,23.626,23.626,23.626,42,0
ECOW.US,D,20201221,000000,23.82,23.82,23.344,23.432,2735,0
ECOW.US,D,20201222,000000,23.195,23.195,23.027,23.115,1297,0
ECOW.US,D,20201223,000000,23.235,23.235,23.235,23.235,1232,0
ECOW.US,D,20201224,000000,23.384,23.384,23.384,23.384,190,0
ECOW.US,D,20201228,000000,23.652,23.67,23.652,23.67,812,0
ECOW.US,D,20201229,000000,23.758,23.758,23.719,23.719,4260,0
ECOW.US,D,20201230,000000,23.517,23.517,23.517,23.517,139,0
ECOW.US,D,20201231,000000,23.612,23.646,23.612,23.646,453,0
ECOW.US,D,20210104,000000,23.83,23.83,23.77,23.77,254,0
ECOW.US,D,20210105,000000,23.949,24.217,23.949,24.184,7009,0
ECOW.US,D,20210106,000000,23.933,23.933,23.933,23.933,50,0
ECOW.US,D,20210107,000000,24.096,24.096,24.096,24.096,9,0
ECOW.US,D,20210108,000000,24.614,24.614,24.614,24.614,101,0
ECOW.US,D,20210111,000000,24.465,24.465,24.465,24.465,237,0
ECOW.US,D,20210112,000000,24.594,24.712,24.594,24.712,417,0
ECOW.US,D,20210113,000000,24.891,24.941,24.891,24.928,13753,0
ECOW.US,D,20210115,000000,24.858,24.858,24.745,24.745,459,0
ECOW.US,D,20210119,000000,25,25.08,24.991,24.991,516,0
ECOW.US,D,20210120,000000,25.09,25.149,25.08,25.138,306,0
ECOW.US,D,20210121,000000,24.981,25.038,24.901,25.038,1139,0
ECOW.US,D,20210122,000000,24.664,24.732,24.614,24.714,2359,0
ECOW.US,D,20210125,000000,24.574,24.664,24.524,24.66,3057,0
ECOW.US,D,20210126,000000,24.683,24.692,24.574,24.692,4597,0
ECOW.US,D,20210127,000000,24.445,24.445,24.214,24.214,774,0
ECOW.US,D,20210128,000000,24.494,24.614,24.446,24.446,1441,0
ECOW.US,D,20210129,000000,23.81,23.869,23.77,23.792,1029,0
ECOW.US,D,20210202,000000,24.484,24.484,24.435,24.447,501,0
ECOW.US,D,20210203,000000,24.554,24.564,24.504,24.564,12751,0
ECOW.US,D,20210205,000000,24.818,24.836,24.818,24.836,790,0
ECOW.US,D,20210208,000000,25.09,25.09,25,25.039,1037,0
ECOW.US,D,20210210,000000,25.129,25.149,25.079,25.079,1027,0
ECOW.US,D,20210212,000000,25.367,25.388,25.357,25.388,3089,0
ECOW.US,D,20210216,000000,25.497,25.497,25.497,25.497,233,0
ECOW.US,D,20210218,000000,25.119,25.307,25.119,25.265,513,0
ECOW.US,D,20210219,000000,25.596,25.596,25.594,25.594,144,0
ECOW.US,D,20210222,000000,25.249,25.417,25.249,25.417,1042,0
ECOW.US,D,20210223,000000,25.07,25.07,25.07,25.07,100,0
ECOW.US,D,20210224,000000,25.308,25.308,25.308,25.308,473,0
ECOW.US,D,20210226,000000,24.684,24.684,24.481,24.481,688,0
ECOW.US,D,20210301,000000,25.07,25.07,25.07,25.07,3536,0
ECOW.US,D,20210303,000000,24.915,24.941,24.882,24.941,914,0
ECOW.US,D,20210304,000000,24.832,24.847,24.656,24.656,1436,0
ECOW.US,D,20210305,000000,24.802,24.802,24.762,24.762,469,0
ECOW.US,D,20210308,000000,24.683,24.683,24.414,24.414,677,0
ECOW.US,D,20210309,000000,24.674,24.931,24.674,24.931,1032,0
ECOW.US,D,20210310,000000,24.817,24.926,24.817,24.926,272,0
ECOW.US,D,20210312,000000,25.427,25.477,25.427,25.472,5136,0
ECOW.US,D,20210315,000000,25.536,25.566,25.518,25.566,441,0
ECOW.US,D,20210316,000000,25.814,25.814,25.784,25.784,535,0
ECOW.US,D,20210318,000000,25.774,25.794,25.576,25.576,3405,0
ECOW.US,D,20210319,000000,25.665,25.824,25.665,25.804,1238,0
ECOW.US,D,20210322,000000,25.356,25.356,25.257,25.297,1402,0
ECOW.US,D,20210323,000000,25.008,25.068,24.749,24.749,1856,0
ECOW.US,D,20210324,000000,24.68,24.779,24.63,24.67,2117,0
ECOW.US,D,20210325,000000,24.57,24.63,24.441,24.62,2717,0
ECOW.US,D,20210326,000000,24.699,24.879,24.699,24.879,4288,0
ECOW.US,D,20210330,000000,25.247,25.257,25.237,25.237,618,0
ECOW.US,D,20210331,000000,25.217,25.386,25.217,25.386,433,0
ECOW.US,D,20210405,000000,25.555,25.555,25.518,25.518,339,0
ECOW.US,D,20210406,000000,25.515,25.515,25.515,25.515,286,0
ECOW.US,D,20210407,000000,25.386,25.386,25.366,25.366,244,0
ECOW.US,D,20210409,000000,25.515,25.515,25.515,25.515,111,0
ECOW.US,D,20210412,000000,25.297,25.376,25.297,25.339,725,0
ECOW.US,D,20210414,000000,25.754,25.784,25.74,25.74,703,0
ECOW.US,D,20210416,000000,26.202,26.232,26.202,26.208,382,0
ECOW.US,D,20210419,000000,26.222,26.222,26.192,26.192,660,0
ECOW.US,D,20210420,000000,26.083,26.113,26.03,26.062,3275,0
ECOW.US,D,20210421,000000,25.904,26.15,25.904,26.15,2212,0
ECOW.US,D,20210422,000000,26.122,26.14,26.053,26.099,1984,0
ECOW.US,D,20210426,000000,26.501,26.525,26.501,26.525,468,0
ECOW.US,D,20210428,000000,26.322,26.391,26.322,26.391,244,0
ECOW.US,D,20210504,000000,25.824,25.873,25.797,25.873,2121,0
ECOW.US,D,20210505,000000,26.162,26.23,26.162,26.23,339,0
ECOW.US,D,20210506,000000,26.501,26.55,26.421,26.55,2438,0
ECOW.US,D,20210510,000000,26.978,26.998,26.978,26.998,951,0
ECOW.US,D,20210511,000000,26.331,26.655,26.331,26.655,713,0
ECOW.US,D,20210512,000000,26.262,26.262,25.873,25.873,2201,0
ECOW.US,D,20210513,000000,26.031,26.031,25.754,25.953,1028,0
ECOW.US,D,20210514,000000,26.172,26.172,26.172,26.172,155,0
ECOW.US,D,20210517,000000,26.043,26.073,26.043,26.073,480,0
ECOW.US,D,20210518,000000,26.421,26.481,26.381,26.381,1596,0
ECOW.US,D,20210520,000000,26.15,26.232,26.15,26.232,386,0
ECOW.US,D,20210521,000000,26.182,26.182,25.952,25.952,4189,0
ECOW.US,D,20210525,000000,26.192,26.192,26.162,26.162,1408,0
ECOW.US,D,20210526,000000,26.222,26.331,26.212,26.331,1976,0
ECOW.US,D,20210527,000000,26.491,26.55,26.491,26.544,4100,0
ECOW.US,D,20210528,000000,26.734,26.734,26.581,26.729,4193,0
ECOW.US,D,20210603,000000,27.068,27.097,27.058,27.097,188976,0
ECOW.US,D,20210604,000000,27.167,27.317,27.167,27.287,7589,0
ECOW.US,D,20210607,000000,27.237,27.247,27.177,27.247,1714,0
ECOW.US,D,20210609,000000,27.118,27.147,27.068,27.068,1256,0
ECOW.US,D,20210610,000000,27.329,27.329,27.329,27.329,903,0
ECOW.US,D,20210615,000000,27.207,27.207,26.988,27.068,1590,0
ECOW.US,D,20210616,000000,27.009,27.088,26.63,26.663,1808,0
ECOW.US,D,20210617,000000,26.63,26.63,26.63,26.63,252,0
ECOW.US,D,20210621,000000,26.25,26.39,26.25,26.36,4330,0
ECOW.US,D,20210622,000000,26.45,26.6,26.45,26.521,3699,0
ECOW.US,D,20210623,000000,26.58,26.58,26.4873,26.4873,973,0
ECOW.US,D,20210624,000000,26.68,26.79,26.67,26.7586,1907,0
ECOW.US,D,20210625,000000,27.03,27.03,26.87,26.88,4046,0
ECOW.US,D,20210628,000000,26.7557,26.7557,26.749,26.749,231,0
ECOW.US,D,20210629,000000,26.59,26.6348,26.5754,26.6348,1808,0
ECOW.US,D,20210630,000000,26.59,26.6083,26.589,26.6083,495,0
ECOW.US,D,20210701,000000,26.67,26.67,26.52,26.52,656,0
ECOW.US,D,20210707,000000,26.29,26.3902,26.29,26.3902,1806,0
ECOW.US,D,20210708,000000,26,26.01,25.93,26,3371,0
ECOW.US,D,20210713,000000,26.13,26.13,26.06,26.06,630,0
ECOW.US,D,20210714,000000,26.23,26.23,26.1,26.1047,532,0
ECOW.US,D,20210716,000000,26.15,26.16,26.04,26.04,1800,0
ECOW.US,D,20210719,000000,25.5701,25.61,25.45,25.53,3581,0
ECOW.US,D,20210720,000000,25.45,25.45,25.45,25.45,398,0
ECOW.US,D,20210723,000000,25.68,25.68,25.68,25.68,101,0
ECOW.US,D,20210726,000000,25.618,25.6553,25.618,25.6553,273,0
ECOW.US,D,20210727,000000,25.28,25.28,25.17,25.17,5103,0
ECOW.US,D,20210728,000000,25.5901,25.5901,25.58,25.58,3509,0
ECOW.US,D,20210730,000000,25.85,25.85,25.85,25.85,101,0
ECOW.US,D,20210802,000000,26.1,26.1,26.0857,26.0857,1130,0
ECOW.US,D,20210804,000000,26.34,26.34,26.34,26.34,1062,0
ECOW.US,D,20210806,000000,26.13,26.13,26.0996,26.0996,371,0
ECOW.US,D,20210809,000000,26.14,26.14,26.06,26.06,236,0
ECOW.US,D,20210810,000000,26.02,26.02,26.02,26.02,181,0
ECOW.US,D,20210812,000000,26.29,26.29,26.27,26.27,1501,0
ECOW.US,D,20210813,000000,26.21,26.3827,26.21,26.3827,349,0
ECOW.US,D,20210816,000000,26.34,26.34,26.26,26.26,369,0
ECOW.US,D,20210817,000000,26.13,26.13,26.0998,26.0998,410,0
ECOW.US,D,20210818,000000,26.2101,26.2101,26.0521,26.0521,1015,0
ECOW.US,D,20210819,000000,25.58,25.59,25.56,25.56,1865,0
ECOW.US,D,20210820,000000,25.33,25.33,25.33,25.33,400,0
ECOW.US,D,20210824,000000,26.13,26.13,26.12,26.12,739,0
ECOW.US,D,20210825,000000,26.24,26.24,26.24,26.24,445,0
ECOW.US,D,20210826,000000,26.1301,26.1301,26.0448,26.0448,234,0
ECOW.US,D,20210827,000000,26.27,26.52,26.27,26.52,890,0
ECOW.US,D,20210831,000000,26.83,26.83,26.8,26.8,7039,0
ECOW.US,D,20210901,000000,26.91,26.91,26.91,26.91,295,0
