<TICKER>,<PER>,<DATE>,<TIME>,<OPEN>,<HIGH>,<LOW>,<CLOSE>,<VOL>,<OPENINT>
EDUT.US,D,20200715,000000,14.899,15.108,14.899,15.108,19205,0
EDUT.US,D,20200716,000000,15.019,15.019,14.679,14.775,4585,0
EDUT.US,D,20200717,000000,15.049,15.049,14.769,15.019,2153,0
EDUT.US,D,20200720,000000,15.178,16.018,15.178,15.562,11625,0
EDUT.US,D,20200721,000000,16.248,16.248,15.668,15.767,5409,0
EDUT.US,D,20200722,000000,15.778,15.788,15.488,15.658,6293,0
EDUT.US,D,20200723,000000,15.848,15.868,15.288,15.378,14206,0
EDUT.US,D,20200724,000000,15.168,15.178,14.809,15.093,8190,0
EDUT.US,D,20200727,000000,15.208,15.458,15.158,15.458,6361,0
EDUT.US,D,20200728,000000,15.338,15.448,15.338,15.388,2386,0
EDUT.US,D,20200729,000000,15.368,15.498,15.098,15.108,7247,0
EDUT.US,D,20200730,000000,15.198,15.508,15.198,15.508,1690,0
EDUT.US,D,20200731,000000,15.518,15.567,15.327,15.432,11833,0
EDUT.US,D,20200803,000000,15.738,16.087,15.738,16.008,6091,0
EDUT.US,D,20200804,000000,15.988,16.397,15.988,16.397,7604,0
EDUT.US,D,20200805,000000,16.457,16.757,16.446,16.737,14322,0
EDUT.US,D,20200806,000000,16.737,17.107,16.607,17.107,18634,0
EDUT.US,D,20200807,000000,17.167,17.167,15.988,16.198,134186,0
EDUT.US,D,20200810,000000,16.298,16.298,15.63,15.868,17534,0
EDUT.US,D,20200811,000000,15.888,16.098,15.508,15.665,5759,0
EDUT.US,D,20200812,000000,15.508,15.838,15.508,15.668,42676,0
EDUT.US,D,20200813,000000,15.857,15.857,15.678,15.782,5120,0
EDUT.US,D,20200814,000000,15.668,15.668,15.333,15.386,15954,0
EDUT.US,D,20200817,000000,15.648,15.648,15.538,15.638,3229,0
EDUT.US,D,20200818,000000,15.538,15.768,15.538,15.748,6790,0
EDUT.US,D,20200819,000000,15.838,15.838,15.518,15.539,21102,0
EDUT.US,D,20200820,000000,15.488,15.728,15.448,15.723,6119,0
EDUT.US,D,20200821,000000,15.768,15.777,15.638,15.743,3141,0
EDUT.US,D,20200824,000000,16.048,16.048,15.538,15.553,7655,0
EDUT.US,D,20200825,000000,15.618,15.748,15.598,15.719,6574,0
EDUT.US,D,20200826,000000,15.858,15.858,15.698,15.778,27957,0
EDUT.US,D,20200827,000000,15.688,15.778,15.588,15.693,9507,0
EDUT.US,D,20200828,000000,15.928,15.928,15.811,15.833,7740,0
EDUT.US,D,20200831,000000,15.978,16.048,15.898,15.984,11926,0
EDUT.US,D,20200901,000000,16.487,17.027,16.487,17.026,17686,0
EDUT.US,D,20200902,000000,17.237,17.237,16.457,16.641,243903,0
EDUT.US,D,20200903,000000,16.487,16.487,15.678,15.748,12294,0
EDUT.US,D,20200904,000000,15.938,15.938,15.218,15.653,13724,0
EDUT.US,D,20200908,000000,15.288,15.468,15.088,15.343,5954,0
EDUT.US,D,20200909,000000,15.463,15.546,15.358,15.541,3138,0
EDUT.US,D,20200910,000000,15.665,15.665,15.293,15.401,4165,0
EDUT.US,D,20200911,000000,15.638,15.638,15.298,15.428,1389,0
EDUT.US,D,20200914,000000,15.598,15.871,15.588,15.871,2676,0
EDUT.US,D,20200915,000000,16.088,16.088,15.938,16.058,777,0
EDUT.US,D,20200916,000000,16.148,16.253,16.128,16.215,2776,0
EDUT.US,D,20200917,000000,15.808,16.186,15.808,16.186,1831,0
EDUT.US,D,20200918,000000,16.162,16.303,16.118,16.303,8192,0
EDUT.US,D,20200921,000000,16.168,16.379,15.918,16.379,6289,0
EDUT.US,D,20200922,000000,16.318,16.517,16.318,16.517,1058,0
EDUT.US,D,20200923,000000,16.597,16.847,16.525,16.525,4975,0
EDUT.US,D,20200924,000000,16.527,16.527,16.198,16.223,15930,0
EDUT.US,D,20200925,000000,16.278,16.457,16.278,16.43,2805,0
EDUT.US,D,20200928,000000,16.467,16.672,16.462,16.468,3764,0
EDUT.US,D,20200929,000000,16.477,16.477,16.34,16.34,4441,0
EDUT.US,D,20200930,000000,16.777,16.777,16.302,16.302,31319,0
EDUT.US,D,20201001,000000,16.462,16.635,16.462,16.635,679,0
EDUT.US,D,20201002,000000,16.547,16.737,16.457,16.607,3402,0
EDUT.US,D,20201005,000000,16.737,16.737,16.417,16.637,5532,0
EDUT.US,D,20201006,000000,16.927,16.987,16.853,16.853,8263,0
EDUT.US,D,20201007,000000,17.037,17.237,17.037,17.217,4203,0
EDUT.US,D,20201008,000000,17.104,17.157,17.077,17.112,3417,0
EDUT.US,D,20201009,000000,17.387,17.657,17.317,17.657,7031,0
EDUT.US,D,20201012,000000,17.757,17.946,17.757,17.816,25360,0
EDUT.US,D,20201013,000000,17.731,17.871,17.731,17.831,827,0
EDUT.US,D,20201014,000000,17.956,17.986,17.697,17.734,8447,0
EDUT.US,D,20201015,000000,17.617,17.692,17.487,17.639,8548,0
EDUT.US,D,20201016,000000,17.806,17.806,17.707,17.721,4672,0
EDUT.US,D,20201019,000000,17.896,17.896,17.477,17.537,8169,0
EDUT.US,D,20201020,000000,17.795,17.795,17.64,17.667,2904,0
EDUT.US,D,20201021,000000,17.197,17.197,16.675,16.707,11303,0
EDUT.US,D,20201022,000000,16.584,16.584,16.338,16.412,4728,0
EDUT.US,D,20201023,000000,16.467,16.467,16.238,16.238,5512,0
EDUT.US,D,20201026,000000,16.388,16.407,16.133,16.158,5433,0
EDUT.US,D,20201027,000000,16.293,16.313,16.04,16.198,16035,0
EDUT.US,D,20201028,000000,16.118,16.118,15.818,15.847,9278,0
EDUT.US,D,20201029,000000,15.817,15.858,15.65,15.768,6848,0
EDUT.US,D,20201030,000000,15.778,15.778,15.353,15.388,3797,0
EDUT.US,D,20201102,000000,15.398,15.808,15.081,15.318,4389,0
EDUT.US,D,20201103,000000,15.448,15.558,15.318,15.481,12372,0
EDUT.US,D,20201104,000000,15.548,16.268,15.548,16.238,38658,0
EDUT.US,D,20201105,000000,16.412,16.597,16.345,16.497,9223,0
EDUT.US,D,20201106,000000,16.457,16.537,16.446,16.446,2394,0
EDUT.US,D,20201109,000000,16.727,16.727,16.008,16.045,17047,0
EDUT.US,D,20201110,000000,15.768,15.888,15.663,15.748,6642,0
EDUT.US,D,20201111,000000,15.928,15.988,15.858,15.926,5726,0
EDUT.US,D,20201112,000000,16.158,16.222,16.083,16.088,3598,0
EDUT.US,D,20201113,000000,16.388,16.388,16.128,16.128,2486,0
EDUT.US,D,20201116,000000,16.363,16.409,16.288,16.399,3130,0
EDUT.US,D,20201117,000000,16.338,16.477,16.328,16.477,5470,0
EDUT.US,D,20201118,000000,16.537,16.537,16.288,16.321,1313,0
EDUT.US,D,20201119,000000,16.318,16.658,16.318,16.658,4686,0
EDUT.US,D,20201120,000000,16.542,16.802,16.542,16.707,3654,0
EDUT.US,D,20201123,000000,16.707,16.897,16.527,16.697,4822,0
EDUT.US,D,20201124,000000,16.567,16.744,16.527,16.577,4189,0
EDUT.US,D,20201125,000000,16.654,16.972,16.604,16.947,3263,0
EDUT.US,D,20201127,000000,16.987,17.227,16.987,17.227,5185,0
EDUT.US,D,20201130,000000,17.247,17.247,17.127,17.163,1882,0
EDUT.US,D,20201201,000000,17.397,17.397,17.137,17.18,9400,0
EDUT.US,D,20201202,000000,16.962,17.107,16.962,17.046,3017,0
EDUT.US,D,20201203,000000,17.237,17.237,17.161,17.207,1587,0
EDUT.US,D,20201204,000000,17.262,17.297,17.127,17.194,2926,0
EDUT.US,D,20201207,000000,17.167,17.307,17.147,17.199,2142,0
EDUT.US,D,20201208,000000,17.107,17.337,17.087,17.272,6812,0
EDUT.US,D,20201209,000000,17.277,17.277,16.787,16.921,4172,0
EDUT.US,D,20201210,000000,17.087,17.197,17.087,17.197,1255,0
EDUT.US,D,20201211,000000,17.187,17.307,17.084,17.167,31494,0
EDUT.US,D,20201214,000000,17.467,17.487,17.267,17.487,3543,0
EDUT.US,D,20201215,000000,17.587,17.677,17.587,17.677,507,0
EDUT.US,D,20201216,000000,17.791,17.846,17.667,17.846,3865,0
EDUT.US,D,20201217,000000,17.577,17.956,17.517,17.956,19661,0
EDUT.US,D,20201218,000000,17.936,17.936,17.746,17.847,1777,0
EDUT.US,D,20201221,000000,17.836,17.866,17.741,17.866,2124,0
EDUT.US,D,20201222,000000,17.936,17.986,17.786,17.966,4873,0
EDUT.US,D,20201223,000000,18.056,18.066,17.936,18.066,3721,0
EDUT.US,D,20201224,000000,17.796,18.156,17.796,18.096,3232,0
EDUT.US,D,20201228,000000,18.096,18.096,17.746,17.876,4641,0
EDUT.US,D,20201229,000000,17.617,17.736,17.617,17.694,1089,0
EDUT.US,D,20201230,000000,18.076,18.211,18.076,18.09,5151,0
EDUT.US,D,20201231,000000,18.306,18.306,18.041,18.116,2542,0
EDUT.US,D,20210104,000000,18.306,18.306,17.597,17.806,16340,0
EDUT.US,D,20210105,000000,17.806,17.986,17.771,17.986,1151,0
EDUT.US,D,20210106,000000,17.926,17.926,17.806,17.876,1964,0
EDUT.US,D,20210107,000000,17.816,17.856,17.806,17.856,3245,0
EDUT.US,D,20210108,000000,18.026,18.186,17.981,18.186,6958,0
EDUT.US,D,20210111,000000,17.976,18.146,17.687,18.126,10089,0
EDUT.US,D,20210112,000000,18.036,18.036,17.896,17.938,2696,0
EDUT.US,D,20210113,000000,17.846,18.046,17.846,17.986,1169,0
EDUT.US,D,20210114,000000,18.136,18.315,18.136,18.266,10140,0
EDUT.US,D,20210115,000000,18.486,18.486,18.036,18.036,9093,0
EDUT.US,D,20210119,000000,18.436,18.436,18.406,18.416,4291,0
EDUT.US,D,20210120,000000,18.786,18.846,18.576,18.786,3795,0
EDUT.US,D,20210121,000000,18.646,19.125,18.646,19.047,10345,0
EDUT.US,D,20210122,000000,19.065,19.085,18.886,19.045,4987,0
EDUT.US,D,20210125,000000,19.145,19.425,18.926,19.124,40412,0
EDUT.US,D,20210126,000000,19.305,19.385,19.155,19.355,26168,0
EDUT.US,D,20210127,000000,19.675,20.014,19.535,19.675,8321,0
EDUT.US,D,20210128,000000,19.335,19.335,18.766,19.105,6363,0
EDUT.US,D,20210129,000000,19.016,19.065,18.826,19.022,2766,0
EDUT.US,D,20210201,000000,19.075,19.175,18.836,19.095,5256,0
EDUT.US,D,20210202,000000,19.255,19.445,19.245,19.394,13620,0
EDUT.US,D,20210203,000000,19.585,19.585,19.371,19.475,2720,0
EDUT.US,D,20210204,000000,19.4,19.575,19.4,19.53,7546,0
EDUT.US,D,20210205,000000,19.845,19.895,19.815,19.859,6253,0
EDUT.US,D,20210208,000000,19.855,20.285,19.855,19.935,12802,0
EDUT.US,D,20210209,000000,20.255,20.364,20.182,20.305,50872,0
EDUT.US,D,20210210,000000,20.465,20.593,20.325,20.415,5600,0
EDUT.US,D,20210211,000000,20.614,20.644,20.479,20.584,11572,0
EDUT.US,D,20210212,000000,20.744,21.134,20.647,21.12,6120,0
EDUT.US,D,20210216,000000,21.184,21.653,21.024,21.094,34182,0
EDUT.US,D,20210217,000000,20.944,20.944,20.484,20.644,15150,0
EDUT.US,D,20210218,000000,20.464,20.464,20.215,20.464,4051,0
EDUT.US,D,20210219,000000,20.674,20.884,20.674,20.691,4697,0
EDUT.US,D,20210222,000000,20.384,20.434,19.885,19.91,8066,0
EDUT.US,D,20210223,000000,19.795,19.795,19.085,19.795,19812,0
EDUT.US,D,20210224,000000,19.625,19.625,19.237,19.517,17286,0
EDUT.US,D,20210225,000000,19.59,19.605,19.135,19.17,5897,0
EDUT.US,D,20210226,000000,19.035,19.135,19.035,19.048,2411,0
EDUT.US,D,20210301,000000,19.425,19.425,19.31,19.403,3488,0
EDUT.US,D,20210302,000000,19.545,19.545,19.172,19.305,13924,0
EDUT.US,D,20210303,000000,19.085,19.085,18.49,18.553,186354,0
EDUT.US,D,20210304,000000,18.626,18.626,17.986,18.151,13380,0
EDUT.US,D,20210305,000000,18.046,18.253,17.806,18.253,7897,0
EDUT.US,D,20210308,000000,18.236,18.236,17.746,17.746,3212,0
EDUT.US,D,20210309,000000,18.396,18.586,18.116,18.506,11028,0
EDUT.US,D,20210310,000000,17.716,18.606,17.716,17.856,71672,0
EDUT.US,D,20210311,000000,18.036,18.406,18.036,18.323,4507,0
EDUT.US,D,20210312,000000,18.486,18.486,18.266,18.425,2251,0
EDUT.US,D,20210315,000000,18.496,18.496,18.301,18.432,6226,0
EDUT.US,D,20210316,000000,18.436,18.671,18.416,18.436,10705,0
EDUT.US,D,20210317,000000,18.436,18.464,18.176,18.403,6598,0
EDUT.US,D,20210318,000000,18.09,18.146,18.002,18.002,1924,0
EDUT.US,D,20210319,000000,17.886,18.001,17.886,18.001,966,0
EDUT.US,D,20210322,000000,19.785,19.785,18.015,18.086,22830,0
EDUT.US,D,20210323,000000,17.986,18.086,17.786,17.786,8430,0
EDUT.US,D,20210324,000000,17.736,17.736,17.037,17.182,9537,0
EDUT.US,D,20210325,000000,16.847,17.252,16.847,17.017,2192,0
EDUT.US,D,20210326,000000,16.922,17.047,16.268,16.567,39854,0
EDUT.US,D,20210329,000000,16.817,16.817,16.238,16.338,18981,0
EDUT.US,D,20210330,000000,16.358,16.577,16.338,16.338,44306,0
EDUT.US,D,20210331,000000,16.427,16.767,16.427,16.579,2872,0
EDUT.US,D,20210401,000000,17.147,17.207,16.797,16.797,7195,0
EDUT.US,D,20210405,000000,17.167,17.167,16.807,17.067,28096,0
EDUT.US,D,20210406,000000,17.057,17.377,16.94,17.197,2345,0
EDUT.US,D,20210407,000000,17.327,17.327,16.752,16.977,23338,0
EDUT.US,D,20210408,000000,16.917,16.977,16.838,16.977,8626,0
EDUT.US,D,20210409,000000,16.747,16.867,16.747,16.852,4906,0
EDUT.US,D,20210412,000000,16.947,16.947,16.667,16.767,13779,0
EDUT.US,D,20210413,000000,16.977,16.977,16.738,16.907,2171,0
EDUT.US,D,20210414,000000,16.941,17.007,16.807,16.817,14824,0
EDUT.US,D,20210415,000000,16.868,16.982,16.837,16.982,5259,0
EDUT.US,D,20210416,000000,16.947,17.147,16.877,17.057,40461,0
EDUT.US,D,20210419,000000,17.044,17.049,16.962,16.962,3462,0
EDUT.US,D,20210420,000000,17.047,17.257,16.872,17.047,14839,0
EDUT.US,D,20210421,000000,16.887,17.307,16.887,17.037,2080,0
EDUT.US,D,20210422,000000,17.187,17.356,17.187,17.237,2129,0
EDUT.US,D,20210423,000000,17.137,17.317,17.137,17.317,7435,0
EDUT.US,D,20210426,000000,17.377,17.527,17.377,17.527,1716,0
EDUT.US,D,20210427,000000,17.372,17.486,17.357,17.387,14083,0
EDUT.US,D,20210428,000000,17.467,17.467,17.308,17.407,4792,0
EDUT.US,D,20210429,000000,17.317,17.317,16.989,17.052,7095,0
EDUT.US,D,20210430,000000,16.987,17.037,16.737,16.743,6186,0
EDUT.US,D,20210503,000000,16.717,16.737,16.378,16.378,122579,0
EDUT.US,D,20210504,000000,16.188,16.188,15.788,16.108,16920,0
EDUT.US,D,20210505,000000,16.108,16.278,15.988,15.988,1278,0
EDUT.US,D,20210506,000000,15.659,15.679,15.658,15.679,1627,0
EDUT.US,D,20210507,000000,15.718,16.138,15.718,15.908,7577,0
EDUT.US,D,20210510,000000,15.888,15.888,15.488,15.514,2272,0
EDUT.US,D,20210511,000000,15.398,15.518,15.218,15.518,11912,0
EDUT.US,D,20210512,000000,15.378,15.378,14.889,15.049,18034,0
EDUT.US,D,20210513,000000,14.839,14.978,14.539,14.539,22781,0
EDUT.US,D,20210514,000000,14.489,14.939,14.489,14.839,3659,0
EDUT.US,D,20210517,000000,14.939,14.939,14.769,14.874,10719,0
EDUT.US,D,20210518,000000,14.839,15.158,14.839,14.934,6698,0
EDUT.US,D,20210519,000000,14.759,14.769,14.599,14.746,14242,0
EDUT.US,D,20210520,000000,15.039,15.208,15.039,15.118,6199,0
EDUT.US,D,20210521,000000,15.059,15.059,14.689,14.779,3980,0
EDUT.US,D,20210524,000000,14.669,14.669,14.149,14.224,3633,0
EDUT.US,D,20210525,000000,14.419,14.669,14.419,14.639,2970,0
EDUT.US,D,20210526,000000,14.536,14.609,14.536,14.559,2562,0
EDUT.US,D,20210527,000000,14.539,14.599,14.379,14.56,16970,0
EDUT.US,D,20210528,000000,14.749,14.749,14.439,14.639,5364,0
EDUT.US,D,20210601,000000,14.829,14.829,14.619,14.659,4788,0
EDUT.US,D,20210602,000000,14.559,14.599,14.469,14.589,5125,0
EDUT.US,D,20210603,000000,14.589,14.589,13.59,14.059,9102,0
EDUT.US,D,20210604,000000,14.029,14.029,13.949,13.989,2445,0
EDUT.US,D,20210607,000000,13.969,13.969,13.849,13.949,7524,0
EDUT.US,D,20210608,000000,14.139,14.199,14.049,14.199,13743,0
EDUT.US,D,20210609,000000,14.339,14.481,14.319,14.338,4280,0
EDUT.US,D,20210610,000000,14.421,14.519,14.389,14.479,2789,0
EDUT.US,D,20210611,000000,14.489,14.489,14.399,14.489,6023,0
EDUT.US,D,20210614,000000,14.409,14.859,14.139,14.599,12825,0
EDUT.US,D,20210615,000000,14.519,14.579,14.519,14.519,3122,0
EDUT.US,D,20210616,000000,14.339,14.339,13.989,14.099,7666,0
EDUT.US,D,20210617,000000,13.919,14.049,13.909,13.969,6718,0
EDUT.US,D,20210618,000000,13.989,14.039,13.959,13.959,2689,0
EDUT.US,D,20210621,000000,14.039,14.039,14.039,14.039,599,0
EDUT.US,D,20210622,000000,14.199,14.219,14.069,14.219,3878,0
EDUT.US,D,20210623,000000,14.3,14.389,14.039,14.239,17017,0
EDUT.US,D,20210624,000000,14.344,14.449,14.335,14.416,1941,0
EDUT.US,D,20210625,000000,14.559,14.559,14.369,14.369,4734,0
EDUT.US,D,20210628,000000,14.429,14.528,14.429,14.429,3769,0
EDUT.US,D,20210629,000000,14.3,14.7,14.3,14.4189,19149,0
EDUT.US,D,20210630,000000,14.39,14.39,14.21,14.2653,1973,0
EDUT.US,D,20210701,000000,14.2,14.27,14.12,14.13,3048,0
EDUT.US,D,20210702,000000,14.2,14.248,14.15,14.15,2480,0
EDUT.US,D,20210706,000000,14.16,14.2288,14.16,14.2288,2313,0
EDUT.US,D,20210707,000000,14.065,14.065,13.91,13.955,4973,0
EDUT.US,D,20210708,000000,13.68,13.68,13.11,13.66,5157,0
EDUT.US,D,20210709,000000,13.73,13.96,13.73,13.96,2403,0
EDUT.US,D,20210712,000000,13.83,13.83,13.73,13.7301,2360,0
EDUT.US,D,20210713,000000,13.6901,13.89,13.6901,13.79,935,0
EDUT.US,D,20210714,000000,13.9,13.975,13.71,13.87,2462,0
EDUT.US,D,20210715,000000,13.68,13.73,13.49,13.73,6037,0
EDUT.US,D,20210716,000000,13.66,13.66,13.35,13.37,5650,0
EDUT.US,D,20210719,000000,13.28,13.28,13.09,13.1,1904,0
EDUT.US,D,20210720,000000,13.425,13.46,13.34,13.425,1859,0
EDUT.US,D,20210721,000000,13.4,13.41,13.4,13.41,8346,0
EDUT.US,D,20210722,000000,13.63,13.79,13.61,13.61,1388,0
EDUT.US,D,20210723,000000,12.7,12.75,12.52,12.5536,18474,0
EDUT.US,D,20210726,000000,12.18,12.38,12.0127,12.2387,29022,0
EDUT.US,D,20210727,000000,12.34,12.34,11.85,12.065,10188,0
EDUT.US,D,20210728,000000,12.065,12.34,12.03,12.2452,3998,0
EDUT.US,D,20210729,000000,12.22,12.515,12.21,12.4,93118,0
EDUT.US,D,20210730,000000,12.305,12.3393,12.305,12.3393,938,0
EDUT.US,D,20210802,000000,12.28,12.2977,12.05,12.2317,3154,0
EDUT.US,D,20210803,000000,12.29,12.29,12.0292,12.17,2415,0
EDUT.US,D,20210804,000000,12.23,12.23,11.98,12.01,7605,0
EDUT.US,D,20210805,000000,12.13,12.193,12.13,12.1722,1466,0
EDUT.US,D,20210806,000000,11.99,12,11.945,11.945,2498,0
EDUT.US,D,20210809,000000,12.27,12.27,11.84,11.9006,7217,0
EDUT.US,D,20210810,000000,11.99,12.15,11.78,11.88,7025,0
EDUT.US,D,20210811,000000,11.81,11.82,11.73,11.7945,3708,0
EDUT.US,D,20210812,000000,11.69,11.69,11.5706,11.625,4590,0
EDUT.US,D,20210813,000000,11.55,11.67,11.55,11.6609,3802,0
EDUT.US,D,20210816,000000,11.5,11.55,11.45,11.55,2836,0
EDUT.US,D,20210817,000000,11.47,11.47,11.25,11.29,3082,0
EDUT.US,D,20210818,000000,11.24,11.4485,11.24,11.3294,1224,0
EDUT.US,D,20210819,000000,11.24,11.2675,11.1918,11.1918,2587,0
EDUT.US,D,20210820,000000,11.02,11.33,11.02,11.3202,15585,0
EDUT.US,D,20210823,000000,11.37,11.485,11.36,11.485,5913,0
EDUT.US,D,20210824,000000,11.37,11.7,11.37,11.686,10624,0
EDUT.US,D,20210825,000000,11.7158,11.756,11.7,11.71,7578,0
EDUT.US,D,20210826,000000,11.53,11.76,11.53,11.68,1486,0
EDUT.US,D,20210827,000000,11.7013,11.7529,11.7013,11.72,1452,0
EDUT.US,D,20210830,000000,11.86,12,11.74,11.81,10169,0
EDUT.US,D,20210831,000000,11.8,11.8,11.6987,11.73,4222,0
EDUT.US,D,20210901,000000,11.73,11.99,11.73,11.9036,16010,0
