<TICKER>,<PER>,<DATE>,<TIME>,<OPEN>,<HIGH>,<LOW>,<CLOSE>,<VOL>,<OPENINT>
EFAS.US,D,20161116,000000,12.178,12.178,12.178,12.178,244,0
EFAS.US,D,20161117,000000,12.229,12.229,12.229,12.229,3945,0
EFAS.US,D,20161118,000000,12.116,12.116,12.116,12.116,2928,0
EFAS.US,D,20161121,000000,12.185,12.185,12.185,12.185,120,0
EFAS.US,D,20161125,000000,12.353,12.353,12.353,12.353,1536,0
EFAS.US,D,20161128,000000,12.278,12.278,12.278,12.278,643,0
EFAS.US,D,20161129,000000,12.229,12.229,12.229,12.229,265,0
EFAS.US,D,20161205,000000,12.462,12.541,12.462,12.541,894,0
EFAS.US,D,20161206,000000,12.676,12.676,12.676,12.676,194,0
EFAS.US,D,20161208,000000,12.811,12.811,12.811,12.811,186,0
EFAS.US,D,20161212,000000,12.862,12.862,12.862,12.862,420,0
EFAS.US,D,20161213,000000,12.983,12.983,12.983,12.983,306,0
EFAS.US,D,20161214,000000,12.949,12.958,12.888,12.888,430,0
EFAS.US,D,20170111,000000,13.041,13.064,13.041,13.064,413,0
EFAS.US,D,20170123,000000,13.17,13.17,13.156,13.156,483,0
EFAS.US,D,20170125,000000,13.384,13.386,13.384,13.386,259,0
EFAS.US,D,20170127,000000,13.303,13.303,13.303,13.303,117,0
EFAS.US,D,20170130,000000,13.164,13.164,13.164,13.164,612,0
EFAS.US,D,20170131,000000,13.228,13.228,13.228,13.228,482,0
EFAS.US,D,20170203,000000,13.21,13.234,13.21,13.234,2386,0
EFAS.US,D,20170206,000000,13.058,13.079,13.058,13.063,837,0
EFAS.US,D,20170207,000000,13.045,13.063,13.045,13.063,1344,0
EFAS.US,D,20170213,000000,13.408,13.408,13.298,13.298,1224,0
EFAS.US,D,20170215,000000,13.343,13.343,13.343,13.343,1029,0
EFAS.US,D,20170216,000000,13.358,13.358,13.358,13.358,1214,0
EFAS.US,D,20170217,000000,13.318,13.318,13.216,13.253,1582,0
EFAS.US,D,20170222,000000,13.16,13.21,13.16,13.21,628,0
EFAS.US,D,20170223,000000,13.309,13.309,13.309,13.309,244,0
EFAS.US,D,20170224,000000,13.063,13.063,13.063,13.063,117,0
EFAS.US,D,20170227,000000,13.112,13.112,13.112,13.112,400,0
EFAS.US,D,20170228,000000,13.097,13.168,13.097,13.168,3636,0
EFAS.US,D,20170302,000000,13.315,13.315,13.267,13.267,243,0
EFAS.US,D,20170303,000000,13.277,13.277,13.277,13.277,117,0
EFAS.US,D,20170306,000000,13.323,13.323,13.297,13.297,608,0
EFAS.US,D,20170308,000000,13.157,13.157,13.157,13.157,304,0
EFAS.US,D,20170310,000000,13.362,13.406,13.362,13.406,1393,0
EFAS.US,D,20170313,000000,13.438,13.456,13.417,13.456,4017,0
EFAS.US,D,20170315,000000,13.466,13.466,13.399,13.443,721,0
EFAS.US,D,20170317,000000,13.605,13.641,13.605,13.641,1509,0
EFAS.US,D,20170320,000000,13.563,13.563,13.563,13.563,212,0
EFAS.US,D,20170322,000000,13.43,13.43,13.43,13.43,793,0
EFAS.US,D,20170323,000000,13.438,13.474,13.438,13.474,607,0
EFAS.US,D,20170327,000000,13.587,13.587,13.587,13.587,211,0
EFAS.US,D,20170328,000000,13.687,13.687,13.687,13.687,307,0
EFAS.US,D,20170329,000000,13.648,13.648,13.648,13.648,191,0
EFAS.US,D,20170331,000000,13.648,13.678,13.648,13.655,4318,0
EFAS.US,D,20170404,000000,13.583,13.602,13.583,13.602,360,0
EFAS.US,D,20170407,000000,13.619,13.646,13.619,13.646,888,0
EFAS.US,D,20170413,000000,14.739,14.739,14.739,14.739,833,0
EFAS.US,D,20170417,000000,13.637,13.66,13.622,13.629,10370,0
EFAS.US,D,20170419,000000,13.592,13.592,13.592,13.592,362,0
EFAS.US,D,20170420,000000,13.675,13.675,13.675,13.675,1205,0
EFAS.US,D,20170425,000000,14.068,14.093,14,14.093,3491,0
EFAS.US,D,20170428,000000,14.034,14.034,14.034,14.034,611,0
EFAS.US,D,20170502,000000,14.158,14.197,14.158,14.193,2118,0
EFAS.US,D,20170503,000000,14.114,14.121,14.101,14.101,1083,0
EFAS.US,D,20170504,000000,14.238,14.238,14.235,14.235,1082,0
EFAS.US,D,20170505,000000,14.39,14.39,14.39,14.39,853,0
EFAS.US,D,20170508,000000,14.39,14.39,14.227,14.312,13660,0
EFAS.US,D,20170509,000000,14.268,14.274,14.258,14.274,5401,0
EFAS.US,D,20170510,000000,14.312,14.34,14.312,14.331,1754,0
EFAS.US,D,20170511,000000,14.246,14.246,14.194,14.245,4834,0
EFAS.US,D,20170512,000000,14.259,14.312,14.259,14.312,775,0
EFAS.US,D,20170515,000000,14.382,14.406,14.293,14.406,1386,0
EFAS.US,D,20170516,000000,14.414,14.54,14.414,14.54,2006,0
EFAS.US,D,20170517,000000,14.408,14.422,14.386,14.386,1217,0
EFAS.US,D,20170518,000000,14.247,14.43,14.246,14.364,5149,0
EFAS.US,D,20170519,000000,14.486,14.579,14.486,14.579,2160,0
EFAS.US,D,20170522,000000,14.689,14.689,14.656,14.656,990,0
EFAS.US,D,20170523,000000,14.67,14.67,14.67,14.67,128,0
EFAS.US,D,20170524,000000,14.625,14.625,14.625,14.625,363,0
EFAS.US,D,20170525,000000,14.562,14.562,14.562,14.562,2426,0
EFAS.US,D,20170526,000000,14.496,14.496,14.422,14.474,10561,0
EFAS.US,D,20170530,000000,14.372,14.479,14.372,14.479,692,0
EFAS.US,D,20170601,000000,14.419,14.462,14.419,14.462,480,0
EFAS.US,D,20170602,000000,14.548,14.548,14.548,14.548,1435,0
EFAS.US,D,20170606,000000,14.445,14.445,14.433,14.433,291,0
EFAS.US,D,20170607,000000,14.436,14.51,14.436,14.51,397,0
EFAS.US,D,20170608,000000,14.502,14.519,14.477,14.477,522,0
EFAS.US,D,20170609,000000,14.462,14.462,14.436,14.436,714,0
EFAS.US,D,20170612,000000,14.412,14.412,14.412,14.412,217,0
EFAS.US,D,20170614,000000,14.62,14.66,14.62,14.66,3242,0
EFAS.US,D,20170615,000000,14.428,14.428,14.428,14.428,684,0
EFAS.US,D,20170616,000000,14.552,14.604,14.552,14.604,627,0
EFAS.US,D,20170620,000000,14.586,14.596,14.586,14.596,2276,0
EFAS.US,D,20170623,000000,14.378,14.378,14.378,14.378,117,0
EFAS.US,D,20170626,000000,14.428,14.428,14.428,14.428,117,0
EFAS.US,D,20170705,000000,14.564,14.564,14.564,14.564,290,0
EFAS.US,D,20170707,000000,14.568,14.588,14.568,14.588,1372,0
EFAS.US,D,20170710,000000,14.621,14.621,14.621,14.621,388,0
EFAS.US,D,20170711,000000,14.585,14.585,14.57,14.57,2089,0
EFAS.US,D,20170714,000000,14.883,14.928,14.883,14.928,895,0
EFAS.US,D,20170717,000000,14.999,14.999,14.883,14.975,20745,0
EFAS.US,D,20170718,000000,14.992,14.996,14.984,14.996,2008,0
EFAS.US,D,20170719,000000,15.036,15.036,15.036,15.036,1131,0
EFAS.US,D,20170721,000000,14.989,14.989,14.989,14.989,183,0
EFAS.US,D,20170724,000000,14.999,15.075,14.999,15.075,2181,0
EFAS.US,D,20170725,000000,15.154,15.154,15.154,15.154,780,0
EFAS.US,D,20170726,000000,15.219,15.319,15.219,15.319,600,0
EFAS.US,D,20170727,000000,15.257,15.293,15.257,15.293,1727,0
EFAS.US,D,20170728,000000,15.31,15.339,15.275,15.329,5300,0
EFAS.US,D,20170731,000000,15.372,15.391,15.372,15.391,944,0
EFAS.US,D,20170801,000000,15.486,15.486,15.486,15.486,1210,0
EFAS.US,D,20170802,000000,15.474,15.526,15.474,15.522,2264,0
EFAS.US,D,20170803,000000,15.535,15.555,15.535,15.535,3853,0
EFAS.US,D,20170804,000000,15.526,15.535,15.526,15.535,336,0
EFAS.US,D,20170807,000000,15.535,15.545,15.526,15.535,1613,0
EFAS.US,D,20170808,000000,15.521,15.528,15.49,15.49,1796,0
EFAS.US,D,20170809,000000,15.399,15.474,15.399,15.458,1929,0
EFAS.US,D,20170810,000000,15.414,15.414,15.241,15.325,4131,0
EFAS.US,D,20170811,000000,15.14,15.28,15.14,15.28,1967,0
EFAS.US,D,20170814,000000,15.335,15.335,15.335,15.335,1110,0
EFAS.US,D,20170815,000000,15.325,15.325,15.282,15.316,1874,0
EFAS.US,D,20170816,000000,15.335,15.368,15.327,15.368,2258,0
EFAS.US,D,20170817,000000,15.313,15.313,15.296,15.296,360,0
EFAS.US,D,20170818,000000,15.242,15.325,15.242,15.325,1501,0
EFAS.US,D,20170822,000000,15.29,15.33,15.28,15.33,2106,0
EFAS.US,D,20170823,000000,15.325,15.325,15.325,15.325,613,0
EFAS.US,D,20170825,000000,15.38,15.38,15.38,15.38,326,0
EFAS.US,D,20170828,000000,15.393,15.41,15.393,15.41,1174,0
EFAS.US,D,20170829,000000,15.37,15.37,15.37,15.37,202,0
EFAS.US,D,20170901,000000,15.379,15.383,15.372,15.383,6028,0
EFAS.US,D,20170905,000000,15.268,15.268,15.268,15.268,187,0
EFAS.US,D,20170908,000000,15.463,15.463,15.463,15.463,830,0
EFAS.US,D,20170911,000000,15.52,15.569,15.492,15.569,2013,0
EFAS.US,D,20170912,000000,15.645,15.645,15.645,15.645,165,0
EFAS.US,D,20170913,000000,15.557,15.557,15.476,15.476,844,0
EFAS.US,D,20170914,000000,15.41,15.501,15.391,15.501,4032,0
EFAS.US,D,20170918,000000,15.481,15.528,15.481,15.528,728,0
EFAS.US,D,20170920,000000,15.619,15.636,15.598,15.63,1227,0
EFAS.US,D,20170921,000000,15.547,15.563,15.547,15.563,321,0
EFAS.US,D,20170922,000000,15.602,15.602,15.602,15.602,128,0
EFAS.US,D,20170927,000000,15.441,15.501,15.441,15.501,538,0
EFAS.US,D,20170928,000000,15.469,15.469,15.44,15.44,475,0
EFAS.US,D,20170929,000000,15.562,15.602,15.562,15.602,793,0
EFAS.US,D,20171002,000000,15.611,15.611,15.503,15.554,1230,0
EFAS.US,D,20171003,000000,15.555,15.555,15.555,15.555,291,0
EFAS.US,D,20171004,000000,15.512,15.514,15.484,15.514,2513,0
EFAS.US,D,20171005,000000,15.503,15.503,15.484,15.494,1652,0
EFAS.US,D,20171006,000000,15.426,15.437,15.317,15.437,2459,0
EFAS.US,D,20171010,000000,15.494,15.587,15.494,15.587,1481,0
EFAS.US,D,20171011,000000,15.477,15.587,15.477,15.587,1085,0
EFAS.US,D,20171012,000000,15.564,15.578,15.564,15.578,460,0
EFAS.US,D,20171013,000000,15.622,15.636,15.622,15.636,287,0
EFAS.US,D,20171016,000000,15.541,15.541,15.541,15.541,198,0
EFAS.US,D,20171017,000000,15.564,15.564,15.564,15.564,139,0
EFAS.US,D,20171018,000000,15.558,15.562,15.558,15.562,803,0
EFAS.US,D,20171019,000000,15.648,15.648,15.648,15.648,245,0
EFAS.US,D,20171020,000000,15.668,15.668,15.668,15.668,210,0
EFAS.US,D,20171023,000000,15.611,15.625,15.611,15.611,589,0
EFAS.US,D,20171024,000000,15.611,15.611,15.611,15.611,287,0
EFAS.US,D,20171026,000000,15.534,15.549,15.529,15.549,1519,0
EFAS.US,D,20171027,000000,15.462,15.462,15.375,15.41,1490,0
EFAS.US,D,20171031,000000,15.442,15.442,15.442,15.442,239,0
EFAS.US,D,20171101,000000,15.523,15.523,15.515,15.515,1344,0
EFAS.US,D,20171102,000000,15.484,15.486,15.484,15.486,304,0
EFAS.US,D,20171103,000000,15.31,15.329,15.249,15.329,1466,0
EFAS.US,D,20171106,000000,15.31,15.373,15.305,15.373,1653,0
EFAS.US,D,20171107,000000,15.373,15.373,15.373,15.373,724,0
EFAS.US,D,20171108,000000,15.373,15.379,15.367,15.367,533,0
EFAS.US,D,20171109,000000,15.355,15.355,15.344,15.344,460,0
EFAS.US,D,20171110,000000,15.334,15.353,15.334,15.353,2350,0
EFAS.US,D,20171113,000000,15.249,15.249,15.176,15.176,440,0
EFAS.US,D,20171115,000000,15.178,15.178,15.178,15.178,236,0
EFAS.US,D,20171116,000000,15.257,15.257,15.257,15.257,137,0
EFAS.US,D,20171117,000000,15.214,15.214,15.214,15.214,363,0
EFAS.US,D,20171122,000000,15.199,15.249,15.199,15.214,2818,0
EFAS.US,D,20171124,000000,15.35,15.35,15.35,15.35,148,0
EFAS.US,D,20171127,000000,15.373,15.379,15.373,15.379,760,0
EFAS.US,D,20171130,000000,15.573,15.573,15.542,15.542,1154,0
EFAS.US,D,20171204,000000,15.38,15.41,15.38,15.41,588,0
EFAS.US,D,20171205,000000,15.498,15.498,15.38,15.38,852,0
EFAS.US,D,20171207,000000,15.386,15.386,15.386,15.386,117,0
EFAS.US,D,20171208,000000,15.493,15.493,15.473,15.473,1479,0
EFAS.US,D,20171211,000000,15.592,15.592,15.544,15.544,657,0
EFAS.US,D,20171213,000000,15.447,15.576,15.446,15.576,4326,0
EFAS.US,D,20171214,000000,15.48,15.592,15.48,15.592,4678,0
EFAS.US,D,20171219,000000,15.699,15.699,15.576,15.576,611,0
EFAS.US,D,20171221,000000,15.69,15.69,15.593,15.593,721,0
EFAS.US,D,20171222,000000,15.705,15.712,15.699,15.712,884,0
EFAS.US,D,20171227,000000,15.797,15.797,15.765,15.765,1842,0
EFAS.US,D,20171228,000000,15.64,15.64,15.56,15.56,1454,0
EFAS.US,D,20171229,000000,15.63,15.63,15.612,15.612,2776,0
EFAS.US,D,20180102,000000,15.761,15.761,15.676,15.699,4505,0
EFAS.US,D,20180103,000000,15.695,15.749,15.595,15.749,6998,0
EFAS.US,D,20180104,000000,15.867,15.901,15.859,15.859,976,0
EFAS.US,D,20180105,000000,15.976,16.01,15.961,16.001,4856,0
EFAS.US,D,20180108,000000,16.001,16.001,15.887,15.91,5140,0
EFAS.US,D,20180109,000000,15.901,15.951,15.901,15.951,2784,0
EFAS.US,D,20180110,000000,15.901,15.901,15.829,15.899,4647,0
EFAS.US,D,20180111,000000,15.924,15.961,15.924,15.951,1191,0
EFAS.US,D,20180112,000000,16.036,16.159,16.034,16.146,8130,0
EFAS.US,D,20180116,000000,16.208,16.208,16.132,16.159,6801,0
EFAS.US,D,20180117,000000,16.081,16.254,16.075,16.254,5168,0
EFAS.US,D,20180118,000000,16.175,16.175,16.114,16.149,5107,0
EFAS.US,D,20180119,000000,16.01,16.132,16.01,16.114,10580,0
EFAS.US,D,20180122,000000,16.114,16.28,16.114,16.28,7183,0
EFAS.US,D,20180123,000000,16.295,16.295,16.227,16.287,17878,0
EFAS.US,D,20180124,000000,16.389,16.389,16.287,16.347,12714,0
EFAS.US,D,20180125,000000,16.352,16.407,16.287,16.299,7626,0
EFAS.US,D,20180126,000000,16.347,16.435,16.347,16.435,6024,0
EFAS.US,D,20180129,000000,16.355,16.355,16.28,16.355,8104,0
EFAS.US,D,20180130,000000,16.278,16.278,16.154,16.154,5693,0
EFAS.US,D,20180131,000000,16.287,16.287,16.194,16.212,15050,0
EFAS.US,D,20180201,000000,16.28,16.28,16.218,16.218,7084,0
EFAS.US,D,20180202,000000,16.114,16.114,15.976,15.983,7648,0
EFAS.US,D,20180205,000000,15.876,15.876,15.293,15.493,14913,0
EFAS.US,D,20180206,000000,15.367,15.706,15.367,15.653,11068,0
EFAS.US,D,20180207,000000,15.483,15.483,15.483,15.483,1781,0
EFAS.US,D,20180208,000000,15.449,15.449,15.26,15.26,4317,0
EFAS.US,D,20180209,000000,15.113,15.2,14.932,15.2,5367,0
EFAS.US,D,20180212,000000,15.206,15.415,15.206,15.415,2074,0
EFAS.US,D,20180213,000000,15.408,15.415,15.369,15.415,1908,0
EFAS.US,D,20180214,000000,15.449,15.65,15.449,15.65,2214,0
EFAS.US,D,20180215,000000,15.795,15.795,15.69,15.779,5473,0
EFAS.US,D,20180216,000000,15.677,15.856,15.677,15.771,7527,0
EFAS.US,D,20180220,000000,15.677,15.795,15.677,15.729,8388,0
EFAS.US,D,20180221,000000,15.744,15.812,15.65,15.677,8553,0
EFAS.US,D,20180222,000000,15.605,15.803,15.605,15.71,8015,0
EFAS.US,D,20180223,000000,15.812,15.902,15.762,15.895,7787,0
EFAS.US,D,20180226,000000,15.895,15.895,15.895,15.895,917,0
EFAS.US,D,20180227,000000,15.921,15.921,15.803,15.803,4085,0
EFAS.US,D,20180228,000000,15.668,15.668,15.611,15.611,451,0
EFAS.US,D,20180301,000000,15.557,15.557,15.439,15.439,2203,0
EFAS.US,D,20180302,000000,15.25,15.41,15.241,15.41,1687,0
EFAS.US,D,20180306,000000,15.498,15.536,15.472,15.535,6600,0
EFAS.US,D,20180307,000000,15.599,15.599,15.599,15.599,279,0
EFAS.US,D,20180308,000000,15.522,15.616,15.522,15.582,5013,0
EFAS.US,D,20180309,000000,15.654,15.699,15.654,15.699,565,0
EFAS.US,D,20180312,000000,15.709,15.709,15.709,15.709,245,0
EFAS.US,D,20180313,000000,15.741,15.788,15.626,15.626,3185,0
EFAS.US,D,20180314,000000,15.756,15.756,15.647,15.647,410,0
EFAS.US,D,20180315,000000,15.514,15.553,15.514,15.553,1059,0
EFAS.US,D,20180316,000000,15.553,15.553,15.514,15.514,752,0
EFAS.US,D,20180319,000000,15.505,15.505,15.399,15.399,1037,0
EFAS.US,D,20180320,000000,15.486,15.486,15.384,15.434,2279,0
EFAS.US,D,20180321,000000,15.522,15.522,15.462,15.462,278,0
EFAS.US,D,20180322,000000,15.293,15.293,15.273,15.273,721,0
EFAS.US,D,20180323,000000,15.252,15.252,15.243,15.243,1124,0
EFAS.US,D,20180326,000000,15.233,15.416,15.233,15.416,1876,0
EFAS.US,D,20180327,000000,15.293,15.293,15.189,15.189,835,0
EFAS.US,D,20180328,000000,15.26,15.26,15.26,15.26,173,0
EFAS.US,D,20180329,000000,15.288,15.288,15.288,15.288,680,0
EFAS.US,D,20180402,000000,15.142,15.142,15.142,15.142,652,0
EFAS.US,D,20180403,000000,15.217,15.233,15.187,15.187,1884,0
EFAS.US,D,20180404,000000,15.212,15.437,15.212,15.437,1306,0
EFAS.US,D,20180406,000000,15.384,15.384,15.384,15.384,226,0
EFAS.US,D,20180410,000000,15.706,15.706,15.706,15.706,321,0
EFAS.US,D,20180411,000000,15.794,15.794,15.709,15.709,846,0
EFAS.US,D,20180412,000000,15.709,15.765,15.709,15.765,1746,0
EFAS.US,D,20180413,000000,15.778,15.886,15.778,15.848,7545,0
EFAS.US,D,20180417,000000,15.906,15.906,15.888,15.888,2203,0
EFAS.US,D,20180418,000000,15.989,15.989,15.989,15.989,510,0
EFAS.US,D,20180419,000000,16.048,16.048,15.903,15.963,3473,0
EFAS.US,D,20180420,000000,15.873,15.873,15.873,15.873,5356,0
EFAS.US,D,20180423,000000,15.938,15.94,15.938,15.94,1726,0
EFAS.US,D,20180424,000000,16.012,16.012,15.811,15.811,4489,0
EFAS.US,D,20180425,000000,15.815,15.815,15.802,15.802,929,0
EFAS.US,D,20180426,000000,15.939,15.939,15.939,15.939,248,0
EFAS.US,D,20180427,000000,15.903,16.021,15.896,16.01,2360,0
EFAS.US,D,20180430,000000,15.988,15.988,15.896,15.937,3679,0
EFAS.US,D,20180501,000000,15.867,15.912,15.857,15.912,9620,0
EFAS.US,D,20180502,000000,15.896,15.913,15.896,15.899,1236,0
EFAS.US,D,20180503,000000,15.878,15.878,15.823,15.823,7591,0
EFAS.US,D,20180504,000000,15.884,15.982,15.884,15.982,7766,0
EFAS.US,D,20180507,000000,15.957,15.957,15.905,15.932,6358,0
EFAS.US,D,20180509,000000,15.99,15.99,15.982,15.982,2753,0
EFAS.US,D,20180510,000000,16.033,16.042,15.993,16.038,10647,0
EFAS.US,D,20180511,000000,16.051,16.131,16.051,16.075,3752,0
EFAS.US,D,20180514,000000,16.097,16.167,16.071,16.131,1216,0
EFAS.US,D,20180515,000000,16.06,16.06,16.024,16.024,664,0
EFAS.US,D,20180518,000000,15.826,15.859,15.781,15.781,1881,0
EFAS.US,D,20180521,000000,15.84,15.932,15.796,15.796,11751,0
EFAS.US,D,20180522,000000,15.85,15.932,15.85,15.859,2980,0
EFAS.US,D,20180523,000000,15.796,15.796,15.621,15.677,6203,0
EFAS.US,D,20180524,000000,15.64,15.64,15.64,15.64,3302,0
EFAS.US,D,20180525,000000,15.586,15.586,15.523,15.554,2134,0
EFAS.US,D,20180529,000000,15.061,15.201,15.052,15.052,5854,0
EFAS.US,D,20180530,000000,15.364,15.437,15.29,15.403,1377,0
EFAS.US,D,20180531,000000,15.411,15.411,15.293,15.293,12284,0
EFAS.US,D,20180601,000000,15.382,15.382,15.382,15.382,209,0
EFAS.US,D,20180604,000000,15.456,15.559,15.446,15.51,3622,0
EFAS.US,D,20180605,000000,15.37,15.398,15.34,15.38,3262,0
EFAS.US,D,20180606,000000,15.479,15.536,15.446,15.491,1189,0
EFAS.US,D,20180607,000000,15.586,15.586,15.48,15.48,471,0
EFAS.US,D,20180608,000000,15.446,15.491,15.433,15.491,4719,0
EFAS.US,D,20180611,000000,15.491,15.604,15.491,15.599,3792,0
EFAS.US,D,20180612,000000,15.604,15.604,15.491,15.491,665,0
EFAS.US,D,20180613,000000,15.546,15.546,15.546,15.546,740,0
EFAS.US,D,20180614,000000,15.562,15.562,15.476,15.476,3940,0
EFAS.US,D,20180615,000000,15.363,15.363,15.344,15.344,844,0
EFAS.US,D,20180618,000000,15.168,15.273,15.168,15.273,843,0
EFAS.US,D,20180619,000000,15.184,15.243,15.022,15.243,6858,0
EFAS.US,D,20180620,000000,15.207,15.243,15.172,15.225,1794,0
EFAS.US,D,20180621,000000,15.168,15.168,15.11,15.11,524,0
EFAS.US,D,20180622,000000,15.28,15.28,15.28,15.28,737,0
EFAS.US,D,20180625,000000,15.14,15.174,15.14,15.174,1588,0
EFAS.US,D,20180627,000000,15.184,15.184,15.087,15.087,1496,0
EFAS.US,D,20180628,000000,15.073,15.122,15.016,15.122,2540,0
EFAS.US,D,20180629,000000,15.069,15.113,15.049,15.113,3150,0
EFAS.US,D,20180702,000000,15.005,15.005,15.005,15.005,428,0
EFAS.US,D,20180703,000000,15.156,15.191,15.106,15.141,1157,0
EFAS.US,D,20180705,000000,15.385,15.448,15.326,15.448,2426,0
EFAS.US,D,20180706,000000,15.475,15.557,15.448,15.557,2675,0
EFAS.US,D,20180709,000000,15.557,15.653,15.557,15.653,3288,0
EFAS.US,D,20180710,000000,15.606,15.681,15.606,15.681,2315,0
EFAS.US,D,20180711,000000,15.458,15.502,15.458,15.502,4736,0
EFAS.US,D,20180713,000000,15.468,15.511,15.468,15.511,985,0
EFAS.US,D,20180716,000000,15.52,15.52,15.405,15.441,2368,0
EFAS.US,D,20180717,000000,15.472,15.52,15.468,15.468,3832,0
EFAS.US,D,20180718,000000,15.52,15.52,15.472,15.491,3602,0
EFAS.US,D,20180719,000000,15.468,15.468,15.468,15.468,784,0
EFAS.US,D,20180720,000000,15.475,15.571,15.475,15.571,3371,0
EFAS.US,D,20180723,000000,15.564,15.564,15.475,15.538,1455,0
EFAS.US,D,20180724,000000,15.58,15.634,15.501,15.533,6506,0
EFAS.US,D,20180725,000000,15.528,15.698,15.528,15.653,2262,0
EFAS.US,D,20180727,000000,15.548,15.671,15.548,15.602,5264,0
EFAS.US,D,20180731,000000,15.699,15.699,15.699,15.699,248,0
EFAS.US,D,20180801,000000,15.699,15.699,15.475,15.554,12973,0
EFAS.US,D,20180802,000000,15.412,15.412,15.412,15.412,1118,0
EFAS.US,D,20180803,000000,15.458,15.468,15.364,15.411,3543,0
EFAS.US,D,20180806,000000,15.344,15.475,15.344,15.453,12569,0
EFAS.US,D,20180807,000000,15.645,15.645,15.449,15.549,8510,0
EFAS.US,D,20180808,000000,15.445,15.529,15.431,15.529,9622,0
EFAS.US,D,20180809,000000,15.502,15.502,15.403,15.467,3680,0
EFAS.US,D,20180810,000000,15.112,15.137,15.086,15.137,2432,0
EFAS.US,D,20180813,000000,15.047,15.085,15.047,15.085,592,0
EFAS.US,D,20180814,000000,15.104,15.104,14.935,15.037,5278,0
EFAS.US,D,20180815,000000,14.988,14.988,14.851,14.918,1612,0
EFAS.US,D,20180816,000000,14.996,15.067,14.996,15.067,627,0
EFAS.US,D,20180817,000000,15.033,15.16,15.033,15.16,809,0
EFAS.US,D,20180820,000000,15.19,15.19,15.19,15.19,238,0
EFAS.US,D,20180821,000000,15.24,15.24,15.24,15.24,467,0
EFAS.US,D,20180822,000000,15.354,15.37,15.299,15.37,2195,0
EFAS.US,D,20180824,000000,15.28,15.28,15.28,15.28,133,0
EFAS.US,D,20180827,000000,15.224,15.394,15.224,15.394,777,0
EFAS.US,D,20180828,000000,15.344,15.344,15.344,15.344,589,0
EFAS.US,D,20180829,000000,15.412,15.456,15.412,15.456,898,0
EFAS.US,D,20180830,000000,15.326,15.344,15.326,15.344,489,0
EFAS.US,D,20180831,000000,15.252,15.252,15.175,15.175,489,0
EFAS.US,D,20180904,000000,15.082,15.082,15.082,15.082,567,0
EFAS.US,D,20180905,000000,15.09,15.09,15.09,15.09,563,0
EFAS.US,D,20180906,000000,15.067,15.095,15.004,15.095,5481,0
EFAS.US,D,20180907,000000,14.891,14.891,14.891,14.891,577,0
EFAS.US,D,20180910,000000,15.037,15.077,15.037,15.077,489,0
EFAS.US,D,20180911,000000,15.038,15.112,15.037,15.112,1873,0
EFAS.US,D,20180913,000000,15.112,15.191,15.099,15.191,3680,0
EFAS.US,D,20180914,000000,15.191,15.191,15.075,15.075,1057,0
EFAS.US,D,20180917,000000,15.414,15.414,15.283,15.311,1463,0
EFAS.US,D,20180918,000000,15.36,15.386,15.318,15.386,1523,0
EFAS.US,D,20180919,000000,15.386,15.405,15.327,15.405,1183,0
EFAS.US,D,20180920,000000,15.476,15.583,15.476,15.583,3046,0
EFAS.US,D,20180921,000000,15.441,15.441,15.441,15.441,431,0
EFAS.US,D,20180927,000000,15.48,15.53,15.48,15.53,1167,0
EFAS.US,D,20180928,000000,15.378,15.378,15.378,15.378,802,0
EFAS.US,D,20181001,000000,15.355,15.355,15.294,15.294,2991,0
EFAS.US,D,20181002,000000,15.057,15.148,15.057,15.083,5692,0
EFAS.US,D,20181003,000000,15.177,15.217,15.135,15.135,2861,0
EFAS.US,D,20181004,000000,15.184,15.184,15.029,15.029,1735,0
EFAS.US,D,20181005,000000,14.929,15.019,14.929,15.019,1621,0
EFAS.US,D,20181008,000000,14.879,14.879,14.813,14.849,2613,0
EFAS.US,D,20181009,000000,14.95,14.969,14.898,14.898,17242,0
EFAS.US,D,20181010,000000,15.003,15.003,14.906,14.906,1144,0
EFAS.US,D,20181011,000000,14.77,14.77,14.516,14.516,9507,0
EFAS.US,D,20181012,000000,14.657,14.709,14.581,14.709,1190,0
EFAS.US,D,20181015,000000,14.683,14.69,14.656,14.69,1665,0
EFAS.US,D,20181016,000000,14.861,14.861,14.861,14.861,391,0
EFAS.US,D,20181017,000000,14.744,14.752,14.744,14.752,599,0
EFAS.US,D,20181018,000000,14.798,14.798,14.61,14.61,6989,0
EFAS.US,D,20181019,000000,14.722,14.798,14.722,14.798,512,0
EFAS.US,D,20181023,000000,14.51,14.545,14.433,14.545,4057,0
EFAS.US,D,20181024,000000,14.297,14.297,14.297,14.297,173,0
EFAS.US,D,20181025,000000,14.216,14.261,14.206,14.261,1937,0
EFAS.US,D,20181026,000000,14.073,14.089,14.008,14.089,1942,0
EFAS.US,D,20181029,000000,14.251,14.279,14.073,14.107,2524,0
EFAS.US,D,20181030,000000,14.413,14.413,14.251,14.413,707,0
EFAS.US,D,20181031,000000,14.341,14.341,14.341,14.341,280,0
EFAS.US,D,20181101,000000,14.485,14.619,14.485,14.619,1104,0
EFAS.US,D,20181105,000000,14.64,14.68,14.64,14.68,232,0
EFAS.US,D,20181106,000000,14.6,14.658,14.6,14.629,12613,0
EFAS.US,D,20181112,000000,14.5,14.5,14.491,14.491,1021,0
EFAS.US,D,20181113,000000,14.534,14.636,14.534,14.564,684,0
EFAS.US,D,20181115,000000,14.358,14.376,14.339,14.339,1242,0
EFAS.US,D,20181116,000000,14.467,14.467,14.366,14.366,725,0
EFAS.US,D,20181119,000000,14.375,14.375,14.375,14.375,264,0
EFAS.US,D,20181120,000000,14.3,14.3,14.171,14.171,2347,0
EFAS.US,D,20181123,000000,14.339,14.339,14.257,14.257,1626,0
EFAS.US,D,20181126,000000,14.476,14.492,14.476,14.492,1920,0
EFAS.US,D,20181127,000000,14.495,14.495,14.495,14.495,447,0
EFAS.US,D,20181129,000000,14.514,14.598,14.476,14.598,6153,0
EFAS.US,D,20181204,000000,14.476,14.476,14.274,14.274,66642,0
EFAS.US,D,20181206,000000,14.185,14.185,14.032,14.032,1575,0
EFAS.US,D,20181210,000000,13.978,13.978,13.779,13.851,5640,0
EFAS.US,D,20181211,000000,13.931,13.931,13.868,13.868,591,0
EFAS.US,D,20181212,000000,14.149,14.185,14.149,14.185,628,0
EFAS.US,D,20181213,000000,14.087,14.087,14.087,14.087,616,0
EFAS.US,D,20181214,000000,14.05,14.05,13.975,13.975,3605,0
EFAS.US,D,20181217,000000,13.905,13.905,13.844,13.851,5834,0
EFAS.US,D,20181218,000000,13.825,13.858,13.81,13.81,1919,0
EFAS.US,D,20181219,000000,13.948,13.948,13.757,13.757,366,0
EFAS.US,D,20181220,000000,13.705,13.784,13.687,13.784,5037,0
EFAS.US,D,20181221,000000,13.749,13.749,13.6,13.6,414,0
EFAS.US,D,20181224,000000,13.149,13.587,13.149,13.587,1498,0
EFAS.US,D,20181226,000000,13.441,13.712,13.404,13.687,2579,0
EFAS.US,D,20181227,000000,13.605,13.605,13.536,13.536,732,0
EFAS.US,D,20181228,000000,13.758,13.76,13.758,13.76,1741,0
EFAS.US,D,20181231,000000,13.926,13.926,13.802,13.802,934,0
EFAS.US,D,20190103,000000,13.652,13.652,13.652,13.652,334,0
EFAS.US,D,20190104,000000,13.926,14.075,13.926,14.019,4046,0
EFAS.US,D,20190107,000000,14.009,14.163,14.009,14.125,11062,0
EFAS.US,D,20190108,000000,14.16,14.211,14.16,14.211,3399,0
EFAS.US,D,20190109,000000,14.338,14.338,14.338,14.338,445,0
EFAS.US,D,20190110,000000,14.365,14.447,14.365,14.447,1115,0
EFAS.US,D,20190111,000000,14.357,14.357,14.357,14.357,231,0
EFAS.US,D,20190114,000000,14.403,14.458,14.403,14.411,1153,0
EFAS.US,D,20190115,000000,14.343,14.343,14.343,14.343,252,0
EFAS.US,D,20190116,000000,14.505,14.521,14.467,14.467,4421,0
EFAS.US,D,20190117,000000,14.463,14.463,14.463,14.463,254,0
EFAS.US,D,20190118,000000,14.666,14.681,14.666,14.681,5707,0
EFAS.US,D,20190122,000000,14.502,14.577,14.502,14.577,1544,0
EFAS.US,D,20190123,000000,14.659,14.659,14.634,14.634,691,0
EFAS.US,D,20190124,000000,14.652,14.675,14.613,14.651,2395,0
EFAS.US,D,20190125,000000,14.732,14.848,14.732,14.848,3094,0
EFAS.US,D,20190128,000000,14.741,14.76,14.675,14.698,5402,0
EFAS.US,D,20190129,000000,14.848,14.848,14.741,14.773,1597,0
EFAS.US,D,20190130,000000,14.761,14.814,14.761,14.814,302,0
EFAS.US,D,20190131,000000,14.79,14.832,14.778,14.778,888,0
EFAS.US,D,20190201,000000,14.952,14.952,14.779,14.779,22956,0
EFAS.US,D,20190204,000000,14.731,14.731,14.731,14.731,925,0
EFAS.US,D,20190206,000000,14.979,14.979,14.951,14.951,576,0
EFAS.US,D,20190207,000000,14.849,14.849,14.732,14.783,2131,0
EFAS.US,D,20190208,000000,14.728,14.75,14.725,14.725,698,0
EFAS.US,D,20190212,000000,14.685,14.685,14.677,14.677,2286,0
EFAS.US,D,20190213,000000,14.675,14.703,14.675,14.699,766,0
EFAS.US,D,20190214,000000,14.641,14.641,14.641,14.641,259,0
EFAS.US,D,20190215,000000,14.685,14.731,14.675,14.724,4266,0
EFAS.US,D,20190219,000000,14.833,14.883,14.814,14.883,4986,0
EFAS.US,D,20190220,000000,14.908,14.943,14.898,14.943,1775,0
EFAS.US,D,20190221,000000,14.849,14.849,14.849,14.849,1667,0
EFAS.US,D,20190222,000000,14.831,14.831,14.831,14.831,673,0
EFAS.US,D,20190225,000000,14.908,14.926,14.908,14.926,1444,0
EFAS.US,D,20190226,000000,14.92,14.92,14.92,14.92,307,0
EFAS.US,D,20190227,000000,14.916,14.943,14.909,14.909,986,0
EFAS.US,D,20190228,000000,14.943,14.943,14.943,14.943,176,0
EFAS.US,D,20190301,000000,14.998,15.056,14.998,15.056,876,0
EFAS.US,D,20190304,000000,15.052,15.052,14.934,14.934,2132,0
EFAS.US,D,20190305,000000,14.971,14.971,14.971,14.971,313,0
EFAS.US,D,20190306,000000,14.953,14.966,14.953,14.966,2624,0
EFAS.US,D,20190307,000000,14.754,14.754,14.754,14.754,391,0
EFAS.US,D,20190308,000000,14.759,14.759,14.759,14.759,437,0
EFAS.US,D,20190311,000000,14.84,14.84,14.84,14.84,363,0
EFAS.US,D,20190312,000000,14.879,14.879,14.849,14.879,1078,0
EFAS.US,D,20190313,000000,14.86,14.879,14.86,14.878,1789,0
EFAS.US,D,20190314,000000,15.021,15.021,15.021,15.021,291,0
EFAS.US,D,20190315,000000,15.043,15.055,15.032,15.032,950,0
EFAS.US,D,20190318,000000,15.139,15.166,15.105,15.112,2216,0
EFAS.US,D,20190320,000000,15.034,15.063,15.002,15.063,2185,0
EFAS.US,D,20190321,000000,14.947,15.063,14.943,15.063,1805,0
EFAS.US,D,20190322,000000,14.989,14.989,14.874,14.898,1623,0
EFAS.US,D,20190325,000000,14.877,14.879,14.877,14.879,2301,0
EFAS.US,D,20190326,000000,14.947,14.947,14.947,14.947,373,0
EFAS.US,D,20190327,000000,14.859,14.869,14.859,14.859,366,0
EFAS.US,D,20190328,000000,14.839,14.842,14.785,14.823,4023,0
EFAS.US,D,20190329,000000,14.785,14.792,14.785,14.792,825,0
EFAS.US,D,20190401,000000,14.943,14.943,14.943,14.943,273,0
EFAS.US,D,20190403,000000,15.085,15.094,15.044,15.044,1079,0
EFAS.US,D,20190404,000000,15.034,15.044,14.989,14.989,2510,0
EFAS.US,D,20190405,000000,14.998,15.007,14.998,15.007,662,0
EFAS.US,D,20190408,000000,14.972,14.98,14.972,14.98,425,0
EFAS.US,D,20190409,000000,14.953,14.953,14.913,14.913,2846,0
EFAS.US,D,20190410,000000,14.839,14.943,14.839,14.943,1294,0
EFAS.US,D,20190411,000000,14.908,14.98,14.908,14.972,6405,0
EFAS.US,D,20190412,000000,15.094,15.094,15.094,15.094,1315,0
EFAS.US,D,20190415,000000,15.083,15.15,15.083,15.15,788,0
EFAS.US,D,20190416,000000,15.23,15.23,15.167,15.209,4750,0
EFAS.US,D,20190418,000000,15.172,15.172,15.172,15.172,1148,0
EFAS.US,D,20190422,000000,15.198,15.201,15.198,15.201,1383,0
EFAS.US,D,20190423,000000,15.15,15.15,15.084,15.103,5245,0
EFAS.US,D,20190424,000000,15.044,15.044,14.947,14.989,2587,0
EFAS.US,D,20190425,000000,14.934,14.943,14.919,14.919,1413,0
EFAS.US,D,20190426,000000,14.935,14.963,14.935,14.935,634,0
EFAS.US,D,20190429,000000,15.003,15.012,14.985,15.012,3292,0
EFAS.US,D,20190430,000000,15.034,15.034,14.975,14.975,620,0
EFAS.US,D,20190501,000000,15.029,15.074,14.998,14.998,1262,0
EFAS.US,D,20190502,000000,14.953,14.953,14.879,14.879,641,0
EFAS.US,D,20190503,000000,14.88,15.016,14.88,15.016,2752,0
EFAS.US,D,20190506,000000,14.849,14.849,14.664,14.79,10340,0
EFAS.US,D,20190507,000000,14.719,14.719,14.681,14.692,1941,0
EFAS.US,D,20190508,000000,14.672,14.699,14.645,14.682,1103,0
EFAS.US,D,20190509,000000,14.568,14.595,14.568,14.578,1438,0
EFAS.US,D,20190510,000000,14.699,14.701,14.692,14.701,897,0
EFAS.US,D,20190513,000000,14.568,14.568,14.524,14.524,3989,0
EFAS.US,D,20190514,000000,14.532,14.583,14.532,14.546,9220,0
EFAS.US,D,20190515,000000,14.496,14.496,14.426,14.426,688,0
EFAS.US,D,20190516,000000,14.577,14.577,14.556,14.556,594,0
EFAS.US,D,20190517,000000,14.44,14.44,14.44,14.44,249,0
EFAS.US,D,20190520,000000,14.502,14.502,14.502,14.502,831,0
EFAS.US,D,20190521,000000,14.524,14.608,14.524,14.608,8377,0
EFAS.US,D,20190522,000000,14.496,14.496,14.496,14.496,576,0
EFAS.US,D,20190523,000000,14.43,14.43,14.299,14.299,5194,0
EFAS.US,D,20190524,000000,14.46,14.46,14.46,14.46,363,0
EFAS.US,D,20190528,000000,14.477,14.477,14.477,14.477,275,0
EFAS.US,D,20190529,000000,14.293,14.293,14.293,14.293,432,0
EFAS.US,D,20190530,000000,14.388,14.396,14.388,14.396,356,0
EFAS.US,D,20190531,000000,14.361,14.361,14.361,14.361,868,0
EFAS.US,D,20190603,000000,14.31,14.363,14.31,14.354,1365,0
EFAS.US,D,20190604,000000,14.529,14.564,14.526,14.564,2194,0
EFAS.US,D,20190606,000000,14.73,14.731,14.729,14.729,2434,0
EFAS.US,D,20190607,000000,14.916,14.954,14.916,14.954,500,0
EFAS.US,D,20190610,000000,14.965,14.965,14.922,14.965,3941,0
EFAS.US,D,20190611,000000,14.949,14.949,14.949,14.949,1147,0
EFAS.US,D,20190612,000000,14.851,14.851,14.851,14.851,168,0
EFAS.US,D,20190613,000000,14.864,14.91,14.796,14.832,5922,0
EFAS.US,D,20190614,000000,14.739,14.739,14.739,14.739,583,0
EFAS.US,D,20190617,000000,14.673,14.673,14.673,14.673,649,0
EFAS.US,D,20190618,000000,14.813,14.823,14.723,14.8,1886,0
EFAS.US,D,20190619,000000,14.881,14.881,14.832,14.841,3173,0
EFAS.US,D,20190620,000000,14.839,14.899,14.839,14.899,2645,0
EFAS.US,D,20190624,000000,14.887,14.887,14.887,14.887,3767,0
EFAS.US,D,20190625,000000,14.776,14.776,14.776,14.776,527,0
EFAS.US,D,20190626,000000,14.785,14.785,14.785,14.785,539,0
EFAS.US,D,20190627,000000,14.9,14.928,14.86,14.86,1313,0
EFAS.US,D,20190628,000000,14.92,14.965,14.92,14.955,6642,0
EFAS.US,D,20190701,000000,14.955,14.972,14.955,14.972,562,0
EFAS.US,D,20190702,000000,15.01,15.01,15.01,15.01,598,0
EFAS.US,D,20190703,000000,15.135,15.135,15.107,15.116,1338,0
EFAS.US,D,20190705,000000,15.088,15.088,14.994,15.053,1939,0
EFAS.US,D,20190708,000000,14.973,14.988,14.972,14.973,5921,0
EFAS.US,D,20190709,000000,14.87,14.891,14.87,14.891,1212,0
EFAS.US,D,20190710,000000,14.983,14.983,14.983,14.983,376,0
EFAS.US,D,20190711,000000,14.992,14.992,14.992,14.992,648,0
EFAS.US,D,20190712,000000,15.064,15.068,15.064,15.068,603,0
EFAS.US,D,20190715,000000,15.016,15.077,15.016,15.068,2597,0
EFAS.US,D,20190716,000000,14.955,14.955,14.955,14.955,407,0
EFAS.US,D,20190717,000000,14.872,14.872,14.87,14.87,414,0
EFAS.US,D,20190719,000000,14.87,14.983,14.87,14.973,4127,0
EFAS.US,D,20190722,000000,14.944,14.945,14.929,14.929,3339,0
EFAS.US,D,20190723,000000,14.977,14.977,14.928,14.977,1355,0
EFAS.US,D,20190724,000000,14.974,15,14.974,15,1422,0
EFAS.US,D,20190725,000000,14.919,14.919,14.919,14.919,579,0
EFAS.US,D,20190726,000000,14.945,14.945,14.904,14.904,1010,0
EFAS.US,D,20190729,000000,14.919,14.992,14.89,14.992,3929,0
EFAS.US,D,20190730,000000,14.784,14.784,14.71,14.719,3424,0
EFAS.US,D,20190731,000000,14.757,14.757,14.67,14.671,1937,0
EFAS.US,D,20190801,000000,14.654,14.654,14.521,14.521,2944,0
EFAS.US,D,20190802,000000,14.38,14.406,14.37,14.39,2221,0
EFAS.US,D,20190805,000000,14.227,14.227,14,14,2232,0
EFAS.US,D,20190806,000000,14.017,14.038,14.017,14.038,1777,0
EFAS.US,D,20190807,000000,13.953,14.161,13.953,14.161,1791,0
EFAS.US,D,20190808,000000,14.266,14.285,14.19,14.276,975341,0
EFAS.US,D,20190809,000000,14.17,14.2,14.124,14.166,3315,0
EFAS.US,D,20190812,000000,14.17,14.17,14.038,14.038,6695,0
EFAS.US,D,20190813,000000,14.086,14.2,14.086,14.115,2055,0
EFAS.US,D,20190814,000000,13.99,13.99,13.782,13.841,9739,0
EFAS.US,D,20190815,000000,13.763,13.802,13.745,13.745,1554,0
EFAS.US,D,20190816,000000,13.839,13.934,13.839,13.897,2670,0
EFAS.US,D,20190819,000000,13.98,14.085,13.98,14,1316,0
EFAS.US,D,20190820,000000,14.01,14.01,14.01,14.01,297,0
EFAS.US,D,20190821,000000,14.085,14.085,14.01,14.01,1647,0
EFAS.US,D,20190822,000000,14.02,14.133,14.02,14.048,3818,0
EFAS.US,D,20190823,000000,13.99,14.104,13.947,13.947,1613,0
EFAS.US,D,20190826,000000,13.957,14.014,13.915,13.925,1597,0
EFAS.US,D,20190827,000000,14.124,14.133,14.01,14.01,2830,0
EFAS.US,D,20190828,000000,13.98,13.98,13.905,13.953,8138,0
EFAS.US,D,20190829,000000,14.038,14.038,13.953,13.98,68344,0
EFAS.US,D,20190830,000000,14.058,14.058,13.96,13.96,1836,0
EFAS.US,D,20190903,000000,13.935,13.98,13.935,13.944,1108,0
EFAS.US,D,20190904,000000,14.207,14.227,14.153,14.19,4744,0
EFAS.US,D,20190905,000000,14.486,14.486,14.362,14.409,2647,0
EFAS.US,D,20190906,000000,14.486,14.486,14.4,14.4,652,0
EFAS.US,D,20190909,000000,14.551,14.552,14.496,14.496,1735,0
EFAS.US,D,20190910,000000,14.752,14.752,14.696,14.721,1100,0
EFAS.US,D,20190911,000000,14.842,14.877,14.799,14.799,1334,0
EFAS.US,D,20190912,000000,14.906,14.948,14.851,14.925,3217,0
EFAS.US,D,20190913,000000,15.097,15.097,15.057,15.068,239102,0
EFAS.US,D,20190916,000000,15.087,15.087,14.999,15.008,10534,0
EFAS.US,D,20190917,000000,14.934,14.939,14.916,14.916,1458,0
EFAS.US,D,20190918,000000,14.934,14.934,14.884,14.884,2212,0
EFAS.US,D,20190919,000000,14.955,15.044,14.955,14.965,1217,0
EFAS.US,D,20190920,000000,14.971,15.067,14.971,15.067,1129,0
EFAS.US,D,20190923,000000,14.952,14.952,14.864,14.937,2163,0
EFAS.US,D,20190924,000000,14.898,14.971,14.857,14.857,2498,0
EFAS.US,D,20190925,000000,14.857,14.916,14.814,14.837,4844,0
EFAS.US,D,20190926,000000,14.899,14.899,14.83,14.83,668,0
EFAS.US,D,20190927,000000,14.96,14.96,14.818,14.875,2358,0
EFAS.US,D,20190930,000000,14.871,14.94,14.868,14.868,2091,0
EFAS.US,D,20191001,000000,14.847,14.857,14.813,14.832,4157,0
EFAS.US,D,20191002,000000,14.648,14.705,14.477,14.477,4642,0
EFAS.US,D,20191003,000000,14.488,14.507,14.477,14.507,4624,0
EFAS.US,D,20191004,000000,14.533,14.547,14.437,14.547,5578,0
EFAS.US,D,20191007,000000,14.653,14.653,14.581,14.581,995,0
EFAS.US,D,20191008,000000,14.496,14.496,14.38,14.446,2894,0
EFAS.US,D,20191009,000000,14.434,14.47,14.383,14.417,9922,0
EFAS.US,D,20191010,000000,14.554,14.666,14.554,14.613,2592,0
EFAS.US,D,20191011,000000,15.02,15.167,15.02,15.062,19789,0
EFAS.US,D,20191014,000000,15.01,15.043,14.985,14.996,3495,0
EFAS.US,D,20191015,000000,15.099,15.317,15.099,15.267,10391,0
EFAS.US,D,20191016,000000,15.226,15.259,15.226,15.259,2678,0
EFAS.US,D,20191017,000000,15.319,15.359,15.28,15.337,2987,0
EFAS.US,D,20191018,000000,15.325,15.373,15.29,15.319,3311,0
EFAS.US,D,20191021,000000,15.5,15.625,15.5,15.599,44935,0
EFAS.US,D,20191022,000000,15.586,15.599,15.472,15.472,5112,0
EFAS.US,D,20191023,000000,15.504,15.569,15.496,15.503,3420,0
EFAS.US,D,20191024,000000,15.52,15.534,15.463,15.534,3631,0
EFAS.US,D,20191025,000000,15.522,15.522,15.455,15.478,1357,0
EFAS.US,D,20191028,000000,15.52,15.52,15.481,15.519,6167,0
EFAS.US,D,20191029,000000,15.497,15.497,15.421,15.457,701,0
EFAS.US,D,20191030,000000,15.434,15.45,15.424,15.424,907,0
EFAS.US,D,20191031,000000,15.424,15.463,15.369,15.463,3208,0
EFAS.US,D,20191101,000000,15.499,15.52,15.472,15.472,3233,0
EFAS.US,D,20191104,000000,15.52,15.622,15.434,15.481,6042,0
EFAS.US,D,20191105,000000,15.596,15.596,15.493,15.548,7721,0
EFAS.US,D,20191106,000000,15.561,15.561,15.472,15.491,2630,0
EFAS.US,D,20191107,000000,15.559,15.606,15.491,15.491,52525,0
EFAS.US,D,20191108,000000,15.405,15.466,15.405,15.466,16962,0
EFAS.US,D,20191111,000000,15.51,15.52,15.472,15.513,215656,0
EFAS.US,D,20191112,000000,15.481,15.561,15.481,15.559,10824,0
EFAS.US,D,20191113,000000,15.451,15.451,15.421,15.43,2387,0
EFAS.US,D,20191114,000000,15.414,15.424,15.33,15.385,4493,0
EFAS.US,D,20191115,000000,15.338,15.436,15.338,15.389,962,0
EFAS.US,D,20191118,000000,15.491,15.496,15.439,15.476,1607,0
EFAS.US,D,20191119,000000,15.486,15.492,15.414,15.457,1619,0
EFAS.US,D,20191120,000000,15.377,15.377,15.243,15.298,2261,0
EFAS.US,D,20191121,000000,15.232,15.318,15.211,15.264,15516,0
EFAS.US,D,20191122,000000,15.338,15.353,15.26,15.312,2819,0
EFAS.US,D,20191125,000000,15.409,15.409,15.385,15.385,1216,0
EFAS.US,D,20191126,000000,15.358,15.385,15.308,15.353,2088,0
EFAS.US,D,20191127,000000,15.418,15.418,15.308,15.372,5099,0
EFAS.US,D,20191129,000000,15.271,15.279,15.271,15.279,485,0
EFAS.US,D,20191202,000000,15.26,15.26,15.1,15.146,13370,0
EFAS.US,D,20191203,000000,15.028,15.088,14.966,15.088,2790,0
EFAS.US,D,20191204,000000,15.24,15.246,15.181,15.233,2747,0
EFAS.US,D,20191205,000000,15.217,15.275,15.188,15.265,3244,0
EFAS.US,D,20191206,000000,15.295,15.35,15.278,15.324,2927,0
EFAS.US,D,20191209,000000,15.344,15.35,15.285,15.329,1379,0
EFAS.US,D,20191210,000000,15.334,15.334,15.237,15.294,2008,0
EFAS.US,D,20191211,000000,15.285,15.345,15.217,15.275,16763,0
EFAS.US,D,20191212,000000,15.344,15.46,15.275,15.46,14371,0
EFAS.US,D,20191213,000000,15.684,15.814,15.674,15.731,5837,0
EFAS.US,D,20191216,000000,15.963,15.963,15.886,15.93,5714,0
EFAS.US,D,20191217,000000,15.856,15.887,15.749,15.887,8466,0
EFAS.US,D,20191218,000000,15.797,15.836,15.71,15.792,10497,0
EFAS.US,D,20191219,000000,15.807,15.825,15.779,15.797,2331,0
EFAS.US,D,20191220,000000,15.822,15.832,15.749,15.765,8210,0
EFAS.US,D,20191223,000000,15.835,15.836,15.768,15.812,10441,0
EFAS.US,D,20191224,000000,15.797,15.797,15.779,15.78,2098,0
EFAS.US,D,20191226,000000,15.852,15.944,15.837,15.876,5962,0
EFAS.US,D,20191227,000000,15.967,16.038,15.925,15.997,6064,0
EFAS.US,D,20191230,000000,16.001,16.001,15.845,15.845,17526,0
EFAS.US,D,20191231,000000,15.795,15.845,15.795,15.835,8228,0
EFAS.US,D,20200102,000000,16.039,16.039,15.958,15.983,7039,0
EFAS.US,D,20200103,000000,15.908,15.915,15.815,15.875,6666,0
EFAS.US,D,20200106,000000,15.796,15.951,15.796,15.935,8954,0
EFAS.US,D,20200107,000000,15.885,15.899,15.806,15.89,1207,0
EFAS.US,D,20200108,000000,15.865,15.925,15.83,15.859,10902,0
EFAS.US,D,20200109,000000,15.895,15.905,15.797,15.858,7433,0
EFAS.US,D,20200110,000000,15.84,15.88,15.739,15.835,41401,0
EFAS.US,D,20200113,000000,15.865,15.952,15.805,15.905,6227,0
EFAS.US,D,20200114,000000,15.922,15.973,15.919,15.973,693,0
EFAS.US,D,20200115,000000,16.009,16.009,15.963,15.963,4478,0
EFAS.US,D,20200116,000000,16.02,16.138,16.02,16.048,9314,0
EFAS.US,D,20200117,000000,16.138,16.168,16.039,16.053,341138,0
EFAS.US,D,20200121,000000,16.098,16.098,15.953,15.962,94139,0
EFAS.US,D,20200122,000000,16.058,16.058,15.963,15.973,11815,0
EFAS.US,D,20200123,000000,15.944,16.01,15.94,16.001,2116,0
EFAS.US,D,20200124,000000,16.018,16.018,15.895,15.911,2909,0
EFAS.US,D,20200127,000000,15.815,15.815,15.622,15.662,22567,0
EFAS.US,D,20200128,000000,15.691,15.835,15.691,15.83,5693,0
EFAS.US,D,20200129,000000,15.865,15.865,15.778,15.786,13466,0
EFAS.US,D,20200130,000000,15.691,15.773,15.672,15.773,8180,0
EFAS.US,D,20200131,000000,15.739,15.739,15.569,15.585,7038,0
EFAS.US,D,20200203,000000,15.583,15.642,15.564,15.564,9217,0
EFAS.US,D,20200204,000000,15.698,15.778,15.698,15.706,26055,0
EFAS.US,D,20200205,000000,15.769,15.8,15.76,15.788,5875,0
EFAS.US,D,20200206,000000,15.858,15.858,15.79,15.79,2723,0
EFAS.US,D,20200207,000000,15.741,15.769,15.702,15.706,6613,0
EFAS.US,D,20200210,000000,15.774,15.774,15.759,15.765,1709,0
EFAS.US,D,20200211,000000,15.943,15.943,15.934,15.934,474,0
EFAS.US,D,20200212,000000,16.031,16.052,16.016,16.051,3169,0
EFAS.US,D,20200213,000000,15.986,16.033,15.928,15.938,5290,0
EFAS.US,D,20200214,000000,16.042,16.042,15.972,15.983,680,0
EFAS.US,D,20200218,000000,15.958,15.958,15.92,15.92,3162,0
EFAS.US,D,20200219,000000,16.033,16.033,16.004,16.009,4378,0
EFAS.US,D,20200220,000000,15.985,15.985,15.868,15.897,991,0
EFAS.US,D,20200221,000000,15.898,15.986,15.888,15.986,3725,0
EFAS.US,D,20200224,000000,15.419,15.419,15.301,15.301,9351,0
EFAS.US,D,20200225,000000,15.331,15.331,14.974,14.974,3984,0
EFAS.US,D,20200226,000000,14.96,15.05,14.926,14.926,1975,0
EFAS.US,D,20200227,000000,14.648,14.756,14.491,14.491,11582,0
EFAS.US,D,20200228,000000,14.052,14.188,13.905,14.188,26570,0
EFAS.US,D,20200302,000000,14.13,14.286,14.062,14.286,47209,0
EFAS.US,D,20200303,000000,14.442,14.491,14.158,14.204,5157,0
EFAS.US,D,20200304,000000,14.442,14.491,14.305,14.481,11345,0
EFAS.US,D,20200305,000000,14.217,14.217,13.992,14.035,7808,0
EFAS.US,D,20200306,000000,13.905,13.925,13.838,13.889,7871,0
EFAS.US,D,20200309,000000,13.037,13.037,12.441,12.474,21513,0
EFAS.US,D,20200310,000000,12.957,12.997,12.547,12.88,9626,0
EFAS.US,D,20200311,000000,12.684,12.684,12.157,12.177,15993,0
EFAS.US,D,20200312,000000,11.365,11.365,10.514,10.695,12758,0
EFAS.US,D,20200313,000000,11.25,11.307,10.858,11.064,4721,0
EFAS.US,D,20200316,000000,9.862,10.164,9.774,9.774,4081,0
EFAS.US,D,20200317,000000,9.91,10.164,9.823,10.164,906,0
EFAS.US,D,20200318,000000,9.618,9.666,9.2317,9.4527,16327,0
EFAS.US,D,20200319,000000,9.2277,9.507,9.2277,9.507,2782,0
EFAS.US,D,20200320,000000,9.716,9.716,9.4059,9.4059,1901,0
EFAS.US,D,20200323,000000,9.1984,9.2571,9.1011,9.1045,8954,0
EFAS.US,D,20200324,000000,9.618,9.881,9.618,9.857,9883,0
EFAS.US,D,20200325,000000,10.26,10.52,10.171,10.379,5048,0
EFAS.US,D,20200326,000000,10.549,10.906,10.549,10.853,1543,0
EFAS.US,D,20200327,000000,10.409,10.507,10.409,10.461,2101,0
EFAS.US,D,20200330,000000,10.406,10.458,10.369,10.458,9061,0
EFAS.US,D,20200331,000000,10.468,10.566,10.468,10.507,5079,0
EFAS.US,D,20200401,000000,10.332,10.332,10.049,10.049,3450,0
EFAS.US,D,20200402,000000,10.305,10.305,10.184,10.184,7911,0
EFAS.US,D,20200403,000000,10.087,10.087,9.959,9.959,7169,0
EFAS.US,D,20200406,000000,10.323,10.48,10.313,10.48,5460,0
EFAS.US,D,20200407,000000,10.97,10.97,10.596,10.596,2403,0
EFAS.US,D,20200408,000000,10.748,10.769,10.734,10.769,615,0
EFAS.US,D,20200409,000000,11.166,11.185,11.145,11.185,867,0
EFAS.US,D,20200413,000000,11.255,11.255,11.054,11.125,1807,0
EFAS.US,D,20200414,000000,11.156,11.156,11.039,11.092,5428,0
EFAS.US,D,20200415,000000,10.724,10.724,10.539,10.549,12474,0
EFAS.US,D,20200417,000000,10.792,10.87,10.784,10.87,578,0
EFAS.US,D,20200420,000000,10.774,10.774,10.559,10.597,2550,0
EFAS.US,D,20200421,000000,10.4,10.41,10.4,10.4,1433,0
EFAS.US,D,20200422,000000,10.587,10.596,10.539,10.578,3769,0
EFAS.US,D,20200423,000000,10.7,10.7,10.549,10.578,2135,0
EFAS.US,D,20200424,000000,10.616,10.616,10.616,10.616,403,0
EFAS.US,D,20200427,000000,10.814,10.814,10.756,10.756,741,0
EFAS.US,D,20200428,000000,11.195,11.195,11.019,11.019,1747,0
EFAS.US,D,20200429,000000,11.431,11.485,11.421,11.46,4407,0
EFAS.US,D,20200430,000000,11.327,11.327,11.156,11.225,20147,0
EFAS.US,D,20200501,000000,10.98,10.98,10.925,10.925,493,0
EFAS.US,D,20200504,000000,10.96,10.96,10.734,10.9,10961,0
EFAS.US,D,20200505,000000,11.024,11.034,10.943,10.943,1752,0
EFAS.US,D,20200506,000000,10.814,10.832,10.766,10.766,1383,0
EFAS.US,D,20200507,000000,10.944,10.944,10.841,10.881,2991,0
EFAS.US,D,20200508,000000,11.019,11.116,11.019,11.078,2750,0
EFAS.US,D,20200511,000000,10.92,11.003,10.92,11.003,2660,0
EFAS.US,D,20200512,000000,10.96,10.97,10.855,10.855,1897,0
EFAS.US,D,20200514,000000,10.4,10.534,10.283,10.534,6129,0
EFAS.US,D,20200515,000000,10.514,10.532,10.469,10.532,1299,0
EFAS.US,D,20200518,000000,10.861,11.041,10.861,11.041,813,0
EFAS.US,D,20200519,000000,10.885,10.885,10.8,10.8,624,0
EFAS.US,D,20200520,000000,10.934,10.941,10.934,10.941,456,0
EFAS.US,D,20200521,000000,10.866,10.866,10.794,10.794,599,0
EFAS.US,D,20200522,000000,10.771,10.784,10.771,10.784,1112,0
EFAS.US,D,20200526,000000,11.265,11.323,11.265,11.323,623,0
EFAS.US,D,20200527,000000,11.495,11.605,11.495,11.605,1019,0
EFAS.US,D,20200528,000000,11.731,11.731,11.705,11.705,729,0
EFAS.US,D,20200529,000000,11.524,11.524,11.401,11.51,1779,0
EFAS.US,D,20200601,000000,11.854,11.896,11.854,11.896,20125,0
EFAS.US,D,20200602,000000,12.118,12.177,12.099,12.17,6114,0
EFAS.US,D,20200603,000000,12.304,12.587,12.304,12.587,3368,0
EFAS.US,D,20200604,000000,12.581,12.581,12.534,12.534,973,0
EFAS.US,D,20200605,000000,12.903,13.019,12.903,12.912,3276,0
EFAS.US,D,20200608,000000,13.138,13.246,13.129,13.237,6108,0
EFAS.US,D,20200609,000000,12.941,12.991,12.898,12.991,7518,0
EFAS.US,D,20200610,000000,13.001,13.001,12.834,12.834,5423,0
EFAS.US,D,20200611,000000,12.354,12.373,11.901,11.901,5774,0
EFAS.US,D,20200612,000000,12.157,12.18,12.11,12.18,2914,0
EFAS.US,D,20200615,000000,11.921,12.244,11.921,12.244,1036,0
EFAS.US,D,20200616,000000,12.559,12.638,12.383,12.398,56257,0
EFAS.US,D,20200617,000000,12.599,12.599,12.304,12.329,26359,0
EFAS.US,D,20200618,000000,12.274,12.314,12.24,12.258,4833,0
EFAS.US,D,20200619,000000,12.265,12.314,12.083,12.083,3851,0
EFAS.US,D,20200622,000000,12.244,12.304,12.186,12.264,2817,0
EFAS.US,D,20200623,000000,12.432,12.432,12.373,12.373,3976,0
EFAS.US,D,20200624,000000,12.109,12.109,11.951,11.972,3308,0
EFAS.US,D,20200625,000000,11.834,12.109,11.834,12.109,640,0
EFAS.US,D,20200626,000000,11.882,11.92,11.872,11.872,7594,0
EFAS.US,D,20200629,000000,12.039,12.039,11.99,12.017,2374,0
EFAS.US,D,20200701,000000,11.98,12.118,11.98,12.118,1198,0
EFAS.US,D,20200706,000000,12.411,12.411,12.322,12.347,4097,0
EFAS.US,D,20200707,000000,12.272,12.272,12.155,12.155,3190,0
EFAS.US,D,20200708,000000,12.145,12.233,12.135,12.233,1094,0
EFAS.US,D,20200709,000000,12.145,12.145,11.948,11.948,1321,0
EFAS.US,D,20200710,000000,12.15,12.18,12.116,12.18,825,0
EFAS.US,D,20200713,000000,12.272,12.297,12.262,12.262,6695,0
EFAS.US,D,20200714,000000,12.252,12.39,12.252,12.39,463,0
EFAS.US,D,20200715,000000,12.479,12.479,12.468,12.468,497,0
EFAS.US,D,20200716,000000,12.479,12.479,12.451,12.46,10940,0
EFAS.US,D,20200717,000000,12.431,12.486,12.431,12.486,2094,0
EFAS.US,D,20200720,000000,12.518,12.568,12.479,12.518,4140,0
EFAS.US,D,20200721,000000,12.548,12.662,12.548,12.609,3186,0
EFAS.US,D,20200722,000000,12.648,12.648,12.608,12.608,2474,0
EFAS.US,D,20200723,000000,12.638,12.638,12.638,12.638,637,0
EFAS.US,D,20200724,000000,12.482,12.482,12.482,12.482,783,0
EFAS.US,D,20200727,000000,12.548,12.548,12.494,12.533,1052,0
EFAS.US,D,20200728,000000,12.489,12.548,12.489,12.495,1955,0
EFAS.US,D,20200729,000000,12.537,12.57,12.537,12.57,414,0
EFAS.US,D,20200730,000000,12.272,12.292,12.106,12.292,3090,0
EFAS.US,D,20200731,000000,12.173,12.173,12.021,12.021,2840,0
EFAS.US,D,20200803,000000,12.006,12.152,12.006,12.15,3008,0
EFAS.US,D,20200804,000000,12.106,12.372,12.106,12.372,14231,0
EFAS.US,D,20200805,000000,12.46,12.528,12.401,12.417,4752,0
EFAS.US,D,20200806,000000,12.342,12.441,12.292,12.406,4396,0
EFAS.US,D,20200807,000000,12.243,12.323,12.116,12.323,5394,0
EFAS.US,D,20200810,000000,12.342,12.423,12.342,12.423,1658,0
EFAS.US,D,20200811,000000,12.686,12.706,12.648,12.648,9675,0
EFAS.US,D,20200812,000000,12.804,12.844,12.785,12.794,2504,0
EFAS.US,D,20200813,000000,12.736,12.736,12.667,12.667,219,0
EFAS.US,D,20200814,000000,12.604,12.604,12.548,12.588,1942,0
EFAS.US,D,20200817,000000,12.578,12.596,12.578,12.596,602,0
EFAS.US,D,20200818,000000,12.588,12.588,12.568,12.568,437,0
EFAS.US,D,20200819,000000,12.558,12.563,12.475,12.475,32966,0
EFAS.US,D,20200820,000000,12.453,12.453,12.44,12.44,854,0
EFAS.US,D,20200821,000000,12.352,12.357,12.282,12.357,825,0
EFAS.US,D,20200824,000000,12.451,12.558,12.451,12.548,3413,0
EFAS.US,D,20200825,000000,12.638,12.638,12.499,12.588,4841,0
EFAS.US,D,20200826,000000,12.638,12.686,12.638,12.686,1506,0
EFAS.US,D,20200827,000000,12.628,12.628,12.578,12.588,1000,0
EFAS.US,D,20200828,000000,12.706,12.706,12.706,12.706,215,0
EFAS.US,D,20200831,000000,12.706,12.721,12.633,12.633,1296,0
EFAS.US,D,20200901,000000,12.588,12.588,12.554,12.554,3270,0
EFAS.US,D,20200902,000000,12.558,12.672,12.539,12.672,1786,0
EFAS.US,D,20200903,000000,12.677,12.677,12.435,12.435,1349,0
EFAS.US,D,20200904,000000,12.578,12.578,12.362,12.465,5185,0
EFAS.US,D,20200908,000000,12.362,12.362,12.237,12.237,5266,0
EFAS.US,D,20200909,000000,12.499,12.504,12.491,12.491,3894,0
EFAS.US,D,20200910,000000,12.509,12.509,12.285,12.285,14469,0
EFAS.US,D,20200911,000000,12.365,12.365,12.282,12.337,6145,0
EFAS.US,D,20200914,000000,12.441,12.479,12.431,12.46,4504,0
EFAS.US,D,20200915,000000,12.509,12.509,12.461,12.467,7999,0
EFAS.US,D,20200916,000000,12.421,12.47,12.421,12.47,525,0
EFAS.US,D,20200917,000000,12.371,12.436,12.334,12.436,3674,0
EFAS.US,D,20200918,000000,12.272,12.272,12.145,12.165,2687,0
EFAS.US,D,20200921,000000,11.869,11.869,11.721,11.797,1531,0
EFAS.US,D,20200922,000000,11.793,11.793,11.642,11.662,4103,0
EFAS.US,D,20200923,000000,11.755,11.755,11.574,11.574,782,0
EFAS.US,D,20200924,000000,11.569,11.642,11.569,11.59,1705,0
EFAS.US,D,20200925,000000,11.524,11.524,11.505,11.515,1403,0
EFAS.US,D,20200928,000000,11.78,11.822,11.78,11.82,1384,0
EFAS.US,D,20200929,000000,11.746,11.769,11.736,11.736,2279,0
EFAS.US,D,20200930,000000,11.78,11.805,11.76,11.796,1095,0
EFAS.US,D,20201001,000000,11.751,11.8,11.745,11.77,8749,0
EFAS.US,D,20201002,000000,11.741,11.869,11.741,11.869,423,0
EFAS.US,D,20201005,000000,12.108,12.129,12.088,12.118,6493,0
EFAS.US,D,20201006,000000,12.272,12.272,12.095,12.095,4348,0
EFAS.US,D,20201008,000000,12.237,12.237,12.237,12.237,736,0
EFAS.US,D,20201009,000000,12.355,12.414,12.355,12.414,1850,0
EFAS.US,D,20201012,000000,12.415,12.419,12.415,12.419,887,0
EFAS.US,D,20201013,000000,12.196,12.226,12.196,12.216,2696,0
EFAS.US,D,20201014,000000,12.275,12.284,12.226,12.241,3061,0
EFAS.US,D,20201015,000000,11.988,12.038,11.965,12.038,745,0
EFAS.US,D,20201016,000000,11.988,12.068,11.988,12.048,6180,0
EFAS.US,D,20201020,000000,12.196,12.216,12.068,12.098,564,0
EFAS.US,D,20201021,000000,12.048,12.048,12.048,12.048,271,0
EFAS.US,D,20201023,000000,12.206,12.206,12.206,12.206,297,0
EFAS.US,D,20201026,000000,12.108,12.108,11.88,11.939,5879,0
EFAS.US,D,20201027,000000,11.761,11.761,11.761,11.761,1278,0
EFAS.US,D,20201028,000000,11.415,11.415,11.302,11.311,2727,0
EFAS.US,D,20201029,000000,11.277,11.306,11.277,11.306,868,0
EFAS.US,D,20201030,000000,11.355,11.365,11.277,11.277,3367,0
EFAS.US,D,20201103,000000,11.771,11.89,11.771,11.883,3512,0
EFAS.US,D,20201104,000000,11.741,11.846,11.741,11.846,753,0
EFAS.US,D,20201105,000000,11.978,12.067,11.978,12.018,2969,0
EFAS.US,D,20201106,000000,12.137,12.137,12.078,12.078,846,0
EFAS.US,D,20201109,000000,12.799,12.938,12.721,12.761,13630,0
EFAS.US,D,20201110,000000,13.106,13.305,13.106,13.245,4433,0
EFAS.US,D,20201111,000000,13.245,13.275,13.236,13.236,1028,0
EFAS.US,D,20201112,000000,13.116,13.126,12.952,12.973,8871,0
EFAS.US,D,20201113,000000,13.195,13.205,13.185,13.205,549,0
EFAS.US,D,20201116,000000,13.562,13.611,13.562,13.572,3058,0
EFAS.US,D,20201117,000000,13.601,13.729,13.601,13.729,600,0
EFAS.US,D,20201118,000000,13.799,13.799,13.704,13.704,1343,0
EFAS.US,D,20201119,000000,13.642,13.779,13.642,13.779,5852,0
EFAS.US,D,20201120,000000,13.699,13.749,13.69,13.747,2357,0
EFAS.US,D,20201123,000000,13.898,13.961,13.839,13.858,15210,0
EFAS.US,D,20201125,000000,14.283,14.393,14.283,14.393,718,0
EFAS.US,D,20201130,000000,14.243,14.243,13.898,13.898,5001,0
EFAS.US,D,20201201,000000,14.173,14.252,14.173,14.252,2969,0
EFAS.US,D,20201202,000000,14.32,14.32,14.165,14.303,9722,0
EFAS.US,D,20201203,000000,14.373,14.432,14.303,14.303,9755,0
EFAS.US,D,20201204,000000,14.491,14.53,14.462,14.487,1169,0
EFAS.US,D,20201207,000000,14.481,14.481,14.421,14.421,1632,0
EFAS.US,D,20201208,000000,14.442,14.442,14.406,14.412,2815,0
EFAS.US,D,20201209,000000,14.422,14.501,14.373,14.453,14746,0
EFAS.US,D,20201210,000000,14.323,14.54,14.323,14.462,8137,0
EFAS.US,D,20201211,000000,14.346,14.383,14.303,14.383,2395,0
EFAS.US,D,20201214,000000,14.531,14.531,14.403,14.411,17904,0
EFAS.US,D,20201215,000000,14.447,14.531,14.412,14.511,6957,0
EFAS.US,D,20201216,000000,14.531,14.592,14.521,14.59,4678,0
EFAS.US,D,20201217,000000,14.6,14.66,14.54,14.54,9414,0
EFAS.US,D,20201218,000000,14.65,14.65,14.602,14.602,2492,0
EFAS.US,D,20201221,000000,14.155,14.383,14.096,14.383,2271,0
EFAS.US,D,20201222,000000,14.343,14.343,14.283,14.283,3633,0
EFAS.US,D,20201223,000000,14.6,14.6,14.521,14.531,11577,0
EFAS.US,D,20201224,000000,14.64,14.64,14.64,14.64,1661,0
EFAS.US,D,20201228,000000,14.778,14.778,14.67,14.67,466,0
EFAS.US,D,20201229,000000,14.738,14.748,14.67,14.679,6051,0
EFAS.US,D,20201230,000000,14.788,14.788,14.719,14.719,2733,0
EFAS.US,D,20201231,000000,14.669,14.669,14.431,14.557,23727,0
EFAS.US,D,20210104,000000,14.788,14.788,14.52,14.57,3246,0
EFAS.US,D,20210105,000000,14.778,14.898,14.709,14.898,1432,0
EFAS.US,D,20210106,000000,15.066,15.263,15.066,15.196,6749,0
EFAS.US,D,20210107,000000,15.25,15.264,15.25,15.264,1065,0
EFAS.US,D,20210108,000000,15.344,15.344,15.106,15.279,8131,0
EFAS.US,D,20210111,000000,14.898,15.084,14.898,15.051,8663,0
EFAS.US,D,20210112,000000,15.046,15.066,14.998,15.057,7654,0
EFAS.US,D,20210113,000000,15.156,15.156,15.076,15.076,6010,0
EFAS.US,D,20210114,000000,15.106,15.314,15.106,15.231,13561,0
EFAS.US,D,20210115,000000,14.888,15.035,14.888,14.987,2190,0
EFAS.US,D,20210119,000000,14.937,14.983,14.928,14.982,2429,0
EFAS.US,D,20210120,000000,15.021,15.051,14.928,15.051,7810,0
EFAS.US,D,20210121,000000,15.006,15.006,14.929,14.947,2014,0
EFAS.US,D,20210122,000000,14.858,14.858,14.768,14.798,3051,0
EFAS.US,D,20210125,000000,14.59,14.741,14.59,14.741,2217,0
EFAS.US,D,20210126,000000,14.829,14.838,14.808,14.838,1556,0
EFAS.US,D,20210127,000000,14.679,14.748,14.56,14.595,5801,0
EFAS.US,D,20210128,000000,14.61,14.748,14.61,14.684,3726,0
EFAS.US,D,20210201,000000,14.52,14.52,14.385,14.385,2947,0
EFAS.US,D,20210202,000000,14.5,14.53,14.451,14.53,8269,0
EFAS.US,D,20210203,000000,14.53,14.605,14.53,14.605,9104,0
EFAS.US,D,20210204,000000,14.53,14.61,14.51,14.58,2147,0
EFAS.US,D,20210205,000000,14.689,14.757,14.689,14.748,7498,0
EFAS.US,D,20210208,000000,14.888,14.947,14.798,14.844,9792,0
EFAS.US,D,20210209,000000,14.838,14.838,14.769,14.838,2479,0
EFAS.US,D,20210210,000000,14.778,14.838,14.778,14.838,2697,0
EFAS.US,D,20210211,000000,14.908,14.977,14.838,14.868,24553,0
EFAS.US,D,20210212,000000,14.838,14.91,14.828,14.898,24852,0
EFAS.US,D,20210216,000000,15.096,15.225,15.096,15.136,3155,0
EFAS.US,D,20210217,000000,15.146,15.146,14.988,15.099,5781,0
EFAS.US,D,20210218,000000,14.988,14.991,14.967,14.972,1655,0
EFAS.US,D,20210219,000000,15.066,15.245,15.066,15.126,4671,0
EFAS.US,D,20210222,000000,15.146,15.186,15.146,15.186,1155,0
EFAS.US,D,20210223,000000,15.294,15.404,15.294,15.364,9359,0
EFAS.US,D,20210224,000000,15.454,15.612,15.451,15.542,7803,0
EFAS.US,D,20210225,000000,15.682,15.73,15.414,15.414,5268,0
EFAS.US,D,20210226,000000,15.196,15.196,15.126,15.141,4624,0
EFAS.US,D,20210301,000000,15.334,15.365,15.334,15.334,4309,0
EFAS.US,D,20210302,000000,15.264,15.374,15.264,15.364,80706,0
EFAS.US,D,20210303,000000,15.205,15.304,15.205,15.235,4893,0
EFAS.US,D,20210304,000000,15.294,15.434,15.126,15.196,22022,0
EFAS.US,D,20210305,000000,15.314,15.404,15.213,15.404,4252,0
EFAS.US,D,20210308,000000,15.364,15.439,15.364,15.439,861,0
EFAS.US,D,20210309,000000,15.493,15.532,15.493,15.522,722,0
EFAS.US,D,20210310,000000,15.532,15.637,15.522,15.637,5162,0
EFAS.US,D,20210311,000000,15.702,15.737,15.647,15.727,1079,0
EFAS.US,D,20210312,000000,15.652,15.82,15.652,15.82,7060,0
EFAS.US,D,20210315,000000,15.82,15.82,15.702,15.718,3139,0
EFAS.US,D,20210316,000000,15.727,15.771,15.727,15.731,6432,0
EFAS.US,D,20210317,000000,15.691,15.83,15.652,15.79,2450,0
EFAS.US,D,20210318,000000,15.79,15.79,15.622,15.622,2571,0
EFAS.US,D,20210319,000000,15.522,15.622,15.454,15.584,11166,0
EFAS.US,D,20210322,000000,15.542,15.562,15.473,15.473,4743,0
EFAS.US,D,20210323,000000,15.364,15.454,15.294,15.294,833,0
EFAS.US,D,20210324,000000,15.329,15.329,15.329,15.329,781,0
EFAS.US,D,20210325,000000,15.364,15.364,15.216,15.294,3945,0
EFAS.US,D,20210326,000000,15.488,15.617,15.487,15.617,1994,0
EFAS.US,D,20210329,000000,15.612,15.642,15.61,15.61,1339,0
EFAS.US,D,20210330,000000,15.642,15.642,15.567,15.593,1373,0
EFAS.US,D,20210331,000000,15.559,15.559,15.557,15.557,513,0
EFAS.US,D,20210401,000000,15.612,15.651,15.556,15.651,1337,0
EFAS.US,D,20210405,000000,15.871,15.961,15.851,15.942,9849,0
EFAS.US,D,20210406,000000,15.811,15.82,15.741,15.778,1916,0
EFAS.US,D,20210407,000000,15.911,15.911,15.811,15.811,4214,0
EFAS.US,D,20210408,000000,15.981,15.981,15.801,15.89,5099,0
EFAS.US,D,20210409,000000,15.821,15.821,15.751,15.807,8407,0
EFAS.US,D,20210412,000000,15.821,15.821,15.742,15.781,2549,0
EFAS.US,D,20210413,000000,15.741,15.771,15.741,15.751,1222,0
EFAS.US,D,20210414,000000,15.831,15.841,15.761,15.791,6588,0
EFAS.US,D,20210415,000000,15.831,15.901,15.831,15.9,9919,0
EFAS.US,D,20210416,000000,15.95,16.001,15.917,15.969,4929,0
EFAS.US,D,20210419,000000,16.12,16.12,16.07,16.07,586,0
EFAS.US,D,20210420,000000,15.881,15.881,15.705,15.741,8217,0
EFAS.US,D,20210421,000000,15.682,15.841,15.682,15.806,1090,0
EFAS.US,D,20210422,000000,15.831,15.841,15.692,15.692,2170,0
EFAS.US,D,20210423,000000,15.806,15.831,15.751,15.821,14658,0
EFAS.US,D,20210426,000000,15.831,15.97,15.831,15.911,3876,0
EFAS.US,D,20210427,000000,15.941,15.943,15.906,15.921,1210,0
EFAS.US,D,20210428,000000,15.926,16.001,15.926,16.001,96341,0
EFAS.US,D,20210429,000000,15.971,15.991,15.951,15.991,1567,0
EFAS.US,D,20210430,000000,15.871,15.881,15.791,15.791,6249,0
EFAS.US,D,20210503,000000,15.951,16.09,15.921,16.05,2892,0
EFAS.US,D,20210504,000000,16.11,16.11,15.915,15.991,1052,0
EFAS.US,D,20210505,000000,16.09,16.18,16.09,16.145,9128,0
EFAS.US,D,20210506,000000,16.18,16.299,16.17,16.275,3883,0
EFAS.US,D,20210507,000000,16.359,16.499,16.359,16.499,5541,0
EFAS.US,D,20210510,000000,16.558,16.637,16.479,16.489,8377,0
EFAS.US,D,20210511,000000,16.3,16.427,16.24,16.309,16290,0
EFAS.US,D,20210512,000000,16.375,16.375,16.237,16.245,2173,0
EFAS.US,D,20210513,000000,16.1,16.262,16.1,16.21,6035,0
EFAS.US,D,20210514,000000,16.379,16.449,16.379,16.424,3899,0
EFAS.US,D,20210517,000000,16.349,16.495,16.349,16.493,4570,0
EFAS.US,D,20210518,000000,16.558,16.558,16.462,16.462,952,0
EFAS.US,D,20210519,000000,16.359,16.359,16.2,16.289,2362,0
EFAS.US,D,20210520,000000,16.419,16.459,16.379,16.459,4235,0
EFAS.US,D,20210521,000000,16.519,16.519,16.41,16.41,3350,0
EFAS.US,D,20210524,000000,16.519,16.539,16.459,16.499,4039,0
EFAS.US,D,20210525,000000,16.529,16.529,16.299,16.299,4879,0
EFAS.US,D,20210526,000000,16.488,16.488,16.439,16.439,1267,0
EFAS.US,D,20210527,000000,16.568,16.568,16.52,16.558,11403,0
EFAS.US,D,20210528,000000,16.593,16.628,16.549,16.628,848,0
EFAS.US,D,20210601,000000,16.728,16.746,16.668,16.668,3819,0
EFAS.US,D,20210602,000000,16.668,16.668,16.643,16.648,1808,0
EFAS.US,D,20210603,000000,16.578,16.578,16.46,16.46,4512,0
EFAS.US,D,20210604,000000,16.529,16.553,16.509,16.519,4415,0
EFAS.US,D,20210607,000000,16.549,16.668,16.549,16.668,3220,0
EFAS.US,D,20210608,000000,16.539,16.687,16.539,16.672,2879,0
EFAS.US,D,20210609,000000,16.638,16.638,16.573,16.573,14175,0
EFAS.US,D,20210610,000000,16.678,16.678,16.578,16.588,5488,0
EFAS.US,D,20210611,000000,16.558,16.628,16.558,16.608,3850,0
EFAS.US,D,20210614,000000,16.625,16.717,16.618,16.663,828,0
EFAS.US,D,20210615,000000,16.687,16.687,16.643,16.668,891,0
EFAS.US,D,20210616,000000,16.668,16.668,16.484,16.514,1581,0
EFAS.US,D,20210617,000000,16.529,16.529,16.359,16.359,7420,0
EFAS.US,D,20210618,000000,16.1,16.1,15.961,16.004,5122,0
EFAS.US,D,20210621,000000,16.08,16.304,16.08,16.304,5535,0
EFAS.US,D,20210622,000000,16.339,16.339,16.21,16.284,4224,0
EFAS.US,D,20210623,000000,16.329,16.329,16.215,16.215,11002,0
EFAS.US,D,20210624,000000,16.309,16.379,16.309,16.339,8785,0
EFAS.US,D,20210625,000000,16.299,16.339,16.29,16.324,3507,0
EFAS.US,D,20210628,000000,16.26,16.27,16.13,16.17,7361,0
EFAS.US,D,20210629,000000,16.1,16.15,16.1,16.101,1361,0
EFAS.US,D,20210630,000000,16.07,16.07,16.009,16.03,1169,0
EFAS.US,D,20210701,000000,16.14,16.14,16.06,16.092,1180,0
EFAS.US,D,20210702,000000,16.17,16.196,16.145,16.145,2823,0
EFAS.US,D,20210706,000000,16.28,16.28,16.014,16.05,2885,0
EFAS.US,D,20210707,000000,16.08,16.1159,15.96,15.96,2900,0
EFAS.US,D,20210708,000000,15.8,15.92,15.8,15.876,3012,0
EFAS.US,D,20210709,000000,16.0893,16.14,16.0893,16.14,2841,0
EFAS.US,D,20210712,000000,16.16,16.21,16.16,16.21,874,0
EFAS.US,D,20210713,000000,16.13,16.19,16.105,16.105,4847,0
EFAS.US,D,20210714,000000,16.19,16.19,16.07,16.09,24406,0
EFAS.US,D,20210715,000000,16.03,16.03,15.95,15.95,2006,0
EFAS.US,D,20210716,000000,15.92,15.92,15.8602,15.8602,1214,0
EFAS.US,D,20210719,000000,15.61,15.61,15.381,15.4565,82303,0
EFAS.US,D,20210720,000000,15.495,15.62,15.495,15.62,3431,0
EFAS.US,D,20210721,000000,15.81,15.88,15.76,15.802,3528,0
EFAS.US,D,20210722,000000,15.83,15.83,15.83,15.83,388,0
EFAS.US,D,20210723,000000,15.9567,15.96,15.925,15.958,1980,0
EFAS.US,D,20210726,000000,16.04,16.08,16.04,16.08,1587,0
EFAS.US,D,20210728,000000,16.05,16.05,15.98,16.02,1497,0
EFAS.US,D,20210729,000000,16.081,16.13,16.061,16.085,1421,0
EFAS.US,D,20210730,000000,16.05,16.05,15.86,15.86,1539,0
EFAS.US,D,20210802,000000,16.08,16.08,15.955,16.0306,4355,0
EFAS.US,D,20210803,000000,16.01,16.01,16.01,16.01,321,0
EFAS.US,D,20210804,000000,16.07,16.07,15.945,15.945,5051,0
EFAS.US,D,20210805,000000,15.961,16.0278,15.96,15.991,2584,0
EFAS.US,D,20210806,000000,16.045,16.049,15.99,16.02,3617,0
EFAS.US,D,20210809,000000,16.1,16.1,16.1,16.1,650,0
EFAS.US,D,20210810,000000,16.03,16.07,15.9923,16.025,4215,0
EFAS.US,D,20210811,000000,16.15,16.16,16.15,16.16,786,0
EFAS.US,D,20210813,000000,16.11,16.165,16.11,16.1421,4667,0
EFAS.US,D,20210816,000000,16.03,16.15,16,16.105,1142,0
EFAS.US,D,20210817,000000,15.99,15.99,15.9001,15.94,2362,0
EFAS.US,D,20210818,000000,15.96,15.99,15.96,15.969,3488,0
EFAS.US,D,20210819,000000,15.804,15.859,15.7098,15.7532,23021,0
EFAS.US,D,20210820,000000,15.715,15.82,15.715,15.8043,2426,0
EFAS.US,D,20210823,000000,15.84,15.97,15.84,15.9255,1809,0
EFAS.US,D,20210824,000000,15.97,15.97,15.9,15.9598,830,0
EFAS.US,D,20210825,000000,15.93,15.97,15.92,15.97,876,0
EFAS.US,D,20210826,000000,15.8883,15.929,15.86,15.86,1960,0
EFAS.US,D,20210827,000000,15.97,16.0053,15.97,16.0053,2789,0
EFAS.US,D,20210830,000000,15.97,16.0066,15.97,16.0066,724,0
EFAS.US,D,20210831,000000,15.9001,16,15.9001,15.9462,1271,0
EFAS.US,D,20210901,000000,16.01,16.07,16.01,16.0478,1153,0
