<TICKER>,<PER>,<DATE>,<TIME>,<OPEN>,<HIGH>,<LOW>,<CLOSE>,<VOL>,<OPENINT>
EMXC.US,D,20170726,000000,47.441,47.548,47.441,47.51,1205,0
EMXC.US,D,20170728,000000,47.286,47.286,47.286,47.286,156,0
EMXC.US,D,20170731,000000,47.192,47.192,47.192,47.192,268,0
EMXC.US,D,20170802,000000,47.426,47.599,47.426,47.599,1200,0
EMXC.US,D,20170803,000000,47.239,47.239,47.239,47.239,108,0
EMXC.US,D,20170804,000000,47.37,47.426,47.37,47.426,4544,0
EMXC.US,D,20170809,000000,46.97,46.97,46.97,46.97,322,0
EMXC.US,D,20170814,000000,46.684,46.761,46.684,46.761,376,0
EMXC.US,D,20170816,000000,46.987,46.987,46.987,46.987,108,0
EMXC.US,D,20170818,000000,46.792,46.903,46.792,46.847,6236,0
EMXC.US,D,20170823,000000,47.65,47.65,47.65,47.65,429,0
EMXC.US,D,20170824,000000,47.77,47.884,47.77,47.884,750,0
EMXC.US,D,20170825,000000,48.082,48.082,48.082,48.082,214,0
EMXC.US,D,20170830,000000,47.947,47.947,47.947,47.947,194,0
EMXC.US,D,20170901,000000,48.311,48.386,48.311,48.359,968,0
EMXC.US,D,20170906,000000,47.92,48.06,47.92,48.06,1713,0
EMXC.US,D,20170908,000000,48.208,48.217,48.19,48.19,1661,0
EMXC.US,D,20170911,000000,48.611,48.611,48.601,48.601,536,0
EMXC.US,D,20170913,000000,48.359,48.359,48.208,48.237,1907,0
EMXC.US,D,20170914,000000,48.351,48.351,48.351,48.351,536,0
EMXC.US,D,20170915,000000,48.499,48.674,48.499,48.674,536,0
EMXC.US,D,20170918,000000,48.909,48.909,48.816,48.816,3106,0
EMXC.US,D,20170922,000000,48.396,48.396,48.361,48.361,268,0
EMXC.US,D,20170925,000000,48.097,48.097,47.875,47.875,3197,0
EMXC.US,D,20170926,000000,47.594,47.604,47.594,47.594,2356,0
EMXC.US,D,20170927,000000,47.343,47.343,47.147,47.147,2680,0
EMXC.US,D,20170928,000000,47.062,47.166,47.062,47.166,1057,0
EMXC.US,D,20170929,000000,47.501,47.63,47.501,47.63,521,0
EMXC.US,D,20171003,000000,47.866,47.875,47.844,47.875,3248,0
EMXC.US,D,20171004,000000,48.181,48.181,48.181,48.181,212,0
EMXC.US,D,20171006,000000,48.051,48.172,48.051,48.172,283,0
EMXC.US,D,20171009,000000,48.041,48.041,48.041,48.041,245,0
EMXC.US,D,20171010,000000,48.592,48.62,48.563,48.563,1752,0
EMXC.US,D,20171013,000000,49.666,49.666,49.6,49.6,1464,0
EMXC.US,D,20171016,000000,49.682,49.683,49.645,49.647,2312,0
EMXC.US,D,20171017,000000,49.213,49.301,49.213,49.301,394,0
EMXC.US,D,20171019,000000,48.937,49.022,48.937,49.022,599,0
EMXC.US,D,20171020,000000,49.134,49.134,49.106,49.106,429,0
EMXC.US,D,20171026,000000,48.546,48.657,48.546,48.657,3065,0
EMXC.US,D,20171030,000000,48.835,48.835,48.835,48.835,293,0
EMXC.US,D,20171031,000000,49.199,49.199,49.199,49.199,572,0
EMXC.US,D,20171101,000000,49.674,49.683,49.609,49.609,550,0
EMXC.US,D,20171103,000000,49.048,49.048,49.048,49.048,162,0
EMXC.US,D,20171106,000000,49.703,49.703,49.703,49.703,189,0
EMXC.US,D,20171107,000000,49.32,49.32,49.134,49.134,717,0
EMXC.US,D,20171108,000000,49.368,49.403,49.368,49.403,723,0
EMXC.US,D,20171109,000000,49.058,49.058,49.058,49.058,939,0
EMXC.US,D,20171114,000000,48.351,48.351,48.351,48.351,536,0
EMXC.US,D,20171120,000000,49.372,49.376,49.372,49.376,2731,0
EMXC.US,D,20171121,000000,49.805,49.805,49.805,49.805,295,0
EMXC.US,D,20171122,000000,50.029,50.029,50.029,50.029,322,0
EMXC.US,D,20171124,000000,49.992,49.992,49.992,49.992,322,0
EMXC.US,D,20171127,000000,49.674,49.674,49.507,49.507,830,0
EMXC.US,D,20171128,000000,49.898,49.898,49.795,49.843,1054,0
EMXC.US,D,20171129,000000,49.525,49.525,49.404,49.404,536,0
EMXC.US,D,20171130,000000,49.087,49.16,49.077,49.15,31160,0
EMXC.US,D,20171204,000000,49.078,49.078,48.945,48.945,536,0
EMXC.US,D,20171206,000000,48.275,48.386,48.19,48.331,1400,0
EMXC.US,D,20171207,000000,47.966,48.396,47.966,48.284,4138,0
EMXC.US,D,20171208,000000,48.611,48.657,48.611,48.62,664,0
EMXC.US,D,20171212,000000,48.433,48.443,48.405,48.405,627,0
EMXC.US,D,20171213,000000,48.955,48.955,48.955,48.955,320,0
EMXC.US,D,20171214,000000,48.89,48.89,48.89,48.89,492,0
EMXC.US,D,20171215,000000,48.807,49.012,48.807,48.883,3916,0
EMXC.US,D,20171218,000000,49.368,49.6,49.368,49.6,1050,0
EMXC.US,D,20171219,000000,49.442,49.442,49.263,49.263,2002,0
EMXC.US,D,20171221,000000,49.547,49.547,49.547,49.547,321,0
EMXC.US,D,20171222,000000,49.67,49.754,49.66,49.754,967,0
EMXC.US,D,20171226,000000,49.764,49.783,49.764,49.783,365,0
EMXC.US,D,20171227,000000,50.016,50.065,50.016,50.017,2040,0
EMXC.US,D,20171228,000000,50.564,50.564,50.48,50.48,776,0
EMXC.US,D,20171229,000000,50.843,50.867,50.805,50.839,7099,0
EMXC.US,D,20180102,000000,51.414,51.414,51.264,51.375,1131,0
EMXC.US,D,20180103,000000,51.783,51.865,51.783,51.865,548,0
EMXC.US,D,20180104,000000,51.99,52.045,51.913,51.913,3161,0
EMXC.US,D,20180105,000000,52.356,52.413,52.356,52.413,502,0
EMXC.US,D,20180108,000000,52.318,52.4,52.318,52.4,1216,0
EMXC.US,D,20180109,000000,52.299,52.308,52.128,52.244,9113,0
EMXC.US,D,20180110,000000,51.782,51.827,51.782,51.827,684,0
EMXC.US,D,20180111,000000,51.999,52.216,51.999,52.187,478,0
EMXC.US,D,20180112,000000,52.336,52.53,52.336,52.53,372,0
EMXC.US,D,20180116,000000,52.832,52.832,52.734,52.734,2606,0
EMXC.US,D,20180117,000000,53.37,53.37,53.336,53.337,2002,0
EMXC.US,D,20180118,000000,53.324,53.324,53.324,53.324,142,0
EMXC.US,D,20180119,000000,53.431,53.446,53.416,53.446,1631,0
EMXC.US,D,20180123,000000,53.685,53.934,53.685,53.858,8975,0
EMXC.US,D,20180124,000000,54.439,54.439,54.176,54.204,3167,0
EMXC.US,D,20180125,000000,54.817,55.136,54.684,54.726,6234,0
EMXC.US,D,20180126,000000,54.807,55.089,54.754,55.065,13249,0
EMXC.US,D,20180129,000000,54.533,54.6,54.448,54.533,7397,0
EMXC.US,D,20180130,000000,53.893,53.959,53.632,53.632,1884,0
EMXC.US,D,20180131,000000,54.383,54.383,54.063,54.076,1059,0
EMXC.US,D,20180201,000000,53.855,53.855,53.845,53.855,1134,0
EMXC.US,D,20180202,000000,52.785,52.785,52.583,52.583,610,0
EMXC.US,D,20180205,000000,51.472,51.472,51.472,51.472,3389,0
EMXC.US,D,20180206,000000,50.612,51.819,50.612,51.809,2378,0
EMXC.US,D,20180207,000000,51.856,51.856,51.782,51.782,435,0
EMXC.US,D,20180208,000000,50.688,50.688,50.027,50.027,1477,0
EMXC.US,D,20180209,000000,49.24,49.24,49.24,49.24,935,0
EMXC.US,D,20180212,000000,50.98,51.282,50.932,51.159,5116,0
EMXC.US,D,20180213,000000,51.367,51.384,51.367,51.384,1093,0
EMXC.US,D,20180214,000000,52.416,52.416,52.318,52.337,33531,0
EMXC.US,D,20180215,000000,53.063,53.072,53.063,53.072,107,0
EMXC.US,D,20180216,000000,52.744,52.744,52.744,52.744,212,0
EMXC.US,D,20180220,000000,51.81,51.81,51.81,51.81,308,0
EMXC.US,D,20180221,000000,52.488,52.488,52.488,52.488,286,0
EMXC.US,D,20180223,000000,52.725,52.932,52.725,52.932,2281,0
EMXC.US,D,20180226,000000,53.021,53.021,53.021,53.021,224,0
EMXC.US,D,20180228,000000,52.129,52.129,51.612,51.612,425,0
EMXC.US,D,20180301,000000,51.705,51.847,51.472,51.472,1721,0
EMXC.US,D,20180302,000000,51.056,51.056,50.882,50.904,1096,0
EMXC.US,D,20180305,000000,51.357,51.357,51.357,51.357,795,0
EMXC.US,D,20180313,000000,53.135,53.135,53.072,53.072,860,0
EMXC.US,D,20180314,000000,53.121,53.121,52.752,52.752,829,0
EMXC.US,D,20180315,000000,52.488,52.488,52.488,52.488,157,0
EMXC.US,D,20180320,000000,51.913,51.913,51.913,51.913,107,0
EMXC.US,D,20180323,000000,51.375,51.375,50.999,50.999,302,0
EMXC.US,D,20180326,000000,51.66,51.66,51.602,51.602,373,0
EMXC.US,D,20180327,000000,51.874,51.874,51.724,51.724,509,0
EMXC.US,D,20180329,000000,51.715,51.715,51.715,51.715,107,0
EMXC.US,D,20180402,000000,50.955,50.955,50.955,50.955,212,0
EMXC.US,D,20180403,000000,51.472,51.472,51.424,51.472,412,0
EMXC.US,D,20180404,000000,50.857,50.857,50.857,50.857,225,0
EMXC.US,D,20180406,000000,51.357,51.357,50.904,50.904,232,0
EMXC.US,D,20180409,000000,50.959,50.959,50.932,50.932,628,0
EMXC.US,D,20180410,000000,51.234,51.244,51.234,51.244,425,0
EMXC.US,D,20180411,000000,51.393,51.508,51.393,51.393,3766,0
EMXC.US,D,20180412,000000,51.425,51.425,51.425,51.425,265,0
EMXC.US,D,20180416,000000,51.29,51.29,51.273,51.273,3200,0
EMXC.US,D,20180417,000000,51.11,51.402,51.11,51.402,1717,0
EMXC.US,D,20180419,000000,52.045,52.045,51.535,51.535,742,0
EMXC.US,D,20180420,000000,51.347,51.347,51.11,51.11,493,0
EMXC.US,D,20180423,000000,50.679,50.679,50.612,50.612,767,0
EMXC.US,D,20180424,000000,50.62,50.62,50.62,50.62,107,0
EMXC.US,D,20180426,000000,50.5,50.5,50.467,50.467,243,0
EMXC.US,D,20180427,000000,50.847,51.12,50.847,51.12,436,0
EMXC.US,D,20180501,000000,50.375,50.375,50.375,50.375,280,0
EMXC.US,D,20180502,000000,50.056,50.083,50.056,50.083,389,0
EMXC.US,D,20180507,000000,49.64,49.64,49.547,49.547,4205,0
EMXC.US,D,20180508,000000,49.207,49.207,49.149,49.149,319,0
EMXC.US,D,20180510,000000,50.037,50.121,50.037,50.121,332,0
EMXC.US,D,20180517,000000,49.311,49.311,49.01,49.01,590,0
EMXC.US,D,20180518,000000,48.575,48.575,48.453,48.557,798,0
EMXC.US,D,20180522,000000,49.085,49.169,49.085,49.094,425,0
EMXC.US,D,20180523,000000,48.679,48.679,48.679,48.679,191,0
EMXC.US,D,20180524,000000,48.726,48.726,48.726,48.726,212,0
EMXC.US,D,20180525,000000,49.038,49.085,49.038,49.066,753,0
EMXC.US,D,20180529,000000,48.048,48.226,47.7,47.7,950,0
EMXC.US,D,20180530,000000,47.757,48.138,47.757,48.113,1125,0
EMXC.US,D,20180601,000000,48.642,48.642,48.402,48.518,624,0
EMXC.US,D,20180604,000000,49.046,49.159,48.971,48.972,6460,0
EMXC.US,D,20180605,000000,48.736,48.736,48.736,48.736,1273,0
EMXC.US,D,20180607,000000,48.736,48.736,48.387,48.387,316,0
EMXC.US,D,20180608,000000,48.22,48.22,48.22,48.22,207,0
EMXC.US,D,20180611,000000,48.406,48.462,48.406,48.462,226,0
EMXC.US,D,20180612,000000,48.302,48.302,48.076,48.076,4244,0
EMXC.US,D,20180613,000000,48.339,48.443,48.339,48.443,1984,0
EMXC.US,D,20180614,000000,47.933,47.933,47.482,47.482,426,0
EMXC.US,D,20180615,000000,46.979,46.992,46.979,46.992,642,0
EMXC.US,D,20180619,000000,45.718,45.718,45.718,45.718,211,0
EMXC.US,D,20180620,000000,46.417,46.52,46.417,46.52,422,0
EMXC.US,D,20180621,000000,46.036,46.036,45.873,45.873,682,0
EMXC.US,D,20180625,000000,45.77,45.77,45.77,45.77,525,0
EMXC.US,D,20180626,000000,45.857,45.857,45.857,45.857,185,0
EMXC.US,D,20180627,000000,45.753,45.77,45.353,45.353,634,0
EMXC.US,D,20180628,000000,45.145,45.249,45.134,45.249,887,0
EMXC.US,D,20180629,000000,46.055,46.184,46.055,46.095,2391,0
EMXC.US,D,20180702,000000,45.515,45.571,45.492,45.543,3088,0
EMXC.US,D,20180706,000000,46.018,46.244,46.018,46.244,422,0
EMXC.US,D,20180709,000000,46.964,46.964,46.938,46.938,569,0
EMXC.US,D,20180711,000000,46.682,46.682,46.661,46.681,3099,0
EMXC.US,D,20180712,000000,46.739,46.739,46.739,46.739,290,0
EMXC.US,D,20180713,000000,46.929,46.929,46.9,46.9,453,0
EMXC.US,D,20180716,000000,46.823,46.823,46.823,46.823,270,0
EMXC.US,D,20180717,000000,46.711,47.133,46.711,47.133,336,0
EMXC.US,D,20180719,000000,46.379,46.379,46.379,46.379,211,0
EMXC.US,D,20180720,000000,47.203,47.336,47.203,47.308,1122,0
EMXC.US,D,20180723,000000,46.976,47.147,46.976,47.032,965,0
EMXC.US,D,20180724,000000,47.579,47.579,47.579,47.579,262,0
EMXC.US,D,20180725,000000,47.829,48.226,47.829,48.226,1400,0
EMXC.US,D,20180726,000000,47.932,47.932,47.932,47.932,613,0
EMXC.US,D,20180727,000000,48.217,48.217,48.217,48.217,211,0
EMXC.US,D,20180730,000000,48.446,48.446,48.322,48.322,3104,0
EMXC.US,D,20180731,000000,48.597,48.597,48.568,48.568,726,0
EMXC.US,D,20180801,000000,48.399,48.399,48.399,48.399,211,0
EMXC.US,D,20180806,000000,48.057,48.076,48.057,48.076,476,0
EMXC.US,D,20180807,000000,48.511,48.601,48.511,48.56,1371,0
EMXC.US,D,20180808,000000,48.332,48.426,48.332,48.426,1329,0
EMXC.US,D,20180810,000000,46.9,46.91,46.823,46.91,2721,0
EMXC.US,D,20180813,000000,46.218,46.292,46.013,46.013,1351,0
EMXC.US,D,20180814,000000,46.426,46.426,46.426,46.426,842,0
EMXC.US,D,20180815,000000,45.629,45.629,45.629,45.629,285,0
EMXC.US,D,20180816,000000,45.937,46.083,45.937,45.94,906,0
EMXC.US,D,20180817,000000,45.629,45.97,45.629,45.97,3220,0
EMXC.US,D,20180820,000000,46.18,46.18,46.18,46.18,559,0
EMXC.US,D,20180821,000000,46.54,46.653,46.54,46.653,1054,0
EMXC.US,D,20180822,000000,46.692,46.967,46.692,46.967,1294,0
EMXC.US,D,20180824,000000,47.081,47.081,47.081,47.081,476,0
EMXC.US,D,20180827,000000,47.829,47.829,47.754,47.754,316,0
EMXC.US,D,20180828,000000,47.849,47.932,47.669,47.669,1186,0
EMXC.US,D,20180829,000000,47.546,47.821,47.546,47.821,1174,0
EMXC.US,D,20180830,000000,47.27,47.27,47.27,47.27,870,0
EMXC.US,D,20180831,000000,46.91,46.971,46.91,46.948,582,0
EMXC.US,D,20180904,000000,46.331,46.331,46.146,46.208,3648,0
EMXC.US,D,20180905,000000,45.733,45.81,45.721,45.769,1167,0
EMXC.US,D,20180906,000000,45.712,45.897,45.712,45.897,317,0
EMXC.US,D,20180907,000000,45.99,45.99,45.697,45.8,1476,0
EMXC.US,D,20180910,000000,45.581,45.581,45.463,45.495,3210,0
EMXC.US,D,20180911,000000,45.097,45.097,45.097,45.097,438,0
EMXC.US,D,20180912,000000,45.676,45.676,45.43,45.676,484,0
EMXC.US,D,20180914,000000,46.311,46.311,46.122,46.273,730,0
EMXC.US,D,20180917,000000,45.894,45.96,45.837,45.888,2750,0
EMXC.US,D,20180918,000000,46.046,46.046,46.046,46.046,106,0
EMXC.US,D,20180919,000000,46.379,46.379,46.379,46.379,934,0
EMXC.US,D,20180920,000000,47.081,47.081,47.063,47.063,232,0
EMXC.US,D,20180924,000000,46.664,46.735,46.624,46.624,1713,0
EMXC.US,D,20180925,000000,46.867,46.867,46.867,46.867,222,0
EMXC.US,D,20180926,000000,47.27,47.289,47.27,47.289,747,0
EMXC.US,D,20180927,000000,47.337,47.395,47.327,47.327,2058,0
EMXC.US,D,20180928,000000,46.938,47.174,46.938,47.137,1304,0
EMXC.US,D,20181001,000000,47.222,47.232,47.158,47.185,1492,0
EMXC.US,D,20181002,000000,46.692,46.918,46.692,46.918,2132,0
EMXC.US,D,20181003,000000,46.879,46.879,46.473,46.473,2003,0
EMXC.US,D,20181004,000000,45.922,45.922,45.178,45.259,3220,0
EMXC.US,D,20181005,000000,45.087,45.087,45.003,45.003,3156,0
EMXC.US,D,20181008,000000,45.23,45.23,45.23,45.23,106,0
EMXC.US,D,20181010,000000,45.107,45.107,44.234,44.234,1825,0
EMXC.US,D,20181011,000000,43.91,44.065,43.91,44.065,755,0
EMXC.US,D,20181012,000000,44.68,44.68,44.68,44.68,216,0
EMXC.US,D,20181015,000000,44.664,44.664,44.664,44.664,222,0
EMXC.US,D,20181016,000000,45.097,45.487,45.097,45.487,3722,0
EMXC.US,D,20181018,000000,44.661,44.661,44.007,44.007,716,0
EMXC.US,D,20181019,000000,44.775,44.775,44.328,44.328,1102,0
EMXC.US,D,20181022,000000,44.718,44.718,44.395,44.395,2453,0
EMXC.US,D,20181023,000000,43.484,43.531,43.484,43.531,929,0
EMXC.US,D,20181024,000000,43.863,43.863,42.798,42.798,2915,0
EMXC.US,D,20181025,000000,43.113,43.779,43.113,43.779,632,0
EMXC.US,D,20181026,000000,42.612,43.113,42.602,42.849,7374,0
EMXC.US,D,20181029,000000,43.409,43.503,42.688,42.688,2661,0
EMXC.US,D,20181030,000000,43.19,43.266,43.132,43.266,1160,0
EMXC.US,D,20181031,000000,43.541,43.541,43.541,43.541,860,0
EMXC.US,D,20181101,000000,44.471,44.68,44.471,44.68,2255,0
EMXC.US,D,20181102,000000,45.411,45.411,44.764,44.898,5933,0
EMXC.US,D,20181105,000000,45.212,45.222,45.212,45.222,22498,0
EMXC.US,D,20181106,000000,45.117,45.169,45.078,45.164,4160,0
EMXC.US,D,20181107,000000,45.845,45.845,45.805,45.805,1001,0
EMXC.US,D,20181108,000000,45.307,45.307,45.307,45.307,163,0
EMXC.US,D,20181113,000000,43.741,44.055,43.741,43.93,1391,0
EMXC.US,D,20181114,000000,44.224,44.224,43.845,43.845,661,0
EMXC.US,D,20181119,000000,44.731,44.747,44.522,44.718,9562,0
EMXC.US,D,20181120,000000,43.986,43.986,43.65,43.655,752,0
EMXC.US,D,20181121,000000,44.301,44.376,44.301,44.376,683,0
EMXC.US,D,20181123,000000,43.873,43.968,43.873,43.94,1955,0
EMXC.US,D,20181126,000000,44.348,44.404,44.067,44.139,10890,0
EMXC.US,D,20181127,000000,44.178,45.315,44.178,45.315,827,0
EMXC.US,D,20181128,000000,44.575,45.401,44.575,45.401,411,0
EMXC.US,D,20181129,000000,45.356,45.495,45.356,45.495,1452,0
EMXC.US,D,20181130,000000,44.974,44.974,44.909,44.909,392,0
EMXC.US,D,20181203,000000,46.17,46.17,45.781,45.781,3916,0
EMXC.US,D,20181204,000000,45.837,45.837,45.181,45.181,2610,0
EMXC.US,D,20181206,000000,43.959,44.328,43.94,44.309,2036,0
EMXC.US,D,20181207,000000,44.785,44.785,43.978,43.978,961,0
EMXC.US,D,20181210,000000,43.684,43.684,43.01,43.01,1024,0
EMXC.US,D,20181212,000000,44.462,44.67,44.379,44.514,14572,0
EMXC.US,D,20181213,000000,44.281,44.443,44.281,44.301,12358,0
EMXC.US,D,20181214,000000,43.712,43.739,43.712,43.736,650,0
EMXC.US,D,20181217,000000,43.825,43.825,43.446,43.446,9310,0
EMXC.US,D,20181218,000000,43.843,44.24,43.843,44.24,2424,0
EMXC.US,D,20181219,000000,44.298,44.597,44.298,44.597,336,0
EMXC.US,D,20181220,000000,44.191,44.211,43.95,44.104,12953,0
EMXC.US,D,20181221,000000,43.888,44.094,43.466,43.466,3772,0
EMXC.US,D,20181224,000000,43.476,43.476,43.316,43.316,673,0
EMXC.US,D,20181226,000000,43.244,43.244,43.213,43.213,425,0
EMXC.US,D,20181227,000000,43.611,43.91,43.583,43.91,33802,0
EMXC.US,D,20181228,000000,44.27,44.411,44.27,44.366,2560,0
EMXC.US,D,20181231,000000,44.491,44.491,44.253,44.253,1203,0
EMXC.US,D,20190102,000000,44.027,44.371,44.027,44.371,990,0
EMXC.US,D,20190103,000000,43.766,43.941,43.766,43.941,332,0
EMXC.US,D,20190104,000000,44.791,45.053,44.791,45.053,3198,0
EMXC.US,D,20190107,000000,45.129,45.149,44.995,45.149,911,0
EMXC.US,D,20190108,000000,44.927,45.139,44.858,45.12,3176,0
EMXC.US,D,20190109,000000,45.856,45.894,45.817,45.817,1462,0
EMXC.US,D,20190110,000000,45.73,46.058,45.73,46.049,1674,0
EMXC.US,D,20190111,000000,45.788,45.963,45.788,45.963,687,0
EMXC.US,D,20190114,000000,45.662,45.845,45.652,45.754,1383,0
EMXC.US,D,20190115,000000,46.068,46.117,45.972,45.972,22807,0
EMXC.US,D,20190116,000000,46.349,46.427,46.349,46.377,21726,0
EMXC.US,D,20190117,000000,45.987,46.27,45.987,46.27,581,0
EMXC.US,D,20190118,000000,46.668,46.754,46.629,46.636,1087,0
EMXC.US,D,20190122,000000,46.156,46.156,45.894,45.894,1466,0
EMXC.US,D,20190123,000000,46.362,46.455,46.107,46.455,2166,0
EMXC.US,D,20190124,000000,46.775,46.862,46.658,46.862,2076,0
EMXC.US,D,20190125,000000,47.385,47.408,47.331,47.354,6391,0
EMXC.US,D,20190128,000000,46.629,46.855,46.552,46.855,3972,0
EMXC.US,D,20190129,000000,47.065,47.065,47.065,47.065,207,0
EMXC.US,D,20190130,000000,47.035,47.954,47.035,47.723,1936,0
EMXC.US,D,20190131,000000,48.081,48.139,47.992,48.041,3909,0
EMXC.US,D,20190201,000000,47.82,47.865,47.755,47.755,1124,0
EMXC.US,D,20190204,000000,47.607,47.923,47.607,47.854,1054,0
EMXC.US,D,20190205,000000,48.142,48.399,48.142,48.399,3083,0
EMXC.US,D,20190206,000000,48.061,48.061,47.8,47.8,2993,0
EMXC.US,D,20190207,000000,47.55,47.55,47.145,47.163,1642,0
EMXC.US,D,20190208,000000,47.173,47.248,47.016,47.016,2441,0
EMXC.US,D,20190211,000000,46.969,46.969,46.785,46.785,4153,0
EMXC.US,D,20190212,000000,47.366,47.375,47.317,47.317,942,0
EMXC.US,D,20190213,000000,47.016,47.055,46.639,46.658,1315,0
EMXC.US,D,20190214,000000,46.503,46.951,46.436,46.951,2360,0
EMXC.US,D,20190219,000000,46.834,47.19,46.834,47.172,1015,0
EMXC.US,D,20190220,000000,47.248,47.534,47.248,47.534,2053,0
EMXC.US,D,20190221,000000,47.153,47.163,47.126,47.143,2297,0
EMXC.US,D,20190222,000000,47.568,47.646,47.568,47.646,591,0
EMXC.US,D,20190225,000000,48.032,48.032,48.012,48.012,1962,0
EMXC.US,D,20190226,000000,47.81,47.854,47.81,47.839,4915,0
EMXC.US,D,20190227,000000,47.568,47.652,47.51,47.652,641,0
EMXC.US,D,20190228,000000,47.209,47.209,47.065,47.153,1040,0
EMXC.US,D,20190301,000000,46.844,46.844,46.844,46.844,310,0
EMXC.US,D,20190304,000000,46.698,46.698,46.698,46.698,622,0
EMXC.US,D,20190305,000000,46.978,46.988,46.93,46.95,3895,0
EMXC.US,D,20190306,000000,46.921,46.93,46.921,46.93,1208,0
EMXC.US,D,20190307,000000,46.602,46.602,46.252,46.252,1020,0
EMXC.US,D,20190311,000000,46.649,46.658,46.626,46.658,1002,0
EMXC.US,D,20190313,000000,46.96,46.96,46.909,46.909,808,0
EMXC.US,D,20190314,000000,46.736,46.736,46.63,46.63,482,0
EMXC.US,D,20190315,000000,47.124,47.394,47.124,47.364,6881,0
EMXC.US,D,20190318,000000,47.699,47.699,47.656,47.656,1407,0
EMXC.US,D,20190319,000000,47.752,47.869,47.721,47.721,2917,0
EMXC.US,D,20190320,000000,47.665,47.694,47.55,47.55,1853,0
EMXC.US,D,20190322,000000,47.443,47.443,46.93,47.084,3925,0
EMXC.US,D,20190325,000000,46.736,46.93,46.736,46.93,1207,0
EMXC.US,D,20190326,000000,47.141,47.158,47.141,47.158,958,0
EMXC.US,D,20190327,000000,46.717,46.717,46.393,46.465,4812,0
EMXC.US,D,20190328,000000,46.821,46.842,46.798,46.798,2600,0
EMXC.US,D,20190329,000000,47.125,47.125,47.125,47.125,760,0
EMXC.US,D,20190401,000000,47.568,47.788,47.568,47.788,1924,0
EMXC.US,D,20190402,000000,47.681,47.681,47.675,47.675,568,0
EMXC.US,D,20190403,000000,48.153,48.181,47.982,47.982,1537,0
EMXC.US,D,20190404,000000,48.167,48.186,48.167,48.181,989,0
EMXC.US,D,20190409,000000,48.525,48.525,48.393,48.393,10989,0
EMXC.US,D,20190410,000000,48.689,48.816,48.689,48.816,8836,0
EMXC.US,D,20190411,000000,48.418,48.467,48.212,48.212,7091,0
EMXC.US,D,20190412,000000,48.601,48.601,48.432,48.432,1306,0
EMXC.US,D,20190415,000000,48.418,48.428,48.322,48.418,9121,0
EMXC.US,D,20190416,000000,48.564,48.719,48.564,48.709,3846,0
EMXC.US,D,20190417,000000,49.029,49.029,48.818,48.826,2006,0
EMXC.US,D,20190418,000000,48.515,48.535,48.515,48.525,930,0
EMXC.US,D,20190422,000000,48.39,48.535,48.37,48.525,1835,0
EMXC.US,D,20190423,000000,48.458,48.458,48.458,48.458,198,0
EMXC.US,D,20190424,000000,48.158,48.158,47.934,47.964,2888,0
EMXC.US,D,20190426,000000,48.1,48.193,48.1,48.134,13542,0
EMXC.US,D,20190429,000000,48.274,48.274,48.176,48.176,781,0
EMXC.US,D,20190430,000000,48.11,48.11,48.11,48.11,296,0
EMXC.US,D,20190501,000000,48.325,48.515,48.041,48.041,1397,0
EMXC.US,D,20190502,000000,47.982,47.982,47.685,47.912,5694,0
EMXC.US,D,20190503,000000,48.148,48.39,48.148,48.37,1807,0
EMXC.US,D,20190506,000000,47.66,47.66,47.66,47.66,260,0
EMXC.US,D,20190507,000000,47.209,47.209,46.839,46.964,1472,0
EMXC.US,D,20190508,000000,47.153,47.153,47.153,47.153,464,0
EMXC.US,D,20190509,000000,46.011,46.195,45.771,46.195,4712,0
EMXC.US,D,20190510,000000,46.29,46.533,45.865,46.533,12673,0
EMXC.US,D,20190513,000000,45.237,45.237,45.087,45.129,3212,0
EMXC.US,D,20190514,000000,45.73,45.73,45.73,45.73,830,0
EMXC.US,D,20190515,000000,45.575,45.575,45.521,45.545,1803,0
EMXC.US,D,20190516,000000,45.304,45.516,45.198,45.227,7608,0
EMXC.US,D,20190517,000000,44.995,44.995,44.719,44.719,10857,0
EMXC.US,D,20190520,000000,45.024,45.043,44.985,45.043,789,0
EMXC.US,D,20190521,000000,45.469,45.469,45.294,45.412,6446,0
EMXC.US,D,20190522,000000,45.469,45.585,45.469,45.536,22394,0
EMXC.US,D,20190523,000000,44.83,45.159,44.81,45.015,49695,0
EMXC.US,D,20190524,000000,45.332,45.332,45.179,45.179,2337,0
EMXC.US,D,20190528,000000,45.332,45.391,45.106,45.106,3084,0
EMXC.US,D,20190529,000000,45.062,45.218,45.043,45.218,2254,0
EMXC.US,D,20190530,000000,45.604,45.871,45.604,45.696,3608,0
EMXC.US,D,20190531,000000,45.638,46.052,45.638,45.963,5006,0
EMXC.US,D,20190603,000000,46.552,46.668,46.513,46.513,920,0
EMXC.US,D,20190604,000000,46.503,46.629,46.501,46.629,1573,0
EMXC.US,D,20190605,000000,46.523,46.523,46.368,46.369,2237,0
EMXC.US,D,20190606,000000,46.32,46.32,46.234,46.234,898,0
EMXC.US,D,20190607,000000,46.698,46.85,46.543,46.736,17458,0
EMXC.US,D,20190610,000000,47.084,47.137,46.935,47.045,11902,0
EMXC.US,D,20190611,000000,47.568,47.568,47.322,47.433,8512,0
EMXC.US,D,20190612,000000,47.268,47.268,47.075,47.075,9033,0
EMXC.US,D,20190613,000000,47.146,47.146,46.978,46.988,1077,0
EMXC.US,D,20190614,000000,46.813,46.813,46.709,46.709,554,0
EMXC.US,D,20190617,000000,46.629,46.644,46.629,46.644,395,0
EMXC.US,D,20190618,000000,47.553,47.651,47.455,47.485,2819,0
EMXC.US,D,20190619,000000,47.508,47.958,47.5,47.943,10264,0
EMXC.US,D,20190620,000000,48.554,48.709,48.375,48.534,2672,0
EMXC.US,D,20190621,000000,48.282,48.427,48.282,48.368,2567,0
EMXC.US,D,20190624,000000,48.233,48.327,48.233,48.31,2622,0
EMXC.US,D,20190625,000000,48.252,48.252,48.203,48.205,2128,0
EMXC.US,D,20190626,000000,48.272,48.315,48.272,48.272,3819,0
EMXC.US,D,20190627,000000,48.466,48.466,48.451,48.451,1307,0
EMXC.US,D,20190628,000000,48.514,48.514,48.471,48.471,402,0
EMXC.US,D,20190701,000000,48.903,48.903,48.679,48.731,2450,0
EMXC.US,D,20190702,000000,48.608,48.608,48.608,48.608,289,0
EMXC.US,D,20190703,000000,48.33,48.534,48.33,48.534,6656,0
EMXC.US,D,20190705,000000,48.417,48.505,48.34,48.379,5931,0
EMXC.US,D,20190708,000000,48.229,48.229,48.184,48.223,584,0
EMXC.US,D,20190709,000000,47.93,48.066,47.93,48.066,336,0
EMXC.US,D,20190710,000000,48.696,48.715,48.613,48.715,1961,0
EMXC.US,D,20190711,000000,48.787,48.787,48.555,48.555,801,0
EMXC.US,D,20190712,000000,48.546,48.546,48.546,48.546,492,0
EMXC.US,D,20190715,000000,48.748,48.748,48.679,48.679,571,0
EMXC.US,D,20190716,000000,48.787,48.787,48.694,48.694,2430,0
EMXC.US,D,20190717,000000,48.522,48.522,48.442,48.442,1689,0
EMXC.US,D,20190718,000000,48.534,48.647,48.408,48.637,4633,0
EMXC.US,D,20190722,000000,48.661,48.661,48.661,48.661,140,0
EMXC.US,D,20190723,000000,48.573,48.573,48.526,48.526,668,0
EMXC.US,D,20190724,000000,48.389,48.437,48.203,48.437,5342,0
EMXC.US,D,20190726,000000,48.097,48.155,48.029,48.071,17712,0
EMXC.US,D,20190729,000000,47.96,47.96,47.96,47.96,366,0
EMXC.US,D,20190731,000000,47.626,47.639,47.103,47.133,5440,0
EMXC.US,D,20190801,000000,47.106,47.33,46.502,46.502,8715,0
EMXC.US,D,20190802,000000,46.249,46.249,45.929,45.969,3291,0
EMXC.US,D,20190805,000000,44.899,44.899,44.476,44.476,1648,0
EMXC.US,D,20190806,000000,45.22,45.22,45.132,45.132,1801,0
EMXC.US,D,20190807,000000,44.596,45.005,44.539,45.001,10100,0
EMXC.US,D,20190808,000000,45.539,45.735,45.511,45.704,940,0
EMXC.US,D,20190809,000000,45.307,45.441,45.307,45.441,457,0
EMXC.US,D,20190812,000000,44.752,44.769,44.752,44.752,820,0
EMXC.US,D,20190813,000000,45.221,45.221,44.422,45.196,1585,0
EMXC.US,D,20190814,000000,44.364,44.364,44.013,44.043,2811,0
EMXC.US,D,20190815,000000,44.081,44.186,43.897,44.094,4626,0
EMXC.US,D,20190816,000000,44.482,44.675,44.482,44.539,3921,0
EMXC.US,D,20190819,000000,44.772,44.772,44.772,44.772,1336,0
EMXC.US,D,20190821,000000,44.947,44.947,44.906,44.906,1417,0
EMXC.US,D,20190822,000000,44.685,44.685,44.409,44.409,928,0
EMXC.US,D,20190823,000000,44.401,44.411,43.848,43.897,3597,0
EMXC.US,D,20190826,000000,44.027,44.033,43.887,43.921,3941,0
EMXC.US,D,20190827,000000,44.053,44.053,44.053,44.053,301,0
EMXC.US,D,20190828,000000,44.081,44.13,44.081,44.12,976,0
EMXC.US,D,20190829,000000,44.325,44.548,44.298,44.505,3217,0
EMXC.US,D,20190830,000000,44.971,44.971,44.971,44.971,476,0
EMXC.US,D,20190903,000000,44.577,44.582,44.481,44.541,2240,0
EMXC.US,D,20190904,000000,45.113,45.257,45.113,45.257,11287,0
EMXC.US,D,20190905,000000,45.749,45.766,45.749,45.766,326,0
EMXC.US,D,20190906,000000,46.017,46.104,45.976,45.976,3169,0
EMXC.US,D,20190910,000000,45.966,45.966,45.966,45.966,1185,0
EMXC.US,D,20190911,000000,46.474,46.483,46.414,46.466,4499,0
EMXC.US,D,20190912,000000,46.843,47.018,46.843,47.018,858,0
EMXC.US,D,20190913,000000,47.034,47.057,46.998,47.057,3371,0
EMXC.US,D,20190916,000000,46.689,46.746,46.689,46.731,3087,0
EMXC.US,D,20190917,000000,46.426,46.426,46.426,46.426,147,0
EMXC.US,D,20190918,000000,46.717,46.727,46.717,46.727,490,0
EMXC.US,D,20190919,000000,46.736,46.736,46.609,46.609,557,0
EMXC.US,D,20190923,000000,46.493,46.758,46.493,46.758,725,0
EMXC.US,D,20190924,000000,46.863,46.863,46.542,46.571,1714,0
EMXC.US,D,20190925,000000,46.173,46.173,46.173,46.173,224,0
EMXC.US,D,20190926,000000,46.516,46.516,46.516,46.516,107,0
EMXC.US,D,20190927,000000,46.483,46.522,46.074,46.192,1557,0
EMXC.US,D,20190930,000000,46.387,46.438,46.377,46.377,1868,0
EMXC.US,D,20191001,000000,46.223,46.223,46.046,46.046,424,0
EMXC.US,D,20191002,000000,45.487,45.487,45.375,45.375,468,0
EMXC.US,D,20191003,000000,45.533,45.773,45.533,45.773,1079,0
EMXC.US,D,20191004,000000,45.968,46.303,45.968,46.279,11510,0
EMXC.US,D,20191007,000000,46.026,46.133,45.856,45.856,1170,0
EMXC.US,D,20191008,000000,45.91,45.91,45.696,45.696,2813,0
EMXC.US,D,20191009,000000,45.998,46.128,45.929,46.074,8634,0
EMXC.US,D,20191010,000000,46.369,46.369,46.369,46.369,103,0
EMXC.US,D,20191011,000000,47.028,47.135,46.998,47.135,3400,0
EMXC.US,D,20191014,000000,46.902,46.902,46.758,46.758,1219,0
EMXC.US,D,20191015,000000,47.074,47.097,47.059,47.097,898,0
EMXC.US,D,20191016,000000,46.951,46.951,46.951,46.951,276,0
EMXC.US,D,20191017,000000,47.57,47.57,47.447,47.455,7735,0
EMXC.US,D,20191018,000000,47.32,47.455,47.291,47.388,1541,0
EMXC.US,D,20191021,000000,47.641,47.665,47.641,47.665,1500,0
EMXC.US,D,20191022,000000,48.116,48.116,48.021,48.021,501,0
EMXC.US,D,20191023,000000,48.009,48.116,48.009,48.116,1204,0
EMXC.US,D,20191024,000000,48.161,48.161,48.161,48.161,699,0
EMXC.US,D,20191025,000000,48.068,48.31,48.068,48.31,1761,0
EMXC.US,D,20191028,000000,48.427,48.514,48.427,48.514,1110,0
EMXC.US,D,20191029,000000,48.223,48.362,48.223,48.362,596,0
EMXC.US,D,20191030,000000,48.223,48.329,48.213,48.32,3050,0
EMXC.US,D,20191031,000000,48.126,48.126,48.043,48.092,2600,0
EMXC.US,D,20191101,000000,48.613,48.817,48.613,48.788,1740,0
EMXC.US,D,20191104,000000,49.196,49.252,49.181,49.181,1823,0
EMXC.US,D,20191105,000000,49.556,49.556,49.38,49.398,1881,0
EMXC.US,D,20191106,000000,49.448,49.448,49.215,49.293,8896,0
EMXC.US,D,20191107,000000,49.642,49.74,49.555,49.561,3886,0
EMXC.US,D,20191108,000000,49.059,49.128,48.972,48.972,2594,0
EMXC.US,D,20191111,000000,48.573,48.73,48.573,48.73,10899,0
EMXC.US,D,20191112,000000,48.581,48.581,48.458,48.485,2367,0
EMXC.US,D,20191113,000000,48.048,48.234,48.048,48.197,2877,0
EMXC.US,D,20191114,000000,48.174,48.174,48.174,48.174,1268,0
EMXC.US,D,20191115,000000,48.856,48.865,48.811,48.811,11081,0
EMXC.US,D,20191118,000000,48.719,48.767,48.644,48.644,1467,0
EMXC.US,D,20191119,000000,48.592,48.709,48.592,48.656,1739,0
EMXC.US,D,20191120,000000,48.495,48.583,48.447,48.514,2724,0
EMXC.US,D,20191121,000000,48.34,48.381,48.261,48.381,1029,0
EMXC.US,D,20191122,000000,48.359,48.38,48.359,48.38,3159,0
EMXC.US,D,20191125,000000,48.417,48.728,48.417,48.642,10357,0
EMXC.US,D,20191126,000000,48.31,48.388,48.223,48.388,2895,0
EMXC.US,D,20191127,000000,48.243,48.385,48.223,48.372,4189,0
EMXC.US,D,20191129,000000,47.875,47.875,47.813,47.875,627,0
EMXC.US,D,20191202,000000,47.835,47.835,47.797,47.797,669,0
EMXC.US,D,20191203,000000,47.495,47.547,47.409,47.547,2343,0
EMXC.US,D,20191204,000000,47.982,47.982,47.956,47.956,953,0
EMXC.US,D,20191205,000000,47.997,48.165,47.982,48.165,3390,0
EMXC.US,D,20191206,000000,48.296,48.366,48.214,48.366,1160,0
EMXC.US,D,20191209,000000,48.437,48.437,48.32,48.32,7762,0
EMXC.US,D,20191210,000000,48.31,48.31,48.252,48.252,5905,0
EMXC.US,D,20191211,000000,48.647,48.903,48.634,48.878,5663,0
EMXC.US,D,20191212,000000,49.176,49.866,49.176,49.785,9284,0
EMXC.US,D,20191213,000000,49.847,50.197,49.847,49.964,9330,0
EMXC.US,D,20191216,000000,49.986,49.986,49.68,49.68,15687,0
EMXC.US,D,20191217,000000,50.036,50.109,49.985,50.109,3814,0
EMXC.US,D,20191218,000000,50.382,50.422,50.3,50.386,1546,0
EMXC.US,D,20191219,000000,50.234,50.477,50.234,50.436,3536,0
EMXC.US,D,20191220,000000,50.482,50.512,50.434,50.434,1259,0
EMXC.US,D,20191223,000000,50.466,50.541,50.448,50.516,4595,0
EMXC.US,D,20191224,000000,50.372,50.382,50.357,50.357,993,0
EMXC.US,D,20191226,000000,50.612,50.666,50.571,50.666,5527,0
EMXC.US,D,20191227,000000,50.929,50.999,50.873,50.894,6533,0
EMXC.US,D,20191230,000000,50.987,50.987,50.582,50.582,2008,0
EMXC.US,D,20191231,000000,50.61,50.752,50.61,50.752,2317,0
EMXC.US,D,20200102,000000,51.15,51.357,51.032,51.357,9296,0
EMXC.US,D,20200103,000000,50.769,50.868,50.759,50.759,3492,0
EMXC.US,D,20200106,000000,50.274,50.482,50.229,50.438,10184,0
EMXC.US,D,20200107,000000,50.228,50.416,50.228,50.386,9154,0
EMXC.US,D,20200108,000000,50.324,50.888,50.324,50.683,5309,0
EMXC.US,D,20200109,000000,51.027,51.106,50.888,50.968,3908,0
EMXC.US,D,20200110,000000,51.245,51.363,51.184,51.184,3150,0
EMXC.US,D,20200113,000000,51.413,51.816,51.413,51.816,3307,0
EMXC.US,D,20200114,000000,51.641,51.66,51.463,51.645,5391,0
EMXC.US,D,20200115,000000,51.433,51.433,51.216,51.237,11911,0
EMXC.US,D,20200116,000000,51.571,51.601,51.421,51.529,4341,0
EMXC.US,D,20200117,000000,51.72,51.848,51.611,51.848,5099,0
EMXC.US,D,20200121,000000,51.165,51.313,51.017,51.028,47947,0
EMXC.US,D,20200122,000000,51.482,51.482,51.245,51.403,3852,0
EMXC.US,D,20200123,000000,50.848,51.094,50.65,51.094,4677,0
EMXC.US,D,20200124,000000,51.19,51.19,50.789,50.988,7016,0
EMXC.US,D,20200127,000000,49.402,49.669,49.277,49.531,14141,0
EMXC.US,D,20200128,000000,49.561,49.757,49.412,49.757,9101,0
EMXC.US,D,20200129,000000,49.927,49.927,49.689,49.752,6033,0
EMXC.US,D,20200130,000000,48.838,49.026,48.595,48.957,62580,0
EMXC.US,D,20200131,000000,48.332,48.332,47.789,47.888,10283,0
EMXC.US,D,20200203,000000,48.213,48.367,48.213,48.293,4359,0
EMXC.US,D,20200204,000000,49.412,49.497,49.204,49.293,4605,0
EMXC.US,D,20200205,000000,49.877,49.931,49.531,49.559,6430,0
EMXC.US,D,20200206,000000,49.521,49.669,49.521,49.62,972,0
EMXC.US,D,20200207,000000,48.728,48.847,48.56,48.635,7231,0
EMXC.US,D,20200210,000000,48.62,48.831,48.62,48.831,2913,0
EMXC.US,D,20200211,000000,49.373,49.54,49.303,49.335,9562,0
EMXC.US,D,20200212,000000,49.838,49.94,49.756,49.793,4158,0
EMXC.US,D,20200213,000000,49.471,49.601,49.382,49.43,8103,0
EMXC.US,D,20200214,000000,49.769,49.769,49.501,49.55,7720,0
EMXC.US,D,20200218,000000,49.085,49.135,48.996,49.022,6261,0
EMXC.US,D,20200219,000000,49.363,49.404,49.363,49.386,982,0
EMXC.US,D,20200220,000000,48.798,48.926,48.402,48.559,12208,0
EMXC.US,D,20200221,000000,48.223,48.53,48.223,48.326,5358,0
EMXC.US,D,20200224,000000,46.312,46.58,46.285,46.447,11969,0
EMXC.US,D,20200225,000000,47.075,47.075,46.071,46.071,8256,0
EMXC.US,D,20200226,000000,46.451,46.689,46.164,46.171,3117,0
EMXC.US,D,20200227,000000,45.539,45.842,44.945,45.009,7542,0
EMXC.US,D,20200228,000000,43.579,44.371,43.281,44.371,22777,0
EMXC.US,D,20200302,000000,44.272,45.054,44.173,45.048,58365,0
EMXC.US,D,20200303,000000,44.931,45.767,44.796,44.852,6909,0
EMXC.US,D,20200304,000000,45.314,45.614,45.314,45.614,288,0
EMXC.US,D,20200305,000000,45.015,45.015,44.173,44.328,3328,0
EMXC.US,D,20200306,000000,43.172,43.697,43.172,43.584,34901,0
EMXC.US,D,20200309,000000,39.825,42.034,39.825,39.867,16918,0
EMXC.US,D,20200310,000000,41.361,41.943,40.8,41.943,7635,0
EMXC.US,D,20200311,000000,40.613,40.746,39.517,39.934,22245,0
EMXC.US,D,20200312,000000,36.557,36.557,34.774,35.501,26676,0
EMXC.US,D,20200313,000000,38.557,38.557,36.645,38.339,5927,0
EMXC.US,D,20200316,000000,33.941,35.131,32.822,33.243,19005,0
EMXC.US,D,20200317,000000,33.675,35.081,33.675,35.06,7403,0
EMXC.US,D,20200318,000000,32.099,32.891,31.198,31.705,10889,0
EMXC.US,D,20200319,000000,31.248,32.049,31.248,31.819,6441,0
EMXC.US,D,20200320,000000,33.57,33.57,32.277,32.337,31226,0
EMXC.US,D,20200323,000000,32.307,32.307,30.872,31.191,26749,0
EMXC.US,D,20200324,000000,33.506,33.565,33.248,33.456,3871,0
EMXC.US,D,20200325,000000,34.456,35.587,34.456,35.467,9049,0
EMXC.US,D,20200326,000000,35.705,36.478,35.705,36.438,8735,0
EMXC.US,D,20200327,000000,34.417,35.06,34.417,34.434,15637,0
EMXC.US,D,20200330,000000,34.475,34.863,34.475,34.788,5789,0
EMXC.US,D,20200331,000000,35.557,35.557,35.131,35.131,4400,0
EMXC.US,D,20200401,000000,33.991,34.031,33.625,33.677,5573,0
EMXC.US,D,20200402,000000,34.486,35.101,34.466,35.049,29077,0
EMXC.US,D,20200403,000000,35.093,35.093,34.061,34.289,35141,0
EMXC.US,D,20200406,000000,35.665,36.368,35.665,36.303,4535,0
EMXC.US,D,20200407,000000,37.745,37.745,36.685,36.705,14117,0
EMXC.US,D,20200408,000000,36.843,37.408,36.744,37.296,10188,0
EMXC.US,D,20200409,000000,37.715,38.201,37.418,37.418,63952,0
EMXC.US,D,20200413,000000,37.388,37.388,36.962,37.358,15957,0
EMXC.US,D,20200414,000000,38.071,38.423,37.965,38.129,24591,0
EMXC.US,D,20200415,000000,37.12,37.122,36.854,37.021,3840,0
EMXC.US,D,20200416,000000,37.556,37.556,37.007,37.079,7698,0
EMXC.US,D,20200417,000000,38.191,38.191,37.86,38.051,11323,0
EMXC.US,D,20200420,000000,37.804,37.843,37.382,37.4,15956,0
EMXC.US,D,20200421,000000,36.518,36.537,36.29,36.408,2277,0
EMXC.US,D,20200422,000000,37.425,37.452,37.337,37.351,11584,0
EMXC.US,D,20200423,000000,37.804,37.933,37.299,37.363,4929,0
EMXC.US,D,20200424,000000,36.962,37.117,36.764,37.052,14188,0
EMXC.US,D,20200427,000000,37.566,37.983,37.556,37.983,13011,0
EMXC.US,D,20200428,000000,38.418,38.418,38.181,38.188,6745,0
EMXC.US,D,20200429,000000,38.884,39.413,38.884,39.413,21935,0
EMXC.US,D,20200430,000000,39.29,39.29,38.567,38.72,8784,0
EMXC.US,D,20200501,000000,37.843,37.843,37.376,37.537,5726,0
EMXC.US,D,20200504,000000,37.655,38.081,37.655,38.022,3999,0
EMXC.US,D,20200505,000000,38.498,38.498,38.061,38.061,10365,0
EMXC.US,D,20200506,000000,38.013,38.013,37.665,37.735,30838,0
EMXC.US,D,20200507,000000,37.933,38.106,37.909,37.972,5639,0
EMXC.US,D,20200508,000000,38.389,38.716,38.389,38.562,9659,0
EMXC.US,D,20200511,000000,38.354,38.468,38.26,38.26,12480,0
EMXC.US,D,20200512,000000,38.567,38.884,38.195,38.214,23477,0
EMXC.US,D,20200513,000000,38.567,38.567,37.726,37.971,9869,0
EMXC.US,D,20200514,000000,37.378,38.191,37.279,38.191,41448,0
EMXC.US,D,20200515,000000,37.535,37.71,37.422,37.556,3946,0
EMXC.US,D,20200518,000000,38.309,38.802,38.309,38.755,7067,0
EMXC.US,D,20200519,000000,38.755,38.914,38.565,38.565,19164,0
EMXC.US,D,20200520,000000,39.072,39.449,39.072,39.31,20320,0
EMXC.US,D,20200521,000000,39.409,39.542,39.062,39.216,51797,0
EMXC.US,D,20200522,000000,38.765,38.844,38.508,38.794,15317,0
EMXC.US,D,20200526,000000,40.013,40.073,39.627,39.631,24002,0
EMXC.US,D,20200527,000000,39.904,40.033,39.587,40.018,118255,0
EMXC.US,D,20200528,000000,40.043,40.44,39.872,39.885,69604,0
EMXC.US,D,20200529,000000,39.904,40.325,39.805,40.31,22613,0
EMXC.US,D,20200601,000000,40.618,41.182,40.618,41.172,8811,0
EMXC.US,D,20200602,000000,41.697,42.152,41.697,42.124,17981,0
EMXC.US,D,20200603,000000,43.083,43.39,42.974,43.311,54638,0
EMXC.US,D,20200604,000000,42.776,43.024,42.697,42.754,16858,0
EMXC.US,D,20200605,000000,44.163,44.347,44.007,44.07,13135,0
EMXC.US,D,20200608,000000,44.083,44.668,43.817,44.649,15199,0
EMXC.US,D,20200609,000000,43.855,44.262,43.777,44.222,22415,0
EMXC.US,D,20200610,000000,44.42,44.43,43.915,44.282,19123,0
EMXC.US,D,20200611,000000,42.618,42.874,41.598,41.657,17368,0
EMXC.US,D,20200612,000000,42.78,42.836,42.232,42.766,20807,0
EMXC.US,D,20200615,000000,41.421,42.406,41.336,42.155,17398,0
EMXC.US,D,20200616,000000,43.532,43.532,42.089,42.386,32033,0
EMXC.US,D,20200617,000000,42.835,42.85,42.624,42.69,28439,0
EMXC.US,D,20200618,000000,42.446,42.725,42.446,42.567,12673,0
EMXC.US,D,20200619,000000,42.954,42.974,42.595,42.595,5383,0
EMXC.US,D,20200622,000000,43.03,43.203,42.984,43.078,22775,0
EMXC.US,D,20200623,000000,43.562,43.72,43.355,43.355,4107,0
EMXC.US,D,20200624,000000,43.052,43.052,42.523,42.704,3700,0
EMXC.US,D,20200625,000000,42.735,43.044,42.735,43.044,2753,0
EMXC.US,D,20200626,000000,42.675,42.695,42.436,42.471,8136,0
EMXC.US,D,20200629,000000,42.616,42.816,42.526,42.816,8198,0
EMXC.US,D,20200630,000000,42.616,42.683,42.389,42.662,9829,0
EMXC.US,D,20200701,000000,42.964,43.183,42.954,43.183,5655,0
EMXC.US,D,20200702,000000,43.791,44.089,43.76,43.76,9441,0
EMXC.US,D,20200706,000000,44.597,44.816,44.597,44.736,9203,0
EMXC.US,D,20200707,000000,44.219,44.597,44.125,44.159,9863,0
EMXC.US,D,20200708,000000,44.468,44.707,44.184,44.707,25040,0
EMXC.US,D,20200709,000000,44.816,44.816,44.289,44.557,14925,0
EMXC.US,D,20200710,000000,44.259,44.368,44.129,44.368,12229,0
EMXC.US,D,20200713,000000,44.498,44.956,44.219,44.225,14822,0
EMXC.US,D,20200714,000000,43.95,44.677,43.95,44.677,6613,0
EMXC.US,D,20200715,000000,44.926,44.936,44.615,44.812,8448,0
EMXC.US,D,20200716,000000,44.617,44.707,44.518,44.669,12707,0
EMXC.US,D,20200717,000000,44.966,44.966,44.791,44.881,7477,0
EMXC.US,D,20200720,000000,44.906,45.246,44.836,45.246,19641,0
EMXC.US,D,20200721,000000,45.942,45.992,45.748,45.792,24688,0
EMXC.US,D,20200722,000000,45.802,45.932,45.693,45.802,13453,0
EMXC.US,D,20200723,000000,45.603,45.708,45.205,45.344,7540,0
EMXC.US,D,20200724,000000,45.185,45.753,45.185,45.662,11470,0
EMXC.US,D,20200727,000000,46.29,46.828,46.29,46.811,11617,0
EMXC.US,D,20200728,000000,46.679,46.679,46.37,46.39,15504,0
EMXC.US,D,20200729,000000,46.768,47.104,46.649,47.016,9584,0
EMXC.US,D,20200730,000000,46.34,46.43,45.93,46.42,4439,0
EMXC.US,D,20200731,000000,46.101,46.161,45.603,45.852,11315,0
EMXC.US,D,20200803,000000,45.703,45.822,45.683,45.822,123366,0
EMXC.US,D,20200804,000000,45.782,46.211,45.782,46.211,52184,0
EMXC.US,D,20200805,000000,47.002,47.002,46.738,46.795,4059,0
EMXC.US,D,20200806,000000,46.679,47.001,46.659,46.984,9878,0
EMXC.US,D,20200807,000000,46.47,46.629,46.42,46.473,10963,0
EMXC.US,D,20200810,000000,46.798,46.878,46.599,46.878,7746,0
EMXC.US,D,20200811,000000,47.216,47.216,46.764,46.764,7663,0
EMXC.US,D,20200812,000000,47.177,47.336,47.127,47.263,11684,0
EMXC.US,D,20200813,000000,47.236,47.366,47.067,47.206,11231,0
EMXC.US,D,20200814,000000,46.938,47.167,46.938,47.067,15751,0
EMXC.US,D,20200817,000000,47.316,47.495,47.256,47.331,15056,0
EMXC.US,D,20200818,000000,47.167,47.167,46.967,47.156,4424,0
EMXC.US,D,20200819,000000,46.997,47.049,46.639,46.639,10535,0
EMXC.US,D,20200820,000000,45.563,46.04,45.563,46.04,5732,0
EMXC.US,D,20200821,000000,45.972,46.201,45.932,46.201,5673,0
EMXC.US,D,20200824,000000,46.768,46.768,46.46,46.47,16800,0
EMXC.US,D,20200825,000000,46.719,46.967,46.658,46.956,15797,0
EMXC.US,D,20200826,000000,47.047,47.132,46.997,47.107,12541,0
EMXC.US,D,20200827,000000,47.137,47.137,46.539,46.798,11466,0
EMXC.US,D,20200828,000000,47.066,47.256,47.036,47.256,10894,0
EMXC.US,D,20200831,000000,46.3,46.3,45.952,46.151,23775,0
EMXC.US,D,20200901,000000,46.579,46.659,46.39,46.629,45586,0
EMXC.US,D,20200902,000000,46.455,46.599,46.25,46.599,8408,0
EMXC.US,D,20200903,000000,46.519,46.519,45.743,46.13,6815,0
EMXC.US,D,20200904,000000,46.33,46.35,45.549,46.322,14057,0
EMXC.US,D,20200908,000000,45.922,46.35,45.807,45.952,21842,0
EMXC.US,D,20200909,000000,46.41,46.748,46.41,46.646,11163,0
EMXC.US,D,20200910,000000,46.748,46.748,46.111,46.146,4098,0
EMXC.US,D,20200911,000000,46.499,46.599,46.35,46.44,2654,0
EMXC.US,D,20200914,000000,47.027,47.296,47.027,47.246,8801,0
EMXC.US,D,20200915,000000,47.505,47.794,47.505,47.633,28461,0
EMXC.US,D,20200916,000000,47.784,47.953,47.627,47.627,11869,0
EMXC.US,D,20200917,000000,47.097,47.525,47.097,47.525,2336,0
EMXC.US,D,20200918,000000,47.475,47.645,46.997,47.057,21134,0
EMXC.US,D,20200921,000000,46.151,46.43,45.742,46.43,7646,0
EMXC.US,D,20200922,000000,46.221,46.221,45.753,46.021,7640,0
EMXC.US,D,20200923,000000,45.832,45.832,45.199,45.199,16740,0
EMXC.US,D,20200924,000000,44.428,45.255,44.308,45.057,8079,0
EMXC.US,D,20200925,000000,44.757,45.205,44.677,45.205,8555,0
EMXC.US,D,20200928,000000,45.673,45.812,45.598,45.598,7246,0
EMXC.US,D,20200929,000000,45.504,45.762,45.504,45.628,5821,0
EMXC.US,D,20200930,000000,45.832,46.211,45.832,46.071,3935,0
EMXC.US,D,20201001,000000,46.39,46.519,46.201,46.519,10439,0
EMXC.US,D,20201002,000000,45.792,46.161,45.792,45.986,4642,0
EMXC.US,D,20201005,000000,46.538,46.838,46.465,46.838,12313,0
EMXC.US,D,20201006,000000,46.915,46.985,46.543,46.579,5535,0
EMXC.US,D,20201007,000000,46.987,47.276,46.987,47.146,5279,0
EMXC.US,D,20201008,000000,47.306,47.525,47.306,47.525,7103,0
EMXC.US,D,20201009,000000,47.823,48.041,47.719,47.754,8406,0
EMXC.US,D,20201012,000000,47.952,47.972,47.804,47.914,10182,0
EMXC.US,D,20201013,000000,47.665,47.665,47.495,47.595,3097,0
EMXC.US,D,20201014,000000,47.585,47.719,47.478,47.516,7783,0
EMXC.US,D,20201015,000000,46.908,47.159,46.908,47.089,17782,0
EMXC.US,D,20201016,000000,47.117,47.192,47.027,47.057,2767,0
EMXC.US,D,20201019,000000,47.426,47.426,47.007,47.067,13145,0
EMXC.US,D,20201020,000000,47.495,47.714,47.416,47.565,3473,0
EMXC.US,D,20201021,000000,47.545,47.789,47.545,47.63,4528,0
EMXC.US,D,20201022,000000,47.674,47.754,47.56,47.628,5082,0
EMXC.US,D,20201023,000000,47.794,47.992,47.784,47.992,4807,0
EMXC.US,D,20201026,000000,47.426,47.445,47.077,47.386,15682,0
EMXC.US,D,20201027,000000,47.276,47.276,47.097,47.216,2422,0
EMXC.US,D,20201028,000000,46.28,46.335,45.952,45.982,14812,0
EMXC.US,D,20201029,000000,45.802,46.151,45.598,46.151,10268,0
EMXC.US,D,20201030,000000,45.743,45.743,45.369,45.623,34955,0
EMXC.US,D,20201102,000000,46.001,46.151,45.897,46.151,6392,0
EMXC.US,D,20201103,000000,46.709,46.898,46.688,46.888,12259,0
EMXC.US,D,20201104,000000,47.545,47.952,47.545,47.794,6265,0
EMXC.US,D,20201105,000000,48.47,48.898,48.434,48.809,23592,0
EMXC.US,D,20201106,000000,48.699,49.033,48.397,48.978,28172,0
EMXC.US,D,20201109,000000,50.791,50.791,49.765,49.924,15648,0
EMXC.US,D,20201110,000000,49.914,50.248,49.785,50.103,5603,0
EMXC.US,D,20201111,000000,50.367,50.591,50.313,50.524,33946,0
EMXC.US,D,20201112,000000,50.382,50.582,49.877,50.014,7317,0
EMXC.US,D,20201113,000000,50.482,50.84,50.482,50.801,3411,0
EMXC.US,D,20201116,000000,51.677,51.974,51.518,51.795,18720,0
EMXC.US,D,20201117,000000,51.518,51.986,51.518,51.881,9304,0
EMXC.US,D,20201118,000000,52.145,52.235,51.871,51.871,7544,0
EMXC.US,D,20201119,000000,51.548,51.876,51.548,51.792,8550,0
EMXC.US,D,20201120,000000,51.767,51.886,51.767,51.777,6812,0
EMXC.US,D,20201123,000000,52.444,52.444,52.12,52.21,9171,0
EMXC.US,D,20201124,000000,52.494,53.02,52.434,52.989,14784,0
EMXC.US,D,20201125,000000,52.593,52.882,52.479,52.882,62223,0
EMXC.US,D,20201127,000000,53.051,53.23,53.013,53.06,9430,0
EMXC.US,D,20201130,000000,52.444,52.444,52.035,52.045,30137,0
EMXC.US,D,20201201,000000,54.454,54.454,52.948,53.36,10685,0
EMXC.US,D,20201202,000000,53.509,53.817,53.509,53.799,57729,0
EMXC.US,D,20201203,000000,54.305,54.594,54.305,54.305,24961,0
EMXC.US,D,20201204,000000,54.893,55.281,54.893,55.281,43398,0
EMXC.US,D,20201207,000000,55.281,55.579,55.221,55.344,28438,0
EMXC.US,D,20201208,000000,55.281,55.42,55.277,55.321,13487,0
EMXC.US,D,20201209,000000,55.709,55.759,55.052,55.241,172921,0
EMXC.US,D,20201210,000000,55.142,55.884,55.122,55.879,24303,0
EMXC.US,D,20201211,000000,55.58,55.938,55.51,55.668,56538,0
EMXC.US,D,20201214,000000,55.181,55.2,54.907,54.942,56177,0
EMXC.US,D,20201215,000000,55.062,55.58,55.016,55.536,28858,0
EMXC.US,D,20201216,000000,55.53,55.729,55.172,55.709,32485,0
EMXC.US,D,20201217,000000,55.849,55.918,55.759,55.915,37017,0
EMXC.US,D,20201218,000000,55.659,55.758,55.251,55.63,38154,0
EMXC.US,D,20201221,000000,54.763,55.022,54.3,54.863,113033,0
EMXC.US,D,20201222,000000,54.654,54.654,54.196,54.3,71701,0
EMXC.US,D,20201223,000000,54.933,55.132,54.873,55.012,33663,0
EMXC.US,D,20201224,000000,55.381,55.689,55.343,55.53,30897,0
EMXC.US,D,20201228,000000,55.898,56.068,55.819,55.938,59638,0
EMXC.US,D,20201229,000000,56.396,56.446,55.908,56.343,30355,0
EMXC.US,D,20201230,000000,56.884,57.009,56.765,56.864,55636,0
EMXC.US,D,20201231,000000,56.904,57.014,56.416,56.625,25389,0
EMXC.US,D,20210104,000000,57.95,58.038,57.064,57.283,50018,0
EMXC.US,D,20210105,000000,57.532,58.289,57.532,58.219,36822,0
EMXC.US,D,20210106,000000,57.651,58.548,57.591,58.189,100400,0
EMXC.US,D,20210107,000000,58.458,58.707,58.309,58.657,68657,0
EMXC.US,D,20210108,000000,59.972,60.14,59.533,60.071,109254,0
EMXC.US,D,20210111,000000,59.533,59.902,59.504,59.753,116861,0
EMXC.US,D,20210112,000000,59.772,60.061,59.593,59.992,104658,0
EMXC.US,D,20210113,000000,60.161,60.27,59.842,60.061,38720,0
EMXC.US,D,20210114,000000,60.559,61.047,60.47,60.688,86441,0
EMXC.US,D,20210115,000000,59.683,59.723,59.19,59.329,66603,0
EMXC.US,D,20210119,000000,60.25,60.4,59.693,59.713,88226,0
EMXC.US,D,20210120,000000,60.34,60.44,60.151,60.37,43744,0
EMXC.US,D,20210121,000000,60.878,60.878,60.38,60.788,254117,0
EMXC.US,D,20210122,000000,59.733,59.902,59.615,59.822,591599,0
EMXC.US,D,20210125,000000,60.171,60.171,59.274,59.733,2264098,0
EMXC.US,D,20210126,000000,59.434,59.514,59.175,59.374,94692,0
EMXC.US,D,20210127,000000,58.348,58.537,57.91,58.01,90962,0
EMXC.US,D,20210128,000000,58.159,58.836,58.079,58.597,50916,0
EMXC.US,D,20210129,000000,57.502,57.502,56.583,56.815,90499,0
EMXC.US,D,20210201,000000,58,58.388,57.761,58.309,213021,0
EMXC.US,D,20210202,000000,59.255,59.265,59.048,59.145,67004,0
EMXC.US,D,20210203,000000,59.205,59.404,58.961,59.275,74782,0
EMXC.US,D,20210204,000000,59.055,59.105,58.728,59.075,99386,0
EMXC.US,D,20210205,000000,59.553,59.723,59.316,59.693,41800,0
EMXC.US,D,20210208,000000,59.394,59.902,59.394,59.902,54835,0
EMXC.US,D,20210209,000000,59.713,60.18,59.673,60.121,48395,0
EMXC.US,D,20210210,000000,60.41,60.487,59.912,60.161,72569,0
EMXC.US,D,20210211,000000,60.529,60.789,60.41,60.603,72320,0
EMXC.US,D,20210212,000000,60.489,60.848,60.36,60.738,76202,0
EMXC.US,D,20210216,000000,61.157,61.187,60.787,60.868,54572,0
EMXC.US,D,20210217,000000,60.559,60.738,60.275,60.719,47854,0
EMXC.US,D,20210218,000000,60.031,60.25,59.744,60.141,65378,0
EMXC.US,D,20210219,000000,60.609,60.848,60.391,60.539,71100,0
EMXC.US,D,20210222,000000,59.245,59.852,59.225,59.225,57281,0
EMXC.US,D,20210223,000000,59.145,59.792,58.866,59.693,45089,0
EMXC.US,D,20210224,000000,59.016,59.812,59.006,59.802,56928,0
EMXC.US,D,20210225,000000,59.832,60.021,58.428,58.503,67431,0
EMXC.US,D,20210226,000000,58.259,58.259,57.352,57.711,87318,0
EMXC.US,D,20210301,000000,58.657,59.354,58.657,59.08,60418,0
EMXC.US,D,20210302,000000,58.637,59.115,58.573,58.856,40837,0
EMXC.US,D,20210303,000000,58.876,59.235,58.626,58.886,92624,0
EMXC.US,D,20210304,000000,58.876,59.314,57.751,57.97,71223,0
EMXC.US,D,20210305,000000,58.777,58.777,57.97,58.727,35764,0
EMXC.US,D,20210308,000000,57.96,58.279,57.552,57.552,74437,0
EMXC.US,D,20210309,000000,57.88,58.686,57.88,58.428,46942,0
EMXC.US,D,20210310,000000,58.548,58.637,58.124,58.577,74342,0
EMXC.US,D,20210311,000000,59.703,59.962,59.329,59.962,82418,0
EMXC.US,D,20210312,000000,59.036,59.21,58.866,59.175,39874,0
EMXC.US,D,20210315,000000,59.255,59.573,59.015,59.563,53337,0
EMXC.US,D,20210316,000000,59.693,59.822,59.464,59.653,177801,0
EMXC.US,D,20210317,000000,58.996,59.808,58.702,59.683,42484,0
EMXC.US,D,20210318,000000,58.996,59.105,58.341,58.418,44044,0
EMXC.US,D,20210319,000000,58.518,59.061,58.418,58.996,146924,0
EMXC.US,D,20210322,000000,58.707,59.125,58.567,58.976,35524,0
EMXC.US,D,20210323,000000,58.348,58.458,57.86,57.98,37840,0
EMXC.US,D,20210324,000000,57.89,57.983,57.362,57.392,39687,0
EMXC.US,D,20210325,000000,57.452,57.741,57.193,57.711,36005,0
EMXC.US,D,20210326,000000,58.249,58.996,58.209,58.996,307191,0
EMXC.US,D,20210329,000000,58.597,58.876,58.408,58.707,43729,0
EMXC.US,D,20210330,000000,58.747,58.856,58.548,58.767,70053,0
EMXC.US,D,20210331,000000,58.816,59.27,58.816,59.215,51214,0
EMXC.US,D,20210401,000000,59.434,59.753,59.434,59.563,342863,0
EMXC.US,D,20210405,000000,60.011,60.061,59.633,59.892,267810,0
EMXC.US,D,20210406,000000,59.872,60.171,59.872,60.036,35007,0
EMXC.US,D,20210407,000000,59.713,59.852,59.5,59.573,34757,0
EMXC.US,D,20210408,000000,60.011,60.221,59.922,60.011,68630,0
EMXC.US,D,20210409,000000,59.583,59.713,59.553,59.653,27450,0
EMXC.US,D,20210412,000000,59.553,59.553,58.971,59.105,98382,0
EMXC.US,D,20210413,000000,59.225,59.698,59.225,59.533,92023,0
EMXC.US,D,20210414,000000,59.753,60.211,59.753,59.927,31648,0
EMXC.US,D,20210415,000000,60.709,60.718,60.425,60.669,45999,0
EMXC.US,D,20210416,000000,60.669,60.838,60.489,60.719,48752,0
EMXC.US,D,20210419,000000,60.639,60.639,60.3,60.393,46890,0
EMXC.US,D,20210420,000000,60.39,60.4,59.882,60.031,304451,0
EMXC.US,D,20210421,000000,59.683,60.29,59.593,60.29,115428,0
EMXC.US,D,20210422,000000,60.31,60.31,59.663,59.802,140535,0
EMXC.US,D,20210423,000000,60.33,60.559,60.288,60.489,372420,0
EMXC.US,D,20210426,000000,60.968,61.151,60.918,61.077,74477,0
EMXC.US,D,20210427,000000,61.077,61.197,60.828,60.858,26012,0
EMXC.US,D,20210428,000000,61.246,61.545,60.977,61.326,108156,0
EMXC.US,D,20210429,000000,61.485,61.485,60.958,61.356,37988,0
EMXC.US,D,20210430,000000,60.629,60.664,60.111,60.167,55200,0
EMXC.US,D,20210503,000000,60.211,60.45,60.006,60.29,30993,0
EMXC.US,D,20210504,000000,59.782,59.827,59.334,59.723,39897,0
EMXC.US,D,20210505,000000,60.021,60.241,59.96,60.161,29621,0
EMXC.US,D,20210506,000000,60.609,61.047,60.574,61.047,251524,0
EMXC.US,D,20210507,000000,61.545,62.163,61.535,61.874,60726,0
EMXC.US,D,20210510,000000,62.023,62.023,61.32,61.336,45359,0
EMXC.US,D,20210511,000000,60.29,60.808,59.942,60.808,99011,0
EMXC.US,D,20210512,000000,59.504,59.572,58.577,58.577,54739,0
EMXC.US,D,20210513,000000,59.095,59.414,58.886,59.195,1192248,0
EMXC.US,D,20210514,000000,59.753,60.147,59.683,60.061,64561,0
EMXC.US,D,20210517,000000,59.424,59.644,59.195,59.623,55641,0
EMXC.US,D,20210518,000000,60.519,60.778,60.475,60.529,58665,0
EMXC.US,D,20210519,000000,59.683,60.43,59.664,60.141,58511,0
EMXC.US,D,20210520,000000,60.141,60.47,60.141,60.405,299595,0
EMXC.US,D,20210521,000000,60.549,60.549,59.902,59.992,347488,0
EMXC.US,D,20210524,000000,60.31,60.719,60.25,60.509,87769,0
EMXC.US,D,20210525,000000,60.968,61.027,60.748,60.788,128057,0
EMXC.US,D,20210526,000000,60.987,61.286,60.948,61.256,86933,0
EMXC.US,D,20210527,000000,61.256,61.361,61.162,61.256,74327,0
EMXC.US,D,20210528,000000,61.675,62.063,61.675,61.963,133199,0
EMXC.US,D,20210601,000000,63.049,63.069,62.844,62.989,122958,0
EMXC.US,D,20210602,000000,62.84,63.278,62.84,63.278,47141,0
EMXC.US,D,20210603,000000,62.85,62.982,62.68,62.79,1092350,0
EMXC.US,D,20210604,000000,63.099,63.477,63.099,63.427,94378,0
EMXC.US,D,20210607,000000,63.248,63.288,63.029,63.238,80846,0
EMXC.US,D,20210608,000000,63.129,63.129,62.82,62.939,581166,0
EMXC.US,D,20210609,000000,62.83,62.959,62.78,62.78,69631,0
EMXC.US,D,20210610,000000,63.18,63.43,63.0869,63.34,82895,0
EMXC.US,D,20210611,000000,63.33,63.33,63,63.17,95536,0
EMXC.US,D,20210614,000000,63.34,63.519,63.254,63.4,84738,0
EMXC.US,D,20210615,000000,63.25,63.284,63.049,63.16,77058,0
EMXC.US,D,20210616,000000,63.33,63.49,62.315,62.54,97801,0
EMXC.US,D,20210617,000000,62.59,62.76,62.15,62.18,132650,0
EMXC.US,D,20210618,000000,61.87,61.96,61.6103,61.63,51280,0
EMXC.US,D,20210621,000000,61.76,62.15,61.54,62.12,47524,0
EMXC.US,D,20210622,000000,61.7,62.05,61.43,62.03,60652,0
EMXC.US,D,20210623,000000,62.26,62.49,62.0566,62.12,86974,0
EMXC.US,D,20210624,000000,62.5,62.7,62.46,62.63,67983,0
EMXC.US,D,20210625,000000,62.9,62.98,62.64,62.76,106353,0
EMXC.US,D,20210628,000000,62.65,62.7,62.49,62.7,35269,0
EMXC.US,D,20210629,000000,62.45,62.5,62.26,62.49,76073,0
EMXC.US,D,20210630,000000,62.32,62.45,62.2002,62.38,31451,0
EMXC.US,D,20210701,000000,62.36,62.39,61.875,62.1,30375,0
EMXC.US,D,20210702,000000,62.26,62.52,62.11,62.52,52081,0
EMXC.US,D,20210706,000000,62.25,62.25,61.631,61.81,29832,0
EMXC.US,D,20210707,000000,62.12,62.125,61.5401,61.93,59849,0
EMXC.US,D,20210708,000000,60.96,61.16,60.76,61,76166,0
EMXC.US,D,20210709,000000,61.41,61.74,61.38,61.7,61474,0
EMXC.US,D,20210712,000000,61.68,61.98,61.45,61.81,86954,0
EMXC.US,D,20210713,000000,61.61,61.9719,61.53,61.55,74283,0
EMXC.US,D,20210714,000000,62.22,62.22,61.925,62.08,48317,0
EMXC.US,D,20210715,000000,62.05,62.17,61.86,61.92,132294,0
EMXC.US,D,20210716,000000,62.09,62.09,61.351,61.46,703416,0
EMXC.US,D,20210719,000000,60.4,60.501,59.94,60.27,192757,0
EMXC.US,D,20210720,000000,60.11,60.9399,60.07,60.83,783731,0
EMXC.US,D,20210721,000000,60.52,61.07,60.38,61.07,27872,0
EMXC.US,D,20210722,000000,61.29,61.29,60.95,61.28,229093,0
EMXC.US,D,20210723,000000,61.18,61.18,60.888,61.17,101351,0
EMXC.US,D,20210726,000000,60.76,61.23,60.72,61.23,745452,0
EMXC.US,D,20210727,000000,60.88,60.88,60.31,60.76,258801,0
EMXC.US,D,20210728,000000,61.1,61.42,60.77,61.41,186093,0
EMXC.US,D,20210729,000000,61.83,62.01,61.765,61.97,195123,0
EMXC.US,D,20210730,000000,61.33,61.59,61.09,61.13,75019,0
EMXC.US,D,20210802,000000,61.48,61.8163,61.3601,61.37,146448,0
EMXC.US,D,20210803,000000,61.72,62.25,61.5307,62.2,173766,0
EMXC.US,D,20210804,000000,62.43,62.6,62.165,62.32,204423,0
EMXC.US,D,20210805,000000,62.48,62.63,62.4,62.41,132016,0
EMXC.US,D,20210806,000000,62.14,62.14,61.852,61.97,233647,0
EMXC.US,D,20210809,000000,62.11,62.11,61.87,61.9,176168,0
EMXC.US,D,20210810,000000,61.74,61.79,61.6,61.65,197726,0
EMXC.US,D,20210811,000000,61.86,61.885,61.6,61.84,419804,0
EMXC.US,D,20210812,000000,61.64,61.64,61.24,61.43,686730,0
EMXC.US,D,20210813,000000,61.25,61.3889,61.0016,61.35,804558,0
EMXC.US,D,20210816,000000,61.16,61.239,60.96,61.17,728671,0
EMXC.US,D,20210817,000000,60.59,60.72,60.18,60.47,2206285,0
EMXC.US,D,20210818,000000,60.73,60.9699,60.385,60.39,237201,0
EMXC.US,D,20210819,000000,59.33,59.765,59.24,59.63,376496,0
EMXC.US,D,20210820,000000,59.2,59.73,59.11,59.68,248077,0
EMXC.US,D,20210823,000000,60.2,60.51,60.14,60.38,323608,0
EMXC.US,D,20210824,000000,60.85,61.229,60.8338,61.07,229779,0
EMXC.US,D,20210825,000000,61.2,61.52,61.145,61.45,103715,0
EMXC.US,D,20210826,000000,61.18,61.19,60.78,60.99,135620,0
EMXC.US,D,20210827,000000,61.45,62.08,61.34,62.08,396847,0
EMXC.US,D,20210830,000000,62.31,62.363,62.08,62.2,136331,0
EMXC.US,D,20210831,000000,62.99,63.02,62.8001,62.9,223003,0
EMXC.US,D,20210901,000000,62.95,63.36,62.95,63.2,157031,0
