<TICKER>,<PER>,<DATE>,<TIME>,<OPEN>,<HIGH>,<LOW>,<CLOSE>,<VOL>,<OPENINT>
EQRR.US,D,20170726,000000,37.182,37.191,36.98,36.997,2853,0
EQRR.US,D,20170727,000000,36.944,36.944,36.732,36.742,843,0
EQRR.US,D,20170728,000000,36.824,36.834,36.824,36.834,655,0
EQRR.US,D,20170731,000000,36.944,37.048,36.944,37.048,997,0
EQRR.US,D,20170801,000000,36.962,36.962,36.767,36.843,2880,0
EQRR.US,D,20170802,000000,36.806,36.806,36.806,36.806,1113,0
EQRR.US,D,20170809,000000,36.518,36.518,36.463,36.463,467,0
EQRR.US,D,20170810,000000,36.043,36.043,36.043,36.043,109,0
EQRR.US,D,20170814,000000,36.043,36.149,36.043,36.149,497,0
EQRR.US,D,20170817,000000,35.63,35.63,35.258,35.258,275,0
EQRR.US,D,20170821,000000,35.17,35.17,35.06,35.06,433,0
EQRR.US,D,20170823,000000,35.482,35.482,35.482,35.482,1417,0
EQRR.US,D,20170824,000000,35.665,35.665,35.665,35.665,109,0
EQRR.US,D,20170828,000000,35.665,35.814,35.593,35.594,2403,0
EQRR.US,D,20170829,000000,35.602,35.602,35.399,35.399,655,0
EQRR.US,D,20170831,000000,35.73,35.976,35.73,35.976,2284,0
EQRR.US,D,20170901,000000,35.976,35.976,35.976,35.976,1739,0
EQRR.US,D,20170905,000000,35.602,35.602,35.602,35.602,165,0
EQRR.US,D,20170906,000000,35.907,35.907,35.907,35.907,109,0
EQRR.US,D,20170908,000000,35.762,35.762,35.762,35.762,109,0
EQRR.US,D,20170911,000000,36.235,36.235,36.231,36.231,220,0
EQRR.US,D,20170912,000000,36.578,36.578,36.578,36.578,219,0
EQRR.US,D,20170915,000000,36.834,36.834,36.834,36.834,219,0
EQRR.US,D,20170918,000000,37.239,37.239,37.239,37.239,326,0
EQRR.US,D,20170922,000000,39.481,39.481,39.481,39.481,109,0
EQRR.US,D,20170926,000000,38.184,38.424,38.184,38.424,3375,0
EQRR.US,D,20170928,000000,38.606,38.765,38.606,38.765,1577,0
EQRR.US,D,20170929,000000,38.896,38.968,38.863,38.947,975,0
EQRR.US,D,20171002,000000,38.877,38.96,38.803,38.96,1204,0
EQRR.US,D,20171003,000000,39.163,39.163,39.163,39.163,546,0
EQRR.US,D,20171004,000000,39.313,39.313,39.153,39.153,7190,0
EQRR.US,D,20171005,000000,39.495,39.505,39.456,39.466,10651,0
EQRR.US,D,20171006,000000,39.355,39.355,39.355,39.355,567,0
EQRR.US,D,20171009,000000,39.375,39.375,39.303,39.303,542,0
EQRR.US,D,20171010,000000,39.283,39.283,39.283,39.283,653,0
EQRR.US,D,20171011,000000,39.255,39.303,39.255,39.293,3605,0
EQRR.US,D,20171012,000000,39.283,39.283,39.247,39.247,547,0
EQRR.US,D,20171013,000000,39.321,39.348,39.293,39.293,7917,0
EQRR.US,D,20171017,000000,39.181,39.181,38.978,39.081,7651,0
EQRR.US,D,20171018,000000,39.19,39.208,38.47,38.47,1877,0
EQRR.US,D,20171019,000000,38.379,39.043,38.361,39.043,7508,0
EQRR.US,D,20171020,000000,39.347,39.587,39.347,39.587,542,0
EQRR.US,D,20171024,000000,39.858,39.858,39.858,39.858,234,0
EQRR.US,D,20171025,000000,39.205,39.347,39.205,39.321,5854,0
EQRR.US,D,20171026,000000,39.543,39.747,39.543,39.747,4175,0
EQRR.US,D,20171030,000000,38.978,39.762,38.968,38.978,3272,0
EQRR.US,D,20171031,000000,39.837,39.956,39.837,39.884,2034,0
EQRR.US,D,20171101,000000,40.354,40.354,40.033,40.074,1846,0
EQRR.US,D,20171102,000000,40.066,40.33,40.066,40.287,435,0
EQRR.US,D,20171103,000000,40.316,40.399,40.316,40.399,856,0
EQRR.US,D,20171106,000000,40.418,40.418,40.418,40.418,1951,0
EQRR.US,D,20171108,000000,40.438,40.438,40.438,40.438,453,0
EQRR.US,D,20171113,000000,39.96,40.074,38.48,40.033,6290,0
EQRR.US,D,20171116,000000,39.587,39.884,39.587,39.818,7100,0
EQRR.US,D,20171117,000000,39.818,40.093,39.818,40.042,8454,0
EQRR.US,D,20171121,000000,40.17,40.278,40.17,40.278,2740,0
EQRR.US,D,20171128,000000,40.562,40.562,39.942,39.942,1123,0
EQRR.US,D,20171130,000000,41.203,41.472,39.901,39.901,2637,0
EQRR.US,D,20171201,000000,41.045,41.134,39.767,39.767,54791,0
EQRR.US,D,20171204,000000,41.413,41.978,41.413,41.628,2377,0
EQRR.US,D,20171206,000000,41.304,41.322,41.304,41.322,274,0
EQRR.US,D,20171208,000000,41.553,41.849,41.553,41.849,2404,0
EQRR.US,D,20171212,000000,41.986,42.074,41.98,42.074,2341,0
EQRR.US,D,20171213,000000,42.002,42.002,42.002,42.002,243,0
EQRR.US,D,20171214,000000,41.72,41.72,41.693,41.693,1083,0
EQRR.US,D,20171215,000000,41.781,41.809,41.773,41.773,757,0
EQRR.US,D,20171218,000000,42.364,42.364,42.364,42.364,671,0
EQRR.US,D,20171219,000000,42.521,42.521,42.438,42.438,763,0
EQRR.US,D,20171220,000000,42.586,42.724,42.421,42.724,1064,0
EQRR.US,D,20171221,000000,43.185,43.185,43.185,43.185,468,0
EQRR.US,D,20171222,000000,43.13,43.13,43.101,43.101,299,0
EQRR.US,D,20171226,000000,43.222,43.232,43.091,43.157,3348,0
EQRR.US,D,20171227,000000,43.157,43.157,43.157,43.157,168,0
EQRR.US,D,20171229,000000,43.365,43.365,43.157,43.232,1646,0
EQRR.US,D,20180102,000000,43.147,43.57,43.147,43.57,1377,0
EQRR.US,D,20180103,000000,44.056,44.104,43.986,44.104,651,0
EQRR.US,D,20180104,000000,44.455,44.455,44.287,44.427,3176,0
EQRR.US,D,20180105,000000,44.51,44.51,44.427,44.427,548,0
EQRR.US,D,20180108,000000,44.675,44.772,44.675,44.772,735,0
EQRR.US,D,20180109,000000,44.974,45.63,44.974,45.168,1980,0
EQRR.US,D,20180110,000000,45.186,45.298,45.18,45.18,1814,0
EQRR.US,D,20180111,000000,45.465,45.86,45.465,45.799,6037,0
EQRR.US,D,20180112,000000,45.897,46.251,45.897,46.211,7684,0
EQRR.US,D,20180116,000000,46.306,46.306,45.668,45.737,1162,0
EQRR.US,D,20180117,000000,45.594,45.597,45.594,45.597,427,0
EQRR.US,D,20180119,000000,46.02,46.198,46.02,46.198,404,0
EQRR.US,D,20180122,000000,45.906,46.477,45.906,46.398,5693,0
EQRR.US,D,20180123,000000,46.735,46.749,46.735,46.749,314,0
EQRR.US,D,20180124,000000,46.881,46.934,46.379,46.679,4140,0
EQRR.US,D,20180126,000000,46.398,46.779,46.398,46.779,2605,0
EQRR.US,D,20180129,000000,46.862,46.862,46.63,46.63,1650,0
EQRR.US,D,20180130,000000,45.906,46.038,45.528,45.799,1732,0
EQRR.US,D,20180131,000000,45.955,45.955,45.611,45.799,1997,0
EQRR.US,D,20180201,000000,45.574,45.834,45.574,45.807,1688,0
EQRR.US,D,20180202,000000,45.144,45.235,44.756,44.798,4680,0
EQRR.US,D,20180205,000000,43.054,43.054,43.054,43.054,22564,0
EQRR.US,D,20180206,000000,43.137,43.527,42.139,42.704,10776,0
EQRR.US,D,20180207,000000,43.98,43.99,43.374,43.374,6158,0
EQRR.US,D,20180208,000000,43.249,43.249,42.37,42.37,1026,0
EQRR.US,D,20180209,000000,41.064,42.268,40.511,42.229,8505,0
EQRR.US,D,20180212,000000,41.934,42.869,41.934,42.686,4804,0
EQRR.US,D,20180213,000000,42.651,42.825,42.651,42.752,1434,0
EQRR.US,D,20180214,000000,43.202,43.59,43.126,43.59,1180,0
EQRR.US,D,20180215,000000,43.865,43.865,43.418,43.832,4606,0
EQRR.US,D,20180216,000000,44.036,44.041,43.727,43.867,5122,0
EQRR.US,D,20180220,000000,43.675,43.841,43.602,43.713,7442,0
EQRR.US,D,20180221,000000,44.018,44.026,43.527,43.527,4366,0
EQRR.US,D,20180222,000000,44.435,44.435,43.527,43.527,1458,0
EQRR.US,D,20180223,000000,43.815,43.815,43.527,43.664,5609,0
EQRR.US,D,20180227,000000,44.379,44.982,44.056,44.056,4331,0
EQRR.US,D,20180228,000000,43.909,43.948,43.418,43.418,1687,0
EQRR.US,D,20180301,000000,43.073,43.073,42.556,42.917,3159,0
EQRR.US,D,20180302,000000,42.195,42.833,42.195,42.833,1868,0
EQRR.US,D,20180305,000000,43.036,43.425,43.036,43.425,705,0
EQRR.US,D,20180306,000000,44.009,44.148,43.722,44.076,3102,0
EQRR.US,D,20180307,000000,44.056,44.056,44.056,44.056,819,0
EQRR.US,D,20180308,000000,43.89,43.9,43.89,43.9,655,0
EQRR.US,D,20180309,000000,44.899,44.982,44.884,44.982,23049,0
EQRR.US,D,20180312,000000,44.88,45.055,44.862,45.055,17926,0
EQRR.US,D,20180314,000000,44.393,44.393,44.332,44.332,1084,0
EQRR.US,D,20180315,000000,44.306,44.319,44.306,44.318,1021,0
EQRR.US,D,20180319,000000,44.469,44.469,43.625,43.936,5296,0
EQRR.US,D,20180320,000000,44.343,44.343,44.185,44.206,4080,0
EQRR.US,D,20180321,000000,45.132,45.132,44.593,45.003,3087,0
EQRR.US,D,20180322,000000,44.657,44.657,43.396,43.431,3283,0
EQRR.US,D,20180323,000000,43.06,43.06,42.264,42.264,2464,0
EQRR.US,D,20180326,000000,42.985,43.591,42.985,43.552,5005,0
EQRR.US,D,20180327,000000,43.591,43.759,42.41,42.455,5463,0
EQRR.US,D,20180328,000000,42.13,42.353,42.125,42.26,2449,0
EQRR.US,D,20180329,000000,42.743,43.172,42.743,43.172,2838,0
EQRR.US,D,20180402,000000,42.159,42.159,40.913,41.74,10143,0
EQRR.US,D,20180403,000000,40.867,42.469,40.654,42.469,536,0
EQRR.US,D,20180404,000000,42.464,42.464,41.696,42.001,1505,0
EQRR.US,D,20180405,000000,43.201,43.529,43.162,43.529,1460,0
EQRR.US,D,20180406,000000,42.221,42.221,42.221,42.221,762,0
EQRR.US,D,20180409,000000,42.205,42.836,42.205,42.836,2084,0
EQRR.US,D,20180413,000000,44.038,44.038,44.038,44.038,1238,0
EQRR.US,D,20180416,000000,44.034,44.269,44.034,44.269,42723,0
EQRR.US,D,20180417,000000,44.621,44.621,44.617,44.617,770,0
EQRR.US,D,20180418,000000,45.072,45.091,45.072,45.085,1003,0
EQRR.US,D,20180419,000000,44.918,44.918,44.781,44.781,2573,0
EQRR.US,D,20180420,000000,44.9,44.927,44.044,44.834,4956,0
EQRR.US,D,20180423,000000,44.983,45.165,44.909,45.165,563,0
EQRR.US,D,20180424,000000,45.308,45.318,44.138,44.387,7896,0
EQRR.US,D,20180425,000000,44.369,44.555,44.369,44.555,930,0
EQRR.US,D,20180426,000000,44.527,44.743,44.527,44.574,2831,0
EQRR.US,D,20180430,000000,45.122,45.132,44.752,44.752,2140,0
EQRR.US,D,20180501,000000,44.277,44.277,43.993,44.277,3127,0
EQRR.US,D,20180502,000000,44.695,44.857,44.492,44.492,747,0
EQRR.US,D,20180503,000000,44.527,44.527,44.474,44.474,218,0
EQRR.US,D,20180504,000000,44.382,45.132,44.382,45.132,429,0
EQRR.US,D,20180507,000000,45.551,45.551,45.142,45.16,1104,0
EQRR.US,D,20180508,000000,45.234,45.393,45.151,45.393,4115,0
EQRR.US,D,20180509,000000,45.744,45.999,45.744,45.949,1021,0
EQRR.US,D,20180510,000000,46.287,46.535,46.285,46.535,1241,0
EQRR.US,D,20180511,000000,46.657,46.657,46.553,46.553,1430,0
EQRR.US,D,20180514,000000,46.814,46.814,46.738,46.747,2325,0
EQRR.US,D,20180515,000000,46.637,46.791,46.527,46.627,7451,0
EQRR.US,D,20180516,000000,46.729,47.073,46.729,47.046,2919,0
EQRR.US,D,20180517,000000,47.084,47.602,47.084,47.436,3902,0
EQRR.US,D,20180518,000000,47.26,47.384,47.26,47.326,929,0
EQRR.US,D,20180521,000000,47.279,47.607,47.279,47.502,1911,0
EQRR.US,D,20180522,000000,47.622,47.836,47.343,47.343,6711,0
EQRR.US,D,20180523,000000,47.326,47.326,46.795,47.102,2610,0
EQRR.US,D,20180524,000000,46.824,47.129,46.786,47.129,2632,0
EQRR.US,D,20180525,000000,46.677,46.686,46.367,46.367,5689,0
EQRR.US,D,20180529,000000,46.47,46.47,45.531,45.681,4254,0
EQRR.US,D,20180530,000000,46.639,46.715,46.61,46.61,2890,0
EQRR.US,D,20180531,000000,46.566,46.566,46.018,46.199,2089,0
EQRR.US,D,20180601,000000,46.052,46.795,46.052,46.686,4180,0
EQRR.US,D,20180604,000000,46.86,46.86,46.676,46.691,1108,0
EQRR.US,D,20180606,000000,46.704,47.238,46.704,47.238,4405,0
EQRR.US,D,20180607,000000,47.326,47.549,47.129,47.288,13356,0
EQRR.US,D,20180608,000000,47.352,47.455,47.306,47.455,9831,0
EQRR.US,D,20180611,000000,47.744,47.744,47.436,47.577,3529,0
EQRR.US,D,20180612,000000,47.343,47.381,47.343,47.366,989,0
EQRR.US,D,20180613,000000,47.39,47.426,47.182,47.416,1303,0
EQRR.US,D,20180614,000000,47.158,47.177,46.982,47,5329,0
EQRR.US,D,20180615,000000,46.972,46.972,46.451,46.46,4985,0
EQRR.US,D,20180618,000000,46.489,46.617,46.489,46.617,1232,0
EQRR.US,D,20180619,000000,46.677,46.677,45.819,46.034,6791,0
EQRR.US,D,20180620,000000,46.237,46.434,46.237,46.434,4851,0
EQRR.US,D,20180622,000000,46.248,46.248,46.248,46.248,1095,0
EQRR.US,D,20180625,000000,45.539,45.539,44.643,44.888,2183,0
EQRR.US,D,20180626,000000,44.776,45.128,44.776,44.971,1496,0
EQRR.US,D,20180628,000000,44.439,44.728,44.335,44.648,6977,0
EQRR.US,D,20180629,000000,45.063,45.063,44.822,44.822,2359,0
EQRR.US,D,20180702,000000,44.718,44.718,44.253,44.51,3722,0
EQRR.US,D,20180703,000000,44.943,44.943,44.843,44.868,654,0
EQRR.US,D,20180705,000000,44.858,44.868,44.555,44.579,7977,0
EQRR.US,D,20180706,000000,44.868,45.128,44.868,45.1,4358,0
EQRR.US,D,20180710,000000,45.959,45.959,45.828,45.837,3244,0
EQRR.US,D,20180711,000000,45.873,45.873,45.259,45.259,5721,0
EQRR.US,D,20180712,000000,45.35,45.37,45.35,45.37,776,0
EQRR.US,D,20180713,000000,45.333,45.408,45.333,45.408,2693,0
EQRR.US,D,20180716,000000,45.147,45.166,45.035,45.147,4527,0
EQRR.US,D,20180717,000000,45.36,45.373,45.36,45.373,944,0
EQRR.US,D,20180718,000000,45.891,45.891,45.715,45.801,3000,0
EQRR.US,D,20180719,000000,45.539,45.707,45.52,45.707,2624,0
EQRR.US,D,20180720,000000,45.623,45.623,45.586,45.586,552,0
EQRR.US,D,20180723,000000,45.586,45.724,45.492,45.492,13956,0
EQRR.US,D,20180724,000000,45.762,46.145,45.744,45.782,2254,0
EQRR.US,D,20180725,000000,45.707,46.051,45.641,46.051,3699,0
EQRR.US,D,20180726,000000,46.135,46.618,46.135,46.618,1613,0
EQRR.US,D,20180727,000000,46.609,46.609,46.417,46.452,2372,0
EQRR.US,D,20180730,000000,46.721,46.759,46.499,46.499,1887,0
EQRR.US,D,20180731,000000,46.47,46.837,46.47,46.731,6365,0
EQRR.US,D,20180801,000000,46.628,46.835,46.321,46.453,5675,0
EQRR.US,D,20180802,000000,46.396,46.396,46.163,46.163,1107,0
EQRR.US,D,20180803,000000,46.267,46.344,46.267,46.328,585,0
EQRR.US,D,20180806,000000,46.581,46.759,46.581,46.73,2189,0
EQRR.US,D,20180807,000000,46.74,47.237,46.74,47.031,1502,0
EQRR.US,D,20180808,000000,47.105,47.105,46.908,47.03,3393,0
EQRR.US,D,20180809,000000,46.891,46.891,46.851,46.851,450,0
EQRR.US,D,20180810,000000,46.713,46.713,46.323,46.323,6035,0
EQRR.US,D,20180813,000000,46.07,46.116,45.882,45.9,7021,0
EQRR.US,D,20180814,000000,46.173,46.369,46.173,46.31,3093,0
EQRR.US,D,20180815,000000,46.257,46.257,45.298,45.298,2483,0
EQRR.US,D,20180816,000000,45.306,45.766,45.306,45.766,2322,0
EQRR.US,D,20180820,000000,46.217,46.237,46.217,46.217,2308,0
EQRR.US,D,20180821,000000,46.554,46.563,46.554,46.563,677,0
EQRR.US,D,20180822,000000,46.563,46.759,46.563,46.696,2460,0
EQRR.US,D,20180823,000000,46.443,46.443,46.443,46.443,517,0
EQRR.US,D,20180824,000000,46.508,46.906,46.508,46.906,216,0
EQRR.US,D,20180827,000000,47.012,47.563,47.012,47.463,2129,0
EQRR.US,D,20180828,000000,47.553,47.561,47.43,47.43,1311,0
EQRR.US,D,20180829,000000,47.496,47.7,47.394,47.616,1285,0
EQRR.US,D,20180830,000000,47.479,47.479,47.217,47.225,3587,0
EQRR.US,D,20180831,000000,47.031,47.151,47.031,47.122,2943,0
EQRR.US,D,20180904,000000,47.394,47.394,46.992,46.992,3563,0
EQRR.US,D,20180905,000000,47.086,47.086,47.086,47.086,167,0
EQRR.US,D,20180907,000000,46.749,46.749,46.377,46.47,904,0
EQRR.US,D,20180910,000000,46.618,46.746,46.618,46.706,907,0
EQRR.US,D,20180911,000000,46.638,48.58,46.599,46.909,3833,0
EQRR.US,D,20180913,000000,46.872,46.872,46.626,46.626,1050,0
EQRR.US,D,20180914,000000,46.945,46.954,46.769,46.898,2245,0
EQRR.US,D,20180917,000000,46.917,46.917,46.749,46.749,1662,0
EQRR.US,D,20180919,000000,47.122,47.122,47.11,47.113,2208,0
EQRR.US,D,20180920,000000,47.095,47.506,47.095,47.506,800,0
EQRR.US,D,20180921,000000,47.375,47.439,47.375,47.42,2916,0
EQRR.US,D,20180924,000000,47.244,47.346,47.244,47.338,719,0
EQRR.US,D,20180925,000000,47.356,47.563,47.356,47.409,8482,0
EQRR.US,D,20180926,000000,47.844,47.844,46.895,46.905,2409,0
EQRR.US,D,20180927,000000,47.834,47.834,46.755,46.755,2001,0
EQRR.US,D,20180928,000000,46.585,46.718,46.585,46.673,4020,0
EQRR.US,D,20181001,000000,46.474,46.841,46.474,46.604,4719,0
EQRR.US,D,20181002,000000,46.494,46.621,46.494,46.585,799,0
EQRR.US,D,20181003,000000,46.623,47.338,46.623,47.168,860,0
EQRR.US,D,20181004,000000,47.178,47.385,46.754,46.995,6633,0
EQRR.US,D,20181005,000000,46.923,46.932,46.413,46.474,1647,0
EQRR.US,D,20181008,000000,46.398,46.504,46.229,46.504,2305,0
EQRR.US,D,20181009,000000,46.512,46.512,46.107,46.112,5095,0
EQRR.US,D,20181010,000000,46.043,46.428,44.672,46.428,2548,0
EQRR.US,D,20181011,000000,44.112,44.214,43.211,43.801,29246,0
EQRR.US,D,20181012,000000,43.35,43.948,43.134,43.614,23469,0
EQRR.US,D,20181015,000000,43.455,43.501,43.163,43.249,4221,0
EQRR.US,D,20181016,000000,43.249,43.896,43.249,43.698,29797,0
EQRR.US,D,20181017,000000,43.425,43.556,43.425,43.556,2065,0
EQRR.US,D,20181018,000000,42.852,42.852,42.55,42.55,1971,0
EQRR.US,D,20181019,000000,42.356,42.749,42.328,42.328,6710,0
EQRR.US,D,20181022,000000,42.207,42.207,41.746,41.746,1607,0
EQRR.US,D,20181023,000000,41.596,41.596,40.655,41.195,4251,0
EQRR.US,D,20181024,000000,40.176,40.176,39.772,39.772,3486,0
EQRR.US,D,20181025,000000,39.374,40.552,39.374,40.283,6136,0
EQRR.US,D,20181026,000000,39.73,40.37,39.346,39.993,4006,0
EQRR.US,D,20181029,000000,40.033,40.36,40.033,40.36,1079,0
EQRR.US,D,20181030,000000,40.379,40.379,39.908,40.104,2655,0
EQRR.US,D,20181031,000000,40.837,41.596,40.828,41.559,1843,0
EQRR.US,D,20181101,000000,41.327,41.822,41.327,41.822,448,0
EQRR.US,D,20181102,000000,41.746,41.907,41.69,41.907,456,0
EQRR.US,D,20181106,000000,42.346,42.366,42.346,42.366,219,0
EQRR.US,D,20181107,000000,42.704,42.74,42.704,42.74,688,0
EQRR.US,D,20181108,000000,42.929,43.173,42.734,42.734,1243,0
EQRR.US,D,20181112,000000,41.888,41.888,41.803,41.803,476,0
EQRR.US,D,20181113,000000,41.596,41.65,41.476,41.616,3630,0
EQRR.US,D,20181114,000000,41.345,41.362,40.888,40.909,2725,0
EQRR.US,D,20181115,000000,40.978,41.287,40.968,41.287,1646,0
EQRR.US,D,20181116,000000,41.351,41.408,41.306,41.408,783,0
EQRR.US,D,20181119,000000,40.871,41.033,40.871,41.033,658,0
EQRR.US,D,20181120,000000,40.172,40.172,39.738,39.75,1388,0
EQRR.US,D,20181121,000000,40.237,40.562,40.237,40.562,1145,0
EQRR.US,D,20181123,000000,39.946,39.946,39.767,39.767,482,0
EQRR.US,D,20181126,000000,39.777,40.678,39.777,40.396,4509,0
EQRR.US,D,20181127,000000,40.379,40.379,40.023,40.212,734,0
EQRR.US,D,20181128,000000,39.747,39.881,39.747,39.881,598,0
EQRR.US,D,20181129,000000,40.959,40.959,40.706,40.885,2428,0
EQRR.US,D,20181130,000000,40.828,40.828,40.828,40.828,130,0
EQRR.US,D,20181203,000000,41.55,41.577,41.211,41.479,3048,0
EQRR.US,D,20181204,000000,40.623,40.623,39.646,39.646,334,0
EQRR.US,D,20181206,000000,39.026,39.026,37.704,38.983,8238,0
EQRR.US,D,20181207,000000,39.092,39.092,38.024,38.154,8886,0
EQRR.US,D,20181210,000000,37.564,37.807,36.861,37.047,2932,0
EQRR.US,D,20181211,000000,38.004,38.004,37.368,37.368,740,0
EQRR.US,D,20181212,000000,37.291,37.919,37.291,37.631,5075,0
EQRR.US,D,20181213,000000,37.424,37.424,37.105,37.105,1757,0
EQRR.US,D,20181214,000000,36.579,36.579,36.289,36.289,593,0
EQRR.US,D,20181217,000000,36.138,36.195,36.138,36.158,970,0
EQRR.US,D,20181218,000000,36.298,36.298,35.828,35.828,507,0
EQRR.US,D,20181219,000000,35.51,36.119,34.281,35.097,3786,0
EQRR.US,D,20181220,000000,35.125,35.52,34.281,34.69,9217,0
EQRR.US,D,20181221,000000,34.797,34.797,34.676,34.779,1253,0
EQRR.US,D,20181224,000000,33.381,33.79,33.362,33.728,3746,0
EQRR.US,D,20181226,000000,32.121,34.645,32.121,34.492,8792,0
EQRR.US,D,20181227,000000,34.223,34.484,34.172,34.223,3426,0
EQRR.US,D,20181228,000000,34.863,35.098,34.863,35.098,318,0
EQRR.US,D,20181231,000000,34.966,35.182,34.966,35.182,1398,0
EQRR.US,D,20190102,000000,35.363,35.827,35.127,35.827,1297,0
EQRR.US,D,20190103,000000,35.257,35.257,34.994,35.134,3550,0
EQRR.US,D,20190104,000000,36.545,36.545,36.063,36.545,1773,0
EQRR.US,D,20190107,000000,36.573,37.018,36.573,37.018,1336,0
EQRR.US,D,20190108,000000,37.197,37.288,37.056,37.288,3730,0
EQRR.US,D,20190109,000000,37.377,37.865,37.377,37.865,358,0
EQRR.US,D,20190110,000000,37.605,37.605,37.605,37.605,108,0
EQRR.US,D,20190111,000000,37.878,38.12,37.878,38.12,325,0
EQRR.US,D,20190114,000000,38.096,38.096,37.898,37.898,544,0
EQRR.US,D,20190115,000000,38.178,38.227,38.033,38.178,887,0
EQRR.US,D,20190116,000000,38.34,38.576,38.34,38.511,318,0
EQRR.US,D,20190117,000000,38.603,38.603,38.551,38.559,340,0
EQRR.US,D,20190118,000000,39.285,39.763,39.285,39.73,1028,0
EQRR.US,D,20190122,000000,39.22,39.22,39.007,39.007,1596,0
EQRR.US,D,20190123,000000,38.91,38.919,38.739,38.739,821,0
EQRR.US,D,20190124,000000,38.603,39.136,38.588,39.04,2469,0
EQRR.US,D,20190125,000000,39.595,39.797,39.595,39.797,321,0
EQRR.US,D,20190128,000000,39.173,39.173,39.173,39.173,196,0
EQRR.US,D,20190129,000000,39.494,39.578,39.454,39.576,5240,0
EQRR.US,D,20190130,000000,39.636,39.666,39.636,39.666,432,0
EQRR.US,D,20190131,000000,39.533,39.608,39.533,39.608,590,0
EQRR.US,D,20190201,000000,39.636,39.934,39.636,39.934,1867,0
EQRR.US,D,20190204,000000,39.985,39.985,39.985,39.985,385,0
EQRR.US,D,20190205,000000,40.127,40.127,39.96,39.966,1096,0
EQRR.US,D,20190206,000000,39.958,39.975,39.958,39.975,1058,0
EQRR.US,D,20190207,000000,39.675,39.736,39.153,39.287,1144,0
EQRR.US,D,20190208,000000,39.05,39.05,38.723,38.723,2227,0
EQRR.US,D,20190211,000000,39.229,39.229,39.191,39.191,332,0
EQRR.US,D,20190212,000000,39.71,39.876,39.71,39.876,800,0
EQRR.US,D,20190213,000000,40.215,40.215,40.092,40.092,979,0
EQRR.US,D,20190214,000000,40.107,40.326,40.088,40.251,2736,0
EQRR.US,D,20190215,000000,40.603,40.698,40.524,40.698,2634,0
EQRR.US,D,20190219,000000,41.007,41.026,41.007,41.026,442,0
EQRR.US,D,20190220,000000,40.93,41.204,40.93,41.204,1976,0
EQRR.US,D,20190221,000000,41.091,41.091,41.044,41.053,2139,0
EQRR.US,D,20190222,000000,40.874,40.874,40.874,40.874,422,0
EQRR.US,D,20190225,000000,41.035,41.149,40.809,40.949,22833,0
EQRR.US,D,20190226,000000,40.766,40.827,40.766,40.827,531,0
EQRR.US,D,20190227,000000,40.551,40.551,40.551,40.551,330,0
EQRR.US,D,20190228,000000,40.449,40.449,40.365,40.365,816,0
EQRR.US,D,20190301,000000,40.387,40.534,40.387,40.534,675,0
EQRR.US,D,20190304,000000,40.383,40.383,39.757,39.826,1926,0
EQRR.US,D,20190305,000000,40.195,40.195,40.195,40.195,318,0
EQRR.US,D,20190307,000000,39.324,39.324,39.088,39.088,1201,0
EQRR.US,D,20190308,000000,38.541,38.568,38.511,38.511,2824,0
EQRR.US,D,20190312,000000,39.724,39.797,39.724,39.797,546,0
EQRR.US,D,20190313,000000,40.107,40.169,40.107,40.169,3146,0
EQRR.US,D,20190314,000000,40.053,40.066,40.053,40.066,388,0
EQRR.US,D,20190315,000000,40.07,40.07,40.07,40.07,722,0
EQRR.US,D,20190319,000000,40.696,40.721,40.696,40.721,968,0
EQRR.US,D,20190320,000000,39.858,39.925,39.801,39.801,1180,0
EQRR.US,D,20190321,000000,39.951,39.959,39.743,39.772,2341,0
EQRR.US,D,20190322,000000,38.424,38.706,38.386,38.386,4532,0
EQRR.US,D,20190325,000000,38.214,38.338,38.204,38.234,3649,0
EQRR.US,D,20190326,000000,38.224,38.954,38.224,38.748,1611,0
EQRR.US,D,20190327,000000,38.756,38.756,38.632,38.632,634,0
EQRR.US,D,20190328,000000,38.91,38.91,38.612,38.612,435,0
EQRR.US,D,20190329,000000,38.823,39.202,38.823,39.106,644,0
EQRR.US,D,20190401,000000,39.762,40.114,39.762,40.114,5088,0
EQRR.US,D,20190402,000000,40.134,40.134,39.973,39.973,302,0
EQRR.US,D,20190403,000000,40.344,40.39,40.266,40.266,2765,0
EQRR.US,D,20190404,000000,39.963,40.192,39.963,40.182,7081,0
EQRR.US,D,20190405,000000,40.238,40.809,40.238,40.75,2268,0
EQRR.US,D,20190408,000000,40.705,40.856,40.705,40.856,1579,0
EQRR.US,D,20190409,000000,40.533,40.533,40.275,40.331,1305,0
EQRR.US,D,20190410,000000,40.305,40.542,40.29,40.542,658,0
EQRR.US,D,20190411,000000,40.74,40.828,39.738,39.738,3573,0
EQRR.US,D,20190412,000000,40.893,40.893,40.893,40.893,228,0
EQRR.US,D,20190416,000000,40.79,40.989,40.79,40.893,2624,0
EQRR.US,D,20190417,000000,41.234,41.387,41.073,41.073,9963,0
EQRR.US,D,20190418,000000,41.273,41.273,41.093,41.225,3976,0
EQRR.US,D,20190422,000000,40.713,41.234,40.713,41.234,465,0
EQRR.US,D,20190423,000000,41.151,41.342,41.083,41.083,8257,0
EQRR.US,D,20190424,000000,41.342,41.342,41.199,41.223,1572,0
EQRR.US,D,20190425,000000,40.713,41.108,40.713,41.108,793,0
EQRR.US,D,20190426,000000,40.619,40.922,40.569,40.922,2022,0
EQRR.US,D,20190429,000000,41.207,41.207,41.207,41.207,635,0
EQRR.US,D,20190430,000000,41.103,41.199,40.859,40.931,975,0
EQRR.US,D,20190501,000000,40.931,40.931,40.631,40.631,235,0
EQRR.US,D,20190502,000000,40.066,40.246,39.772,39.821,8894,0
EQRR.US,D,20190503,000000,40.652,40.652,40.652,40.652,186,0
EQRR.US,D,20190506,000000,40.486,40.486,40.466,40.466,746,0
EQRR.US,D,20190507,000000,39.495,39.536,39.495,39.536,329,0
EQRR.US,D,20190508,000000,39.487,39.66,39.124,39.66,1522,0
EQRR.US,D,20190509,000000,38.549,39.346,38.549,39.336,2017,0
EQRR.US,D,20190510,000000,38.964,39.42,38.833,39.42,2280,0
EQRR.US,D,20190513,000000,38.015,38.015,38.015,38.015,442,0
EQRR.US,D,20190514,000000,38.861,38.861,38.386,38.719,4456,0
EQRR.US,D,20190516,000000,38.539,39.141,38.539,39.141,420,0
EQRR.US,D,20190517,000000,38.499,38.964,38.499,38.89,1959,0
EQRR.US,D,20190520,000000,38.567,38.567,38.49,38.49,578,0
EQRR.US,D,20190521,000000,39.028,39.028,39.028,39.028,106,0
EQRR.US,D,20190522,000000,38.396,38.46,38.396,38.46,1059,0
EQRR.US,D,20190523,000000,37.385,37.385,37.236,37.266,1243,0
EQRR.US,D,20190524,000000,37.472,37.472,37.472,37.472,316,0
EQRR.US,D,20190529,000000,36.62,36.997,36.62,36.997,3085,0
EQRR.US,D,20190530,000000,36.96,36.96,36.601,36.657,5582,0
EQRR.US,D,20190531,000000,36.121,36.121,35.916,35.916,1630,0
EQRR.US,D,20190603,000000,36.248,36.433,36.248,36.433,795,0
EQRR.US,D,20190604,000000,36.893,36.998,36.893,36.998,526,0
EQRR.US,D,20190605,000000,37.351,37.351,37.351,37.351,269,0
EQRR.US,D,20190606,000000,37.578,37.578,37.578,37.578,177,0
EQRR.US,D,20190607,000000,37.622,37.643,37.54,37.643,399,0
EQRR.US,D,20190610,000000,38.005,38.232,38.005,38.192,3447,0
EQRR.US,D,20190611,000000,38.234,38.234,38.139,38.139,213,0
EQRR.US,D,20190614,000000,38.025,38.025,37.663,37.74,1057,0
EQRR.US,D,20190618,000000,38.376,38.509,38.29,38.29,2282,0
EQRR.US,D,20190619,000000,38.176,38.529,38.176,38.235,437,0
EQRR.US,D,20190620,000000,38.509,38.509,38.509,38.509,118,0
EQRR.US,D,20190621,000000,38.983,38.983,38.983,38.983,106,0
EQRR.US,D,20190624,000000,38.738,38.738,38.661,38.661,476,0
EQRR.US,D,20190625,000000,38.326,38.356,38.251,38.336,5973,0
EQRR.US,D,20190626,000000,38.605,38.748,38.605,38.748,377,0
EQRR.US,D,20190627,000000,38.891,38.928,38.891,38.928,1070,0
EQRR.US,D,20190628,000000,39.072,39.301,39.072,39.3,2871,0
EQRR.US,D,20190701,000000,39.987,40.007,39.72,39.72,1096,0
EQRR.US,D,20190702,000000,39.28,39.28,39.176,39.176,1401,0
EQRR.US,D,20190703,000000,39.29,39.394,39.29,39.394,696,0
EQRR.US,D,20190705,000000,39.501,39.511,39.252,39.252,420,0
EQRR.US,D,20190708,000000,39.433,39.433,39.252,39.263,630,0
EQRR.US,D,20190709,000000,38.935,39.054,38.935,39.054,502,0
EQRR.US,D,20190710,000000,39.043,39.072,38.923,38.975,735,0
EQRR.US,D,20190711,000000,39.023,39.139,39.023,39.129,1611,0
EQRR.US,D,20190712,000000,39.321,39.654,39.321,39.654,623,0
EQRR.US,D,20190715,000000,39.491,39.491,39.461,39.461,209,0
EQRR.US,D,20190716,000000,39.816,39.816,39.816,39.816,255,0
EQRR.US,D,20190717,000000,39.549,39.549,38.814,38.814,10689,0
EQRR.US,D,20190718,000000,38.567,38.684,38.548,38.684,5116,0
EQRR.US,D,20190719,000000,39.043,39.043,39.043,39.043,106,0
EQRR.US,D,20190722,000000,38.906,38.911,38.901,38.911,513,0
EQRR.US,D,20190723,000000,39.443,39.443,39.443,39.443,109,0
EQRR.US,D,20190724,000000,39.959,40.11,39.959,40.11,397,0
EQRR.US,D,20190725,000000,39.893,39.893,39.816,39.816,557,0
EQRR.US,D,20190726,000000,39.654,39.873,39.654,39.873,850,0
EQRR.US,D,20190729,000000,39.476,39.654,39.476,39.596,1749,0
EQRR.US,D,20190730,000000,39.452,39.688,39.452,39.688,210,0
EQRR.US,D,20190731,000000,39.664,39.883,39.367,39.397,3921,0
EQRR.US,D,20190801,000000,39.415,39.415,38.232,38.232,9636,0
EQRR.US,D,20190802,000000,37.982,37.982,37.133,37.564,947,0
EQRR.US,D,20190805,000000,36.351,36.379,36.094,36.218,1838,0
EQRR.US,D,20190806,000000,36.638,36.658,35.951,36.485,6360,0
EQRR.US,D,20190808,000000,36.351,36.398,36.257,36.257,1155,0
EQRR.US,D,20190809,000000,36.066,36.066,36.066,36.066,107,0
EQRR.US,D,20190812,000000,35.569,35.569,35.569,35.569,138,0
EQRR.US,D,20190813,000000,35.492,36.388,35.492,36.296,1246,0
EQRR.US,D,20190814,000000,34.748,34.748,34.519,34.662,1509,0
EQRR.US,D,20190815,000000,34.529,34.529,34.376,34.376,333,0
EQRR.US,D,20190816,000000,34.939,34.939,34.939,34.939,106,0
EQRR.US,D,20190820,000000,35.378,35.378,35.378,35.378,146,0
EQRR.US,D,20190821,000000,35.502,35.502,35.502,35.502,275,0
EQRR.US,D,20190822,000000,35.475,35.636,35.475,35.616,2157,0
EQRR.US,D,20190823,000000,35.32,35.387,34.233,34.272,8300,0
EQRR.US,D,20190826,000000,34.452,34.452,34.452,34.452,554,0
EQRR.US,D,20190827,000000,34.558,34.558,34.111,34.117,942,0
EQRR.US,D,20190828,000000,34.357,35.025,34.029,34.768,3953,0
EQRR.US,D,20190829,000000,35.292,35.552,35.292,35.552,642,0
EQRR.US,D,20190830,000000,35.903,35.903,35.789,35.81,679,0
EQRR.US,D,20190903,000000,34.919,34.986,34.916,34.916,747,0
EQRR.US,D,20190904,000000,35.587,35.587,35.512,35.56,524,0
EQRR.US,D,20190905,000000,36.925,36.925,36.638,36.648,2758,0
EQRR.US,D,20190906,000000,36.666,36.728,36.666,36.728,884,0
EQRR.US,D,20190911,000000,38.489,38.814,38.489,38.814,3484,0
EQRR.US,D,20190912,000000,38.632,38.711,38.484,38.711,621,0
EQRR.US,D,20190913,000000,38.838,39.321,38.838,39.195,1676,0
EQRR.US,D,20190916,000000,39.081,39.551,39.081,39.481,1967,0
EQRR.US,D,20190917,000000,38.995,39.062,38.738,38.985,2781,0
EQRR.US,D,20190918,000000,38.632,38.632,38.538,38.632,2939,0
EQRR.US,D,20190919,000000,38.834,38.834,38.586,38.586,418,0
EQRR.US,D,20190920,000000,38.699,38.699,38.691,38.691,302,0
EQRR.US,D,20190923,000000,38.137,38.242,38.137,38.174,2829,0
EQRR.US,D,20190924,000000,38.222,38.222,37.632,37.687,2996,0
EQRR.US,D,20190925,000000,37.667,38.177,37.667,38.177,5630,0
EQRR.US,D,20190926,000000,37.841,37.841,37.841,37.841,297,0
EQRR.US,D,20190927,000000,38.086,38.091,38.034,38.044,416,0
EQRR.US,D,20190930,000000,37.727,37.727,37.727,37.727,115,0
EQRR.US,D,20191001,000000,37.984,37.984,37.216,37.246,8561,0
EQRR.US,D,20191002,000000,36.574,36.574,36.016,36.016,426,0
EQRR.US,D,20191003,000000,35.393,35.393,35.393,35.393,121,0
EQRR.US,D,20191004,000000,35.797,35.797,35.797,35.797,106,0
EQRR.US,D,20191007,000000,36.189,36.331,36.189,36.331,289,0
EQRR.US,D,20191008,000000,35.882,35.882,35.451,35.451,219,0
EQRR.US,D,20191009,000000,35.594,35.664,35.566,35.653,1250,0
EQRR.US,D,20191010,000000,35.739,36.189,35.739,35.94,3958,0
EQRR.US,D,20191011,000000,37.246,37.246,37.246,37.246,282,0
EQRR.US,D,20191014,000000,36.804,36.804,36.804,36.804,105,0
EQRR.US,D,20191015,000000,37.429,37.429,37.429,37.429,105,0
EQRR.US,D,20191016,000000,37.717,37.717,37.717,37.717,105,0
EQRR.US,D,20191017,000000,37.592,37.592,37.592,37.592,105,0
EQRR.US,D,20191018,000000,37.612,37.612,37.612,37.612,105,0
EQRR.US,D,20191021,000000,37.994,38.076,37.994,38.062,541,0
EQRR.US,D,20191022,000000,38.004,38.004,38.004,38.004,167,0
EQRR.US,D,20191023,000000,38.292,38.389,38.263,38.389,826,0
EQRR.US,D,20191024,000000,38.455,38.455,38.455,38.455,105,0
EQRR.US,D,20191025,000000,38.888,38.888,38.888,38.888,107,0
EQRR.US,D,20191028,000000,39.3,39.3,39.3,39.3,105,0
EQRR.US,D,20191029,000000,39.339,39.339,39.29,39.29,313,0
EQRR.US,D,20191030,000000,38.868,38.868,38.796,38.796,562,0
EQRR.US,D,20191031,000000,37.87,37.87,37.87,37.87,117,0
EQRR.US,D,20191101,000000,39.011,39.357,39.011,39.357,219,0
EQRR.US,D,20191104,000000,39.935,40.059,39.935,40.059,231,0
EQRR.US,D,20191105,000000,40.779,40.779,40.779,40.779,105,0
EQRR.US,D,20191106,000000,40.377,40.377,40.377,40.377,105,0
EQRR.US,D,20191107,000000,40.903,40.923,40.903,40.913,515,0
EQRR.US,D,20191108,000000,40.566,40.87,40.566,40.87,315,0
EQRR.US,D,20191111,000000,40.539,40.539,40.539,40.539,142,0
EQRR.US,D,20191112,000000,40.913,40.913,40.913,40.913,173,0
EQRR.US,D,20191113,000000,40.184,40.184,40.184,40.184,183,0
EQRR.US,D,20191114,000000,40.136,40.136,40.136,40.136,127,0
EQRR.US,D,20191115,000000,40.289,40.289,40.289,40.289,106,0
EQRR.US,D,20191118,000000,40.174,40.174,39.915,40.077,1395,0
EQRR.US,D,20191119,000000,39.819,39.979,39.819,39.979,105,0
EQRR.US,D,20191120,000000,39.819,39.819,39.819,39.819,416,0
EQRR.US,D,20191121,000000,39.838,39.838,39.838,39.838,106,0
EQRR.US,D,20191125,000000,40.74,40.749,40.74,40.749,583,0
EQRR.US,D,20191205,000000,40.031,40.109,40.011,40.109,1685,0
EQRR.US,D,20191209,000000,40.845,40.863,40.845,40.863,396,0
EQRR.US,D,20191210,000000,40.893,40.893,40.779,40.779,105,0
EQRR.US,D,20191211,000000,40.865,40.968,40.865,40.968,107,0
EQRR.US,D,20191212,000000,41.71,41.738,41.71,41.738,1052,0
EQRR.US,D,20191216,000000,41.536,42.142,41.536,42.132,1695,0
EQRR.US,D,20191217,000000,42.084,42.084,42.084,42.084,255,0
EQRR.US,D,20191231,000000,42.133,42.133,42.064,42.064,513,0
EQRR.US,D,20200103,000000,42.064,42.064,42.064,42.064,1110,0
EQRR.US,D,20200106,000000,41.789,41.92,41.789,41.92,108,0
EQRR.US,D,20200108,000000,41.911,41.911,41.783,41.783,518,0
EQRR.US,D,20200109,000000,41.984,41.984,41.974,41.974,136,0
EQRR.US,D,20200110,000000,41.92,41.939,41.662,41.662,1248,0
EQRR.US,D,20200114,000000,42.22,42.22,42.061,42.061,160,0
EQRR.US,D,20200121,000000,41.814,41.814,41.814,41.814,658,0
EQRR.US,D,20200122,000000,41.534,41.534,41.313,41.313,670,0
EQRR.US,D,20200123,000000,40.75,41.089,40.713,41.089,1225,0
EQRR.US,D,20200124,000000,41.224,41.224,41.224,41.224,322,0
EQRR.US,D,20200127,000000,39.13,39.13,39.086,39.086,162,0
EQRR.US,D,20200128,000000,39.613,39.613,39.606,39.606,108,0
EQRR.US,D,20200129,000000,39.747,39.747,39.747,39.747,110,0
EQRR.US,D,20200130,000000,39.012,39.012,38.781,38.781,226,0
EQRR.US,D,20200131,000000,38.656,38.656,38.5,38.5,104,0
EQRR.US,D,20200203,000000,38.627,38.809,38.627,38.636,740,0
EQRR.US,D,20200204,000000,39.158,39.69,39.158,39.69,246,0
EQRR.US,D,20200205,000000,40.404,40.712,40.404,40.712,104,0
EQRR.US,D,20200206,000000,40.587,40.587,40.587,40.587,113,0
EQRR.US,D,20200207,000000,40.337,40.337,39.902,40.085,882,0
EQRR.US,D,20200210,000000,39.796,39.832,39.73,39.832,377,0
EQRR.US,D,20200211,000000,40.51,40.51,40.299,40.299,124,0
EQRR.US,D,20200212,000000,40.877,40.877,40.704,40.756,358,0
EQRR.US,D,20200213,000000,40.22,40.448,40.22,40.448,104,0
EQRR.US,D,20200214,000000,40.152,40.152,40.132,40.132,105,0
EQRR.US,D,20200218,000000,39.645,39.737,39.645,39.737,104,0
EQRR.US,D,20200221,000000,39.501,39.537,39.501,39.537,208,0
EQRR.US,D,20200225,000000,36.694,36.694,36.694,36.694,145,0
EQRR.US,D,20200226,000000,35.828,35.864,35.045,35.045,334,0
EQRR.US,D,20200227,000000,34.321,34.321,33.604,33.604,1072,0
EQRR.US,D,20200228,000000,32.791,33.232,32.791,33.232,358,0
EQRR.US,D,20200303,000000,33.895,34.166,32.958,32.988,10261,0
EQRR.US,D,20200305,000000,32.417,32.717,32.417,32.717,945,0
EQRR.US,D,20200306,000000,30.902,30.902,30.621,30.621,1168,0
EQRR.US,D,20200309,000000,28.979,28.979,25.821,25.821,933,0
EQRR.US,D,20200310,000000,26.256,26.256,26.256,26.256,249,0
EQRR.US,D,20200313,000000,24.991,24.991,24.991,24.991,342,0
EQRR.US,D,20200316,000000,21.688,21.999,21.669,21.669,1020,0
EQRR.US,D,20200317,000000,22.318,22.342,21.438,22.244,1347,0
EQRR.US,D,20200318,000000,20.028,20.028,20.028,20.028,105,0
EQRR.US,D,20200319,000000,19.506,20.271,19.506,20.271,208,0
EQRR.US,D,20200323,000000,20.231,20.231,20.231,20.231,213,0
EQRR.US,D,20200324,000000,20.916,21.834,20.916,21.834,740,0
EQRR.US,D,20200325,000000,22.788,24.059,22.788,23.21,616,0
EQRR.US,D,20200326,000000,24.456,24.575,24.061,24.397,1647,0
EQRR.US,D,20200327,000000,22.848,23.472,22.848,23.035,1738,0
EQRR.US,D,20200330,000000,22.858,23.255,22.858,23.255,2173,0
EQRR.US,D,20200402,000000,23.17,23.17,22.204,22.49,437,0
EQRR.US,D,20200406,000000,23.472,23.938,23.472,23.938,417,0
EQRR.US,D,20200407,000000,25.082,25.082,24.287,24.287,313,0
EQRR.US,D,20200408,000000,25.208,25.208,25.208,25.208,172,0
EQRR.US,D,20200414,000000,25.452,25.541,25.452,25.541,111,0
EQRR.US,D,20200415,000000,24.271,24.313,24.271,24.313,103,0
EQRR.US,D,20200416,000000,23.939,23.939,23.824,23.824,327,0
EQRR.US,D,20200417,000000,24.926,24.926,24.926,24.926,161,0
EQRR.US,D,20200420,000000,25.168,25.168,24.877,24.877,318,0
EQRR.US,D,20200421,000000,24.379,24.379,24.379,24.379,228,0
EQRR.US,D,20200422,000000,24.808,24.808,24.798,24.798,725,0
EQRR.US,D,20200423,000000,25.062,25.062,25.062,25.062,116,0
EQRR.US,D,20200427,000000,25.881,26.116,25.851,26.116,1190,0
EQRR.US,D,20200508,000000,26.993,26.993,26.993,26.993,103,0
EQRR.US,D,20200512,000000,26.622,26.622,26.126,26.126,723,0
EQRR.US,D,20200514,000000,25.402,25.461,25.402,25.461,657,0
EQRR.US,D,20200515,000000,25.452,25.452,25.452,25.452,129,0
EQRR.US,D,20200518,000000,27.04,27.214,27.04,27.214,6648,0
EQRR.US,D,20200520,000000,27.392,27.392,27.344,27.344,429,0
EQRR.US,D,20200521,000000,27.178,27.178,27.178,27.178,348,0
EQRR.US,D,20200522,000000,26.699,26.699,26.699,26.699,105,0
EQRR.US,D,20200526,000000,28.064,28.289,28.055,28.279,634,0
EQRR.US,D,20200527,000000,28.681,28.953,28.534,28.953,618,0
EQRR.US,D,20200528,000000,28.562,28.562,28.562,28.562,207,0
EQRR.US,D,20200529,000000,27.919,27.919,27.919,27.919,309,0
EQRR.US,D,20200603,000000,30.045,30.181,30.035,30.181,3076,0
EQRR.US,D,20200604,000000,30.192,30.192,30.192,30.192,129,0
EQRR.US,D,20200605,000000,31.887,32.142,31.887,31.957,2162,0
EQRR.US,D,20200608,000000,32.053,32.053,32.053,32.053,126,0
EQRR.US,D,20200609,000000,32.18,32.18,31.536,31.536,413,0
EQRR.US,D,20200610,000000,30.923,30.923,30.923,30.923,154,0
EQRR.US,D,20200611,000000,29.772,29.772,28.243,28.243,892,0
EQRR.US,D,20200612,000000,28.369,28.514,28.369,28.514,208,0
EQRR.US,D,20200616,000000,29.947,30.005,29.762,29.762,309,0
EQRR.US,D,20200617,000000,29.45,29.596,29.45,29.576,310,0
EQRR.US,D,20200618,000000,29.46,29.46,29.46,29.46,105,0
EQRR.US,D,20200619,000000,29.654,29.654,29.654,29.654,103,0
EQRR.US,D,20200622,000000,29.021,29.224,29.021,29.224,144,0
EQRR.US,D,20200623,000000,29.47,29.493,29.353,29.353,636,0
EQRR.US,D,20200624,000000,28.647,28.647,28.647,28.647,179,0
EQRR.US,D,20200625,000000,28.214,28.214,28.214,28.214,114,0
EQRR.US,D,20200626,000000,27.843,27.843,27.843,27.843,113,0
EQRR.US,D,20200629,000000,28.283,28.283,28.283,28.283,110,0
EQRR.US,D,20200630,000000,28.509,28.979,28.509,28.979,429,0
EQRR.US,D,20200701,000000,28.489,28.547,28.489,28.547,206,0
EQRR.US,D,20200702,000000,29.196,29.196,29.196,29.196,125,0
EQRR.US,D,20200707,000000,28.842,28.842,28.842,28.842,229,0
EQRR.US,D,20200708,000000,28.41,28.41,28.392,28.392,662,0
EQRR.US,D,20200710,000000,28.489,28.489,28.479,28.479,389,0
EQRR.US,D,20200714,000000,28.822,29.039,28.822,29.039,208,0
EQRR.US,D,20200715,000000,29.597,29.607,29.587,29.587,2090,0
EQRR.US,D,20200720,000000,29.234,29.343,29.234,29.343,207,0
EQRR.US,D,20200724,000000,30.147,30.147,30.147,30.147,105,0
EQRR.US,D,20200727,000000,29.97,29.97,29.96,29.97,530,0
EQRR.US,D,20200803,000000,29.529,29.529,29.51,29.519,611,0
EQRR.US,D,20200804,000000,29.793,29.804,29.793,29.804,1023,0
EQRR.US,D,20200805,000000,30.471,30.471,30.471,30.471,111,0
EQRR.US,D,20200806,000000,30.167,30.167,30.167,30.167,518,0
EQRR.US,D,20200807,000000,29.96,30.549,29.96,30.549,204,0
EQRR.US,D,20200811,000000,31.47,32.039,31.328,31.328,3179,0
EQRR.US,D,20200813,000000,31.078,31.127,31.078,31.127,920,0
EQRR.US,D,20200817,000000,30.912,30.922,30.912,30.922,433,0
EQRR.US,D,20200821,000000,29.866,29.931,29.866,29.931,156,0
EQRR.US,D,20200824,000000,30.617,30.748,30.617,30.748,1731,0
EQRR.US,D,20200825,000000,30.798,30.798,30.736,30.736,1874,0
EQRR.US,D,20200827,000000,30.559,30.559,30.559,30.559,255,0
EQRR.US,D,20200828,000000,30.774,30.873,30.774,30.873,1525,0
EQRR.US,D,20200901,000000,30.647,30.764,30.647,30.764,308,0
EQRR.US,D,20200903,000000,31.068,31.186,30.739,30.833,885,0
EQRR.US,D,20200904,000000,30.873,31.157,30.608,30.608,751,0
EQRR.US,D,20200908,000000,29.97,29.97,29.97,29.97,219,0
EQRR.US,D,20200909,000000,30.078,30.078,30.078,30.078,186,0
EQRR.US,D,20200910,000000,30.039,30.039,30.039,30.039,102,0
EQRR.US,D,20200911,000000,29.745,29.745,29.745,29.745,114,0
EQRR.US,D,20200914,000000,30.362,30.519,30.362,30.434,204,0
EQRR.US,D,20200918,000000,30.471,30.471,30.471,30.471,104,0
EQRR.US,D,20200921,000000,29.147,29.147,29.147,29.147,104,0
EQRR.US,D,20200924,000000,28.148,28.272,28.148,28.272,160,0
EQRR.US,D,20200930,000000,29.276,29.276,29.276,29.276,482,0
EQRR.US,D,20201006,000000,30.319,30.319,29.533,29.533,232,0
EQRR.US,D,20201008,000000,30.439,30.439,30.409,30.409,302,0
EQRR.US,D,20201009,000000,30.992,30.992,30.982,30.982,210,0
EQRR.US,D,20201014,000000,30.576,30.577,30.576,30.577,509,0
EQRR.US,D,20201015,000000,30.212,30.212,30.212,30.212,104,0
EQRR.US,D,20201016,000000,30.735,30.735,30.735,30.735,114,0
EQRR.US,D,20201019,000000,30.567,30.567,30.567,30.567,113,0
EQRR.US,D,20201020,000000,30.439,30.439,30.439,30.439,205,0
EQRR.US,D,20201021,000000,30.083,30.083,30.012,30.012,301,0
EQRR.US,D,20201022,000000,30.133,30.823,30.133,30.823,324,0
EQRR.US,D,20201023,000000,31.129,31.129,31.129,31.129,117,0
EQRR.US,D,20201026,000000,29.837,29.837,29.837,29.837,155,0
EQRR.US,D,20201027,000000,29.699,29.699,29.344,29.344,920,0
EQRR.US,D,20201028,000000,28.543,28.543,28.408,28.416,590,0
EQRR.US,D,20201030,000000,28.85,28.85,28.85,28.85,163,0
EQRR.US,D,20201102,000000,29.56,29.56,29.56,29.56,102,0
EQRR.US,D,20201110,000000,33.693,34.038,33.693,34.038,939,0
EQRR.US,D,20201111,000000,33.792,33.792,33.63,33.635,5432,0
EQRR.US,D,20201113,000000,33.377,33.743,33.093,33.743,6437,0
EQRR.US,D,20201116,000000,34.769,35.025,34.759,35.025,1359,0
EQRR.US,D,20201117,000000,34.996,35.124,34.996,35.094,968,0
EQRR.US,D,20201118,000000,35.636,35.676,35.636,35.676,406,0
EQRR.US,D,20201119,000000,34.73,34.73,34.73,34.73,225,0
EQRR.US,D,20201120,000000,34.799,34.808,34.799,34.808,358,0
EQRR.US,D,20201123,000000,35.819,36.177,35.819,36.177,255,0
EQRR.US,D,20201124,000000,36.84,37.767,36.84,37.767,2979,0
EQRR.US,D,20201125,000000,37.106,37.106,37.106,37.106,247,0
EQRR.US,D,20201127,000000,37.145,37.145,37.145,37.145,120,0
EQRR.US,D,20201130,000000,36.771,36.771,36.771,36.771,112,0
EQRR.US,D,20201202,000000,36.988,37.003,36.988,36.988,1007,0
EQRR.US,D,20201203,000000,37.492,37.492,37.202,37.202,209,0
EQRR.US,D,20201204,000000,37.55,38.359,37.55,38.359,1642,0
EQRR.US,D,20201207,000000,37.944,38.034,37.944,38.034,546,0
EQRR.US,D,20201208,000000,37.944,38.162,37.944,38.162,1136,0
EQRR.US,D,20201209,000000,38.773,38.773,38.24,38.24,3347,0
EQRR.US,D,20201210,000000,38.255,38.527,38.255,38.527,912,0
EQRR.US,D,20201211,000000,37.984,38.13,37.748,38.113,707,0
EQRR.US,D,20201214,000000,37.728,37.728,37.314,37.334,402,0
EQRR.US,D,20201215,000000,37.274,37.274,37.274,37.274,19,0
EQRR.US,D,20201216,000000,38.062,38.062,38.062,38.062,27,0
EQRR.US,D,20201217,000000,38.014,38.014,38.014,38.014,210,0
EQRR.US,D,20201218,000000,37.816,37.816,37.816,37.816,472,0
EQRR.US,D,20201221,000000,37.494,37.494,37.481,37.494,398,0
EQRR.US,D,20201222,000000,37.145,37.145,37.145,37.145,227,0
EQRR.US,D,20201223,000000,37.361,37.361,37.361,37.361,5,0
EQRR.US,D,20201224,000000,37.779,37.779,37.779,37.779,4,0
EQRR.US,D,20201228,000000,37.752,37.752,37.643,37.643,352,0
EQRR.US,D,20201230,000000,37.96,37.96,37.96,37.96,151,0
EQRR.US,D,20201231,000000,37.831,37.851,37.802,37.802,499,0
EQRR.US,D,20210104,000000,38.159,38.159,38.13,38.13,1137,0
EQRR.US,D,20210105,000000,38.154,38.544,38.154,38.544,125,0
EQRR.US,D,20210108,000000,40.843,40.843,40.843,40.843,76,0
EQRR.US,D,20210111,000000,40.352,40.891,40.352,40.891,11225,0
EQRR.US,D,20210112,000000,41.13,41.735,41.03,41.735,2297,0
EQRR.US,D,20210113,000000,41.765,41.765,41.228,41.228,2486,0
EQRR.US,D,20210114,000000,41.626,42.262,41.626,42.173,16917,0
EQRR.US,D,20210115,000000,43.523,43.523,40.921,41.19,3307,0
EQRR.US,D,20210119,000000,41.408,41.651,41.408,41.626,3811,0
EQRR.US,D,20210120,000000,41.626,41.626,41.278,41.398,2862,0
EQRR.US,D,20210121,000000,40.792,40.792,40.599,40.623,16574,0
EQRR.US,D,20210122,000000,40.267,40.548,40.267,40.548,515,0
EQRR.US,D,20210125,000000,39.758,40.085,39.62,40.085,2609,0
EQRR.US,D,20210126,000000,39.694,39.728,39.562,39.562,706,0
EQRR.US,D,20210128,000000,39.295,39.295,39.144,39.144,139,0
EQRR.US,D,20210129,000000,38.527,38.547,38.15,38.15,2257,0
EQRR.US,D,20210201,000000,38.15,38.702,38.14,38.702,2766,0
EQRR.US,D,20210202,000000,39.758,39.778,39.454,39.454,5292,0
EQRR.US,D,20210203,000000,39.62,40.146,39.62,40.136,5212,0
EQRR.US,D,20210208,000000,41.706,41.945,41.704,41.945,1595,0
EQRR.US,D,20210209,000000,41.726,41.915,41.349,41.795,203656,0
EQRR.US,D,20210211,000000,41.945,41.955,41.527,41.719,7674,0
EQRR.US,D,20210212,000000,42.003,42.203,41.993,42.203,1336,0
EQRR.US,D,20210216,000000,42.282,43.096,42.282,43.077,4045,0
EQRR.US,D,20210217,000000,43.047,43.047,42.778,42.778,661,0
EQRR.US,D,20210222,000000,43.812,44.413,43.812,44.15,5391,0
EQRR.US,D,20210223,000000,43.841,44.429,43.604,44.349,3114,0
EQRR.US,D,20210224,000000,44.606,45.59,44.606,45.541,10544,0
EQRR.US,D,20210225,000000,45.7,45.7,44.333,44.349,12524,0
EQRR.US,D,20210226,000000,44.17,44.17,42.948,43.643,2242,0
EQRR.US,D,20210301,000000,44.646,44.999,44.646,44.89,783,0
EQRR.US,D,20210302,000000,45.073,45.073,44.706,44.736,3328,0
EQRR.US,D,20210303,000000,44.994,45.7,44.984,45.053,10994,0
EQRR.US,D,20210304,000000,44.925,45.113,44.646,44.925,2551,0
EQRR.US,D,20210305,000000,44.994,45.818,44.448,45.818,6061,0
EQRR.US,D,20210308,000000,46.166,46.823,45.978,46.186,21522,0
EQRR.US,D,20210309,000000,45.958,46.106,45.521,45.7,9616,0
EQRR.US,D,20210310,000000,45.759,46.514,45.7,46.494,13495,0
EQRR.US,D,20210311,000000,46.603,47.17,46.603,46.693,6480,0
EQRR.US,D,20210312,000000,47.051,47.051,46.823,47.051,9783,0
EQRR.US,D,20210315,000000,47.508,47.508,46.236,46.696,7766,0
EQRR.US,D,20210316,000000,46.276,46.276,45.59,45.859,13235,0
EQRR.US,D,20210317,000000,46.151,46.355,45.6,46.326,6615,0
EQRR.US,D,20210318,000000,46.484,47.021,45.78,45.78,10593,0
EQRR.US,D,20210319,000000,45.451,45.873,44.984,45.595,6815,0
EQRR.US,D,20210322,000000,45.222,45.223,44.955,45.153,13143,0
EQRR.US,D,20210323,000000,44.859,44.859,43.938,44.001,10891,0
EQRR.US,D,20210324,000000,45.04,45.04,44.635,44.635,1619,0
EQRR.US,D,20210325,000000,43.753,45.206,43.753,45.206,2938,0
EQRR.US,D,20210326,000000,46,46.259,45.621,46.259,3020,0
EQRR.US,D,20210329,000000,46.468,46.468,45.233,45.482,2493,0
EQRR.US,D,20210330,000000,45.61,45.82,45.61,45.744,1003,0
EQRR.US,D,20210331,000000,45.98,45.98,45.492,45.592,1852,0
EQRR.US,D,20210401,000000,45.981,46.089,45.981,46.089,1237,0
EQRR.US,D,20210405,000000,46.299,46.299,46.21,46.21,4595,0
EQRR.US,D,20210406,000000,46.431,46.431,46.06,46.106,8846,0
EQRR.US,D,20210407,000000,46.109,46.119,45.996,45.996,1345,0
EQRR.US,D,20210408,000000,45.93,45.93,45.392,45.804,2392,0
EQRR.US,D,20210409,000000,45.83,46.06,45.705,46.012,2704,0
EQRR.US,D,20210412,000000,46.299,46.299,46.073,46.075,3800,0
EQRR.US,D,20210413,000000,45.711,45.711,45.667,45.667,775,0
EQRR.US,D,20210414,000000,46.558,46.616,46.284,46.284,5727,0
EQRR.US,D,20210415,000000,46.139,46.149,46.135,46.135,714,0
EQRR.US,D,20210416,000000,46.548,46.548,46.136,46.201,2177,0
EQRR.US,D,20210419,000000,45.815,46.04,45.771,46.04,1564,0
EQRR.US,D,20210420,000000,45.741,45.741,44.874,44.874,2046,0
EQRR.US,D,20210421,000000,45.554,45.767,45.554,45.707,1863,0
EQRR.US,D,20210422,000000,45.342,45.342,45.077,45.077,1247,0
EQRR.US,D,20210423,000000,45.712,46.067,45.704,45.926,2588,0
EQRR.US,D,20210426,000000,46.398,46.467,46.375,46.375,1437,0
EQRR.US,D,20210427,000000,46.219,46.688,46.219,46.682,1115,0
EQRR.US,D,20210428,000000,47.215,47.332,47.215,47.332,291,0
EQRR.US,D,20210429,000000,47.852,47.922,47.608,47.843,4474,0
EQRR.US,D,20210430,000000,47.464,47.464,47.225,47.249,409,0
EQRR.US,D,20210503,000000,47.938,48.141,47.932,47.932,2322,0
EQRR.US,D,20210504,000000,48.072,48.212,48.062,48.212,982,0
EQRR.US,D,20210505,000000,48.311,49.187,48.251,49.078,3671,0
EQRR.US,D,20210506,000000,48.869,48.988,48.455,48.988,1705,0
EQRR.US,D,20210510,000000,50.661,50.661,49.906,49.906,2689,0
EQRR.US,D,20210511,000000,49.277,49.307,48.799,49.118,2334,0
EQRR.US,D,20210512,000000,49.516,49.705,48.51,48.605,12189,0
EQRR.US,D,20210513,000000,49.137,49.287,48.619,49.157,3435,0
EQRR.US,D,20210514,000000,49.506,50.223,49.506,50.213,9811,0
EQRR.US,D,20210517,000000,50.203,50.554,49.914,50.554,2151,0
EQRR.US,D,20210518,000000,50.671,50.671,49.712,49.712,4442,0
EQRR.US,D,20210519,000000,48.39,48.949,48.39,48.949,1440,0
EQRR.US,D,20210520,000000,48.779,49.038,48.619,48.898,4204,0
EQRR.US,D,20210521,000000,49.546,49.645,49.28,49.297,2813,0
EQRR.US,D,20210524,000000,49.432,49.725,49.377,49.616,5341,0
EQRR.US,D,20210525,000000,49.765,49.765,49.187,49.192,1728,0
EQRR.US,D,20210526,000000,49.187,49.317,49.187,49.277,1781,0
EQRR.US,D,20210527,000000,49.596,49.805,49.596,49.805,616,0
EQRR.US,D,20210528,000000,49.735,49.774,49.712,49.774,867,0
EQRR.US,D,20210601,000000,50.841,50.95,50.721,50.95,13010,0
EQRR.US,D,20210602,000000,51.757,51.757,50.592,50.97,4048,0
EQRR.US,D,20210603,000000,51.05,51.209,51.01,51.09,3736,0
EQRR.US,D,20210604,000000,51.269,51.269,50.841,50.841,2956,0
EQRR.US,D,20210607,000000,52.006,52.006,50.861,50.94,6322,0
EQRR.US,D,20210608,000000,52.524,52.524,50.323,51.11,3607,0
EQRR.US,D,20210609,000000,50.911,50.92,50.652,50.652,3469,0
EQRR.US,D,20210610,000000,50.681,50.681,50.173,50.173,1407,0
EQRR.US,D,20210611,000000,50.173,50.213,50.074,50.074,1575,0
EQRR.US,D,20210614,000000,50.034,50.058,49.566,49.566,2951,0
EQRR.US,D,20210615,000000,49.645,49.88,49.645,49.88,148,0
EQRR.US,D,20210616,000000,49.665,49.75,49.645,49.75,691,0
EQRR.US,D,20210617,000000,49.914,49.914,47.693,48.211,6116,0
EQRR.US,D,20210618,000000,47.424,47.507,47.057,47.057,6353,0
EQRR.US,D,20210621,000000,48.281,48.49,48.281,48.49,6107,0
EQRR.US,D,20210622,000000,48.51,49.02,48.49,48.8128,12466,0
EQRR.US,D,20210623,000000,49.11,49.24,48.84,48.8893,3435,0
EQRR.US,D,20210624,000000,49.14,49.34,49.14,49.3072,1245,0
EQRR.US,D,20210625,000000,49.6603,49.84,49.62,49.84,1143,0
EQRR.US,D,20210628,000000,49.72,49.72,48.79,48.899,5183,0
EQRR.US,D,20210629,000000,48.7899,48.7899,48.69,48.69,939,0
EQRR.US,D,20210630,000000,49.02,49.035,49.02,49.035,224,0
EQRR.US,D,20210701,000000,49.49,49.71,49.49,49.565,2600,0
EQRR.US,D,20210702,000000,49.49,49.57,49.49,49.5386,1475,0
EQRR.US,D,20210706,000000,49.5,49.5,48.4,48.4,4420,0
EQRR.US,D,20210707,000000,48.19,48.3,47.81,48.28,4089,0
EQRR.US,D,20210708,000000,47.5,47.6701,47.14,47.44,4536,0
EQRR.US,D,20210709,000000,48.6605,48.9392,48.6605,48.9392,1271,0
EQRR.US,D,20210712,000000,49,49.255,49,49.255,584,0
EQRR.US,D,20210713,000000,49.02,49.03,48.57,48.58,4203,0
EQRR.US,D,20210715,000000,47.91,48.07,47.75,47.75,1151,0
EQRR.US,D,20210716,000000,47.765,47.765,46.74,46.74,6188,0
EQRR.US,D,20210719,000000,45.51,45.75,44.88,45.095,5160,0
EQRR.US,D,20210720,000000,45.4801,46.295,45.4801,46.29,723,0
EQRR.US,D,20210721,000000,47.386,47.386,47.21,47.21,1303,0
EQRR.US,D,20210722,000000,46.6,46.81,46.55,46.8,5283,0
EQRR.US,D,20210723,000000,46.98,47,46.98,47,695,0
EQRR.US,D,20210726,000000,46.99,47.55,46.99,47.5,5682,0
EQRR.US,D,20210727,000000,47.35,47.599,47.1709,47.37,2049,0
EQRR.US,D,20210728,000000,47.37,47.67,47.37,47.61,1105,0
EQRR.US,D,20210729,000000,48.16,48.35,48.15,48.1895,3271,0
EQRR.US,D,20210802,000000,48.5396,48.5396,47.31,47.31,2489,0
EQRR.US,D,20210803,000000,47.5,48.12,47.16,48.12,4090,0
EQRR.US,D,20210804,000000,47.6,47.8301,47.2677,47.2677,1247,0
EQRR.US,D,20210805,000000,47.74,47.825,47.53,47.5649,2949,0
EQRR.US,D,20210806,000000,48.44,48.44,48.171,48.25,3372,0
EQRR.US,D,20210809,000000,48.07,48.07,48.06,48.06,409,0
EQRR.US,D,20210810,000000,48.28,49.08,48.28,49.08,3169,0
EQRR.US,D,20210811,000000,49.2641,49.2641,49.2641,49.2641,465,0
EQRR.US,D,20210812,000000,49.26,49.442,49.26,49.4415,802,0
EQRR.US,D,20210813,000000,49.259,49.259,49.259,49.259,229,0
EQRR.US,D,20210816,000000,48.78,48.78,48.37,48.6934,829,0
EQRR.US,D,20210817,000000,48.3,48.31,47.59,48,3628,0
EQRR.US,D,20210818,000000,48.07,48.07,47.5,47.5,1424,0
EQRR.US,D,20210819,000000,46.593,46.72,46.5,46.72,965,0
EQRR.US,D,20210820,000000,46.9994,47.18,46.97,47.17,21250,0
EQRR.US,D,20210823,000000,47.78,48.07,47.78,48.02,3852,0
EQRR.US,D,20210824,000000,48.38,48.6,48.38,48.6,1005,0
EQRR.US,D,20210825,000000,49.19,49.19,49.19,49.19,113,0
EQRR.US,D,20210826,000000,49.19,49.19,48.9101,49,1686,0
EQRR.US,D,20210831,000000,49.1299,49.1299,49,49.01,454,0
