<TICKER>,<PER>,<DATE>,<TIME>,<OPEN>,<HIGH>,<LOW>,<CLOSE>,<VOL>,<OPENINT>
ESGD.US,D,20160727,000000,49.132,49.239,49.109,49.124,5841,0
ESGD.US,D,20160802,000000,49.265,49.265,49.202,49.202,315,0
ESGD.US,D,20160803,000000,49.086,49.086,49.024,49.024,447,0
ESGD.US,D,20160808,000000,49.712,49.712,49.698,49.698,461,0
ESGD.US,D,20160809,000000,50.214,50.214,50.143,50.143,918,0
ESGD.US,D,20160815,000000,50.839,50.848,50.822,50.822,2541,0
ESGD.US,D,20160816,000000,50.679,50.679,50.679,50.679,223,0
ESGD.US,D,20160819,000000,50.445,50.445,50.445,50.445,295,0
ESGD.US,D,20160824,000000,50.908,50.936,50.848,50.848,3007,0
ESGD.US,D,20160825,000000,50.581,50.581,50.581,50.581,130,0
ESGD.US,D,20160829,000000,50.339,50.339,50.329,50.33,2755,0
ESGD.US,D,20160830,000000,50.33,50.33,50.33,50.33,895,0
ESGD.US,D,20160831,000000,50.168,50.168,50.168,50.168,285,0
ESGD.US,D,20160901,000000,50.507,50.553,50.33,50.553,1565,0
ESGD.US,D,20160902,000000,50.946,50.946,50.946,50.946,114,0
ESGD.US,D,20160909,000000,50.946,50.946,50.474,50.474,1946,0
ESGD.US,D,20160912,000000,49.926,49.926,49.926,49.926,125,0
ESGD.US,D,20160913,000000,49.784,49.784,49.784,49.784,143,0
ESGD.US,D,20160920,000000,50.097,50.106,50.097,50.106,223,0
ESGD.US,D,20160923,000000,50.955,51.018,50.955,51.018,4249,0
ESGD.US,D,20160926,000000,50.525,50.525,50.452,50.452,2347,0
ESGD.US,D,20160927,000000,50.294,50.294,50.294,50.294,112,0
ESGD.US,D,20160928,000000,51.028,51.028,51.021,51.021,345,0
ESGD.US,D,20160929,000000,50.83,50.83,50.474,50.474,1902,0
ESGD.US,D,20160930,000000,50.491,50.848,50.491,50.848,2219,0
ESGD.US,D,20161003,000000,50.633,50.633,50.516,50.516,1199,0
ESGD.US,D,20161012,000000,49.543,49.543,49.543,49.543,197,0
ESGD.US,D,20161013,000000,49.166,49.416,49.166,49.415,1605,0
ESGD.US,D,20161014,000000,49.461,49.461,49.461,49.461,587,0
ESGD.US,D,20161017,000000,49.362,49.363,49.353,49.353,931,0
ESGD.US,D,20161020,000000,49.945,49.945,49.945,49.945,120,0
ESGD.US,D,20161021,000000,49.65,49.883,49.65,49.868,2152,0
ESGD.US,D,20161024,000000,49.981,49.981,49.766,49.798,1268,0
ESGD.US,D,20161025,000000,49.694,49.739,49.694,49.739,258,0
ESGD.US,D,20161026,000000,49.622,49.622,49.605,49.605,1063,0
ESGD.US,D,20161027,000000,49.561,49.561,49.561,49.561,170,0
ESGD.US,D,20161028,000000,49.469,49.469,49.469,49.469,335,0
ESGD.US,D,20161031,000000,49.542,49.542,49.535,49.535,802,0
ESGD.US,D,20161101,000000,49.551,49.561,49.551,49.561,1505,0
ESGD.US,D,20161103,000000,48.989,48.989,48.98,48.98,12369,0
ESGD.US,D,20161104,000000,48.772,48.772,48.504,48.576,19945,0
ESGD.US,D,20161107,000000,49.075,49.075,49.075,49.075,228,0
ESGD.US,D,20161108,000000,49.058,49.445,49.058,49.202,6753,0
ESGD.US,D,20161109,000000,49.069,49.354,49.069,49.265,5113,0
ESGD.US,D,20161111,000000,48.613,48.836,48.613,48.818,999,0
ESGD.US,D,20161114,000000,48.701,48.701,48.441,48.576,3016,0
ESGD.US,D,20161115,000000,48.629,48.755,48.613,48.755,939,0
ESGD.US,D,20161116,000000,48.469,48.469,48.396,48.396,505,0
ESGD.US,D,20161117,000000,48.68,48.68,48.638,48.638,268,0
ESGD.US,D,20161118,000000,48.264,48.264,48.135,48.135,820,0
ESGD.US,D,20161121,000000,48.381,48.381,48.381,48.381,394,0
ESGD.US,D,20161122,000000,48.491,48.595,48.491,48.595,518,0
ESGD.US,D,20161128,000000,48.487,48.487,48.441,48.441,1276,0
ESGD.US,D,20161129,000000,48.46,48.755,48.46,48.755,394,0
ESGD.US,D,20161201,000000,48.389,48.389,48.389,48.389,113,0
ESGD.US,D,20161207,000000,50.014,50.014,50.014,50.014,112,0
ESGD.US,D,20161208,000000,50.025,50.025,50.025,50.025,908,0
ESGD.US,D,20161209,000000,50.097,50.164,50.097,50.164,2944,0
ESGD.US,D,20161212,000000,50.072,50.087,50.016,50.034,2474,0
ESGD.US,D,20161213,000000,50.506,50.572,50.504,50.572,1243,0
ESGD.US,D,20161214,000000,50.428,50.428,49.917,49.917,1153,0
ESGD.US,D,20161215,000000,49.622,49.622,49.622,49.622,117,0
ESGD.US,D,20161219,000000,49.677,49.774,49.62,49.62,1686,0
ESGD.US,D,20161221,000000,49.775,49.775,49.721,49.758,7539,0
ESGD.US,D,20161222,000000,49.775,49.775,49.686,49.695,2365,0
ESGD.US,D,20161223,000000,49.721,49.785,49.721,49.766,1622,0
ESGD.US,D,20161227,000000,49.785,49.785,49.785,49.785,137,0
ESGD.US,D,20161228,000000,49.579,49.579,49.549,49.561,4109,0
ESGD.US,D,20161229,000000,49.678,49.75,49.66,49.713,6669,0
ESGD.US,D,20161230,000000,49.927,49.927,49.91,49.91,2320,0
ESGD.US,D,20170103,000000,49.991,50.054,49.98,50.035,1392,0
ESGD.US,D,20170104,000000,50.411,50.555,50.411,50.555,3854,0
ESGD.US,D,20170105,000000,50.859,51.155,50.859,51.155,1573,0
ESGD.US,D,20170106,000000,51.03,51.03,50.849,50.957,2690,0
ESGD.US,D,20170109,000000,50.715,50.868,50.715,50.815,1474,0
ESGD.US,D,20170110,000000,50.957,50.957,50.877,50.877,1092,0
ESGD.US,D,20170111,000000,50.815,51.101,50.815,51.074,4069,0
ESGD.US,D,20170112,000000,51.118,51.199,51.118,51.199,10728,0
ESGD.US,D,20170113,000000,51.225,51.45,51.22,51.36,5763,0
ESGD.US,D,20170117,000000,51.263,51.289,51.173,51.203,4833,0
ESGD.US,D,20170118,000000,51.101,51.182,51.101,51.182,857,0
ESGD.US,D,20170119,000000,51.056,51.056,50.871,50.905,3417,0
ESGD.US,D,20170120,000000,51.173,51.173,51.173,51.173,540,0
ESGD.US,D,20170123,000000,51.145,51.303,51.145,51.303,559,0
ESGD.US,D,20170125,000000,51.89,51.943,51.89,51.942,1202,0
ESGD.US,D,20170126,000000,51.755,51.863,51.755,51.848,5947,0
ESGD.US,D,20170127,000000,51.709,51.709,51.684,51.684,1477,0
ESGD.US,D,20170130,000000,51.272,51.344,51.155,51.344,1185,0
ESGD.US,D,20170131,000000,51.323,51.339,51.323,51.339,504,0
ESGD.US,D,20170202,000000,51.737,51.737,51.55,51.665,2846,0
ESGD.US,D,20170203,000000,51.915,51.915,51.853,51.853,2390,0
ESGD.US,D,20170206,000000,51.577,51.577,51.388,51.398,2416,0
ESGD.US,D,20170207,000000,51.44,51.496,51.44,51.487,602,0
ESGD.US,D,20170208,000000,51.629,51.702,51.624,51.702,4710,0
ESGD.US,D,20170209,000000,51.717,51.817,51.717,51.8,2398,0
ESGD.US,D,20170210,000000,51.834,51.978,51.834,51.96,1261,0
ESGD.US,D,20170213,000000,52.282,52.282,52.157,52.203,1117,0
ESGD.US,D,20170214,000000,51.933,52.076,51.933,52.076,1001,0
ESGD.US,D,20170215,000000,52.22,52.256,52.22,52.256,855,0
ESGD.US,D,20170216,000000,52.298,52.399,52.298,52.393,2327,0
ESGD.US,D,20170217,000000,52.256,52.301,52.256,52.301,678,0
ESGD.US,D,20170221,000000,52.409,52.471,52.404,52.464,1406,0
ESGD.US,D,20170222,000000,52.444,52.444,52.444,52.444,509,0
ESGD.US,D,20170223,000000,52.569,52.569,52.568,52.569,603,0
ESGD.US,D,20170224,000000,52.121,52.185,52.096,52.121,1086,0
ESGD.US,D,20170227,000000,52.129,52.185,52.007,52.157,455,0
ESGD.US,D,20170228,000000,52.157,52.247,52.157,52.247,1001,0
ESGD.US,D,20170301,000000,52.461,52.552,52.461,52.552,256,0
ESGD.US,D,20170302,000000,52.569,52.569,52.399,52.415,11090,0
ESGD.US,D,20170303,000000,52.372,52.631,52.366,52.623,3413,0
ESGD.US,D,20170306,000000,52.427,52.427,52.427,52.427,626,0
ESGD.US,D,20170307,000000,52.38,52.38,52.272,52.327,2114,0
ESGD.US,D,20170308,000000,52.167,52.167,52.167,52.167,182,0
ESGD.US,D,20170309,000000,52.311,52.364,52.311,52.364,1266,0
ESGD.US,D,20170310,000000,52.631,52.775,52.615,52.775,2188,0
ESGD.US,D,20170313,000000,52.92,52.975,52.875,52.975,863,0
ESGD.US,D,20170314,000000,52.704,52.704,52.525,52.578,2173,0
ESGD.US,D,20170315,000000,52.786,53.349,52.786,53.295,10966,0
ESGD.US,D,20170316,000000,53.573,53.599,53.546,53.57,3248,0
ESGD.US,D,20170317,000000,53.732,53.831,53.732,53.768,13039,0
ESGD.US,D,20170320,000000,53.732,53.788,53.607,53.68,6005,0
ESGD.US,D,20170321,000000,54.181,54.181,53.489,53.509,4303,0
ESGD.US,D,20170322,000000,53.285,54.198,53.242,53.448,6478,0
ESGD.US,D,20170323,000000,53.393,53.632,53.393,53.5,1127,0
ESGD.US,D,20170324,000000,53.68,53.805,53.66,53.724,9709,0
ESGD.US,D,20170327,000000,53.657,53.819,53.657,53.819,276,0
ESGD.US,D,20170328,000000,53.921,54.037,53.904,54.029,2609,0
ESGD.US,D,20170329,000000,53.877,53.971,53.813,53.813,5775,0
ESGD.US,D,20170330,000000,53.991,53.993,53.85,53.859,2905,0
ESGD.US,D,20170331,000000,53.607,53.877,53.599,53.805,7464,0
ESGD.US,D,20170403,000000,53.698,53.698,53.509,53.589,1074,0
ESGD.US,D,20170404,000000,53.617,53.716,53.491,53.716,6325,0
ESGD.US,D,20170405,000000,53.617,53.724,53.438,53.438,3033,0
ESGD.US,D,20170406,000000,53.5,53.5,53.357,53.357,2240,0
ESGD.US,D,20170407,000000,53.341,53.411,53.312,53.352,5151,0
ESGD.US,D,20170410,000000,53.295,53.365,53.295,53.34,5423,0
ESGD.US,D,20170411,000000,53.5,53.546,53.223,53.546,5692,0
ESGD.US,D,20170412,000000,53.42,53.732,53.409,53.698,3548,0
ESGD.US,D,20170413,000000,53.341,53.349,53.205,53.212,4248,0
ESGD.US,D,20170417,000000,53.482,53.555,53.456,53.456,2991,0
ESGD.US,D,20170418,000000,53.312,53.312,53.08,53.285,3276,0
ESGD.US,D,20170419,000000,53.375,53.42,53.134,53.134,2966,0
ESGD.US,D,20170420,000000,53.636,53.636,53.555,53.555,3848,0
ESGD.US,D,20170421,000000,53.66,53.66,53.5,53.536,2664,0
ESGD.US,D,20170424,000000,54.888,54.888,54.853,54.853,1330,0
ESGD.US,D,20170425,000000,55.202,55.362,55.202,55.335,1552,0
ESGD.US,D,20170426,000000,55.184,55.336,55.184,55.263,9599,0
ESGD.US,D,20170427,000000,55.344,55.344,55.139,55.283,15438,0
ESGD.US,D,20170428,000000,55.344,55.344,55.175,55.202,4976,0
ESGD.US,D,20170501,000000,55.336,55.435,55.336,55.435,2163,0
ESGD.US,D,20170502,000000,55.613,55.623,55.605,55.605,1616,0
ESGD.US,D,20170503,000000,55.48,55.685,55.461,55.542,3824,0
ESGD.US,D,20170504,000000,55.704,56.001,55.704,56.001,3813,0
ESGD.US,D,20170505,000000,56.177,56.608,56.062,56.574,5912,0
ESGD.US,D,20170508,000000,56.322,56.322,56.142,56.195,8957,0
ESGD.US,D,20170509,000000,56.097,56.132,55.991,55.991,5657,0
ESGD.US,D,20170510,000000,56.001,56.052,56.001,56.042,38266,0
ESGD.US,D,20170511,000000,55.971,55.971,55.828,55.887,12064,0
ESGD.US,D,20170512,000000,55.991,56.16,55.917,56.16,39677,0
ESGD.US,D,20170515,000000,56.293,56.383,56.293,56.366,5467,0
ESGD.US,D,20170516,000000,56.733,56.795,56.723,56.795,4369,0
ESGD.US,D,20170517,000000,56.554,56.554,56.314,56.322,10851,0
ESGD.US,D,20170518,000000,56.024,56.437,56.024,56.437,15467,0
ESGD.US,D,20170519,000000,56.938,56.938,56.849,56.857,2817,0
ESGD.US,D,20170522,000000,57.189,57.189,57.029,57.073,10282,0
ESGD.US,D,20170523,000000,57.288,57.288,56.98,56.985,32310,0
ESGD.US,D,20170524,000000,57.02,57.03,56.841,57.03,6730,0
ESGD.US,D,20170525,000000,57.181,57.181,56.979,57.039,5328,0
ESGD.US,D,20170526,000000,56.795,56.817,56.736,56.795,5997,0
ESGD.US,D,20170530,000000,56.834,56.847,56.75,56.773,8907,0
ESGD.US,D,20170531,000000,57.324,57.324,56.903,56.947,34441,0
ESGD.US,D,20170601,000000,57.117,57.252,57.083,57.251,6837,0
ESGD.US,D,20170602,000000,57.826,57.906,57.639,57.906,4306,0
ESGD.US,D,20170605,000000,57.682,57.682,57.465,57.503,8143,0
ESGD.US,D,20170606,000000,57.279,57.395,57.279,57.346,4382,0
ESGD.US,D,20170607,000000,57.602,57.602,57.217,57.369,7423,0
ESGD.US,D,20170608,000000,57.297,57.297,57.226,57.279,5935,0
ESGD.US,D,20170609,000000,57.137,57.171,56.922,56.974,6121,0
ESGD.US,D,20170612,000000,57.039,57.039,56.774,56.842,10931,0
ESGD.US,D,20170613,000000,57.368,57.414,57.261,57.387,8075,0
ESGD.US,D,20170614,000000,57.808,57.808,57.442,57.442,4304,0
ESGD.US,D,20170615,000000,56.546,56.769,56.454,56.769,10353,0
ESGD.US,D,20170616,000000,57.1,57.269,56.983,57.263,14725,0
ESGD.US,D,20170619,000000,57.574,57.574,57.475,57.475,1755,0
ESGD.US,D,20170620,000000,57.776,57.776,57.011,57.031,4266,0
ESGD.US,D,20170621,000000,56.952,57.004,56.885,56.885,1189,0
ESGD.US,D,20170622,000000,56.903,57.008,56.903,56.948,3269,0
ESGD.US,D,20170623,000000,57.067,57.158,56.776,56.776,74045,0
ESGD.US,D,20170626,000000,57.442,57.442,57.04,57.076,115357,0
ESGD.US,D,20170627,000000,57.203,57.203,56.948,57.031,12832,0
ESGD.US,D,20170628,000000,57.341,57.495,57.322,57.495,1794,0
ESGD.US,D,20170629,000000,57.495,57.495,56.903,57.012,9491,0
ESGD.US,D,20170630,000000,57.249,57.249,56.908,57.035,7976,0
ESGD.US,D,20170703,000000,56.944,57.067,56.944,56.966,1042,0
ESGD.US,D,20170705,000000,56.903,56.976,56.822,56.976,4500,0
ESGD.US,D,20170706,000000,56.548,56.776,56.548,56.647,7680,0
ESGD.US,D,20170707,000000,56.556,56.766,56.466,56.739,4379,0
ESGD.US,D,20170710,000000,56.776,56.885,56.712,56.885,9550,0
ESGD.US,D,20170711,000000,56.731,57.067,56.721,57.04,27172,0
ESGD.US,D,20170712,000000,57.395,57.613,57.395,57.557,17109,0
ESGD.US,D,20170713,000000,57.666,57.694,57.522,57.684,7005,0
ESGD.US,D,20170714,000000,57.876,58.076,57.859,58.06,6724,0
ESGD.US,D,20170717,000000,57.996,57.996,57.894,57.913,1875,0
ESGD.US,D,20170718,000000,57.996,58.025,57.913,58.025,11018,0
ESGD.US,D,20170719,000000,58.192,58.305,58.166,58.278,52005,0
ESGD.US,D,20170720,000000,58.515,58.551,58.395,58.525,8036,0
ESGD.US,D,20170721,000000,58.096,58.287,57.959,58.278,7899,0
ESGD.US,D,20170724,000000,58.096,58.131,57.913,58.131,6477,0
ESGD.US,D,20170725,000000,58.495,58.495,58.219,58.251,3597,0
ESGD.US,D,20170726,000000,58.269,58.753,58.269,58.606,11334,0
ESGD.US,D,20170727,000000,58.733,58.742,58.38,58.525,6160,0
ESGD.US,D,20170728,000000,58.296,58.587,58.269,58.553,6994,0
ESGD.US,D,20170731,000000,58.695,58.741,58.551,58.741,3652,0
ESGD.US,D,20170801,000000,59.223,59.223,59.089,59.089,8222,0
ESGD.US,D,20170802,000000,59.061,59.143,58.979,59.089,9177,0
ESGD.US,D,20170803,000000,59.151,59.233,59.143,59.143,46852,0
ESGD.US,D,20170804,000000,59.079,59.189,59.071,59.16,4010,0
ESGD.US,D,20170807,000000,59.115,59.16,59.115,59.16,1385,0
ESGD.US,D,20170808,000000,59.16,59.16,58.914,58.97,10359,0
ESGD.US,D,20170809,000000,58.606,58.804,58.525,58.804,1621,0
ESGD.US,D,20170810,000000,58.477,58.477,58.012,58.012,6124,0
ESGD.US,D,20170811,000000,57.968,58.012,57.968,58.012,661,0
ESGD.US,D,20170814,000000,58.468,58.468,58.424,58.424,2999,0
ESGD.US,D,20170815,000000,58.37,58.37,58.205,58.294,4015,0
ESGD.US,D,20170816,000000,58.606,58.724,58.55,58.724,3832,0
ESGD.US,D,20170817,000000,58.577,58.577,58.196,58.196,5227,0
ESGD.US,D,20170818,000000,58.069,58.269,58.06,58.248,2721,0
ESGD.US,D,20170821,000000,58.076,58.231,58.076,58.163,1828,0
ESGD.US,D,20170822,000000,58.377,58.505,58.377,58.505,2477,0
ESGD.US,D,20170823,000000,58.452,58.515,58.351,58.468,6652,0
ESGD.US,D,20170824,000000,58.542,58.542,58.351,58.38,7598,0
ESGD.US,D,20170825,000000,58.542,58.742,58.542,58.714,48907,0
ESGD.US,D,20170828,000000,58.706,58.733,58.624,58.642,3128,0
ESGD.US,D,20170829,000000,58.415,58.615,58.415,58.505,20713,0
ESGD.US,D,20170830,000000,58.37,58.433,58.314,58.376,4116,0
ESGD.US,D,20170831,000000,58.642,58.865,58.642,58.861,8039,0
ESGD.US,D,20170901,000000,58.906,59.005,58.906,58.952,6462,0
ESGD.US,D,20170905,000000,58.796,58.814,58.434,58.606,5261,0
ESGD.US,D,20170906,000000,58.896,59.034,58.802,58.988,40646,0
ESGD.US,D,20170907,000000,59.388,59.414,59.262,59.388,11941,0
ESGD.US,D,20170908,000000,59.543,59.543,59.413,59.444,4877,0
ESGD.US,D,20170911,000000,59.817,59.898,59.789,59.853,5454,0
ESGD.US,D,20170912,000000,59.953,60.035,59.953,60.008,3675,0
ESGD.US,D,20170913,000000,59.862,59.871,59.635,59.679,5203,0
ESGD.US,D,20170914,000000,59.599,59.769,59.599,59.769,1795,0
ESGD.US,D,20170915,000000,59.808,59.834,59.734,59.762,3563,0
ESGD.US,D,20170918,000000,60.069,60.069,59.734,59.962,3239,0
ESGD.US,D,20170919,000000,60.253,60.274,60.171,60.274,24912,0
ESGD.US,D,20170920,000000,60.38,60.481,60.002,60.108,3523,0
ESGD.US,D,20170921,000000,60.199,60.199,59.991,60.144,5360,0
ESGD.US,D,20170922,000000,60.226,60.237,60.153,60.176,1456,0
ESGD.US,D,20170925,000000,60.016,60.089,59.833,59.871,8591,0
ESGD.US,D,20170926,000000,59.716,59.734,59.516,59.666,4565,0
ESGD.US,D,20170927,000000,59.625,59.808,59.625,59.808,4995,0
ESGD.US,D,20170928,000000,59.817,59.97,59.817,59.925,4824,0
ESGD.US,D,20170929,000000,60.127,60.334,60.035,60.316,9342,0
ESGD.US,D,20171002,000000,60.144,60.308,60.144,60.272,28176,0
ESGD.US,D,20171003,000000,60.163,60.426,60.163,60.426,2865,0
ESGD.US,D,20171004,000000,60.371,60.409,60.316,60.363,8010,0
ESGD.US,D,20171005,000000,60.263,60.344,60.234,60.316,8974,0
ESGD.US,D,20171006,000000,60.016,60.281,60.016,60.153,25994,0
ESGD.US,D,20171009,000000,60.409,60.409,60.272,60.272,1813,0
ESGD.US,D,20171010,000000,60.672,60.827,60.606,60.772,3521,0
ESGD.US,D,20171011,000000,60.877,61.054,60.864,61.054,4161,0
ESGD.US,D,20171012,000000,60.981,61.017,60.962,60.99,13431,0
ESGD.US,D,20171013,000000,61.319,61.378,61.295,61.309,7375,0
ESGD.US,D,20171016,000000,61.363,61.363,61.173,61.231,6017,0
ESGD.US,D,20171017,000000,61.09,61.107,60.984,61.094,9276,0
ESGD.US,D,20171018,000000,61.158,61.264,61.113,61.249,23288,0
ESGD.US,D,20171019,000000,61.037,61.11,61.037,61.095,9375,0
ESGD.US,D,20171020,000000,61.054,61.09,60.989,61.09,26028,0
ESGD.US,D,20171023,000000,61.146,61.146,60.819,60.946,66513,0
ESGD.US,D,20171024,000000,60.819,61.108,60.819,61.064,16052,0
ESGD.US,D,20171025,000000,61.037,61.064,60.598,60.799,8285,0
ESGD.US,D,20171026,000000,60.908,61.007,60.814,60.814,1667,0
ESGD.US,D,20171027,000000,60.719,60.927,60.719,60.927,4511,0
ESGD.US,D,20171030,000000,61.028,61.163,60.993,61.146,12038,0
ESGD.US,D,20171031,000000,61.309,61.455,61.173,61.382,19269,0
ESGD.US,D,20171101,000000,61.682,61.691,61.492,61.519,18480,0
ESGD.US,D,20171102,000000,61.619,61.647,61.382,61.599,61869,0
ESGD.US,D,20171103,000000,61.537,61.537,61.338,61.492,11796,0
ESGD.US,D,20171106,000000,61.182,61.647,61.182,61.647,3782,0
ESGD.US,D,20171107,000000,61.362,61.382,61.267,61.382,9226,0
ESGD.US,D,20171108,000000,61.437,61.7,61.436,61.585,23888,0
ESGD.US,D,20171109,000000,61.064,61.227,60.801,61.219,16667,0
ESGD.US,D,20171110,000000,60.998,61.037,60.917,61.013,10394,0
ESGD.US,D,20171113,000000,60.39,60.757,60.39,60.724,13647,0
ESGD.US,D,20171114,000000,60.627,60.772,60.531,60.745,11781,0
ESGD.US,D,20171115,000000,60.272,60.434,60.171,60.363,25644,0
ESGD.US,D,20171116,000000,60.764,60.964,60.764,60.922,5351,0
ESGD.US,D,20171117,000000,60.729,60.79,60.649,60.729,11104,0
ESGD.US,D,20171120,000000,60.917,60.917,60.82,60.855,31445,0
ESGD.US,D,20171121,000000,61.269,61.309,61.137,61.137,23962,0
ESGD.US,D,20171122,000000,61.492,61.492,61.235,61.428,19898,0
ESGD.US,D,20171124,000000,61.974,61.974,61.819,61.887,9195,0
ESGD.US,D,20171127,000000,61.891,61.891,61.583,61.59,29967,0
ESGD.US,D,20171128,000000,61.656,61.874,61.599,61.828,36926,0
ESGD.US,D,20171129,000000,61.938,61.938,61.639,61.639,73242,0
ESGD.US,D,20171130,000000,61.974,61.974,61.719,61.719,21098,0
ESGD.US,D,20171201,000000,61.574,61.611,61.274,61.552,46293,0
ESGD.US,D,20171204,000000,61.647,61.647,61.255,61.355,12227,0
ESGD.US,D,20171205,000000,61.345,61.437,61.181,61.209,9527,0
ESGD.US,D,20171206,000000,61.018,61.054,60.864,60.998,17927,0
ESGD.US,D,20171207,000000,61.046,61.25,60.998,61.115,11028,0
ESGD.US,D,20171208,000000,61.401,61.401,61.264,61.325,27570,0
ESGD.US,D,20171211,000000,61.437,61.5,61.423,61.5,27146,0
ESGD.US,D,20171212,000000,61.329,61.599,61.329,61.566,17437,0
ESGD.US,D,20171213,000000,61.665,61.928,61.59,61.883,19837,0
ESGD.US,D,20171214,000000,61.792,61.792,61.397,61.482,43417,0
ESGD.US,D,20171215,000000,61.309,61.446,61.191,61.355,6188,0
ESGD.US,D,20171218,000000,62.075,62.355,62.075,62.2,38982,0
ESGD.US,D,20171219,000000,62.124,62.143,61.918,61.985,53290,0
ESGD.US,D,20171220,000000,62.245,62.245,61.793,61.817,23088,0
ESGD.US,D,20171221,000000,61.95,62.245,61.95,62.102,23023,0
ESGD.US,D,20171222,000000,62.152,62.215,62.06,62.215,8057,0
ESGD.US,D,20171226,000000,62.162,62.289,62.162,62.215,8495,0
ESGD.US,D,20171227,000000,62.316,62.485,62.299,62.35,55192,0
ESGD.US,D,20171228,000000,62.538,62.538,62.336,62.346,42813,0
ESGD.US,D,20171229,000000,62.593,62.63,62.39,62.436,14209,0
ESGD.US,D,20180102,000000,62.649,62.814,62.575,62.788,16551,0
ESGD.US,D,20180103,000000,62.814,63.191,62.814,63.191,16327,0
ESGD.US,D,20180104,000000,63.791,64.029,63.753,63.919,215259,0
ESGD.US,D,20180105,000000,64.085,64.324,63.992,64.288,131762,0
ESGD.US,D,20180108,000000,64.159,64.204,64.085,64.169,21212,0
ESGD.US,D,20180109,000000,64.168,64.267,64.01,64.267,15170,0
ESGD.US,D,20180110,000000,64.268,64.415,64.02,64.168,11115,0
ESGD.US,D,20180111,000000,64.314,64.498,64.223,64.487,34828,0
ESGD.US,D,20180112,000000,64.72,65.144,64.72,65.14,52903,0
ESGD.US,D,20180116,000000,65.466,65.466,65.06,65.083,77761,0
ESGD.US,D,20180117,000000,65.337,65.75,65.244,65.576,37165,0
ESGD.US,D,20180118,000000,65.281,65.447,65.17,65.327,83667,0
ESGD.US,D,20180119,000000,65.682,65.697,65.506,65.63,51058,0
ESGD.US,D,20180122,000000,65.677,65.953,65.677,65.953,30186,0
ESGD.US,D,20180123,000000,66.082,66.257,66.046,66.228,14248,0
ESGD.US,D,20180124,000000,66.579,66.625,66.201,66.43,22608,0
ESGD.US,D,20180125,000000,66.607,66.616,65.99,66.147,71372,0
ESGD.US,D,20180126,000000,66.468,66.717,66.401,66.717,67282,0
ESGD.US,D,20180129,000000,66.118,66.285,65.935,66.086,33246,0
ESGD.US,D,20180130,000000,65.851,65.851,65.576,65.667,22498,0
ESGD.US,D,20180131,000000,65.769,65.851,65.424,65.529,60723,0
ESGD.US,D,20180201,000000,65.484,65.769,65.392,65.704,38457,0
ESGD.US,D,20180202,000000,65.032,65.032,64.236,64.278,14086,0
ESGD.US,D,20180205,000000,63.495,63.671,61.517,61.589,46732,0
ESGD.US,D,20180206,000000,61.554,62.925,61.554,62.916,33468,0
ESGD.US,D,20180207,000000,62.355,62.819,62.086,62.189,33454,0
ESGD.US,D,20180208,000000,62.263,62.263,60.577,60.577,27262,0
ESGD.US,D,20180209,000000,61.121,61.203,59.639,61.01,28013,0
ESGD.US,D,20180212,000000,61.305,61.876,61.203,61.738,21325,0
ESGD.US,D,20180213,000000,61.324,61.664,61.25,61.608,15529,0
ESGD.US,D,20180214,000000,61.222,62.725,61.222,62.725,22043,0
ESGD.US,D,20180215,000000,63.073,63.367,62.766,63.156,17370,0
ESGD.US,D,20180216,000000,63.238,63.68,63.238,63.473,17318,0
ESGD.US,D,20180220,000000,63.191,63.228,62.743,62.86,29880,0
ESGD.US,D,20180221,000000,62.989,63.347,62.593,62.593,23127,0
ESGD.US,D,20180222,000000,62.658,63.085,62.658,62.723,53016,0
ESGD.US,D,20180223,000000,62.989,63.387,62.925,63.387,9821,0
ESGD.US,D,20180226,000000,63.68,64.02,63.505,64.02,20466,0
ESGD.US,D,20180227,000000,65.134,65.134,62.98,62.998,16144,0
ESGD.US,D,20180228,000000,63.017,63.017,62.369,62.369,83047,0
ESGD.US,D,20180301,000000,61.903,62.071,61.048,61.444,37812,0
ESGD.US,D,20180302,000000,61.066,61.572,60.909,61.572,25542,0
ESGD.US,D,20180305,000000,61.121,61.976,61.121,61.872,10858,0
ESGD.US,D,20180306,000000,62.309,62.41,62.124,62.373,8735,0
ESGD.US,D,20180307,000000,61.959,62.299,61.834,62.254,25667,0
ESGD.US,D,20180308,000000,62.39,62.492,62.239,62.355,18240,0
ESGD.US,D,20180309,000000,62.456,62.804,62.456,62.804,15386,0
ESGD.US,D,20180312,000000,62.957,62.962,62.87,62.954,17586,0
ESGD.US,D,20180313,000000,63.146,63.146,62.475,62.52,17513,0
ESGD.US,D,20180314,000000,62.989,63.077,62.456,62.649,37809,0
ESGD.US,D,20180315,000000,62.649,62.87,62.612,62.681,14842,0
ESGD.US,D,20180316,000000,62.528,62.714,62.5,62.612,23433,0
ESGD.US,D,20180319,000000,62.365,62.365,61.829,62.115,18264,0
ESGD.US,D,20180320,000000,62.092,62.263,62.032,62.215,23952,0
ESGD.US,D,20180321,000000,62.041,62.427,61.968,62.267,26101,0
ESGD.US,D,20180322,000000,61.608,61.608,61.158,61.158,32824,0
ESGD.US,D,20180323,000000,61.158,61.158,60.433,60.433,17511,0
ESGD.US,D,20180326,000000,61.24,61.462,60.697,61.434,11924,0
ESGD.US,D,20180327,000000,61.885,61.885,60.872,60.872,60506,0
ESGD.US,D,20180328,000000,61.269,61.738,61.178,61.453,26754,0
ESGD.US,D,20180329,000000,61.748,62.096,61.664,61.959,22860,0
ESGD.US,D,20180402,000000,61.976,61.976,60.661,61.222,70169,0
ESGD.US,D,20180403,000000,61.351,61.498,61.08,61.48,25952,0
ESGD.US,D,20180404,000000,60.717,61.598,60.717,61.554,18944,0
ESGD.US,D,20180405,000000,61.931,62.206,61.931,62.143,9918,0
ESGD.US,D,20180406,000000,62.013,62.133,61.564,61.673,21070,0
ESGD.US,D,20180409,000000,62.281,62.603,62.189,62.196,12862,0
ESGD.US,D,20180410,000000,62.781,62.954,62.731,62.833,19624,0
ESGD.US,D,20180411,000000,62.612,62.885,62.612,62.612,17122,0
ESGD.US,D,20180412,000000,62.63,62.87,62.589,62.824,34993,0
ESGD.US,D,20180413,000000,63.017,63.017,62.718,62.87,9441,0
ESGD.US,D,20180416,000000,63.091,63.091,62.897,62.998,10070,0
ESGD.US,D,20180417,000000,63.146,63.459,63.127,63.32,23834,0
ESGD.US,D,20180418,000000,63.579,63.717,63.559,63.67,14941,0
ESGD.US,D,20180419,000000,63.634,63.667,63.334,63.449,33561,0
ESGD.US,D,20180420,000000,63.238,63.301,63.112,63.228,19849,0
ESGD.US,D,20180423,000000,63.108,63.185,62.962,63.108,22154,0
ESGD.US,D,20180424,000000,63.247,63.291,62.712,62.78,25312,0
ESGD.US,D,20180425,000000,62.612,62.764,62.52,62.714,12607,0
ESGD.US,D,20180426,000000,62.998,63.127,62.911,63.049,19455,0
ESGD.US,D,20180427,000000,63.054,63.185,62.971,63.165,11634,0
ESGD.US,D,20180430,000000,63.064,63.218,62.971,62.971,9834,0
ESGD.US,D,20180501,000000,62.888,62.888,62.466,62.74,23708,0
ESGD.US,D,20180502,000000,62.954,63.034,62.647,62.647,19063,0
ESGD.US,D,20180503,000000,62.804,62.971,62.485,62.888,186119,0
ESGD.US,D,20180504,000000,62.466,63.156,62.346,63.073,87711,0
ESGD.US,D,20180507,000000,63.007,63.218,62.993,63.082,11953,0
ESGD.US,D,20180508,000000,62.852,63.052,62.749,63.035,226195,0
ESGD.US,D,20180509,000000,62.842,63.285,62.842,63.175,19921,0
ESGD.US,D,20180510,000000,63.413,63.66,63.357,63.634,16421,0
ESGD.US,D,20180511,000000,63.818,63.861,63.738,63.808,24016,0
ESGD.US,D,20180514,000000,64.002,64.038,63.762,63.837,12293,0
ESGD.US,D,20180515,000000,63.357,63.459,63.2,63.387,35054,0
ESGD.US,D,20180516,000000,63.32,63.449,63.186,63.43,77453,0
ESGD.US,D,20180517,000000,63.505,63.633,63.44,63.495,16767,0
ESGD.US,D,20180518,000000,63.377,63.459,63.311,63.365,20572,0
ESGD.US,D,20180521,000000,63.762,63.818,63.671,63.799,26801,0
ESGD.US,D,20180522,000000,63.882,63.909,63.69,63.707,26007,0
ESGD.US,D,20180523,000000,62.906,63.043,62.749,63.035,101537,0
ESGD.US,D,20180524,000000,62.906,62.916,62.598,62.842,13168,0
ESGD.US,D,20180525,000000,62.475,62.492,62.299,62.41,15382,0
ESGD.US,D,20180529,000000,61.598,61.603,60.975,61.172,48568,0
ESGD.US,D,20180530,000000,61.453,62.043,61.453,62.032,31033,0
ESGD.US,D,20180531,000000,61.774,61.951,61.462,61.664,28719,0
ESGD.US,D,20180601,000000,62.152,62.206,62,62.171,28734,0
ESGD.US,D,20180604,000000,62.612,62.676,62.245,62.39,108598,0
ESGD.US,D,20180605,000000,62.346,62.466,62.196,62.466,16998,0
ESGD.US,D,20180606,000000,62.475,62.87,62.422,62.852,14861,0
ESGD.US,D,20180607,000000,62.906,62.906,62.448,62.528,25418,0
ESGD.US,D,20180608,000000,62.492,62.651,62.39,62.593,18246,0
ESGD.US,D,20180611,000000,62.778,63.117,62.778,63.035,17868,0
ESGD.US,D,20180612,000000,62.897,62.897,62.538,62.603,13442,0
ESGD.US,D,20180613,000000,62.842,62.875,62.528,62.74,12979,0
ESGD.US,D,20180614,000000,62.668,62.769,62.436,62.436,23453,0
ESGD.US,D,20180615,000000,62.162,62.271,61.983,62.263,93989,0
ESGD.US,D,20180618,000000,61.572,61.811,61.517,61.766,32440,0
ESGD.US,D,20180619,000000,60.924,61.251,60.868,61.251,17014,0
ESGD.US,D,20180620,000000,61.222,61.315,61.169,61.283,9013,0
ESGD.US,D,20180621,000000,61.074,61.085,60.821,60.84,18144,0
ESGD.US,D,20180622,000000,61.596,61.713,61.362,61.522,17338,0
ESGD.US,D,20180625,000000,60.943,60.943,60.53,60.729,26751,0
ESGD.US,D,20180626,000000,60.83,60.997,60.539,60.76,105091,0
ESGD.US,D,20180627,000000,60.885,61.054,60.298,60.298,32586,0
ESGD.US,D,20180628,000000,60.222,60.474,60.111,60.344,73444,0
ESGD.US,D,20180629,000000,60.895,61.12,60.792,60.868,29471,0
ESGD.US,D,20180702,000000,59.998,60.298,59.98,60.288,38700,0
ESGD.US,D,20180703,000000,60.756,60.756,60.456,60.456,20821,0
ESGD.US,D,20180705,000000,60.997,61.172,60.868,61.12,44694,0
ESGD.US,D,20180706,000000,61.083,61.522,60.943,61.456,30920,0
ESGD.US,D,20180709,000000,61.914,61.979,61.811,61.914,23470,0
ESGD.US,D,20180710,000000,61.774,61.988,61.774,61.988,15662,0
ESGD.US,D,20180711,000000,61.232,61.352,60.839,60.876,22680,0
ESGD.US,D,20180712,000000,61.232,61.423,61.109,61.391,24660,0
ESGD.US,D,20180713,000000,61.362,61.578,61.269,61.578,16879,0
ESGD.US,D,20180716,000000,61.55,61.578,61.461,61.569,11372,0
ESGD.US,D,20180717,000000,61.362,61.689,61.336,61.605,25190,0
ESGD.US,D,20180718,000000,61.596,61.751,61.549,61.662,12870,0
ESGD.US,D,20180719,000000,61.336,61.635,61.332,61.438,37665,0
ESGD.US,D,20180720,000000,61.494,61.85,61.456,61.802,19427,0
ESGD.US,D,20180723,000000,61.699,61.811,61.644,61.689,14181,0
ESGD.US,D,20180724,000000,62.222,62.39,62.012,62.129,45603,0
ESGD.US,D,20180725,000000,62.139,62.745,61.933,62.596,34876,0
ESGD.US,D,20180726,000000,62.4,62.476,62.252,62.287,55092,0
ESGD.US,D,20180727,000000,62.596,62.708,62.354,62.442,20453,0
ESGD.US,D,20180730,000000,62.662,62.69,62.41,62.476,12431,0
ESGD.US,D,20180731,000000,62.672,62.693,62.427,62.502,144088,0
ESGD.US,D,20180801,000000,62.382,62.4,62.101,62.252,34411,0
ESGD.US,D,20180802,000000,61.512,61.765,61.475,61.699,31402,0
ESGD.US,D,20180803,000000,61.569,61.824,61.503,61.802,26676,0
ESGD.US,D,20180806,000000,61.4,61.62,61.358,61.456,21529,0
ESGD.US,D,20180807,000000,62.101,62.185,62.008,62.008,174351,0
ESGD.US,D,20180808,000000,61.962,62.091,61.84,61.962,48050,0
ESGD.US,D,20180809,000000,61.996,62.016,61.755,61.792,19769,0
ESGD.US,D,20180810,000000,60.699,60.792,60.476,60.616,52985,0
ESGD.US,D,20180813,000000,60.509,60.559,60.243,60.372,13725,0
ESGD.US,D,20180814,000000,60.474,60.474,60.307,60.363,40208,0
ESGD.US,D,20180815,000000,59.614,59.624,59.242,59.605,58043,0
ESGD.US,D,20180816,000000,59.943,60.185,59.921,59.998,24337,0
ESGD.US,D,20180817,000000,59.943,60.437,59.922,60.344,34605,0
ESGD.US,D,20180820,000000,60.531,60.695,60.531,60.626,11422,0
ESGD.US,D,20180821,000000,61.007,61.177,60.878,61.036,32388,0
ESGD.US,D,20180822,000000,61.336,61.433,61.213,61.316,49254,0
ESGD.US,D,20180823,000000,60.979,61.046,60.781,60.821,34796,0
ESGD.US,D,20180824,000000,61.138,61.297,60.952,61.203,42020,0
ESGD.US,D,20180827,000000,61.699,62.027,61.681,62.017,32621,0
ESGD.US,D,20180828,000000,62.177,62.213,61.938,61.938,68067,0
ESGD.US,D,20180829,000000,61.979,62.287,61.905,62.27,22123,0
ESGD.US,D,20180830,000000,61.793,61.85,61.586,61.681,13399,0
ESGD.US,D,20180831,000000,61.494,61.531,60.989,61.186,29547,0
ESGD.US,D,20180904,000000,60.42,60.652,60.354,60.652,44102,0
ESGD.US,D,20180905,000000,60.307,60.325,60.02,60.138,36648,0
ESGD.US,D,20180906,000000,60.072,60.167,59.728,59.953,21806,0
ESGD.US,D,20180907,000000,59.475,59.679,59.377,59.503,36240,0
ESGD.US,D,20180910,000000,60.026,60.124,59.873,59.923,41213,0
ESGD.US,D,20180911,000000,59.68,60.029,59.613,59.982,25629,0
ESGD.US,D,20180912,000000,60.158,60.391,60.07,60.287,14365,0
ESGD.US,D,20180913,000000,60.868,60.891,60.584,60.774,29944,0
ESGD.US,D,20180914,000000,60.884,60.951,60.662,60.746,20653,0
ESGD.US,D,20180917,000000,61.091,61.167,60.869,60.876,10491,0
ESGD.US,D,20180918,000000,61.297,61.541,61.297,61.456,15579,0
ESGD.US,D,20180919,000000,61.56,61.763,61.56,61.718,27747,0
ESGD.US,D,20180920,000000,62.297,62.476,62.177,62.437,26014,0
ESGD.US,D,20180921,000000,62.41,62.521,62.354,62.467,13827,0
ESGD.US,D,20180924,000000,62.437,62.437,62.199,62.213,36295,0
ESGD.US,D,20180925,000000,62.672,62.736,62.521,62.578,43169,0
ESGD.US,D,20180926,000000,62.56,62.928,62.55,62.606,25030,0
ESGD.US,D,20180927,000000,62.578,62.727,62.41,62.41,55342,0
ESGD.US,D,20180928,000000,61.859,62.148,61.859,61.885,38625,0
ESGD.US,D,20181001,000000,62.139,62.175,61.953,61.988,21874,0
ESGD.US,D,20181002,000000,61.447,61.658,61.429,61.531,27714,0
ESGD.US,D,20181003,000000,61.653,61.719,61.45,61.512,29680,0
ESGD.US,D,20181004,000000,61.091,61.091,60.514,60.771,58359,0
ESGD.US,D,20181005,000000,60.616,60.635,60.205,60.456,21658,0
ESGD.US,D,20181008,000000,59.773,60.111,59.588,60.111,38630,0
ESGD.US,D,20181009,000000,59.522,60.036,59.522,59.968,27781,0
ESGD.US,D,20181010,000000,59.662,59.662,58.558,58.558,159147,0
ESGD.US,D,20181011,000000,58.484,58.63,57.604,57.876,97743,0
ESGD.US,D,20181012,000000,58.26,58.26,57.532,58.082,67992,0
ESGD.US,D,20181015,000000,57.821,58.199,57.813,57.998,82377,0
ESGD.US,D,20181016,000000,58.681,59.016,58.606,58.952,64849,0
ESGD.US,D,20181017,000000,58.662,58.839,58.317,58.523,37806,0
ESGD.US,D,20181018,000000,58.288,58.307,57.41,57.625,188032,0
ESGD.US,D,20181019,000000,57.886,58.228,57.886,57.971,83600,0
ESGD.US,D,20181022,000000,57.962,57.995,57.558,57.699,20934,0
ESGD.US,D,20181023,000000,56.672,57.228,56.391,57.13,34500,0
ESGD.US,D,20181024,000000,56.746,56.746,55.537,55.537,52516,0
ESGD.US,D,20181025,000000,55.98,56.484,55.833,56.224,30146,0
ESGD.US,D,20181026,000000,55.429,56.119,55.008,55.775,42734,0
ESGD.US,D,20181029,000000,56.4,56.512,55.259,55.681,38877,0
ESGD.US,D,20181030,000000,55.82,56.344,55.802,56.344,89638,0
ESGD.US,D,20181031,000000,56.802,57.054,56.755,56.802,41177,0
ESGD.US,D,20181101,000000,57.214,57.465,57.054,57.391,29376,0
ESGD.US,D,20181102,000000,57.886,58.036,57.25,57.518,288649,0
ESGD.US,D,20181105,000000,57.494,57.68,57.381,57.541,48068,0
ESGD.US,D,20181106,000000,57.484,57.802,57.484,57.792,85488,0
ESGD.US,D,20181107,000000,58.26,58.456,58.095,58.456,32592,0
ESGD.US,D,20181108,000000,58.298,58.42,57.859,57.99,62651,0
ESGD.US,D,20181109,000000,57.513,57.649,57.345,57.597,68322,0
ESGD.US,D,20181112,000000,57.269,57.269,56.643,56.69,64221,0
ESGD.US,D,20181113,000000,56.857,57.362,56.775,56.989,34650,0
ESGD.US,D,20181114,000000,57.281,57.429,56.781,57.046,91959,0
ESGD.US,D,20181115,000000,56.587,57.214,56.424,57.157,131485,0
ESGD.US,D,20181116,000000,56.848,57.289,56.821,57.214,53558,0
ESGD.US,D,20181119,000000,57.269,57.269,56.681,56.867,64429,0
ESGD.US,D,20181120,000000,56.026,56.205,55.662,55.775,37069,0
ESGD.US,D,20181121,000000,56.4,56.775,56.4,56.503,51245,0
ESGD.US,D,20181123,000000,56.139,56.381,56.139,56.157,9162,0
ESGD.US,D,20181126,000000,56.925,57.101,56.895,57.046,79332,0
ESGD.US,D,20181127,000000,56.709,56.915,56.606,56.915,53543,0
ESGD.US,D,20181128,000000,56.934,57.69,56.765,57.645,78531,0
ESGD.US,D,20181129,000000,57.336,57.513,57.204,57.345,82983,0
ESGD.US,D,20181130,000000,57.111,57.214,56.97,57.185,62859,0
ESGD.US,D,20181203,000000,58.046,58.046,57.699,57.923,112604,0
ESGD.US,D,20181204,000000,57.606,57.606,56.335,56.381,49420,0
ESGD.US,D,20181206,000000,55.551,55.914,54.839,55.914,203858,0
ESGD.US,D,20181207,000000,56,56.157,55.157,55.279,93015,0
ESGD.US,D,20181210,000000,55.064,55.084,54.344,54.831,94053,0
ESGD.US,D,20181211,000000,55.307,55.314,54.643,55.026,196217,0
ESGD.US,D,20181212,000000,55.775,56.106,55.662,55.662,167201,0
ESGD.US,D,20181213,000000,55.802,55.906,55.559,55.681,50228,0
ESGD.US,D,20181214,000000,54.961,55.196,54.919,54.942,65905,0
ESGD.US,D,20181217,000000,54.924,54.934,54.298,54.428,166024,0
ESGD.US,D,20181218,000000,54.674,54.89,54.343,54.494,131293,0
ESGD.US,D,20181219,000000,54.778,55.09,53.717,54.015,263893,0
ESGD.US,D,20181220,000000,54.099,54.202,53.6,53.636,330834,0
ESGD.US,D,20181221,000000,53.532,53.694,52.646,52.769,197909,0
ESGD.US,D,20181224,000000,52.891,53.122,52.061,52.061,249795,0
ESGD.US,D,20181226,000000,52.552,53.58,52.221,53.401,637706,0
ESGD.US,D,20181227,000000,52.731,53.607,52.43,53.607,212678,0
ESGD.US,D,20181228,000000,54.089,54.089,53.617,53.911,343857,0
ESGD.US,D,20181231,000000,54.306,54.306,53.646,54.118,290255,0
ESGD.US,D,20190102,000000,53.154,53.798,53.133,53.607,67849,0
ESGD.US,D,20190103,000000,53.599,53.674,53.29,53.401,62334,0
ESGD.US,D,20190104,000000,54.23,55.159,54.222,55.014,40598,0
ESGD.US,D,20190107,000000,55.014,55.419,54.934,55.231,49402,0
ESGD.US,D,20190108,000000,55.72,55.787,55.438,55.645,53750,0
ESGD.US,D,20190109,000000,56.069,56.306,55.975,56.202,41146,0
ESGD.US,D,20190110,000000,56.031,56.446,56.031,56.438,37036,0
ESGD.US,D,20190111,000000,56.031,56.212,55.871,56.05,54031,0
ESGD.US,D,20190114,000000,55.674,55.975,55.645,55.862,83895,0
ESGD.US,D,20190115,000000,55.843,56.145,55.843,55.956,71652,0
ESGD.US,D,20190116,000000,56.118,56.316,56.118,56.215,47555,0
ESGD.US,D,20190117,000000,55.881,56.46,55.881,56.324,203738,0
ESGD.US,D,20190118,000000,56.947,57.069,56.768,57.041,46747,0
ESGD.US,D,20190122,000000,56.493,56.532,56.144,56.212,68018,0
ESGD.US,D,20190123,000000,56.617,56.711,56.276,56.503,75058,0
ESGD.US,D,20190124,000000,56.542,56.711,56.381,56.626,95468,0
ESGD.US,D,20190125,000000,57.041,57.324,57.041,57.154,680411,0
ESGD.US,D,20190128,000000,56.785,56.994,56.73,56.919,95600,0
ESGD.US,D,20190129,000000,57.221,57.36,57.116,57.145,71386,0
ESGD.US,D,20190130,000000,57.257,57.909,57.172,57.73,76797,0
ESGD.US,D,20190131,000000,57.523,57.75,57.438,57.654,76935,0
ESGD.US,D,20190201,000000,57.617,57.73,57.455,57.598,120764,0
ESGD.US,D,20190204,000000,57.474,57.73,57.381,57.715,93751,0
ESGD.US,D,20190205,000000,58.041,58.296,58.041,58.296,115142,0
ESGD.US,D,20190206,000000,58.135,58.135,57.844,57.909,44010,0
ESGD.US,D,20190207,000000,57.513,57.535,57.058,57.221,91582,0
ESGD.US,D,20190208,000000,56.795,57.012,56.658,57.012,77675,0
ESGD.US,D,20190211,000000,57.012,57.017,56.795,56.871,57459,0
ESGD.US,D,20190212,000000,57.428,57.598,57.401,57.588,110067,0
ESGD.US,D,20190213,000000,57.71,57.853,57.598,57.598,50465,0
ESGD.US,D,20190214,000000,57.692,57.805,57.439,57.626,56395,0
ESGD.US,D,20190215,000000,58.098,58.419,58.098,58.419,39113,0
ESGD.US,D,20190219,000000,58.276,58.759,58.276,58.645,39996,0
ESGD.US,D,20190220,000000,58.71,59.046,58.71,58.871,71014,0
ESGD.US,D,20190221,000000,58.759,58.824,58.602,58.72,29851,0
ESGD.US,D,20190222,000000,58.927,59.06,58.833,58.917,57131,0
ESGD.US,D,20190225,000000,59.304,59.323,59.088,59.088,51576,0
ESGD.US,D,20190226,000000,59.182,59.531,59.182,59.418,122730,0
ESGD.US,D,20190227,000000,59.258,59.333,59.05,59.153,52212,0
ESGD.US,D,20190228,000000,59.04,59.219,58.992,59.05,63211,0
ESGD.US,D,20190301,000000,59.362,59.484,59.18,59.314,59178,0
ESGD.US,D,20190304,000000,59.408,59.408,58.914,59.191,80559,0
ESGD.US,D,20190305,000000,59.144,59.362,59.106,59.276,61163,0
ESGD.US,D,20190306,000000,59.323,59.323,59.06,59.106,63838,0
ESGD.US,D,20190307,000000,58.833,58.862,58.267,58.267,49068,0
ESGD.US,D,20190308,000000,57.994,58.296,57.956,58.257,37054,0
ESGD.US,D,20190311,000000,58.371,58.842,58.371,58.842,48289,0
ESGD.US,D,20190312,000000,58.767,58.927,58.767,58.842,78593,0
ESGD.US,D,20190313,000000,59.05,59.395,59.05,59.342,105570,0
ESGD.US,D,20190314,000000,59.276,59.465,59.243,59.304,98490,0
ESGD.US,D,20190315,000000,59.749,59.956,59.73,59.889,43636,0
ESGD.US,D,20190318,000000,60.068,60.201,59.958,60.134,101413,0
ESGD.US,D,20190319,000000,60.522,60.549,60.233,60.317,80294,0
ESGD.US,D,20190320,000000,60.077,60.596,59.912,60.332,90421,0
ESGD.US,D,20190321,000000,59.908,60.313,59.908,60.313,43871,0
ESGD.US,D,20190322,000000,59.522,59.641,59.083,59.108,87589,0
ESGD.US,D,20190325,000000,59.06,59.191,58.946,59.14,45454,0
ESGD.US,D,20190326,000000,59.541,59.625,59.376,59.493,56087,0
ESGD.US,D,20190327,000000,59.502,59.645,59.099,59.437,70242,0
ESGD.US,D,20190328,000000,59.343,59.366,59.088,59.248,61250,0
ESGD.US,D,20190329,000000,59.578,59.625,59.343,59.588,47228,0
ESGD.US,D,20190401,000000,60.106,60.352,60.068,60.322,43279,0
ESGD.US,D,20190402,000000,60.248,60.399,60.115,60.399,92267,0
ESGD.US,D,20190403,000000,60.794,60.966,60.748,60.842,43352,0
ESGD.US,D,20190404,000000,60.645,60.748,60.602,60.729,82004,0
ESGD.US,D,20190405,000000,60.68,60.842,60.68,60.842,50666,0
ESGD.US,D,20190408,000000,60.842,60.917,60.71,60.917,121744,0
ESGD.US,D,20190409,000000,60.71,60.71,60.465,60.539,73076,0
ESGD.US,D,20190410,000000,60.616,60.814,60.577,60.739,47675,0
ESGD.US,D,20190411,000000,60.729,60.79,60.544,60.69,46757,0
ESGD.US,D,20190412,000000,61.031,61.069,60.949,61.069,58381,0
ESGD.US,D,20190415,000000,61.125,61.143,61.011,61.059,57716,0
ESGD.US,D,20190416,000000,61.294,61.333,61.163,61.209,85568,0
ESGD.US,D,20190417,000000,61.427,61.468,61.238,61.408,53335,0
ESGD.US,D,20190418,000000,61.408,61.427,61.191,61.36,106805,0
ESGD.US,D,20190422,000000,61.238,61.398,61.153,61.313,74875,0
ESGD.US,D,20190423,000000,61.143,61.418,61.143,61.37,55106,0
ESGD.US,D,20190424,000000,61.04,61.133,60.871,60.956,48865,0
ESGD.US,D,20190425,000000,60.832,60.907,60.69,60.857,65270,0
ESGD.US,D,20190426,000000,61.049,61.173,60.995,61.115,54368,0
ESGD.US,D,20190429,000000,61.163,61.398,61.138,61.37,79064,0
ESGD.US,D,20190430,000000,61.379,61.526,61.238,61.454,63748,0
ESGD.US,D,20190501,000000,61.549,61.69,61.125,61.143,156886,0
ESGD.US,D,20190502,000000,61.115,61.257,60.804,60.879,119676,0
ESGD.US,D,20190503,000000,61.238,61.586,61.2,61.54,423518,0
ESGD.US,D,20190506,000000,60.314,61.001,60.314,60.966,86205,0
ESGD.US,D,20190507,000000,60.426,60.426,59.729,59.974,85820,0
ESGD.US,D,20190508,000000,59.87,60.134,59.814,59.937,98854,0
ESGD.US,D,20190509,000000,59.304,59.72,59.097,59.645,131785,0
ESGD.US,D,20190510,000000,59.678,60.077,59.389,59.992,65225,0
ESGD.US,D,20190513,000000,59.06,59.153,58.626,58.655,101485,0
ESGD.US,D,20190514,000000,59.153,59.522,59.153,59.314,98743,0
ESGD.US,D,20190515,000000,58.917,59.625,58.871,59.568,111702,0
ESGD.US,D,20190516,000000,59.635,60.201,59.635,59.842,200978,0
ESGD.US,D,20190517,000000,59.578,59.879,59.531,59.625,122349,0
ESGD.US,D,20190520,000000,59.323,59.469,59.201,59.286,194290,0
ESGD.US,D,20190521,000000,59.615,59.757,59.493,59.691,71559,0
ESGD.US,D,20190522,000000,59.437,59.635,59.433,59.493,60164,0
ESGD.US,D,20190523,000000,58.814,59.031,58.663,58.785,235158,0
ESGD.US,D,20190524,000000,59.484,59.55,59.312,59.541,64802,0
ESGD.US,D,20190528,000000,59.465,59.567,58.975,59.031,44817,0
ESGD.US,D,20190529,000000,58.555,58.626,58.329,58.55,49508,0
ESGD.US,D,20190530,000000,58.71,58.824,58.597,58.824,67165,0
ESGD.US,D,20190531,000000,58.06,58.38,58.015,58.352,155708,0
ESGD.US,D,20190603,000000,58.513,58.749,58.389,58.739,210729,0
ESGD.US,D,20190604,000000,59.05,59.371,58.91,59.286,51675,0
ESGD.US,D,20190605,000000,59.598,59.598,59.271,59.352,69931,0
ESGD.US,D,20190606,000000,59.484,59.72,59.448,59.522,157134,0
ESGD.US,D,20190607,000000,60.106,60.474,60.106,60.342,61596,0
ESGD.US,D,20190610,000000,60.522,60.668,60.461,60.569,60501,0
ESGD.US,D,20190611,000000,61.087,61.087,60.729,60.823,128096,0
ESGD.US,D,20190612,000000,60.587,60.663,60.322,60.322,49431,0
ESGD.US,D,20190613,000000,60.559,60.559,60.314,60.379,66420,0
ESGD.US,D,20190614,000000,60.021,60.038,59.824,59.934,318331,0
ESGD.US,D,20190617,000000,59.956,60.115,59.922,59.993,78315,0
ESGD.US,D,20190618,000000,60.523,60.816,60.523,60.811,76859,0
ESGD.US,D,20190619,000000,60.887,61.263,60.877,61.204,85157,0
ESGD.US,D,20190620,000000,61.849,61.887,61.541,61.714,97725,0
ESGD.US,D,20190621,000000,61.417,61.666,61.368,61.435,48064,0
ESGD.US,D,20190624,000000,61.647,61.684,61.57,61.638,92747,0
ESGD.US,D,20190625,000000,61.608,61.628,61.204,61.253,80278,0
ESGD.US,D,20190626,000000,61.426,61.474,61.253,61.253,74188,0
ESGD.US,D,20190627,000000,61.464,61.522,61.426,61.493,78461,0
ESGD.US,D,20190628,000000,61.724,61.827,61.657,61.791,50556,0
ESGD.US,D,20190701,000000,62.377,62.405,61.972,62.176,70523,0
ESGD.US,D,20190702,000000,62.223,62.348,62.174,62.233,93131,0
ESGD.US,D,20190703,000000,62.655,62.781,62.598,62.723,43423,0
ESGD.US,D,20190705,000000,62.146,62.223,61.837,62.176,41718,0
ESGD.US,D,20190708,000000,61.868,61.955,61.752,61.906,58674,0
ESGD.US,D,20190709,000000,61.339,61.598,61.32,61.598,54584,0
ESGD.US,D,20190710,000000,61.791,61.915,61.618,61.762,77411,0
ESGD.US,D,20190711,000000,61.878,61.887,61.588,61.743,33037,0
ESGD.US,D,20190712,000000,61.772,61.839,61.669,61.819,47764,0
ESGD.US,D,20190715,000000,61.945,61.945,61.829,61.887,78582,0
ESGD.US,D,20190716,000000,61.734,61.81,61.551,61.57,112671,0
ESGD.US,D,20190717,000000,61.772,61.772,61.556,61.556,41345,0
ESGD.US,D,20190718,000000,61.281,61.664,61.188,61.657,52362,0
ESGD.US,D,20190719,000000,61.638,61.714,61.474,61.522,120292,0
ESGD.US,D,20190722,000000,61.618,61.664,61.48,61.608,57281,0
ESGD.US,D,20190723,000000,61.983,62.04,61.833,61.983,78329,0
ESGD.US,D,20190724,000000,61.887,62.07,61.887,62.031,72148,0
ESGD.US,D,20190725,000000,61.896,61.896,61.397,61.512,60181,0
ESGD.US,D,20190726,000000,61.598,61.695,61.546,61.57,60711,0
ESGD.US,D,20190729,000000,61.772,61.772,61.58,61.714,52996,0
ESGD.US,D,20190730,000000,61.089,61.089,60.897,60.983,157119,0
ESGD.US,D,20190731,000000,61.071,61.186,60.214,60.657,58390,0
ESGD.US,D,20190801,000000,60.715,61.263,60.292,60.484,191746,0
ESGD.US,D,20190802,000000,60.234,60.234,59.745,59.898,77688,0
ESGD.US,D,20190805,000000,59.13,59.13,58.304,58.505,108085,0
ESGD.US,D,20190806,000000,58.889,59.033,58.475,58.899,125905,0
ESGD.US,D,20190807,000000,58.696,59.273,58.495,59.264,158257,0
ESGD.US,D,20190808,000000,59.351,59.894,59.351,59.745,130853,0
ESGD.US,D,20190809,000000,59.581,59.591,59.216,59.428,51058,0
ESGD.US,D,20190812,000000,59.091,59.222,58.746,58.861,87691,0
ESGD.US,D,20190813,000000,58.726,59.456,58.706,59.341,75289,0
ESGD.US,D,20190814,000000,58.294,58.351,57.803,57.813,360319,0
ESGD.US,D,20190815,000000,57.889,58.106,57.697,57.987,265546,0
ESGD.US,D,20190816,000000,58.294,58.696,58.294,58.686,144468,0
ESGD.US,D,20190819,000000,59.197,59.197,59.033,59.063,333078,0
ESGD.US,D,20190820,000000,59.071,59.071,58.806,58.822,97291,0
ESGD.US,D,20190821,000000,59.514,59.524,59.322,59.351,67574,0
ESGD.US,D,20190822,000000,59.341,59.403,58.967,59.225,65186,0
ESGD.US,D,20190823,000000,59.033,59.437,58.485,58.534,125005,0
ESGD.US,D,20190826,000000,58.966,59.225,58.812,59.071,87990,0
ESGD.US,D,20190827,000000,59.187,59.302,58.976,59.024,73480,0
ESGD.US,D,20190828,000000,58.812,59.11,58.678,59.004,97223,0
ESGD.US,D,20190829,000000,59.524,59.609,59.408,59.466,123452,0
ESGD.US,D,20190830,000000,59.831,59.867,59.438,59.716,141902,0
ESGD.US,D,20190903,000000,59.37,59.6,59.322,59.524,165580,0
ESGD.US,D,20190904,000000,60.254,60.426,60.185,60.398,108795,0
ESGD.US,D,20190905,000000,60.887,60.992,60.675,60.754,171633,0
ESGD.US,D,20190906,000000,60.956,61.094,60.927,60.966,49150,0
ESGD.US,D,20190909,000000,61.137,61.137,60.981,61.061,127969,0
ESGD.US,D,20190910,000000,60.983,61.243,60.892,61.214,197999,0
ESGD.US,D,20190911,000000,61.339,61.608,61.32,61.608,101096,0
ESGD.US,D,20190912,000000,61.503,61.992,61.503,61.887,203392,0
ESGD.US,D,20190913,000000,62.253,62.423,62.193,62.238,48087,0
ESGD.US,D,20190916,000000,61.915,61.935,61.694,61.694,141878,0
ESGD.US,D,20190917,000000,61.676,62.08,61.676,62.08,164512,0
ESGD.US,D,20190918,000000,61.896,62.002,61.638,61.965,70970,0
ESGD.US,D,20190919,000000,62.213,62.353,62.146,62.185,190776,0
ESGD.US,D,20190920,000000,62.223,62.282,61.973,61.973,68175,0
ESGD.US,D,20190923,000000,61.647,61.887,61.561,61.887,171197,0
ESGD.US,D,20190924,000000,61.983,62.045,61.63,61.724,129194,0
ESGD.US,D,20190925,000000,61.301,61.531,61.137,61.445,65968,0
ESGD.US,D,20190926,000000,61.772,61.81,61.598,61.772,355687,0
ESGD.US,D,20190927,000000,61.734,61.789,61.378,61.479,108502,0
ESGD.US,D,20190930,000000,61.493,61.704,61.47,61.608,266673,0
ESGD.US,D,20191001,000000,61.541,61.541,60.966,61.089,129874,0
ESGD.US,D,20191002,000000,60.33,60.33,59.729,59.86,77918,0
ESGD.US,D,20191003,000000,59.888,60.254,59.693,60.254,61570,0
ESGD.US,D,20191004,000000,60.33,60.801,60.311,60.791,79916,0
ESGD.US,D,20191007,000000,60.735,61.032,60.731,60.762,65962,0
ESGD.US,D,20191008,000000,60.398,60.413,60.08,60.104,123907,0
ESGD.US,D,20191009,000000,60.532,60.653,60.378,60.599,115229,0
ESGD.US,D,20191010,000000,60.561,61.022,60.516,61.012,112132,0
ESGD.US,D,20191011,000000,61.925,62.309,61.925,62.06,209589,0
ESGD.US,D,20191014,000000,61.791,61.933,61.772,61.839,112156,0
ESGD.US,D,20191015,000000,62.07,62.742,62.069,62.607,94346,0
ESGD.US,D,20191016,000000,62.511,62.771,62.396,62.607,1607725,0
ESGD.US,D,20191017,000000,62.954,63.001,62.617,62.761,201485,0
ESGD.US,D,20191018,000000,62.742,62.895,62.55,62.714,242439,0
ESGD.US,D,20191021,000000,63.271,63.271,63.084,63.185,116203,0
ESGD.US,D,20191022,000000,63.185,63.396,63.011,63.05,79147,0
ESGD.US,D,20191023,000000,63.156,63.396,63.126,63.396,361552,0
ESGD.US,D,20191024,000000,63.588,63.588,63.343,63.492,183753,0
ESGD.US,D,20191025,000000,63.299,63.578,63.299,63.539,114021,0
ESGD.US,D,20191028,000000,63.687,63.838,63.654,63.77,68301,0
ESGD.US,D,20191029,000000,63.597,63.848,63.597,63.741,186137,0
ESGD.US,D,20191030,000000,63.77,64.106,63.511,64.106,80033,0
ESGD.US,D,20191031,000000,63.914,63.914,63.654,63.867,140423,0
ESGD.US,D,20191101,000000,64.346,64.481,64.297,64.481,210589,0
ESGD.US,D,20191104,000000,64.885,64.885,64.664,64.789,285600,0
ESGD.US,D,20191105,000000,64.721,64.789,64.549,64.789,107120,0
ESGD.US,D,20191106,000000,64.73,64.789,64.571,64.644,119188,0
ESGD.US,D,20191107,000000,65.01,65.089,64.866,64.885,59303,0
ESGD.US,D,20191108,000000,64.634,64.827,64.597,64.827,310657,0
ESGD.US,D,20191111,000000,64.509,64.78,64.509,64.674,57655,0
ESGD.US,D,20191112,000000,64.711,64.856,64.587,64.707,196405,0
ESGD.US,D,20191113,000000,64.328,64.558,64.328,64.549,103603,0
ESGD.US,D,20191114,000000,64.165,64.372,64.149,64.337,99135,0
ESGD.US,D,20191115,000000,64.491,64.73,64.491,64.693,104707,0
ESGD.US,D,20191118,000000,64.664,64.9,64.597,64.76,147972,0
ESGD.US,D,20191119,000000,65.019,65.019,64.636,64.732,97465,0
ESGD.US,D,20191120,000000,64.376,64.515,64.088,64.231,268829,0
ESGD.US,D,20191121,000000,64.251,64.289,64.033,64.194,87485,0
ESGD.US,D,20191122,000000,64.423,64.423,64.183,64.28,193153,0
ESGD.US,D,20191125,000000,64.606,64.837,64.606,64.789,83930,0
ESGD.US,D,20191126,000000,64.74,64.865,64.721,64.846,91910,0
ESGD.US,D,20191127,000000,64.895,65.019,64.837,64.951,232638,0
ESGD.US,D,20191129,000000,64.587,64.711,64.505,64.535,85495,0
ESGD.US,D,20191202,000000,64.453,64.502,63.948,64.125,106377,0
ESGD.US,D,20191203,000000,63.559,64.039,63.483,63.99,144562,0
ESGD.US,D,20191204,000000,64.346,64.568,64.328,64.519,174903,0
ESGD.US,D,20191205,000000,64.616,64.616,64.396,64.496,116669,0
ESGD.US,D,20191206,000000,65.029,65.125,64.942,65.115,110139,0
ESGD.US,D,20191209,000000,64.981,65.077,64.74,64.74,99539,0
ESGD.US,D,20191210,000000,64.74,64.942,64.606,64.846,73086,0
ESGD.US,D,20191211,000000,64.827,65.221,64.827,65.172,197110,0
ESGD.US,D,20191212,000000,65.067,65.6,65.067,65.472,67665,0
ESGD.US,D,20191213,000000,65.942,66.278,65.827,66,144627,0
ESGD.US,D,20191216,000000,66.656,66.802,66.627,66.688,176724,0
ESGD.US,D,20191217,000000,66.395,66.511,66.299,66.299,238718,0
ESGD.US,D,20191218,000000,66.249,66.308,66.094,66.182,90237,0
ESGD.US,D,20191219,000000,66.113,66.326,66.066,66.257,162789,0
ESGD.US,D,20191220,000000,66.54,66.54,66.299,66.331,142196,0
ESGD.US,D,20191223,000000,66.356,66.472,66.301,66.453,201086,0
ESGD.US,D,20191224,000000,66.415,66.415,66.289,66.356,51591,0
ESGD.US,D,20191226,000000,66.463,66.637,66.463,66.637,153454,0
ESGD.US,D,20191227,000000,66.87,66.947,66.695,66.763,69382,0
ESGD.US,D,20191230,000000,66.85,66.889,66.299,66.299,169614,0
ESGD.US,D,20191231,000000,66.376,66.646,66.172,66.627,142778,0
ESGD.US,D,20200102,000000,67.131,67.267,66.957,67.205,120327,0
ESGD.US,D,20200103,000000,66.395,66.808,66.395,66.415,225930,0
ESGD.US,D,20200106,000000,66.336,66.739,66.336,66.715,64382,0
ESGD.US,D,20200107,000000,66.627,66.662,66.444,66.453,107670,0
ESGD.US,D,20200108,000000,66.433,66.831,66.433,66.609,115902,0
ESGD.US,D,20200109,000000,66.715,66.821,66.627,66.821,220755,0
ESGD.US,D,20200110,000000,66.772,66.831,66.453,66.482,172228,0
ESGD.US,D,20200113,000000,66.589,66.909,66.54,66.87,100619,0
ESGD.US,D,20200114,000000,66.782,67.074,66.782,67.054,80091,0
ESGD.US,D,20200115,000000,66.927,67.074,66.889,66.977,769948,0
ESGD.US,D,20200116,000000,67.093,67.297,67.037,67.267,113270,0
ESGD.US,D,20200117,000000,67.442,67.568,67.317,67.48,311871,0
ESGD.US,D,20200121,000000,67.18,67.227,66.967,67.015,136853,0
ESGD.US,D,20200122,000000,67.267,67.293,67.054,67.121,100042,0
ESGD.US,D,20200123,000000,66.909,67.024,66.532,66.987,142381,0
ESGD.US,D,20200124,000000,67.247,67.247,66.618,66.782,144647,0
ESGD.US,D,20200127,000000,65.542,65.688,65.328,65.328,259261,0
ESGD.US,D,20200128,000000,65.601,65.939,65.529,65.92,159939,0
ESGD.US,D,20200129,000000,65.988,66.133,65.847,65.911,109894,0
ESGD.US,D,20200130,000000,65.415,65.958,65.31,65.901,147942,0
ESGD.US,D,20200131,000000,65.3,65.3,64.628,64.814,228318,0
ESGD.US,D,20200203,000000,64.96,65.29,64.912,64.912,123938,0
ESGD.US,D,20200204,000000,65.93,66.143,65.92,66.046,145724,0
ESGD.US,D,20200205,000000,66.676,66.754,66.466,66.715,203425,0
ESGD.US,D,20200206,000000,66.879,66.937,66.754,66.918,122397,0
ESGD.US,D,20200207,000000,66.482,66.502,66.22,66.22,128416,0
ESGD.US,D,20200210,000000,66.153,66.423,66.153,66.423,569422,0
ESGD.US,D,20200211,000000,66.744,66.916,66.646,66.724,123463,0
ESGD.US,D,20200212,000000,67.015,67.064,66.909,67.044,118899,0
ESGD.US,D,20200213,000000,66.395,66.715,66.22,66.502,160810,0
ESGD.US,D,20200214,000000,66.54,66.54,66.289,66.453,165696,0
ESGD.US,D,20200218,000000,66.056,66.222,65.978,66.066,130181,0
ESGD.US,D,20200219,000000,66.366,66.433,66.269,66.299,221667,0
ESGD.US,D,20200220,000000,66.113,66.24,65.581,65.925,297213,0
ESGD.US,D,20200221,000000,65.716,65.775,65.474,65.591,101452,0
ESGD.US,D,20200224,000000,63.099,63.478,63.002,63.09,262933,0
ESGD.US,D,20200225,000000,63.293,63.389,61.946,62.072,222776,0
ESGD.US,D,20200226,000000,62.614,62.963,62.101,62.18,147327,0
ESGD.US,D,20200227,000000,61.093,61.737,60.172,60.172,252095,0
ESGD.US,D,20200228,000000,58.99,60.172,58.488,60.172,256450,0
ESGD.US,D,20200302,000000,59.987,60.821,59.396,60.752,303010,0
ESGD.US,D,20200303,000000,61.248,61.762,59.779,60.27,385935,0
ESGD.US,D,20200304,000000,61.228,62,60.755,61.946,183581,0
ESGD.US,D,20200305,000000,60.415,60.918,60.017,60.337,422547,0
ESGD.US,D,20200306,000000,59.261,59.696,58.805,59.386,221957,0
ESGD.US,D,20200309,000000,55.84,56.561,53.31,54.734,401500,0
ESGD.US,D,20200310,000000,56.953,57.061,54.953,56.945,333713,0
ESGD.US,D,20200311,000000,55.336,55.481,53.553,54.008,456973,0
ESGD.US,D,20200312,000000,49.966,50.169,47.359,48.047,697801,0
ESGD.US,D,20200313,000000,51.294,51.294,48.042,50.8,872828,0
ESGD.US,D,20200316,000000,43.637,47.238,43.637,45.634,899928,0
ESGD.US,D,20200317,000000,46.185,47.862,45.352,47.533,1042366,0
ESGD.US,D,20200318,000000,44.916,46.02,43.82,44.983,480976,0
ESGD.US,D,20200319,000000,44.983,47.378,44.622,45.924,852707,0
ESGD.US,D,20200320,000000,47.406,47.533,45.216,45.439,788081,0
ESGD.US,D,20200323,000000,45.624,45.874,44.548,44.741,1261065,0
ESGD.US,D,20200324,000000,47.921,48.948,47.591,48.677,391443,0
ESGD.US,D,20200325,000000,49.152,51.362,48.55,50.247,349900,0
ESGD.US,D,20200326,000000,50.664,52.496,50.567,52.385,384616,0
ESGD.US,D,20200327,000000,50.624,51.875,50.237,51.119,375923,0
ESGD.US,D,20200330,000000,51.255,52.176,50.906,52.108,306138,0
ESGD.US,D,20200331,000000,51.458,51.963,50.915,51.526,549450,0
ESGD.US,D,20200401,000000,49.82,50.382,49.2,49.268,304661,0
ESGD.US,D,20200402,000000,49.268,50.247,49.118,50.043,277404,0
ESGD.US,D,20200403,000000,49.394,49.433,48.647,48.988,318382,0
ESGD.US,D,20200406,000000,50.76,51.798,50.634,51.526,207495,0
ESGD.US,D,20200407,000000,53.3,53.417,51.768,51.768,298999,0
ESGD.US,D,20200408,000000,52.079,52.524,51.717,52.253,1126740,0
ESGD.US,D,20200409,000000,53.31,53.668,52.864,53.494,732002,0
ESGD.US,D,20200413,000000,53.475,53.649,52.56,53.02,492251,0
ESGD.US,D,20200414,000000,53.785,54.308,53.688,53.958,1003120,0
ESGD.US,D,20200415,000000,52.506,52.641,52.099,52.331,844570,0
ESGD.US,D,20200416,000000,52.379,52.409,51.721,52.263,800602,0
ESGD.US,D,20200417,000000,53.542,53.699,53.029,53.494,1449208,0
ESGD.US,D,20200420,000000,52.903,53.649,52.834,52.874,410457,0
ESGD.US,D,20200421,000000,52.127,52.418,51.628,51.854,253642,0
ESGD.US,D,20200422,000000,52.709,52.806,52.428,52.68,311808,0
ESGD.US,D,20200423,000000,52.719,53.464,52.322,52.389,214856,0
ESGD.US,D,20200424,000000,52.797,53.102,52.477,53,192910,0
ESGD.US,D,20200427,000000,53.387,53.93,53.348,53.775,248184,0
ESGD.US,D,20200428,000000,54.832,54.952,54.105,54.105,268318,0
ESGD.US,D,20200429,000000,55.354,55.772,55.22,55.49,236629,0
ESGD.US,D,20200430,000000,54.938,55.025,54.202,54.424,215750,0
ESGD.US,D,20200501,000000,53.765,53.881,53.125,53.329,391777,0
ESGD.US,D,20200504,000000,52.931,53.242,52.667,53.174,272611,0
ESGD.US,D,20200505,000000,53.581,53.775,53.242,53.261,261405,0
ESGD.US,D,20200506,000000,53.775,53.824,52.893,52.893,315939,0
ESGD.US,D,20200507,000000,53.708,53.971,53.475,53.726,338966,0
ESGD.US,D,20200508,000000,54.453,54.676,54.328,54.579,271760,0
ESGD.US,D,20200511,000000,54.279,54.744,54.269,54.56,172580,0
ESGD.US,D,20200512,000000,54.744,54.794,53.901,53.901,232615,0
ESGD.US,D,20200513,000000,54.221,54.221,53.203,53.368,293541,0
ESGD.US,D,20200514,000000,52.321,53.121,51.963,53.038,314872,0
ESGD.US,D,20200515,000000,52.864,53.213,52.709,53.107,235711,0
ESGD.US,D,20200518,000000,54.289,55.3,54.289,55.122,166177,0
ESGD.US,D,20200519,000000,54.812,55.044,54.396,54.396,123273,0
ESGD.US,D,20200520,000000,55.442,55.809,55.364,55.582,178707,0
ESGD.US,D,20200521,000000,55.287,55.52,54.734,54.909,132218,0
ESGD.US,D,20200522,000000,54.629,54.793,54.376,54.783,106403,0
ESGD.US,D,20200526,000000,56.334,56.615,56.246,56.401,176148,0
ESGD.US,D,20200527,000000,57.119,57.119,56.489,56.993,142167,0
ESGD.US,D,20200528,000000,57.768,58.195,57.545,57.633,220799,0
ESGD.US,D,20200529,000000,57.497,57.497,56.77,57.342,178809,0
ESGD.US,D,20200601,000000,57.855,58.688,57.73,58.661,590985,0
ESGD.US,D,20200602,000000,58.873,59.29,58.873,59.211,207634,0
ESGD.US,D,20200603,000000,59.987,60.792,59.987,60.618,148803,0
ESGD.US,D,20200604,000000,60.317,60.761,60.245,60.424,395026,0
ESGD.US,D,20200605,000000,61.606,61.845,61.316,61.364,337410,0
ESGD.US,D,20200608,000000,61.782,62.247,61.432,62.247,348388,0
ESGD.US,D,20200609,000000,61.171,61.586,61.064,61.403,128487,0
ESGD.US,D,20200610,000000,61.578,61.742,61.005,61.238,275691,0
ESGD.US,D,20200611,000000,59.591,59.784,57.777,57.884,660943,0
ESGD.US,D,20200612,000000,59.513,59.532,58.064,58.913,183310,0
ESGD.US,D,20200615,000000,57.87,59.289,57.645,59.093,157673,0
ESGD.US,D,20200616,000000,60.278,60.426,59.409,59.901,136690,0
ESGD.US,D,20200617,000000,60.336,60.463,60.033,60.053,150955,0
ESGD.US,D,20200618,000000,59.602,59.974,59.504,59.788,121201,0
ESGD.US,D,20200619,000000,60.453,60.453,59.396,59.455,196791,0
ESGD.US,D,20200622,000000,59.846,60.258,59.71,60.209,153436,0
ESGD.US,D,20200623,000000,60.825,60.973,60.453,60.503,114197,0
ESGD.US,D,20200624,000000,59.828,59.925,58.809,59.064,172194,0
ESGD.US,D,20200625,000000,59.025,59.846,58.749,59.846,94007,0
ESGD.US,D,20200626,000000,59.7,59.7,58.878,59.005,286473,0
ESGD.US,D,20200629,000000,59.24,59.514,58.939,59.436,114907,0
ESGD.US,D,20200630,000000,59.034,59.651,58.995,59.289,188068,0
ESGD.US,D,20200701,000000,59.308,59.798,59.279,59.651,246148,0
ESGD.US,D,20200702,000000,60.453,60.738,60.224,60.306,271312,0
ESGD.US,D,20200706,000000,61.178,61.344,60.963,61.246,198770,0
ESGD.US,D,20200707,000000,60.678,60.889,60.287,60.297,165567,0
ESGD.US,D,20200708,000000,60.326,60.825,60.199,60.825,863955,0
ESGD.US,D,20200709,000000,60.776,60.776,59.73,60.16,364558,0
ESGD.US,D,20200710,000000,60.434,60.816,60.209,60.708,110187,0
ESGD.US,D,20200713,000000,61.1,61.455,60.308,60.385,134312,0
ESGD.US,D,20200714,000000,60.473,61.325,60.405,61.226,225521,0
ESGD.US,D,20200715,000000,62.225,62.372,61.776,61.921,125103,0
ESGD.US,D,20200716,000000,61.579,61.843,61.476,61.618,566699,0
ESGD.US,D,20200717,000000,61.726,61.97,61.603,61.921,115410,0
ESGD.US,D,20200720,000000,62.03,62.303,61.813,62.293,121597,0
ESGD.US,D,20200721,000000,62.616,62.831,62.421,62.44,200676,0
ESGD.US,D,20200722,000000,62.45,62.69,62.293,62.597,146261,0
ESGD.US,D,20200723,000000,62.47,62.665,61.956,62.103,188955,0
ESGD.US,D,20200724,000000,61.745,61.961,61.618,61.736,112985,0
ESGD.US,D,20200727,000000,62.391,62.7,62.352,62.538,97702,0
ESGD.US,D,20200728,000000,62.303,62.587,62.183,62.195,202536,0
ESGD.US,D,20200729,000000,62.528,62.94,62.39,62.851,197647,0
ESGD.US,D,20200730,000000,61.354,62.02,60.922,61.961,1077214,0
ESGD.US,D,20200731,000000,61.471,61.471,60.209,60.62,1165315,0
ESGD.US,D,20200803,000000,61.148,61.726,61.07,61.726,136444,0
ESGD.US,D,20200804,000000,61.491,62.068,61.471,62.048,131635,0
ESGD.US,D,20200805,000000,62.587,62.724,62.245,62.313,165253,0
ESGD.US,D,20200806,000000,62.03,62.44,61.883,62.323,229462,0
ESGD.US,D,20200807,000000,61.795,62.117,61.706,62.108,360745,0
ESGD.US,D,20200810,000000,62.137,62.283,61.951,62.215,164771,0
ESGD.US,D,20200811,000000,63.301,63.39,62.518,62.597,119517,0
ESGD.US,D,20200812,000000,63.791,64.168,63.673,63.947,156312,0
ESGD.US,D,20200813,000000,63.83,64.006,63.44,63.566,624718,0
ESGD.US,D,20200814,000000,63.185,63.336,63.047,63.175,152450,0
ESGD.US,D,20200817,000000,63.585,63.742,63.57,63.703,889056,0
ESGD.US,D,20200818,000000,63.947,63.992,63.52,63.683,284043,0
ESGD.US,D,20200819,000000,64.016,64.085,63.41,63.438,316007,0
ESGD.US,D,20200820,000000,62.88,63.4,62.82,63.282,305824,0
ESGD.US,D,20200821,000000,62.558,62.958,62.527,62.94,267077,0
ESGD.US,D,20200824,000000,63.898,63.898,63.527,63.771,258282,0
ESGD.US,D,20200825,000000,64.123,64.133,63.507,63.84,197720,0
ESGD.US,D,20200826,000000,63.898,64.329,63.865,64.251,135681,0
ESGD.US,D,20200827,000000,64.26,64.26,63.311,63.585,194291,0
ESGD.US,D,20200828,000000,63.918,64.085,63.668,64.085,1014624,0
ESGD.US,D,20200831,000000,63.83,64.095,63.536,63.566,224707,0
ESGD.US,D,20200901,000000,63.566,63.713,63.355,63.575,228975,0
ESGD.US,D,20200902,000000,64.025,64.495,63.83,64.466,168442,0
ESGD.US,D,20200903,000000,64.222,64.241,62.724,62.95,224974,0
ESGD.US,D,20200904,000000,63.213,63.368,62.02,63.091,245354,0
ESGD.US,D,20200908,000000,62.255,62.817,62.098,62.264,201472,0
ESGD.US,D,20200909,000000,63.331,63.703,63.193,63.438,255200,0
ESGD.US,D,20200910,000000,63.761,63.86,62.753,62.753,141575,0
ESGD.US,D,20200911,000000,63.488,63.668,63.106,63.35,138025,0
ESGD.US,D,20200914,000000,63.918,64.001,63.653,63.653,167751,0
ESGD.US,D,20200915,000000,64.3,64.348,63.957,64.095,222743,0
ESGD.US,D,20200916,000000,64.26,64.525,63.987,64.095,170159,0
ESGD.US,D,20200917,000000,63.673,64.182,63.615,64.113,199016,0
ESGD.US,D,20200918,000000,64.006,64.006,63.4,63.625,245913,0
ESGD.US,D,20200921,000000,62.186,62.186,61.295,62.048,420682,0
ESGD.US,D,20200922,000000,62.068,62.068,61.461,62.048,242060,0
ESGD.US,D,20200923,000000,62.323,62.343,61.413,61.442,363383,0
ESGD.US,D,20200924,000000,61.285,61.77,60.953,61.344,342261,0
ESGD.US,D,20200925,000000,60.875,61.577,60.656,61.569,188160,0
ESGD.US,D,20200928,000000,62.411,62.55,62.28,62.548,126951,0
ESGD.US,D,20200929,000000,62.528,62.724,62.293,62.44,150046,0
ESGD.US,D,20200930,000000,62.283,62.655,62.015,62.127,381885,0
ESGD.US,D,20201001,000000,62.518,62.626,62.225,62.587,197561,0
ESGD.US,D,20201002,000000,61.813,62.568,61.813,62.421,386222,0
ESGD.US,D,20201005,000000,62.94,63.36,62.94,63.331,134046,0
ESGD.US,D,20201006,000000,63.488,63.527,62.636,62.793,240597,0
ESGD.US,D,20201007,000000,63.203,63.331,63.008,63.253,914335,0
ESGD.US,D,20201008,000000,63.527,63.722,63.468,63.703,203906,0
ESGD.US,D,20201009,000000,63.957,64.153,63.85,64.133,347892,0
ESGD.US,D,20201012,000000,64.29,64.545,64.22,64.485,124441,0
ESGD.US,D,20201013,000000,63.938,63.987,63.703,63.771,108546,0
ESGD.US,D,20201014,000000,64.006,64.109,63.63,63.683,202631,0
ESGD.US,D,20201015,000000,62.372,62.92,62.362,62.88,191240,0
ESGD.US,D,20201016,000000,63.086,63.4,63.018,63.185,191158,0
ESGD.US,D,20201019,000000,63.517,63.571,62.851,62.95,209275,0
ESGD.US,D,20201020,000000,63.282,63.575,63.165,63.165,205367,0
ESGD.US,D,20201021,000000,63.155,63.478,62.95,62.958,271581,0
ESGD.US,D,20201022,000000,62.88,63.115,62.587,62.968,174661,0
ESGD.US,D,20201023,000000,63.349,63.448,63.057,63.4,191042,0
ESGD.US,D,20201026,000000,62.655,62.733,61.951,62.293,365873,0
ESGD.US,D,20201027,000000,62.235,62.235,61.76,61.795,202917,0
ESGD.US,D,20201028,000000,60.385,60.571,59.927,59.954,315009,0
ESGD.US,D,20201029,000000,59.974,60.395,59.651,60.189,262072,0
ESGD.US,D,20201030,000000,59.886,60.004,59.485,59.846,322835,0
ESGD.US,D,20201102,000000,60.541,60.718,60.261,60.668,241337,0
ESGD.US,D,20201103,000000,61.902,62.548,61.85,62.293,163085,0
ESGD.US,D,20201104,000000,62.626,63.527,62.362,63.057,212181,0
ESGD.US,D,20201105,000000,64.388,64.633,64.118,64.495,205169,0
ESGD.US,D,20201106,000000,64.808,64.936,64.593,64.691,190600,0
ESGD.US,D,20201109,000000,67.764,67.764,66.472,66.59,284281,0
ESGD.US,D,20201110,000000,67.089,67.562,67.04,67.217,387791,0
ESGD.US,D,20201111,000000,67.725,67.832,67.452,67.745,202109,0
ESGD.US,D,20201112,000000,67.177,67.387,66.639,66.795,205901,0
ESGD.US,D,20201113,000000,67.187,67.829,67.181,67.784,163536,0
ESGD.US,D,20201116,000000,68.537,68.567,68.125,68.567,153175,0
ESGD.US,D,20201117,000000,68.302,68.631,68.137,68.469,149776,0
ESGD.US,D,20201118,000000,68.567,68.762,68.107,68.107,175294,0
ESGD.US,D,20201119,000000,68.097,68.583,68.019,68.547,526982,0
ESGD.US,D,20201120,000000,68.597,68.822,68.465,68.772,355302,0
ESGD.US,D,20201123,000000,68.987,69.037,68.41,68.625,176780,0
ESGD.US,D,20201124,000000,69.262,69.722,69.186,69.672,126471,0
ESGD.US,D,20201125,000000,69.272,69.732,69.134,69.614,139894,0
ESGD.US,D,20201127,000000,69.761,70.152,69.761,70.152,133378,0
ESGD.US,D,20201130,000000,69.781,69.82,68.587,68.606,367821,0
ESGD.US,D,20201201,000000,69.751,70.23,69.712,70.182,507840,0
ESGD.US,D,20201202,000000,69.77,70.278,69.77,70.142,297269,0
ESGD.US,D,20201203,000000,70.417,70.624,70.182,70.357,238223,0
ESGD.US,D,20201204,000000,70.73,70.905,70.661,70.827,348120,0
ESGD.US,D,20201207,000000,70.329,70.559,70.132,70.329,250604,0
ESGD.US,D,20201208,000000,70.142,70.598,70.142,70.554,220341,0
ESGD.US,D,20201209,000000,70.925,70.964,70.201,70.612,227209,0
ESGD.US,D,20201210,000000,70.319,70.847,70.319,70.769,250883,0
ESGD.US,D,20201211,000000,70.289,70.473,70.03,70.397,259032,0
ESGD.US,D,20201214,000000,71.048,71.058,70.506,70.614,243192,0
ESGD.US,D,20201215,000000,70.881,71.325,70.762,71.325,528620,0
ESGD.US,D,20201216,000000,71.414,71.67,71.177,71.591,435212,0
ESGD.US,D,20201217,000000,72.154,72.302,71.986,72.006,256704,0
ESGD.US,D,20201218,000000,72.095,72.144,71.641,71.818,274868,0
ESGD.US,D,20201221,000000,70.002,70.979,69.745,70.841,310780,0
ESGD.US,D,20201222,000000,70.713,70.763,70.367,70.723,316723,0
ESGD.US,D,20201223,000000,71.196,71.532,71.182,71.364,200362,0
ESGD.US,D,20201224,000000,71.453,71.532,71.236,71.492,121698,0
ESGD.US,D,20201228,000000,72.243,72.292,71.989,72.124,189752,0
ESGD.US,D,20201229,000000,73.023,73.023,72.499,72.638,230268,0
ESGD.US,D,20201230,000000,72.983,73.19,72.677,72.717,303567,0
ESGD.US,D,20201231,000000,72.667,72.667,71.986,72.095,242729,0
ESGD.US,D,20210104,000000,73.575,73.575,72.243,72.588,352778,0
ESGD.US,D,20210105,000000,72.726,73.39,72.677,73.25,185886,0
ESGD.US,D,20210106,000000,73.427,74.396,73.378,74.069,251239,0
ESGD.US,D,20210107,000000,74.064,74.316,73.876,74.177,249620,0
ESGD.US,D,20210108,000000,74.72,74.799,74.019,74.799,258146,0
ESGD.US,D,20210111,000000,73.565,74.064,73.486,73.871,218159,0
ESGD.US,D,20210112,000000,73.871,74.236,73.634,74.187,276676,0
ESGD.US,D,20210113,000000,74.098,74.278,73.911,74.098,397208,0
ESGD.US,D,20210114,000000,74.325,74.765,74.325,74.622,798021,0
ESGD.US,D,20210115,000000,73.684,73.812,73.023,73.486,523697,0
ESGD.US,D,20210119,000000,74.069,74.069,73.674,74.039,635241,0
ESGD.US,D,20210120,000000,74.118,74.483,73.951,74.424,220882,0
ESGD.US,D,20210121,000000,74.543,74.631,74.068,74.552,446292,0
ESGD.US,D,20210122,000000,73.911,74.282,73.862,74.197,342163,0
ESGD.US,D,20210125,000000,73.891,74.054,73.142,74.049,850951,0
ESGD.US,D,20210126,000000,74.128,74.256,73.915,74.207,913641,0
ESGD.US,D,20210127,000000,72.766,73.213,72.193,72.361,448048,0
ESGD.US,D,20210128,000000,72.628,73.31,72.578,72.865,303935,0
ESGD.US,D,20210129,000000,72.026,72.223,71.025,71.404,540619,0
ESGD.US,D,20210201,000000,72.292,72.332,71.937,72.282,429163,0
ESGD.US,D,20210202,000000,72.667,73.082,72.515,73.013,251787,0
ESGD.US,D,20210203,000000,73.013,73.23,72.825,73.18,267209,0
ESGD.US,D,20210204,000000,72.953,73.279,72.884,73.279,273543,0
ESGD.US,D,20210205,000000,73.595,73.733,73.299,73.694,318504,0
ESGD.US,D,20210208,000000,74.246,74.418,74.01,74.286,265296,0
ESGD.US,D,20210209,000000,74.345,74.671,74.246,74.612,266278,0
ESGD.US,D,20210210,000000,74.829,74.84,74.113,74.296,360217,0
ESGD.US,D,20210211,000000,74.74,74.888,74.499,74.888,1391687,0
ESGD.US,D,20210212,000000,74.72,75.312,74.572,75.253,803940,0
ESGD.US,D,20210216,000000,76.023,76.112,75.688,75.865,310871,0
ESGD.US,D,20210217,000000,75.391,75.589,75.036,75.5,321074,0
ESGD.US,D,20210218,000000,74.878,75.105,74.533,75.046,330074,0
ESGD.US,D,20210219,000000,75.362,75.626,75.15,75.234,288533,0
ESGD.US,D,20210222,000000,75.125,75.54,74.957,75.056,542777,0
ESGD.US,D,20210223,000000,75.006,75.411,74.395,75.214,386479,0
ESGD.US,D,20210224,000000,74.72,75.47,74.498,75.253,389044,0
ESGD.US,D,20210225,000000,75.54,75.727,74.045,74.177,488665,0
ESGD.US,D,20210226,000000,73.891,73.891,73.062,73.062,404699,0
ESGD.US,D,20210301,000000,73.96,74.493,73.901,74.444,758759,0
ESGD.US,D,20210302,000000,74.385,74.582,74.146,74.355,446371,0
ESGD.US,D,20210303,000000,74.158,74.444,73.812,73.921,287445,0
ESGD.US,D,20210304,000000,73.98,74.276,72.786,73.161,374083,0
ESGD.US,D,20210305,000000,73.615,73.753,72.657,73.694,301472,0
ESGD.US,D,20210308,000000,73.368,73.891,73.279,73.398,517877,0
ESGD.US,D,20210309,000000,74.187,74.582,74.128,74.434,1062205,0
ESGD.US,D,20210310,000000,74.76,74.878,74.375,74.799,637271,0
ESGD.US,D,20210311,000000,74.957,75.283,74.755,75.095,379031,0
ESGD.US,D,20210312,000000,74.779,75.308,74.681,75.273,324047,0
ESGD.US,D,20210315,000000,75.174,75.401,74.754,75.396,366069,0
ESGD.US,D,20210316,000000,75.609,75.627,75.391,75.52,373252,0
ESGD.US,D,20210317,000000,75.283,76.013,75.156,75.855,631332,0
ESGD.US,D,20210318,000000,75.569,76.092,75.293,75.303,496391,0
ESGD.US,D,20210319,000000,75.253,75.539,74.809,75.421,379913,0
ESGD.US,D,20210322,000000,75.322,75.687,75.235,75.411,297399,0
ESGD.US,D,20210323,000000,74.957,75.066,74.37,74.444,323044,0
ESGD.US,D,20210324,000000,74.286,74.592,74.069,74.069,375104,0
ESGD.US,D,20210325,000000,74.01,74.71,73.909,74.582,394639,0
ESGD.US,D,20210326,000000,74.908,75.668,74.908,75.668,338294,0
ESGD.US,D,20210329,000000,75.253,75.48,74.997,75.332,341163,0
ESGD.US,D,20210330,000000,74.967,75.306,74.908,75.204,215293,0
ESGD.US,D,20210331,000000,74.997,75.283,74.898,74.918,455567,0
ESGD.US,D,20210401,000000,75.342,75.983,75.263,75.826,436587,0
ESGD.US,D,20210405,000000,76.546,77.069,76.403,76.99,524201,0
ESGD.US,D,20210406,000000,76.073,76.279,75.994,76.221,262003,0
ESGD.US,D,20210407,000000,76.24,76.428,76.133,76.359,329811,0
ESGD.US,D,20210408,000000,76.744,76.877,76.546,76.763,382276,0
ESGD.US,D,20210409,000000,76.773,77.05,76.734,76.99,280171,0
ESGD.US,D,20210412,000000,76.714,76.734,76.487,76.566,263404,0
ESGD.US,D,20210413,000000,76.734,77.079,76.655,77.079,256737,0
ESGD.US,D,20210414,000000,77.03,77.321,76.981,77.05,332221,0
ESGD.US,D,20210415,000000,77.523,77.731,77.514,77.721,202277,0
ESGD.US,D,20210416,000000,77.987,78.284,77.853,78.224,206681,0
ESGD.US,D,20210419,000000,78.362,78.362,77.938,78.185,706293,0
ESGD.US,D,20210420,000000,77.277,77.336,76.586,76.842,306107,0
ESGD.US,D,20210421,000000,76.596,77.612,76.596,77.612,389826,0
ESGD.US,D,20210422,000000,77.81,77.829,77.208,77.385,318511,0
ESGD.US,D,20210423,000000,77.662,78.302,77.583,78.106,248337,0
ESGD.US,D,20210426,000000,78.135,78.274,78.066,78.185,244817,0
ESGD.US,D,20210427,000000,77.849,78.017,77.737,77.918,825075,0
ESGD.US,D,20210428,000000,77.918,78.353,77.839,78.185,423351,0
ESGD.US,D,20210429,000000,78.441,78.494,77.76,78.224,411627,0
ESGD.US,D,20210430,000000,77.79,77.855,76.941,77.079,390366,0
ESGD.US,D,20210503,000000,77.869,78.145,77.715,78.076,444729,0
ESGD.US,D,20210504,000000,77.247,77.395,76.527,76.951,349814,0
ESGD.US,D,20210505,000000,77.79,78.126,77.622,77.997,309904,0
ESGD.US,D,20210506,000000,78.106,78.639,77.879,78.639,270171,0
ESGD.US,D,20210507,000000,78.807,79.547,78.718,79.468,373025,0
ESGD.US,D,20210510,000000,79.813,79.813,79.073,79.201,239467,0
ESGD.US,D,20210511,000000,77.672,78.274,77.573,78.106,406352,0
ESGD.US,D,20210512,000000,77.533,77.839,76.625,76.773,368041,0
ESGD.US,D,20210513,000000,76.833,77.563,76.833,77.435,1247402,0
ESGD.US,D,20210514,000000,78.155,78.797,78.116,78.688,396559,0
ESGD.US,D,20210517,000000,78.254,78.57,78.185,78.52,242119,0
ESGD.US,D,20210518,000000,79.162,79.201,78.728,78.787,217741,0
ESGD.US,D,20210519,000000,77.731,78.343,77.375,78.086,761949,0
ESGD.US,D,20210520,000000,78.57,79.201,78.511,79.162,375968,0
ESGD.US,D,20210521,000000,79.31,79.35,78.915,79.073,362425,0
ESGD.US,D,20210524,000000,79.379,79.749,79.34,79.626,230563,0
ESGD.US,D,20210525,000000,79.942,79.997,79.567,79.715,311681,0
ESGD.US,D,20210526,000000,79.636,79.794,79.527,79.606,479371,0
ESGD.US,D,20210527,000000,79.734,79.902,79.557,79.784,306530,0
ESGD.US,D,20210528,000000,79.991,80.297,79.971,80.05,297749,0
ESGD.US,D,20210601,000000,80.593,80.613,80.159,80.238,338403,0
ESGD.US,D,20210602,000000,80.376,80.603,80.311,80.564,272977,0
ESGD.US,D,20210603,000000,80.09,80.198,79.863,80.139,239956,0
ESGD.US,D,20210604,000000,80.652,80.86,80.544,80.86,306521,0
ESGD.US,D,20210607,000000,80.949,81.146,80.889,81.146,382084,0
ESGD.US,D,20210608,000000,81.235,81.274,80.944,81.116,388930,0
ESGD.US,D,20210609,000000,81.018,81.054,80.771,80.84,205245,0
ESGD.US,D,20210610,000000,80.96,81.17,80.84,81.09,249439,0
ESGD.US,D,20210611,000000,81.18,81.24,80.9,81.24,285490,0
ESGD.US,D,20210614,000000,81.13,81.35,81.09,81.34,490030,0
ESGD.US,D,20210615,000000,81.39,81.51,81.28,81.51,368711,0
ESGD.US,D,20210616,000000,81.54,81.62,80.67,80.87,413726,0
ESGD.US,D,20210617,000000,80.43,80.57,80,80.42,308941,0
ESGD.US,D,20210618,000000,78.99,79.07,78.59,78.74,525871,0
ESGD.US,D,20210621,000000,79.15,79.87,79.02,79.87,789926,0
ESGD.US,D,20210622,000000,79.56,80.02,79.4,79.88,303113,0
ESGD.US,D,20210623,000000,79.71,79.7449,79.16,79.34,298335,0
ESGD.US,D,20210624,000000,79.87,80.07,79.814,80.07,478694,0
ESGD.US,D,20210625,000000,80.21,80.24,80.02,80.17,274266,0
ESGD.US,D,20210628,000000,79.93,79.96,79.5643,79.71,285869,0
ESGD.US,D,20210629,000000,79.88,79.88,79.6,79.75,248234,0
ESGD.US,D,20210630,000000,79.01,79.25,78.74,79.03,398434,0
ESGD.US,D,20210701,000000,79.12,79.31,78.9,79.31,390085,0
ESGD.US,D,20210702,000000,79.33,79.59,79.0829,79.59,382463,0
ESGD.US,D,20210706,000000,79.56,79.57,78.7601,79.05,600453,0
ESGD.US,D,20210707,000000,79.34,79.55,79.02,79.49,311986,0
ESGD.US,D,20210708,000000,78.15,78.48,77.89,78.38,408798,0
ESGD.US,D,20210709,000000,79.22,79.76,79.14,79.76,212876,0
ESGD.US,D,20210712,000000,79.72,80.08,79.65,80.08,293871,0
ESGD.US,D,20210713,000000,79.8,79.95,79.535,79.67,296257,0
ESGD.US,D,20210714,000000,79.9,80.07,79.72,79.86,343377,0
ESGD.US,D,20210715,000000,79.09,79.22,78.75,79.06,310303,0
ESGD.US,D,20210716,000000,79.04,79.04,78.33,78.49,502651,0
ESGD.US,D,20210719,000000,77.29,77.38,76.66,77.09,425611,0
ESGD.US,D,20210720,000000,76.92,77.78,76.8,77.67,399817,0
ESGD.US,D,20210721,000000,78.16,78.87,78.16,78.86,483898,0
ESGD.US,D,20210722,000000,79.08,79.12,78.64,78.88,174671,0
ESGD.US,D,20210723,000000,79.41,79.56,79.21,79.42,1181759,0
ESGD.US,D,20210726,000000,79.27,79.53,79.24,79.53,504462,0
ESGD.US,D,20210727,000000,79.11,79.2,78.79,79.15,288309,0
ESGD.US,D,20210728,000000,79.22,79.64,79.05,79.51,369996,0
ESGD.US,D,20210729,000000,80.15,80.23,80.0301,80.05,244288,0
ESGD.US,D,20210730,000000,79.78,79.92,79.44,79.56,357435,0
ESGD.US,D,20210802,000000,80.19,80.33,79.84,79.99,322277,0
ESGD.US,D,20210803,000000,80.35,80.56,79.99,80.51,317860,0
ESGD.US,D,20210804,000000,80.61,80.73,80.3,80.34,337183,0
ESGD.US,D,20210805,000000,80.79,80.89,80.72,80.83,204405,0
ESGD.US,D,20210806,000000,80.62,80.67,80.37,80.49,281503,0
ESGD.US,D,20210809,000000,80.49,80.559,80.3675,80.47,332267,0
ESGD.US,D,20210810,000000,80.44,80.65,80.43,80.65,281097,0
ESGD.US,D,20210811,000000,81.13,81.26,80.99,81.26,202476,0
ESGD.US,D,20210812,000000,81.13,81.2,80.93,81.16,234546,0
ESGD.US,D,20210813,000000,81.46,81.73,81.4099,81.73,271046,0
ESGD.US,D,20210816,000000,81.08,81.31,80.83,81.31,279774,0
ESGD.US,D,20210817,000000,80.49,80.67,80.16,80.52,334814,0
ESGD.US,D,20210818,000000,80.51,80.83,80.23,80.29,244616,0
ESGD.US,D,20210819,000000,79.23,79.68,79.18,79.52,315432,0
ESGD.US,D,20210820,000000,79.22,79.82,79.18,79.82,251825,0
ESGD.US,D,20210823,000000,80.22,80.63,80.195,80.56,294033,0
ESGD.US,D,20210824,000000,80.51,80.8412,80.44,80.76,431997,0
ESGD.US,D,20210825,000000,80.57,80.8,80.465,80.74,800488,0
ESGD.US,D,20210826,000000,80.45,80.538,80.175,80.22,400808,0
ESGD.US,D,20210827,000000,80.34,81.11,80.3,81.06,270983,0
ESGD.US,D,20210830,000000,81.02,81.13,80.89,81.06,301592,0
ESGD.US,D,20210831,000000,81.13,81.15,80.81,80.94,339361,0
ESGD.US,D,20210901,000000,81.58,81.92,81.56,81.71,315865,0
