<TICKER>,<PER>,<DATE>,<TIME>,<OPEN>,<HIGH>,<LOW>,<CLOSE>,<VOL>,<OPENINT>
ESGU.US,D,20170106,000000,46.498,46.498,46.498,46.498,300,0
ESGU.US,D,20170109,000000,46.301,46.376,46.293,46.32,1126,0
ESGU.US,D,20170110,000000,46.237,46.395,46.237,46.395,217,0
ESGU.US,D,20170117,000000,46.218,46.218,46.218,46.218,267,0
ESGU.US,D,20170118,000000,46.218,46.218,46.218,46.218,218,0
ESGU.US,D,20170124,000000,46.386,46.544,46.355,46.544,4090,0
ESGU.US,D,20170127,000000,46.759,46.759,46.759,46.759,359,0
ESGU.US,D,20170207,000000,46.87,46.87,46.86,46.86,1818,0
ESGU.US,D,20170210,000000,47.459,47.459,47.097,47.097,2147,0
ESGU.US,D,20170227,000000,48.036,48.288,48.036,48.288,963,0
ESGU.US,D,20170308,000000,48.401,48.401,48.401,48.401,213,0
ESGU.US,D,20170309,000000,48.356,48.356,48.356,48.356,397,0
ESGU.US,D,20170314,000000,48.376,48.376,48.376,48.376,316,0
ESGU.US,D,20170321,000000,48.12,48.159,48.091,48.091,2427,0
ESGU.US,D,20170323,000000,48.298,48.298,48.298,48.298,327,0
ESGU.US,D,20170330,000000,48.524,48.524,48.524,48.524,209,0
ESGU.US,D,20170403,000000,48.394,48.394,48.394,48.394,101,0
ESGU.US,D,20170406,000000,48.436,48.436,48.418,48.418,573,0
ESGU.US,D,20170413,000000,48.14,48.14,48.14,48.14,201,0
ESGU.US,D,20170425,000000,49.018,49.018,49.018,49.018,260,0
ESGU.US,D,20170502,000000,49.096,49.096,49.096,49.096,203,0
ESGU.US,D,20170508,000000,49.301,49.301,49.301,49.301,959,0
ESGU.US,D,20170511,000000,49.086,49.199,49.086,49.199,284,0
ESGU.US,D,20170515,000000,49.364,49.364,49.364,49.364,1035,0
ESGU.US,D,20170517,000000,49.03,49.03,49.023,49.023,4661,0
ESGU.US,D,20170522,000000,49.113,49.19,49.113,49.19,430,0
ESGU.US,D,20170524,000000,49.337,49.433,49.337,49.433,2226,0
ESGU.US,D,20170526,000000,49.724,49.724,49.698,49.714,1494,0
ESGU.US,D,20170602,000000,50.206,50.206,50.206,50.206,190,0
ESGU.US,D,20170605,000000,50.232,50.232,50.172,50.213,687,0
ESGU.US,D,20170608,000000,50.059,50.059,50.059,50.059,397,0
ESGU.US,D,20170613,000000,50.26,50.26,50.228,50.237,959,0
ESGU.US,D,20170615,000000,50.007,50.019,50.007,50.019,246,0
ESGU.US,D,20170616,000000,50.091,50.111,49.965,50.081,18810,0
ESGU.US,D,20170620,000000,50.383,50.383,50.383,50.383,320,0
ESGU.US,D,20170623,000000,50.173,50.289,50.173,50.289,424,0
ESGU.US,D,20170627,000000,50.293,50.293,49.985,49.985,599,0
ESGU.US,D,20170630,000000,50.02,50.123,50.02,50.123,669,0
ESGU.US,D,20170706,000000,49.847,49.867,49.834,49.867,874,0
ESGU.US,D,20170711,000000,50.057,50.057,50.057,50.057,420,0
ESGU.US,D,20170718,000000,50.699,50.731,50.633,50.731,1161,0
ESGU.US,D,20170726,000000,51.097,51.112,51.097,51.112,480,0
ESGU.US,D,20170727,000000,51.132,51.132,51.132,51.132,141,0
ESGU.US,D,20170731,000000,51.01,51.01,51.01,51.01,424,0
ESGU.US,D,20170802,000000,50.887,50.887,50.887,50.887,3186,0
ESGU.US,D,20170803,000000,50.869,50.945,50.869,50.917,18807,0
ESGU.US,D,20170808,000000,51.199,51.199,51.199,51.199,1192,0
ESGU.US,D,20170811,000000,50.349,50.349,50.349,50.349,101,0
ESGU.US,D,20170814,000000,50.887,50.927,50.633,50.897,1603,0
ESGU.US,D,20170816,000000,50.907,50.907,50.907,50.907,315,0
ESGU.US,D,20170823,000000,50.471,50.498,50.471,50.498,343,0
ESGU.US,D,20170824,000000,50.455,50.527,50.455,50.527,190583,0
ESGU.US,D,20170825,000000,50.623,50.623,50.508,50.547,4398,0
ESGU.US,D,20170828,000000,50.434,50.434,50.434,50.434,217,0
ESGU.US,D,20170830,000000,50.78,50.819,50.78,50.819,1461,0
ESGU.US,D,20170831,000000,50.954,51.074,50.954,51.074,1067,0
ESGU.US,D,20170901,000000,51.225,51.226,51.19,51.19,745,0
ESGU.US,D,20170907,000000,50.93,50.93,50.93,50.93,101,0
ESGU.US,D,20170908,000000,50.927,50.927,50.927,50.927,101,0
ESGU.US,D,20170911,000000,51.292,51.436,51.292,51.416,2341,0
ESGU.US,D,20170912,000000,51.603,51.603,51.603,51.603,116,0
ESGU.US,D,20170913,000000,51.621,51.621,51.621,51.621,101,0
ESGU.US,D,20170914,000000,51.535,51.535,51.492,51.5,9716,0
ESGU.US,D,20170915,000000,51.636,51.636,51.636,51.636,124,0
ESGU.US,D,20170920,000000,51.786,51.786,51.697,51.697,1845,0
ESGU.US,D,20170925,000000,51.688,51.688,51.688,51.688,167,0
ESGU.US,D,20170926,000000,51.626,51.629,51.616,51.629,619,0
ESGU.US,D,20170927,000000,51.568,51.776,51.549,51.767,1057,0
ESGU.US,D,20170928,000000,51.734,51.815,51.734,51.815,578,0
ESGU.US,D,20171003,000000,52.279,52.279,52.279,52.279,132,0
ESGU.US,D,20171004,000000,52.326,52.411,52.295,52.295,1998,0
ESGU.US,D,20171005,000000,52.463,52.657,52.463,52.657,7566,0
ESGU.US,D,20171006,000000,52.599,52.636,52.599,52.609,613,0
ESGU.US,D,20171009,000000,52.704,52.704,52.507,52.507,1119,0
ESGU.US,D,20171011,000000,52.694,52.694,52.694,52.694,256,0
ESGU.US,D,20171012,000000,52.752,52.778,52.704,52.704,1440,0
ESGU.US,D,20171013,000000,52.873,52.873,52.837,52.847,1072,0
ESGU.US,D,20171016,000000,52.864,52.864,52.837,52.837,1720,0
ESGU.US,D,20171017,000000,52.988,52.988,52.855,52.875,1019,0
ESGU.US,D,20171018,000000,52.999,53.031,52.998,53.031,399,0
ESGU.US,D,20171019,000000,52.95,53.044,52.915,53.035,786,0
ESGU.US,D,20171023,000000,53.384,53.384,53.086,53.086,813,0
ESGU.US,D,20171024,000000,53.329,53.329,53.213,53.213,1380,0
ESGU.US,D,20171025,000000,53.058,53.058,52.837,52.837,3758,0
ESGU.US,D,20171026,000000,53.083,53.127,53.083,53.127,32786,0
ESGU.US,D,20171027,000000,53.478,53.556,53.469,53.508,24933,0
ESGU.US,D,20171030,000000,53.499,53.499,53.279,53.284,6335,0
ESGU.US,D,20171101,000000,53.499,53.499,53.479,53.479,897,0
ESGU.US,D,20171102,000000,53.303,53.528,53.303,53.528,25920,0
ESGU.US,D,20171103,000000,53.632,53.668,53.469,53.668,4705,0
ESGU.US,D,20171106,000000,53.668,53.744,53.668,53.704,3346,0
ESGU.US,D,20171107,000000,53.651,53.651,53.651,53.651,10498,0
ESGU.US,D,20171108,000000,53.716,53.792,53.687,53.792,14474,0
ESGU.US,D,20171109,000000,53.347,53.537,53.347,53.537,4067,0
ESGU.US,D,20171110,000000,53.399,53.528,53.399,53.528,3034,0
ESGU.US,D,20171113,000000,53.499,53.546,53.453,53.479,5313,0
ESGU.US,D,20171114,000000,53.273,53.438,53.273,53.398,3114,0
ESGU.US,D,20171115,000000,53.208,53.292,53.208,53.213,975,0
ESGU.US,D,20171116,000000,53.632,53.64,53.56,53.603,1935,0
ESGU.US,D,20171117,000000,53.489,53.523,53.385,53.449,3230,0
ESGU.US,D,20171120,000000,53.594,53.594,53.449,53.489,9064,0
ESGU.US,D,20171121,000000,53.715,53.83,53.677,53.82,5613,0
ESGU.US,D,20171122,000000,53.82,53.82,53.759,53.819,2000,0
ESGU.US,D,20171124,000000,53.815,53.916,53.801,53.916,3560,0
ESGU.US,D,20171127,000000,53.933,53.933,53.93,53.93,772,0
ESGU.US,D,20171128,000000,54.369,54.369,54.369,54.369,399,0
ESGU.US,D,20171129,000000,54.519,54.519,54.339,54.397,5921,0
ESGU.US,D,20171130,000000,54.723,54.993,54.723,54.869,675,0
ESGU.US,D,20171201,000000,54.86,54.86,54.369,54.651,1942,0
ESGU.US,D,20171204,000000,55.105,55.105,54.775,54.803,1405,0
ESGU.US,D,20171205,000000,54.811,54.811,54.571,54.571,4595,0
ESGU.US,D,20171207,000000,54.369,54.603,54.293,54.519,3545,0
ESGU.US,D,20171208,000000,54.757,54.757,54.757,54.757,593,0
ESGU.US,D,20171211,000000,54.808,54.966,54.808,54.958,9542,0
ESGU.US,D,20171212,000000,55.038,55.047,55.021,55.047,3099,0
ESGU.US,D,20171213,000000,55.184,55.203,55.135,55.184,2139,0
ESGU.US,D,20171214,000000,55.076,55.076,54.9,54.9,1232,0
ESGU.US,D,20171215,000000,55.39,55.39,55.38,55.38,4825,0
ESGU.US,D,20171218,000000,55.682,55.682,55.584,55.584,2149,0
ESGU.US,D,20171219,000000,55.413,55.413,55.308,55.317,1563,0
ESGU.US,D,20171220,000000,55.621,55.621,55.261,55.332,1984,0
ESGU.US,D,20171221,000000,55.423,55.512,55.423,55.49,1717,0
ESGU.US,D,20171222,000000,55.517,55.517,55.363,55.363,524,0
ESGU.US,D,20171226,000000,55.299,55.316,55.289,55.316,4892,0
ESGU.US,D,20171227,000000,55.317,55.317,55.317,55.317,289,0
ESGU.US,D,20171228,000000,55.393,55.393,55.393,55.393,819,0
ESGU.US,D,20171229,000000,55.403,55.403,55.362,55.363,4222,0
ESGU.US,D,20180102,000000,55.373,55.507,55.373,55.49,1187,0
ESGU.US,D,20180103,000000,55.806,55.962,55.806,55.962,1863,0
ESGU.US,D,20180104,000000,56.234,56.257,56.206,56.257,1081,0
ESGU.US,D,20180105,000000,56.504,56.513,56.358,56.512,7702,0
ESGU.US,D,20180108,000000,56.665,56.723,56.558,56.686,9456,0
ESGU.US,D,20180109,000000,56.636,56.957,56.636,56.957,1543,0
ESGU.US,D,20180110,000000,56.57,56.57,56.532,56.532,590,0
ESGU.US,D,20180111,000000,56.857,56.857,56.857,56.857,395,0
ESGU.US,D,20180112,000000,57.321,57.462,57.321,57.462,647,0
ESGU.US,D,20180116,000000,57.568,57.568,57.4,57.4,562,0
ESGU.US,D,20180117,000000,57.812,57.932,57.812,57.932,10983,0
ESGU.US,D,20180118,000000,57.699,57.908,57.699,57.908,1572,0
ESGU.US,D,20180119,000000,57.917,57.927,57.91,57.91,1000,0
ESGU.US,D,20180122,000000,58.25,58.412,58.212,58.412,2444,0
ESGU.US,D,20180123,000000,58.724,58.733,58.609,58.63,7798,0
ESGU.US,D,20180124,000000,58.612,58.715,58.525,58.658,1491,0
ESGU.US,D,20180125,000000,58.981,58.981,58.658,58.658,705,0
ESGU.US,D,20180126,000000,59.126,59.39,59.126,59.36,3154,0
ESGU.US,D,20180129,000000,59.199,59.237,59.182,59.237,1380,0
ESGU.US,D,20180130,000000,58.753,58.753,58.439,58.439,9064,0
ESGU.US,D,20180131,000000,58.516,58.516,58.486,58.516,1528,0
ESGU.US,D,20180201,000000,58.303,58.579,58.303,58.429,1925,0
ESGU.US,D,20180202,000000,57.863,57.863,57.162,57.162,664,0
ESGU.US,D,20180205,000000,56.855,57.083,55.049,55.049,1742,0
ESGU.US,D,20180206,000000,55.299,55.299,54.809,54.809,515716,0
ESGU.US,D,20180207,000000,55.743,56.066,55.743,56.066,460,0
ESGU.US,D,20180208,000000,55.686,55.686,54.519,54.519,1599,0
ESGU.US,D,20180209,000000,54.137,54.137,52.727,53.789,3559,0
ESGU.US,D,20180212,000000,54.757,55.289,54.576,55.289,4970,0
ESGU.US,D,20180213,000000,54.642,55.166,54.642,55.142,1456,0
ESGU.US,D,20180214,000000,54.841,55.943,54.841,55.943,25821,0
ESGU.US,D,20180215,000000,56.228,56.408,56.228,56.408,592,0
ESGU.US,D,20180216,000000,56.286,56.947,56.286,56.613,2109,0
ESGU.US,D,20180220,000000,56.456,56.864,56.424,56.57,6584,0
ESGU.US,D,20180221,000000,56.6,56.93,56.6,56.93,3029,0
ESGU.US,D,20180222,000000,57.908,57.908,56.201,56.201,4901,0
ESGU.US,D,20180223,000000,56.484,56.513,56.484,56.496,1456,0
ESGU.US,D,20180226,000000,57.075,57.359,57.075,57.349,8331,0
ESGU.US,D,20180227,000000,57.65,57.767,57.036,57.036,2236,0
ESGU.US,D,20180228,000000,57.235,57.235,56.447,56.447,5719,0
ESGU.US,D,20180301,000000,56.457,56.457,55.287,55.592,5821,0
ESGU.US,D,20180302,000000,55.097,55.639,55.097,55.639,20489,0
ESGU.US,D,20180305,000000,55.811,56.542,55.811,56.542,1092,0
ESGU.US,D,20180306,000000,56.547,56.703,56.366,56.617,2694,0
ESGU.US,D,20180307,000000,56.447,56.674,56.137,56.674,9136,0
ESGU.US,D,20180308,000000,56.977,56.977,56.732,56.855,3420,0
ESGU.US,D,20180309,000000,57.27,57.868,57.225,57.868,8592,0
ESGU.US,D,20180312,000000,57.888,57.927,57.868,57.927,9888,0
ESGU.US,D,20180313,000000,58.089,58.089,57.481,57.481,8199,0
ESGU.US,D,20180314,000000,57.67,57.67,57.13,57.186,23549,0
ESGU.US,D,20180315,000000,57.216,57.375,57.072,57.206,4136,0
ESGU.US,D,20180316,000000,57.301,57.394,57.263,57.394,3811,0
ESGU.US,D,20180319,000000,57.148,57.148,56.352,56.419,12574,0
ESGU.US,D,20180320,000000,56.531,56.6,56.503,56.57,2699,0
ESGU.US,D,20180321,000000,56.791,56.791,56.674,56.674,5643,0
ESGU.US,D,20180322,000000,56,56,55.952,55.952,4295,0
ESGU.US,D,20180323,000000,55.37,55.37,53.916,53.964,28564,0
ESGU.US,D,20180326,000000,54.599,55.35,54.551,55.296,3273,0
ESGU.US,D,20180327,000000,55.619,55.619,54.382,54.382,7047,0
ESGU.US,D,20180328,000000,54.018,54.504,54,54.305,2706,0
ESGU.US,D,20180329,000000,54.552,55.103,54.332,55.019,8299,0
ESGU.US,D,20180402,000000,53.791,53.849,53.343,53.704,6025,0
ESGU.US,D,20180403,000000,53.924,54.269,53.657,54.269,3397,0
ESGU.US,D,20180404,000000,54.037,55.055,54.037,55.055,1316,0
ESGU.US,D,20180405,000000,55.299,55.299,55.299,55.299,180,0
ESGU.US,D,20180406,000000,55.276,55.276,53.952,53.981,8978,0
ESGU.US,D,20180409,000000,54.552,55.123,54.322,54.322,5351,0
ESGU.US,D,20180410,000000,55.103,55.42,54.972,55.323,3894,0
ESGU.US,D,20180411,000000,55.065,55.286,54.99,55.065,11203,0
ESGU.US,D,20180412,000000,55.487,55.647,55.487,55.61,2958,0
ESGU.US,D,20180413,000000,55.932,55.932,55.296,55.497,3234,0
ESGU.US,D,20180416,000000,55.903,56.009,55.799,55.856,3356,0
ESGU.US,D,20180417,000000,56.297,56.457,56.297,56.457,15008,0
ESGU.US,D,20180418,000000,56.627,56.627,56.601,56.601,599,0
ESGU.US,D,20180419,000000,56.361,56.361,56.02,56.123,2406,0
ESGU.US,D,20180420,000000,56.161,56.161,55.624,55.625,2732,0
ESGU.US,D,20180423,000000,55.847,55.847,55.656,55.656,3721,0
ESGU.US,D,20180424,000000,56.113,56.113,54.752,54.771,19410,0
ESGU.US,D,20180425,000000,54.771,55.017,54.771,55.017,547,0
ESGU.US,D,20180426,000000,55.4,55.799,55.4,55.761,21703,0
ESGU.US,D,20180427,000000,55.884,55.884,55.604,55.604,2062,0
ESGU.US,D,20180502,000000,55.306,55.306,55.254,55.276,4046,0
ESGU.US,D,20180503,000000,54.79,54.972,54.219,54.807,44150,0
ESGU.US,D,20180504,000000,55.266,55.6,55.257,55.6,3113,0
ESGU.US,D,20180507,000000,55.778,55.875,55.721,55.854,18308,0
ESGU.US,D,20180508,000000,55.665,55.684,55.497,55.666,34155,0
ESGU.US,D,20180509,000000,55.99,56.295,55.814,56.2,84240,0
ESGU.US,D,20180510,000000,56.513,56.839,56.513,56.771,5143,0
ESGU.US,D,20180511,000000,56.893,56.959,56.767,56.847,15170,0
ESGU.US,D,20180514,000000,57.127,57.127,56.846,56.846,4422,0
ESGU.US,D,20180515,000000,56.484,56.543,56.402,56.417,14143,0
ESGU.US,D,20180516,000000,56.553,56.772,56.553,56.657,3649,0
ESGU.US,D,20180517,000000,56.647,56.847,56.523,56.523,1130,0
ESGU.US,D,20180518,000000,56.684,56.684,56.461,56.563,7100,0
ESGU.US,D,20180521,000000,56.949,57.018,56.852,56.874,1884,0
ESGU.US,D,20180522,000000,57.095,57.095,56.969,57.048,1640,0
ESGU.US,D,20180523,000000,56.533,56.941,56.503,56.941,1211,0
ESGU.US,D,20180524,000000,56.631,56.883,56.631,56.883,2112,0
ESGU.US,D,20180525,000000,56.801,56.811,56.657,56.733,2591,0
ESGU.US,D,20180529,000000,56.438,56.438,55.854,56,4354,0
ESGU.US,D,20180530,000000,56.504,56.932,56.455,56.839,18076,0
ESGU.US,D,20180531,000000,56.657,56.657,56.476,56.484,990,0
ESGU.US,D,20180601,000000,56.913,57.095,56.913,57.028,1866,0
ESGU.US,D,20180604,000000,57.095,57.343,57.095,57.343,2807,0
ESGU.US,D,20180605,000000,57.309,57.369,57.309,57.361,7223,0
ESGU.US,D,20180606,000000,57.494,57.78,57.392,57.78,108820,0
ESGU.US,D,20180607,000000,57.712,57.811,57.639,57.809,16799,0
ESGU.US,D,20180608,000000,57.703,57.991,57.703,57.991,7842,0
ESGU.US,D,20180611,000000,57.895,58.217,57.895,58.18,10325,0
ESGU.US,D,20180612,000000,58.152,58.189,58.046,58.113,1291,0
ESGU.US,D,20180613,000000,58.094,58.247,58.05,58.113,2442,0
ESGU.US,D,20180614,000000,58.142,58.142,58.095,58.133,832,0
ESGU.US,D,20180615,000000,57.747,58.055,57.732,58.055,4413,0
ESGU.US,D,20180618,000000,57.829,58.027,57.664,58.027,6457,0
ESGU.US,D,20180619,000000,57.591,57.742,57.58,57.708,6038,0
ESGU.US,D,20180620,000000,57.941,58.009,57.895,57.912,9588,0
ESGU.US,D,20180621,000000,57.829,57.829,57.543,57.562,3341,0
ESGU.US,D,20180622,000000,57.618,57.689,57.589,57.689,2860,0
ESGU.US,D,20180625,000000,57.436,57.436,56.563,56.563,3033,0
ESGU.US,D,20180626,000000,56.999,57.134,56.999,57.134,1405,0
ESGU.US,D,20180627,000000,57.192,57.361,56.866,56.866,3225,0
ESGU.US,D,20180628,000000,56.447,56.827,56.437,56.827,16308,0
ESGU.US,D,20180629,000000,57.192,57.355,57.154,57.25,7747,0
ESGU.US,D,20180702,000000,56.744,56.806,56.571,56.806,9564,0
ESGU.US,D,20180703,000000,57.241,57.26,56.936,56.943,2012,0
ESGU.US,D,20180705,000000,57,57.337,56.99,57.337,25923,0
ESGU.US,D,20180706,000000,57.46,57.884,57.298,57.874,11961,0
ESGU.US,D,20180709,000000,58.234,58.234,58.195,58.214,6047,0
ESGU.US,D,20180710,000000,58.426,58.521,58.369,58.511,2717,0
ESGU.US,D,20180711,000000,58.224,58.234,58.13,58.13,6224,0
ESGU.US,D,20180712,000000,58.597,58.674,58.55,58.617,13414,0
ESGU.US,D,20180713,000000,58.674,58.721,58.674,58.721,1136,0
ESGU.US,D,20180716,000000,58.847,58.847,58.58,58.631,6837,0
ESGU.US,D,20180717,000000,58.501,58.979,58.501,58.942,8807,0
ESGU.US,D,20180718,000000,58.894,59.058,58.894,59.018,1840,0
ESGU.US,D,20180719,000000,58.969,58.969,58.808,58.837,54404,0
ESGU.US,D,20180720,000000,58.874,58.875,58.75,58.768,27123,0
ESGU.US,D,20180723,000000,58.646,58.865,58.646,58.865,933,0
ESGU.US,D,20180724,000000,59.246,59.246,58.91,58.91,1406,0
ESGU.US,D,20180725,000000,59.126,59.389,59.091,59.372,5553,0
ESGU.US,D,20180726,000000,59.535,59.544,59.489,59.544,6260,0
ESGU.US,D,20180727,000000,59.753,59.753,58.979,59.03,12519,0
ESGU.US,D,20180730,000000,59.189,59.189,58.706,58.73,11489,0
ESGU.US,D,20180731,000000,58.979,59.164,58.959,59.111,7404,0
ESGU.US,D,20180801,000000,59.276,59.276,59.003,59.05,9429,0
ESGU.US,D,20180802,000000,58.847,59.42,58.847,59.36,1223,0
ESGU.US,D,20180803,000000,59.514,59.649,59.491,59.649,20814,0
ESGU.US,D,20180806,000000,59.621,59.971,59.621,59.887,7201,0
ESGU.US,D,20180807,000000,60.089,60.136,60.069,60.136,4593,0
ESGU.US,D,20180808,000000,59.916,60.079,59.916,60.069,5522,0
ESGU.US,D,20180809,000000,60.156,60.156,59.982,60.014,6291,0
ESGU.US,D,20180810,000000,59.724,59.724,59.372,59.419,10172,0
ESGU.US,D,20180813,000000,59.362,59.449,59.232,59.295,1992,0
ESGU.US,D,20180814,000000,59.668,59.678,59.6,59.601,2607,0
ESGU.US,D,20180815,000000,59.429,59.429,58.942,59.189,3755,0
ESGU.US,D,20180816,000000,59.59,59.84,59.564,59.62,13371,0
ESGU.US,D,20180817,000000,59.59,59.952,59.59,59.87,10604,0
ESGU.US,D,20180820,000000,60.059,60.059,59.869,60.02,2049,0
ESGU.US,D,20180821,000000,60.185,60.355,60.185,60.241,23583,0
ESGU.US,D,20180822,000000,60.015,60.214,60.015,60.156,13082,0
ESGU.US,D,20180823,000000,60.204,60.204,60.041,60.111,11655,0
ESGU.US,D,20180824,000000,60.364,60.478,60.364,60.445,13021,0
ESGU.US,D,20180827,000000,60.603,60.958,60.603,60.929,10589,0
ESGU.US,D,20180828,000000,61.015,61.015,60.885,60.958,12500,0
ESGU.US,D,20180829,000000,61.109,61.36,61.015,61.322,8532,0
ESGU.US,D,20180830,000000,61.197,61.264,60.958,61.054,4383,0
ESGU.US,D,20180831,000000,61.063,61.109,60.919,60.92,9154,0
ESGU.US,D,20180904,000000,61.063,61.063,60.76,60.987,15988,0
ESGU.US,D,20180905,000000,60.75,60.796,60.593,60.796,5723,0
ESGU.US,D,20180906,000000,60.861,60.861,60.44,60.638,5270,0
ESGU.US,D,20180907,000000,60.433,60.603,60.293,60.386,11859,0
ESGU.US,D,20180910,000000,60.788,60.788,60.519,60.613,12065,0
ESGU.US,D,20180911,000000,60.585,60.841,60.585,60.805,12901,0
ESGU.US,D,20180912,000000,60.861,60.861,60.618,60.796,5304,0
ESGU.US,D,20180913,000000,61.179,61.179,61.073,61.1,4768,0
ESGU.US,D,20180914,000000,61.179,61.254,61.054,61.197,10959,0
ESGU.US,D,20180917,000000,61.274,61.274,60.814,60.814,11179,0
ESGU.US,D,20180918,000000,61.044,61.244,61.03,61.139,13061,0
ESGU.US,D,20180919,000000,61.188,61.206,61.11,61.129,10246,0
ESGU.US,D,20180920,000000,61.551,61.791,61.551,61.781,8100,0
ESGU.US,D,20180921,000000,61.914,61.914,61.684,61.684,2421,0
ESGU.US,D,20180924,000000,61.351,61.485,61.351,61.485,14455,0
ESGU.US,D,20180925,000000,61.523,61.523,61.333,61.339,3576,0
ESGU.US,D,20180926,000000,61.524,61.6,61.128,61.128,15025,0
ESGU.US,D,20180927,000000,61.254,61.581,61.254,61.446,21248,0
ESGU.US,D,20180928,000000,61.206,61.426,61.206,61.378,5598,0
ESGU.US,D,20181001,000000,61.793,61.832,61.448,61.461,26497,0
ESGU.US,D,20181002,000000,61.581,61.66,61.495,61.591,33987,0
ESGU.US,D,20181003,000000,61.6,61.813,61.495,61.552,11447,0
ESGU.US,D,20181004,000000,61.542,61.542,60.679,61.014,15272,0
ESGU.US,D,20181005,000000,61.178,61.178,60.38,60.669,13494,0
ESGU.US,D,20181008,000000,60.449,60.659,60.168,60.582,11106,0
ESGU.US,D,20181009,000000,60.498,60.576,60.498,60.576,3449,0
ESGU.US,D,20181010,000000,59.793,59.901,58.893,58.893,18595,0
ESGU.US,D,20181011,000000,58.357,58.635,57.118,57.386,30008,0
ESGU.US,D,20181012,000000,58.144,58.144,57.503,58.098,11258,0
ESGU.US,D,20181015,000000,58.059,58.059,57.723,57.723,4009,0
ESGU.US,D,20181016,000000,58.142,58.98,58.142,58.97,37084,0
ESGU.US,D,20181017,000000,59.029,59.029,58.625,58.796,9795,0
ESGU.US,D,20181018,000000,58.694,58.694,57.915,58.078,2717,0
ESGU.US,D,20181019,000000,58.289,58.52,57.86,58.049,8644,0
ESGU.US,D,20181022,000000,58.232,58.232,57.673,57.753,2169,0
ESGU.US,D,20181023,000000,56.946,57.704,56.559,57.445,8621,0
ESGU.US,D,20181024,000000,57.523,57.523,55.698,55.698,12172,0
ESGU.US,D,20181025,000000,56.179,57.023,56.179,56.687,17127,0
ESGU.US,D,20181026,000000,55.641,56.054,55.064,55.651,13556,0
ESGU.US,D,20181029,000000,56.366,56.366,54.692,55.342,7145,0
ESGU.US,D,20181030,000000,55.546,56.007,55.44,55.934,20154,0
ESGU.US,D,20181031,000000,56.882,57.192,56.85,57.192,1325,0
ESGU.US,D,20181101,000000,57.098,57.445,57.096,57.445,6081,0
ESGU.US,D,20181102,000000,57.532,57.532,56.717,57.072,2768,0
ESGU.US,D,20181105,000000,57.016,57.435,57.016,57.435,10359,0
ESGU.US,D,20181106,000000,57.465,57.594,57.405,57.585,3729,0
ESGU.US,D,20181107,000000,58.327,59.019,58.222,59.019,10626,0
ESGU.US,D,20181108,000000,58.97,59.059,58.726,58.726,3854,0
ESGU.US,D,20181109,000000,58.346,58.346,58.182,58.289,8445,0
ESGU.US,D,20181112,000000,58.406,58.406,57.406,57.406,17174,0
ESGU.US,D,20181113,000000,57.523,57.635,57.244,57.254,20246,0
ESGU.US,D,20181114,000000,57.561,57.561,56.495,56.824,23758,0
ESGU.US,D,20181115,000000,56.514,57.551,56.467,57.454,14003,0
ESGU.US,D,20181116,000000,57.396,57.721,57.186,57.58,6994,0
ESGU.US,D,20181119,000000,57.283,57.283,56.477,56.629,6906,0
ESGU.US,D,20181120,000000,55.688,55.987,55.489,55.614,33066,0
ESGU.US,D,20181121,000000,56.083,56.083,55.834,55.834,3744,0
ESGU.US,D,20181123,000000,55.517,55.726,55.517,55.726,1098,0
ESGU.US,D,20181126,000000,56.139,56.4,56.034,56.4,3743,0
ESGU.US,D,20181127,000000,56.285,56.629,56.083,56.629,24747,0
ESGU.US,D,20181128,000000,56.668,57.906,56.572,57.906,46360,0
ESGU.US,D,20181129,000000,57.571,57.974,57.34,57.695,22727,0
ESGU.US,D,20181130,000000,57.753,58.117,57.685,58.117,16632,0
ESGU.US,D,20181203,000000,58.875,58.915,58.5,58.75,12321,0
ESGU.US,D,20181204,000000,58.798,58.798,56.907,56.907,17199,0
ESGU.US,D,20181206,000000,56.179,57.003,55.517,57.003,60479,0
ESGU.US,D,20181207,000000,56.927,57.018,55.499,55.584,28429,0
ESGU.US,D,20181210,000000,55.507,55.843,54.682,55.669,51334,0
ESGU.US,D,20181211,000000,56.341,56.349,55.669,55.669,5610,0
ESGU.US,D,20181212,000000,56.265,56.629,56.164,56.193,8044,0
ESGU.US,D,20181213,000000,56.208,56.371,55.715,55.789,7037,0
ESGU.US,D,20181214,000000,55.566,55.566,54.844,54.877,19586,0
ESGU.US,D,20181217,000000,54.401,54.857,53.505,53.581,28417,0
ESGU.US,D,20181218,000000,54.284,54.304,53.484,53.792,37628,0
ESGU.US,D,20181219,000000,53.658,54.459,52.966,53.05,47660,0
ESGU.US,D,20181220,000000,52.82,53.003,51.623,52.011,125038,0
ESGU.US,D,20181221,000000,52.512,52.83,50.872,50.978,137059,0
ESGU.US,D,20181224,000000,50.483,50.891,49.646,49.655,69535,0
ESGU.US,D,20181226,000000,50.06,52.182,49.536,52.182,74093,0
ESGU.US,D,20181227,000000,51.034,52.3,50.696,52.3,38132,0
ESGU.US,D,20181228,000000,52.925,53.225,52.29,52.375,60616,0
ESGU.US,D,20181231,000000,52.945,53.022,52.424,53.022,177129,0
ESGU.US,D,20190102,000000,52.047,53.06,52.047,52.83,25086,0
ESGU.US,D,20190103,000000,52.365,52.453,51.603,51.603,21369,0
ESGU.US,D,20190104,000000,52.429,53.503,52.429,53.485,37555,0
ESGU.US,D,20190107,000000,53.495,54.164,53.495,53.833,4273,0
ESGU.US,D,20190108,000000,54.498,54.498,53.863,54.442,21784,0
ESGU.US,D,20190109,000000,54.543,54.778,54.345,54.586,22494,0
ESGU.US,D,20190110,000000,54.375,54.806,54.164,54.806,34696,0
ESGU.US,D,20190111,000000,54.673,54.826,54.545,54.803,12038,0
ESGU.US,D,20190114,000000,54.517,54.701,54.477,54.624,22181,0
ESGU.US,D,20190115,000000,54.712,55.156,54.527,55.126,13820,0
ESGU.US,D,20190116,000000,55.146,55.484,55.146,55.271,13522,0
ESGU.US,D,20190117,000000,55.261,55.744,55.261,55.695,6790,0
ESGU.US,D,20190118,000000,56.882,56.882,55.957,56.285,15067,0
ESGU.US,D,20190122,000000,56.208,56.208,55.357,55.503,36748,0
ESGU.US,D,20190123,000000,55.792,56.065,55.288,55.792,16544,0
ESGU.US,D,20190124,000000,55.667,55.892,55.591,55.812,74525,0
ESGU.US,D,20190125,000000,56.206,56.391,56.189,56.257,15936,0
ESGU.US,D,20190128,000000,55.917,55.917,55.522,55.889,32879,0
ESGU.US,D,20190129,000000,55.921,56.016,55.648,55.754,31167,0
ESGU.US,D,20190130,000000,56.218,56.798,55.957,56.662,46693,0
ESGU.US,D,20190131,000000,56.487,57.196,56.487,57.173,34010,0
ESGU.US,D,20190201,000000,57.357,57.372,57.009,57.144,18883,0
ESGU.US,D,20190204,000000,57.309,57.531,57.129,57.437,9338,0
ESGU.US,D,20190205,000000,57.579,57.85,57.579,57.845,39448,0
ESGU.US,D,20190206,000000,57.916,57.916,57.635,57.82,14305,0
ESGU.US,D,20190207,000000,57.55,57.55,56.907,57.261,16968,0
ESGU.US,D,20190208,000000,57.144,57.213,56.902,57.193,13348,0
ESGU.US,D,20190211,000000,57.599,57.599,57.269,57.433,10177,0
ESGU.US,D,20190212,000000,57.86,58.177,57.834,58.1,15088,0
ESGU.US,D,20190213,000000,58.327,58.455,58.235,58.381,11728,0
ESGU.US,D,20190214,000000,58.206,58.366,57.965,58.313,49241,0
ESGU.US,D,20190215,000000,58.597,58.732,58.534,58.703,74437,0
ESGU.US,D,20190219,000000,58.727,59.047,58.714,58.94,16275,0
ESGU.US,D,20190220,000000,58.912,59.153,58.862,58.997,64793,0
ESGU.US,D,20190221,000000,58.796,58.987,58.642,58.715,9427,0
ESGU.US,D,20190222,000000,59.153,59.219,58.997,59.173,27511,0
ESGU.US,D,20190225,000000,59.673,59.673,59.296,59.296,14697,0
ESGU.US,D,20190226,000000,59.047,59.358,59.047,59.326,34809,0
ESGU.US,D,20190227,000000,59.173,59.306,59.003,59.306,21306,0
ESGU.US,D,20190228,000000,59.125,59.228,59.003,59.134,32390,0
ESGU.US,D,20190301,000000,59.462,59.539,59.252,59.462,30405,0
ESGU.US,D,20190304,000000,59.71,59.71,58.862,59.142,14965,0
ESGU.US,D,20190305,000000,59.384,59.404,59.065,59.219,19511,0
ESGU.US,D,20190306,000000,59.277,59.277,58.689,58.804,32725,0
ESGU.US,D,20190307,000000,58.794,58.794,58.088,58.158,11230,0
ESGU.US,D,20190308,000000,57.926,58.146,57.735,58.146,51685,0
ESGU.US,D,20190311,000000,58.495,59.047,58.488,59.047,20539,0
ESGU.US,D,20190312,000000,59.238,59.394,59.181,59.219,28317,0
ESGU.US,D,20190313,000000,59.605,59.896,59.489,59.692,19635,0
ESGU.US,D,20190314,000000,59.867,59.905,59.595,59.662,13622,0
ESGU.US,D,20190315,000000,59.796,60.078,59.796,59.951,16392,0
ESGU.US,D,20190318,000000,60.175,60.205,59.994,60.195,43031,0
ESGU.US,D,20190319,000000,60.552,60.588,60.043,60.088,11999,0
ESGU.US,D,20190320,000000,60.098,60.396,59.836,60.033,31329,0
ESGU.US,D,20190321,000000,59.923,60.768,59.923,60.728,12608,0
ESGU.US,D,20190322,000000,60.146,60.146,59.547,59.547,28936,0
ESGU.US,D,20190325,000000,59.574,59.625,59.187,59.47,17707,0
ESGU.US,D,20190326,000000,59.99,60.068,59.652,59.914,19535,0
ESGU.US,D,20190327,000000,60.028,60.028,59.351,59.593,22250,0
ESGU.US,D,20190328,000000,59.836,59.914,59.613,59.796,22136,0
ESGU.US,D,20190329,000000,60.088,60.253,60.028,60.195,7066,0
ESGU.US,D,20190401,000000,60.581,60.94,60.581,60.918,11619,0
ESGU.US,D,20190402,000000,60.94,61.058,60.823,61.058,51386,0
ESGU.US,D,20190403,000000,61.269,61.376,61.038,61.038,16704,0
ESGU.US,D,20190404,000000,61.28,61.28,61.058,61.173,15122,0
ESGU.US,D,20190405,000000,61.396,61.541,61.396,61.474,13445,0
ESGU.US,D,20190408,000000,61.357,61.655,61.357,61.655,90336,0
ESGU.US,D,20190409,000000,61.348,61.444,61.193,61.193,28939,0
ESGU.US,D,20190410,000000,61.341,61.541,61.319,61.493,18150,0
ESGU.US,D,20190411,000000,61.57,61.608,61.412,61.541,13500,0
ESGU.US,D,20190412,000000,62.035,62.035,61.814,61.947,10113,0
ESGU.US,D,20190415,000000,62.132,62.132,61.73,61.918,12289,0
ESGU.US,D,20190416,000000,62.113,62.113,61.857,62.006,29851,0
ESGU.US,D,20190417,000000,62.123,62.123,61.717,61.755,6588,0
ESGU.US,D,20190418,000000,61.675,61.977,61.655,61.901,11788,0
ESGU.US,D,20190422,000000,61.928,61.997,61.735,61.997,16312,0
ESGU.US,D,20190423,000000,62.191,62.573,62.113,62.5,15914,0
ESGU.US,D,20190424,000000,62.511,62.618,62.408,62.49,19036,0
ESGU.US,D,20190425,000000,62.538,62.558,62.216,62.423,12664,0
ESGU.US,D,20190426,000000,62.354,62.526,62.184,62.519,22497,0
ESGU.US,D,20190429,000000,62.771,62.825,62.618,62.741,61739,0
ESGU.US,D,20190430,000000,62.701,62.82,62.305,62.82,94426,0
ESGU.US,D,20190501,000000,63.043,63.043,62.285,62.285,25468,0
ESGU.US,D,20190502,000000,62.345,63.373,61.802,62.054,49104,0
ESGU.US,D,20190503,000000,62.598,62.791,62.458,62.737,47441,0
ESGU.US,D,20190506,000000,61.824,62.548,61.824,62.51,49329,0
ESGU.US,D,20190507,000000,62.044,62.064,61.16,61.464,30388,0
ESGU.US,D,20190508,000000,61.24,61.745,61.24,61.619,100337,0
ESGU.US,D,20190509,000000,60.98,61.25,60.521,61.211,22638,0
ESGU.US,D,20190510,000000,61.085,61.193,60.34,61.153,17307,0
ESGU.US,D,20190513,000000,60.338,60.338,59.744,59.886,33281,0
ESGU.US,D,20190514,000000,60.048,60.805,60.048,60.456,47897,0
ESGU.US,D,20190515,000000,60.058,60.94,60.021,60.811,20865,0
ESGU.US,D,20190516,000000,61.357,61.646,61.329,61.329,163159,0
ESGU.US,D,20190517,000000,61.028,61.524,60.97,61.008,30016,0
ESGU.US,D,20190520,000000,60.52,60.758,60.406,60.581,19467,0
ESGU.US,D,20190521,000000,61.048,61.123,60.95,61.076,65327,0
ESGU.US,D,20190522,000000,60.918,61.076,60.86,60.993,23217,0
ESGU.US,D,20190523,000000,60.535,60.535,59.842,60.154,16729,0
ESGU.US,D,20190524,000000,60.48,60.505,60.214,60.214,46957,0
ESGU.US,D,20190528,000000,60.486,60.581,59.807,59.841,17459,0
ESGU.US,D,20190529,000000,59.307,59.439,59.003,59.42,12099,0
ESGU.US,D,20190530,000000,59.583,59.619,59.183,59.391,61061,0
ESGU.US,D,20190531,000000,58.878,58.99,58.665,58.741,16699,0
ESGU.US,D,20190603,000000,58.451,58.866,58.228,58.606,68069,0
ESGU.US,D,20190604,000000,59.225,59.661,58.973,59.661,21426,0
ESGU.US,D,20190605,000000,60.273,60.301,59.749,60.291,19231,0
ESGU.US,D,20190606,000000,60.301,60.832,60.263,60.689,30211,0
ESGU.US,D,20190607,000000,60.98,61.56,60.98,61.366,11766,0
ESGU.US,D,20190610,000000,61.814,62.035,61.646,61.755,31107,0
ESGU.US,D,20190611,000000,62.229,62.229,61.468,61.626,23557,0
ESGU.US,D,20190612,000000,61.636,61.675,61.454,61.513,18066,0
ESGU.US,D,20190613,000000,61.655,61.824,61.626,61.764,7931,0
ESGU.US,D,20190614,000000,61.541,61.824,61.541,61.725,9988,0
ESGU.US,D,20190617,000000,61.909,61.909,61.705,61.705,14193,0
ESGU.US,D,20190618,000000,62.259,62.622,62.259,62.328,35710,0
ESGU.US,D,20190619,000000,62.278,62.669,62.278,62.651,39957,0
ESGU.US,D,20190620,000000,63.022,63.214,62.913,63.087,18876,0
ESGU.US,D,20190621,000000,63.167,63.271,63.025,63.136,15212,0
ESGU.US,D,20190624,000000,63.223,63.223,62.97,62.985,21910,0
ESGU.US,D,20190625,000000,62.815,62.815,62.338,62.348,26858,0
ESGU.US,D,20190626,000000,62.455,62.494,62.295,62.305,20218,0
ESGU.US,D,20190627,000000,62.492,62.572,62.357,62.542,22306,0
ESGU.US,D,20190628,000000,62.612,62.893,62.602,62.796,23211,0
ESGU.US,D,20190701,000000,63.74,63.74,63.147,63.457,30512,0
ESGU.US,D,20190702,000000,63.514,63.514,63.223,63.409,18518,0
ESGU.US,D,20190703,000000,63.866,63.973,63.721,63.96,7277,0
ESGU.US,D,20190705,000000,63.653,63.983,63.574,63.866,27533,0
ESGU.US,D,20190708,000000,63.544,63.691,63.438,63.653,66598,0
ESGU.US,D,20190709,000000,63.428,63.682,63.408,63.682,14871,0
ESGU.US,D,20190710,000000,64.149,64.149,63.771,63.928,15522,0
ESGU.US,D,20190711,000000,64.207,64.207,63.914,63.98,22054,0
ESGU.US,D,20190712,000000,64.241,64.372,64.159,64.349,24798,0
ESGU.US,D,20190715,000000,64.644,64.644,64.303,64.421,9025,0
ESGU.US,D,20190716,000000,64.556,64.556,64.197,64.265,24555,0
ESGU.US,D,20190717,000000,64.342,64.342,63.847,63.872,19985,0
ESGU.US,D,20190718,000000,63.74,64.061,63.564,63.973,17234,0
ESGU.US,D,20190719,000000,64.188,64.207,63.624,63.701,16309,0
ESGU.US,D,20190722,000000,63.818,63.846,63.633,63.818,16743,0
ESGU.US,D,20190723,000000,64.225,64.274,63.902,64.225,30007,0
ESGU.US,D,20190724,000000,64.604,64.604,64.021,64.604,16917,0
ESGU.US,D,20190725,000000,64.674,64.674,64.149,64.197,20847,0
ESGU.US,D,20190726,000000,64.547,64.743,64.51,64.664,31128,0
ESGU.US,D,20190729,000000,64.819,64.819,64.471,64.634,19251,0
ESGU.US,D,20190730,000000,64.362,64.614,64.331,64.451,20701,0
ESGU.US,D,20190731,000000,64.547,64.614,63.448,63.973,22391,0
ESGU.US,D,20190801,000000,63.953,64.441,63.117,63.361,31343,0
ESGU.US,D,20190802,000000,63.137,63.137,62.407,62.499,26958,0
ESGU.US,D,20190805,000000,61.853,61.853,60.38,60.926,37462,0
ESGU.US,D,20190806,000000,61.082,61.636,60.897,61.579,108376,0
ESGU.US,D,20190807,000000,60.719,61.804,60.42,61.655,26950,0
ESGU.US,D,20190808,000000,62.036,62.855,62.027,62.855,31228,0
ESGU.US,D,20190809,000000,62.756,62.756,62.073,62.513,16168,0
ESGU.US,D,20190812,000000,61.978,62.125,61.6,61.632,26158,0
ESGU.US,D,20190813,000000,61.512,62.855,61.512,62.526,27771,0
ESGU.US,D,20190814,000000,61.735,61.755,60.785,60.9,48091,0
ESGU.US,D,20190815,000000,60.81,61.015,60.44,60.926,26190,0
ESGU.US,D,20190816,000000,61.374,61.794,61.374,61.745,33697,0
ESGU.US,D,20190819,000000,62.542,62.602,62.397,62.587,22375,0
ESGU.US,D,20190820,000000,62.494,62.494,62.046,62.046,48068,0
ESGU.US,D,20190821,000000,62.607,62.618,62.397,62.527,19342,0
ESGU.US,D,20190822,000000,62.744,62.744,62.115,62.494,54138,0
ESGU.US,D,20190823,000000,62.175,62.491,60.634,60.926,22045,0
ESGU.US,D,20190826,000000,61.447,61.618,61.064,61.618,57236,0
ESGU.US,D,20190827,000000,61.948,61.948,61.2,61.453,49024,0
ESGU.US,D,20190828,000000,61.11,61.814,61.11,61.814,45726,0
ESGU.US,D,20190829,000000,62.231,62.651,62.231,62.632,38650,0
ESGU.US,D,20190830,000000,62.868,63.078,62.436,62.582,33268,0
ESGU.US,D,20190903,000000,62.298,62.298,62,62.222,2350341,0
ESGU.US,D,20190904,000000,62.863,62.912,62.582,62.893,31049,0
ESGU.US,D,20190905,000000,63.604,63.904,63.604,63.749,26668,0
ESGU.US,D,20190906,000000,63.721,63.944,63.682,63.828,33832,0
ESGU.US,D,20190909,000000,63.908,63.963,63.639,63.808,26926,0
ESGU.US,D,20190910,000000,63.495,63.721,63.375,63.721,33536,0
ESGU.US,D,20190911,000000,63.983,64.159,63.808,64.129,30038,0
ESGU.US,D,20190912,000000,64.594,64.694,64.332,64.556,30687,0
ESGU.US,D,20190913,000000,64.723,64.723,64.347,64.451,34138,0
ESGU.US,D,20190916,000000,64.303,64.341,64.12,64.26,24755,0
ESGU.US,D,20190917,000000,64.323,64.402,64.166,64.388,2951302,0
ESGU.US,D,20190918,000000,64.451,64.451,63.788,64.372,29366,0
ESGU.US,D,20190919,000000,64.382,64.733,64.382,64.382,40035,0
ESGU.US,D,20190920,000000,64.674,64.674,64.049,64.178,26201,0
ESGU.US,D,20190923,000000,64.081,64.246,63.924,64.129,37387,0
ESGU.US,D,20190924,000000,64.394,64.422,63.395,63.526,31508,0
ESGU.US,D,20190925,000000,63.58,63.983,63.32,63.979,36396,0
ESGU.US,D,20190926,000000,64.041,64.041,63.494,63.866,72591,0
ESGU.US,D,20190927,000000,64.119,64.119,63.231,63.476,32206,0
ESGU.US,D,20190930,000000,63.729,63.941,63.635,63.72,42341,0
ESGU.US,D,20191001,000000,64.119,65.075,62.983,63.086,54927,0
ESGU.US,D,20191002,000000,62.724,62.724,61.614,61.847,51304,0
ESGU.US,D,20191003,000000,61.8,62.481,61.259,62.481,44393,0
ESGU.US,D,20191004,000000,62.714,63.241,62.619,63.231,45581,0
ESGU.US,D,20191007,000000,62.899,63.427,62.899,63.081,54980,0
ESGU.US,D,20191008,000000,62.666,62.666,61.975,61.984,43158,0
ESGU.US,D,20191009,000000,62.466,62.764,62.317,62.583,56853,0
ESGU.US,D,20191010,000000,62.657,63.202,62.539,62.948,66869,0
ESGU.US,D,20191011,000000,63.842,64.217,63.768,63.768,112169,0
ESGU.US,D,20191014,000000,63.618,63.788,63.603,63.652,291836,0
ESGU.US,D,20191015,000000,64.002,64.402,63.958,64.313,50589,0
ESGU.US,D,20191016,000000,64.099,64.275,64.012,64.1,81536,0
ESGU.US,D,20191017,000000,64.482,64.51,64.176,64.303,85557,0
ESGU.US,D,20191018,000000,64.303,64.303,63.788,64.012,82438,0
ESGU.US,D,20191021,000000,64.492,64.557,64.265,64.519,65038,0
ESGU.US,D,20191022,000000,64.635,64.665,64.288,64.288,44384,0
ESGU.US,D,20191023,000000,64.284,64.442,64.133,64.442,62575,0
ESGU.US,D,20191024,000000,64.793,64.793,64.392,64.625,64325,0
ESGU.US,D,20191025,000000,64.528,65.027,64.528,64.958,37313,0
ESGU.US,D,20191028,000000,65.376,65.455,65.31,65.445,46847,0
ESGU.US,D,20191029,000000,65.395,65.552,65.285,65.338,81425,0
ESGU.US,D,20191030,000000,65.523,65.572,65.206,65.514,38458,0
ESGU.US,D,20191031,000000,65.62,65.62,65.032,65.356,106127,0
ESGU.US,D,20191101,000000,65.776,65.953,65.73,65.874,49806,0
ESGU.US,D,20191104,000000,66.459,66.459,66.186,66.283,32633,0
ESGU.US,D,20191105,000000,66.45,66.45,66.1,66.137,45809,0
ESGU.US,D,20191106,000000,66.137,66.205,65.995,66.185,50805,0
ESGU.US,D,20191107,000000,66.643,66.673,66.371,66.371,30298,0
ESGU.US,D,20191108,000000,66.263,66.624,66.263,66.624,48542,0
ESGU.US,D,20191111,000000,66.43,66.527,66.303,66.459,36420,0
ESGU.US,D,20191112,000000,66.624,66.848,66.493,66.593,36133,0
ESGU.US,D,20191113,000000,66.536,66.731,66.45,66.619,57626,0
ESGU.US,D,20191114,000000,66.653,66.741,66.507,66.726,58363,0
ESGU.US,D,20191115,000000,67.395,67.395,66.935,67.176,56813,0
ESGU.US,D,20191118,000000,67.306,67.366,67.121,67.286,39492,0
ESGU.US,D,20191119,000000,67.356,67.442,67.189,67.39,45363,0
ESGU.US,D,20191120,000000,67.316,67.356,66.731,67.054,61321,0
ESGU.US,D,20191121,000000,67.276,67.276,66.825,67.013,52562,0
ESGU.US,D,20191122,000000,67.166,67.188,66.906,67.093,87328,0
ESGU.US,D,20191125,000000,67.462,67.633,67.462,67.609,95255,0
ESGU.US,D,20191126,000000,67.803,67.871,67.667,67.827,47144,0
ESGU.US,D,20191127,000000,68.086,68.134,67.9,68.124,262926,0
ESGU.US,D,20191129,000000,68.31,68.31,67.822,67.828,86276,0
ESGU.US,D,20191202,000000,67.822,67.852,67.177,67.189,59423,0
ESGU.US,D,20191203,000000,66.634,66.878,66.283,66.78,184690,0
ESGU.US,D,20191204,000000,66.993,67.403,66.993,67.294,31374,0
ESGU.US,D,20191205,000000,67.55,67.55,67.151,67.328,31768,0
ESGU.US,D,20191206,000000,67.677,68.076,67.677,67.979,47285,0
ESGU.US,D,20191209,000000,67.961,68.037,67.725,67.725,35303,0
ESGU.US,D,20191210,000000,67.911,67.911,67.627,67.663,484635,0
ESGU.US,D,20191211,000000,67.941,67.941,67.718,67.842,26770,0
ESGU.US,D,20191212,000000,67.961,68.561,67.842,68.456,46131,0
ESGU.US,D,20191213,000000,68.525,68.751,68.311,68.466,35488,0
ESGU.US,D,20191216,000000,68.918,69.085,68.888,68.943,38947,0
ESGU.US,D,20191217,000000,69.173,69.173,68.908,68.908,64576,0
ESGU.US,D,20191218,000000,68.918,69.103,68.918,69.008,46523,0
ESGU.US,D,20191219,000000,69.163,69.314,69.03,69.224,38326,0
ESGU.US,D,20191220,000000,69.585,69.741,69.536,69.688,41087,0
ESGU.US,D,20191223,000000,69.937,69.937,69.672,69.699,34829,0
ESGU.US,D,20191224,000000,69.682,69.731,69.656,69.702,18415,0
ESGU.US,D,20191226,000000,69.711,70.112,69.711,70.112,37156,0
ESGU.US,D,20191227,000000,70.122,70.201,69.995,70.092,71008,0
ESGU.US,D,20191230,000000,70.005,70.005,69.594,69.648,36205,0
ESGU.US,D,20191231,000000,69.663,69.853,69.486,69.819,57947,0
ESGU.US,D,20200102,000000,70.151,70.455,70.005,70.454,52589,0
ESGU.US,D,20200103,000000,69.819,70.261,69.819,70.049,44633,0
ESGU.US,D,20200106,000000,69.731,70.28,69.731,70.266,42261,0
ESGU.US,D,20200107,000000,70.271,70.271,70.038,70.082,52130,0
ESGU.US,D,20200108,000000,70.025,70.77,70.025,70.455,53174,0
ESGU.US,D,20200109,000000,70.846,70.984,70.748,70.943,78410,0
ESGU.US,D,20200110,000000,71.199,71.199,70.701,70.701,99336,0
ESGU.US,D,20200113,000000,71.113,71.367,70.967,71.344,87299,0
ESGU.US,D,20200114,000000,71.367,71.488,71.159,71.268,46242,0
ESGU.US,D,20200115,000000,71.327,71.621,71.218,71.387,15743879,0
ESGU.US,D,20200116,000000,71.796,72.011,71.693,72.011,2477588,0
ESGU.US,D,20200117,000000,72.354,72.354,72.05,72.248,1696644,0
ESGU.US,D,20200121,000000,72.179,72.325,72.07,72.159,2496357,0
ESGU.US,D,20200122,000000,72.433,72.551,72.154,72.208,2147473,0
ESGU.US,D,20200123,000000,72.14,72.325,71.781,72.285,881932,0
ESGU.US,D,20200124,000000,72.589,72.589,71.387,71.661,519240,0
ESGU.US,D,20200127,000000,70.544,70.915,70.349,70.593,425970,0
ESGU.US,D,20200128,000000,71.034,71.521,70.793,71.318,599577,0
ESGU.US,D,20200129,000000,71.736,71.736,71.215,71.238,905664,0
ESGU.US,D,20200130,000000,70.925,71.571,70.71,71.571,387262,0
ESGU.US,D,20200131,000000,71.571,71.571,70.065,70.271,418429,0
ESGU.US,D,20200203,000000,70.671,71.278,70.671,70.906,416399,0
ESGU.US,D,20200204,000000,71.806,72.218,71.68,72.041,379122,0
ESGU.US,D,20200205,000000,72.824,72.824,72.248,72.717,315714,0
ESGU.US,D,20200206,000000,73.04,73.04,72.681,72.883,258753,0
ESGU.US,D,20200207,000000,72.804,72.863,72.443,72.609,325305,0
ESGU.US,D,20200210,000000,72.551,73.098,72.403,73.098,264162,0
ESGU.US,D,20200211,000000,73.52,73.627,73.167,73.275,309821,0
ESGU.US,D,20200212,000000,73.755,73.755,73.505,73.706,275139,0
ESGU.US,D,20200213,000000,73.51,73.871,73.3,73.647,337432,0
ESGU.US,D,20200214,000000,73.862,73.862,73.506,73.794,274116,0
ESGU.US,D,20200218,000000,73.735,73.735,73.295,73.627,370849,0
ESGU.US,D,20200219,000000,73.911,74.127,73.803,73.991,256012,0
ESGU.US,D,20200220,000000,73.991,74.057,72.953,73.706,351772,0
ESGU.US,D,20200221,000000,73.5,73.5,72.696,72.873,225297,0
ESGU.US,D,20200224,000000,70.788,71.206,70.237,70.524,464645,0
ESGU.US,D,20200225,000000,70.944,70.974,68.145,68.411,297185,0
ESGU.US,D,20200226,000000,68.763,69.486,67.916,68.125,364959,0
ESGU.US,D,20200227,000000,66.794,67.647,65.033,65.081,451874,0
ESGU.US,D,20200228,000000,63.113,64.66,62.36,64.66,908217,0
ESGU.US,D,20200302,000000,65.248,67.488,64.449,67.488,510239,0
ESGU.US,D,20200303,000000,67.667,68.428,65.071,65.718,743870,0
ESGU.US,D,20200304,000000,67.079,68.497,66.393,68.468,318561,0
ESGU.US,D,20200305,000000,66.921,67.548,65.708,66.305,555032,0
ESGU.US,D,20200306,000000,64.142,65.346,63.543,64.993,453652,0
ESGU.US,D,20200309,000000,61.205,63.398,59.824,60.068,447546,0
ESGU.US,D,20200310,000000,62.477,62.986,59.786,62.986,388935,0
ESGU.US,D,20200311,000000,61.361,61.557,59.17,59.97,639384,0
ESGU.US,D,20200312,000000,55.722,58.131,49.926,54.158,2312224,0
ESGU.US,D,20200313,000000,57.475,59.315,54.528,59.295,975063,0
ESGU.US,D,20200316,000000,51.395,56.074,51.395,52.178,514277,0
ESGU.US,D,20200317,000000,53.266,56.043,51.977,55.606,803440,0
ESGU.US,D,20200318,000000,52.316,53.859,50.035,52.745,647182,0
ESGU.US,D,20200319,000000,52.344,54.203,50.922,52.982,886991,0
ESGU.US,D,20200320,000000,53.54,53.905,50.273,50.573,791731,0
ESGU.US,D,20200323,000000,50.553,50.553,48.086,48.928,1328605,0
ESGU.US,D,20200324,000000,51.385,53.803,51.356,53.67,1585628,0
ESGU.US,D,20200325,000000,54.206,56.361,52.781,54.365,1975483,0
ESGU.US,D,20200326,000000,54.937,57.758,54.937,57.413,1637248,0
ESGU.US,D,20200327,000000,55.82,57.393,55.337,55.78,1686578,0
ESGU.US,D,20200330,000000,56.431,57.738,55.934,57.648,477401,0
ESGU.US,D,20200331,000000,57.573,57.925,56.441,56.549,422978,0
ESGU.US,D,20200401,000000,54.837,55.29,53.711,54.177,395935,0
ESGU.US,D,20200402,000000,54.16,55.515,53.893,55.417,394195,0
ESGU.US,D,20200403,000000,55.377,55.693,54.02,54.636,455353,0
ESGU.US,D,20200406,000000,56.696,58.684,56.567,58.299,414072,0
ESGU.US,D,20200407,000000,60.129,60.442,58.399,58.399,376156,0
ESGU.US,D,20200408,000000,59.116,60.542,58.441,60.267,273854,0
ESGU.US,D,20200409,000000,61.25,61.918,60.7,61.367,23896987,0
ESGU.US,D,20200413,000000,61.349,61.349,59.764,60.68,6384170,0
ESGU.US,D,20200414,000000,62.007,62.666,61.752,62.608,2001976,0
ESGU.US,D,20200415,000000,61.28,61.555,60.7,61.171,1630689,0
ESGU.US,D,20200416,000000,61.506,61.662,60.739,61.545,1422711,0
ESGU.US,D,20200417,000000,63.06,63.266,62.237,63.109,895727,0
ESGU.US,D,20200420,000000,62.312,63.087,62.03,62.146,1224877,0
ESGU.US,D,20200421,000000,61.045,61.192,59.932,60.079,956743,0
ESGU.US,D,20200422,000000,61.467,61.937,61.055,61.545,1158286,0
ESGU.US,D,20200423,000000,61.888,62.548,61.444,61.506,625827,0
ESGU.US,D,20200424,000000,61.977,62.51,61.367,62.392,1184396,0
ESGU.US,D,20200427,000000,62.854,63.591,62.824,63.326,1069049,0
ESGU.US,D,20200428,000000,64.308,64.308,62.981,62.981,709447,0
ESGU.US,D,20200429,000000,64.418,65.077,64.103,64.763,648393,0
ESGU.US,D,20200430,000000,64.554,64.554,63.727,64.063,4815338,0
ESGU.US,D,20200501,000000,63.011,63.021,62.107,62.392,742584,0
ESGU.US,D,20200504,000000,61.957,62.657,61.633,62.647,1384037,0
ESGU.US,D,20200505,000000,63.336,63.866,63.099,63.179,593598,0
ESGU.US,D,20200506,000000,63.641,63.71,62.795,62.844,637133,0
ESGU.US,D,20200507,000000,63.72,64.103,63.545,63.67,896079,0
ESGU.US,D,20200508,000000,64.338,64.82,64.182,64.753,532659,0
ESGU.US,D,20200511,000000,64.338,65.15,64.25,64.849,812683,0
ESGU.US,D,20200512,000000,65.086,65.115,63.492,63.511,594586,0
ESGU.US,D,20200513,000000,63.454,63.607,61.829,62.382,645813,0
ESGU.US,D,20200514,000000,61.879,63.179,61.24,63.179,582844,0
ESGU.US,D,20200515,000000,62.666,63.492,62.409,63.492,550542,0
ESGU.US,D,20200518,000000,64.978,65.676,64.889,65.371,442688,0
ESGU.US,D,20200519,000000,65.234,65.598,64.633,64.633,525152,0
ESGU.US,D,20200520,000000,65.578,65.942,65.484,65.765,572881,0
ESGU.US,D,20200521,000000,65.735,65.863,65.008,65.274,392735,0
ESGU.US,D,20200522,000000,65.313,65.47,64.978,65.45,477541,0
ESGU.US,D,20200526,000000,66.974,66.974,66.157,66.286,395456,0
ESGU.US,D,20200527,000000,66.925,67.27,65.755,67.27,448061,0
ESGU.US,D,20200528,000000,67.605,67.988,66.964,67.162,714300,0
ESGU.US,D,20200529,000000,67.004,67.575,66.414,67.369,456202,0
ESGU.US,D,20200601,000000,67.408,67.93,67.201,67.79,527387,0
ESGU.US,D,20200602,000000,68.066,68.332,67.645,68.332,401129,0
ESGU.US,D,20200603,000000,68.842,69.395,68.747,69.237,401156,0
ESGU.US,D,20200604,000000,69.012,69.336,68.431,68.962,10752899,0
ESGU.US,D,20200605,000000,70.092,71.077,70.082,70.595,1561177,0
ESGU.US,D,20200608,000000,70.761,71.489,70.693,71.479,1734945,0
ESGU.US,D,20200609,000000,70.801,71.333,70.683,71.058,2767914,0
ESGU.US,D,20200610,000000,71.263,71.402,70.476,70.624,872733,0
ESGU.US,D,20200611,000000,68.932,69.099,66.502,66.64,732795,0
ESGU.US,D,20200612,000000,68.195,68.499,66.147,67.456,902949,0
ESGU.US,D,20200615,000000,66.129,68.376,65.849,68.162,608870,0
ESGU.US,D,20200616,000000,70.146,70.146,68.289,69.357,721490,0
ESGU.US,D,20200617,000000,69.751,69.771,69.032,69.169,598742,0
ESGU.US,D,20200618,000000,68.942,69.328,68.852,69.258,421640,0
ESGU.US,D,20200619,000000,70.127,70.146,68.528,68.882,405913,0
ESGU.US,D,20200622,000000,68.912,69.407,68.518,69.367,415275,0
ESGU.US,D,20200623,000000,70.068,70.196,69.54,69.653,371257,0
ESGU.US,D,20200624,000000,69.208,69.416,67.471,67.896,523379,0
ESGU.US,D,20200625,000000,67.856,68.716,67.283,68.676,448481,0
ESGU.US,D,20200626,000000,68.488,68.488,66.957,67.097,542038,0
ESGU.US,D,20200629,000000,67.442,67.975,66.841,67.966,379188,0
ESGU.US,D,20200630,000000,67.906,69.367,67.906,69.1,406349,0
ESGU.US,D,20200701,000000,69.218,69.761,69.177,69.515,663789,0
ESGU.US,D,20200702,000000,70.295,70.631,69.712,69.851,471701,0
ESGU.US,D,20200706,000000,70.887,71.105,70.7,71.046,456429,0
ESGU.US,D,20200707,000000,70.768,71.173,70.196,70.315,397407,0
ESGU.US,D,20200708,000000,70.522,70.887,70.097,70.887,1510953,0
ESGU.US,D,20200709,000000,71.125,71.125,69.663,70.552,594431,0
ESGU.US,D,20200710,000000,70.432,71.282,70.146,71.262,386639,0
ESGU.US,D,20200713,000000,71.855,72.368,70.403,70.492,372048,0
ESGU.US,D,20200714,000000,70.137,71.513,69.89,71.463,518007,0
ESGU.US,D,20200715,000000,72.308,72.328,71.474,72.151,392721,0
ESGU.US,D,20200716,000000,71.717,71.994,71.46,71.895,1533808,0
ESGU.US,D,20200717,000000,72.042,72.28,71.628,72.101,419667,0
ESGU.US,D,20200720,000000,72.101,72.921,71.875,72.783,449952,0
ESGU.US,D,20200721,000000,73.327,73.327,72.635,72.812,489224,0
ESGU.US,D,20200722,000000,72.812,73.322,72.773,73.277,394957,0
ESGU.US,D,20200723,000000,73.267,73.374,71.974,72.358,488910,0
ESGU.US,D,20200724,000000,71.825,72.071,71.434,71.835,269767,0
ESGU.US,D,20200727,000000,72.061,72.462,71.795,72.387,381855,0
ESGU.US,D,20200728,000000,72.201,72.457,71.848,71.895,473297,0
ESGU.US,D,20200729,000000,72.151,73.001,72.151,72.871,325272,0
ESGU.US,D,20200730,000000,72.201,72.694,71.668,72.605,1652232,0
ESGU.US,D,20200731,000000,73.138,73.207,72.032,73.197,488497,0
ESGU.US,D,20200803,000000,73.652,73.928,73.514,73.76,327966,0
ESGU.US,D,20200804,000000,73.612,74.036,73.519,74.036,323122,0
ESGU.US,D,20200805,000000,74.333,74.531,74.289,74.491,333708,0
ESGU.US,D,20200806,000000,74.411,74.975,74.254,74.965,271294,0
ESGU.US,D,20200807,000000,74.629,75.01,74.421,74.984,421863,0
ESGU.US,D,20200810,000000,75.143,75.177,74.541,75.083,377970,0
ESGU.US,D,20200811,000000,75.369,75.546,74.332,74.441,350729,0
ESGU.US,D,20200812,000000,75.133,75.783,75.133,75.587,337000,0
ESGU.US,D,20200813,000000,75.537,75.863,75.291,75.547,769230,0
ESGU.US,D,20200814,000000,75.517,75.629,75.281,75.537,301810,0
ESGU.US,D,20200817,000000,75.833,75.913,75.706,75.823,342312,0
ESGU.US,D,20200818,000000,75.992,76.169,75.636,76.049,429080,0
ESGU.US,D,20200819,000000,76.149,76.268,75.627,75.744,366486,0
ESGU.US,D,20200820,000000,75.379,76.149,75.281,76.05,502603,0
ESGU.US,D,20200821,000000,76.05,76.376,75.923,76.336,284480,0
ESGU.US,D,20200824,000000,76.949,77.008,76.613,76.978,354300,0
ESGU.US,D,20200825,000000,77.147,77.314,76.874,77.314,284085,0
ESGU.US,D,20200826,000000,77.472,78.233,77.383,78.193,455390,0
ESGU.US,D,20200827,000000,78.371,78.686,77.897,78.321,414805,0
ESGU.US,D,20200828,000000,78.617,78.826,78.321,78.806,1576793,0
ESGU.US,D,20200831,000000,78.83,79.062,78.529,78.666,505762,0
ESGU.US,D,20200901,000000,78.914,79.408,78.676,79.408,395096,0
ESGU.US,D,20200902,000000,79.902,80.661,79.431,80.523,435383,0
ESGU.US,D,20200903,000000,79.922,80.016,76.91,77.512,437199,0
ESGU.US,D,20200904,000000,77.68,78.094,75.113,76.811,434447,0
ESGU.US,D,20200908,000000,75.251,75.656,74.491,74.59,933310,0
ESGU.US,D,20200909,000000,75.497,76.652,75.35,76.1,372341,0
ESGU.US,D,20200910,000000,76.682,76.772,74.551,74.837,377567,0
ESGU.US,D,20200911,000000,75.231,75.429,74.086,74.857,466263,0
ESGU.US,D,20200914,000000,75.607,76.257,75.46,75.873,405286,0
ESGU.US,D,20200915,000000,76.564,76.7,76.033,76.336,431716,0
ESGU.US,D,20200916,000000,76.662,76.949,75.933,76.001,378562,0
ESGU.US,D,20200917,000000,74.747,75.686,74.659,75.34,541709,0
ESGU.US,D,20200918,000000,75.607,75.607,73.918,74.571,330019,0
ESGU.US,D,20200921,000000,73.356,73.859,72.536,73.859,369377,0
ESGU.US,D,20200922,000000,74.116,74.639,73.518,74.531,486502,0
ESGU.US,D,20200923,000000,74.678,74.678,72.607,72.716,738054,0
ESGU.US,D,20200924,000000,72.282,73.624,72.023,72.816,735220,0
ESGU.US,D,20200925,000000,72.786,74.302,72.549,74.194,359000,0
ESGU.US,D,20200928,000000,75.204,75.539,74.927,75.392,256643,0
ESGU.US,D,20200929,000000,75.422,75.491,74.87,74.986,348399,0
ESGU.US,D,20200930,000000,75.174,76.3,75.125,75.521,571049,0
ESGU.US,D,20201001,000000,76.126,76.383,75.641,76.007,446598,0
ESGU.US,D,20201002,000000,74.698,75.798,74.698,75.363,421102,0
ESGU.US,D,20201005,000000,75.898,76.72,75.898,76.67,278974,0
ESGU.US,D,20201006,000000,76.72,77.276,75.528,75.68,819724,0
ESGU.US,D,20201007,000000,76.483,77.186,76.383,77.017,16478492,0
ESGU.US,D,20201008,000000,77.513,77.701,77.276,77.672,2524768,0
ESGU.US,D,20201009,000000,78.157,78.504,77.94,78.395,2406419,0
ESGU.US,D,20201012,000000,79.099,80.02,78.939,79.594,592657,0
ESGU.US,D,20201013,000000,79.733,79.733,78.989,79.179,872374,0
ESGU.US,D,20201014,000000,79.426,79.599,78.549,78.742,807996,0
ESGU.US,D,20201015,000000,77.81,78.762,77.686,78.672,988709,0
ESGU.US,D,20201016,000000,79.059,79.336,78.564,78.604,954099,0
ESGU.US,D,20201019,000000,78.939,79.045,77.186,77.424,601304,0
ESGU.US,D,20201020,000000,77.731,78.464,77.543,77.682,786639,0
ESGU.US,D,20201021,000000,77.731,78.197,77.473,77.503,627856,0
ESGU.US,D,20201022,000000,77.593,78.058,77.028,77.95,567249,0
ESGU.US,D,20201023,000000,78.137,78.167,77.573,78.117,613876,0
ESGU.US,D,20201026,000000,77.454,77.553,75.868,76.69,640210,0
ESGU.US,D,20201027,000000,76.87,76.918,76.453,76.542,518927,0
ESGU.US,D,20201028,000000,75.184,75.284,73.799,73.906,636491,0
ESGU.US,D,20201029,000000,74.099,75.407,73.624,74.639,607292,0
ESGU.US,D,20201030,000000,74.342,74.586,72.9,73.757,667738,0
ESGU.US,D,20201102,000000,74.541,75.095,73.927,74.59,668033,0
ESGU.US,D,20201103,000000,75.422,76.433,75.293,75.948,673447,0
ESGU.US,D,20201104,000000,77.087,78.612,76.85,77.613,509120,0
ESGU.US,D,20201105,000000,79.019,79.662,78.841,79.247,1139846,0
ESGU.US,D,20201106,000000,79.326,79.575,78.712,79.336,621371,0
ESGU.US,D,20201109,000000,82.388,82.388,80.059,80.149,721602,0
ESGU.US,D,20201110,000000,80.03,80.129,79.104,79.951,670401,0
ESGU.US,D,20201111,000000,80.496,80.734,80.179,80.585,653845,0
ESGU.US,D,20201112,000000,80.367,80.526,79.381,79.852,586625,0
ESGU.US,D,20201113,000000,80.357,81.051,80.179,80.903,496996,0
ESGU.US,D,20201116,000000,81.655,81.874,81.207,81.874,654156,0
ESGU.US,D,20201117,000000,81.507,81.834,81.071,81.565,825687,0
ESGU.US,D,20201118,000000,81.517,81.814,80.724,80.724,659369,0
ESGU.US,D,20201119,000000,80.634,81.209,80.268,81.16,781166,0
ESGU.US,D,20201120,000000,81.16,81.17,80.615,80.644,588801,0
ESGU.US,D,20201123,000000,81.278,81.448,80.615,81.199,463474,0
ESGU.US,D,20201124,000000,81.824,82.557,81.565,82.468,637516,0
ESGU.US,D,20201125,000000,82.518,82.548,82.101,82.458,580100,0
ESGU.US,D,20201127,000000,82.785,82.881,82.557,82.815,314466,0
ESGU.US,D,20201130,000000,82.695,82.734,81.725,82.408,468918,0
ESGU.US,D,20201201,000000,83.3,83.572,83.053,83.22,530672,0
ESGU.US,D,20201202,000000,82.953,83.35,82.695,83.33,595776,0
ESGU.US,D,20201203,000000,83.42,83.687,83.112,83.31,505222,0
ESGU.US,D,20201204,000000,83.498,84.093,83.498,84.093,481213,0
ESGU.US,D,20201207,000000,83.944,84.093,83.687,84.014,552020,0
ESGU.US,D,20201208,000000,83.677,84.42,83.677,84.311,483351,0
ESGU.US,D,20201209,000000,84.51,84.51,83.152,83.43,607687,0
ESGU.US,D,20201210,000000,83.053,83.677,82.732,83.479,817223,0
ESGU.US,D,20201211,000000,83.24,83.46,82.656,83.35,758821,0
ESGU.US,D,20201214,000000,83.976,84.176,83.057,83.101,676508,0
ESGU.US,D,20201215,000000,83.718,84.176,83.36,84.176,617997,0
ESGU.US,D,20201216,000000,84.294,84.504,83.996,84.264,831358,0
ESGU.US,D,20201217,000000,84.792,84.931,84.613,84.931,571565,0
ESGU.US,D,20201218,000000,85.13,85.13,84.096,84.682,489539,0
ESGU.US,D,20201221,000000,83.838,84.588,83.052,84.404,859662,0
ESGU.US,D,20201222,000000,84.434,84.573,84.021,84.364,665090,0
ESGU.US,D,20201223,000000,84.374,84.812,84.344,84.364,634835,0
ESGU.US,D,20201224,000000,84.523,84.692,84.296,84.692,354158,0
ESGU.US,D,20201228,000000,85.329,85.329,85.02,85.229,533356,0
ESGU.US,D,20201229,000000,85.557,85.655,84.871,85.04,648916,0
ESGU.US,D,20201230,000000,85.289,85.438,85.07,85.17,616151,0
ESGU.US,D,20201231,000000,85.199,85.677,84.987,85.547,531541,0
ESGU.US,D,20210104,000000,85.935,85.935,83.479,84.414,883112,0
ESGU.US,D,20210105,000000,84.334,85.189,84.172,85.01,868487,0
ESGU.US,D,20210106,000000,84.613,86.233,84.424,85.458,673707,0
ESGU.US,D,20210107,000000,86.075,86.959,86.035,86.811,559547,0
ESGU.US,D,20210108,000000,87.268,87.387,86.373,87.367,609883,0
ESGU.US,D,20210111,000000,86.701,87.238,86.532,86.811,554121,0
ESGU.US,D,20210112,000000,86.9,87.089,86.343,86.91,656978,0
ESGU.US,D,20210113,000000,86.999,87.397,86.721,87.129,1171878,0
ESGU.US,D,20210114,000000,87.248,87.447,86.731,86.85,10008339,0
ESGU.US,D,20210115,000000,86.621,86.68,85.777,86.164,2197200,0
ESGU.US,D,20210119,000000,86.701,87.039,86.464,86.9,2522386,0
ESGU.US,D,20210120,000000,87.407,88.322,87.407,88.123,1326532,0
ESGU.US,D,20210121,000000,88.342,88.5,87.964,88.202,1160318,0
ESGU.US,D,20210122,000000,87.854,88.172,87.646,87.944,839924,0
ESGU.US,D,20210125,000000,88.232,88.432,86.959,88.262,1020122,0
ESGU.US,D,20210126,000000,88.412,88.61,88.024,88.113,787197,0
ESGU.US,D,20210127,000000,87.278,87.278,85.398,85.885,835680,0
ESGU.US,D,20210128,000000,86.343,87.723,86.323,86.721,708275,0
ESGU.US,D,20210129,000000,86.347,86.502,84.608,85.09,841066,0
ESGU.US,D,20210201,000000,86.005,86.751,85.389,86.453,1079391,0
ESGU.US,D,20210202,000000,87.327,88.098,87.318,87.725,717021,0
ESGU.US,D,20210203,000000,87.994,88.202,87.526,87.804,1358658,0
ESGU.US,D,20210204,000000,88.152,88.819,88.024,88.819,1419923,0
ESGU.US,D,20210205,000000,89.157,89.356,88.891,89.217,1014124,0
ESGU.US,D,20210208,000000,89.702,89.873,89.365,89.873,1361765,0
ESGU.US,D,20210209,000000,89.714,89.943,89.615,89.793,1332903,0
ESGU.US,D,20210210,000000,90.272,90.272,89.217,89.843,801939,0
ESGU.US,D,20210211,000000,90.072,90.224,89.396,90.022,797470,0
ESGU.US,D,20210212,000000,89.803,90.529,89.803,90.459,609161,0
ESGU.US,D,20210216,000000,90.817,90.827,90.141,90.361,1290286,0
ESGU.US,D,20210217,000000,89.848,90.281,89.495,90.251,750043,0
ESGU.US,D,20210218,000000,89.657,90.052,89.127,89.883,819610,0
ESGU.US,D,20210219,000000,90.261,90.29,89.634,89.704,549121,0
ESGU.US,D,20210222,000000,89.058,89.525,88.887,88.928,591890,0
ESGU.US,D,20210223,000000,88.132,89.237,87.228,88.968,658418,0
ESGU.US,D,20210224,000000,88.64,89.893,88.322,89.833,631479,0
ESGU.US,D,20210225,000000,89.565,89.863,87.218,87.606,753407,0
ESGU.US,D,20210226,000000,87.954,88.362,86.671,87.238,948043,0
ESGU.US,D,20210301,000000,88.46,89.674,88.43,89.396,960476,0
ESGU.US,D,20210302,000000,89.565,89.565,88.57,88.59,832619,0
ESGU.US,D,20210303,000000,88.442,88.67,87.208,87.238,695991,0
ESGU.US,D,20210304,000000,87.119,87.706,84.894,85.955,1009738,0
ESGU.US,D,20210305,000000,86.85,87.801,84.871,87.596,834757,0
ESGU.US,D,20210308,000000,87.656,88.452,86.964,87.029,1026945,0
ESGU.US,D,20210309,000000,87.954,89.033,87.954,88.422,1388454,0
ESGU.US,D,20210310,000000,89.068,89.341,88.638,88.908,690382,0
ESGU.US,D,20210311,000000,89.535,90.42,89.495,89.913,716656,0
ESGU.US,D,20210312,000000,89.575,90.052,89.337,90.052,1375104,0
ESGU.US,D,20210315,000000,90.092,90.699,89.595,90.689,814223,0
ESGU.US,D,20210316,000000,90.729,90.967,90.231,90.469,826041,0
ESGU.US,D,20210317,000000,90.013,90.967,89.793,90.749,603374,0
ESGU.US,D,20210318,000000,90.022,90.549,89.187,89.296,713526,0
ESGU.US,D,20210319,000000,89.108,89.618,88.61,89.227,651860,0
ESGU.US,D,20210322,000000,89.266,90.281,89.266,89.973,618167,0
ESGU.US,D,20210323,000000,89.744,90.141,89.051,89.286,1690774,0
ESGU.US,D,20210324,000000,89.595,89.877,88.62,88.62,966488,0
ESGU.US,D,20210325,000000,88.211,89.298,87.772,89.109,838504,0
ESGU.US,D,20210326,000000,89.518,90.635,89.204,90.565,842751,0
ESGU.US,D,20210329,000000,90.226,90.655,89.767,90.366,1796306,0
ESGU.US,D,20210330,000000,90.106,90.356,89.787,90.216,925670,0
ESGU.US,D,20210331,000000,90.381,91.094,90.356,90.635,882706,0
ESGU.US,D,20210401,000000,91.094,91.712,91.094,91.712,1940660,0
ESGU.US,D,20210405,000000,92.53,93.019,92.39,92.929,1355064,0
ESGU.US,D,20210406,000000,92.829,93.198,92.769,92.939,896659,0
ESGU.US,D,20210407,000000,92.819,93.107,92.729,93.019,787029,0
ESGU.US,D,20210408,000000,93.348,93.527,93.128,93.527,911594,0
ESGU.US,D,20210409,000000,93.557,94.211,93.488,94.206,948001,0
ESGU.US,D,20210412,000000,94.046,94.305,93.896,94.236,893070,0
ESGU.US,D,20210413,000000,94.345,94.759,94.206,94.615,849379,0
ESGU.US,D,20210414,000000,94.654,94.85,94.073,94.226,1007491,0
ESGU.US,D,20210415,000000,94.714,95.293,94.714,95.283,1846736,0
ESGU.US,D,20210416,000000,95.522,95.732,95.183,95.532,695948,0
ESGU.US,D,20210419,000000,95.353,95.373,94.635,94.984,1101877,0
ESGU.US,D,20210420,000000,94.804,94.934,93.976,94.385,1944122,0
ESGU.US,D,20210421,000000,94.096,95.283,94.096,95.283,1293664,0
ESGU.US,D,20210422,000000,95.323,95.482,94.166,94.435,1488760,0
ESGU.US,D,20210423,000000,94.595,95.792,94.545,95.492,1034239,0
ESGU.US,D,20210426,000000,95.582,95.816,95.522,95.712,661822,0
ESGU.US,D,20210427,000000,95.752,95.777,95.387,95.582,948876,0
ESGU.US,D,20210428,000000,95.542,95.901,95.437,95.542,1438619,0
ESGU.US,D,20210429,000000,96.2,96.34,95.223,96.021,1282476,0
ESGU.US,D,20210430,000000,95.522,95.677,95.133,95.263,1017998,0
ESGU.US,D,20210503,000000,95.811,95.881,95.388,95.502,771394,0
ESGU.US,D,20210504,000000,94.934,95.133,93.916,94.874,1407385,0
ESGU.US,D,20210505,000000,95.23,95.273,94.664,94.834,784314,0
ESGU.US,D,20210506,000000,94.834,95.522,94.265,95.522,1006337,0
ESGU.US,D,20210507,000000,95.811,96.38,95.622,96.23,1148901,0
ESGU.US,D,20210510,000000,96.22,96.26,95.193,95.193,755184,0
ESGU.US,D,20210511,000000,93.936,94.615,93.448,94.485,1147845,0
ESGU.US,D,20210512,000000,93.837,94.037,92.211,92.37,899473,0
ESGU.US,D,20210513,000000,92.7,93.886,92.7,93.358,1096816,0
ESGU.US,D,20210514,000000,94.026,95.098,94.026,94.894,709738,0
ESGU.US,D,20210517,000000,94.645,94.834,94.116,94.635,841292,0
ESGU.US,D,20210518,000000,94.664,94.734,93.797,93.827,822584,0
ESGU.US,D,20210519,000000,92.56,93.607,92.331,93.517,559079,0
ESGU.US,D,20210520,000000,93.777,94.984,93.777,94.704,892392,0
ESGU.US,D,20210521,000000,95.053,95.363,94.515,94.645,747997,0
ESGU.US,D,20210524,000000,95.043,95.871,95.043,95.632,654667,0
ESGU.US,D,20210525,000000,95.921,95.941,95.296,95.442,716253,0
ESGU.US,D,20210526,000000,95.552,95.792,95.372,95.682,3017630,0
ESGU.US,D,20210527,000000,95.901,95.981,95.662,95.702,1001080,0
ESGU.US,D,20210528,000000,96.001,96.19,95.851,95.931,760104,0
ESGU.US,D,20210601,000000,96.43,96.52,95.702,95.782,1140019,0
ESGU.US,D,20210602,000000,95.941,96.161,95.732,96.031,998578,0
ESGU.US,D,20210603,000000,95.682,95.841,95.014,95.592,760668,0
ESGU.US,D,20210604,000000,95.971,96.54,95.946,96.48,1503403,0
ESGU.US,D,20210607,000000,96.55,96.55,96.242,96.5,543465,0
ESGU.US,D,20210608,000000,96.734,96.749,96.087,96.56,535662,0
ESGU.US,D,20210609,000000,96.779,96.779,96.34,96.38,599766,0
ESGU.US,D,20210610,000000,96.67,97.05,96.395,96.91,585782,0
ESGU.US,D,20210611,000000,96.93,97.13,96.72,97.13,549633,0
ESGU.US,D,20210614,000000,97.22,97.38,96.881,97.38,1120880,0
ESGU.US,D,20210615,000000,97.41,97.41,96.93,97.12,717732,0
ESGU.US,D,20210616,000000,97.16,97.18,96.05,96.61,709364,0
ESGU.US,D,20210617,000000,96.63,96.82,95.955,96.64,644148,0
ESGU.US,D,20210618,000000,95.99,96,95.33,95.33,717524,0
ESGU.US,D,20210621,000000,95.62,96.67,95.54,96.63,1245129,0
ESGU.US,D,20210622,000000,96.74,97.405,96.51,97.15,575422,0
ESGU.US,D,20210623,000000,97.2,97.43,97.1,97.15,538586,0
ESGU.US,D,20210624,000000,97.74,97.81,97.5865,97.71,1229456,0
ESGU.US,D,20210625,000000,98,98.11,97.7925,98.03,584347,0
ESGU.US,D,20210628,000000,98.43,98.43,97.9533,98.33,572591,0
ESGU.US,D,20210629,000000,98.4368,98.58,98.29,98.43,1062084,0
ESGU.US,D,20210630,000000,98.34,98.59,98.3,98.47,938470,0
ESGU.US,D,20210701,000000,98.58,98.96,98.5307,98.96,1784076,0
ESGU.US,D,20210702,000000,99.16,99.74,99.09,99.68,627597,0
ESGU.US,D,20210706,000000,99.85,99.85,98.8393,99.49,736378,0
ESGU.US,D,20210707,000000,99.79,99.92,99.1792,99.88,657051,0
ESGU.US,D,20210708,000000,98.45,99.21,98.26,99.05,746646,0
ESGU.US,D,20210709,000000,99.27,100.14,99.27,100.07,475450,0
ESGU.US,D,20210712,000000,100.27,100.42,100,100.4,2612433,0
ESGU.US,D,20210713,000000,100.15,100.57,99.9623,100.06,603923,0
ESGU.US,D,20210714,000000,100.34,100.61,99.82,100.13,2245814,0
ESGU.US,D,20210715,000000,100.08,100.08,99.3,99.82,606858,0
ESGU.US,D,20210716,000000,99.99,100.13,98.975,99.11,580886,0
ESGU.US,D,20210719,000000,97.91,97.985,97,97.63,862546,0
ESGU.US,D,20210720,000000,98,99.455,97.72,99.12,1421335,0
ESGU.US,D,20210721,000000,99.31,99.935,99.31,99.89,933129,0
ESGU.US,D,20210722,000000,99.91,100.19,99.725,100.12,459266,0
ESGU.US,D,20210723,000000,100.75,101.3,100.48,101.25,12671592,0
ESGU.US,D,20210726,000000,101.21,101.45,101.04,101.45,2517673,0
ESGU.US,D,20210727,000000,101.07,101.07,100.1606,100.9,1055452,0
ESGU.US,D,20210728,000000,100.93,101.194,100.55,100.86,1343666,0
ESGU.US,D,20210729,000000,100.84,101.54,100.84,101.27,749139,0
ESGU.US,D,20210730,000000,100.61,101.05,100.53,100.66,1429105,0
ESGU.US,D,20210802,000000,101.19,101.22,100.46,100.53,724544,0
ESGU.US,D,20210803,000000,100.8173,101.29,100.15,101.29,897527,0
ESGU.US,D,20210804,000000,100.95,101.15,100.755,100.9,1359468,0
ESGU.US,D,20210805,000000,101.36,101.54,101.05,101.53,668631,0
ESGU.US,D,20210806,000000,101.6932,101.75,101.45,101.61,541874,0
ESGU.US,D,20210809,000000,101.61,101.69,101.33,101.57,783083,0
ESGU.US,D,20210810,000000,101.75,101.86,101.445,101.57,990255,0
ESGU.US,D,20210811,000000,101.77,101.85,101.525,101.81,722424,0
ESGU.US,D,20210812,000000,101.73,102.12,101.56,102.09,835379,0
ESGU.US,D,20210813,000000,102.27,102.28,102.085,102.28,745390,0
ESGU.US,D,20210816,000000,101.89,102.5,101.54,102.5,1358287,0
ESGU.US,D,20210817,000000,102.05,102.05,101.06,101.8,1915289,0
ESGU.US,D,20210818,000000,101.49,101.91,100.64,100.67,793305,0
ESGU.US,D,20210819,000000,100,101.17,99.95,100.83,857322,0
ESGU.US,D,20210820,000000,100.81,101.7681,100.81,101.69,604544,0
ESGU.US,D,20210823,000000,102.29,102.85,102.02,102.63,859086,0
ESGU.US,D,20210824,000000,102.82,102.96,102.7,102.83,3205148,0
ESGU.US,D,20210825,000000,102.83,103.205,102.81,103.1,1209768,0
ESGU.US,D,20210826,000000,102.94,103.08,102.44,102.48,940072,0
ESGU.US,D,20210827,000000,102.75,103.485,102.65,103.38,1763356,0
ESGU.US,D,20210830,000000,103.79,104.06,103.53,103.86,627962,0
ESGU.US,D,20210831,000000,104,104.13,103.55,103.72,861669,0
ESGU.US,D,20210901,000000,103.84,104.07,103.72,103.78,762819,0
