<TICKER>,<PER>,<DATE>,<TIME>,<OPEN>,<HIGH>,<LOW>,<CLOSE>,<VOL>,<OPENINT>
ESPO.US,D,20181019,000000,29.892,29.892,29.39,29.39,8920,0
ESPO.US,D,20181022,000000,29.622,29.632,29.416,29.51,9935,0
ESPO.US,D,20181023,000000,28.745,29.135,28.507,29.094,6586,0
ESPO.US,D,20181024,000000,28.725,28.725,27.639,27.639,14782,0
ESPO.US,D,20181025,000000,27.551,28.152,27.551,28.018,2216,0
ESPO.US,D,20181026,000000,27.132,27.534,26.982,27.201,4118,0
ESPO.US,D,20181029,000000,27.501,27.591,26.165,26.165,54203,0
ESPO.US,D,20181030,000000,26.614,26.872,26.614,26.682,4790,0
ESPO.US,D,20181031,000000,27.639,27.873,27.581,27.798,8614,0
ESPO.US,D,20181101,000000,28.157,28.665,28.157,28.665,6506,0
ESPO.US,D,20181102,000000,29.264,29.294,28.75,28.894,3549,0
ESPO.US,D,20181105,000000,28.855,28.855,28.457,28.595,4443,0
ESPO.US,D,20181106,000000,28.556,28.805,28.556,28.655,7727,0
ESPO.US,D,20181107,000000,29.144,29.522,29.094,29.469,6759,0
ESPO.US,D,20181108,000000,29.384,29.532,29.044,29.049,2470,0
ESPO.US,D,20181109,000000,28.087,28.087,27.758,27.758,6037,0
ESPO.US,D,20181112,000000,27.728,27.728,27.132,27.132,3010,0
ESPO.US,D,20181113,000000,27.499,27.695,27.341,27.391,7314,0
ESPO.US,D,20181114,000000,27.708,27.748,27.461,27.501,2884,0
ESPO.US,D,20181115,000000,27.738,28.028,27.738,28.008,2279,0
ESPO.US,D,20181116,000000,27.112,27.381,27.112,27.381,12531,0
ESPO.US,D,20181119,000000,27.304,27.304,26.654,26.654,2962,0
ESPO.US,D,20181120,000000,25.796,26.334,25.796,26.145,3131,0
ESPO.US,D,20181121,000000,26.673,26.753,26.673,26.753,643,0
ESPO.US,D,20181123,000000,26.644,26.644,26.574,26.574,379,0
ESPO.US,D,20181126,000000,27.201,27.221,27.112,27.112,409,0
ESPO.US,D,20181127,000000,27.112,27.261,27.039,27.261,1333,0
ESPO.US,D,20181128,000000,27.841,28.066,27.841,28.066,2281,0
ESPO.US,D,20181129,000000,28.217,28.402,28.216,28.267,3002,0
ESPO.US,D,20181130,000000,28.097,28.127,28.097,28.103,619,0
ESPO.US,D,20181203,000000,28.805,28.805,28.457,28.457,910,0
ESPO.US,D,20181204,000000,28.237,28.357,27.541,27.541,8270,0
ESPO.US,D,20181206,000000,26.743,27.391,26.594,27.391,8424,0
ESPO.US,D,20181207,000000,27.698,27.698,27.052,27.052,1714,0
ESPO.US,D,20181210,000000,26.952,27.144,26.952,27.144,695,0
ESPO.US,D,20181211,000000,27.551,27.551,27.151,27.221,9080,0
ESPO.US,D,20181212,000000,27.481,27.741,27.481,27.545,5548,0
ESPO.US,D,20181213,000000,27.703,27.703,27.564,27.585,2355,0
ESPO.US,D,20181214,000000,27.171,27.171,26.996,26.996,1044,0
ESPO.US,D,20181217,000000,26.783,26.902,26.524,26.524,1536,0
ESPO.US,D,20181218,000000,26.514,26.713,26.484,26.544,3883,0
ESPO.US,D,20181219,000000,26.942,27.002,26.304,26.304,1646,0
ESPO.US,D,20181220,000000,26.194,26.194,26.005,26.095,17113,0
ESPO.US,D,20181221,000000,26.664,26.763,26.076,26.076,10250,0
ESPO.US,D,20181224,000000,25.786,26.045,25.731,25.731,972,0
ESPO.US,D,20181226,000000,26.015,26.547,25.766,26.517,2024,0
ESPO.US,D,20181227,000000,26.709,26.709,26.294,26.709,477,0
ESPO.US,D,20181228,000000,26.753,26.972,26.713,26.739,1257,0
ESPO.US,D,20181231,000000,27.032,27.032,26.743,26.743,2699,0
ESPO.US,D,20190102,000000,26.524,26.972,26.524,26.882,1495,0
ESPO.US,D,20190103,000000,26.314,26.389,26.113,26.125,47326,0
ESPO.US,D,20190104,000000,26.695,27.391,26.695,27.271,785,0
ESPO.US,D,20190107,000000,27.735,27.999,27.735,27.999,834,0
ESPO.US,D,20190108,000000,28.288,28.288,28.049,28.248,4019,0
ESPO.US,D,20190109,000000,28.636,28.801,28.636,28.776,3162,0
ESPO.US,D,20190110,000000,28.528,28.896,28.528,28.896,1083,0
ESPO.US,D,20190111,000000,28.448,28.505,28.388,28.488,6255,0
ESPO.US,D,20190114,000000,28.218,28.388,28.218,28.383,2460,0
ESPO.US,D,20190115,000000,28.596,28.606,28.557,28.557,1296,0
ESPO.US,D,20190116,000000,28.656,28.766,28.656,28.656,2735,0
ESPO.US,D,20190117,000000,28.656,29.105,28.656,28.906,1777,0
ESPO.US,D,20190118,000000,29.275,29.534,29.275,29.477,28696,0
ESPO.US,D,20190122,000000,29.125,29.125,28.712,28.712,8301,0
ESPO.US,D,20190123,000000,29.255,29.265,28.796,28.796,4850,0
ESPO.US,D,20190124,000000,29.195,29.285,29.095,29.245,6201,0
ESPO.US,D,20190125,000000,29.578,29.703,29.563,29.673,4904,0
ESPO.US,D,20190128,000000,28.896,28.926,28.696,28.912,5319,0
ESPO.US,D,20190129,000000,29.085,29.085,28.766,28.766,3591,0
ESPO.US,D,20190130,000000,29.03,29.563,29.022,29.474,2175,0
ESPO.US,D,20190131,000000,29.305,29.763,29.305,29.708,16971,0
ESPO.US,D,20190201,000000,29.425,29.518,29.342,29.386,4715,0
ESPO.US,D,20190204,000000,29.633,29.773,29.613,29.713,2385,0
ESPO.US,D,20190205,000000,29.683,29.909,29.683,29.909,4093,0
ESPO.US,D,20190206,000000,29.135,29.205,28.767,28.776,25337,0
ESPO.US,D,20190207,000000,28.408,28.646,28.208,28.398,39988,0
ESPO.US,D,20190208,000000,28.288,28.726,28.288,28.666,5358,0
ESPO.US,D,20190211,000000,28.846,28.846,28.557,28.557,5439,0
ESPO.US,D,20190212,000000,28.716,28.986,28.716,28.896,36745,0
ESPO.US,D,20190213,000000,29.135,29.135,29.006,29.006,7289,0
ESPO.US,D,20190214,000000,28.896,29.245,28.776,29.238,29941,0
ESPO.US,D,20190215,000000,29.285,29.285,29.235,29.235,6654,0
ESPO.US,D,20190219,000000,28.946,29.095,28.906,29.006,23430,0
ESPO.US,D,20190220,000000,29.016,29.205,28.796,28.796,10350,0
ESPO.US,D,20190221,000000,28.706,28.716,28.606,28.606,4506,0
ESPO.US,D,20190222,000000,28.686,28.825,28.686,28.736,8913,0
ESPO.US,D,20190225,000000,29.055,29.225,28.916,28.916,6144,0
ESPO.US,D,20190226,000000,28.846,29.006,28.836,28.956,2293,0
ESPO.US,D,20190227,000000,29.045,29.17,29.045,29.12,4165,0
ESPO.US,D,20190228,000000,29.12,29.12,28.946,28.946,9720,0
ESPO.US,D,20190301,000000,29.355,29.365,29.195,29.338,4846,0
ESPO.US,D,20190304,000000,29.365,29.395,28.879,29.246,10133,0
ESPO.US,D,20190305,000000,29.375,29.595,29.295,29.543,2296,0
ESPO.US,D,20190306,000000,29.543,29.573,29.435,29.435,7646,0
ESPO.US,D,20190307,000000,29.195,29.195,29.004,29.055,11705,0
ESPO.US,D,20190308,000000,28.746,28.956,28.736,28.956,4667,0
ESPO.US,D,20190311,000000,29.195,29.628,29.195,29.628,8219,0
ESPO.US,D,20190312,000000,29.673,29.743,29.633,29.683,10223,0
ESPO.US,D,20190313,000000,29.923,30.312,29.923,30.282,14416,0
ESPO.US,D,20190314,000000,29.992,29.992,29.743,29.844,8884,0
ESPO.US,D,20190315,000000,30.182,30.391,30.182,30.341,8511,0
ESPO.US,D,20190318,000000,30.62,30.75,30.62,30.64,16634,0
ESPO.US,D,20190319,000000,30.73,30.988,30.73,30.939,22097,0
ESPO.US,D,20190320,000000,30.969,31.248,30.9,30.999,15212,0
ESPO.US,D,20190321,000000,30.81,31.732,30.81,31.687,17769,0
ESPO.US,D,20190322,000000,31.697,31.857,31.189,31.228,31439,0
ESPO.US,D,20190325,000000,31.258,31.268,30.972,31.139,13377,0
ESPO.US,D,20190326,000000,31.378,31.687,31.18,31.272,10238,0
ESPO.US,D,20190327,000000,31.527,31.527,31.159,31.199,11936,0
ESPO.US,D,20190328,000000,31.417,31.517,31.209,31.517,30542,0
ESPO.US,D,20190329,000000,31.697,31.697,31.427,31.637,15615,0
ESPO.US,D,20190401,000000,31.976,32.056,31.847,32.006,7186,0
ESPO.US,D,20190402,000000,31.866,31.971,31.807,31.896,9861,0
ESPO.US,D,20190403,000000,32.364,32.714,32.364,32.511,11904,0
ESPO.US,D,20190404,000000,32.404,32.574,32.135,32.245,22815,0
ESPO.US,D,20190405,000000,32.305,32.575,32.305,32.534,5630,0
ESPO.US,D,20190408,000000,32.374,32.374,32.213,32.285,5554,0
ESPO.US,D,20190409,000000,32.205,32.243,32.046,32.046,10442,0
ESPO.US,D,20190410,000000,32.155,32.423,32.155,32.374,5466,0
ESPO.US,D,20190411,000000,32.354,32.364,32.317,32.325,7084,0
ESPO.US,D,20190412,000000,32.604,32.762,32.584,32.594,17741,0
ESPO.US,D,20190415,000000,32.524,32.524,32.155,32.165,11723,0
ESPO.US,D,20190416,000000,32.375,32.375,32.275,32.275,17610,0
ESPO.US,D,20190417,000000,32.245,32.245,31.906,31.946,6355,0
ESPO.US,D,20190418,000000,31.946,32.185,31.946,32.125,9307,0
ESPO.US,D,20190422,000000,32.086,32.305,32.082,32.305,6813,0
ESPO.US,D,20190423,000000,32.215,32.614,32.215,32.584,11129,0
ESPO.US,D,20190424,000000,32.624,32.629,32.474,32.589,10930,0
ESPO.US,D,20190425,000000,32.454,32.454,32.175,32.27,6518,0
ESPO.US,D,20190426,000000,32.315,32.644,32.295,32.624,17574,0
ESPO.US,D,20190429,000000,32.704,32.813,32.644,32.794,10005,0
ESPO.US,D,20190430,000000,32.774,32.832,32.759,32.784,8667,0
ESPO.US,D,20190501,000000,33.068,33.117,32.813,32.813,6409,0
ESPO.US,D,20190502,000000,32.843,33.042,32.644,32.813,8004,0
ESPO.US,D,20190503,000000,32.863,33.052,32.803,32.992,15652,0
ESPO.US,D,20190506,000000,32.006,32.694,31.896,32.683,9608,0
ESPO.US,D,20190507,000000,32.325,32.325,31.557,31.828,11019,0
ESPO.US,D,20190508,000000,32.125,32.371,32.066,32.195,10932,0
ESPO.US,D,20190509,000000,31.577,31.896,31.296,31.747,19197,0
ESPO.US,D,20190510,000000,31.906,32.374,31.622,32.265,7214,0
ESPO.US,D,20190513,000000,31.647,31.747,31.237,31.338,14888,0
ESPO.US,D,20190514,000000,31.457,32.076,31.457,31.896,10608,0
ESPO.US,D,20190515,000000,31.737,32.285,31.737,32.076,22895,0
ESPO.US,D,20190516,000000,32.115,32.514,32.095,32.354,8231,0
ESPO.US,D,20190517,000000,32.145,32.295,31.986,31.986,7564,0
ESPO.US,D,20190520,000000,31.557,31.557,31.089,31.089,12289,0
ESPO.US,D,20190521,000000,31.417,31.446,31.258,31.397,19281,0
ESPO.US,D,20190522,000000,31.757,32.006,31.707,31.926,8639,0
ESPO.US,D,20190523,000000,31.627,31.627,31.328,31.417,7085,0
ESPO.US,D,20190524,000000,31.75,31.777,31.46,31.597,4810,0
ESPO.US,D,20190528,000000,31.827,32.036,31.777,31.777,8457,0
ESPO.US,D,20190529,000000,31.577,31.677,31.353,31.547,4912,0
ESPO.US,D,20190530,000000,31.697,31.697,31.507,31.533,1716,0
ESPO.US,D,20190531,000000,31.497,31.757,31.497,31.657,3969,0
ESPO.US,D,20190603,000000,31.847,31.986,31.437,31.547,5044,0
ESPO.US,D,20190604,000000,31.517,32.067,31.468,32.067,5447,0
ESPO.US,D,20190605,000000,32.175,32.248,31.772,32.052,5754,0
ESPO.US,D,20190606,000000,32.265,32.499,32.26,32.494,5713,0
ESPO.US,D,20190607,000000,32.81,32.893,32.81,32.843,4949,0
ESPO.US,D,20190610,000000,33.341,33.36,33.072,33.13,22937,0
ESPO.US,D,20190611,000000,33.192,33.252,32.843,32.94,25408,0
ESPO.US,D,20190612,000000,32.614,32.614,32.254,32.295,21091,0
ESPO.US,D,20190613,000000,32.37,32.394,32.175,32.256,13913,0
ESPO.US,D,20190614,000000,32.215,32.215,31.906,32.016,3398,0
ESPO.US,D,20190617,000000,32.016,32.016,31.727,31.739,4075,0
ESPO.US,D,20190618,000000,32.215,32.474,32.215,32.293,9674,0
ESPO.US,D,20190619,000000,32.394,32.394,32.115,32.384,6274,0
ESPO.US,D,20190620,000000,33.012,33.022,32.743,32.877,9853,0
ESPO.US,D,20190621,000000,32.624,32.892,32.624,32.853,8037,0
ESPO.US,D,20190624,000000,32.843,33.002,32.775,32.992,4789,0
ESPO.US,D,20190625,000000,32.704,32.857,32.519,32.519,9312,0
ESPO.US,D,20190626,000000,32.933,32.933,32.842,32.863,3889,0
ESPO.US,D,20190627,000000,33.032,33.222,33.002,33.212,9487,0
ESPO.US,D,20190628,000000,33.291,33.291,33.165,33.232,5873,0
ESPO.US,D,20190701,000000,33.691,33.746,33.481,33.565,6230,0
ESPO.US,D,20190702,000000,33.471,33.697,33.471,33.641,7625,0
ESPO.US,D,20190703,000000,33.671,33.711,33.591,33.641,2943,0
ESPO.US,D,20190705,000000,33.401,33.401,33.042,33.291,2329,0
ESPO.US,D,20190708,000000,32.943,33.012,32.898,32.967,4131,0
ESPO.US,D,20190709,000000,32.923,33.182,32.873,33.142,5731,0
ESPO.US,D,20190710,000000,33.521,33.82,33.521,33.671,12981,0
ESPO.US,D,20190711,000000,34.129,34.129,33.889,33.971,22147,0
ESPO.US,D,20190712,000000,33.879,33.879,33.7,33.785,4171,0
ESPO.US,D,20190715,000000,33.78,33.989,33.691,33.989,22026,0
ESPO.US,D,20190716,000000,33.899,33.899,33.741,33.748,5908,0
ESPO.US,D,20190717,000000,33.75,33.75,33.535,33.543,6618,0
ESPO.US,D,20190718,000000,33.371,33.591,33.371,33.586,2543,0
ESPO.US,D,20190719,000000,33.718,33.718,33.365,33.365,2758,0
ESPO.US,D,20190722,000000,33.381,33.441,33.376,33.391,3927,0
ESPO.US,D,20190723,000000,33.391,33.591,33.391,33.574,4306,0
ESPO.US,D,20190724,000000,33.721,33.988,33.607,33.935,14331,0
ESPO.US,D,20190725,000000,33.969,33.969,33.582,33.671,13272,0
ESPO.US,D,20190726,000000,33.849,34.059,33.849,33.991,8666,0
ESPO.US,D,20190729,000000,33.929,33.929,33.548,33.83,26806,0
ESPO.US,D,20190730,000000,33.591,33.711,33.483,33.631,9284,0
ESPO.US,D,20190731,000000,33.849,33.889,33.391,33.461,23276,0
ESPO.US,D,20190801,000000,33.581,34.194,33.124,33.213,14429,0
ESPO.US,D,20190802,000000,33.341,33.466,33.018,33.347,13884,0
ESPO.US,D,20190805,000000,32.474,32.604,31.727,31.837,36206,0
ESPO.US,D,20190806,000000,32.554,32.654,32.155,32.235,19748,0
ESPO.US,D,20190807,000000,32.046,32.875,32.046,32.875,7856,0
ESPO.US,D,20190808,000000,33.291,33.885,33.291,33.845,14279,0
ESPO.US,D,20190809,000000,33.311,33.311,32.893,33.172,10436,0
ESPO.US,D,20190812,000000,32.893,32.938,32.524,32.539,15820,0
ESPO.US,D,20190813,000000,32.584,33.166,32.584,33.092,9682,0
ESPO.US,D,20190814,000000,32.414,32.424,31.976,32.036,10775,0
ESPO.US,D,20190815,000000,32.185,32.265,32.017,32.11,12220,0
ESPO.US,D,20190816,000000,32.574,32.823,32.434,32.803,8538,0
ESPO.US,D,20190819,000000,33.281,33.551,33.281,33.451,6924,0
ESPO.US,D,20190820,000000,33.252,33.346,33.172,33.252,4809,0
ESPO.US,D,20190821,000000,33.641,33.651,33.531,33.621,7124,0
ESPO.US,D,20190822,000000,33.641,33.641,33.401,33.581,9787,0
ESPO.US,D,20190823,000000,33.411,33.641,32.823,32.823,7755,0
ESPO.US,D,20190826,000000,33.252,33.252,33.087,33.122,4949,0
ESPO.US,D,20190827,000000,33.671,33.76,33.321,33.371,19654,0
ESPO.US,D,20190828,000000,33.321,33.492,33.151,33.361,9937,0
ESPO.US,D,20190829,000000,33.641,33.8,33.57,33.671,12272,0
ESPO.US,D,20190830,000000,33.82,33.87,33.466,33.721,12475,0
ESPO.US,D,20190903,000000,33.551,33.641,33.512,33.551,13916,0
ESPO.US,D,20190904,000000,33.909,34.338,33.909,34.268,8179,0
ESPO.US,D,20190905,000000,34.478,34.688,34.478,34.508,15127,0
ESPO.US,D,20190906,000000,34.806,34.844,34.518,34.638,25965,0
ESPO.US,D,20190909,000000,34.816,34.926,34.668,34.668,25108,0
ESPO.US,D,20190910,000000,34.268,34.534,34.122,34.328,82117,0
ESPO.US,D,20190911,000000,34.508,34.558,34.298,34.349,7568,0
ESPO.US,D,20190912,000000,34.717,35.056,34.601,34.601,13521,0
ESPO.US,D,20190913,000000,34.668,34.976,34.598,34.826,16765,0
ESPO.US,D,20190916,000000,34.717,34.789,34.618,34.628,17028,0
ESPO.US,D,20190917,000000,34.428,34.658,34.428,34.568,12401,0
ESPO.US,D,20190918,000000,34.528,34.582,34.189,34.448,10563,0
ESPO.US,D,20190919,000000,34.488,34.756,34.488,34.568,9676,0
ESPO.US,D,20190920,000000,34.624,34.746,34.248,34.488,10559,0
ESPO.US,D,20190923,000000,34.338,34.433,34.258,34.398,4811,0
ESPO.US,D,20190924,000000,34.478,34.488,33.914,33.989,12373,0
ESPO.US,D,20190925,000000,33.889,34.139,33.651,34.139,19915,0
ESPO.US,D,20190926,000000,34.248,34.278,33.979,34.089,28954,0
ESPO.US,D,20190927,000000,34.049,34.189,33.219,33.316,11812,0
ESPO.US,D,20190930,000000,33.621,33.78,33.621,33.682,3700,0
ESPO.US,D,20191001,000000,33.661,33.661,33.319,33.391,12181,0
ESPO.US,D,20191002,000000,33.132,33.132,32.744,32.893,11601,0
ESPO.US,D,20191003,000000,33.281,33.566,33.002,33.536,12037,0
ESPO.US,D,20191004,000000,33.521,33.819,33.511,33.819,3291,0
ESPO.US,D,20191007,000000,33.75,33.859,33.586,33.711,20406,0
ESPO.US,D,20191008,000000,33.431,33.431,33.056,33.056,5956,0
ESPO.US,D,20191009,000000,33.381,33.476,33.351,33.351,9086,0
ESPO.US,D,20191010,000000,33.242,33.399,33.192,33.338,3580,0
ESPO.US,D,20191011,000000,33.601,33.82,33.601,33.71,6489,0
ESPO.US,D,20191014,000000,33.701,33.731,33.611,33.731,2359,0
ESPO.US,D,20191015,000000,33.879,34.298,33.879,34.238,11141,0
ESPO.US,D,20191016,000000,34.019,34.085,33.964,34.031,8896,0
ESPO.US,D,20191017,000000,34.199,34.207,34.02,34.039,7828,0
ESPO.US,D,20191018,000000,33.959,33.959,33.601,33.737,5506,0
ESPO.US,D,20191021,000000,33.989,34.168,33.889,34.027,13750,0
ESPO.US,D,20191022,000000,34.069,34.159,33.75,33.75,15144,0
ESPO.US,D,20191023,000000,33.631,33.889,33.595,33.711,3381,0
ESPO.US,D,20191024,000000,33.869,34.039,33.869,33.969,4621,0
ESPO.US,D,20191025,000000,33.701,33.998,33.701,33.942,4385,0
ESPO.US,D,20191028,000000,34.069,34.298,34.056,34.258,10543,0
ESPO.US,D,20191029,000000,34.059,34.059,33.8,33.879,16056,0
ESPO.US,D,20191030,000000,33.849,34.211,33.79,34.208,12445,0
ESPO.US,D,20191031,000000,34.238,34.293,34.049,34.248,15688,0
ESPO.US,D,20191101,000000,34.766,34.946,34.548,34.846,29323,0
ESPO.US,D,20191104,000000,35.185,35.432,35.074,35.375,16687,0
ESPO.US,D,20191105,000000,35.425,35.425,35.047,35.086,17570,0
ESPO.US,D,20191106,000000,35.096,35.195,34.896,35.036,18757,0
ESPO.US,D,20191107,000000,35.126,35.205,34.916,34.919,11784,0
ESPO.US,D,20191108,000000,34.736,34.956,34.736,34.856,7512,0
ESPO.US,D,20191111,000000,34.717,34.837,34.59,34.746,13396,0
ESPO.US,D,20191112,000000,35.086,35.245,35.086,35.154,12823,0
ESPO.US,D,20191113,000000,34.786,35.21,34.786,35.016,20527,0
ESPO.US,D,20191114,000000,34.946,35.265,34.946,35.265,19567,0
ESPO.US,D,20191115,000000,35.405,35.488,35.195,35.245,13526,0
ESPO.US,D,20191118,000000,35.345,35.595,35.345,35.555,14566,0
ESPO.US,D,20191119,000000,35.733,35.753,35.385,35.703,19870,0
ESPO.US,D,20191120,000000,35.683,35.923,35.575,35.756,33316,0
ESPO.US,D,20191121,000000,35.763,35.799,35.586,35.649,9994,0
ESPO.US,D,20191122,000000,35.833,35.833,35.575,35.633,14441,0
ESPO.US,D,20191125,000000,35.873,36.142,35.873,36.083,26320,0
ESPO.US,D,20191126,000000,36.043,36.063,35.883,36.033,23394,0
ESPO.US,D,20191127,000000,35.983,36.141,35.983,36.098,8146,0
ESPO.US,D,20191129,000000,35.823,35.928,35.823,35.913,9359,0
ESPO.US,D,20191202,000000,35.873,35.873,35.535,35.585,8981,0
ESPO.US,D,20191203,000000,35.185,35.663,35.091,35.555,13396,0
ESPO.US,D,20191204,000000,36.182,36.36,35.986,36.043,18458,0
ESPO.US,D,20191205,000000,36.023,36.124,35.991,36.063,10444,0
ESPO.US,D,20191206,000000,36.511,36.511,36.43,36.432,22218,0
ESPO.US,D,20191209,000000,36.392,36.432,36.182,36.182,19324,0
ESPO.US,D,20191210,000000,36.342,36.511,36.242,36.452,17091,0
ESPO.US,D,20191211,000000,36.442,36.69,36.422,36.666,17234,0
ESPO.US,D,20191212,000000,36.61,37.458,36.61,37.458,21630,0
ESPO.US,D,20191213,000000,37.149,37.265,36.75,36.922,13216,0
ESPO.US,D,20191216,000000,37.229,37.398,37.219,37.324,18853,0
ESPO.US,D,20191217,000000,37.458,37.507,37.341,37.44,18775,0
ESPO.US,D,20191218,000000,37.438,37.468,37.363,37.428,17528,0
ESPO.US,D,20191219,000000,37.339,37.567,37.339,37.519,20118,0
ESPO.US,D,20191220,000000,37.737,37.763,37.577,37.757,14300,0
ESPO.US,D,20191223,000000,38.067,38.142,37.857,37.997,24185,0
ESPO.US,D,20191224,000000,38.047,38.047,37.997,38.018,6976,0
ESPO.US,D,20191226,000000,38.017,38.256,38.017,38.177,23619,0
ESPO.US,D,20191227,000000,38.356,38.356,38.158,38.237,15099,0
ESPO.US,D,20191230,000000,38.336,38.336,37.827,37.827,26303,0
ESPO.US,D,20191231,000000,37.787,38.063,37.787,38.063,16106,0
ESPO.US,D,20200102,000000,38.556,38.846,38.506,38.826,33920,0
ESPO.US,D,20200103,000000,38.436,38.796,38.245,38.716,29457,0
ESPO.US,D,20200106,000000,38.346,38.886,38.315,38.836,39270,0
ESPO.US,D,20200107,000000,38.906,39.026,38.811,39.026,26413,0
ESPO.US,D,20200108,000000,38.926,39.275,38.729,39.145,52666,0
ESPO.US,D,20200109,000000,39.565,39.565,39.355,39.455,83572,0
ESPO.US,D,20200110,000000,39.635,39.805,39.355,39.401,62114,0
ESPO.US,D,20200113,000000,39.675,40.223,39.675,40.194,129458,0
ESPO.US,D,20200114,000000,40.144,40.144,39.905,40.014,41229,0
ESPO.US,D,20200115,000000,39.985,40.122,39.955,39.98,47826,0
ESPO.US,D,20200116,000000,40.144,40.294,40.114,40.204,61500,0
ESPO.US,D,20200117,000000,40.234,40.234,39.965,40.079,37892,0
ESPO.US,D,20200121,000000,40.224,40.224,39.825,39.877,100948,0
ESPO.US,D,20200122,000000,40.234,40.513,40.234,40.284,33615,0
ESPO.US,D,20200123,000000,40.174,40.313,40.014,40.294,21305,0
ESPO.US,D,20200124,000000,40.414,40.614,39.607,39.888,25763,0
ESPO.US,D,20200127,000000,38.776,39.046,38.306,38.936,50015,0
ESPO.US,D,20200128,000000,39.155,39.675,39.155,39.635,27301,0
ESPO.US,D,20200129,000000,39.555,39.765,39.335,39.44,51676,0
ESPO.US,D,20200130,000000,38.976,39.405,38.956,39.362,21123,0
ESPO.US,D,20200131,000000,38.916,38.916,38.306,38.316,57800,0
ESPO.US,D,20200203,000000,38.776,39.125,38.766,39.046,28189,0
ESPO.US,D,20200204,000000,39.915,40.224,39.766,40.149,69426,0
ESPO.US,D,20200205,000000,40.704,40.704,40.085,40.179,28985,0
ESPO.US,D,20200206,000000,40.424,40.754,40.204,40.754,37508,0
ESPO.US,D,20200207,000000,40.664,40.664,40.254,40.334,67865,0
ESPO.US,D,20200210,000000,40.424,40.744,40.344,40.684,41653,0
ESPO.US,D,20200211,000000,41.123,41.259,40.893,41.023,57610,0
ESPO.US,D,20200212,000000,41.403,41.433,41.183,41.303,90623,0
ESPO.US,D,20200213,000000,41.083,41.452,40.864,41.073,47349,0
ESPO.US,D,20200214,000000,41.832,42.141,41.653,41.852,54169,0
ESPO.US,D,20200218,000000,41.852,42.092,41.664,42.092,42134,0
ESPO.US,D,20200219,000000,42.602,42.821,42.46,42.821,146536,0
ESPO.US,D,20200220,000000,42.602,42.647,41.832,42.252,81060,0
ESPO.US,D,20200221,000000,42.052,42.134,41.403,41.471,65662,0
ESPO.US,D,20200224,000000,40.234,40.454,39.545,40.174,98783,0
ESPO.US,D,20200225,000000,40.674,40.854,39.455,39.532,61900,0
ESPO.US,D,20200226,000000,39.935,40.384,39.717,39.896,60333,0
ESPO.US,D,20200227,000000,39.046,39.265,38.117,38.591,114400,0
ESPO.US,D,20200228,000000,37.128,38.314,36.958,38.207,59756,0
ESPO.US,D,20200302,000000,38.606,39.755,38.605,39.686,106756,0
ESPO.US,D,20200303,000000,40.364,40.784,39.345,39.616,109055,0
ESPO.US,D,20200304,000000,40.354,41.359,40.264,41.303,105260,0
ESPO.US,D,20200305,000000,40.534,41.263,40.534,40.734,48444,0
ESPO.US,D,20200306,000000,39.955,40.504,39.655,40.314,106749,0
ESPO.US,D,20200309,000000,37.467,38.753,36.628,37.857,139299,0
ESPO.US,D,20200310,000000,39.116,39.455,38.087,39.194,91269,0
ESPO.US,D,20200311,000000,38.007,38.566,37.367,37.607,69245,0
ESPO.US,D,20200312,000000,35.5,36.918,34.161,34.541,294466,0
ESPO.US,D,20200313,000000,35.969,36.718,34.62,36.718,99152,0
ESPO.US,D,20200316,000000,32.963,35.37,30.965,33.472,194719,0
ESPO.US,D,20200317,000000,34.151,35.929,33.314,35.32,65541,0
ESPO.US,D,20200318,000000,33.522,34.867,32.633,33.617,104615,0
ESPO.US,D,20200319,000000,33.672,34.96,33.362,34.248,194548,0
ESPO.US,D,20200320,000000,35.19,35.754,33.722,33.792,78484,0
ESPO.US,D,20200323,000000,33.861,35.06,33.582,34.82,106073,0
ESPO.US,D,20200324,000000,37.038,37.417,36.558,37.198,124213,0
ESPO.US,D,20200325,000000,37.258,37.657,36.285,36.923,67150,0
ESPO.US,D,20200326,000000,37.148,38.706,37.148,38.386,59750,0
ESPO.US,D,20200327,000000,37.417,38.356,37.417,37.927,55837,0
ESPO.US,D,20200330,000000,37.987,38.957,37.987,38.886,51081,0
ESPO.US,D,20200331,000000,38.916,39.355,38.456,38.826,47651,0
ESPO.US,D,20200401,000000,37.897,38.686,37.437,37.541,77292,0
ESPO.US,D,20200402,000000,37.517,38.876,37.517,38.876,30788,0
ESPO.US,D,20200403,000000,38.716,38.757,37.957,38.256,64830,0
ESPO.US,D,20200406,000000,39.485,40.104,39.168,40.004,100254,0
ESPO.US,D,20200407,000000,40.963,40.963,39.355,39.625,155547,0
ESPO.US,D,20200408,000000,39.525,39.875,39.016,39.705,50596,0
ESPO.US,D,20200409,000000,40.204,40.454,39.705,39.785,106227,0
ESPO.US,D,20200413,000000,39.985,40.574,39.855,40.554,125266,0
ESPO.US,D,20200414,000000,41.533,41.952,41.249,41.573,178347,0
ESPO.US,D,20200415,000000,41.373,42.252,41.142,42.042,159700,0
ESPO.US,D,20200416,000000,42.681,43.071,42.262,42.821,219709,0
ESPO.US,D,20200417,000000,43.181,43.181,42.352,42.737,107424,0
ESPO.US,D,20200420,000000,42.492,43.067,42.452,42.602,173545,0
ESPO.US,D,20200421,000000,42.342,42.342,41.033,41.453,120537,0
ESPO.US,D,20200422,000000,42.302,42.691,41.772,42.502,71745,0
ESPO.US,D,20200423,000000,42.871,42.871,42.102,42.257,65242,0
ESPO.US,D,20200424,000000,42.392,42.771,42.122,42.602,84975,0
ESPO.US,D,20200427,000000,42.981,43.261,42.819,43.051,71379,0
ESPO.US,D,20200428,000000,43.62,43.62,42.262,42.262,76276,0
ESPO.US,D,20200429,000000,42.861,43.051,42.449,42.851,62916,0
ESPO.US,D,20200430,000000,42.402,42.402,41.553,41.613,152658,0
ESPO.US,D,20200501,000000,41.073,41.363,40.737,40.943,46447,0
ESPO.US,D,20200504,000000,40.973,41.832,40.963,41.832,43865,0
ESPO.US,D,20200505,000000,42.402,42.661,42.072,42.342,81871,0
ESPO.US,D,20200506,000000,42.562,43.096,42.452,42.632,57811,0
ESPO.US,D,20200507,000000,43.411,43.53,42.971,43.321,117891,0
ESPO.US,D,20200508,000000,43.68,43.93,43.451,43.8,86587,0
ESPO.US,D,20200511,000000,43.9,44.649,43.9,44.539,160374,0
ESPO.US,D,20200512,000000,45.079,45.249,44.23,44.23,139631,0
ESPO.US,D,20200513,000000,44.399,45.277,44.04,44.449,120749,0
ESPO.US,D,20200514,000000,44.13,44.729,43.82,44.729,97321,0
ESPO.US,D,20200515,000000,44.489,45.249,44.21,45.249,118003,0
ESPO.US,D,20200518,000000,45.908,46.297,45.497,46.187,192802,0
ESPO.US,D,20200519,000000,46.018,46.707,45.928,46.227,117180,0
ESPO.US,D,20200520,000000,46.757,47.426,46.747,46.977,141122,0
ESPO.US,D,20200521,000000,47.027,47.404,46.587,46.917,126650,0
ESPO.US,D,20200522,000000,46.827,47.086,46.447,46.957,86612,0
ESPO.US,D,20200526,000000,47.666,47.886,46.797,46.887,140002,0
ESPO.US,D,20200527,000000,46.657,46.657,44.919,45.958,225307,0
ESPO.US,D,20200528,000000,45.678,46.487,45.608,45.688,137789,0
ESPO.US,D,20200529,000000,46.048,47.336,45.948,47.336,131800,0
ESPO.US,D,20200601,000000,47.586,48.195,47.346,48.155,165515,0
ESPO.US,D,20200602,000000,48.305,48.565,47.821,48.565,169253,0
ESPO.US,D,20200603,000000,48.665,48.665,47.945,48.095,142553,0
ESPO.US,D,20200604,000000,47.816,48.165,47.246,47.366,113975,0
ESPO.US,D,20200605,000000,47.856,48.325,47.481,48.325,78919,0
ESPO.US,D,20200608,000000,47.906,48.235,47.486,48.235,230225,0
ESPO.US,D,20200609,000000,47.866,48.535,47.686,48.535,106288,0
ESPO.US,D,20200610,000000,48.775,49.813,48.775,49.574,236153,0
ESPO.US,D,20200611,000000,48.884,49.414,47.955,48.015,141801,0
ESPO.US,D,20200612,000000,49.174,49.374,47.973,48.755,103491,0
ESPO.US,D,20200615,000000,48.095,49.494,48.045,49.394,167885,0
ESPO.US,D,20200616,000000,50.453,50.453,49.214,49.783,144658,0
ESPO.US,D,20200617,000000,50.063,50.931,50.063,50.682,110226,0
ESPO.US,D,20200618,000000,50.922,50.952,50.443,50.752,110161,0
ESPO.US,D,20200619,000000,51.112,51.292,50.686,50.902,147289,0
ESPO.US,D,20200622,000000,51.481,51.751,51.152,51.731,121251,0
ESPO.US,D,20200623,000000,52.47,52.78,52.031,52.251,158318,0
ESPO.US,D,20200624,000000,52.37,52.45,51.062,51.566,147148,0
ESPO.US,D,20200625,000000,51.402,51.831,50.945,51.759,88063,0
ESPO.US,D,20200626,000000,51.891,51.941,51.092,51.451,90439,0
ESPO.US,D,20200629,000000,51.322,51.491,50.624,51.441,134336,0
ESPO.US,D,20200630,000000,51.681,52.031,51.541,51.701,118570,0
ESPO.US,D,20200701,000000,51.931,52.689,51.801,52.58,112269,0
ESPO.US,D,20200702,000000,53.679,53.706,53.259,53.279,220866,0
ESPO.US,D,20200706,000000,54.468,54.728,53.867,54.178,340301,0
ESPO.US,D,20200707,000000,53.939,54.496,53.804,54.029,122758,0
ESPO.US,D,20200708,000000,54.438,55.127,54.338,55.127,117662,0
ESPO.US,D,20200709,000000,56.056,56.136,55.157,56.016,161617,0
ESPO.US,D,20200710,000000,55.926,55.936,55.327,55.682,99321,0
ESPO.US,D,20200713,000000,56.046,56.256,53.939,53.939,209275,0
ESPO.US,D,20200714,000000,53.629,54.328,52.78,54.198,187245,0
ESPO.US,D,20200715,000000,54.578,54.578,53.849,54.226,129177,0
ESPO.US,D,20200716,000000,53.14,53.167,52.655,53.03,122013,0
ESPO.US,D,20200717,000000,53.259,53.33,52.84,53.14,78908,0
ESPO.US,D,20200720,000000,53.499,54.388,53.339,54.388,148758,0
ESPO.US,D,20200721,000000,55.087,55.207,54.588,54.668,111042,0
ESPO.US,D,20200722,000000,54.598,54.868,54.428,54.758,95711,0
ESPO.US,D,20200723,000000,54.848,55.027,53.619,53.849,135287,0
ESPO.US,D,20200724,000000,53.389,54.278,53.1,54.248,99903,0
ESPO.US,D,20200727,000000,54.538,55.061,54.288,55.027,118746,0
ESPO.US,D,20200728,000000,55.157,55.257,54.528,54.635,68231,0
ESPO.US,D,20200729,000000,55.447,56.086,55.447,55.916,126035,0
ESPO.US,D,20200730,000000,55.357,56.106,55.227,56.036,107501,0
ESPO.US,D,20200731,000000,56.376,56.527,55.747,56.276,175321,0
ESPO.US,D,20200803,000000,57.305,58.114,57.285,58.074,224893,0
ESPO.US,D,20200804,000000,58.473,59.492,58.384,59.492,236238,0
ESPO.US,D,20200805,000000,59.982,60.082,59.602,59.962,486306,0
ESPO.US,D,20200806,000000,60.631,60.671,59.902,60.391,374863,0
ESPO.US,D,20200807,000000,59.882,60,58.553,59.053,796423,0
ESPO.US,D,20200810,000000,59.113,59.183,57.712,58.384,238652,0
ESPO.US,D,20200811,000000,57.714,57.714,56.346,56.386,238399,0
ESPO.US,D,20200812,000000,57.345,58.204,57.075,58.084,221985,0
ESPO.US,D,20200813,000000,58.513,58.853,58.201,58.384,68147,0
ESPO.US,D,20200814,000000,58.334,58.613,58.11,58.234,103105,0
ESPO.US,D,20200817,000000,58.793,59.512,58.71,59.512,170920,0
ESPO.US,D,20200818,000000,60.052,60.311,59.682,60.172,232210,0
ESPO.US,D,20200819,000000,60.451,60.481,59.822,60.002,137574,0
ESPO.US,D,20200820,000000,59.132,60.231,58.997,60.152,239701,0
ESPO.US,D,20200821,000000,60.221,60.598,60.032,60.571,112911,0
ESPO.US,D,20200824,000000,61.77,61.78,60.931,61.23,197596,0
ESPO.US,D,20200825,000000,60.931,61.43,60.701,61.38,261907,0
ESPO.US,D,20200826,000000,61.48,62.374,61.48,62.079,171727,0
ESPO.US,D,20200827,000000,62.519,62.519,61.303,61.51,264444,0
ESPO.US,D,20200828,000000,61.43,61.83,61.24,61.68,98869,0
ESPO.US,D,20200831,000000,61.51,61.979,61.43,61.88,509103,0
ESPO.US,D,20200901,000000,62.479,63.308,62.349,63.308,149280,0
ESPO.US,D,20200902,000000,64.317,64.407,62.928,63.568,191964,0
ESPO.US,D,20200903,000000,62.978,63.108,60.681,61.071,239893,0
ESPO.US,D,20200904,000000,60.931,61.23,58.473,60.351,304238,0
ESPO.US,D,20200908,000000,58.254,59.263,57.864,58.084,156059,0
ESPO.US,D,20200909,000000,59.233,60.043,58.912,59.852,179928,0
ESPO.US,D,20200910,000000,60.351,60.531,58.953,59.143,149716,0
ESPO.US,D,20200911,000000,59.772,59.932,58.703,59.103,64016,0
ESPO.US,D,20200914,000000,59.982,60.443,59.782,60.142,112594,0
ESPO.US,D,20200915,000000,60.921,61.051,60.731,60.951,215128,0
ESPO.US,D,20200916,000000,61.38,61.42,60.431,60.441,188420,0
ESPO.US,D,20200917,000000,59.452,60.276,59.233,60.132,125023,0
ESPO.US,D,20200918,000000,60.871,60.871,59.562,60.102,158414,0
ESPO.US,D,20200921,000000,59.073,60.511,59.033,60.511,245572,0
ESPO.US,D,20200922,000000,60.621,60.751,59.672,60.631,173777,0
ESPO.US,D,20200923,000000,60.901,61.001,59.582,59.792,108476,0
ESPO.US,D,20200924,000000,58.963,60.122,58.933,59.592,108511,0
ESPO.US,D,20200925,000000,59.532,60.561,59.293,60.401,115223,0
ESPO.US,D,20200928,000000,61.23,61.26,60.481,61.021,121564,0
ESPO.US,D,20200929,000000,61.26,61.411,60.931,61.071,87062,0
ESPO.US,D,20200930,000000,61.16,61.8,61.051,61.47,218188,0
ESPO.US,D,20201001,000000,61.85,62.409,61.74,62.219,124519,0
ESPO.US,D,20201002,000000,61.061,61.771,60.621,60.851,161705,0
ESPO.US,D,20201005,000000,61.19,61.93,61.19,61.9,190532,0
ESPO.US,D,20201006,000000,61.85,62.168,61.21,61.46,183017,0
ESPO.US,D,20201007,000000,62.099,62.213,61.81,61.989,127870,0
ESPO.US,D,20201008,000000,62.309,62.329,61.82,61.93,78528,0
ESPO.US,D,20201009,000000,62.109,62.309,61.93,62.229,94481,0
ESPO.US,D,20201012,000000,62.759,63.228,62.634,62.868,145347,0
ESPO.US,D,20201013,000000,62.948,63.348,62.439,63.278,136368,0
ESPO.US,D,20201014,000000,63.358,63.478,62.484,62.641,187386,0
ESPO.US,D,20201015,000000,61.41,61.83,61.181,61.75,128558,0
ESPO.US,D,20201016,000000,62.029,62.239,61.71,61.72,88054,0
ESPO.US,D,20201019,000000,62.019,62.269,60.911,61.041,229770,0
ESPO.US,D,20201020,000000,61.57,61.829,61.11,61.46,82130,0
ESPO.US,D,20201021,000000,61.28,61.8,60.981,61.24,93602,0
ESPO.US,D,20201022,000000,61.5,61.84,60.801,61.2,181605,0
ESPO.US,D,20201023,000000,61.43,61.43,60.851,61.32,65553,0
ESPO.US,D,20201026,000000,60.951,61.47,60.381,60.881,203448,0
ESPO.US,D,20201027,000000,61.93,62.169,61.493,62.099,101908,0
ESPO.US,D,20201028,000000,61.33,61.63,60.533,60.671,163082,0
ESPO.US,D,20201029,000000,61.37,61.999,61.37,61.64,180326,0
ESPO.US,D,20201030,000000,60.681,60.751,59.432,59.712,297903,0
ESPO.US,D,20201102,000000,60.311,60.391,59.273,59.752,231236,0
ESPO.US,D,20201103,000000,60.241,61.071,60.025,60.951,179182,0
ESPO.US,D,20201104,000000,62.209,63.508,62.154,63.258,273753,0
ESPO.US,D,20201105,000000,64.763,65.096,63.927,64.507,233504,0
ESPO.US,D,20201106,000000,64.447,64.916,63.628,64.896,165424,0
ESPO.US,D,20201109,000000,64.936,64.936,62.209,62.209,319682,0
ESPO.US,D,20201110,000000,60.841,60.931,59.083,59.382,369171,0
ESPO.US,D,20201111,000000,59.552,60.273,59.452,60.271,252908,0
ESPO.US,D,20201112,000000,61.056,61.68,60.731,60.891,173312,0
ESPO.US,D,20201113,000000,61.7,61.92,61.14,61.74,191239,0
ESPO.US,D,20201116,000000,61.56,61.73,61.14,61.65,140371,0
ESPO.US,D,20201117,000000,61.67,61.88,61.28,61.37,163910,0
ESPO.US,D,20201118,000000,61.9,61.93,61.031,61.031,181324,0
ESPO.US,D,20201119,000000,61.35,63.098,61.31,62.968,176049,0
ESPO.US,D,20201120,000000,62.998,63.767,62.998,63.548,94257,0
ESPO.US,D,20201123,000000,63.708,63.767,62.938,63.298,120871,0
ESPO.US,D,20201124,000000,63.747,63.747,62.968,63.258,149253,0
ESPO.US,D,20201125,000000,63.158,63.568,63.088,63.478,127722,0
ESPO.US,D,20201127,000000,64.367,65.176,64.367,65.136,160994,0
ESPO.US,D,20201130,000000,65.216,65.456,64.467,65.356,204786,0
ESPO.US,D,20201201,000000,65.905,65.915,65.106,65.575,173060,0
ESPO.US,D,20201202,000000,64.936,65.745,64.826,65.595,134843,0
ESPO.US,D,20201203,000000,66.005,66.424,65.711,65.711,98562,0
ESPO.US,D,20201204,000000,66.215,67.154,66.075,67.124,123292,0
ESPO.US,D,20201207,000000,67.283,67.852,67.283,67.693,197519,0
ESPO.US,D,20201208,000000,67.77,68.075,67.393,68.003,85445,0
ESPO.US,D,20201209,000000,68.083,68.093,66.494,67.004,204006,0
ESPO.US,D,20201210,000000,66.325,67.423,66.195,67.333,110731,0
ESPO.US,D,20201211,000000,67.044,67.923,67.044,67.493,87167,0
ESPO.US,D,20201214,000000,67.543,68.091,67.473,67.773,274562,0
ESPO.US,D,20201215,000000,68.142,68.142,67.563,68.043,141089,0
ESPO.US,D,20201216,000000,68.542,68.912,68.372,68.872,113916,0
ESPO.US,D,20201217,000000,69.96,70.26,69.711,70.23,160580,0
ESPO.US,D,20201218,000000,70.22,70.52,69.941,70.33,153068,0
ESPO.US,D,20201221,000000,69.16,69.6639,68.49,69.52,112391,0
ESPO.US,D,20201222,000000,69.61,69.61,68.61,69.38,143598,0
ESPO.US,D,20201223,000000,69.61,69.9799,68.9,69.31,125288,0
ESPO.US,D,20201224,000000,69.12,69.4,68.67,68.72,68515,0
ESPO.US,D,20201228,000000,69.07,69.35,67.99,68.02,133417,0
ESPO.US,D,20201229,000000,68.75,69.195,68.15,68.74,88496,0
ESPO.US,D,20201230,000000,69.5,70.43,69.43,70.25,131167,0
ESPO.US,D,20201231,000000,70.45,70.45,69.72,70.01,66145,0
ESPO.US,D,20210104,000000,70.73,71.25,69.51,70.13,263871,0
ESPO.US,D,20210105,000000,70.3,71.72,70.29,71.72,137882,0
ESPO.US,D,20210106,000000,70.7,71.26,70.06,70.06,143849,0
ESPO.US,D,20210107,000000,70.07,71.45,70.06,71.41,177835,0
ESPO.US,D,20210108,000000,72.25,73.1929,72,73.14,200433,0
ESPO.US,D,20210111,000000,72.62,72.64,71.8288,72.04,165373,0
ESPO.US,D,20210112,000000,72.31,72.67,71.54,72.17,146452,0
ESPO.US,D,20210113,000000,72.33,73.3988,72.25,72.88,171668,0
ESPO.US,D,20210114,000000,73.7,74.198,73.4201,73.51,153323,0
ESPO.US,D,20210115,000000,73.23,73.59,72.42,72.63,184844,0
ESPO.US,D,20210119,000000,73.46,74.04,73.4201,73.97,198982,0
ESPO.US,D,20210120,000000,74.66,75.2,74.5,74.95,252773,0
ESPO.US,D,20210121,000000,74.86,75.2,74.524,75.06,200561,0
ESPO.US,D,20210122,000000,75.26,76.3125,75.26,76.22,163153,0
ESPO.US,D,20210125,000000,77.97,78.41,76.11,76.92,390855,0
ESPO.US,D,20210126,000000,76.76,76.76,75.42,75.49,151725,0
ESPO.US,D,20210127,000000,74.63,75.11,73.34,73.57,180955,0
ESPO.US,D,20210128,000000,73.77,75.01,73.66,74.25,213455,0
ESPO.US,D,20210129,000000,73.08,73.62,72.23,72.62,234344,0
ESPO.US,D,20210201,000000,74.51,75.235,74.1801,75.14,162185,0
ESPO.US,D,20210202,000000,75.62,76.3,75.2233,76.18,164817,0
ESPO.US,D,20210203,000000,76.57,76.7,75.96,76.33,137128,0
ESPO.US,D,20210204,000000,76.84,76.84,76.01,76.42,167036,0
ESPO.US,D,20210205,000000,77.1,77.7,76.71,77.45,150229,0
ESPO.US,D,20210208,000000,78.36,78.99,78.215,78.96,216456,0
ESPO.US,D,20210209,000000,78.98,79.5,78.61,79.24,225408,0
ESPO.US,D,20210210,000000,79.94,80.569,78.82,80.21,148100,0
ESPO.US,D,20210211,000000,80.84,81.17,80.35,80.84,108239,0
ESPO.US,D,20210212,000000,80.49,81.1685,80.01,81.03,98580,0
ESPO.US,D,20210216,000000,81.36,81.39,80.1,80.55,231723,0
ESPO.US,D,20210217,000000,79.95,80.34,78.82,79.5,108220,0
ESPO.US,D,20210218,000000,78.56,79.14,77.79,78.97,171640,0
ESPO.US,D,20210219,000000,79.59,80.16,79.2697,79.33,93447,0
ESPO.US,D,20210222,000000,77.55,77.73,75.51,75.72,274254,0
ESPO.US,D,20210223,000000,74.04,75.425,71.86,75.1,309490,0
ESPO.US,D,20210224,000000,73.71,74.68,72.83,74.58,167955,0
ESPO.US,D,20210225,000000,74.68,75.29,72.3748,72.47,289893,0
ESPO.US,D,20210226,000000,72.47,72.7031,71.1,72.18,155591,0
ESPO.US,D,20210301,000000,73.66,74.6,73.06,74.6,139508,0
ESPO.US,D,20210302,000000,74.79,74.99,73.35,73.35,166922,0
ESPO.US,D,20210303,000000,73.83,73.97,71.68,71.91,157879,0
ESPO.US,D,20210304,000000,70.94,71.54,68.1,68.89,287553,0
ESPO.US,D,20210305,000000,69.42,69.42,66.13,68.38,328475,0
ESPO.US,D,20210308,000000,67.45,68,64.7501,64.82,282802,0
ESPO.US,D,20210309,000000,66.6,68.89,66.6,68.61,228538,0
ESPO.US,D,20210310,000000,69.1,69.17,66.85,67,286074,0
ESPO.US,D,20210311,000000,69.33,69.91,69.01,69.81,186912,0
ESPO.US,D,20210312,000000,68.6,69.08,67.851,68.97,77395,0
ESPO.US,D,20210315,000000,68.93,69.39,68.5583,69.39,243577,0
ESPO.US,D,20210316,000000,70.45,71.05,69.61,70.16,118987,0
ESPO.US,D,20210317,000000,69.45,70.0911,68.14,69.51,73389,0
ESPO.US,D,20210318,000000,68.75,68.75,67.4801,67.52,100791,0
ESPO.US,D,20210319,000000,67.95,68.55,67.5,68.41,98900,0
ESPO.US,D,20210322,000000,68.41,69.28,68.41,68.83,62691,0
ESPO.US,D,20210323,000000,68.63,68.89,68.1698,68.2,74621,0
ESPO.US,D,20210324,000000,68.06,68.06,65.93,65.93,145244,0
ESPO.US,D,20210325,000000,65.26,66.17,65.0628,65.94,145479,0
ESPO.US,D,20210326,000000,66.43,67.69,66.2,67.48,95258,0
ESPO.US,D,20210329,000000,67.46,67.61,66.87,67.41,73799,0
ESPO.US,D,20210330,000000,66.9,67.61,66.3601,67.35,111218,0
ESPO.US,D,20210331,000000,67.44,68.6501,67.38,68.35,222962,0
ESPO.US,D,20210401,000000,69.35,70.3481,69.35,70.19,105169,0
ESPO.US,D,20210405,000000,70.58,71,70.02,70.67,115470,0
ESPO.US,D,20210406,000000,70.31,71.308,70.31,70.94,98371,0
ESPO.US,D,20210407,000000,69.75,70.3371,69.59,69.92,101971,0
ESPO.US,D,20210408,000000,71.08,71.33,71.02,71.14,96325,0
ESPO.US,D,20210409,000000,71.25,71.25,70.5,70.89,53454,0
ESPO.US,D,20210412,000000,70.16,70.68,69.735,70.53,170313,0
ESPO.US,D,20210413,000000,70.99,71.69,70.76,71.6,130653,0
ESPO.US,D,20210414,000000,71.96,72,71.05,71.16,81280,0
ESPO.US,D,20210415,000000,71.78,72.5507,71.69,72.41,54744,0
ESPO.US,D,20210416,000000,72.56,72.58,71.77,72.02,144400,0
ESPO.US,D,20210419,000000,71.45,72.13,70.84,71.19,114084,0
ESPO.US,D,20210420,000000,70.71,70.71,69.49,69.88,145906,0
ESPO.US,D,20210421,000000,69.51,70.85,69.13,70.82,144027,0
ESPO.US,D,20210422,000000,70.53,71.48,70.44,70.67,57380,0
ESPO.US,D,20210423,000000,71,72.0937,71,71.94,52840,0
ESPO.US,D,20210426,000000,71.6,72.5276,71.6,72.5,89882,0
ESPO.US,D,20210427,000000,72.49,72.74,72.0651,72.1,24003,0
ESPO.US,D,20210428,000000,71.97,72.4499,71.85,72.13,41406,0
ESPO.US,D,20210429,000000,72.52,72.58,71.185,71.88,43351,0
ESPO.US,D,20210430,000000,71.28,71.75,70.74,70.81,64077,0
ESPO.US,D,20210503,000000,71.33,71.33,70.151,70.26,67709,0
ESPO.US,D,20210504,000000,69.71,69.7266,68,68.71,88083,0
ESPO.US,D,20210505,000000,69.61,69.78,68.72,68.97,73668,0
ESPO.US,D,20210506,000000,68.26,68.63,67.71,68.44,82212,0
ESPO.US,D,20210507,000000,68.91,69.7,68.79,69.02,47745,0
ESPO.US,D,20210510,000000,68.83,68.83,67.18,67.18,109203,0
ESPO.US,D,20210511,000000,65.23,67.4,65.08,67.24,225534,0
ESPO.US,D,20210512,000000,66.4,66.74,65.05,65.1,179395,0
ESPO.US,D,20210513,000000,65.1,65.35,63.3061,63.7,217262,0
ESPO.US,D,20210514,000000,64.83,66.27,64.7,66.16,117378,0
ESPO.US,D,20210517,000000,65.86,65.86,65.15,65.66,106776,0
ESPO.US,D,20210518,000000,66.09,67.36,65.91,66.85,123696,0
ESPO.US,D,20210519,000000,65.5,67.2,65.4801,67.12,104510,0
ESPO.US,D,20210520,000000,67.46,68.8283,67.46,68.78,110886,0
ESPO.US,D,20210521,000000,69.03,69.26,68.47,68.53,54329,0
ESPO.US,D,20210524,000000,68.99,69.6602,68.79,69.5,100780,0
ESPO.US,D,20210525,000000,69.73,69.935,69.31,69.68,63722,0
ESPO.US,D,20210526,000000,69.82,70.1899,69.76,69.88,42799,0
ESPO.US,D,20210527,000000,69.89,70.23,69.35,70.23,72955,0
ESPO.US,D,20210528,000000,70.34,71,70.25,70.72,66788,0
ESPO.US,D,20210601,000000,71.21,71.4,70.56,71.09,73923,0
ESPO.US,D,20210602,000000,70.84,71.05,70.445,70.67,103913,0
ESPO.US,D,20210603,000000,70.17,70.355,69.63,69.67,139254,0
ESPO.US,D,20210604,000000,70.02,71.15,70.02,71.15,99856,0
ESPO.US,D,20210607,000000,71.03,71.15,70.62,71.03,33751,0
ESPO.US,D,20210608,000000,71.24,71.68,70.78,71.25,35130,0
ESPO.US,D,20210609,000000,71.6,71.73,70.91,71.04,50128,0
ESPO.US,D,20210610,000000,71.16,72,71.16,71.95,42544,0
ESPO.US,D,20210611,000000,71.76,72.2,71.76,72.16,43421,0
ESPO.US,D,20210614,000000,71.91,72.4,71.84,72.32,83688,0
ESPO.US,D,20210615,000000,72.16,72.32,71.03,71.18,102332,0
ESPO.US,D,20210616,000000,70.65,70.86,69.5524,70.08,58008,0
ESPO.US,D,20210617,000000,69.89,71.76,69.89,71.5,90548,0
ESPO.US,D,20210618,000000,71.33,71.66,70.9,71.31,44580,0
ESPO.US,D,20210621,000000,70.53,70.7388,69.74,70.57,141679,0
ESPO.US,D,20210622,000000,70.3,70.69,70.14,70.58,50016,0
ESPO.US,D,20210623,000000,70.5,71,70.5,70.59,67790,0
ESPO.US,D,20210624,000000,71.04,71.88,71.04,71.71,68226,0
ESPO.US,D,20210625,000000,71.94,72.0568,71.37,71.57,56863,0
ESPO.US,D,20210628,000000,71.83,72.8,71.83,72.7,106620,0
ESPO.US,D,20210629,000000,72.67,73.26,72.34,73.24,79998,0
ESPO.US,D,20210630,000000,72.78,72.9431,72.504,72.58,61052,0
ESPO.US,D,20210701,000000,72.39,72.58,71.285,71.77,66082,0
ESPO.US,D,20210702,000000,71.99,72.19,71.8044,72.18,49413,0
ESPO.US,D,20210706,000000,71.99,72.045,71.35,71.71,70335,0
ESPO.US,D,20210707,000000,71.87,71.93,70.33,70.41,96852,0
ESPO.US,D,20210708,000000,68.6,69.36,68.13,69.09,63372,0
ESPO.US,D,20210709,000000,69.74,70.18,69.1,70.18,67620,0
ESPO.US,D,20210712,000000,70.1,70.34,69.66,70.1,67093,0
ESPO.US,D,20210713,000000,70.29,70.96,70.01,70.31,64622,0
ESPO.US,D,20210714,000000,70.74,70.74,69.6,69.6,34415,0
ESPO.US,D,20210715,000000,69.6,69.98,68.4,68.68,75452,0
ESPO.US,D,20210716,000000,68.91,69.16,68.2019,68.24,58977,0
ESPO.US,D,20210719,000000,67.4217,68.45,67.21,68.22,98290,0
ESPO.US,D,20210720,000000,68.21,68.89,67.6,68.57,31909,0
ESPO.US,D,20210721,000000,68.57,69.62,68.53,69.51,48655,0
ESPO.US,D,20210722,000000,69.45,69.66,68.9601,69.51,30215,0
ESPO.US,D,20210723,000000,69.16,69.16,68.1901,68.91,38961,0
ESPO.US,D,20210726,000000,67.76,67.99,66.933,67.03,111244,0
ESPO.US,D,20210727,000000,66.1,66.56,64.45,65.54,101726,0
ESPO.US,D,20210728,000000,66.04,68.01,66.0121,67.9,74277,0
ESPO.US,D,20210729,000000,68.06,68.71,68.04,68.31,67756,0
ESPO.US,D,20210730,000000,67.11,68.04,67.11,67.68,29160,0
ESPO.US,D,20210802,000000,68.04,68.9,67.67,68.39,109198,0
ESPO.US,D,20210803,000000,66.84,66.8692,65.781,66.8,81268,0
ESPO.US,D,20210804,000000,67.19,67.92,67.19,67.92,47345,0
ESPO.US,D,20210805,000000,67.49,67.49,67,67.11,105788,0
ESPO.US,D,20210806,000000,66.68,66.9601,66.15,66.22,87633,0
ESPO.US,D,20210809,000000,66.57,67.47,66.38,67.24,64744,0
ESPO.US,D,20210810,000000,67.02,67.16,66.12,66.19,43927,0
ESPO.US,D,20210811,000000,66.7,66.985,65.9901,66.73,126320,0
ESPO.US,D,20210812,000000,66.74,67.22,66.5397,67.22,76389,0
ESPO.US,D,20210813,000000,67.08,67.42,66.91,67.26,66490,0
ESPO.US,D,20210816,000000,66.56,66.68,65.2,65.62,160634,0
ESPO.US,D,20210817,000000,64.69,65.9168,64.45,65.34,59529,0
ESPO.US,D,20210818,000000,65.53,65.98,65.2,65.28,43281,0
ESPO.US,D,20210819,000000,64.63,65.75,64.302,65.01,99603,0
ESPO.US,D,20210820,000000,65.34,66.16,65.34,66.02,38331,0
ESPO.US,D,20210823,000000,66.5,67.77,66.5,67.73,65296,0
ESPO.US,D,20210824,000000,68.32,68.9,68.32,68.86,75545,0
ESPO.US,D,20210825,000000,68.49,68.8,68.39,68.73,87281,0
ESPO.US,D,20210826,000000,67.88,68.17,67.36,67.45,54254,0
ESPO.US,D,20210827,000000,67.38,68.1,67.36,68.01,52144,0
ESPO.US,D,20210830,000000,67.33,67.95,67.28,67.92,88257,0
ESPO.US,D,20210831,000000,68.3,69.02,68.29,68.95,62578,0
ESPO.US,D,20210901,000000,69.37,70.16,69.37,69.82,72778,0
