<TICKER>,<PER>,<DATE>,<TIME>,<OPEN>,<HIGH>,<LOW>,<CLOSE>,<VOL>,<OPENINT>
EWJE.US,D,20190311,000000,31.255,31.255,31.255,31.255,635,0
EWJE.US,D,20190318,000000,31.663,31.681,31.663,31.681,528,0
EWJE.US,D,20190322,000000,31.693,31.693,31.693,31.693,316,0
EWJE.US,D,20190326,000000,32.193,32.193,32.193,32.193,106,0
EWJE.US,D,20190402,000000,32.154,32.154,32.154,32.154,106,0
EWJE.US,D,20190416,000000,32.184,32.184,32.184,32.184,190,0
EWJE.US,D,20190417,000000,32.135,32.135,32.135,32.135,144,0
EWJE.US,D,20190422,000000,31.994,31.994,31.994,31.994,106,0
EWJE.US,D,20190501,000000,32.164,32.164,32.164,32.164,316,0
EWJE.US,D,20190510,000000,31.16,31.16,30.876,30.876,422,0
EWJE.US,D,20190516,000000,30.962,30.962,30.962,30.962,106,0
EWJE.US,D,20190520,000000,30.782,30.782,30.782,30.782,128,0
EWJE.US,D,20190530,000000,30.829,30.829,30.64,30.64,316,0
EWJE.US,D,20190610,000000,31.302,31.505,31.302,31.505,212,0
EWJE.US,D,20190612,000000,31.435,31.435,31.435,31.435,106,0
EWJE.US,D,20190723,000000,31.877,31.877,31.877,31.877,2,0
EWJE.US,D,20190724,000000,31.877,31.877,31.877,31.877,2,0
EWJE.US,D,20190725,000000,31.877,31.877,31.877,31.877,2,0
EWJE.US,D,20190726,000000,31.877,31.877,31.877,31.877,2,0
EWJE.US,D,20190730,000000,31.877,31.877,31.877,31.877,2,0
EWJE.US,D,20190731,000000,31.877,31.877,31.877,31.877,2,0
EWJE.US,D,20190801,000000,31.877,31.877,31.877,31.877,1,0
EWJE.US,D,20190802,000000,31.877,31.877,31.877,31.877,1,0
EWJE.US,D,20190806,000000,31.022,31.022,31.022,31.022,106,0
EWJE.US,D,20190905,000000,31.473,31.473,31.473,31.473,416,0
EWJE.US,D,20190910,000000,32.02,32.02,32.02,32.02,105,0
EWJE.US,D,20190911,000000,32.338,32.338,32.338,32.338,418,0
EWJE.US,D,20190912,000000,32.598,32.598,32.598,32.598,416,0
EWJE.US,D,20190913,000000,32.857,32.857,32.857,32.857,416,0
EWJE.US,D,20190916,000000,32.947,32.947,32.947,32.947,105,0
EWJE.US,D,20190919,000000,33.154,33.154,33.154,33.154,416,0
EWJE.US,D,20190920,000000,33.26,33.26,33.26,33.26,126,0
EWJE.US,D,20190926,000000,33.482,33.509,33.482,33.509,836,0
EWJE.US,D,20190927,000000,33.125,33.125,33.058,33.058,524,0
EWJE.US,D,20190930,000000,32.837,32.982,32.837,32.982,210,0
EWJE.US,D,20191001,000000,33.044,33.048,33.044,33.048,225,0
EWJE.US,D,20191002,000000,32.751,32.751,32.751,32.751,110,0
EWJE.US,D,20191007,000000,33.083,33.083,32.934,33.083,832,0
EWJE.US,D,20191010,000000,32.866,33.029,32.866,33.029,430,0
EWJE.US,D,20191011,000000,33.529,33.529,33.529,33.529,105,0
EWJE.US,D,20191014,000000,33.499,33.499,33.499,33.499,227,0
EWJE.US,D,20191016,000000,33.588,33.597,33.588,33.597,209,0
EWJE.US,D,20191017,000000,33.599,33.599,33.598,33.598,221,0
EWJE.US,D,20191018,000000,33.475,33.475,33.469,33.469,209,0
EWJE.US,D,20191022,000000,33.872,33.872,33.872,33.872,105,0
EWJE.US,D,20191023,000000,34.008,34.008,34.008,34.008,105,0
EWJE.US,D,20191024,000000,34.067,34.067,34.067,34.067,105,0
EWJE.US,D,20191101,000000,34.585,34.585,34.585,34.585,105,0
EWJE.US,D,20191104,000000,34.777,34.777,34.777,34.777,835,0
EWJE.US,D,20191112,000000,35.186,35.186,35.186,35.186,112,0
EWJE.US,D,20191113,000000,34.826,34.979,34.826,34.979,416,0
EWJE.US,D,20191114,000000,34.681,34.71,34.681,34.71,315,0
EWJE.US,D,20191115,000000,34.959,34.97,34.957,34.97,1751,0
EWJE.US,D,20191118,000000,35.075,35.083,35.046,35.061,660,0
EWJE.US,D,20191125,000000,35.253,35.257,35.253,35.257,214,0
EWJE.US,D,20191126,000000,35.098,35.141,35.098,35.141,110,0
EWJE.US,D,20191129,000000,34.854,34.854,34.826,34.839,474,0
EWJE.US,D,20191206,000000,35.581,35.608,35.581,35.608,527,0
EWJE.US,D,20191210,000000,35.315,35.315,35.315,35.315,527,0
EWJE.US,D,20191211,000000,35.42,35.437,35.42,35.437,210,0
EWJE.US,D,20191212,000000,35.229,35.489,35.229,35.489,3235,0
EWJE.US,D,20191213,000000,35.286,35.449,35.286,35.449,1041,0
EWJE.US,D,20191216,000000,35.537,35.537,35.537,35.537,308,0
EWJE.US,D,20191218,000000,35.342,35.342,35.342,35.342,473,0
EWJE.US,D,20191220,000000,35.41,35.414,35.41,35.414,616,0
EWJE.US,D,20191223,000000,35.332,35.39,35.332,35.334,1364,0
EWJE.US,D,20191227,000000,35.302,35.312,35.302,35.312,617,0
EWJE.US,D,20191230,000000,35.045,35.045,34.932,34.932,153,0
EWJE.US,D,20200102,000000,35.419,35.419,35.4,35.4,322,0
EWJE.US,D,20200106,000000,35.158,35.263,35.158,35.194,5319,0
EWJE.US,D,20200107,000000,35.234,35.273,35.209,35.234,1527,0
EWJE.US,D,20200108,000000,35.312,35.312,35.236,35.236,3786,0
EWJE.US,D,20200109,000000,35.342,35.357,35.298,35.298,1535,0
EWJE.US,D,20200121,000000,35.107,35.107,35.107,35.107,224,0
EWJE.US,D,20200122,000000,35.106,35.151,35.078,35.151,5227,0
EWJE.US,D,20200123,000000,35.097,35.175,35.053,35.141,5965,0
EWJE.US,D,20200127,000000,34.335,34.335,34.31,34.31,665,0
EWJE.US,D,20200128,000000,34.507,34.579,34.507,34.539,6060,0
EWJE.US,D,20200129,000000,34.517,34.569,34.436,34.436,4352,0
EWJE.US,D,20200131,000000,34.119,34.119,33.748,33.75,784,0
EWJE.US,D,20200203,000000,34.111,34.111,34.086,34.086,103,0
EWJE.US,D,20200204,000000,34.657,34.657,34.657,34.657,103,0
EWJE.US,D,20200205,000000,34.881,34.998,34.881,34.978,10543,0
EWJE.US,D,20200207,000000,34.86,34.86,34.779,34.779,857,0
EWJE.US,D,20200210,000000,34.589,34.784,34.589,34.754,1680,0
EWJE.US,D,20200212,000000,34.696,34.696,34.696,34.696,423,0
EWJE.US,D,20200213,000000,34.53,34.53,34.432,34.432,709,0
EWJE.US,D,20200214,000000,34.246,34.246,34.137,34.137,583,0
EWJE.US,D,20200218,000000,33.914,33.914,33.562,33.562,2527,0
EWJE.US,D,20200219,000000,33.621,33.658,33.516,33.516,6572,0
EWJE.US,D,20200220,000000,33.23,33.23,33.23,33.23,538,0
EWJE.US,D,20200224,000000,31.837,31.881,31.708,31.708,2943,0
EWJE.US,D,20200225,000000,31.93,31.93,31.93,31.93,1159,0
EWJE.US,D,20200226,000000,31.979,31.979,31.791,31.791,103,0
EWJE.US,D,20200227,000000,31.08,31.373,30.748,30.748,8444,0
EWJE.US,D,20200228,000000,30.2,30.629,29.993,30.419,1736,0
EWJE.US,D,20200302,000000,30.756,30.756,30.756,30.756,351,0
EWJE.US,D,20200304,000000,31.02,31.04,31.02,31.04,433,0
EWJE.US,D,20200305,000000,30.766,30.766,30.599,30.599,455,0
EWJE.US,D,20200310,000000,29.081,29.622,29.081,29.622,309,0
EWJE.US,D,20200312,000000,26.944,27.745,25.184,25.703,14731,0
EWJE.US,D,20200313,000000,26.373,26.644,26.373,26.644,2226,0
EWJE.US,D,20200316,000000,25.868,25.868,24.46,24.978,1803,0
EWJE.US,D,20200317,000000,25.604,26.125,25.595,26.125,4583,0
EWJE.US,D,20200318,000000,25.741,25.848,25.262,25.673,921,0
EWJE.US,D,20200319,000000,26.24,26.498,26.24,26.498,1248,0
EWJE.US,D,20200320,000000,27.13,27.13,26.308,26.308,415,0
EWJE.US,D,20200323,000000,26.073,26.088,26.017,26.017,231,0
EWJE.US,D,20200324,000000,27.824,27.824,27.824,27.824,206,0
EWJE.US,D,20200325,000000,27.598,28.185,27.266,27.985,1564,0
EWJE.US,D,20200326,000000,28.498,29.26,28.488,29.19,870,0
EWJE.US,D,20200327,000000,29.173,29.173,29.173,29.173,232,0
EWJE.US,D,20200330,000000,29.358,29.596,29.355,29.596,476,0
EWJE.US,D,20200331,000000,28.42,28.737,28.333,28.675,5551,0
EWJE.US,D,20200401,000000,27.472,27.589,27.296,27.296,1195,0
EWJE.US,D,20200403,000000,27.051,27.051,26.844,26.844,758,0
EWJE.US,D,20200406,000000,27.745,28.087,27.745,28.087,617,0
EWJE.US,D,20200407,000000,29.652,29.682,29.094,29.094,860,0
EWJE.US,D,20200408,000000,28.586,28.703,28.361,28.62,993,0
EWJE.US,D,20200414,000000,29.32,29.427,29.32,29.427,311,0
EWJE.US,D,20200415,000000,29.196,29.196,29.063,29.063,664,0
EWJE.US,D,20200421,000000,28.928,28.928,28.928,28.928,309,0
EWJE.US,D,20200423,000000,29.349,29.612,29.34,29.34,458,0
EWJE.US,D,20200428,000000,30.482,30.542,30.287,30.287,850,0
EWJE.US,D,20200429,000000,30.815,30.815,30.815,30.815,427,0
EWJE.US,D,20200430,000000,30.307,30.307,29.905,29.945,3047,0
EWJE.US,D,20200501,000000,29.427,29.427,29.387,29.387,390,0
EWJE.US,D,20200504,000000,29.124,29.232,29.124,29.232,1270,0
EWJE.US,D,20200505,000000,29.622,29.622,29.622,29.622,275,0
EWJE.US,D,20200508,000000,30.22,30.327,30.22,30.327,410,0
EWJE.US,D,20200511,000000,30.57,30.736,30.57,30.736,319,0
EWJE.US,D,20200514,000000,29.867,29.867,29.622,29.857,1540,0
EWJE.US,D,20200515,000000,30.053,30.053,30.053,30.053,307,0
EWJE.US,D,20200518,000000,30.552,30.737,30.552,30.732,1125,0
EWJE.US,D,20200519,000000,30.688,30.727,30.55,30.55,512,0
EWJE.US,D,20200520,000000,31.167,31.167,31.07,31.07,288,0
EWJE.US,D,20200522,000000,30.815,30.845,30.815,30.845,754,0
EWJE.US,D,20200526,000000,31.812,31.812,31.812,31.812,219,0
EWJE.US,D,20200528,000000,32.868,32.897,32.868,32.897,822,0
EWJE.US,D,20200529,000000,32.399,32.399,32.087,32.322,2173,0
EWJE.US,D,20200601,000000,32.546,32.585,32.546,32.585,235,0
EWJE.US,D,20200602,000000,32.942,33.103,32.927,33.024,5026,0
EWJE.US,D,20200603,000000,33.21,33.21,33.21,33.21,307,0
EWJE.US,D,20200604,000000,32.967,32.967,32.897,32.897,318,0
EWJE.US,D,20200605,000000,33.366,33.366,33.319,33.319,419,0
EWJE.US,D,20200608,000000,33.592,33.856,33.592,33.659,513,0
EWJE.US,D,20200609,000000,33.679,33.699,33.612,33.699,715,0
EWJE.US,D,20200611,000000,32.994,32.994,32.712,32.712,310,0
EWJE.US,D,20200612,000000,32.77,32.77,32.77,32.77,205,0
EWJE.US,D,20200615,000000,31.815,32.15,31.815,32.15,1076,0
EWJE.US,D,20200616,000000,33.077,33.214,32.997,32.997,406,0
EWJE.US,D,20200618,000000,32.899,32.939,32.899,32.939,700,0
EWJE.US,D,20200619,000000,32.919,32.919,32.763,32.763,205,0
EWJE.US,D,20200622,000000,32.81,32.902,32.791,32.902,2253,0
EWJE.US,D,20200623,000000,33.234,33.234,33.234,33.234,246,0
EWJE.US,D,20200624,000000,32.672,32.672,32.367,32.367,652,0
EWJE.US,D,20200625,000000,32.505,32.505,32.505,32.505,204,0
EWJE.US,D,20200626,000000,32.347,32.347,32.336,32.336,185,0
EWJE.US,D,20200629,000000,32.249,32.327,32.111,32.327,686,0
EWJE.US,D,20200630,000000,32.111,32.239,32.111,32.111,1624,0
EWJE.US,D,20200701,000000,31.934,31.934,31.934,31.934,453,0
EWJE.US,D,20200706,000000,32.535,32.535,32.521,32.521,210,0
EWJE.US,D,20200708,000000,32.072,32.111,32.072,32.111,1494,0
EWJE.US,D,20200709,000000,31.687,31.909,31.687,31.909,555,0
EWJE.US,D,20200710,000000,32.259,32.259,32.259,32.259,190,0
EWJE.US,D,20200713,000000,32.437,32.446,32.19,32.19,3389,0
EWJE.US,D,20200714,000000,32.229,32.397,32.229,32.397,233,0
EWJE.US,D,20200715,000000,32.939,32.939,32.939,32.939,246,0
EWJE.US,D,20200720,000000,32.51,32.51,32.51,32.51,1077,0
EWJE.US,D,20200721,000000,32.505,32.515,32.505,32.515,1453,0
EWJE.US,D,20200724,000000,32.334,32.334,32.334,32.334,1546,0
EWJE.US,D,20200727,000000,32.83,32.919,32.83,32.919,781,0
EWJE.US,D,20200728,000000,32.722,32.722,32.692,32.692,415,0
EWJE.US,D,20200729,000000,32.515,32.662,32.495,32.662,1018,0
EWJE.US,D,20200730,000000,31.943,32.002,31.707,32.002,2986,0
EWJE.US,D,20200731,000000,31.55,31.55,31.096,31.13,1557,0
EWJE.US,D,20200803,000000,31.56,31.727,31.56,31.727,3274,0
EWJE.US,D,20200804,000000,32.042,32.259,32.042,32.259,305,0
EWJE.US,D,20200805,000000,32.574,32.574,32.574,32.574,109,0
EWJE.US,D,20200806,000000,32.21,32.21,32.18,32.18,410,0
EWJE.US,D,20200807,000000,32.229,32.293,32.229,32.293,173,0
EWJE.US,D,20200810,000000,32.403,32.45,32.403,32.45,305,0
EWJE.US,D,20200811,000000,33.244,33.244,33.067,33.097,407,0
EWJE.US,D,20200812,000000,33.569,33.697,33.569,33.618,650,0
EWJE.US,D,20200813,000000,33.549,33.549,33.549,33.549,306,0
EWJE.US,D,20200817,000000,33.53,33.53,33.53,33.53,206,0
EWJE.US,D,20200818,000000,33.697,33.796,33.667,33.775,1523,0
EWJE.US,D,20200819,000000,33.766,33.789,33.697,33.697,801,0
EWJE.US,D,20200820,000000,33.392,33.451,33.392,33.451,267,0
EWJE.US,D,20200821,000000,33.569,33.569,33.342,33.342,3558,0
EWJE.US,D,20200824,000000,33.786,33.806,33.786,33.806,1378,0
EWJE.US,D,20200825,000000,33.757,33.865,33.757,33.865,406,0
EWJE.US,D,20200831,000000,33.629,33.845,33.629,33.845,1437,0
EWJE.US,D,20200901,000000,33.687,33.747,33.677,33.732,701,0
EWJE.US,D,20200902,000000,33.865,34.09,33.865,34.09,937,0
EWJE.US,D,20200903,000000,33.944,33.944,33.503,33.503,702,0
EWJE.US,D,20200904,000000,33.52,33.52,33.481,33.481,254,0
EWJE.US,D,20200908,000000,33.589,33.803,33.589,33.791,1864,0
EWJE.US,D,20200909,000000,33.874,33.944,33.874,33.919,1624,0
EWJE.US,D,20200910,000000,34.111,34.111,33.913,33.913,1349,0
EWJE.US,D,20200911,000000,34.347,34.357,34.347,34.357,603,0
EWJE.US,D,20200914,000000,34.673,34.673,34.673,34.673,141,0
EWJE.US,D,20200915,000000,34.673,34.721,34.673,34.721,405,0
EWJE.US,D,20200916,000000,34.732,34.801,34.732,34.742,793,0
EWJE.US,D,20200917,000000,34.574,34.574,34.574,34.574,567,0
EWJE.US,D,20200921,000000,34.052,34.052,34.052,34.052,538,0
EWJE.US,D,20200922,000000,33.983,34.219,33.983,34.219,1339,0
EWJE.US,D,20200923,000000,34.564,34.564,34.446,34.446,2234,0
EWJE.US,D,20200924,000000,34.161,34.162,34.161,34.162,944,0
EWJE.US,D,20200928,000000,34.751,34.811,34.73,34.811,814,0
EWJE.US,D,20200930,000000,34.328,34.476,34.328,34.466,2037,0
EWJE.US,D,20201001,000000,34.377,34.456,34.377,34.413,9957,0
EWJE.US,D,20201002,000000,34.022,34.229,34.022,34.229,756,0
EWJE.US,D,20201005,000000,34.466,34.682,34.466,34.682,4459,0
EWJE.US,D,20201006,000000,34.692,34.692,34.544,34.544,502,0
EWJE.US,D,20201008,000000,34.663,34.722,34.663,34.692,14926,0
EWJE.US,D,20201009,000000,34.624,34.624,34.61,34.61,10673,0
EWJE.US,D,20201012,000000,34.604,34.722,34.525,34.657,955,0
EWJE.US,D,20201013,000000,34.486,34.584,34.486,34.564,1106,0
EWJE.US,D,20201016,000000,34.072,34.072,34.072,34.072,256,0
EWJE.US,D,20201019,000000,34.269,34.269,34.269,34.269,1787,0
EWJE.US,D,20201020,000000,34.101,34.121,34.101,34.105,308,0
EWJE.US,D,20201021,000000,34.397,34.507,34.397,34.466,994,0
EWJE.US,D,20201022,000000,34.387,34.387,34.339,34.339,738,0
EWJE.US,D,20201023,000000,34.338,34.338,34.338,34.338,190,0
EWJE.US,D,20201028,000000,33.677,33.677,33.677,33.677,317,0
EWJE.US,D,20201029,000000,33.707,33.757,33.707,33.728,223,0
EWJE.US,D,20201030,000000,33.451,33.503,33.392,33.503,1057,0
EWJE.US,D,20201102,000000,33.904,33.904,33.806,33.855,893,0
EWJE.US,D,20201103,000000,34.417,34.741,34.417,34.687,1801,0
EWJE.US,D,20201104,000000,34.426,34.426,34.426,34.426,478,0
EWJE.US,D,20201105,000000,34.998,35.021,34.91,35.021,971,0
EWJE.US,D,20201106,000000,35.294,35.294,35.294,35.294,281,0
EWJE.US,D,20201109,000000,37.008,37.008,36.569,36.569,1141,0
EWJE.US,D,20201110,000000,36.378,36.496,36.378,36.496,568,0
EWJE.US,D,20201111,000000,36.623,36.663,36.594,36.594,1608,0
EWJE.US,D,20201112,000000,35.954,35.954,35.954,35.954,457,0
EWJE.US,D,20201116,000000,36.801,36.89,36.791,36.89,1617,0
EWJE.US,D,20201117,000000,36.663,36.821,36.663,36.771,1484,0
EWJE.US,D,20201118,000000,36.908,36.938,36.565,36.565,3589,0
EWJE.US,D,20201120,000000,36.998,37.264,36.998,37.264,847,0
EWJE.US,D,20201123,000000,37.481,37.481,37.481,37.481,210,0
EWJE.US,D,20201124,000000,37.835,37.855,37.835,37.855,470,0
EWJE.US,D,20201125,000000,37.303,37.491,37.285,37.456,2586,0
EWJE.US,D,20201130,000000,37.254,37.254,37.185,37.185,2069,0
EWJE.US,D,20201202,000000,37.441,37.58,37.441,37.55,1481,0
EWJE.US,D,20201203,000000,37.746,37.746,37.668,37.668,1919,0
EWJE.US,D,20201207,000000,37.353,37.363,37.235,37.25,2070,0
EWJE.US,D,20201209,000000,37.658,37.658,37.472,37.547,1609,0
EWJE.US,D,20201210,000000,37.333,37.59,37.333,37.59,1929,0
EWJE.US,D,20201211,000000,37.618,37.678,37.618,37.678,712,0
EWJE.US,D,20201214,000000,37.846,37.856,37.846,37.856,443,0
EWJE.US,D,20201215,000000,37.936,38.035,37.936,38.035,303,0
EWJE.US,D,20201216,000000,37.926,37.926,37.787,37.926,854,0
EWJE.US,D,20201217,000000,37.992,37.992,37.93,37.93,1274,0
EWJE.US,D,20201218,000000,37.896,37.896,37.762,37.762,206,0
EWJE.US,D,20201221,000000,37.044,37.222,37.034,37.222,1199,0
EWJE.US,D,20201223,000000,37.49,37.49,37.44,37.442,682,0
EWJE.US,D,20201224,000000,37.366,37.371,37.366,37.371,102,0
EWJE.US,D,20201228,000000,37.678,37.678,37.678,37.678,1044,0
EWJE.US,D,20201229,000000,38.213,38.243,38.213,38.213,295,0
EWJE.US,D,20201230,000000,38.352,38.441,38.253,38.253,1941,0
EWJE.US,D,20201231,000000,38.253,38.253,38.253,38.253,117,0
EWJE.US,D,20210104,000000,38.263,38.263,37.737,37.797,1325,0
EWJE.US,D,20210105,000000,37.906,37.906,37.906,37.906,101,0
EWJE.US,D,20210106,000000,38.491,38.695,38.491,38.695,204,0
EWJE.US,D,20210107,000000,38.5,38.5,38.451,38.451,566,0
EWJE.US,D,20210108,000000,39.125,39.158,38.958,39.158,758,0
EWJE.US,D,20210111,000000,38.748,38.932,38.748,38.855,811,0
EWJE.US,D,20210112,000000,38.867,39.026,38.867,39.026,101,0
EWJE.US,D,20210115,000000,39.055,39.055,38.768,38.768,1073,0
EWJE.US,D,20210119,000000,39.046,39.046,39.046,39.046,132,0
EWJE.US,D,20210120,000000,39.075,39.306,39.075,39.306,435,0
EWJE.US,D,20210121,000000,38.875,39.065,38.875,39.065,689,0
EWJE.US,D,20210122,000000,39.011,39.046,39.011,39.046,608,0
EWJE.US,D,20210127,000000,39.055,39.055,38.679,38.682,910,0
EWJE.US,D,20210128,000000,38.877,38.877,38.877,38.877,224,0
EWJE.US,D,20210129,000000,38.648,38.648,38.55,38.55,2382,0
EWJE.US,D,20210203,000000,39.298,39.442,39.298,39.442,724,0
EWJE.US,D,20210204,000000,39.323,39.482,39.323,39.482,313,0
EWJE.US,D,20210205,000000,39.68,39.733,39.678,39.733,3335,0
EWJE.US,D,20210208,000000,40.364,40.492,40.364,40.492,2023,0
EWJE.US,D,20210209,000000,40.591,40.591,40.492,40.502,940,0
EWJE.US,D,20210210,000000,40.601,40.601,40.601,40.601,108,0
EWJE.US,D,20210211,000000,40.611,40.7,40.611,40.7,692,0
EWJE.US,D,20210212,000000,40.73,40.73,40.73,40.73,112,0
EWJE.US,D,20210216,000000,40.938,40.938,40.938,40.938,378,0
EWJE.US,D,20210217,000000,40.73,40.889,40.709,40.839,1012,0
EWJE.US,D,20210218,000000,40.086,40.126,39.987,40.126,1276,0
EWJE.US,D,20210219,000000,40.393,40.443,40.393,40.443,502,0
EWJE.US,D,20210222,000000,40.294,40.661,40.294,40.459,988,0
EWJE.US,D,20210223,000000,40.264,40.264,40.155,40.264,589,0
EWJE.US,D,20210224,000000,39.898,39.898,39.898,39.898,415,0
EWJE.US,D,20210225,000000,40.046,40.046,40.046,40.046,129,0
EWJE.US,D,20210226,000000,39.055,39.055,38.992,38.992,362,0
EWJE.US,D,20210302,000000,39.214,39.229,39.135,39.135,1689,0
EWJE.US,D,20210303,000000,39.115,39.115,39.04,39.04,3031,0
EWJE.US,D,20210305,000000,39.115,39.115,38.866,39.026,852,0
EWJE.US,D,20210308,000000,39.095,39.135,39.095,39.135,425,0
EWJE.US,D,20210309,000000,39.224,39.224,39.224,39.224,1307,0
EWJE.US,D,20210310,000000,39.571,39.571,39.557,39.571,516,0
EWJE.US,D,20210311,000000,39.61,39.63,39.541,39.541,1190,0
EWJE.US,D,20210312,000000,39.61,39.977,39.61,39.977,1519,0
EWJE.US,D,20210315,000000,40.076,40.22,40.066,40.22,22482,0
EWJE.US,D,20210316,000000,40.354,40.354,40.225,40.225,1003,0
EWJE.US,D,20210317,000000,40.294,40.294,40.294,40.294,139,0
EWJE.US,D,20210318,000000,40.601,41.027,40.601,40.765,13652,0
EWJE.US,D,20210319,000000,41.106,41.196,41.106,41.155,762,0
EWJE.US,D,20210322,000000,41.047,41.047,40.948,40.948,25422,0
EWJE.US,D,20210323,000000,40.463,40.582,40.274,40.302,5004,0
EWJE.US,D,20210324,000000,39.828,39.828,39.828,39.828,718,0
EWJE.US,D,20210325,000000,40.255,40.443,40.255,40.394,276,0
EWJE.US,D,20210326,000000,40.453,40.879,40.453,40.879,243,0
EWJE.US,D,20210329,000000,40.423,40.423,40.423,40.423,204,0
EWJE.US,D,20210401,000000,39.858,39.858,39.858,39.858,289,0
EWJE.US,D,20210405,000000,39.967,40.182,39.948,40.182,1424,0
EWJE.US,D,20210406,000000,39.491,39.507,39.482,39.507,9597,0
EWJE.US,D,20210407,000000,39.65,39.789,39.65,39.769,1114,0
EWJE.US,D,20210408,000000,39.898,39.898,39.779,39.779,1377,0
EWJE.US,D,20210409,000000,40.046,40.086,40.046,40.086,303,0
EWJE.US,D,20210412,000000,39.858,39.86,39.789,39.833,910,0
EWJE.US,D,20210413,000000,39.918,39.918,39.918,39.918,272,0
EWJE.US,D,20210414,000000,39.878,39.987,39.878,39.987,831,0
EWJE.US,D,20210415,000000,40.076,40.155,40.069,40.076,5804,0
EWJE.US,D,20210416,000000,40.155,40.155,40.062,40.106,3332,0
EWJE.US,D,20210419,000000,40.076,40.106,39.769,39.774,1717,0
EWJE.US,D,20210420,000000,39.036,39.036,38.728,38.897,19915,0
EWJE.US,D,20210421,000000,38.728,39.145,38.728,39.145,934,0
EWJE.US,D,20210422,000000,39.368,39.368,39.085,39.146,1540,0
EWJE.US,D,20210423,000000,39.462,39.581,39.462,39.581,1541,0
EWJE.US,D,20210426,000000,39.472,39.491,39.459,39.459,994,0
EWJE.US,D,20210427,000000,39.105,39.105,39.046,39.1,1952,0
EWJE.US,D,20210429,000000,38.837,38.991,38.827,38.991,8563,0
EWJE.US,D,20210430,000000,38.966,38.966,38.785,38.785,477,0
EWJE.US,D,20210503,000000,39.125,39.284,39.036,39.284,1304,0
EWJE.US,D,20210504,000000,38.798,38.808,38.758,38.808,795,0
EWJE.US,D,20210505,000000,39.333,39.333,39.333,39.333,109,0
EWJE.US,D,20210506,000000,39.363,39.513,39.363,39.513,106,0
EWJE.US,D,20210507,000000,39.729,41.701,39.719,41.701,659,0
EWJE.US,D,20210510,000000,39.987,39.987,39.858,39.858,393,0
EWJE.US,D,20210511,000000,38.897,39.164,38.897,39.164,991,0
EWJE.US,D,20210512,000000,38.372,38.372,37.658,37.658,8016,0
EWJE.US,D,20210513,000000,37.955,37.955,37.936,37.936,474,0
EWJE.US,D,20210514,000000,38.52,38.58,38.52,38.53,1450,0
EWJE.US,D,20210517,000000,38.332,38.332,38.233,38.233,544,0
EWJE.US,D,20210518,000000,38.877,38.877,38.728,38.728,902,0
EWJE.US,D,20210519,000000,38.302,38.59,38.302,38.391,1180,0
EWJE.US,D,20210520,000000,38.659,38.738,38.659,38.728,568,0
EWJE.US,D,20210521,000000,38.996,38.996,38.996,38.996,309,0
EWJE.US,D,20210524,000000,39.184,39.214,39.164,39.174,1578,0
EWJE.US,D,20210527,000000,39.184,39.188,39.106,39.188,1541,0
EWJE.US,D,20210528,000000,39.373,39.373,39.373,39.373,152,0
EWJE.US,D,20210601,000000,39.234,39.234,38.966,38.975,4460,0
EWJE.US,D,20210602,000000,39.313,39.343,39.313,39.343,840,0
EWJE.US,D,20210604,000000,39.6,39.6,39.6,39.6,711,0
EWJE.US,D,20210609,000000,39.74,39.74,39.651,39.651,515,0
EWJE.US,D,20210610,000000,39.85,39.85,39.85,39.85,552,0
EWJE.US,D,20210614,000000,39.75,39.75,39.75,39.75,142,0
EWJE.US,D,20210616,000000,39.99,39.99,39.99,39.99,214,0
EWJE.US,D,20210617,000000,39.7578,39.7694,39.7578,39.7694,670,0
EWJE.US,D,20210618,000000,38.96,38.96,38.96,38.96,424,0
EWJE.US,D,20210621,000000,38.8496,39.29,38.8496,39.29,957,0
EWJE.US,D,20210623,000000,39.13,39.13,38.96,38.96,1760,0
EWJE.US,D,20210624,000000,39.23,39.38,39.23,39.38,1127,0
EWJE.US,D,20210625,000000,39.46,39.5307,39.44,39.5307,1315,0
EWJE.US,D,20210629,000000,39.46,39.46,39.3848,39.3848,518,0
EWJE.US,D,20210630,000000,38.94,38.94,38.94,38.94,180,0
EWJE.US,D,20210702,000000,39.02,39.02,39,39,365,0
EWJE.US,D,20210706,000000,39.1,39.1,38.85,38.85,2569,0
EWJE.US,D,20210707,000000,38.9801,38.9801,38.82,38.82,219,0
EWJE.US,D,20210708,000000,38.35,38.35,38.35,38.35,761,0
EWJE.US,D,20210709,000000,39.39,39.4236,39.39,39.4236,166,0
EWJE.US,D,20210712,000000,39.29,39.4556,39.29,39.4556,934,0
EWJE.US,D,20210715,000000,39.18,39.2268,39.18,39.2171,2009,0
EWJE.US,D,20210719,000000,38.01,38.2701,38.01,38.2701,739,0
EWJE.US,D,20210720,000000,38.7,38.7,38.69,38.69,566,0
EWJE.US,D,20210722,000000,39.04,39.04,39,39,588,0
EWJE.US,D,20210727,000000,38.9606,38.9606,38.9606,38.9606,1747,0
EWJE.US,D,20210729,000000,39.22,39.224,39.1346,39.1346,1417,0
EWJE.US,D,20210730,000000,38.8036,38.8036,38.7336,38.7336,116,0
EWJE.US,D,20210802,000000,39.26,39.26,39.26,39.26,577,0
EWJE.US,D,20210804,000000,38.9779,38.9779,38.9193,38.9193,123,0
EWJE.US,D,20210809,000000,39.02,39.02,39.02,39.02,576,0
EWJE.US,D,20210812,000000,39.35,39.35,39.35,39.35,508,0
EWJE.US,D,20210813,000000,39.48,39.48,39.48,39.48,200,0
EWJE.US,D,20210816,000000,39.2,39.2,39.2,39.2,433,0
EWJE.US,D,20210820,000000,38.45,38.5799,38.45,38.5799,236,0
EWJE.US,D,20210823,000000,38.87,38.87,38.87,38.87,441,0
EWJE.US,D,20210824,000000,39.18,39.31,39.18,39.3,519,0
EWJE.US,D,20210825,000000,39.13,39.13,39.13,39.13,270,0
EWJE.US,D,20210831,000000,39.54,39.54,39.4657,39.4657,588,0
