<TICKER>,<PER>,<DATE>,<TIME>,<OPEN>,<HIGH>,<LOW>,<CLOSE>,<VOL>,<OPENINT>
FAAR.US,D,20160523,000000,27.713,27.767,27.713,27.713,538,0
FAAR.US,D,20160527,000000,27.767,27.786,27.73,27.74,1511,0
FAAR.US,D,20160531,000000,27.833,27.833,27.833,27.833,108,0
FAAR.US,D,20160601,000000,27.638,27.638,27.6,27.6,324,0
FAAR.US,D,20160602,000000,28.76,28.76,27.755,27.755,342,0
FAAR.US,D,20160603,000000,27.703,27.703,27.703,27.703,108,0
FAAR.US,D,20160617,000000,27.757,27.757,27.693,27.693,3018,0
FAAR.US,D,20160620,000000,27.6,27.6,27.6,27.6,538,0
FAAR.US,D,20160621,000000,27.377,27.415,27.377,27.415,430,0
FAAR.US,D,20160623,000000,27.461,27.461,27.461,27.461,215,0
FAAR.US,D,20160627,000000,27.415,27.433,27.415,27.433,215,0
FAAR.US,D,20160705,000000,27.786,27.786,27.786,27.786,215,0
FAAR.US,D,20160711,000000,27.767,27.86,27.767,27.86,324,0
FAAR.US,D,20160713,000000,27.851,28.019,27.777,28.019,538,0
FAAR.US,D,20160719,000000,27.485,27.485,27.485,27.485,645,0
FAAR.US,D,20160725,000000,27.285,27.285,27.221,27.221,215,0
FAAR.US,D,20160726,000000,27.358,27.358,27.358,27.358,1077,0
FAAR.US,D,20160801,000000,27.489,27.489,27.487,27.487,377,0
FAAR.US,D,20160802,000000,27.535,27.535,27.535,27.535,1077,0
FAAR.US,D,20160803,000000,27.489,32.47,27.423,27.628,13716,0
FAAR.US,D,20160805,000000,27.628,27.628,27.628,27.628,215,0
FAAR.US,D,20160808,000000,27.665,27.665,27.665,27.665,699,0
FAAR.US,D,20160809,000000,27.628,27.628,27.628,27.628,708,0
FAAR.US,D,20160810,000000,27.648,27.648,27.554,27.582,2156,0
FAAR.US,D,20160812,000000,27.289,27.289,27.289,27.289,290,0
FAAR.US,D,20160819,000000,26.98,27.025,26.98,26.989,324,0
FAAR.US,D,20160823,000000,27.183,27.183,27.182,27.182,324,0
FAAR.US,D,20160824,000000,27.071,27.109,27.054,27.054,399,0
FAAR.US,D,20160825,000000,27.063,27.063,27.05,27.05,1726,0
FAAR.US,D,20160831,000000,27.09,27.09,27.09,27.09,108,0
FAAR.US,D,20160907,000000,27.025,27.025,27.025,27.025,10370,0
FAAR.US,D,20160929,000000,27.147,27.147,27.147,27.147,287,0
FAAR.US,D,20160930,000000,27.152,27.152,27.152,27.152,862,0
FAAR.US,D,20161003,000000,27.136,27.136,27.136,27.136,215,0
FAAR.US,D,20161007,000000,27.174,27.174,27.174,27.174,108,0
FAAR.US,D,20161010,000000,27.021,27.021,26.981,26.981,970,0
FAAR.US,D,20161101,000000,26.811,26.811,26.811,26.811,230,0
FAAR.US,D,20161102,000000,26.745,26.745,26.745,26.745,130,0
FAAR.US,D,20161104,000000,26.709,26.756,26.658,26.756,1726,0
FAAR.US,D,20161108,000000,26.713,26.713,26.707,26.707,480,0
FAAR.US,D,20161109,000000,26.802,26.802,26.785,26.785,770,0
FAAR.US,D,20161110,000000,26.877,26.877,26.802,26.802,312,0
FAAR.US,D,20161111,000000,26.728,26.728,26.725,26.725,3743,0
FAAR.US,D,20161114,000000,26.705,26.705,26.705,26.705,245,0
FAAR.US,D,20161115,000000,26.785,26.819,26.744,26.781,1356,0
FAAR.US,D,20161116,000000,26.713,26.713,26.699,26.699,500,0
FAAR.US,D,20161118,000000,26.644,26.644,26.644,26.644,269,0
FAAR.US,D,20161121,000000,26.839,26.839,26.785,26.785,1517,0
FAAR.US,D,20161122,000000,26.839,26.896,26.821,26.887,3069,0
FAAR.US,D,20161123,000000,26.941,27.006,26.911,27.006,882,0
FAAR.US,D,20161125,000000,27.099,27.109,27.096,27.109,986,0
FAAR.US,D,20161128,000000,27.22,27.22,27.118,27.211,1856,0
FAAR.US,D,20161129,000000,26.991,27.054,26.991,27.054,1335,0
FAAR.US,D,20161130,000000,26.956,26.956,26.956,26.956,372,0
FAAR.US,D,20161202,000000,27.044,27.044,27.034,27.034,366,0
FAAR.US,D,20161205,000000,27.016,27.016,26.914,26.98,552,0
FAAR.US,D,20161206,000000,26.98,27.025,26.98,27.025,2277,0
FAAR.US,D,20161208,000000,26.726,26.83,26.726,26.83,62945,0
FAAR.US,D,20161209,000000,26.785,26.785,26.785,26.785,2440,0
FAAR.US,D,20161212,000000,26.839,26.839,26.839,26.839,413,0
FAAR.US,D,20161214,000000,26.868,26.868,26.868,26.868,715,0
FAAR.US,D,20161215,000000,26.825,26.839,26.811,26.839,1714,0
FAAR.US,D,20161216,000000,26.775,26.821,26.719,26.785,1704,0
FAAR.US,D,20161219,000000,26.709,26.766,26.669,26.747,23391,0
FAAR.US,D,20161220,000000,26.701,26.719,26.625,26.719,4002,0
FAAR.US,D,20161222,000000,26.719,26.719,26.702,26.709,1845,0
FAAR.US,D,20161223,000000,26.719,26.719,26.701,26.719,1357,0
FAAR.US,D,20161227,000000,26.625,26.701,26.625,26.691,3159,0
FAAR.US,D,20161228,000000,26.691,26.747,26.691,26.747,2353,0
FAAR.US,D,20161229,000000,26.71,26.722,26.71,26.712,1677,0
FAAR.US,D,20161230,000000,26.742,26.742,26.663,26.663,864,0
FAAR.US,D,20170104,000000,26.802,26.802,26.45,26.459,14988,0
FAAR.US,D,20170106,000000,26.395,26.405,26.377,26.405,1764,0
FAAR.US,D,20170109,000000,26.357,26.357,26.21,26.357,8124,0
FAAR.US,D,20170110,000000,26.552,26.589,26.432,26.432,2006,0
FAAR.US,D,20170111,000000,26.663,26.663,26.654,26.654,1003,0
FAAR.US,D,20170112,000000,26.594,26.594,26.594,26.594,239,0
FAAR.US,D,20170117,000000,26.766,26.775,26.647,26.756,3221,0
FAAR.US,D,20170118,000000,26.757,26.785,26.733,26.785,2176,0
FAAR.US,D,20170119,000000,26.794,26.865,26.794,26.865,1785,0
FAAR.US,D,20170120,000000,26.877,27.034,26.857,26.99,25880,0
FAAR.US,D,20170123,000000,26.935,27.025,26.935,27.025,405,0
FAAR.US,D,20170124,000000,27.09,27.09,27.004,27.09,2436,0
FAAR.US,D,20170125,000000,27.082,27.082,27.082,27.082,194,0
FAAR.US,D,20170126,000000,27.054,27.833,26.904,26.904,822,0
FAAR.US,D,20170127,000000,26.896,27.034,26.896,27.016,4236,0
FAAR.US,D,20170130,000000,26.785,26.896,26.785,26.896,448,0
FAAR.US,D,20170131,000000,26.934,26.934,26.811,26.811,421,0
FAAR.US,D,20170201,000000,26.888,26.888,26.888,26.888,108,0
FAAR.US,D,20170202,000000,26.942,26.942,26.858,26.914,7179,0
FAAR.US,D,20170203,000000,26.961,26.988,26.961,26.988,274,0
FAAR.US,D,20170206,000000,27.063,27.063,27.039,27.063,1347,0
FAAR.US,D,20170207,000000,26.868,27.082,26.868,27.044,4460,0
FAAR.US,D,20170208,000000,27.025,27.082,26.995,27.082,3003,0
FAAR.US,D,20170209,000000,26.942,26.961,26.882,26.961,1527,0
FAAR.US,D,20170210,000000,27.016,27.016,26.942,26.942,776,0
FAAR.US,D,20170213,000000,26.896,26.896,26.764,26.764,1282,0
FAAR.US,D,20170214,000000,26.849,26.988,26.839,26.933,6629,0
FAAR.US,D,20170215,000000,26.952,26.952,26.756,26.811,2017,0
FAAR.US,D,20170216,000000,26.834,26.952,26.834,26.911,686,0
FAAR.US,D,20170217,000000,26.858,26.933,26.858,26.933,1670,0
FAAR.US,D,20170221,000000,27.109,27.109,27.028,27.082,1554,0
FAAR.US,D,20170222,000000,26.918,26.989,26.918,26.942,1337,0
FAAR.US,D,20170224,000000,26.887,26.896,26.887,26.896,851,0
FAAR.US,D,20170227,000000,26.997,26.997,26.89,26.89,384,0
FAAR.US,D,20170228,000000,26.933,26.933,26.933,26.933,117,0
FAAR.US,D,20170301,000000,26.933,26.933,26.864,26.914,1913,0
FAAR.US,D,20170302,000000,26.896,26.896,26.785,26.785,341,0
FAAR.US,D,20170306,000000,26.654,26.672,26.58,26.672,4564,0
FAAR.US,D,20170307,000000,26.682,26.682,26.678,26.678,340,0
FAAR.US,D,20170308,000000,26.617,26.625,26.553,26.625,1588,0
FAAR.US,D,20170313,000000,26.794,26.794,26.794,26.794,324,0
FAAR.US,D,20170314,000000,26.756,26.766,26.756,26.766,852,0
FAAR.US,D,20170315,000000,26.794,26.794,26.794,26.794,410,0
FAAR.US,D,20170316,000000,26.868,26.868,26.795,26.795,346,0
FAAR.US,D,20170317,000000,26.914,26.914,26.826,26.826,1023,0
FAAR.US,D,20170320,000000,26.877,26.932,26.877,26.932,1213,0
FAAR.US,D,20170321,000000,26.877,26.877,26.834,26.834,1270,0
FAAR.US,D,20170322,000000,26.904,26.997,26.821,26.997,3519,0
FAAR.US,D,20170323,000000,26.904,26.98,26.904,26.98,591,0
FAAR.US,D,20170324,000000,26.933,26.933,26.825,26.933,1744,0
FAAR.US,D,20170327,000000,26.904,26.904,26.816,26.816,862,0
FAAR.US,D,20170328,000000,26.839,26.839,26.839,26.839,862,0
FAAR.US,D,20170329,000000,26.77,26.952,26.77,26.952,2475,0
FAAR.US,D,20170330,000000,26.914,26.923,26.849,26.923,1389,0
FAAR.US,D,20170331,000000,26.904,26.904,26.894,26.894,240,0
FAAR.US,D,20170403,000000,26.858,26.896,26.805,26.896,4093,0
FAAR.US,D,20170405,000000,26.868,26.887,26.868,26.887,473,0
FAAR.US,D,20170406,000000,26.887,26.952,26.877,26.877,778,0
FAAR.US,D,20170407,000000,26.794,26.923,26.794,26.902,2565,0
FAAR.US,D,20170410,000000,26.865,26.896,26.794,26.794,3295,0
FAAR.US,D,20170411,000000,26.83,26.923,26.83,26.923,1368,0
FAAR.US,D,20170412,000000,26.877,26.914,26.866,26.874,6461,0
FAAR.US,D,20170413,000000,26.942,26.942,26.84,26.84,1229,0
FAAR.US,D,20170417,000000,27.006,27.082,26.97,27.072,2673,0
FAAR.US,D,20170418,000000,26.933,27.082,26.933,26.989,892,0
FAAR.US,D,20170419,000000,26.98,27.063,26.98,27.063,333,0
FAAR.US,D,20170420,000000,27.082,27.183,27.082,27.183,2019,0
FAAR.US,D,20170421,000000,27.174,27.174,27.137,27.137,1316,0
FAAR.US,D,20170427,000000,27.192,27.358,27.192,27.331,4531,0
FAAR.US,D,20170428,000000,27.157,27.341,27.157,27.303,14689,0
FAAR.US,D,20170501,000000,27.128,27.128,26.877,26.91,2451,0
FAAR.US,D,20170502,000000,26.896,27.183,26.896,27.099,3865,0
FAAR.US,D,20170503,000000,27.049,28.297,27.049,28.297,1259,0
FAAR.US,D,20170504,000000,27.367,27.387,27.189,27.189,1201,0
FAAR.US,D,20170505,000000,27.019,27.019,27.019,27.019,200,0
FAAR.US,D,20170508,000000,27.072,27.159,27.068,27.159,827,0
FAAR.US,D,20170509,000000,27.034,27.034,27.034,27.034,181,0
FAAR.US,D,20170510,000000,26.952,27.099,26.934,26.997,10240,0
FAAR.US,D,20170511,000000,27.019,27.119,27.019,27.109,8291,0
FAAR.US,D,20170512,000000,27.136,27.247,27.136,27.158,585,0
FAAR.US,D,20170515,000000,27.111,27.111,27.111,27.111,194,0
FAAR.US,D,20170517,000000,26.997,27.063,26.914,27.016,5783,0
FAAR.US,D,20170518,000000,27.098,27.098,26.998,26.998,593,0
FAAR.US,D,20170519,000000,26.975,27,26.959,27,1056,0
FAAR.US,D,20170522,000000,26.904,26.904,26.785,26.785,810,0
FAAR.US,D,20170523,000000,27.006,27.048,27.006,27.048,397,0
FAAR.US,D,20170524,000000,26.97,27.228,26.97,27.228,1173,0
FAAR.US,D,20170525,000000,27.183,27.377,27.034,27.377,2763,0
FAAR.US,D,20170526,000000,27.367,27.373,27.256,27.331,8558,0
FAAR.US,D,20170530,000000,27.434,27.442,27.346,27.346,1309,0
FAAR.US,D,20170531,000000,27.443,27.443,27.443,27.443,171,0
FAAR.US,D,20170601,000000,27.508,27.693,27.506,27.693,6460,0
FAAR.US,D,20170602,000000,27.648,28.371,27.642,27.824,42975,0
FAAR.US,D,20170605,000000,27.6,27.6,27.072,27.137,29312,0
FAAR.US,D,20170606,000000,27.201,27.298,27.157,27.293,8082,0
FAAR.US,D,20170607,000000,27.285,27.415,27.283,27.297,2197,0
FAAR.US,D,20170608,000000,27.29,27.29,27.28,27.28,593,0
FAAR.US,D,20170609,000000,27.572,27.572,27.387,27.526,9957,0
FAAR.US,D,20170612,000000,27.562,27.648,27.562,27.638,2754,0
FAAR.US,D,20170613,000000,27.61,27.628,27.538,27.572,5183,0
FAAR.US,D,20170614,000000,27.48,27.61,27.48,27.61,1264,0
FAAR.US,D,20170615,000000,27.656,27.656,27.534,27.562,4836,0
FAAR.US,D,20170616,000000,27.453,27.453,27.395,27.423,1003,0
FAAR.US,D,20170619,000000,27.323,27.364,27.266,27.364,918,0
FAAR.US,D,20170620,000000,27.507,27.554,27.485,27.526,2978,0
FAAR.US,D,20170621,000000,27.548,27.693,27.548,27.69,1624,0
FAAR.US,D,20170622,000000,27.842,27.86,27.799,27.86,17653,0
FAAR.US,D,20170623,000000,27.666,27.745,27.665,27.745,871,0
FAAR.US,D,20170626,000000,27.882,27.965,27.882,27.903,1180,0
FAAR.US,D,20170627,000000,27.823,27.824,27.823,27.824,747,0
FAAR.US,D,20170628,000000,27.713,27.805,27.713,27.74,1404,0
FAAR.US,D,20170629,000000,27.562,27.562,27.448,27.498,6848,0
FAAR.US,D,20170630,000000,27.228,27.228,27.095,27.095,1881,0
FAAR.US,D,20170703,000000,26.766,27.814,26.507,26.543,2897,0
FAAR.US,D,20170705,000000,26.478,26.634,26.478,26.559,2759,0
FAAR.US,D,20170706,000000,26.571,26.617,26.487,26.553,3314,0
FAAR.US,D,20170707,000000,26.405,26.635,26.405,26.625,12369,0
FAAR.US,D,20170710,000000,26.422,26.51,26.422,26.475,1733,0
FAAR.US,D,20170712,000000,26.534,26.719,26.534,26.709,1191,0
FAAR.US,D,20170713,000000,26.747,26.821,26.644,26.821,3270,0
FAAR.US,D,20170714,000000,26.625,26.625,26.603,26.603,2218,0
FAAR.US,D,20170717,000000,26.625,26.682,26.516,26.682,5856,0
FAAR.US,D,20170718,000000,26.468,26.516,26.45,26.478,2820,0
FAAR.US,D,20170719,000000,26.405,26.405,26.405,26.405,108,0
FAAR.US,D,20170720,000000,26.421,26.436,26.339,26.381,2249,0
FAAR.US,D,20170724,000000,26.541,26.541,26.488,26.509,654,0
FAAR.US,D,20170725,000000,26.653,26.653,26.589,26.589,1050,0
FAAR.US,D,20170726,000000,26.821,26.821,26.691,26.719,1943,0
FAAR.US,D,20170728,000000,26.516,26.516,26.437,26.441,6421,0
FAAR.US,D,20170731,000000,26.441,26.469,26.39,26.45,2438,0
FAAR.US,D,20170801,000000,26.418,26.553,26.418,26.534,1510,0
FAAR.US,D,20170802,000000,26.418,26.507,26.418,26.507,392,0
FAAR.US,D,20170803,000000,26.653,26.654,26.599,26.617,2630,0
FAAR.US,D,20170804,000000,26.644,26.644,26.599,26.644,851,0
FAAR.US,D,20170807,000000,26.599,26.599,26.599,26.599,339,0
FAAR.US,D,20170808,000000,26.718,26.718,26.718,26.718,507,0
FAAR.US,D,20170809,000000,26.858,26.858,26.747,26.747,2584,0
FAAR.US,D,20170810,000000,26.896,26.896,26.885,26.894,956,0
FAAR.US,D,20170811,000000,26.997,26.997,26.99,26.99,371,0
FAAR.US,D,20170814,000000,26.868,26.97,26.868,26.877,1332,0
FAAR.US,D,20170816,000000,27.266,27.266,27.081,27.183,921,0
FAAR.US,D,20170817,000000,27.016,27.025,27.016,27.025,995,0
FAAR.US,D,20170818,000000,26.968,27.109,26.968,27.109,829,0
FAAR.US,D,20170821,000000,27.054,27.072,26.959,26.959,4350,0
FAAR.US,D,20170823,000000,27.194,27.201,27.194,27.201,431,0
FAAR.US,D,20170824,000000,27.147,27.147,27.09,27.09,598,0
FAAR.US,D,20170825,000000,27.072,27.072,27.072,27.072,1101,0
FAAR.US,D,20170828,000000,27.239,27.239,27.184,27.184,539,0
FAAR.US,D,20170829,000000,27.283,27.283,27.257,27.257,817,0
FAAR.US,D,20170830,000000,27.311,27.311,27.194,27.194,1860,0
FAAR.US,D,20170901,000000,27.415,27.545,27.373,27.481,1845,0
FAAR.US,D,20170905,000000,27.638,27.638,27.63,27.63,593,0
FAAR.US,D,20170906,000000,27.638,27.638,27.59,27.61,1030,0
FAAR.US,D,20170907,000000,27.518,27.757,27.518,27.748,885,0
FAAR.US,D,20170908,000000,27.61,27.627,27.58,27.58,1694,0
FAAR.US,D,20170911,000000,27.423,27.554,27.423,27.536,1239,0
FAAR.US,D,20170913,000000,27.333,27.333,27.292,27.33,3856,0
FAAR.US,D,20170914,000000,27.265,27.265,27.265,27.265,378,0
FAAR.US,D,20170915,000000,27.319,27.405,27.319,27.405,1017,0
FAAR.US,D,20170918,000000,27.137,27.317,27.137,27.303,727,0
FAAR.US,D,20170919,000000,27.192,27.443,27.192,27.427,8460,0
FAAR.US,D,20170920,000000,27.292,27.367,27.292,27.367,618,0
FAAR.US,D,20170921,000000,27.275,27.285,27.232,27.238,1805,0
FAAR.US,D,20170922,000000,27.303,27.303,27.303,27.303,182,0
FAAR.US,D,20170925,000000,27.48,27.48,27.47,27.47,1612,0
FAAR.US,D,20170926,000000,27.239,27.367,27.239,27.341,765,0
FAAR.US,D,20170927,000000,27.405,27.405,27.212,27.239,2362,0
FAAR.US,D,20170928,000000,27.367,27.377,27.282,27.293,942,0
FAAR.US,D,20170929,000000,27.226,27.313,27.226,27.313,571,0
FAAR.US,D,20171002,000000,27.174,27.174,27.137,27.137,597,0
FAAR.US,D,20171003,000000,27.174,27.174,27.106,27.106,983,0
FAAR.US,D,20171004,000000,27.221,28.947,27.147,27.174,17208,0
FAAR.US,D,20171005,000000,27.313,27.443,27.313,27.363,2083,0
FAAR.US,D,20171006,000000,27.183,27.239,27.126,27.229,3199,0
FAAR.US,D,20171009,000000,27.201,27.313,27.201,27.279,1450,0
FAAR.US,D,20171010,000000,27.433,27.508,27.433,27.48,1169,0
FAAR.US,D,20171011,000000,27.526,27.526,27.461,27.498,1431,0
FAAR.US,D,20171012,000000,27.453,27.453,27.453,27.453,327,0
FAAR.US,D,20171013,000000,27.73,27.73,27.646,27.646,1341,0
FAAR.US,D,20171016,000000,27.703,27.721,27.675,27.693,4284,0
FAAR.US,D,20171017,000000,27.61,27.628,27.47,27.599,3254,0
FAAR.US,D,20171018,000000,27.582,27.59,27.405,27.59,49567,0
FAAR.US,D,20171019,000000,27.405,27.423,27.35,27.358,21519,0
FAAR.US,D,20171020,000000,27.47,27.526,27.395,27.461,3469,0
FAAR.US,D,20171023,000000,27.535,27.535,27.443,27.443,1182,0
FAAR.US,D,20171024,000000,27.535,27.535,27.326,27.514,2001,0
FAAR.US,D,20171025,000000,27.582,27.582,27.489,27.582,1095,0
FAAR.US,D,20171026,000000,27.57,27.57,27.415,27.554,2330,0
FAAR.US,D,20171030,000000,27.48,27.721,27.48,27.685,4644,0
FAAR.US,D,20171031,000000,27.785,27.785,27.743,27.743,534,0
FAAR.US,D,20171101,000000,28.677,28.677,27.805,27.878,1584,0
FAAR.US,D,20171102,000000,27.87,27.87,27.777,27.805,2805,0
FAAR.US,D,20171103,000000,27.748,27.87,27.692,27.87,1916,0
FAAR.US,D,20171106,000000,27.943,28.121,27.923,28.121,2798,0
FAAR.US,D,20171107,000000,27.889,27.996,27.889,27.996,2001,0
FAAR.US,D,20171108,000000,28.046,28.129,27.962,28.019,4086,0
FAAR.US,D,20171109,000000,28.002,28.129,27.972,28.092,7959,0
FAAR.US,D,20171110,000000,28.105,28.105,28.061,28.061,730,0
FAAR.US,D,20171113,000000,28.096,28.111,28.037,28.04,1558,0
FAAR.US,D,20171114,000000,27.934,27.934,27.46,27.59,19191,0
FAAR.US,D,20171115,000000,27.554,27.604,27.415,27.537,7991,0
FAAR.US,D,20171116,000000,27.6,27.6,27.6,27.6,641,0
FAAR.US,D,20171117,000000,27.619,27.767,27.619,27.767,2187,0
FAAR.US,D,20171120,000000,27.562,27.6,27.533,27.576,2236,0
FAAR.US,D,20171121,000000,27.628,27.631,27.489,27.631,1558,0
FAAR.US,D,20171122,000000,27.851,27.851,27.648,27.757,2094,0
FAAR.US,D,20171124,000000,27.991,27.991,27.991,27.991,214,0
FAAR.US,D,20171127,000000,27.795,27.925,27.786,27.786,12719,0
FAAR.US,D,20171129,000000,27.562,27.562,27.415,27.415,5634,0
FAAR.US,D,20171130,000000,27.526,27.526,27.526,27.526,506,0
FAAR.US,D,20171201,000000,27.585,27.628,27.499,27.52,4118,0
FAAR.US,D,20171204,000000,27.395,27.508,27.395,27.423,9779,0
FAAR.US,D,20171205,000000,27.454,27.454,27.454,27.454,354,0
FAAR.US,D,20171206,000000,27.375,27.375,27.275,27.275,430,0
FAAR.US,D,20171207,000000,27.375,27.453,27.249,27.32,3005,0
FAAR.US,D,20171208,000000,27.572,27.572,27.443,27.529,2656,0
FAAR.US,D,20171211,000000,27.554,27.628,27.554,27.628,444,0
FAAR.US,D,20171212,000000,27.582,27.675,27.48,27.675,2022,0
FAAR.US,D,20171213,000000,27.656,27.656,27.471,27.471,1481,0
FAAR.US,D,20171214,000000,27.405,27.518,27.367,27.518,3559,0
FAAR.US,D,20171215,000000,27.636,27.636,27.503,27.503,2283,0
FAAR.US,D,20171218,000000,28.102,28.102,27.453,27.534,15917,0
FAAR.US,D,20171219,000000,27.701,27.701,27.693,27.693,477,0
FAAR.US,D,20171220,000000,27.61,27.795,27.61,27.734,2153,0
FAAR.US,D,20171221,000000,27.693,27.807,27.616,27.748,2636,0
FAAR.US,D,20171222,000000,27.739,27.826,27.739,27.787,763,0
FAAR.US,D,20171226,000000,33.198,33.198,27.902,28.269,1100,0
FAAR.US,D,20171227,000000,27.959,27.969,27.931,27.969,573,0
FAAR.US,D,20171228,000000,27.981,27.981,27.981,27.981,304,0
FAAR.US,D,20171229,000000,27.985,28.074,27.985,28.027,1569,0
FAAR.US,D,20180102,000000,27.895,27.921,27.808,27.921,1478,0
FAAR.US,D,20180103,000000,28.015,28.055,27.919,28.009,9383,0
FAAR.US,D,20180104,000000,28.074,28.103,25.764,27.949,33615,0
FAAR.US,D,20180105,000000,28.122,28.122,27.949,28.05,14708,0
FAAR.US,D,20180108,000000,28.133,28.145,28.133,28.145,974,0
FAAR.US,D,20180109,000000,28.136,28.168,28.122,28.145,1789,0
FAAR.US,D,20180110,000000,28.39,28.39,28.148,28.265,2899,0
FAAR.US,D,20180111,000000,28.312,28.37,28.302,28.302,676,0
FAAR.US,D,20180112,000000,28.212,28.485,28.198,28.408,3926,0
FAAR.US,D,20180116,000000,28.627,28.627,28.36,28.36,7381,0
FAAR.US,D,20180117,000000,28.332,28.332,28.246,28.312,2648,0
FAAR.US,D,20180118,000000,28.332,28.351,28.272,28.332,5615,0
FAAR.US,D,20180119,000000,28.335,28.351,28.317,28.351,1485,0
FAAR.US,D,20180122,000000,28.159,28.37,28.159,28.37,1250,0
FAAR.US,D,20180123,000000,28.456,28.512,28.432,28.494,5412,0
FAAR.US,D,20180124,000000,28.512,28.665,28.394,28.665,5726,0
FAAR.US,D,20180125,000000,28.953,28.953,28.491,28.522,10333,0
FAAR.US,D,20180126,000000,28.465,28.522,28.452,28.456,4606,0
FAAR.US,D,20180129,000000,28.351,28.351,28.232,28.232,822,0
FAAR.US,D,20180130,000000,28.179,28.179,27.949,27.949,6829,0
FAAR.US,D,20180131,000000,27.921,28.05,27.921,28.05,2153,0
FAAR.US,D,20180201,000000,28.17,28.22,28.17,28.22,1246,0
FAAR.US,D,20180202,000000,27.906,27.94,27.906,27.94,1709,0
FAAR.US,D,20180205,000000,27.959,27.959,27.836,27.836,3308,0
FAAR.US,D,20180206,000000,27.781,28.112,27.625,28.112,3930,0
FAAR.US,D,20180207,000000,27.262,27.262,27.226,27.233,2646,0
FAAR.US,D,20180208,000000,27.215,27.273,27.195,27.273,3476,0
FAAR.US,D,20180209,000000,27.072,27.072,26.977,27.014,1338,0
FAAR.US,D,20180212,000000,27.149,27.149,27.028,27.03,5576,0
FAAR.US,D,20180213,000000,27.042,27.141,27.042,27.136,3794,0
FAAR.US,D,20180214,000000,27.091,27.462,27.091,27.462,2266,0
FAAR.US,D,20180215,000000,27.645,27.645,27.645,27.645,524,0
FAAR.US,D,20180216,000000,27.662,27.926,27.586,27.826,1524,0
FAAR.US,D,20180220,000000,27.854,27.854,27.807,27.807,817,0
FAAR.US,D,20180221,000000,27.683,27.949,27.683,27.836,2794,0
FAAR.US,D,20180222,000000,27.816,27.988,27.816,27.923,1505,0
FAAR.US,D,20180223,000000,28.024,28.024,28.024,28.024,326,0
FAAR.US,D,20180226,000000,28.103,28.16,28.065,28.065,1679,0
FAAR.US,D,20180227,000000,28.017,28.017,27.959,27.987,1010,0
FAAR.US,D,20180228,000000,27.778,27.778,27.621,27.621,3187,0
FAAR.US,D,20180301,000000,27.367,27.415,27.286,27.415,1995,0
FAAR.US,D,20180302,000000,27.398,27.462,27.398,27.454,957,0
FAAR.US,D,20180305,000000,27.616,27.625,27.616,27.625,711,0
FAAR.US,D,20180306,000000,27.658,27.683,27.635,27.635,1824,0
FAAR.US,D,20180307,000000,28.031,28.031,27.325,27.407,1358,0
FAAR.US,D,20180308,000000,27.329,27.329,27.296,27.296,1068,0
FAAR.US,D,20180309,000000,27.567,27.586,27.567,27.577,1875,0
FAAR.US,D,20180312,000000,27.472,27.472,27.397,27.434,3191,0
FAAR.US,D,20180313,000000,27.444,27.462,27.376,27.462,2599,0
FAAR.US,D,20180314,000000,27.482,27.482,27.434,27.434,362,0
FAAR.US,D,20180315,000000,27.491,27.549,27.386,27.53,5511,0
FAAR.US,D,20180316,000000,27.595,27.683,27.595,27.683,799,0
FAAR.US,D,20180319,000000,27.567,27.567,27.511,27.567,935,0
FAAR.US,D,20180320,000000,27.577,27.577,27.577,27.577,446,0
FAAR.US,D,20180321,000000,27.836,27.969,27.836,27.959,2868,0
FAAR.US,D,20180322,000000,27.856,27.856,27.81,27.856,1506,0
FAAR.US,D,20180323,000000,27.842,27.933,27.842,27.933,2032,0
FAAR.US,D,20180326,000000,27.942,28.067,27.942,27.99,2905,0
FAAR.US,D,20180327,000000,27.913,27.98,27.838,27.951,3164,0
FAAR.US,D,20180328,000000,27.895,27.895,27.818,27.876,939,0
FAAR.US,D,20180329,000000,27.885,28.009,27.751,27.985,4240,0
FAAR.US,D,20180402,000000,27.942,27.942,27.828,27.828,1403,0
FAAR.US,D,20180403,000000,27.78,27.913,27.78,27.865,11805,0
FAAR.US,D,20180404,000000,27.655,27.684,27.531,27.617,740,0
FAAR.US,D,20180405,000000,27.758,27.809,27.758,27.772,3046,0
FAAR.US,D,20180406,000000,27.76,27.76,27.569,27.569,3187,0
FAAR.US,D,20180409,000000,27.77,27.798,27.77,27.772,1380,0
FAAR.US,D,20180410,000000,27.933,27.933,27.866,27.866,1322,0
FAAR.US,D,20180411,000000,28.038,28.095,28.027,28.038,2895,0
FAAR.US,D,20180412,000000,27.944,28.028,27.944,28.028,1684,0
FAAR.US,D,20180413,000000,27.943,28.057,27.943,28.038,8873,0
FAAR.US,D,20180416,000000,28.041,28.076,28.041,28.076,3185,0
FAAR.US,D,20180417,000000,28.019,28.219,28.019,28.219,8467,0
FAAR.US,D,20180418,000000,28.258,28.305,28.135,28.305,5071,0
FAAR.US,D,20180419,000000,28.256,28.343,28.204,28.204,2699,0
FAAR.US,D,20180420,000000,28.238,28.305,28.196,28.305,926,0
FAAR.US,D,20180423,000000,28.21,28.392,28.21,28.392,993,0
FAAR.US,D,20180424,000000,28.253,28.296,28.253,28.296,470,0
FAAR.US,D,20180425,000000,28.221,28.276,28.221,28.25,2230,0
FAAR.US,D,20180426,000000,28.382,28.382,28.29,28.29,613,0
FAAR.US,D,20180427,000000,28.363,28.448,28.305,28.364,1860,0
FAAR.US,D,20180430,000000,28.362,28.372,28.362,28.372,2232,0
FAAR.US,D,20180501,000000,28.247,28.248,28.097,28.238,2899,0
FAAR.US,D,20180502,000000,28.162,28.162,28.019,28.067,2671,0
FAAR.US,D,20180503,000000,28.037,28.191,28.006,28.067,2590,0
FAAR.US,D,20180504,000000,28.196,28.267,28.172,28.172,4337,0
FAAR.US,D,20180507,000000,28.409,28.412,28.296,28.296,912,0
FAAR.US,D,20180508,000000,28.3,28.314,28.236,28.294,4115,0
FAAR.US,D,20180509,000000,28.467,28.467,28.349,28.467,1478,0
FAAR.US,D,20180510,000000,28.321,28.487,28.321,28.487,3499,0
FAAR.US,D,20180511,000000,28.513,28.517,28.487,28.496,1647,0
FAAR.US,D,20180514,000000,28.582,28.61,28.581,28.609,3134,0
FAAR.US,D,20180515,000000,28.504,28.543,28.351,28.487,3017,0
FAAR.US,D,20180516,000000,28.487,28.62,28.42,28.577,2191,0
FAAR.US,D,20180517,000000,28.524,28.592,28.42,28.529,4837,0
FAAR.US,D,20180518,000000,28.613,28.658,28.524,28.524,4894,0
FAAR.US,D,20180521,000000,28.687,28.81,28.543,28.81,4002,0
FAAR.US,D,20180522,000000,28.868,28.868,28.519,28.519,8643,0
FAAR.US,D,20180523,000000,28.432,28.553,28.432,28.504,3132,0
FAAR.US,D,20180524,000000,28.458,28.543,28.363,28.363,2050,0
FAAR.US,D,20180525,000000,28.138,28.296,28.138,28.191,6457,0
FAAR.US,D,20180529,000000,28.324,28.324,28.133,28.219,13956,0
FAAR.US,D,20180530,000000,28.324,28.401,28.323,28.401,4135,0
FAAR.US,D,20180531,000000,28.353,28.353,28.295,28.295,883,0
FAAR.US,D,20180601,000000,28.172,28.18,28.162,28.18,1153,0
FAAR.US,D,20180604,000000,28.06,28.095,28.043,28.095,2500,0
FAAR.US,D,20180605,000000,28.028,28.038,28,28.018,2822,0
FAAR.US,D,20180606,000000,27.876,28,27.862,28,3589,0
FAAR.US,D,20180607,000000,27.876,28.057,27.876,27.951,1281,0
FAAR.US,D,20180608,000000,28.085,28.162,28.085,28.133,4214,0
FAAR.US,D,20180611,000000,27.971,28.067,27.971,28.057,2607,0
FAAR.US,D,20180612,000000,28.105,28.105,27.968,28,10168,0
FAAR.US,D,20180613,000000,27.961,28.055,27.846,27.953,3839,0
FAAR.US,D,20180614,000000,27.891,27.933,27.818,27.879,3273,0
FAAR.US,D,20180615,000000,27.531,27.608,27.531,27.551,4446,0
FAAR.US,D,20180618,000000,27.637,27.722,27.474,27.713,3681,0
FAAR.US,D,20180619,000000,27.522,27.627,27.474,27.617,9121,0
FAAR.US,D,20180620,000000,27.588,27.598,27.464,27.559,45844,0
FAAR.US,D,20180621,000000,27.378,27.474,27.339,27.474,14663,0
FAAR.US,D,20180622,000000,27.587,27.77,27.587,27.77,509,0
FAAR.US,D,20180625,000000,27.455,27.513,27.402,27.471,173026,0
FAAR.US,D,20180626,000000,27.637,27.637,27.636,27.636,1267,0
FAAR.US,D,20180627,000000,27.694,27.732,27.642,27.664,2074,0
FAAR.US,D,20180628,000000,27.713,27.742,27.713,27.742,623,0
FAAR.US,D,20180629,000000,27.75,27.828,27.732,27.798,2200,0
FAAR.US,D,20180702,000000,27.646,27.663,27.645,27.663,1091,0
FAAR.US,D,20180703,000000,27.684,27.684,27.456,27.46,2845,0
FAAR.US,D,20180705,000000,27.598,27.598,27.529,27.588,2196,0
FAAR.US,D,20180706,000000,27.484,27.541,27.484,27.531,4232,0
FAAR.US,D,20180709,000000,27.446,27.617,27.446,27.563,4909,0
FAAR.US,D,20180710,000000,27.704,27.704,27.604,27.684,7436,0
FAAR.US,D,20180711,000000,27.522,27.522,27.413,27.455,7389,0
FAAR.US,D,20180712,000000,27.378,27.474,27.35,27.474,14781,0
FAAR.US,D,20180713,000000,27.439,27.454,27.388,27.446,1777,0
FAAR.US,D,20180716,000000,27.302,27.358,27.292,27.347,3439,0
FAAR.US,D,20180717,000000,27.322,27.415,27.322,27.358,3616,0
FAAR.US,D,20180718,000000,27.384,27.513,27.319,27.493,13818,0
FAAR.US,D,20180719,000000,27.493,27.493,27.25,27.25,8066,0
FAAR.US,D,20180720,000000,27.299,27.341,27.279,27.341,1484,0
FAAR.US,D,20180723,000000,27.378,27.378,27.206,27.341,3103,0
FAAR.US,D,20180724,000000,27.426,27.426,27.345,27.345,8368,0
FAAR.US,D,20180725,000000,27.13,27.341,27.13,27.341,3840,0
FAAR.US,D,20180726,000000,27.15,27.388,27.054,27.378,56090,0
FAAR.US,D,20180727,000000,27.302,27.331,27.188,27.322,9371,0
FAAR.US,D,20180730,000000,27.196,27.273,27.145,27.273,2633,0
FAAR.US,D,20180731,000000,27.15,27.302,27.15,27.302,2994,0
FAAR.US,D,20180801,000000,27.19,27.276,27.19,27.22,1864,0
FAAR.US,D,20180802,000000,27.35,27.426,27.276,27.426,3952,0
FAAR.US,D,20180803,000000,27.35,27.35,27.16,27.245,5851,0
FAAR.US,D,20180806,000000,27.186,27.216,27.168,27.216,5451,0
FAAR.US,D,20180807,000000,27.206,27.312,27.206,27.312,3670,0
FAAR.US,D,20180808,000000,27.16,27.206,27.093,27.168,4232,0
FAAR.US,D,20180809,000000,27.111,27.146,27.006,27.009,5974,0
FAAR.US,D,20180810,000000,27.101,27.359,27.041,27.359,6989,0
FAAR.US,D,20180813,000000,27.226,27.388,27.178,27.388,5029,0
FAAR.US,D,20180814,000000,27.245,27.245,27.156,27.16,4684,0
FAAR.US,D,20180815,000000,27.15,27.283,27.101,27.264,7801,0
FAAR.US,D,20180816,000000,27.015,27.092,26.968,27.076,1714,0
FAAR.US,D,20180817,000000,27.044,27.187,27.008,27.063,6543,0
FAAR.US,D,20180820,000000,27.049,27.283,27.049,27.196,10927,0
FAAR.US,D,20180821,000000,27.187,27.196,27.025,27.163,7269,0
FAAR.US,D,20180822,000000,27.245,27.551,27.245,27.48,4454,0
FAAR.US,D,20180823,000000,27.436,27.538,27.385,27.525,4565,0
FAAR.US,D,20180824,000000,27.355,27.475,27.334,27.455,6453,0
FAAR.US,D,20180827,000000,27.531,27.531,27.234,27.234,3633,0
FAAR.US,D,20180828,000000,27.455,27.464,27.322,27.377,2639,0
FAAR.US,D,20180829,000000,27.357,27.569,27.357,27.514,4732,0
FAAR.US,D,20180830,000000,27.647,27.647,27.464,27.565,5405,0
FAAR.US,D,20180831,000000,27.588,27.588,27.406,27.493,6894,0
FAAR.US,D,20180904,000000,27.512,27.522,27.36,27.36,3363,0
FAAR.US,D,20180905,000000,27.348,27.359,27.284,27.284,3987,0
FAAR.US,D,20180906,000000,27.407,27.407,27.178,27.292,14826,0
FAAR.US,D,20180907,000000,27.206,27.235,27.168,27.235,6629,0
FAAR.US,D,20180910,000000,27.116,27.128,27.034,27.128,2738,0
FAAR.US,D,20180911,000000,27.092,27.329,27.092,27.329,3816,0
FAAR.US,D,20180912,000000,27.407,27.407,27.245,27.359,6057,0
FAAR.US,D,20180913,000000,27.378,27.378,27.255,27.33,7338,0
FAAR.US,D,20180914,000000,27.302,27.436,27.301,27.391,2898,0
FAAR.US,D,20180917,000000,27.49,27.588,27.441,27.588,14255,0
FAAR.US,D,20180918,000000,27.637,27.681,27.637,27.681,726,0
FAAR.US,D,20180919,000000,27.617,27.617,27.579,27.59,1868,0
FAAR.US,D,20180920,000000,27.503,27.503,27.331,27.368,4422,0
FAAR.US,D,20180921,000000,27.353,27.359,27.35,27.35,1554,0
FAAR.US,D,20180924,000000,27.474,27.531,27.455,27.531,2213,0
FAAR.US,D,20180925,000000,27.598,27.608,27.556,27.608,2762,0
FAAR.US,D,20180926,000000,27.551,27.588,27.503,27.588,1127,0
FAAR.US,D,20180927,000000,27.608,27.637,27.569,27.569,4351,0
FAAR.US,D,20180928,000000,27.713,27.713,27.531,27.608,4353,0
FAAR.US,D,20181001,000000,27.503,27.588,27.503,27.531,2816,0
FAAR.US,D,20181002,000000,27.559,30.07,27.255,27.255,21863,0
FAAR.US,D,20181003,000000,27.264,27.434,27.111,27.4,106963,0
FAAR.US,D,20181004,000000,27.368,27.436,27.274,27.436,12067,0
FAAR.US,D,20181005,000000,27.168,27.255,27.166,27.17,12208,0
FAAR.US,D,20181008,000000,27.067,27.067,26.981,27.009,3440,0
FAAR.US,D,20181009,000000,27.042,27.178,27.026,27.168,13860,0
FAAR.US,D,20181010,000000,27.073,27.364,27.015,27.044,11611,0
FAAR.US,D,20181011,000000,26.797,27.187,26.776,26.777,6959,0
FAAR.US,D,20181012,000000,26.777,26.777,26.596,26.729,7736,0
FAAR.US,D,20181015,000000,27.178,27.178,26.471,26.505,5259,0
FAAR.US,D,20181016,000000,26.501,26.548,26.435,26.533,1802,0
FAAR.US,D,20181017,000000,26.413,26.413,26.321,26.383,3174,0
FAAR.US,D,20181018,000000,26.892,26.892,26.327,26.436,4968,0
FAAR.US,D,20181019,000000,26.576,26.576,26.406,26.444,10911,0
FAAR.US,D,20181022,000000,26.3,26.567,26.3,26.567,1748,0
FAAR.US,D,20181023,000000,26.109,26.185,26.098,26.185,15549,0
FAAR.US,D,20181024,000000,26.101,26.234,26.101,26.215,16861,0
FAAR.US,D,20181025,000000,26.176,26.534,26.071,26.224,199480,0
FAAR.US,D,20181026,000000,26.124,26.242,26.123,26.213,9690,0
FAAR.US,D,20181029,000000,26.089,26.261,26.089,26.175,55093,0
FAAR.US,D,20181030,000000,26.033,26.357,26.033,26.147,7277,0
FAAR.US,D,20181031,000000,26.072,26.401,26.049,26.089,11625,0
FAAR.US,D,20181101,000000,26.109,26.195,25.789,25.809,3769,0
FAAR.US,D,20181102,000000,25.832,26.386,25.708,25.87,53600,0
FAAR.US,D,20181105,000000,25.947,25.955,25.803,25.856,7291,0
FAAR.US,D,20181106,000000,25.955,26.443,25.842,25.842,5960,0
FAAR.US,D,20181107,000000,26.023,26.023,25.852,25.965,16577,0
FAAR.US,D,20181108,000000,25.937,25.937,25.784,25.784,5724,0
FAAR.US,D,20181109,000000,25.789,25.927,25.784,25.848,9820,0
FAAR.US,D,20181112,000000,25.852,25.876,25.708,25.708,8338,0
FAAR.US,D,20181113,000000,25.927,25.927,25.621,25.621,2938,0
FAAR.US,D,20181114,000000,25.936,25.936,25.805,25.849,2751,0
FAAR.US,D,20181115,000000,25.765,25.842,25.714,25.78,2880,0
FAAR.US,D,20181116,000000,25.77,25.877,25.67,25.86,14186,0
FAAR.US,D,20181119,000000,25.918,25.918,25.808,25.907,4314,0
FAAR.US,D,20181120,000000,25.813,25.813,25.613,25.646,4182,0
FAAR.US,D,20181121,000000,25.648,25.784,25.617,25.629,4295,0
FAAR.US,D,20181123,000000,25.708,25.708,25.545,25.67,2827,0
FAAR.US,D,20181126,000000,25.602,25.717,25.6,25.697,4231,0
FAAR.US,D,20181127,000000,25.557,25.641,25.507,25.507,51787,0
FAAR.US,D,20181128,000000,25.565,25.565,25.527,25.535,1718,0
FAAR.US,D,20181129,000000,25.413,25.489,25.413,25.45,994,0
FAAR.US,D,20181130,000000,26.128,26.128,25.412,25.507,13498,0
FAAR.US,D,20181203,000000,25.388,25.496,25.388,25.402,5777,0
FAAR.US,D,20181204,000000,25.487,25.545,25.412,25.412,30919,0
FAAR.US,D,20181206,000000,25.374,25.527,25.374,25.517,13088,0
FAAR.US,D,20181207,000000,25.583,25.583,25.451,25.451,9299,0
FAAR.US,D,20181210,000000,25.374,25.545,25.374,25.43,14002,0
FAAR.US,D,20181211,000000,25.384,25.535,25.384,25.463,12431,0
FAAR.US,D,20181212,000000,25.427,25.427,25.389,25.389,2543,0
FAAR.US,D,20181213,000000,25.48,25.48,25.384,25.44,7548,0
FAAR.US,D,20181214,000000,25.393,25.457,25.384,25.457,1939,0
FAAR.US,D,20181217,000000,25.489,25.507,25.441,25.441,4495,0
FAAR.US,D,20181218,000000,25.394,25.44,25.374,25.398,4359,0
FAAR.US,D,20181219,000000,25.384,25.437,25.384,25.419,5714,0
FAAR.US,D,20181220,000000,25.491,25.68,25.331,25.331,3134,0
FAAR.US,D,20181221,000000,25.383,25.461,25.369,25.437,5166,0
FAAR.US,D,20181224,000000,25.365,25.527,25.365,25.475,2565,0
FAAR.US,D,20181226,000000,25.584,25.584,25.393,25.47,3283,0
FAAR.US,D,20181227,000000,25.461,25.48,25.384,25.426,12759,0
FAAR.US,D,20181228,000000,25.438,25.47,25.373,25.4,11841,0
FAAR.US,D,20181231,000000,25.384,25.432,25.355,25.432,5217,0
FAAR.US,D,20190102,000000,25.469,25.536,25.388,25.517,32130,0
FAAR.US,D,20190103,000000,25.377,25.421,25.325,25.421,9108,0
FAAR.US,D,20190104,000000,25.489,25.489,25.361,25.418,5081,0
FAAR.US,D,20190107,000000,25.412,25.479,25.395,25.402,4902,0
FAAR.US,D,20190108,000000,25.345,25.411,25.297,25.393,20767,0
FAAR.US,D,20190109,000000,25.402,25.402,25.269,25.269,19860,0
FAAR.US,D,20190110,000000,25.355,25.412,25.271,25.365,9348,0
FAAR.US,D,20190111,000000,25.297,25.412,25.297,25.377,5253,0
FAAR.US,D,20190114,000000,25.461,25.461,25.297,25.367,6953,0
FAAR.US,D,20190115,000000,25.365,25.402,25.288,25.402,5446,0
FAAR.US,D,20190116,000000,25.384,25.48,25.317,25.48,15934,0
FAAR.US,D,20190117,000000,25.461,25.461,25.317,25.352,8277,0
FAAR.US,D,20190118,000000,25.383,25.393,25.272,25.281,6288,0
FAAR.US,D,20190122,000000,25.298,25.412,25.298,25.335,15421,0
FAAR.US,D,20190123,000000,25.355,25.441,25.354,25.441,8044,0
FAAR.US,D,20190124,000000,25.316,25.451,25.316,25.451,14864,0
FAAR.US,D,20190125,000000,25.461,25.48,25.365,25.451,13440,0
FAAR.US,D,20190128,000000,25.498,25.498,25.345,25.376,10034,0
FAAR.US,D,20190129,000000,25.419,25.517,25.419,25.517,8064,0
FAAR.US,D,20190130,000000,25.556,25.575,25.454,25.575,17879,0
FAAR.US,D,20190131,000000,25.517,25.558,25.432,25.517,11003,0
FAAR.US,D,20190201,000000,25.613,25.613,25.54,25.603,12835,0
FAAR.US,D,20190204,000000,25.623,25.623,25.461,25.527,2936,0
FAAR.US,D,20190205,000000,25.584,25.584,25.43,25.505,115340,0
FAAR.US,D,20190206,000000,25.544,25.623,25.402,25.623,35714,0
FAAR.US,D,20190207,000000,25.594,25.662,25.47,25.662,23768,0
FAAR.US,D,20190208,000000,25.529,25.671,25.529,25.662,4843,0
FAAR.US,D,20190211,000000,25.496,25.69,25.496,25.68,26240,0
FAAR.US,D,20190212,000000,25.738,25.738,25.432,25.432,4928,0
FAAR.US,D,20190213,000000,25.451,25.613,25.451,25.611,6803,0
FAAR.US,D,20190214,000000,25.591,25.623,25.517,25.575,5824,0
FAAR.US,D,20190215,000000,25.565,25.69,25.565,25.623,5960,0
FAAR.US,D,20190219,000000,25.728,25.901,25.662,25.748,2764,0
FAAR.US,D,20190220,000000,25.921,26.036,25.758,26.026,5158,0
FAAR.US,D,20190221,000000,25.929,25.929,25.632,25.728,17786,0
FAAR.US,D,20190222,000000,25.705,25.781,25.671,25.709,4197,0
FAAR.US,D,20190225,000000,25.69,25.717,25.603,25.69,10419,0
FAAR.US,D,20190226,000000,25.69,25.728,25.639,25.643,5425,0
FAAR.US,D,20190227,000000,25.776,25.776,25.652,25.719,2717,0
FAAR.US,D,20190228,000000,25.757,25.767,25.69,25.69,7735,0
FAAR.US,D,20190301,000000,25.722,25.728,25.556,25.556,6454,0
FAAR.US,D,20190304,000000,25.662,25.666,25.623,25.649,8583,0
FAAR.US,D,20190305,000000,25.584,25.68,25.575,25.638,4440,0
FAAR.US,D,20190306,000000,25.69,25.69,25.613,25.662,11962,0
FAAR.US,D,20190307,000000,25.68,25.699,25.642,25.68,3659,0
FAAR.US,D,20190308,000000,25.527,25.632,25.507,25.632,9693,0
FAAR.US,D,20190311,000000,25.584,25.671,25.584,25.649,7474,0
FAAR.US,D,20190312,000000,25.758,25.758,25.675,25.682,89985,0
FAAR.US,D,20190313,000000,25.662,25.709,25.642,25.682,5505,0
FAAR.US,D,20190314,000000,25.699,25.699,25.576,25.576,5003,0
FAAR.US,D,20190315,000000,25.565,25.584,25.49,25.57,5081,0
FAAR.US,D,20190318,000000,25.507,25.603,25.507,25.527,13717,0
FAAR.US,D,20190319,000000,25.613,25.623,25.556,25.603,13928,0
FAAR.US,D,20190320,000000,25.661,25.719,25.632,25.682,8286,0
FAAR.US,D,20190321,000000,25.635,25.638,25.562,25.582,8905,0
FAAR.US,D,20190322,000000,25.499,25.535,25.451,25.514,15335,0
FAAR.US,D,20190325,000000,25.507,25.603,25.461,25.584,23507,0
FAAR.US,D,20190326,000000,25.642,25.642,25.558,25.623,4109,0
FAAR.US,D,20190327,000000,25.606,25.623,25.561,25.613,4704,0
FAAR.US,D,20190328,000000,25.527,25.584,25.498,25.56,16047,0
FAAR.US,D,20190329,000000,25.613,25.652,25.585,25.629,11794,0
FAAR.US,D,20190401,000000,25.709,25.719,25.632,25.661,14338,0
FAAR.US,D,20190402,000000,25.632,25.758,25.632,25.731,5250,0
FAAR.US,D,20190403,000000,25.766,25.795,25.692,25.741,10060,0
FAAR.US,D,20190404,000000,25.671,25.815,25.671,25.776,23995,0
FAAR.US,D,20190405,000000,25.795,25.854,25.741,25.827,94150,0
FAAR.US,D,20190408,000000,25.827,25.892,25.81,25.887,9300,0
FAAR.US,D,20190409,000000,25.911,25.911,25.786,25.825,16345,0
FAAR.US,D,20190410,000000,25.872,25.93,25.872,25.896,6548,0
FAAR.US,D,20190411,000000,25.901,25.921,25.889,25.897,11415,0
FAAR.US,D,20190412,000000,25.958,25.988,25.921,25.958,11194,0
FAAR.US,D,20190415,000000,25.891,25.93,25.844,25.854,9910,0
FAAR.US,D,20190416,000000,25.891,25.94,25.839,25.93,12663,0
FAAR.US,D,20190417,000000,26.007,26.007,25.94,25.988,5622,0
FAAR.US,D,20190418,000000,25.891,25.971,25.882,25.968,466537,0
FAAR.US,D,20190422,000000,26.054,26.074,26.015,26.049,5244,0
FAAR.US,D,20190423,000000,25.988,26.074,25.988,26.064,8187,0
FAAR.US,D,20190424,000000,26.064,26.074,26.02,26.07,3003,0
FAAR.US,D,20190425,000000,26.074,26.093,25.997,26.026,3705,0
FAAR.US,D,20190426,000000,26.007,26.007,25.873,25.929,17984,0
FAAR.US,D,20190429,000000,25.977,25.978,25.907,25.934,3920,0
FAAR.US,D,20190430,000000,26.007,26.035,25.948,26.001,25488,0
FAAR.US,D,20190501,000000,26.007,26.074,25.891,25.94,107416,0
FAAR.US,D,20190502,000000,25.891,25.891,25.825,25.891,5632,0
FAAR.US,D,20190503,000000,25.895,25.997,25.895,25.974,4056,0
FAAR.US,D,20190506,000000,25.976,26.026,25.969,25.985,8010,0
FAAR.US,D,20190507,000000,25.901,25.901,25.849,25.872,4846,0
FAAR.US,D,20190508,000000,25.862,25.904,25.854,25.866,3188,0
FAAR.US,D,20190509,000000,25.84,25.891,25.815,25.889,5040,0
FAAR.US,D,20190510,000000,25.904,25.94,25.89,25.911,7298,0
FAAR.US,D,20190513,000000,25.978,25.992,25.854,25.854,14436,0
FAAR.US,D,20190514,000000,25.911,25.911,25.848,25.884,3086,0
FAAR.US,D,20190515,000000,25.834,25.989,25.834,25.981,4295,0
FAAR.US,D,20190516,000000,26.036,26.036,25.921,25.978,6196,0
FAAR.US,D,20190517,000000,25.968,25.974,25.93,25.968,4041,0
FAAR.US,D,20190520,000000,25.895,25.959,25.889,25.92,5439,0
FAAR.US,D,20190521,000000,25.951,25.96,25.863,25.911,8737,0
FAAR.US,D,20190522,000000,25.905,25.911,25.856,25.871,1470,0
FAAR.US,D,20190523,000000,25.758,25.758,25.671,25.682,13446,0
FAAR.US,D,20190524,000000,25.706,25.709,25.656,25.704,6190,0
FAAR.US,D,20190528,000000,25.709,25.728,25.654,25.687,3780,0
FAAR.US,D,20190529,000000,25.556,25.631,25.536,25.606,4121,0
FAAR.US,D,20190530,000000,25.588,25.626,25.575,25.592,6399,0
FAAR.US,D,20190531,000000,25.554,25.557,25.48,25.535,35308,0
FAAR.US,D,20190603,000000,25.561,25.565,25.458,25.458,7287,0
FAAR.US,D,20190604,000000,25.461,25.461,25.365,25.451,9231,0
FAAR.US,D,20190605,000000,25.402,25.44,25.336,25.402,6017,0
FAAR.US,D,20190606,000000,25.304,25.48,25.304,25.48,5021,0
FAAR.US,D,20190607,000000,25.565,25.603,25.527,25.603,11812,0
FAAR.US,D,20190610,000000,25.613,25.613,25.536,25.536,1964,0
FAAR.US,D,20190611,000000,25.549,25.603,25.507,25.536,6694,0
FAAR.US,D,20190612,000000,25.514,25.514,25.445,25.445,3629,0
FAAR.US,D,20190613,000000,25.518,25.518,25.462,25.491,3113,0
FAAR.US,D,20190614,000000,25.499,25.511,25.461,25.498,8619,0
FAAR.US,D,20190617,000000,25.461,25.584,25.444,25.565,36129,0
FAAR.US,D,20190618,000000,25.613,25.632,25.546,25.583,32639,0
FAAR.US,D,20190619,000000,25.623,25.623,25.546,25.594,14287,0
FAAR.US,D,20190620,000000,25.594,25.699,25.594,25.688,31062,0
FAAR.US,D,20190621,000000,25.766,25.805,25.719,25.766,41611,0
FAAR.US,D,20190624,000000,25.776,25.776,25.669,25.719,14550,0
FAAR.US,D,20190625,000000,25.754,25.754,25.703,25.703,4213,0
FAAR.US,D,20190626,000000,25.728,25.743,25.662,25.743,7079,0
FAAR.US,D,20190627,000000,25.699,25.699,25.632,25.635,5281,0
FAAR.US,D,20190628,000000,25.632,25.652,25.541,25.565,3619,0
FAAR.US,D,20190701,000000,25.565,25.671,25.551,25.662,20193,0
FAAR.US,D,20190702,000000,25.662,25.683,25.565,25.613,22881,0
FAAR.US,D,20190703,000000,25.536,25.651,25.498,25.561,9697,0
FAAR.US,D,20190705,000000,25.451,25.591,25.451,25.591,2758,0
FAAR.US,D,20190708,000000,25.704,25.704,25.584,25.584,7521,0
FAAR.US,D,20190709,000000,25.613,25.699,25.543,25.594,4729,0
FAAR.US,D,20190710,000000,25.632,25.662,25.585,25.613,11236,0
FAAR.US,D,20190711,000000,25.795,25.795,25.603,25.603,3522,0
FAAR.US,D,20190712,000000,25.69,25.694,25.633,25.649,4114,0
FAAR.US,D,20190715,000000,25.728,25.728,25.536,25.596,12296,0
FAAR.US,D,20190716,000000,25.662,25.69,25.527,25.527,3983,0
FAAR.US,D,20190717,000000,25.565,25.642,25.518,25.556,16623,0
FAAR.US,D,20190718,000000,25.594,25.594,25.48,25.512,2376,0
FAAR.US,D,20190719,000000,25.527,25.584,25.495,25.546,5178,0
FAAR.US,D,20190722,000000,25.575,25.605,25.507,25.567,2417,0
FAAR.US,D,20190723,000000,25.549,25.623,25.517,25.549,3079,0
FAAR.US,D,20190724,000000,25.603,25.623,25.519,25.536,7036,0
FAAR.US,D,20190725,000000,25.565,25.565,25.47,25.536,6094,0
FAAR.US,D,20190726,000000,25.475,25.662,25.475,25.497,4075,0
FAAR.US,D,20190729,000000,25.517,25.575,25.47,25.575,4129,0
FAAR.US,D,20190730,000000,25.517,25.623,25.517,25.608,6942,0
FAAR.US,D,20190731,000000,25.565,25.623,25.527,25.556,8409,0
FAAR.US,D,20190801,000000,25.374,25.498,25.36,25.36,2830,0
FAAR.US,D,20190802,000000,25.517,25.517,25.403,25.412,5952,0
FAAR.US,D,20190805,000000,25.546,25.546,25.374,25.391,4833,0
FAAR.US,D,20190806,000000,25.402,25.461,25.368,25.402,4409,0
FAAR.US,D,20190807,000000,25.321,25.383,25.278,25.383,6040,0
FAAR.US,D,20190808,000000,25.313,25.355,25.313,25.355,6520,0
FAAR.US,D,20190809,000000,25.351,25.402,25.306,25.355,4673,0
FAAR.US,D,20190812,000000,25.402,25.507,25.402,25.507,2928,0
FAAR.US,D,20190813,000000,25.416,25.632,25.416,25.579,8867,0
FAAR.US,D,20190814,000000,25.517,25.517,25.384,25.459,9883,0
FAAR.US,D,20190815,000000,25.365,25.393,25.288,25.374,20722,0
FAAR.US,D,20190816,000000,25.384,25.398,25.355,25.355,7925,0
FAAR.US,D,20190819,000000,25.48,25.48,25.422,25.455,2147,0
FAAR.US,D,20190820,000000,25.453,25.527,25.453,25.498,3774,0
FAAR.US,D,20190821,000000,25.556,25.556,25.526,25.526,1837,0
FAAR.US,D,20190822,000000,25.475,25.475,25.412,25.412,3247,0
FAAR.US,D,20190823,000000,25.47,25.546,25.428,25.531,7324,0
FAAR.US,D,20190826,000000,25.498,25.498,25.36,25.422,8681,0
FAAR.US,D,20190827,000000,25.493,25.543,25.461,25.543,1390,0
FAAR.US,D,20190828,000000,25.613,25.662,25.517,25.518,6056,0
FAAR.US,D,20190829,000000,25.652,25.709,25.596,25.708,17528,0
FAAR.US,D,20190830,000000,25.584,25.584,25.507,25.534,2181,0
FAAR.US,D,20190903,000000,25.461,25.594,25.461,25.538,6078,0
FAAR.US,D,20190904,000000,25.651,25.763,25.613,25.757,3002,0
FAAR.US,D,20190905,000000,25.776,25.776,25.664,25.696,5128,0
FAAR.US,D,20190906,000000,25.527,25.682,25.527,25.653,2070,0
FAAR.US,D,20190909,000000,25.701,25.738,25.642,25.642,4089,0
FAAR.US,D,20190910,000000,25.622,25.668,25.563,25.588,2039,0
FAAR.US,D,20190911,000000,25.584,25.603,25.489,25.531,9225,0
FAAR.US,D,20190912,000000,25.388,25.499,25.385,25.47,4795,0
FAAR.US,D,20190913,000000,25.326,25.385,25.326,25.385,2060,0
FAAR.US,D,20190916,000000,25.59,25.719,25.584,25.632,5182,0
FAAR.US,D,20190917,000000,25.541,25.594,25.493,25.557,4451,0
FAAR.US,D,20190918,000000,25.575,25.575,25.467,25.467,4252,0
FAAR.US,D,20190919,000000,25.623,25.623,25.536,25.564,4157,0
FAAR.US,D,20190920,000000,25.623,25.623,25.517,25.553,6459,0
FAAR.US,D,20190923,000000,25.489,25.592,25.475,25.588,2492,0
FAAR.US,D,20190924,000000,25.506,25.506,25.438,25.438,1701,0
FAAR.US,D,20190925,000000,25.327,25.354,25.239,25.239,3173,0
FAAR.US,D,20190926,000000,25.305,25.384,25.296,25.341,1964,0
FAAR.US,D,20190927,000000,25.318,25.345,25.306,25.345,2172,0
FAAR.US,D,20190930,000000,25.297,25.297,25.01,25.131,193809,0
FAAR.US,D,20191001,000000,25.182,25.192,25.038,25.11,35843,0
FAAR.US,D,20191002,000000,25.096,25.132,25.068,25.114,8687,0
FAAR.US,D,20191003,000000,25.096,25.192,25.057,25.189,35049,0
FAAR.US,D,20191004,000000,25.239,25.239,25.106,25.173,76556,0
FAAR.US,D,20191007,000000,25.249,25.249,25.135,25.176,49185,0
FAAR.US,D,20191008,000000,25.269,25.269,24.99,25.205,64807,0
FAAR.US,D,20191009,000000,25.203,25.269,25.197,25.223,4457,0
FAAR.US,D,20191010,000000,25.201,25.374,25.201,25.288,11624,0
FAAR.US,D,20191011,000000,25.33,25.344,25.283,25.337,3400,0
FAAR.US,D,20191014,000000,25.151,25.336,25.151,25.265,4162,0
FAAR.US,D,20191015,000000,25.355,25.355,25.23,25.326,10920,0
FAAR.US,D,20191016,000000,25.374,25.38,25.26,25.324,7698,0
FAAR.US,D,20191017,000000,25.249,25.366,25.21,25.336,4757,0
FAAR.US,D,20191018,000000,25.284,25.306,24.721,24.721,1833,0
FAAR.US,D,20191021,000000,25.316,25.325,25.193,25.325,7353,0
FAAR.US,D,20191022,000000,25.316,25.316,25.211,25.249,6410,0
FAAR.US,D,20191023,000000,25.276,25.392,25.275,25.384,7494,0
FAAR.US,D,20191024,000000,25.417,25.482,25.375,25.432,4943,0
FAAR.US,D,20191025,000000,25.393,25.446,25.356,25.384,6707,0
FAAR.US,D,20191028,000000,25.489,25.49,25.355,25.365,9622,0
FAAR.US,D,20191029,000000,25.393,25.48,25.393,25.479,16483,0
FAAR.US,D,20191030,000000,25.505,25.505,25.505,25.505,592,0
FAAR.US,D,20191031,000000,25.323,25.355,25.297,25.297,8091,0
FAAR.US,D,20191101,000000,25.457,25.484,25.457,25.467,1631,0
FAAR.US,D,20191104,000000,25.565,25.603,25.553,25.57,2793,0
FAAR.US,D,20191105,000000,25.477,25.574,25.423,25.47,6750,0
FAAR.US,D,20191106,000000,25.384,25.451,25.297,25.297,8937,0
FAAR.US,D,20191107,000000,25.297,25.367,25.239,25.239,10895,0
FAAR.US,D,20191108,000000,25.153,25.278,25.153,25.27,3958,0
FAAR.US,D,20191111,000000,25.226,25.286,25.205,25.236,2520,0
FAAR.US,D,20191112,000000,25.288,25.288,25.177,25.214,4077,0
FAAR.US,D,20191113,000000,25.132,25.192,25.044,25.118,6169,0
FAAR.US,D,20191114,000000,25.192,25.192,25.07,25.155,2923,0
FAAR.US,D,20191115,000000,25.116,25.201,25.116,25.141,2321,0
FAAR.US,D,20191118,000000,25.173,25.173,25.067,25.119,3032,0
FAAR.US,D,20191119,000000,25.115,25.201,25.096,25.158,13082,0
FAAR.US,D,20191120,000000,25.093,25.236,25.093,25.187,12212,0
FAAR.US,D,20191121,000000,25.133,25.155,25.067,25.119,4653,0
FAAR.US,D,20191122,000000,25.123,25.123,25.024,25.072,5457,0
FAAR.US,D,20191125,000000,25.076,25.076,25.006,25.033,33698,0
FAAR.US,D,20191126,000000,25.028,25.172,25.028,25.134,13764,0
FAAR.US,D,20191127,000000,25.084,25.108,25.057,25.096,1136,0
FAAR.US,D,20191129,000000,25.066,25.066,24.96,24.96,2480,0
FAAR.US,D,20191202,000000,25.01,25.01,24.846,24.894,11939,0
FAAR.US,D,20191203,000000,24.855,24.931,24.855,24.894,4436,0
FAAR.US,D,20191204,000000,24.961,24.961,24.865,24.922,6966,0
FAAR.US,D,20191205,000000,24.884,24.961,24.884,24.922,36115,0
FAAR.US,D,20191206,000000,24.926,24.928,24.865,24.908,699667,0
FAAR.US,D,20191209,000000,24.913,24.922,24.872,24.889,4544,0
FAAR.US,D,20191210,000000,24.907,24.925,24.855,24.889,4261,0
FAAR.US,D,20191211,000000,24.894,24.979,24.875,24.951,10470,0
FAAR.US,D,20191212,000000,24.932,24.96,24.897,24.937,4831,0
FAAR.US,D,20191213,000000,24.967,25.043,24.958,24.995,4114,0
FAAR.US,D,20191216,000000,25.043,25.043,24.946,24.985,5435,0
FAAR.US,D,20191217,000000,25.053,25.053,24.956,25,5399,0
FAAR.US,D,20191218,000000,24.981,25.024,24.946,24.992,1682,0
FAAR.US,D,20191219,000000,25.063,25.063,24.966,25.01,1363,0
FAAR.US,D,20191220,000000,24.952,24.961,24.945,24.961,1030,0
FAAR.US,D,20191223,000000,24.917,25.034,24.917,25.005,7669,0
FAAR.US,D,20191224,000000,25.052,25.052,25.024,25.048,793,0
FAAR.US,D,20191226,000000,25.121,25.178,25.111,25.15,4396,0
FAAR.US,D,20191227,000000,25.146,25.208,25.131,25.16,4169,0
FAAR.US,D,20191230,000000,25.181,25.181,25.107,25.131,4343,0
FAAR.US,D,20191231,000000,25.131,25.151,25.107,25.107,2636,0
FAAR.US,D,20200102,000000,25.147,25.198,24.549,24.549,5606,0
FAAR.US,D,20200103,000000,25.314,25.324,25.213,25.239,5763,0
FAAR.US,D,20200106,000000,25.274,25.295,25.243,25.257,5464,0
FAAR.US,D,20200107,000000,25.238,25.276,25.218,25.242,30344,0
FAAR.US,D,20200108,000000,25.255,25.255,25.043,25.138,9878,0
FAAR.US,D,20200109,000000,25.064,25.129,25.034,25.097,13732,0
FAAR.US,D,20200110,000000,25.086,25.141,25.035,25.082,14319,0
FAAR.US,D,20200113,000000,25.005,25.063,24.966,25.053,6769,0
FAAR.US,D,20200114,000000,25.014,25.073,24.981,25.034,11712,0
FAAR.US,D,20200115,000000,25.032,25.073,24.956,25.034,8762,0
FAAR.US,D,20200116,000000,25.073,25.092,25.005,25.059,17984,0
FAAR.US,D,20200117,000000,25.107,25.121,25.042,25.082,8063,0
FAAR.US,D,20200121,000000,24.966,25.092,24.966,25.039,8779,0
FAAR.US,D,20200122,000000,24.971,25.005,24.898,24.932,9070,0
FAAR.US,D,20200123,000000,24.791,24.84,24.762,24.806,6771,0
FAAR.US,D,20200124,000000,24.737,24.752,24.702,24.743,2123,0
FAAR.US,D,20200127,000000,24.628,24.646,24.555,24.597,12358,0
FAAR.US,D,20200128,000000,24.617,24.636,24.578,24.597,13734,0
FAAR.US,D,20200129,000000,24.597,24.665,24.583,24.626,3696,0
FAAR.US,D,20200130,000000,24.636,24.658,24.568,24.647,1917,0
FAAR.US,D,20200131,000000,24.568,24.617,24.529,24.583,5440,0
FAAR.US,D,20200203,000000,24.578,24.646,24.192,24.571,7535,0
FAAR.US,D,20200204,000000,24.558,24.579,24.502,24.524,3869,0
FAAR.US,D,20200205,000000,24.665,24.675,24.578,24.631,10936,0
FAAR.US,D,20200206,000000,24.587,24.607,24.548,24.573,1467,0
FAAR.US,D,20200207,000000,24.626,24.626,24.529,24.578,4462,0
FAAR.US,D,20200210,000000,24.565,24.574,24.5,24.539,2115,0
FAAR.US,D,20200211,000000,24.578,24.609,24.54,24.558,3997,0
FAAR.US,D,20200212,000000,24.568,24.67,24.568,24.631,5160,0
FAAR.US,D,20200213,000000,24.615,24.627,24.582,24.592,1781,0
FAAR.US,D,20200214,000000,24.636,24.636,24.585,24.598,5687,0
FAAR.US,D,20200218,000000,24.675,24.694,24.655,24.655,1852,0
FAAR.US,D,20200219,000000,24.699,24.723,24.682,24.685,4727,0
FAAR.US,D,20200220,000000,24.718,24.743,24.665,24.705,122157,0
FAAR.US,D,20200221,000000,24.743,24.743,24.646,24.714,12626,0
FAAR.US,D,20200224,000000,24.862,24.877,24.772,24.815,3564,0
FAAR.US,D,20200225,000000,24.761,24.824,24.704,24.704,7304,0
FAAR.US,D,20200226,000000,24.694,24.714,24.636,24.675,8221,0
FAAR.US,D,20200227,000000,24.704,24.791,24.679,24.679,2465,0
FAAR.US,D,20200228,000000,24.685,24.685,24.52,24.53,10100,0
FAAR.US,D,20200302,000000,24.423,24.519,24.423,24.452,18865,0
FAAR.US,D,20200303,000000,24.335,24.481,24.335,24.43,23671,0
FAAR.US,D,20200304,000000,24.408,24.481,24.374,24.433,6398,0
FAAR.US,D,20200305,000000,24.52,24.563,24.51,24.563,1674,0
FAAR.US,D,20200306,000000,24.685,24.704,24.589,24.66,3605,0
FAAR.US,D,20200309,000000,24.675,24.84,24.665,24.778,18066,0
FAAR.US,D,20200310,000000,24.568,24.626,24.511,24.561,2644,0
FAAR.US,D,20200311,000000,24.597,24.597,24.5,24.578,13634,0
FAAR.US,D,20200312,000000,24.597,24.597,24.461,24.51,16590,0
FAAR.US,D,20200313,000000,24.306,24.445,24.258,24.322,4542,0
FAAR.US,D,20200316,000000,21.64,24.666,18.461,24.293,8608,0
FAAR.US,D,20200317,000000,23.793,24.7,23.793,24.395,2933,0
FAAR.US,D,20200318,000000,24.494,24.632,24.134,24.424,9560,0
FAAR.US,D,20200319,000000,24.073,24.32,23.987,24.054,8544,0
FAAR.US,D,20200320,000000,23.996,24.454,23.948,24.118,1637,0
FAAR.US,D,20200323,000000,23.968,24.247,23.929,24.098,3740,0
FAAR.US,D,20200324,000000,24.281,24.391,23.9,24.013,7159,0
FAAR.US,D,20200325,000000,24.131,24.199,23.832,24.064,6069,0
FAAR.US,D,20200326,000000,24.101,24.539,24.049,24.085,5382,0
FAAR.US,D,20200327,000000,24.248,24.587,23.951,24.122,2737,0
FAAR.US,D,20200330,000000,24.316,25.208,24.161,24.549,238557,0
FAAR.US,D,20200331,000000,24.481,24.607,24.239,24.549,36547,0
FAAR.US,D,20200401,000000,24.239,24.655,24.239,24.447,28968,0
FAAR.US,D,20200402,000000,24.626,24.714,24.238,24.524,34270,0
FAAR.US,D,20200403,000000,24.704,24.704,24.238,24.436,40440,0
FAAR.US,D,20200406,000000,24.723,24.917,23.969,24.489,50004,0
FAAR.US,D,20200407,000000,24.597,25.77,24.053,24.456,98083,0
FAAR.US,D,20200408,000000,24.646,24.762,24.109,24.379,76660,0
FAAR.US,D,20200409,000000,24.578,24.617,24.191,24.359,30721,0
FAAR.US,D,20200413,000000,24.558,24.665,24.142,24.573,26011,0
FAAR.US,D,20200414,000000,24.772,24.772,24.481,24.482,79498,0
FAAR.US,D,20200415,000000,24.782,24.811,24.191,24.694,25136,0
FAAR.US,D,20200416,000000,24.646,24.82,24.191,24.458,25769,0
FAAR.US,D,20200417,000000,24.093,24.665,24.035,24.348,15994,0
FAAR.US,D,20200420,000000,24.345,24.723,24.054,24.216,31938,0
FAAR.US,D,20200421,000000,24.772,24.811,24.112,24.505,12402,0
FAAR.US,D,20200422,000000,24.675,24.782,24.151,24.723,17870,0
FAAR.US,D,20200423,000000,24.801,24.84,24.319,24.543,13955,0
FAAR.US,D,20200424,000000,24.82,24.879,24.259,24.578,14129,0
FAAR.US,D,20200427,000000,25.034,25.034,24.496,24.66,12619,0
FAAR.US,D,20200428,000000,24.888,24.888,24.296,24.631,6330,0
FAAR.US,D,20200429,000000,24.898,24.946,24.345,24.529,14718,0
FAAR.US,D,20200430,000000,24.66,24.966,24.268,24.447,14124,0
FAAR.US,D,20200501,000000,24.772,24.859,24.342,24.398,8444,0
FAAR.US,D,20200504,000000,24.228,24.859,24.228,24.496,8811,0
FAAR.US,D,20200505,000000,24.752,24.752,24.18,24.413,3967,0
FAAR.US,D,20200506,000000,24.306,24.788,24.306,24.69,3671,0
FAAR.US,D,20200507,000000,25.111,25.111,24.413,24.534,12053,0
FAAR.US,D,20200508,000000,25.043,25.043,24.423,24.669,8440,0
FAAR.US,D,20200511,000000,24.636,25.014,24.459,24.581,12912,0
FAAR.US,D,20200512,000000,24.927,25.111,24.423,24.733,4209,0
FAAR.US,D,20200513,000000,24.452,25.082,24.452,24.767,11385,0
FAAR.US,D,20200514,000000,24.777,25.15,24.481,24.704,4728,0
FAAR.US,D,20200515,000000,25.07,25.247,24.655,24.971,5833,0
FAAR.US,D,20200518,000000,24.971,24.997,24.695,24.929,14278,0
FAAR.US,D,20200519,000000,24.966,25.09,24.708,24.752,20928,0
FAAR.US,D,20200520,000000,24.791,25.063,24.791,25.063,2191,0
FAAR.US,D,20200521,000000,25.012,25.247,24.852,25.01,4887,0
FAAR.US,D,20200522,000000,24.858,25.104,24.776,24.891,3709,0
FAAR.US,D,20200526,000000,25.005,25.078,24.873,24.889,4002,0
FAAR.US,D,20200527,000000,24.793,25.011,24.767,24.845,3956,0
FAAR.US,D,20200528,000000,24.717,25.111,24.717,24.87,4902,0
FAAR.US,D,20200529,000000,25.102,25.15,24.759,25.014,5411,0
FAAR.US,D,20200601,000000,24.869,25.257,24.869,24.908,5207,0
FAAR.US,D,20200602,000000,25.063,25.286,25.063,25.174,5348,0
FAAR.US,D,20200603,000000,25.199,25.238,24.985,25.119,24572,0
FAAR.US,D,20200604,000000,25.126,25.276,25.053,25.276,9378,0
FAAR.US,D,20200605,000000,25.22,25.398,24.646,25.383,23576,0
FAAR.US,D,20200608,000000,25.441,25.441,25.232,25.31,3308,0
FAAR.US,D,20200609,000000,25.276,25.503,25.276,25.432,4530,0
FAAR.US,D,20200610,000000,25.528,25.591,25.389,25.485,3730,0
FAAR.US,D,20200611,000000,25.354,25.354,25.053,25.091,10359,0
FAAR.US,D,20200612,000000,25.138,25.262,24.976,25.144,5379,0
FAAR.US,D,20200615,000000,25.108,25.246,25.068,25.139,2763,0
FAAR.US,D,20200616,000000,25.315,25.325,25.014,25.228,5771,0
FAAR.US,D,20200617,000000,25.08,25.291,25.08,25.155,2957,0
FAAR.US,D,20200618,000000,25.238,25.286,25.014,25.116,7628,0
FAAR.US,D,20200619,000000,25.208,25.48,25.208,25.283,6430,0
FAAR.US,D,20200622,000000,25.359,25.518,25.248,25.402,4390,0
FAAR.US,D,20200623,000000,25.596,25.596,25.316,25.422,6496,0
FAAR.US,D,20200624,000000,25.461,25.461,25.131,25.301,7029,0
FAAR.US,D,20200625,000000,25.47,25.508,25.267,25.451,88358,0
FAAR.US,D,20200626,000000,25.271,27.458,25.271,27.458,5879,0
FAAR.US,D,20200629,000000,25.393,25.412,25.217,25.325,10593,0
FAAR.US,D,20200630,000000,25.189,25.48,25.189,25.369,13181,0
FAAR.US,D,20200701,000000,25.383,25.508,25.362,25.456,11376,0
FAAR.US,D,20200702,000000,25.557,25.634,25.383,25.503,11517,0
FAAR.US,D,20200706,000000,25.712,25.712,25.428,25.552,19831,0
FAAR.US,D,20200707,000000,25.668,25.722,25.422,25.537,30307,0
FAAR.US,D,20200708,000000,25.741,25.77,25.451,25.605,8049,0
FAAR.US,D,20200709,000000,25.77,25.77,25.335,25.49,6774,0
FAAR.US,D,20200710,000000,25.681,25.731,25.442,25.596,4801,0
FAAR.US,D,20200713,000000,25.736,25.741,25.393,25.547,9725,0
FAAR.US,D,20200714,000000,25.563,25.683,25.383,25.564,2330,0
FAAR.US,D,20200715,000000,25.741,25.809,25.479,25.756,12797,0
FAAR.US,D,20200716,000000,25.76,25.77,25.487,25.581,14364,0
FAAR.US,D,20200717,000000,25.741,25.751,25.448,25.586,10835,0
FAAR.US,D,20200720,000000,25.766,25.868,25.751,25.814,5960,0
FAAR.US,D,20200721,000000,25.76,26.042,25.76,25.984,6389,0
FAAR.US,D,20200722,000000,25.872,26.061,25.76,25.954,6692,0
FAAR.US,D,20200723,000000,25.78,26.022,25.702,25.945,12678,0
FAAR.US,D,20200724,000000,25.964,25.964,25.745,25.804,4670,0
FAAR.US,D,20200727,000000,25.918,26.119,25.851,26.018,5864,0
FAAR.US,D,20200728,000000,25.993,26.1,25.896,25.964,10364,0
FAAR.US,D,20200729,000000,25.828,26.119,25.828,25.998,6706,0
FAAR.US,D,20200730,000000,25.945,26.013,25.76,25.925,5447,0
FAAR.US,D,20200731,000000,25.969,26.129,25.877,26.043,5033,0
FAAR.US,D,20200803,000000,26.243,26.284,26.021,26.124,8079,0
FAAR.US,D,20200804,000000,26.226,26.333,26.003,26.257,9774,0
FAAR.US,D,20200805,000000,26.411,26.508,26.278,26.343,6536,0
FAAR.US,D,20200806,000000,26.508,26.692,26.43,26.566,7959,0
FAAR.US,D,20200807,000000,26.372,26.534,26.329,26.348,4261,0
FAAR.US,D,20200810,000000,26.566,26.634,26.319,26.394,17003,0
FAAR.US,D,20200811,000000,26.42,26.44,26.022,26.144,24717,0
FAAR.US,D,20200812,000000,26.216,26.459,26.139,26.272,10249,0
FAAR.US,D,20200813,000000,26.372,26.44,26.052,26.299,10008,0
FAAR.US,D,20200814,000000,26.089,26.372,26.081,26.231,7382,0
FAAR.US,D,20200817,000000,26.182,26.359,26.158,26.158,8832,0
FAAR.US,D,20200818,000000,26.207,26.308,26.129,26.289,3660,0
FAAR.US,D,20200819,000000,26.381,26.381,26.139,26.183,3565,0
FAAR.US,D,20200820,000000,26.216,26.226,26.066,26.226,7092,0
FAAR.US,D,20200821,000000,26.129,26.139,25.896,26.119,6559,0
FAAR.US,D,20200824,000000,26.207,26.216,26.008,26.078,3701,0
FAAR.US,D,20200825,000000,26.211,26.304,26.008,26.236,7586,0
FAAR.US,D,20200826,000000,26.176,26.265,26.039,26.144,8302,0
FAAR.US,D,20200827,000000,26.158,26.246,26.016,26.119,4355,0
FAAR.US,D,20200828,000000,26.082,26.314,26.082,26.265,116407,0
FAAR.US,D,20200831,000000,26.323,26.352,26.096,26.173,62965,0
FAAR.US,D,20200901,000000,26.275,26.284,26.12,26.197,16141,0
FAAR.US,D,20200902,000000,26.187,26.216,25.984,26.085,9062,0
FAAR.US,D,20200903,000000,26.081,26.081,25.78,25.911,12682,0
FAAR.US,D,20200904,000000,25.993,25.993,25.724,25.796,19248,0
FAAR.US,D,20200908,000000,25.412,25.896,25.412,25.736,6158,0
FAAR.US,D,20200909,000000,25.896,25.896,25.537,25.659,3024,0
FAAR.US,D,20200910,000000,25.916,25.916,25.557,25.683,6795,0
FAAR.US,D,20200911,000000,25.702,25.955,25.596,25.838,5793,0
FAAR.US,D,20200914,000000,25.731,26.032,25.731,25.882,6053,0
FAAR.US,D,20200915,000000,26.197,26.197,25.814,25.965,8948,0
FAAR.US,D,20200916,000000,25.858,26.187,25.858,26.076,5177,0
FAAR.US,D,20200917,000000,26.11,26.391,26.083,26.195,19127,0
FAAR.US,D,20200918,000000,26.362,26.469,26.071,26.309,14756,0
FAAR.US,D,20200921,000000,26.11,26.11,25.819,25.983,10115,0
FAAR.US,D,20200922,000000,25.887,26.061,25.887,25.949,5103,0
FAAR.US,D,20200923,000000,25.896,25.896,25.394,25.683,22462,0
FAAR.US,D,20200924,000000,25.644,25.702,25.373,25.629,14915,0
FAAR.US,D,20200925,000000,25.581,25.78,25.527,25.629,6258,0
FAAR.US,D,20200928,000000,25.639,25.751,25.423,25.615,9317,0
FAAR.US,D,20200929,000000,25.769,25.867,25.403,25.656,28675,0
FAAR.US,D,20200930,000000,25.422,26.129,25.422,25.87,64786,0
FAAR.US,D,20201001,000000,25.586,26.134,25.306,26.134,18848,0
FAAR.US,D,20201002,000000,25.78,26.876,25.422,26.294,8333,0
FAAR.US,D,20201005,000000,26.682,26.682,25.325,25.974,42583,0
FAAR.US,D,20201006,000000,25.654,26.294,25.422,25.935,31007,0
FAAR.US,D,20201007,000000,25.896,26.352,25.451,25.979,35548,0
FAAR.US,D,20201008,000000,25.79,26.381,25.451,25.47,19335,0
FAAR.US,D,20201009,000000,25.537,26.265,25.537,25.851,25738,0
FAAR.US,D,20201012,000000,25.875,26.022,25.305,25.604,21971,0
FAAR.US,D,20201013,000000,25.84,25.84,25.305,25.305,10204,0
FAAR.US,D,20201014,000000,25.432,26.071,25.432,25.724,7195,0
FAAR.US,D,20201015,000000,25.702,26.012,25.325,25.912,25977,0
FAAR.US,D,20201016,000000,25.799,26.081,25.412,25.741,20775,0
FAAR.US,D,20201019,000000,25.951,26.003,25.734,25.818,9228,0
FAAR.US,D,20201020,000000,26.11,26.168,25.601,25.903,11820,0
FAAR.US,D,20201021,000000,25.872,26.168,25.518,25.901,15839,0
FAAR.US,D,20201022,000000,25.848,26.279,25.848,25.94,14431,0
FAAR.US,D,20201023,000000,25.857,26.081,25.798,25.935,14192,0
FAAR.US,D,20201026,000000,25.932,26.139,25.77,25.916,16667,0
FAAR.US,D,20201027,000000,25.906,25.984,25.78,25.855,19894,0
FAAR.US,D,20201028,000000,25.77,25.896,25.292,25.56,11179,0
FAAR.US,D,20201029,000000,25.572,25.799,25.211,25.557,8220,0
FAAR.US,D,20201030,000000,25.679,25.77,25.102,25.528,8960,0
FAAR.US,D,20201102,000000,25.789,25.828,25.131,25.809,18176,0
FAAR.US,D,20201103,000000,25.77,26.517,25.566,25.768,19557,0
FAAR.US,D,20201104,000000,25.77,25.974,25.628,25.835,13034,0
FAAR.US,D,20201105,000000,26.071,26.129,25.764,25.804,11742,0
FAAR.US,D,20201106,000000,25.706,26.116,25.705,25.935,5178,0
FAAR.US,D,20201109,000000,26.187,26.216,25.775,25.958,19091,0
FAAR.US,D,20201110,000000,25.972,26.314,25.738,26.027,17866,0
FAAR.US,D,20201111,000000,26.275,26.323,25.721,25.896,7678,0
FAAR.US,D,20201112,000000,25.828,26.277,25.712,26.027,3399,0
FAAR.US,D,20201113,000000,26.042,26.139,25.49,25.828,18789,0
FAAR.US,D,20201116,000000,25.848,26.304,25.712,25.896,58672,0
FAAR.US,D,20201117,000000,26.269,26.269,25.751,25.896,12497,0
FAAR.US,D,20201118,000000,25.887,26.401,25.832,25.991,11263,0
FAAR.US,D,20201119,000000,26.294,26.294,25.885,25.966,4960,0
FAAR.US,D,20201120,000000,26.44,26.44,25.938,26.1,18591,0
FAAR.US,D,20201123,000000,26.43,26.498,25.936,26.155,11465,0
FAAR.US,D,20201124,000000,26.304,26.459,25.854,26.231,17528,0
FAAR.US,D,20201125,000000,26.478,26.478,26.057,26.197,10609,0
FAAR.US,D,20201127,000000,26.449,26.478,26.143,26.297,3380,0
FAAR.US,D,20201130,000000,26.362,26.362,26.207,26.304,9405,0
FAAR.US,D,20201201,000000,26.44,26.44,26.226,26.314,22851,0
FAAR.US,D,20201202,000000,26.265,26.411,26.226,26.411,13663,0
FAAR.US,D,20201203,000000,26.556,26.703,26.09,26.32,21559,0
FAAR.US,D,20201204,000000,26.517,26.605,26.09,26.483,11102,0
FAAR.US,D,20201207,000000,26.566,26.614,26.139,26.525,12078,0
FAAR.US,D,20201208,000000,26.314,26.546,26.197,26.396,30457,0
FAAR.US,D,20201209,000000,26.44,26.653,26.265,26.433,12477,0
FAAR.US,D,20201210,000000,26.682,26.731,26.231,26.391,5239,0
FAAR.US,D,20201211,000000,26.391,26.537,26.187,26.323,30775,0
FAAR.US,D,20201214,000000,26.43,26.498,26.216,26.39,17229,0
FAAR.US,D,20201215,000000,26.42,26.595,26.187,26.44,19297,0
FAAR.US,D,20201216,000000,26.43,26.605,26.187,26.386,16968,0
FAAR.US,D,20201217,000000,26.634,26.721,26.304,26.522,11150,0
FAAR.US,D,20201218,000000,26.721,26.74,26.478,26.634,14005,0
FAAR.US,D,20201221,000000,26.595,26.731,26.422,26.575,14309,0
FAAR.US,D,20201222,000000,26.575,26.614,26.295,26.449,19762,0
FAAR.US,D,20201223,000000,26.672,26.847,26.529,26.721,11979,0
FAAR.US,D,20201224,000000,27.311,27.316,26.581,26.751,133035,0
FAAR.US,D,20201228,000000,26.921,27.341,26.621,27.001,65463,0
FAAR.US,D,20201229,000000,27.391,27.431,26.911,27.091,26988,0
FAAR.US,D,20201230,000000,27.241,27.366,26.801,27.066,27815,0
FAAR.US,D,20201231,000000,27.351,27.461,26.991,27.266,26692,0
FAAR.US,D,20210104,000000,27.266,27.511,26.881,27.271,13656,0
FAAR.US,D,20210105,000000,27.461,27.491,27.064,27.321,13733,0
FAAR.US,D,20210106,000000,27.521,27.791,27.241,27.491,15614,0
FAAR.US,D,20210107,000000,27.687,27.801,27.272,27.571,35931,0
FAAR.US,D,20210108,000000,27.571,27.571,27.241,27.316,15573,0
FAAR.US,D,20210111,000000,27.341,27.571,26.964,27.101,8996,0
FAAR.US,D,20210112,000000,27.216,27.851,27.208,27.567,15965,0
FAAR.US,D,20210113,000000,27.811,27.811,27.363,27.571,29153,0
FAAR.US,D,20210114,000000,27.611,27.981,27.364,27.696,42230,0
FAAR.US,D,20210115,000000,27.691,27.771,27.329,27.451,21995,0
FAAR.US,D,20210119,000000,27.651,27.796,27.438,27.591,30005,0
FAAR.US,D,20210120,000000,27.491,27.921,27.471,27.638,42149,0
FAAR.US,D,20210121,000000,27.756,27.931,27.571,27.691,25908,0
FAAR.US,D,20210122,000000,27.681,28.111,27.351,27.361,34253,0
FAAR.US,D,20210125,000000,27.391,28.081,27.321,27.631,46086,0
FAAR.US,D,20210126,000000,27.979,27.985,27.321,27.501,27631,0
FAAR.US,D,20210127,000000,27.321,27.601,27.121,27.471,31263,0
FAAR.US,D,20210128,000000,27.401,27.601,27.29,27.431,17670,0
FAAR.US,D,20210129,000000,27.301,27.581,27.284,27.407,11274,0
FAAR.US,D,20210201,000000,27.591,27.591,27.271,27.453,16064,0
FAAR.US,D,20210202,000000,27.491,27.591,27.306,27.521,16360,0
FAAR.US,D,20210203,000000,27.439,27.629,27.411,27.526,27278,0
FAAR.US,D,20210204,000000,27.451,27.591,27.341,27.507,15072,0
FAAR.US,D,20210205,000000,27.638,27.771,27.451,27.66,10607,0
FAAR.US,D,20210208,000000,27.929,28.051,27.741,27.867,25097,0
FAAR.US,D,20210209,000000,28.091,28.226,27.986,28.121,22470,0
FAAR.US,D,20210210,000000,28.161,28.199,27.946,28.061,12515,0
FAAR.US,D,20210211,000000,28.141,28.161,27.981,27.991,6260,0
FAAR.US,D,20210212,000000,28.191,28.261,28.031,28.261,333063,0
FAAR.US,D,20210216,000000,28.161,28.57,28.121,28.411,24673,0
FAAR.US,D,20210217,000000,28.251,28.62,28.231,28.301,11949,0
FAAR.US,D,20210218,000000,28.49,28.63,28.171,28.391,9611,0
FAAR.US,D,20210219,000000,28.692,28.692,28.361,28.401,10576,0
FAAR.US,D,20210222,000000,28.78,29.136,28.64,28.9,73484,0
FAAR.US,D,20210223,000000,28.73,29.17,28.73,29.03,13183,0
FAAR.US,D,20210224,000000,29.213,29.739,29.11,29.7,16425,0
FAAR.US,D,20210225,000000,29.65,29.65,29.09,29.29,21842,0
FAAR.US,D,20210226,000000,29.135,29.239,28.6,28.69,23777,0
FAAR.US,D,20210301,000000,28.73,28.98,28.61,28.621,12122,0
FAAR.US,D,20210302,000000,28.835,29.072,28.544,28.74,11508,0
FAAR.US,D,20210303,000000,28.74,28.905,28.58,28.7,30255,0
FAAR.US,D,20210304,000000,28.68,29.34,28.51,28.715,12655,0
FAAR.US,D,20210305,000000,28.85,29.303,28.85,29.15,8720,0
FAAR.US,D,20210308,000000,29.16,29.225,28.974,29.12,6443,0
FAAR.US,D,20210309,000000,29.34,29.362,28.94,29.017,7304,0
FAAR.US,D,20210310,000000,29.16,29.16,28.813,29.05,9946,0
FAAR.US,D,20210311,000000,29.186,29.73,29.12,29.335,10187,0
FAAR.US,D,20210312,000000,29.57,29.57,29.211,29.44,6807,0
FAAR.US,D,20210315,000000,29.19,29.8,29.19,29.415,22799,0
FAAR.US,D,20210316,000000,29.73,29.749,29.22,29.32,7722,0
FAAR.US,D,20210317,000000,29.2,29.47,29.14,29.285,14770,0
FAAR.US,D,20210318,000000,29.47,29.48,28.84,28.89,10786,0
FAAR.US,D,20210319,000000,29.004,29.259,28.939,29.154,7482,0
FAAR.US,D,20210322,000000,29.16,29.43,28.97,29.041,6793,0
FAAR.US,D,20210323,000000,28.871,29.14,28.611,28.725,7546,0
FAAR.US,D,20210324,000000,28.79,29.36,28.78,29.021,7298,0
FAAR.US,D,20210325,000000,29.15,29.15,28.55,28.75,7866,0
FAAR.US,D,20210326,000000,28.99,29.2,28.791,28.959,8489,0
FAAR.US,D,20210329,000000,28.68,29.19,28.68,28.82,11293,0
FAAR.US,D,20210330,000000,29.09,29.09,28.491,28.71,14885,0
FAAR.US,D,20210331,000000,28.9,29.385,28.53,28.852,35185,0
FAAR.US,D,20210401,000000,29.46,29.46,28.754,29.06,14400,0
FAAR.US,D,20210405,000000,29.15,29.42,28.761,29.08,47710,0
FAAR.US,D,20210406,000000,29.24,29.4,28.91,29.058,40713,0
FAAR.US,D,20210407,000000,28.95,29.325,28.83,29.25,11606,0
FAAR.US,D,20210408,000000,29.28,29.35,28.94,29.09,20285,0
FAAR.US,D,20210409,000000,28.95,29.3,28.838,29,18900,0
FAAR.US,D,20210412,000000,29.38,29.38,28.704,28.82,14534,0
FAAR.US,D,20210413,000000,28.99,29.03,28.681,28.828,11169,0
FAAR.US,D,20210414,000000,28.84,29.43,28.84,29.059,16442,0
FAAR.US,D,20210415,000000,29.52,29.52,28.963,29.18,17088,0
FAAR.US,D,20210416,000000,29.43,29.43,28.97,29.095,4529,0
FAAR.US,D,20210419,000000,29.15,29.34,29.012,29.145,28277,0
FAAR.US,D,20210420,000000,29.45,29.475,28.97,29.18,17590,0
FAAR.US,D,20210421,000000,29.45,29.57,29.214,29.33,22145,0
FAAR.US,D,20210422,000000,29.61,29.69,29.36,29.385,6979,0
FAAR.US,D,20210423,000000,29.48,29.576,29.295,29.555,6474,0
FAAR.US,D,20210426,000000,29.91,29.91,29.51,29.642,21877,0
FAAR.US,D,20210427,000000,29.78,29.81,29.54,29.622,59879,0
FAAR.US,D,20210428,000000,29.74,30.03,29.54,29.685,22752,0
FAAR.US,D,20210429,000000,29.96,29.96,29.645,29.84,10763,0
FAAR.US,D,20210430,000000,29.62,30.047,29.62,29.835,10874,0
FAAR.US,D,20210503,000000,30.13,30.44,29.996,30.12,25525,0
FAAR.US,D,20210504,000000,30.168,30.43,30.04,30.285,12047,0
FAAR.US,D,20210505,000000,30.61,30.61,30.17,30.49,9837,0
FAAR.US,D,20210506,000000,30.68,30.71,30.34,30.53,17638,0
FAAR.US,D,20210507,000000,30.74,30.8,30.61,30.72,10269,0
FAAR.US,D,20210510,000000,30.97,30.97,30.529,30.75,16947,0
FAAR.US,D,20210511,000000,30.73,30.904,30.62,30.82,265944,0
FAAR.US,D,20210512,000000,30.83,31.12,30.62,30.83,21902,0
FAAR.US,D,20210513,000000,30.6,30.77,30.16,30.39,29294,0
FAAR.US,D,20210514,000000,30.626,30.63,30.25,30.44,18689,0
FAAR.US,D,20210517,000000,30.3,30.65,30.3,30.45,11580,0
FAAR.US,D,20210518,000000,30.685,30.86,30.163,30.57,7912,0
FAAR.US,D,20210519,000000,30.6,30.6,30.09,30.374,9647,0
FAAR.US,D,20210520,000000,30.24,30.56,30.19,30.318,10377,0
FAAR.US,D,20210521,000000,30.55,30.55,30.111,30.288,18346,0
FAAR.US,D,20210524,000000,30.56,30.65,30.18,30.445,10416,0
FAAR.US,D,20210525,000000,30.61,30.61,30.25,30.425,14419,0
FAAR.US,D,20210526,000000,30.27,30.68,30.27,30.417,10270,0
FAAR.US,D,20210527,000000,30.49,30.86,30.49,30.84,17563,0
FAAR.US,D,20210528,000000,30.92,30.94,30.62,30.72,12735,0
FAAR.US,D,20210601,000000,30.78,31.22,30.78,30.823,15523,0
FAAR.US,D,20210602,000000,30.94,31.18,30.76,30.94,21618,0
FAAR.US,D,20210603,000000,31.2,31.2,30.61,30.69,12929,0
FAAR.US,D,20210604,000000,30.87,31.21,30.85,31.1,3787,0
FAAR.US,D,20210607,000000,31.45,31.45,30.99,31.262,10152,0
FAAR.US,D,20210608,000000,31.05,31.46,31.05,31.33,10151,0
FAAR.US,D,20210609,000000,31.14,31.36,31.06,31.21,9786,0
FAAR.US,D,20210610,000000,31.21,31.24,31.11,31.17,11935,0
FAAR.US,D,20210611,000000,31.17,31.25,30.87,31.135,11427,0
FAAR.US,D,20210614,000000,31.09,31.09,30.69,30.825,11100,0
FAAR.US,D,20210615,000000,30.96,30.96,30.49,30.77,7920,0
FAAR.US,D,20210616,000000,30.55,30.746,30.21,30.4,7127,0
FAAR.US,D,20210617,000000,30.015,30.21,29.36,29.49,19368,0
FAAR.US,D,20210618,000000,29.5,30.03,29.5,29.815,5323,0
FAAR.US,D,20210621,000000,29.59,29.917,29.59,29.8,13136,0
FAAR.US,D,20210622,000000,30.15,30.15,29.76,29.838,9356,0
FAAR.US,D,20210623,000000,30.037,30.08,29.836,29.99,8558,0
FAAR.US,D,20210624,000000,29.9,30.06,29.7826,29.9501,4726,0
FAAR.US,D,20210625,000000,30.08,30.08,29.74,29.8301,14395,0
FAAR.US,D,20210628,000000,30.0416,30.05,29.77,30.05,9681,0
FAAR.US,D,20210629,000000,30.09,30.16,29.91,30.02,59500,0
FAAR.US,D,20210630,000000,30.13,30.77,29.98,30.4001,13552,0
FAAR.US,D,20210701,000000,30.97,30.97,30.26,30.41,8256,0
FAAR.US,D,20210702,000000,30.38,30.7889,30.38,30.59,29907,0
FAAR.US,D,20210706,000000,30.46,30.46,29.6,30.13,8702,0
FAAR.US,D,20210707,000000,29.92,30.1647,29.84,29.94,10229,0
FAAR.US,D,20210708,000000,29.99,30.1953,29.6901,29.98,11344,0
FAAR.US,D,20210709,000000,30.26,30.4804,29.9601,30.3664,8472,0
FAAR.US,D,20210712,000000,30.4,30.435,30.11,30.23,12517,0
FAAR.US,D,20210713,000000,30.385,32.8,30.21,32.8,12911,0
FAAR.US,D,20210714,000000,30.84,30.84,30.2026,30.395,4974,0
FAAR.US,D,20210715,000000,30.0635,30.5057,30.0635,30.295,8095,0
FAAR.US,D,20210716,000000,30.285,30.36,30,30.205,5340,0
FAAR.US,D,20210719,000000,30.2,30.2,29.27,29.57,10134,0
FAAR.US,D,20210720,000000,29.83,29.898,29.5572,29.66,10234,0
FAAR.US,D,20210721,000000,29.76,30.07,29.66,29.7945,11107,0
FAAR.US,D,20210722,000000,29.9203,30.3,29.91,30.165,6479,0
FAAR.US,D,20210723,000000,30.16,30.32,29.92,30.22,6189,0
FAAR.US,D,20210726,000000,30.5,30.5,30.03,30.33,12070,0
FAAR.US,D,20210727,000000,30.08,30.4459,29.9203,30.33,9004,0
FAAR.US,D,20210728,000000,30.205,30.31,30.07,30.28,7258,0
FAAR.US,D,20210729,000000,30.22,30.68,30.22,30.51,3785,0
FAAR.US,D,20210730,000000,30.2,30.57,30.2,30.305,13144,0
FAAR.US,D,20210802,000000,30.29,30.55,29.9501,30.22,12039,0
FAAR.US,D,20210803,000000,30.015,30.36,29.86,30.12,8184,0
FAAR.US,D,20210804,000000,29.7,29.985,29.61,29.73,12113,0
FAAR.US,D,20210805,000000,29.55,30.06,29.54,29.7941,6870,0
FAAR.US,D,20210806,000000,29.61,29.798,29.5301,29.6,12097,0
FAAR.US,D,20210809,000000,29.21,29.41,29.06,29.2898,6499,0
FAAR.US,D,20210810,000000,29.11,29.67,29.11,29.47,7004,0
FAAR.US,D,20210811,000000,29.669,29.9,29.515,29.665,9035,0
FAAR.US,D,20210812,000000,29.74,29.81,29.3609,29.62,8178,0
FAAR.US,D,20210813,000000,29.42,29.84,29.42,29.715,14383,0
FAAR.US,D,20210816,000000,29.7,29.85,29.5026,29.67,5441,0
FAAR.US,D,20210817,000000,29.536,29.76,29.37,29.49,19880,0
FAAR.US,D,20210818,000000,29.422,29.5,29.2801,29.29,18091,0
FAAR.US,D,20210819,000000,29.22,29.22,28.9,29.1,7442,0
FAAR.US,D,20210820,000000,29.1,29.1,28.72,28.8,8776,0
FAAR.US,D,20210823,000000,29.19,29.31,29.177,29.213,15117,0
FAAR.US,D,20210824,000000,29.26,29.83,29.26,29.58,6086,0
FAAR.US,D,20210825,000000,29.88,29.88,29.53,29.67,3239,0
FAAR.US,D,20210826,000000,29.65,29.73,29.42,29.495,5619,0
FAAR.US,D,20210827,000000,29.47,29.84,29.47,29.83,7578,0
FAAR.US,D,20210830,000000,29.87,29.98,29.6,29.7333,11278,0
FAAR.US,D,20210831,000000,29.71,29.96,29.49,29.62,18836,0
FAAR.US,D,20210901,000000,29.73,29.73,29.48,29.545,9400,0
