<TICKER>,<PER>,<DATE>,<TIME>,<OPEN>,<HIGH>,<LOW>,<CLOSE>,<VOL>,<OPENINT>
FALN.US,D,20160617,000000,19.586,19.593,19.58,19.593,673,0
FALN.US,D,20160620,000000,19.805,19.805,19.764,19.764,5556,0
FALN.US,D,20160621,000000,19.775,19.775,19.775,19.775,1278,0
FALN.US,D,20160622,000000,19.86,19.86,19.851,19.851,506,0
FALN.US,D,20160623,000000,20.017,20.017,19.968,19.971,2151,0
FALN.US,D,20160624,000000,19.634,19.943,19.634,19.664,4787,0
FALN.US,D,20160627,000000,19.452,19.452,19.336,19.336,1090,0
FALN.US,D,20160628,000000,19.58,19.642,19.58,19.642,904,0
FALN.US,D,20160629,000000,19.947,19.947,19.947,19.947,1278,0
FALN.US,D,20160630,000000,20.071,20.071,20.071,20.071,652,0
FALN.US,D,20160701,000000,20.111,20.202,20.111,20.202,396,0
FALN.US,D,20160705,000000,20.083,20.083,20.083,20.083,145,0
FALN.US,D,20160707,000000,20.156,20.156,20.054,20.083,1949,0
FALN.US,D,20160708,000000,20.35,20.35,20.35,20.35,633,0
FALN.US,D,20160711,000000,20.384,20.407,20.384,20.407,2179,0
FALN.US,D,20160712,000000,20.528,20.528,20.496,20.496,3073,0
FALN.US,D,20160713,000000,20.368,20.46,20.33,20.46,1412,0
FALN.US,D,20160714,000000,20.496,20.496,20.494,20.494,717,0
FALN.US,D,20160715,000000,20.413,20.413,20.413,20.413,396,0
FALN.US,D,20160719,000000,20.458,20.458,20.458,20.458,253,0
FALN.US,D,20160720,000000,20.52,20.596,20.52,20.596,1174,0
FALN.US,D,20160721,000000,20.639,20.639,20.537,20.554,1671,0
FALN.US,D,20160722,000000,20.537,20.579,20.537,20.579,2692,0
FALN.US,D,20160727,000000,20.43,20.486,20.43,20.486,7116,0
FALN.US,D,20160728,000000,20.466,20.466,20.466,20.466,484,0
FALN.US,D,20160729,000000,20.414,20.463,20.414,20.463,378,0
FALN.US,D,20160801,000000,20.456,20.456,20.397,20.397,683,0
FALN.US,D,20160802,000000,20.279,20.279,20.27,20.27,394,0
FALN.US,D,20160803,000000,20.424,20.513,20.424,20.513,1788,0
FALN.US,D,20160804,000000,20.625,20.625,20.612,20.625,1779,0
FALN.US,D,20160805,000000,20.725,20.725,20.672,20.672,394,0
FALN.US,D,20160808,000000,20.664,20.767,20.664,20.767,503,0
FALN.US,D,20160809,000000,20.813,20.813,20.779,20.779,1286,0
FALN.US,D,20160810,000000,20.799,20.799,20.784,20.784,7636,0
FALN.US,D,20160811,000000,20.876,20.915,20.87,20.915,7604,0
FALN.US,D,20160812,000000,20.898,20.906,20.898,20.906,252,0
FALN.US,D,20160815,000000,20.861,21.004,20.861,20.974,2900,0
FALN.US,D,20160816,000000,20.888,20.957,20.881,20.957,3968,0
FALN.US,D,20160819,000000,21.018,21.051,21.018,21.051,2545,0
FALN.US,D,20160822,000000,20.978,20.984,20.978,20.984,992,0
FALN.US,D,20160823,000000,21.081,21.081,21.081,21.081,1268,0
FALN.US,D,20160825,000000,21.087,21.087,21.087,21.087,647,0
FALN.US,D,20160826,000000,21.136,21.143,21.05,21.05,8931,0
FALN.US,D,20160829,000000,21.044,21.09,21.044,21.09,9416,0
FALN.US,D,20160830,000000,21.089,21.152,21.089,21.131,1913,0
FALN.US,D,20160831,000000,21.111,21.111,21.051,21.051,3141,0
FALN.US,D,20160901,000000,20.972,20.972,20.944,20.944,1327,0
FALN.US,D,20160902,000000,21.146,21.146,21.127,21.127,1563,0
FALN.US,D,20160906,000000,21.169,21.185,21.102,21.185,3284,0
FALN.US,D,20160907,000000,21.161,21.161,21.161,21.161,142,0
FALN.US,D,20160908,000000,21.155,21.155,21.137,21.137,893,0
FALN.US,D,20160909,000000,20.997,20.997,20.76,20.822,725,0
FALN.US,D,20160912,000000,20.861,20.997,20.84,20.997,394,0
FALN.US,D,20160913,000000,20.72,20.72,20.633,20.633,1513,0
FALN.US,D,20160915,000000,20.84,20.959,20.84,20.959,3007,0
FALN.US,D,20160921,000000,20.959,21.045,20.959,21.045,7604,0
FALN.US,D,20160922,000000,21.236,21.236,21.155,21.175,1611,0
FALN.US,D,20160923,000000,21.099,21.099,21.099,21.099,142,0
FALN.US,D,20160926,000000,21.031,21.031,20.999,20.999,1209,0
FALN.US,D,20160927,000000,20.997,21.091,20.997,21.091,2182,0
FALN.US,D,20160928,000000,21.131,21.155,21.128,21.128,3398,0
FALN.US,D,20160930,000000,21.255,21.255,21.255,21.255,392,0
FALN.US,D,20161003,000000,21.18,21.276,21.18,21.276,3140,0
FALN.US,D,20161005,000000,21.323,21.339,21.323,21.33,1914,0
FALN.US,D,20161006,000000,21.342,21.349,21.342,21.349,2767,0
FALN.US,D,20161012,000000,21.238,21.399,21.238,21.399,3949,0
FALN.US,D,20161013,000000,21.225,21.409,21.217,21.409,1353,0
FALN.US,D,20161014,000000,21.422,21.422,21.357,21.39,1006,0
FALN.US,D,20161017,000000,21.315,21.315,21.284,21.284,2440,0
FALN.US,D,20161018,000000,21.39,21.39,21.373,21.373,1504,0
FALN.US,D,20161019,000000,21.55,21.594,21.55,21.594,637,0
FALN.US,D,20161021,000000,21.508,21.539,21.508,21.539,1452,0
FALN.US,D,20161024,000000,21.602,21.602,21.55,21.55,837,0
FALN.US,D,20161025,000000,21.602,21.602,21.568,21.568,1183,0
FALN.US,D,20161026,000000,21.502,21.566,21.485,21.485,880,0
FALN.US,D,20161027,000000,21.566,21.566,21.458,21.458,767,0
FALN.US,D,20161028,000000,21.46,21.46,21.452,21.452,873,0
FALN.US,D,20161031,000000,21.344,21.39,21.323,21.323,3023,0
FALN.US,D,20161101,000000,21.349,21.349,21.24,21.24,1676,0
FALN.US,D,20161102,000000,21.245,21.245,21.165,21.165,11413,0
FALN.US,D,20161103,000000,21.165,21.165,21.1,21.1,2776,0
FALN.US,D,20161107,000000,21.373,21.409,21.33,21.33,1801,0
FALN.US,D,20161108,000000,21.334,21.43,21.334,21.43,929,0
FALN.US,D,20161109,000000,21.349,21.471,21.349,21.373,1065,0
FALN.US,D,20161110,000000,21.171,21.171,21.116,21.116,600,0
FALN.US,D,20161111,000000,20.868,20.868,20.709,20.709,1303,0
FALN.US,D,20161114,000000,20.717,20.945,20.717,20.945,846,0
FALN.US,D,20161116,000000,21.079,21.079,21.079,21.079,385,0
FALN.US,D,20161121,000000,21.107,21.107,21.107,21.107,1456,0
FALN.US,D,20161122,000000,21.207,21.207,21.207,21.207,496,0
FALN.US,D,20161123,000000,21.148,21.171,21.148,21.171,249,0
FALN.US,D,20161128,000000,21.254,21.254,21.224,21.232,1565,0
FALN.US,D,20161129,000000,21.179,21.179,21.179,21.179,1248,0
FALN.US,D,20161130,000000,21.216,21.224,21.216,21.224,496,0
FALN.US,D,20161202,000000,21.191,21.191,21.191,21.191,369,0
FALN.US,D,20161205,000000,21.343,21.343,21.343,21.343,773,0
FALN.US,D,20161206,000000,21.472,21.472,21.472,21.472,451,0
FALN.US,D,20161207,000000,21.617,21.617,21.617,21.617,234,0
FALN.US,D,20161208,000000,21.5,21.539,21.5,21.539,493,0
FALN.US,D,20161214,000000,21.617,21.617,21.412,21.412,3981,0
FALN.US,D,20161216,000000,21.563,21.563,21.547,21.547,575,0
FALN.US,D,20161221,000000,21.539,21.539,21.506,21.506,1678,0
FALN.US,D,20161222,000000,21.609,21.609,21.609,21.609,425,0
FALN.US,D,20161223,000000,21.647,21.722,21.647,21.722,3518,0
FALN.US,D,20161228,000000,21.621,21.621,21.621,21.621,1243,0
FALN.US,D,20161229,000000,21.656,21.656,21.656,21.656,140,0
FALN.US,D,20161230,000000,21.629,21.629,21.629,21.629,2988,0
FALN.US,D,20170103,000000,21.748,21.755,21.674,21.738,2545,0
FALN.US,D,20170104,000000,21.85,21.89,21.827,21.853,3125,0
FALN.US,D,20170105,000000,21.89,21.89,21.841,21.841,2961,0
FALN.US,D,20170106,000000,21.859,21.859,21.859,21.859,132,0
FALN.US,D,20170109,000000,21.883,21.883,21.825,21.866,2777,0
FALN.US,D,20170110,000000,22.021,22.021,21.917,21.917,4382,0
FALN.US,D,20170111,000000,21.875,22.004,21.875,22.004,4793,0
FALN.US,D,20170112,000000,21.94,21.972,21.87,21.972,6755,0
FALN.US,D,20170113,000000,21.932,21.94,21.932,21.94,1266,0
FALN.US,D,20170117,000000,21.932,21.947,21.89,21.947,1773,0
FALN.US,D,20170118,000000,21.947,21.963,21.87,21.87,3338,0
FALN.US,D,20170119,000000,21.94,21.94,21.909,21.909,714,0
FALN.US,D,20170120,000000,21.915,21.915,21.915,21.915,620,0
FALN.US,D,20170123,000000,21.965,21.965,21.965,21.965,187,0
FALN.US,D,20170124,000000,22.101,22.101,22.101,22.101,797,0
FALN.US,D,20170125,000000,22.11,22.11,22.038,22.083,7688,0
FALN.US,D,20170126,000000,22.172,22.172,22.147,22.147,1690,0
FALN.US,D,20170127,000000,22.116,22.166,22.102,22.166,4242,0
FALN.US,D,20170130,000000,22.077,22.077,22.046,22.046,663,0
FALN.US,D,20170201,000000,22.103,22.138,22.103,22.109,4253,0
FALN.US,D,20170203,000000,22.236,22.252,22.175,22.175,3840,0
FALN.US,D,20170206,000000,22.213,22.213,22.213,22.213,228,0
FALN.US,D,20170207,000000,22.125,22.174,22.101,22.174,4180,0
FALN.US,D,20170208,000000,22.106,22.184,22.101,22.15,6057,0
FALN.US,D,20170209,000000,22.22,22.228,22.185,22.194,2897,0
FALN.US,D,20170210,000000,22.261,22.261,22.225,22.225,527,0
FALN.US,D,20170213,000000,22.27,22.297,22.27,22.297,1954,0
FALN.US,D,20170214,000000,22.191,22.27,22.191,22.261,14675,0
FALN.US,D,20170215,000000,22.244,22.244,22.236,22.236,1474,0
FALN.US,D,20170216,000000,22.27,22.27,22.228,22.252,935,0
FALN.US,D,20170217,000000,22.228,22.228,22.228,22.228,691,0
FALN.US,D,20170222,000000,22.328,22.328,22.274,22.274,3329,0
FALN.US,D,20170223,000000,22.345,22.345,22.345,22.345,479,0
FALN.US,D,20170224,000000,22.322,22.369,22.322,22.361,1432,0
FALN.US,D,20170227,000000,22.344,22.369,22.344,22.353,11016,0
FALN.US,D,20170228,000000,22.277,22.277,22.277,22.277,127,0
FALN.US,D,20170301,000000,22.311,22.46,22.311,22.436,1231,0
FALN.US,D,20170302,000000,22.428,22.436,22.365,22.398,2110,0
FALN.US,D,20170303,000000,22.358,22.372,22.358,22.372,1955,0
FALN.US,D,20170306,000000,22.419,22.536,22.24,22.24,73845,0
FALN.US,D,20170307,000000,22.179,22.179,22.168,22.168,6110,0
FALN.US,D,20170308,000000,22.078,22.078,21.973,21.973,840,0
FALN.US,D,20170309,000000,21.899,21.926,21.866,21.901,2212,0
FALN.US,D,20170310,000000,21.983,21.983,21.89,21.899,1260,0
FALN.US,D,20170313,000000,21.882,21.882,21.882,21.882,31620,0
FALN.US,D,20170314,000000,21.874,21.874,21.861,21.874,1195,0
FALN.US,D,20170315,000000,21.993,22.15,21.993,22.15,4348,0
FALN.US,D,20170316,000000,22.142,22.142,22.132,22.132,1812,0
FALN.US,D,20170317,000000,22.146,22.146,22.134,22.134,966,0
FALN.US,D,20170320,000000,22.129,22.129,22.1,22.1,695,0
FALN.US,D,20170321,000000,22.15,22.15,22.047,22.047,660,0
FALN.US,D,20170322,000000,21.983,21.999,21.956,21.999,3043,0
FALN.US,D,20170323,000000,22.005,22.005,22.005,22.005,244,0
FALN.US,D,20170327,000000,22.068,22.078,22.06,22.065,3022,0
FALN.US,D,20170328,000000,22.143,22.159,22.143,22.15,4196,0
FALN.US,D,20170330,000000,22.35,22.375,22.311,22.375,3526,0
FALN.US,D,20170331,000000,22.374,22.374,22.374,22.374,288,0
FALN.US,D,20170403,000000,22.386,22.386,22.305,22.386,5186,0
FALN.US,D,20170404,000000,22.366,22.386,22.366,22.37,673,0
FALN.US,D,20170405,000000,22.431,22.431,22.429,22.429,1554,0
FALN.US,D,20170406,000000,22.448,22.448,22.405,22.41,3806,0
FALN.US,D,20170407,000000,22.464,22.464,22.464,22.464,403,0
FALN.US,D,20170410,000000,22.473,22.51,22.473,22.485,3306,0
FALN.US,D,20170411,000000,22.519,22.519,22.457,22.457,1882,0
FALN.US,D,20170412,000000,22.448,22.448,22.431,22.431,2798,0
FALN.US,D,20170413,000000,22.44,22.44,22.416,22.416,596,0
FALN.US,D,20170417,000000,22.431,22.448,22.431,22.431,2812,0
FALN.US,D,20170418,000000,22.448,22.448,22.438,22.446,1405,0
FALN.US,D,20170419,000000,22.483,22.493,22.401,22.401,6369,0
FALN.US,D,20170420,000000,22.416,22.483,22.416,22.483,1277,0
FALN.US,D,20170421,000000,22.44,22.448,22.44,22.448,244,0
FALN.US,D,20170424,000000,22.54,22.55,22.535,22.535,1627,0
FALN.US,D,20170425,000000,22.559,22.603,22.559,22.595,13567,0
FALN.US,D,20170426,000000,22.573,22.629,22.566,22.603,8007,0
FALN.US,D,20170427,000000,22.566,22.593,22.566,22.593,25138,0
FALN.US,D,20170428,000000,22.62,22.635,22.603,22.635,2230,0
FALN.US,D,20170501,000000,22.648,22.648,22.598,22.62,5370,0
FALN.US,D,20170502,000000,22.623,22.639,22.605,22.605,1903,0
FALN.US,D,20170503,000000,22.613,22.623,22.599,22.623,5453,0
FALN.US,D,20170504,000000,22.592,22.592,22.459,22.475,2810,0
FALN.US,D,20170505,000000,22.45,22.535,22.45,22.535,913,0
FALN.US,D,20170508,000000,22.503,22.552,22.503,22.54,1574,0
FALN.US,D,20170509,000000,22.566,22.566,22.566,22.566,457,0
FALN.US,D,20170510,000000,22.542,22.595,22.542,22.595,3705,0
FALN.US,D,20170511,000000,22.584,22.613,22.584,22.596,1165,0
FALN.US,D,20170512,000000,22.575,22.584,22.542,22.584,2709,0
FALN.US,D,20170515,000000,22.668,22.668,22.668,22.668,747,0
FALN.US,D,20170516,000000,22.64,22.648,22.64,22.648,281,0
FALN.US,D,20170517,000000,22.592,22.604,22.522,22.522,3869,0
FALN.US,D,20170522,000000,22.623,22.668,22.613,22.668,5096,0
FALN.US,D,20170523,000000,22.648,22.658,22.635,22.658,4974,0
FALN.US,D,20170524,000000,22.668,22.728,22.639,22.728,8139,0
FALN.US,D,20170525,000000,22.735,22.751,22.658,22.684,19222,0
FALN.US,D,20170526,000000,22.676,22.676,22.658,22.668,2189,0
FALN.US,D,20170530,000000,22.668,22.703,22.656,22.703,5381,0
FALN.US,D,20170531,000000,22.656,22.71,22.648,22.71,1811,0
FALN.US,D,20170601,000000,22.697,22.745,22.697,22.712,1486,0
FALN.US,D,20170602,000000,22.752,22.756,22.75,22.755,1727,0
FALN.US,D,20170605,000000,22.713,22.722,22.713,22.722,527,0
FALN.US,D,20170606,000000,22.722,22.737,22.722,22.731,1928,0
FALN.US,D,20170607,000000,22.679,22.679,22.643,22.671,2676,0
FALN.US,D,20170608,000000,22.652,22.706,22.628,22.706,927,0
FALN.US,D,20170609,000000,22.713,22.755,22.671,22.706,3975,0
FALN.US,D,20170612,000000,22.763,22.763,22.763,22.763,127,0
FALN.US,D,20170613,000000,22.745,22.745,22.724,22.732,727,0
FALN.US,D,20170614,000000,22.745,22.745,22.713,22.713,982,0
FALN.US,D,20170615,000000,22.592,22.626,22.592,22.608,4298,0
FALN.US,D,20170616,000000,22.616,22.616,22.57,22.587,2810,0
FALN.US,D,20170619,000000,22.697,22.697,22.69,22.697,925,0
FALN.US,D,20170620,000000,22.592,22.633,22.578,22.608,13648,0
FALN.US,D,20170621,000000,22.563,22.563,22.411,22.411,2908,0
FALN.US,D,20170622,000000,22.452,22.452,22.452,22.452,210,0
FALN.US,D,20170623,000000,22.616,22.616,22.616,22.616,127,0
FALN.US,D,20170626,000000,22.598,22.671,22.591,22.662,5685,0
FALN.US,D,20170627,000000,22.643,22.679,22.643,22.679,13592,0
FALN.US,D,20170628,000000,22.662,22.722,22.662,22.722,2069,0
FALN.US,D,20170629,000000,22.671,22.671,22.598,22.634,483,0
FALN.US,D,20170630,000000,22.679,22.679,22.642,22.642,1002,0
FALN.US,D,20170703,000000,22.732,22.732,22.697,22.697,3739,0
FALN.US,D,20170705,000000,22.732,22.732,22.695,22.695,2069,0
FALN.US,D,20170706,000000,22.671,22.671,22.598,22.598,6377,0
FALN.US,D,20170707,000000,22.595,22.595,22.595,22.595,1110,0
FALN.US,D,20170710,000000,22.592,22.634,22.592,22.634,3741,0
FALN.US,D,20170711,000000,22.565,22.634,22.565,22.634,14589,0
FALN.US,D,20170712,000000,22.727,22.763,22.714,22.75,2281,0
FALN.US,D,20170713,000000,22.746,22.827,22.746,22.827,9288,0
FALN.US,D,20170714,000000,22.827,22.886,22.817,22.87,5692,0
FALN.US,D,20170717,000000,22.836,22.844,22.822,22.822,4211,0
FALN.US,D,20170718,000000,22.827,22.877,22.817,22.877,1016,0
FALN.US,D,20170719,000000,22.913,22.913,22.913,22.913,945,0
FALN.US,D,20170720,000000,22.904,22.923,22.895,22.895,30865,0
FALN.US,D,20170721,000000,22.87,22.877,22.848,22.848,8100,0
FALN.US,D,20170724,000000,22.895,22.895,22.865,22.876,1371,0
FALN.US,D,20170725,000000,22.947,22.983,22.927,22.959,2533,0
FALN.US,D,20170726,000000,22.999,22.999,22.983,22.983,4021,0
FALN.US,D,20170727,000000,23.043,23.061,22.968,23.018,4619,0
FALN.US,D,20170728,000000,22.99,23.008,22.977,23.008,1440,0
FALN.US,D,20170731,000000,23.017,23.036,22.983,23.036,6312,0
FALN.US,D,20170801,000000,23.026,23.026,22.992,23.019,3788,0
FALN.US,D,20170802,000000,23.071,23.071,23.008,23.008,29102,0
FALN.US,D,20170803,000000,22.99,23.026,22.99,23.008,2515,0
FALN.US,D,20170804,000000,22.983,23.036,22.974,22.999,4367,0
FALN.US,D,20170807,000000,23.008,23.043,23,23.043,3696,0
FALN.US,D,20170808,000000,23.008,23.043,22.968,22.968,8719,0
FALN.US,D,20170809,000000,22.931,22.938,22.894,22.922,30504,0
FALN.US,D,20170810,000000,22.894,22.894,22.762,22.762,3986,0
FALN.US,D,20170811,000000,22.806,22.835,22.794,22.835,8365,0
FALN.US,D,20170814,000000,22.922,22.946,22.876,22.885,12778,0
FALN.US,D,20170815,000000,22.903,22.938,22.903,22.938,75163,0
FALN.US,D,20170816,000000,22.953,22.959,22.946,22.946,5542,0
FALN.US,D,20170817,000000,22.931,22.931,22.852,22.852,5151,0
FALN.US,D,20170818,000000,22.816,22.922,22.816,22.869,2571,0
FALN.US,D,20170821,000000,22.885,22.885,22.826,22.843,2992,0
FALN.US,D,20170822,000000,22.938,22.99,22.938,22.983,1513,0
FALN.US,D,20170823,000000,22.99,22.999,22.99,22.999,1701,0
FALN.US,D,20170824,000000,22.983,22.983,22.933,22.959,2930,0
FALN.US,D,20170825,000000,23.043,23.043,22.999,23.026,5063,0
FALN.US,D,20170828,000000,23.036,23.036,22.968,22.984,4553,0
FALN.US,D,20170829,000000,22.959,23.036,22.956,23.026,5246,0
FALN.US,D,20170830,000000,23.026,23.071,23.026,23.052,3057,0
FALN.US,D,20170831,000000,23.105,23.123,23.105,23.123,11071,0
FALN.US,D,20170901,000000,23.132,23.159,23.114,23.159,1918,0
FALN.US,D,20170905,000000,23.144,23.177,23.105,23.168,5463,0
FALN.US,D,20170906,000000,23.177,23.185,23.145,23.168,33230,0
FALN.US,D,20170907,000000,23.157,23.168,23.157,23.162,2655,0
FALN.US,D,20170908,000000,23.159,23.159,23.088,23.098,5146,0
FALN.US,D,20170911,000000,23.144,23.206,23.144,23.151,20964,0
FALN.US,D,20170912,000000,23.168,23.201,23.136,23.201,2091,0
FALN.US,D,20170913,000000,23.185,23.218,23.144,23.218,31600,0
FALN.US,D,20170914,000000,23.185,23.228,23.185,23.218,6375,0
FALN.US,D,20170915,000000,23.216,23.256,23.201,23.256,3585,0
FALN.US,D,20170918,000000,23.211,23.22,23.159,23.195,17280,0
FALN.US,D,20170919,000000,23.185,23.246,23.185,23.236,10185,0
FALN.US,D,20170920,000000,23.256,23.256,23.151,23.211,6899,0
FALN.US,D,20170921,000000,23.228,23.228,23.182,23.211,45550,0
FALN.US,D,20170922,000000,23.201,23.236,23.201,23.236,1754,0
FALN.US,D,20170925,000000,23.211,23.288,23.211,23.246,1226,0
FALN.US,D,20170926,000000,23.323,23.323,23.288,23.295,2954,0
FALN.US,D,20170927,000000,23.307,23.38,23.298,23.38,5135,0
FALN.US,D,20170928,000000,23.325,23.358,23.323,23.338,2817,0
FALN.US,D,20170929,000000,23.323,23.389,23.323,23.38,2839,0
FALN.US,D,20171002,000000,23.389,23.389,23.328,23.356,14874,0
FALN.US,D,20171003,000000,24.886,24.886,23.332,23.37,8324,0
FALN.US,D,20171004,000000,23.37,23.37,23.338,23.338,743,0
FALN.US,D,20171005,000000,23.365,23.395,23.365,23.394,4201,0
FALN.US,D,20171006,000000,23.362,23.37,23.353,23.362,7516,0
FALN.US,D,20171009,000000,23.38,23.411,23.37,23.402,116542,0
FALN.US,D,20171010,000000,23.409,23.409,23.37,23.37,40504,0
FALN.US,D,20171011,000000,23.37,23.411,23.37,23.402,6033,0
FALN.US,D,20171012,000000,23.402,23.402,23.37,23.38,18783,0
FALN.US,D,20171013,000000,23.402,23.436,23.402,23.427,6939,0
FALN.US,D,20171016,000000,23.447,23.447,23.419,23.442,5370,0
FALN.US,D,20171017,000000,23.447,23.495,23.447,23.481,11073,0
FALN.US,D,20171018,000000,23.495,23.526,23.466,23.517,5641,0
FALN.US,D,20171019,000000,23.457,23.495,23.437,23.475,4019,0
FALN.US,D,20171020,000000,23.526,23.541,23.502,23.521,5902,0
FALN.US,D,20171023,000000,23.53,23.541,23.501,23.507,2082,0
FALN.US,D,20171024,000000,23.526,23.526,23.502,23.509,7981,0
FALN.US,D,20171025,000000,23.485,23.485,23.394,23.485,7165,0
FALN.US,D,20171026,000000,23.509,23.509,23.428,23.457,10204,0
FALN.US,D,20171027,000000,23.462,23.517,23.452,23.517,1169,0
FALN.US,D,20171030,000000,23.53,23.534,23.475,23.498,7107,0
FALN.US,D,20171031,000000,23.509,23.517,23.457,23.495,9167,0
FALN.US,D,20171101,000000,23.565,23.574,23.509,23.509,12151,0
FALN.US,D,20171102,000000,23.526,23.548,23.497,23.544,8508,0
FALN.US,D,20171103,000000,23.548,23.582,23.495,23.582,12664,0
FALN.US,D,20171106,000000,23.518,23.526,23.485,23.509,124372,0
FALN.US,D,20171107,000000,23.501,23.501,23.447,23.447,8623,0
FALN.US,D,20171108,000000,23.411,23.419,23.355,23.358,17044,0
FALN.US,D,20171109,000000,23.279,23.306,23.217,23.306,17092,0
FALN.US,D,20171110,000000,23.288,23.316,23.257,23.316,13300,0
FALN.US,D,20171113,000000,23.296,23.296,23.254,23.261,30365,0
FALN.US,D,20171114,000000,23.234,23.602,23.165,23.191,62462,0
FALN.US,D,20171115,000000,23.12,23.162,23.021,23.162,6802,0
FALN.US,D,20171116,000000,23.279,23.37,23.27,23.333,47977,0
FALN.US,D,20171117,000000,23.296,23.345,23.296,23.306,55734,0
FALN.US,D,20171120,000000,23.288,23.345,23.288,23.32,13039,0
FALN.US,D,20171121,000000,23.361,23.388,23.355,23.379,19747,0
FALN.US,D,20171122,000000,23.358,23.411,23.358,23.402,7570,0
FALN.US,D,20171124,000000,23.447,23.455,23.407,23.455,3374,0
FALN.US,D,20171127,000000,23.411,23.411,23.37,23.37,3886,0
FALN.US,D,20171128,000000,23.37,23.434,23.37,23.421,19686,0
FALN.US,D,20171129,000000,23.437,23.437,23.379,23.407,20683,0
FALN.US,D,20171130,000000,23.437,23.466,23.406,23.424,45664,0
FALN.US,D,20171201,000000,23.454,23.457,23.354,23.419,16897,0
FALN.US,D,20171204,000000,23.447,23.447,23.402,23.402,15824,0
FALN.US,D,20171205,000000,23.426,23.447,23.399,23.424,72682,0
FALN.US,D,20171206,000000,23.437,23.447,23.399,23.411,5629,0
FALN.US,D,20171207,000000,23.428,23.437,23.37,23.388,10874,0
FALN.US,D,20171208,000000,23.447,23.447,23.198,23.233,39779,0
FALN.US,D,20171211,000000,23.233,23.26,23.215,23.26,25134,0
FALN.US,D,20171212,000000,23.257,23.437,23.224,23.236,31582,0
FALN.US,D,20171213,000000,23.27,23.329,23.258,23.322,80679,0
FALN.US,D,20171214,000000,23.336,23.336,23.253,23.253,13281,0
FALN.US,D,20171215,000000,23.315,23.319,23.26,23.269,15544,0
FALN.US,D,20171218,000000,23.37,25.695,23.269,23.315,54700,0
FALN.US,D,20171219,000000,23.305,23.315,23.221,23.269,15137,0
FALN.US,D,20171220,000000,23.295,23.295,23.242,23.26,43370,0
FALN.US,D,20171221,000000,23.295,23.329,23.26,23.284,37889,0
FALN.US,D,20171222,000000,23.278,23.322,23.269,23.315,31900,0
FALN.US,D,20171226,000000,23.344,23.429,23.253,23.295,28726,0
FALN.US,D,20171227,000000,23.315,23.315,23.269,23.269,1681,0
FALN.US,D,20171228,000000,23.278,23.305,23.278,23.305,12654,0
FALN.US,D,20171229,000000,23.269,23.339,23.243,23.282,37372,0
FALN.US,D,20180102,000000,23.56,23.56,23.295,23.352,23804,0
FALN.US,D,20180103,000000,23.37,23.458,23.357,23.411,34506,0
FALN.US,D,20180104,000000,23.476,23.535,23.453,23.486,52830,0
FALN.US,D,20180105,000000,23.542,24.048,23.467,23.523,69937,0
FALN.US,D,20180108,000000,23.55,23.567,23.476,23.535,30465,0
FALN.US,D,20180109,000000,23.532,23.559,23.496,23.496,10799,0
FALN.US,D,20180110,000000,23.502,23.559,23.471,23.523,233036,0
FALN.US,D,20180111,000000,23.528,23.636,23.528,23.592,82111,0
FALN.US,D,20180112,000000,23.583,23.636,23.542,23.55,56985,0
FALN.US,D,20180116,000000,23.636,23.646,23.56,23.56,32462,0
FALN.US,D,20180117,000000,23.6,23.641,23.575,23.575,92952,0
FALN.US,D,20180118,000000,23.6,23.789,23.575,23.575,165814,0
FALN.US,D,20180119,000000,23.608,23.67,23.57,23.592,25264,0
FALN.US,D,20180122,000000,23.646,23.656,23.6,23.619,20520,0
FALN.US,D,20180123,000000,23.692,23.878,23.666,23.718,27176,0
FALN.US,D,20180124,000000,23.742,23.815,23.692,23.815,263004,0
FALN.US,D,20180125,000000,23.708,23.815,23.674,23.772,569762,0
FALN.US,D,20180126,000000,23.738,23.852,23.725,23.767,44700,0
FALN.US,D,20180129,000000,23.734,23.734,23.648,23.685,51701,0
FALN.US,D,20180130,000000,23.636,23.641,23.583,23.583,54210,0
FALN.US,D,20180131,000000,23.666,23.683,23.588,23.683,68971,0
FALN.US,D,20180201,000000,23.666,23.674,23.6,23.6,49056,0
FALN.US,D,20180202,000000,23.541,23.559,23.466,23.485,34495,0
FALN.US,D,20180205,000000,23.466,23.636,23.327,23.339,515646,0
FALN.US,D,20180206,000000,23.231,23.394,23.214,23.285,112303,0
FALN.US,D,20180207,000000,23.359,23.466,23.259,23.259,28288,0
FALN.US,D,20180208,000000,23.251,23.251,23.022,23.024,36993,0
FALN.US,D,20180209,000000,23.042,23.075,22.78,22.996,35118,0
FALN.US,D,20180212,000000,23.076,23.152,23.016,23.105,30575,0
FALN.US,D,20180213,000000,23.079,23.097,23.024,23.024,70421,0
FALN.US,D,20180214,000000,23.204,23.204,22.944,23.06,25779,0
FALN.US,D,20180215,000000,23.152,23.231,23.133,23.214,44632,0
FALN.US,D,20180216,000000,23.222,23.428,23.161,23.271,38612,0
FALN.US,D,20180220,000000,23.204,23.258,23.183,23.194,15441,0
FALN.US,D,20180221,000000,23.231,23.241,22.621,23.088,48085,0
FALN.US,D,20180222,000000,23.097,23.179,23.088,23.097,48029,0
FALN.US,D,20180223,000000,23.123,23.251,23.097,23.241,35880,0
FALN.US,D,20180226,000000,23.267,23.302,23.17,23.229,51157,0
FALN.US,D,20180227,000000,23.276,23.276,22.835,22.898,294130,0
FALN.US,D,20180228,000000,23.088,23.152,22.871,22.871,143888,0
FALN.US,D,20180301,000000,23.061,23.068,22.959,22.963,24462,0
FALN.US,D,20180302,000000,22.916,23.004,22.916,23.004,30585,0
FALN.US,D,20180305,000000,22.997,23.024,22.907,23.006,495058,0
FALN.US,D,20180306,000000,23.016,23.138,22.926,23.105,298295,0
FALN.US,D,20180307,000000,23.071,23.269,23.061,23.12,207388,0
FALN.US,D,20180308,000000,23.153,23.153,23.089,23.115,22641,0
FALN.US,D,20180309,000000,23.19,23.243,23.19,23.224,29545,0
FALN.US,D,20180312,000000,23.19,23.198,23.132,23.19,14414,0
FALN.US,D,20180313,000000,23.19,23.206,23.098,23.098,20898,0
FALN.US,D,20180314,000000,23.124,23.124,23.034,23.071,22656,0
FALN.US,D,20180315,000000,23.089,23.098,23.026,23.059,10838,0
FALN.US,D,20180316,000000,23.052,23.098,23.052,23.089,17864,0
FALN.US,D,20180319,000000,23.061,23.061,22.958,22.98,24708,0
FALN.US,D,20180320,000000,22.98,23.06,22.98,23.038,24368,0
FALN.US,D,20180321,000000,22.981,23.052,22.981,23.045,12188,0
FALN.US,D,20180322,000000,23.006,23.006,22.93,22.931,16175,0
FALN.US,D,20180323,000000,22.971,22.98,22.826,22.844,11272,0
FALN.US,D,20180326,000000,23.016,23.016,22.93,23.006,14768,0
FALN.US,D,20180327,000000,22.98,23.052,22.926,22.941,11384,0
FALN.US,D,20180328,000000,22.955,22.98,22.898,22.898,12896,0
FALN.US,D,20180329,000000,23.013,23.061,23.001,23.043,8427,0
FALN.US,D,20180402,000000,23.016,23.016,22.87,22.897,16869,0
FALN.US,D,20180403,000000,22.997,22.997,22.897,22.941,13808,0
FALN.US,D,20180404,000000,22.906,22.971,22.906,22.963,2991,0
FALN.US,D,20180405,000000,22.971,23.052,22.971,23.001,9167,0
FALN.US,D,20180406,000000,22.997,23.006,22.968,22.971,7426,0
FALN.US,D,20180409,000000,23.034,23.052,22.971,23.016,34867,0
FALN.US,D,20180410,000000,23.034,23.098,23.006,23.093,56341,0
FALN.US,D,20180411,000000,23.137,23.138,23.098,23.137,13353,0
FALN.US,D,20180412,000000,23.154,23.154,22.925,22.995,231751,0
FALN.US,D,20180413,000000,23.124,23.124,23.034,23.061,27641,0
FALN.US,D,20180416,000000,23.132,23.146,23.071,23.116,14933,0
FALN.US,D,20180417,000000,23.154,23.191,23.115,23.146,8178,0
FALN.US,D,20180418,000000,23.163,23.181,23.089,23.138,15043,0
FALN.US,D,20180419,000000,23.146,23.146,23.052,23.098,11963,0
FALN.US,D,20180420,000000,23.105,23.105,23.016,23.061,11263,0
FALN.US,D,20180423,000000,23.052,23.052,22.97,22.997,13828,0
FALN.US,D,20180424,000000,22.963,23.024,22.897,22.955,13473,0
FALN.US,D,20180425,000000,22.963,22.963,22.911,22.955,20126,0
FALN.US,D,20180426,000000,22.985,23.033,22.971,23.024,12925,0
FALN.US,D,20180427,000000,23.08,23.08,22.997,23.02,12965,0
FALN.US,D,20180430,000000,23.024,23.052,22.971,22.991,7318,0
FALN.US,D,20180501,000000,23.024,23.024,22.941,22.955,7505,0
FALN.US,D,20180502,000000,23.016,23.024,22.963,22.98,8305,0
FALN.US,D,20180503,000000,23.006,23.057,22.956,22.997,18175,0
FALN.US,D,20180504,000000,22.968,23.032,22.963,22.989,6769,0
FALN.US,D,20180507,000000,23.133,23.133,23.043,23.043,11450,0
FALN.US,D,20180508,000000,23.034,23.106,23.016,23.076,12604,0
FALN.US,D,20180509,000000,22.971,23.055,22.971,23.016,8261,0
FALN.US,D,20180510,000000,23.116,23.164,23.089,23.103,95107,0
FALN.US,D,20180511,000000,23.146,23.245,23.106,23.245,156753,0
FALN.US,D,20180514,000000,23.182,23.548,23.182,23.255,105027,0
FALN.US,D,20180515,000000,23.199,23.208,23.143,23.182,16723,0
FALN.US,D,20180516,000000,23.162,23.208,23.133,23.199,10503,0
FALN.US,D,20180517,000000,23.174,23.235,23.147,23.19,10459,0
FALN.US,D,20180518,000000,23.155,23.217,23.14,23.155,4283,0
FALN.US,D,20180521,000000,23.199,23.208,23.146,23.179,11519,0
FALN.US,D,20180522,000000,23.155,23.199,23.147,23.168,19029,0
FALN.US,D,20180523,000000,23.168,23.216,23.133,23.174,7757,0
FALN.US,D,20180524,000000,23.188,23.245,23.155,23.235,5750,0
FALN.US,D,20180525,000000,23.217,23.217,23.125,23.139,49454,0
FALN.US,D,20180529,000000,23.116,23.116,22.997,23.08,19863,0
FALN.US,D,20180530,000000,23.125,23.125,23.024,23.066,137671,0
FALN.US,D,20180531,000000,23.071,23.088,23.034,23.071,101980,0
FALN.US,D,20180601,000000,23.099,23.125,23.08,23.104,3039,0
FALN.US,D,20180604,000000,23.164,23.164,23.099,23.133,13342,0
FALN.US,D,20180605,000000,23.133,23.183,23.101,23.144,7073,0
FALN.US,D,20180606,000000,23.106,23.174,23.106,23.155,82866,0
FALN.US,D,20180607,000000,23.197,23.227,23.155,23.227,35216,0
FALN.US,D,20180608,000000,23.164,23.209,23.155,23.155,4355,0
FALN.US,D,20180611,000000,23.174,23.241,23.174,23.222,23839,0
FALN.US,D,20180612,000000,23.224,23.271,23.193,23.263,96328,0
FALN.US,D,20180613,000000,23.271,23.324,23.164,23.164,11201,0
FALN.US,D,20180614,000000,23.271,23.318,23.227,23.227,22166,0
FALN.US,D,20180615,000000,23.236,23.41,23.236,23.275,4528,0
FALN.US,D,20180618,000000,23.318,23.318,23.223,23.264,5289,0
FALN.US,D,20180619,000000,23.236,23.256,23.211,23.256,18021,0
FALN.US,D,20180620,000000,23.214,23.256,23.2,23.235,9706,0
FALN.US,D,20180621,000000,23.214,23.236,23.156,23.156,30439,0
FALN.US,D,20180622,000000,23.209,23.227,23.174,23.2,6988,0
FALN.US,D,20180625,000000,23.174,23.187,23.139,23.183,56870,0
FALN.US,D,20180626,000000,23.164,23.164,23.139,23.152,11931,0
FALN.US,D,20180627,000000,23.174,23.174,23.121,23.121,3930,0
FALN.US,D,20180628,000000,23.071,23.139,23.029,23.096,14997,0
FALN.US,D,20180629,000000,23.08,23.125,23.016,23.052,23939,0
FALN.US,D,20180702,000000,22.997,23.029,22.894,23.006,7929,0
FALN.US,D,20180703,000000,23.106,23.116,23.034,23.034,5183,0
FALN.US,D,20180705,000000,23.116,23.125,23.071,23.121,14278,0
FALN.US,D,20180706,000000,23.174,23.194,23.139,23.184,19714,0
FALN.US,D,20180709,000000,23.179,23.184,23.139,23.139,12516,0
FALN.US,D,20180710,000000,23.16,23.194,23.133,23.133,9351,0
FALN.US,D,20180711,000000,23.142,23.156,23.106,23.147,20417,0
FALN.US,D,20180712,000000,23.156,23.179,23.139,23.165,63817,0
FALN.US,D,20180713,000000,23.184,23.247,23.174,23.194,164910,0
FALN.US,D,20180716,000000,23.165,23.21,23.147,23.194,13631,0
FALN.US,D,20180717,000000,23.174,23.237,23.133,23.218,41541,0
FALN.US,D,20180718,000000,23.174,23.272,23.174,23.228,253861,0
FALN.US,D,20180719,000000,23.201,23.228,23.201,23.218,8913,0
FALN.US,D,20180720,000000,23.247,23.247,23.194,23.223,6905,0
FALN.US,D,20180723,000000,23.201,23.264,23.184,23.237,50835,0
FALN.US,D,20180724,000000,23.264,23.264,23.218,23.218,7564,0
FALN.US,D,20180725,000000,23.3,23.3,23.201,23.233,217623,0
FALN.US,D,20180726,000000,23.35,23.35,23.257,23.29,21951,0
FALN.US,D,20180727,000000,23.34,23.34,23.228,23.29,9564,0
FALN.US,D,20180730,000000,23.34,23.34,23.295,23.305,11299,0
FALN.US,D,20180731,000000,23.387,23.387,23.319,23.319,23936,0
FALN.US,D,20180801,000000,23.359,23.359,23.29,23.31,11764,0
FALN.US,D,20180802,000000,23.332,23.386,23.325,23.34,4936,0
FALN.US,D,20180803,000000,23.403,23.403,23.34,23.35,41111,0
FALN.US,D,20180806,000000,23.43,23.439,23.35,23.389,20313,0
FALN.US,D,20180807,000000,23.43,23.43,23.359,23.411,25812,0
FALN.US,D,20180808,000000,23.439,23.439,23.368,23.387,17040,0
FALN.US,D,20180809,000000,23.459,23.459,23.387,23.42,6567,0
FALN.US,D,20180810,000000,23.355,23.411,23.355,23.368,6122,0
FALN.US,D,20180813,000000,23.421,23.421,23.31,23.319,23587,0
FALN.US,D,20180814,000000,23.43,23.43,23.377,23.411,12842,0
FALN.US,D,20180815,000000,23.421,23.421,23.327,23.35,11131,0
FALN.US,D,20180816,000000,23.372,23.388,23.368,23.373,8928,0
FALN.US,D,20180817,000000,23.387,23.387,23.327,23.353,27241,0
FALN.US,D,20180820,000000,23.439,23.439,23.34,23.411,20985,0
FALN.US,D,20180821,000000,23.359,23.439,23.359,23.411,14324,0
FALN.US,D,20180822,000000,23.387,23.421,23.377,23.387,20027,0
FALN.US,D,20180823,000000,23.399,23.403,23.395,23.395,3819,0
FALN.US,D,20180824,000000,23.449,23.449,23.35,23.421,8839,0
FALN.US,D,20180827,000000,23.439,23.488,23.35,23.468,24106,0
FALN.US,D,20180828,000000,23.421,23.488,23.395,23.449,13257,0
FALN.US,D,20180829,000000,23.421,23.503,23.421,23.473,10193,0
FALN.US,D,20180830,000000,23.43,23.497,23.391,23.464,14941,0
FALN.US,D,20180831,000000,23.439,23.497,23.439,23.496,11558,0
FALN.US,D,20180904,000000,23.386,23.497,23.386,23.444,22962,0
FALN.US,D,20180905,000000,23.395,23.478,23.395,23.468,11258,0
FALN.US,D,20180906,000000,23.435,23.488,23.406,23.43,8413,0
FALN.US,D,20180907,000000,23.439,23.439,23.376,23.43,24246,0
FALN.US,D,20180910,000000,23.488,23.497,23.449,23.449,11309,0
FALN.US,D,20180911,000000,23.459,23.478,23.368,23.477,31777,0
FALN.US,D,20180912,000000,23.487,23.521,23.459,23.521,11782,0
FALN.US,D,20180913,000000,23.503,23.589,23.503,23.589,14656,0
FALN.US,D,20180914,000000,23.503,23.58,23.497,23.562,21503,0
FALN.US,D,20180917,000000,23.562,23.58,23.521,23.58,4337,0
FALN.US,D,20180918,000000,23.589,23.589,23.535,23.58,15144,0
FALN.US,D,20180919,000000,23.521,23.581,23.503,23.571,6871,0
FALN.US,D,20180920,000000,23.589,23.589,23.544,23.556,26869,0
FALN.US,D,20180921,000000,23.599,23.599,23.544,23.571,9750,0
FALN.US,D,20180924,000000,23.617,23.617,23.562,23.589,10738,0
FALN.US,D,20180925,000000,23.554,23.607,23.544,23.599,13580,0
FALN.US,D,20180926,000000,23.635,23.635,23.544,23.607,9832,0
FALN.US,D,20180927,000000,23.655,23.665,23.562,23.655,14645,0
FALN.US,D,20180928,000000,23.562,23.625,23.544,23.589,8519,0
FALN.US,D,20181001,000000,23.589,23.659,23.58,23.635,20024,0
FALN.US,D,20181002,000000,23.674,23.683,23.58,23.58,22059,0
FALN.US,D,20181003,000000,23.674,23.674,23.537,23.537,154477,0
FALN.US,D,20181004,000000,23.537,23.537,23.394,23.53,18235,0
FALN.US,D,20181005,000000,23.467,23.467,23.367,23.458,7611,0
FALN.US,D,20181008,000000,23.358,23.402,23.244,23.244,28253,0
FALN.US,D,20181009,000000,23.375,23.411,23.297,23.402,9999,0
FALN.US,D,20181010,000000,23.353,23.353,23.215,23.215,11087,0
FALN.US,D,20181011,000000,23.317,23.317,23.16,23.234,12859,0
FALN.US,D,20181012,000000,23.288,23.411,23.285,23.411,24216,0
FALN.US,D,20181015,000000,23.307,23.385,23.307,23.367,5790,0
FALN.US,D,20181016,000000,23.367,23.438,23.367,23.415,13033,0
FALN.US,D,20181017,000000,23.429,23.429,23.324,23.411,25279,0
FALN.US,D,20181018,000000,23.297,23.358,23.261,23.279,13534,0
FALN.US,D,20181019,000000,23.317,23.324,23.235,23.316,3385,0
FALN.US,D,20181022,000000,23.402,23.402,23.254,23.31,6661,0
FALN.US,D,20181023,000000,23.17,23.321,23.17,23.215,14342,0
FALN.US,D,20181024,000000,23.27,23.27,23.152,23.152,13770,0
FALN.US,D,20181025,000000,23.152,23.254,23.129,23.254,10340,0
FALN.US,D,20181026,000000,23.128,23.215,23.093,23.128,5658,0
FALN.US,D,20181029,000000,23.143,23.198,23.056,23.056,11042,0
FALN.US,D,20181030,000000,23.143,23.143,22.99,23.083,19151,0
FALN.US,D,20181031,000000,23.083,23.179,23.083,23.128,39087,0
FALN.US,D,20181101,000000,23.16,23.179,23.111,23.111,10413,0
FALN.US,D,20181102,000000,23.206,23.206,23.027,23.083,10474,0
FALN.US,D,20181105,000000,23.087,23.189,23.087,23.143,20194,0
FALN.US,D,20181106,000000,23.184,23.189,23.083,23.149,17294,0
FALN.US,D,20181107,000000,23.226,23.262,23.179,23.24,14995,0
FALN.US,D,20181108,000000,23.143,23.279,23.143,23.16,118705,0
FALN.US,D,20181109,000000,23.143,23.143,22.963,23.051,13402,0
FALN.US,D,20181112,000000,22.972,22.972,22.885,22.894,10022,0
FALN.US,D,20181113,000000,22.963,22.972,22.776,22.782,43140,0
FALN.US,D,20181114,000000,22.848,22.898,22.761,22.848,22266,0
FALN.US,D,20181115,000000,22.76,22.805,22.652,22.716,20150,0
FALN.US,D,20181116,000000,22.839,22.839,22.707,22.768,29926,0
FALN.US,D,20181119,000000,22.67,22.726,22.642,22.726,8343,0
FALN.US,D,20181120,000000,22.552,22.595,22.52,22.568,36768,0
FALN.US,D,20181121,000000,22.661,22.735,22.632,22.642,14109,0
FALN.US,D,20181123,000000,22.499,22.537,22.499,22.537,798,0
FALN.US,D,20181126,000000,22.613,22.679,22.542,22.569,17449,0
FALN.US,D,20181127,000000,22.651,22.651,22.542,22.576,7279,0
FALN.US,D,20181128,000000,22.661,22.791,22.569,22.749,16073,0
FALN.US,D,20181129,000000,22.661,22.795,22.632,22.715,13449,0
FALN.US,D,20181130,000000,22.716,22.716,22.623,22.661,12417,0
FALN.US,D,20181203,000000,22.776,22.811,22.689,22.811,16380,0
FALN.US,D,20181204,000000,22.776,22.776,22.579,22.594,20389,0
FALN.US,D,20181206,000000,22.603,22.603,22.462,22.56,129368,0
FALN.US,D,20181207,000000,22.651,22.712,22.518,22.578,9299,0
FALN.US,D,20181210,000000,22.526,22.601,22.442,22.518,44875,0
FALN.US,D,20181211,000000,22.707,22.707,22.526,22.551,14381,0
FALN.US,D,20181212,000000,22.666,22.726,22.595,22.641,15077,0
FALN.US,D,20181213,000000,22.776,22.821,22.613,22.632,37925,0
FALN.US,D,20181214,000000,22.623,22.663,22.595,22.595,49594,0
FALN.US,D,20181217,000000,22.595,22.666,22.424,22.452,101731,0
FALN.US,D,20181218,000000,22.552,22.552,22.391,22.424,7093,0
FALN.US,D,20181219,000000,22.526,22.526,22.226,22.271,13085,0
FALN.US,D,20181220,000000,22.199,22.222,21.927,22.091,47246,0
FALN.US,D,20181221,000000,22.1,22.19,21.948,21.992,39645,0
FALN.US,D,20181224,000000,21.992,21.992,21.863,21.863,5884,0
FALN.US,D,20181226,000000,21.953,22.126,21.793,22.126,26547,0
FALN.US,D,20181227,000000,22.062,22.189,22.023,22.122,11702,0
FALN.US,D,20181228,000000,22.561,22.561,22.091,22.109,34317,0
FALN.US,D,20181231,000000,22.216,22.216,22.091,22.118,27964,0
FALN.US,D,20190102,000000,22.027,22.126,22.027,22.1,6727,0
FALN.US,D,20190103,000000,22.129,22.171,22.049,22.062,4405,0
FALN.US,D,20190104,000000,22.318,22.561,22.318,22.469,23693,0
FALN.US,D,20190107,000000,22.652,22.753,22.652,22.671,415786,0
FALN.US,D,20190108,000000,22.718,22.87,22.68,22.777,15557,0
FALN.US,D,20190109,000000,22.867,22.968,22.842,22.968,15577,0
FALN.US,D,20190110,000000,22.87,23.013,22.86,22.977,9289,0
FALN.US,D,20190111,000000,23.003,23.003,22.908,23.003,17701,0
FALN.US,D,20190114,000000,22.99,22.99,22.87,22.898,12166,0
FALN.US,D,20190115,000000,23.013,23.056,22.933,22.997,10888,0
FALN.US,D,20190116,000000,23.087,23.088,22.994,23.061,4280,0
FALN.US,D,20190117,000000,23.035,23.124,23.022,23.071,22439,0
FALN.US,D,20190118,000000,23.106,23.203,23.08,23.136,16288,0
FALN.US,D,20190122,000000,23.196,23.196,23.08,23.083,24660,0
FALN.US,D,20190123,000000,23.176,23.176,23.058,23.069,12049,0
FALN.US,D,20190124,000000,23.141,23.203,23.051,23.158,56858,0
FALN.US,D,20190125,000000,23.253,23.253,23.08,23.08,14384,0
FALN.US,D,20190128,000000,23.149,23.149,23.051,23.094,13344,0
FALN.US,D,20190129,000000,23.116,23.178,23.051,23.117,35625,0
FALN.US,D,20190130,000000,23.223,23.334,23.154,23.26,16096,0
FALN.US,D,20190131,000000,23.385,23.427,23.26,23.406,16759,0
FALN.US,D,20190201,000000,23.412,23.412,23.295,23.305,10019,0
FALN.US,D,20190204,000000,23.305,23.402,23.305,23.339,7905,0
FALN.US,D,20190205,000000,23.431,23.54,23.385,23.487,14155,0
FALN.US,D,20190206,000000,23.515,23.524,23.413,23.455,54364,0
FALN.US,D,20190207,000000,23.395,23.422,23.277,23.412,49004,0
FALN.US,D,20190208,000000,23.404,23.46,23.295,23.44,26001,0
FALN.US,D,20190211,000000,23.394,23.412,23.331,23.412,13223,0
FALN.US,D,20190212,000000,23.489,23.533,23.434,23.533,14893,0
FALN.US,D,20190213,000000,23.558,23.558,23.417,23.524,12345,0
FALN.US,D,20190214,000000,23.533,23.533,23.45,23.506,29228,0
FALN.US,D,20190215,000000,23.498,23.603,23.498,23.585,29020,0
FALN.US,D,20190219,000000,23.69,23.69,23.54,23.566,40658,0
FALN.US,D,20190220,000000,23.621,23.689,23.603,23.689,11341,0
FALN.US,D,20190221,000000,23.671,23.69,23.594,23.67,10791,0
FALN.US,D,20190222,000000,23.656,23.69,23.651,23.68,24886,0
FALN.US,D,20190225,000000,23.794,23.803,23.718,23.742,51575,0
FALN.US,D,20190226,000000,23.775,23.775,23.699,23.742,47910,0
FALN.US,D,20190227,000000,23.794,23.794,23.661,23.785,17344,0
FALN.US,D,20190228,000000,23.813,23.813,23.762,23.78,35154,0
FALN.US,D,20190301,000000,23.87,23.87,23.803,23.818,27295,0
FALN.US,D,20190304,000000,23.85,23.85,23.74,23.818,7722,0
FALN.US,D,20190305,000000,23.75,23.85,23.75,23.766,17515,0
FALN.US,D,20190306,000000,23.84,23.84,23.711,23.763,14325,0
FALN.US,D,20190307,000000,23.813,23.813,23.705,23.75,38099,0
FALN.US,D,20190308,000000,23.66,23.734,23.599,23.734,11885,0
FALN.US,D,20190311,000000,23.701,23.803,23.701,23.803,11311,0
FALN.US,D,20190312,000000,23.785,23.85,23.68,23.85,16443,0
FALN.US,D,20190313,000000,23.777,23.916,23.766,23.88,11033,0
FALN.US,D,20190314,000000,23.808,23.88,23.808,23.875,13594,0
FALN.US,D,20190315,000000,23.96,23.96,23.85,23.916,12735,0
FALN.US,D,20190318,000000,23.978,23.978,23.86,23.933,21207,0
FALN.US,D,20190319,000000,23.943,23.987,23.909,23.909,23867,0
FALN.US,D,20190320,000000,23.85,24.108,23.85,24.033,18091,0
FALN.US,D,20190321,000000,23.997,24.044,23.943,24.035,23751,0
FALN.US,D,20190322,000000,23.952,24.025,23.943,23.952,13180,0
FALN.US,D,20190325,000000,23.978,24.005,23.916,23.96,11301,0
FALN.US,D,20190326,000000,24.053,24.09,23.987,24.007,11148,0
FALN.US,D,20190327,000000,23.969,24.082,23.969,24.025,23030,0
FALN.US,D,20190328,000000,24.053,24.143,23.987,24.057,102203,0
FALN.US,D,20190329,000000,24.125,24.125,24.04,24.105,25345,0
FALN.US,D,20190401,000000,24.18,24.18,24.078,24.125,28263,0
FALN.US,D,20190402,000000,24.125,24.152,24.077,24.117,53542,0
FALN.US,D,20190403,000000,24.208,24.208,24.134,24.17,26360,0
FALN.US,D,20190404,000000,24.236,24.236,24.1,24.18,30954,0
FALN.US,D,20190405,000000,24.255,24.255,24.161,24.241,42568,0
FALN.US,D,20190408,000000,24.264,24.264,24.18,24.236,51546,0
FALN.US,D,20190409,000000,24.152,24.255,24.143,24.208,32896,0
FALN.US,D,20190410,000000,24.254,24.337,24.226,24.337,30098,0
FALN.US,D,20190411,000000,24.337,24.347,24.293,24.32,106636,0
FALN.US,D,20190412,000000,24.393,24.41,24.283,24.393,32054,0
FALN.US,D,20190415,000000,24.384,24.4,24.346,24.4,25750,0
FALN.US,D,20190416,000000,24.429,24.429,24.347,24.397,41695,0
FALN.US,D,20190417,000000,24.448,24.448,24.342,24.375,26896,0
FALN.US,D,20190418,000000,24.448,24.448,24.337,24.41,19631,0
FALN.US,D,20190422,000000,24.41,24.41,24.376,24.393,28796,0
FALN.US,D,20190423,000000,24.42,24.494,24.375,24.475,38556,0
FALN.US,D,20190424,000000,24.438,24.475,24.337,24.438,14210,0
FALN.US,D,20190425,000000,24.429,24.443,24.375,24.429,10355,0
FALN.US,D,20190426,000000,24.494,24.494,24.403,24.475,17073,0
FALN.US,D,20190429,000000,24.475,24.493,24.432,24.461,24706,0
FALN.US,D,20190430,000000,24.567,24.567,24.375,24.462,17514,0
FALN.US,D,20190501,000000,24.466,24.539,24.393,24.393,77546,0
FALN.US,D,20190502,000000,24.42,24.425,24.319,24.42,33295,0
FALN.US,D,20190503,000000,24.475,24.494,24.438,24.438,20254,0
FALN.US,D,20190506,000000,24.429,24.522,24.354,24.522,19470,0
FALN.US,D,20190507,000000,24.466,24.466,24.337,24.374,28004,0
FALN.US,D,20190508,000000,24.328,24.429,24.328,24.429,18023,0
FALN.US,D,20190509,000000,24.356,24.4,24.263,24.346,16031,0
FALN.US,D,20190510,000000,24.292,24.458,24.277,24.458,68254,0
FALN.US,D,20190513,000000,24.292,24.308,24.16,24.235,54910,0
FALN.US,D,20190514,000000,24.282,24.337,24.236,24.282,213801,0
FALN.US,D,20190515,000000,24.179,24.316,24.179,24.254,15203,0
FALN.US,D,20190516,000000,24.375,24.375,24.254,24.356,10333,0
FALN.US,D,20190517,000000,24.328,24.346,24.272,24.309,12767,0
FALN.US,D,20190520,000000,24.375,24.375,24.266,24.328,24574,0
FALN.US,D,20190521,000000,24.35,24.4,24.347,24.393,15999,0
FALN.US,D,20190522,000000,24.365,24.375,24.273,24.375,12419,0
FALN.US,D,20190523,000000,24.187,24.263,24.187,24.254,48339,0
FALN.US,D,20190524,000000,24.204,24.225,24.187,24.197,6552,0
FALN.US,D,20190528,000000,24.292,24.292,24.142,24.19,14331,0
FALN.US,D,20190529,000000,24.156,24.156,24.045,24.051,12387,0
FALN.US,D,20190530,000000,24.107,24.169,24.09,24.16,17163,0
FALN.US,D,20190531,000000,24.115,24.115,24.004,24.035,20793,0
FALN.US,D,20190603,000000,24.071,24.071,23.913,23.971,80987,0
FALN.US,D,20190604,000000,23.958,24.18,23.904,24.119,59417,0
FALN.US,D,20190605,000000,24.112,24.133,24.033,24.092,9021,0
FALN.US,D,20190606,000000,24.029,24.18,24.029,24.17,11807,0
FALN.US,D,20190607,000000,24.236,24.301,24.188,24.273,14070,0
FALN.US,D,20190610,000000,24.161,24.283,24.161,24.283,54728,0
FALN.US,D,20190611,000000,24.367,24.367,24.228,24.243,22517,0
FALN.US,D,20190612,000000,24.273,24.32,24.18,24.293,29602,0
FALN.US,D,20190613,000000,24.309,24.377,24.281,24.333,12904,0
FALN.US,D,20190614,000000,24.32,24.358,24.226,24.348,12932,0
FALN.US,D,20190617,000000,24.309,24.348,24.273,24.31,40450,0
FALN.US,D,20190618,000000,24.32,24.412,24.32,24.32,40378,0
FALN.US,D,20190619,000000,24.44,24.598,24.329,24.589,19245,0
FALN.US,D,20190620,000000,24.598,24.691,24.57,24.66,29509,0
FALN.US,D,20190621,000000,24.645,24.645,24.546,24.561,14448,0
FALN.US,D,20190624,000000,24.598,24.645,24.552,24.645,13026,0
FALN.US,D,20190625,000000,24.645,24.645,24.502,24.589,19334,0
FALN.US,D,20190626,000000,24.589,24.616,24.506,24.598,16110,0
FALN.US,D,20190627,000000,24.586,24.709,24.586,24.709,7911,0
FALN.US,D,20190628,000000,24.726,24.726,24.646,24.696,13695,0
FALN.US,D,20190701,000000,24.841,24.841,24.685,24.735,83596,0
FALN.US,D,20190702,000000,24.802,24.841,24.736,24.831,91762,0
FALN.US,D,20190703,000000,24.851,24.916,24.755,24.916,11836,0
FALN.US,D,20190705,000000,24.701,24.812,24.665,24.793,14658,0
FALN.US,D,20190708,000000,24.793,24.802,24.701,24.793,24387,0
FALN.US,D,20190709,000000,24.784,24.793,24.731,24.774,21404,0
FALN.US,D,20190710,000000,24.774,24.851,24.774,24.807,45337,0
FALN.US,D,20190711,000000,24.979,24.979,24.709,24.793,39833,0
FALN.US,D,20190712,000000,24.774,24.86,24.709,24.86,31522,0
FALN.US,D,20190715,000000,24.897,24.897,24.841,24.851,72597,0
FALN.US,D,20190716,000000,24.86,24.86,24.78,24.812,46292,0
FALN.US,D,20190717,000000,24.87,24.888,24.812,24.879,54028,0
FALN.US,D,20190718,000000,24.86,24.897,24.811,24.888,36941,0
FALN.US,D,20190719,000000,24.757,24.879,24.757,24.812,51610,0
FALN.US,D,20190722,000000,24.897,24.906,24.812,24.895,19943,0
FALN.US,D,20190723,000000,24.943,24.97,24.888,24.943,33715,0
FALN.US,D,20190724,000000,24.989,25.007,24.943,24.999,22105,0
FALN.US,D,20190725,000000,24.989,24.989,24.921,24.97,37601,0
FALN.US,D,20190726,000000,24.925,25.064,24.916,25.045,28019,0
FALN.US,D,20190729,000000,25.055,25.055,24.971,25.021,36494,0
FALN.US,D,20190730,000000,24.989,25.037,24.925,25.037,26780,0
FALN.US,D,20190731,000000,25.055,25.083,24.775,24.97,35393,0
FALN.US,D,20190801,000000,25.037,25.138,24.869,24.879,133144,0
FALN.US,D,20190802,000000,24.925,25.037,24.925,24.984,21522,0
FALN.US,D,20190805,000000,24.84,24.84,24.596,24.735,44883,0
FALN.US,D,20190806,000000,24.916,24.921,24.735,24.879,21539,0
FALN.US,D,20190807,000000,24.801,24.813,24.716,24.813,23016,0
FALN.US,D,20190808,000000,24.859,24.943,24.797,24.888,20797,0
FALN.US,D,20190809,000000,24.85,24.859,24.791,24.811,26335,0
FALN.US,D,20190812,000000,24.783,24.83,24.685,24.744,34642,0
FALN.US,D,20190813,000000,24.783,24.896,24.754,24.825,26229,0
FALN.US,D,20190814,000000,24.821,24.821,24.503,24.624,76515,0
FALN.US,D,20190815,000000,24.605,24.7,24.596,24.663,36726,0
FALN.US,D,20190816,000000,24.673,24.801,24.673,24.754,31052,0
FALN.US,D,20190819,000000,24.897,24.897,24.827,24.888,45880,0
FALN.US,D,20190820,000000,24.869,24.869,24.764,24.859,20963,0
FALN.US,D,20190821,000000,24.97,24.989,24.891,24.934,37946,0
FALN.US,D,20190822,000000,25.007,25.017,24.878,24.925,44092,0
FALN.US,D,20190823,000000,24.859,25.017,24.754,24.85,40428,0
FALN.US,D,20190826,000000,24.989,25.017,24.859,25.017,176235,0
FALN.US,D,20190827,000000,25.017,25.055,24.906,24.989,33547,0
FALN.US,D,20190828,000000,25.037,25.11,24.947,25.101,24390,0
FALN.US,D,20190829,000000,25.206,25.206,25.073,25.119,31909,0
FALN.US,D,20190830,000000,25.196,25.196,25.027,25.11,24904,0
FALN.US,D,20190903,000000,25.138,25.138,24.979,25.074,119095,0
FALN.US,D,20190904,000000,25.037,25.138,24.998,25.064,46560,0
FALN.US,D,20190905,000000,25.216,25.235,25.093,25.216,43086,0
FALN.US,D,20190906,000000,25.138,25.3,25.138,25.187,46450,0
FALN.US,D,20190909,000000,25.171,25.263,25.148,25.263,55042,0
FALN.US,D,20190910,000000,25.254,25.254,25.138,25.157,58043,0
FALN.US,D,20190911,000000,25.148,25.3,25.148,25.254,183753,0
FALN.US,D,20190912,000000,25.327,25.365,25.254,25.254,48355,0
FALN.US,D,20190913,000000,25.327,25.327,25.202,25.281,53123,0
FALN.US,D,20190916,000000,25.365,25.413,25.31,25.384,172519,0
FALN.US,D,20190917,000000,25.404,25.423,25.323,25.404,26542,0
FALN.US,D,20190918,000000,25.432,25.432,25.255,25.394,62062,0
FALN.US,D,20190919,000000,25.394,25.413,25.3,25.317,87085,0
FALN.US,D,20190920,000000,25.404,25.413,25.331,25.356,99424,0
FALN.US,D,20190923,000000,25.356,25.413,25.327,25.365,56480,0
FALN.US,D,20190924,000000,25.382,25.423,25.272,25.317,59457,0
FALN.US,D,20190925,000000,25.346,25.346,25.248,25.337,54685,0
FALN.US,D,20190926,000000,25.264,25.281,25.225,25.254,43354,0
FALN.US,D,20190927,000000,25.3,25.3,25.129,25.177,78376,0
FALN.US,D,20190930,000000,25.225,25.225,25.129,25.196,50972,0
FALN.US,D,20191001,000000,25.235,25.25,25.13,25.167,240077,0
FALN.US,D,20191002,000000,25.177,25.177,24.987,25.006,74471,0
FALN.US,D,20191003,000000,25.044,25.044,24.941,24.949,47264,0
FALN.US,D,20191004,000000,24.941,25.026,24.941,25.002,40286,0
FALN.US,D,20191007,000000,25.011,25.036,24.941,24.987,48434,0
FALN.US,D,20191008,000000,24.923,24.968,24.856,24.904,68116,0
FALN.US,D,20191009,000000,24.968,24.968,24.914,24.968,17879,0
FALN.US,D,20191010,000000,25.016,25.025,24.959,24.997,52749,0
FALN.US,D,20191011,000000,24.978,25.138,24.978,25.101,31156,0
FALN.US,D,20191014,000000,25.16,25.235,25.13,25.187,20365,0
FALN.US,D,20191015,000000,25.167,25.167,25.129,25.167,37177,0
FALN.US,D,20191016,000000,25.187,25.235,25.11,25.225,25538,0
FALN.US,D,20191017,000000,25.225,25.225,25.11,25.216,34157,0
FALN.US,D,20191018,000000,25.254,25.254,25.148,25.182,80655,0
FALN.US,D,20191021,000000,25.263,25.263,25.167,25.187,52623,0
FALN.US,D,20191022,000000,25.245,25.245,25.167,25.177,26378,0
FALN.US,D,20191023,000000,25.245,25.254,25.196,25.211,44274,0
FALN.US,D,20191024,000000,25.206,25.291,25.196,25.254,39617,0
FALN.US,D,20191025,000000,25.281,25.338,25.235,25.318,75976,0
FALN.US,D,20191028,000000,25.318,25.328,25.228,25.27,55979,0
FALN.US,D,20191029,000000,25.309,25.309,25.225,25.281,41562,0
FALN.US,D,20191030,000000,25.328,25.338,25.187,25.286,161007,0
FALN.US,D,20191031,000000,25.263,25.357,25.167,25.211,66821,0
FALN.US,D,20191101,000000,25.31,25.319,25.196,25.268,59474,0
FALN.US,D,20191104,000000,25.272,25.339,25.263,25.297,25319,0
FALN.US,D,20191105,000000,25.339,25.339,25.206,25.3,73563,0
FALN.US,D,20191106,000000,25.216,25.319,25.206,25.319,57366,0
FALN.US,D,20191107,000000,25.235,25.323,25.235,25.281,42825,0
FALN.US,D,20191108,000000,25.406,25.406,25.207,25.329,64943,0
FALN.US,D,20191111,000000,25.281,25.329,25.228,25.254,98152,0
FALN.US,D,20191112,000000,25.225,25.315,25.225,25.281,28789,0
FALN.US,D,20191113,000000,25.319,25.319,25.245,25.31,18387,0
FALN.US,D,20191114,000000,25.263,25.31,25.263,25.272,19996,0
FALN.US,D,20191115,000000,25.339,25.339,25.319,25.329,15843,0
FALN.US,D,20191118,000000,25.329,25.339,25.257,25.269,20937,0
FALN.US,D,20191119,000000,25.291,25.319,25.235,25.272,38754,0
FALN.US,D,20191120,000000,25.245,25.245,25.167,25.177,56914,0
FALN.US,D,20191121,000000,25.281,25.281,25.12,25.216,29533,0
FALN.US,D,20191122,000000,25.263,25.263,25.187,25.235,31652,0
FALN.US,D,20191125,000000,25.187,25.31,25.187,25.285,61014,0
FALN.US,D,20191126,000000,25.339,25.339,25.291,25.31,18171,0
FALN.US,D,20191127,000000,25.245,25.366,25.245,25.339,37848,0
FALN.US,D,20191129,000000,25.291,25.36,25.291,25.295,22432,0
FALN.US,D,20191202,000000,25.366,25.366,25.205,25.292,57642,0
FALN.US,D,20191203,000000,25.34,25.34,25.233,25.292,41938,0
FALN.US,D,20191204,000000,25.366,25.396,25.296,25.372,33143,0
FALN.US,D,20191205,000000,25.311,25.442,25.311,25.416,88011,0
FALN.US,D,20191206,000000,25.471,25.471,25.366,25.386,95954,0
FALN.US,D,20191209,000000,25.386,25.471,25.386,25.442,43019,0
FALN.US,D,20191210,000000,25.481,25.481,25.386,25.476,27752,0
FALN.US,D,20191211,000000,25.452,25.636,25.452,25.606,83786,0
FALN.US,D,20191212,000000,25.597,25.664,25.529,25.586,53573,0
FALN.US,D,20191213,000000,25.7,25.749,25.587,25.73,31796,0
FALN.US,D,20191216,000000,25.796,25.796,25.72,25.72,98344,0
FALN.US,D,20191217,000000,25.739,25.879,25.734,25.85,46222,0
FALN.US,D,20191218,000000,25.949,25.949,25.845,25.939,59833,0
FALN.US,D,20191219,000000,26.076,26.076,25.902,25.916,35896,0
FALN.US,D,20191220,000000,25.921,26.046,25.911,25.916,33685,0
FALN.US,D,20191223,000000,25.978,25.978,25.875,25.898,55937,0
FALN.US,D,20191224,000000,25.978,25.978,25.826,25.884,10637,0
FALN.US,D,20191226,000000,26.094,26.094,25.968,25.978,20201,0
FALN.US,D,20191227,000000,26.046,26.046,25.94,25.958,25355,0
FALN.US,D,20191230,000000,26.036,26.056,25.902,25.997,86237,0
FALN.US,D,20191231,000000,25.911,26.026,25.903,25.968,25858,0
FALN.US,D,20200102,000000,26.007,26.084,26.007,26.043,39842,0
FALN.US,D,20200103,000000,26.036,26.161,26.036,26.113,63590,0
FALN.US,D,20200106,000000,26.122,26.142,26.046,26.121,556489,0
FALN.US,D,20200107,000000,26.161,26.161,26.041,26.108,38626,0
FALN.US,D,20200108,000000,26.142,26.179,26.08,26.151,112816,0
FALN.US,D,20200109,000000,26.161,26.218,26.094,26.211,40182,0
FALN.US,D,20200110,000000,26.294,26.294,26.179,26.238,179913,0
FALN.US,D,20200113,000000,26.276,26.285,26.198,26.22,127490,0
FALN.US,D,20200114,000000,26.208,26.248,26.208,26.243,98234,0
FALN.US,D,20200115,000000,26.248,26.285,26.228,26.285,256341,0
FALN.US,D,20200116,000000,26.267,26.304,26.258,26.29,30914,0
FALN.US,D,20200117,000000,26.248,26.314,26.248,26.314,79520,0
FALN.US,D,20200121,000000,26.381,26.381,26.294,26.314,80539,0
FALN.US,D,20200122,000000,26.398,26.398,26.276,26.299,53631,0
FALN.US,D,20200123,000000,26.352,26.352,26.208,26.262,61260,0
FALN.US,D,20200124,000000,26.267,26.285,26.188,26.208,59599,0
FALN.US,D,20200127,000000,25.902,26.084,25.874,26.007,119566,0
FALN.US,D,20200128,000000,26.208,26.208,26.046,26.203,167914,0
FALN.US,D,20200129,000000,26.188,26.294,26.162,26.198,59018,0
FALN.US,D,20200130,000000,26.056,26.314,26.056,26.314,83972,0
FALN.US,D,20200131,000000,26.258,26.258,26.066,26.179,72229,0
FALN.US,D,20200203,000000,26.268,26.268,26.126,26.181,54837,0
FALN.US,D,20200204,000000,26.277,26.287,26.181,26.273,169954,0
FALN.US,D,20200205,000000,26.326,26.421,26.296,26.388,41616,0
FALN.US,D,20200206,000000,26.384,26.44,26.355,26.365,42587,0
FALN.US,D,20200207,000000,26.431,26.431,26.374,26.375,55092,0
FALN.US,D,20200210,000000,26.392,26.438,26.365,26.416,103689,0
FALN.US,D,20200211,000000,26.46,26.588,26.45,26.538,67343,0
FALN.US,D,20200212,000000,26.604,26.614,26.528,26.583,49799,0
FALN.US,D,20200213,000000,26.596,26.662,26.548,26.596,100046,0
FALN.US,D,20200214,000000,26.653,26.671,26.596,26.604,45228,0
FALN.US,D,20200218,000000,26.518,26.588,26.479,26.568,52864,0
FALN.US,D,20200219,000000,26.558,26.599,26.538,26.538,62548,0
FALN.US,D,20200220,000000,26.528,26.624,26.45,26.578,49031,0
FALN.US,D,20200221,000000,26.604,26.604,26.507,26.548,79667,0
FALN.US,D,20200224,000000,26.326,26.345,26.2,26.21,93371,0
FALN.US,D,20200225,000000,26.287,26.348,25.922,25.96,117455,0
FALN.US,D,20200226,000000,25.96,26.153,25.932,25.998,79268,0
FALN.US,D,20200227,000000,25.806,26.067,25.585,25.682,85131,0
FALN.US,D,20200228,000000,25.056,25.865,24.969,25.759,183977,0
FALN.US,D,20200302,000000,25.682,25.942,25.584,25.894,202394,0
FALN.US,D,20200303,000000,26.009,26.279,25.796,25.909,94347,0
FALN.US,D,20200304,000000,26.097,26.279,26.097,26.202,102761,0
FALN.US,D,20200305,000000,26.068,26.068,25.845,25.894,37538,0
FALN.US,D,20200306,000000,25.362,25.705,25.362,25.681,53290,0
FALN.US,D,20200309,000000,23.884,25.073,23.459,23.855,213493,0
FALN.US,D,20200310,000000,24.521,24.54,23.865,24.451,238354,0
FALN.US,D,20200311,000000,23.922,24.124,23.439,23.595,64867,0
FALN.US,D,20200312,000000,22.55,23.092,20.532,21.883,426151,0
FALN.US,D,20200313,000000,22.821,22.821,22.319,22.492,114247,0
FALN.US,D,20200316,000000,21.14,22.434,20.754,21.906,221697,0
FALN.US,D,20200317,000000,21.661,22.077,20.432,21.372,127905,0
FALN.US,D,20200318,000000,20.696,21.014,19.131,19.73,178419,0
FALN.US,D,20200319,000000,19.42,20.009,19.265,19.27,158003,0
FALN.US,D,20200320,000000,19.023,19.671,18.811,18.83,141327,0
FALN.US,D,20200323,000000,19.16,19.855,18.861,18.97,179072,0
FALN.US,D,20200324,000000,19.256,20.078,18.995,19.876,205220,0
FALN.US,D,20200325,000000,19.893,20.964,19.893,20.281,71108,0
FALN.US,D,20200326,000000,20.222,21.469,20.222,21.362,160450,0
FALN.US,D,20200327,000000,21.236,21.718,20.937,21.353,197917,0
FALN.US,D,20200330,000000,21.622,21.825,21.391,21.711,89046,0
FALN.US,D,20200331,000000,21.75,21.854,21.469,21.681,80357,0
FALN.US,D,20200401,000000,21.174,21.468,21.174,21.322,110263,0
FALN.US,D,20200402,000000,21.089,21.865,21.089,21.632,30865,0
FALN.US,D,20200403,000000,21.789,22.011,21.001,21.516,84950,0
FALN.US,D,20200406,000000,21.711,21.983,21.526,21.793,144288,0
FALN.US,D,20200407,000000,22.021,22.527,22.002,22.1,152356,0
FALN.US,D,20200408,000000,22.099,22.624,22.099,22.574,132090,0
FALN.US,D,20200409,000000,23.616,24.547,23.323,23.925,242595,0
FALN.US,D,20200413,000000,24.119,24.119,23.227,24.073,132282,0
FALN.US,D,20200414,000000,24.296,24.711,23.819,24.237,145574,0
FALN.US,D,20200415,000000,23.694,23.896,23.665,23.829,36190,0
FALN.US,D,20200416,000000,23.965,23.965,23.694,23.858,43759,0
FALN.US,D,20200417,000000,23.945,24.082,23.846,24.034,88071,0
FALN.US,D,20200420,000000,23.769,23.799,23.439,23.496,39273,0
FALN.US,D,20200421,000000,23.257,23.265,22.555,23.128,126571,0
FALN.US,D,20200422,000000,23.498,23.498,23.247,23.342,33279,0
FALN.US,D,20200423,000000,23.526,23.673,23.362,23.586,48486,0
FALN.US,D,20200424,000000,23.655,23.655,23.303,23.526,33367,0
FALN.US,D,20200427,000000,23.498,23.576,23.364,23.435,92818,0
FALN.US,D,20200428,000000,23.498,23.576,23.332,23.531,49483,0
FALN.US,D,20200429,000000,23.674,23.945,23.674,23.945,59697,0
FALN.US,D,20200430,000000,23.887,24.237,23.887,24.227,38878,0
FALN.US,D,20200501,000000,23.878,23.945,23.672,23.707,25868,0
FALN.US,D,20200504,000000,23.536,23.694,23.536,23.665,53269,0
FALN.US,D,20200505,000000,23.731,23.984,23.731,23.935,222789,0
FALN.US,D,20200506,000000,24.024,24.091,23.809,23.858,88429,0
FALN.US,D,20200507,000000,23.878,24.024,23.878,23.96,77157,0
FALN.US,D,20200508,000000,24.004,24.138,23.975,24.133,732316,0
FALN.US,D,20200511,000000,24.034,24.119,23.915,23.989,30993,0
FALN.US,D,20200512,000000,24.198,24.247,23.997,24.014,71957,0
FALN.US,D,20200513,000000,24.082,24.082,23.819,23.915,78631,0
FALN.US,D,20200514,000000,23.799,23.878,23.597,23.842,56778,0
FALN.US,D,20200515,000000,23.645,24.373,23.645,23.858,94668,0
FALN.US,D,20200518,000000,24.208,24.296,24.101,24.226,54576,0
FALN.US,D,20200519,000000,24.237,24.353,24.202,24.305,48989,0
FALN.US,D,20200520,000000,24.422,24.616,24.373,24.606,45617,0
FALN.US,D,20200521,000000,24.49,24.731,24.49,24.57,80604,0
FALN.US,D,20200522,000000,24.49,24.636,24.462,24.596,73413,0
FALN.US,D,20200526,000000,24.89,25.053,24.75,24.927,61123,0
FALN.US,D,20200527,000000,25.159,25.159,24.975,25.03,69120,0
FALN.US,D,20200528,000000,25.102,25.198,25.043,25.078,67453,0
FALN.US,D,20200529,000000,25.073,25.15,25.037,25.145,48121,0
FALN.US,D,20200601,000000,25.13,25.178,25.061,25.163,47251,0
FALN.US,D,20200602,000000,25.393,25.461,25.277,25.461,50991,0
FALN.US,D,20200603,000000,25.55,25.778,25.54,25.73,91765,0
FALN.US,D,20200604,000000,25.725,25.745,25.572,25.735,48554,0
FALN.US,D,20200605,000000,26.086,26.34,25.96,26.096,85580,0
FALN.US,D,20200608,000000,26.184,26.243,26.106,26.243,93870,0
FALN.US,D,20200609,000000,25.94,26.008,25.872,25.91,57742,0
FALN.US,D,20200610,000000,25.95,26.067,25.725,25.93,185346,0
FALN.US,D,20200611,000000,25.578,25.578,25.158,25.306,33869,0
FALN.US,D,20200612,000000,25.95,26.008,25.331,25.578,152378,0
FALN.US,D,20200615,000000,25.345,25.902,25.306,25.818,38437,0
FALN.US,D,20200616,000000,26.223,26.223,25.892,25.998,39382,0
FALN.US,D,20200617,000000,26.037,26.057,25.891,25.979,98167,0
FALN.US,D,20200618,000000,25.872,25.988,25.764,25.892,39187,0
FALN.US,D,20200619,000000,26.057,26.057,25.862,25.94,78193,0
FALN.US,D,20200622,000000,25.998,26.004,25.882,25.942,51787,0
FALN.US,D,20200623,000000,26.057,26.086,25.94,26.014,61287,0
FALN.US,D,20200624,000000,25.969,25.969,25.588,25.755,46511,0
FALN.US,D,20200625,000000,25.725,25.813,25.53,25.813,102357,0
FALN.US,D,20200626,000000,25.668,25.668,25.431,25.49,43327,0
FALN.US,D,20200629,000000,25.764,25.764,25.306,25.399,108762,0
FALN.US,D,20200630,000000,25.5,25.677,25.403,25.588,30113,0
FALN.US,D,20200701,000000,25.814,25.843,25.717,25.766,76591,0
FALN.US,D,20200702,000000,25.952,25.984,25.765,25.873,28158,0
FALN.US,D,20200706,000000,25.98,26.079,25.952,26.079,64619,0
FALN.US,D,20200707,000000,26.019,26.119,25.831,25.883,57796,0
FALN.US,D,20200708,000000,25.883,26.008,25.765,25.863,63823,0
FALN.US,D,20200709,000000,25.962,25.962,25.756,25.922,65810,0
FALN.US,D,20200710,000000,25.784,26.019,25.746,25.98,66752,0
FALN.US,D,20200713,000000,26.089,26.177,25.804,25.804,72983,0
FALN.US,D,20200714,000000,25.922,26.139,25.853,26,247665,0
FALN.US,D,20200715,000000,26.129,26.335,26,26.315,130851,0
FALN.US,D,20200716,000000,26.335,26.401,26.315,26.392,74326,0
FALN.US,D,20200717,000000,26.392,26.501,26.384,26.501,280875,0
FALN.US,D,20200720,000000,26.511,26.681,26.511,26.629,91838,0
FALN.US,D,20200721,000000,26.736,26.796,26.638,26.716,60258,0
FALN.US,D,20200722,000000,26.687,26.864,26.687,26.854,87514,0
FALN.US,D,20200723,000000,26.864,26.923,26.619,26.737,72166,0
FALN.US,D,20200724,000000,26.796,26.923,26.696,26.903,40305,0
FALN.US,D,20200727,000000,26.923,26.982,26.805,26.973,74645,0
FALN.US,D,20200728,000000,26.963,26.982,26.903,26.913,87053,0
FALN.US,D,20200729,000000,26.973,27.188,26.953,27.1,89162,0
FALN.US,D,20200730,000000,27.08,27.178,27.03,27.105,79549,0
FALN.US,D,20200731,000000,27.178,27.374,27.05,27.364,67431,0
FALN.US,D,20200803,000000,27.297,27.306,27.158,27.237,78202,0
FALN.US,D,20200804,000000,27.178,27.306,27.178,27.294,27702,0
FALN.US,D,20200805,000000,27.365,27.454,27.337,27.431,66102,0
FALN.US,D,20200806,000000,27.444,27.541,27.415,27.488,66629,0
FALN.US,D,20200807,000000,27.573,27.573,27.472,27.563,34951,0
FALN.US,D,20200810,000000,27.563,27.588,27.454,27.553,62524,0
FALN.US,D,20200811,000000,27.464,27.553,27.294,27.336,78981,0
FALN.US,D,20200812,000000,27.444,27.464,27.297,27.395,45108,0
FALN.US,D,20200813,000000,27.326,27.534,27.213,27.237,171772,0
FALN.US,D,20200814,000000,27.168,27.198,27.09,27.145,62341,0
FALN.US,D,20200817,000000,27.148,27.297,27.145,27.297,89066,0
FALN.US,D,20200818,000000,27.336,27.336,27.128,27.188,85984,0
FALN.US,D,20200819,000000,27.297,27.336,27.208,27.208,58905,0
FALN.US,D,20200820,000000,27.188,27.454,27.158,27.405,201476,0
FALN.US,D,20200821,000000,27.385,27.385,27.257,27.297,58703,0
FALN.US,D,20200824,000000,27.306,27.543,27.247,27.543,78774,0
FALN.US,D,20200825,000000,27.593,27.602,27.504,27.553,65949,0
FALN.US,D,20200826,000000,27.602,27.602,27.543,27.543,66217,0
FALN.US,D,20200827,000000,27.602,27.602,27.42,27.534,129260,0
FALN.US,D,20200828,000000,27.583,27.593,27.464,27.504,161379,0
FALN.US,D,20200831,000000,27.405,27.514,27.395,27.454,61833,0
FALN.US,D,20200901,000000,27.316,27.454,27.271,27.454,59860,0
FALN.US,D,20200902,000000,27.524,27.583,27.354,27.558,73177,0
FALN.US,D,20200903,000000,27.504,27.504,27.272,27.413,143205,0
FALN.US,D,20200904,000000,27.425,27.514,27.118,27.356,54789,0
FALN.US,D,20200908,000000,27.178,27.326,27.128,27.168,74616,0
FALN.US,D,20200909,000000,27.267,27.346,27.191,27.316,89421,0
FALN.US,D,20200910,000000,27.365,27.365,27.118,27.168,74516,0
FALN.US,D,20200911,000000,27.218,27.356,27.095,27.208,85639,0
FALN.US,D,20200914,000000,27.267,27.326,27.02,27.08,116957,0
FALN.US,D,20200915,000000,27.158,27.218,27.128,27.168,47017,0
FALN.US,D,20200916,000000,27.128,27.356,27.11,27.198,122111,0
FALN.US,D,20200917,000000,27.188,27.484,27.158,27.247,162681,0
FALN.US,D,20200918,000000,27.316,27.346,27.1,27.198,74982,0
FALN.US,D,20200921,000000,27.1,27.1,26.912,26.979,102005,0
FALN.US,D,20200922,000000,27.04,27.08,26.917,27.06,93721,0
FALN.US,D,20200923,000000,27.07,27.07,26.717,26.778,70442,0
FALN.US,D,20200924,000000,26.627,26.789,26.538,26.684,106215,0
FALN.US,D,20200925,000000,26.665,26.744,26.568,26.668,112583,0
FALN.US,D,20200928,000000,26.784,26.882,26.704,26.779,112376,0
FALN.US,D,20200929,000000,26.823,26.823,26.724,26.794,136965,0
FALN.US,D,20200930,000000,26.873,26.912,26.794,26.912,153502,0
FALN.US,D,20201001,000000,27.021,27.091,26.932,27.013,1011753,0
FALN.US,D,20201002,000000,26.952,27.061,26.931,27.051,116230,0
FALN.US,D,20201005,000000,27.001,27.219,26.991,27.154,81196,0
FALN.US,D,20201006,000000,27.279,27.279,27.169,27.174,77753,0
FALN.US,D,20201007,000000,27.308,27.318,27.219,27.289,317788,0
FALN.US,D,20201008,000000,27.367,27.397,27.269,27.397,206180,0
FALN.US,D,20201009,000000,27.407,27.437,27.377,27.427,156311,0
FALN.US,D,20201012,000000,27.507,27.586,27.392,27.572,130713,0
FALN.US,D,20201013,000000,27.605,27.605,27.452,27.507,118987,0
FALN.US,D,20201014,000000,27.477,27.487,27.338,27.372,80921,0
FALN.US,D,20201015,000000,27.129,27.328,27.111,27.299,52821,0
FALN.US,D,20201016,000000,27.437,27.447,27.249,27.308,121049,0
FALN.US,D,20201019,000000,27.269,27.323,27.031,27.199,106327,0
FALN.US,D,20201020,000000,27.189,27.377,27.189,27.318,68581,0
FALN.US,D,20201021,000000,27.318,27.397,27.219,27.308,109197,0
FALN.US,D,20201022,000000,27.318,27.427,27.209,27.396,49853,0
FALN.US,D,20201023,000000,27.427,27.527,27.422,27.487,93389,0
FALN.US,D,20201026,000000,27.477,27.477,27.305,27.387,83296,0
FALN.US,D,20201027,000000,27.318,27.437,27.318,27.407,79034,0
FALN.US,D,20201028,000000,27.239,27.239,27.031,27.129,133856,0
FALN.US,D,20201029,000000,27.119,27.189,26.935,27.081,102176,0
FALN.US,D,20201030,000000,27.169,27.279,27.051,27.259,136810,0
FALN.US,D,20201102,000000,27.209,27.209,26.996,27.179,476689,0
FALN.US,D,20201103,000000,27.129,27.318,27.129,27.308,126803,0
FALN.US,D,20201104,000000,27.377,27.674,27.377,27.605,46563,0
FALN.US,D,20201105,000000,27.674,28.22,27.654,27.784,186884,0
FALN.US,D,20201106,000000,27.734,27.739,27.625,27.734,279394,0
FALN.US,D,20201109,000000,28.19,28.338,27.923,27.923,148461,0
FALN.US,D,20201110,000000,27.903,27.981,27.883,27.981,49274,0
FALN.US,D,20201111,000000,28.09,28.09,27.893,27.923,151974,0
FALN.US,D,20201112,000000,27.991,27.991,27.794,27.843,80036,0
FALN.US,D,20201113,000000,27.863,27.913,27.844,27.903,90680,0
FALN.US,D,20201116,000000,28.051,28.13,28.001,28.13,508881,0
FALN.US,D,20201117,000000,28.19,28.19,28.047,28.16,96830,0
FALN.US,D,20201118,000000,28.16,28.19,28.14,28.15,226352,0
FALN.US,D,20201119,000000,28.14,28.328,28.11,28.299,70245,0
FALN.US,D,20201120,000000,28.348,28.348,28.24,28.26,100319,0
FALN.US,D,20201123,000000,28.289,28.368,28.289,28.368,98907,0
FALN.US,D,20201124,000000,28.457,28.477,28.437,28.447,197873,0
FALN.US,D,20201125,000000,28.447,28.537,28.407,28.487,88566,0
FALN.US,D,20201127,000000,28.557,28.586,28.527,28.586,40741,0
FALN.US,D,20201130,000000,28.586,28.586,28.497,28.557,99747,0
FALN.US,D,20201201,000000,28.537,28.553,28.487,28.537,130239,0
FALN.US,D,20201202,000000,28.557,28.665,28.497,28.645,140157,0
FALN.US,D,20201203,000000,28.655,28.745,28.655,28.671,272812,0
FALN.US,D,20201204,000000,28.725,28.823,28.725,28.814,182569,0
FALN.US,D,20201207,000000,28.814,28.893,28.804,28.858,128075,0
FALN.US,D,20201208,000000,28.922,28.952,28.883,28.932,329928,0
FALN.US,D,20201209,000000,28.982,28.982,28.807,28.833,111876,0
FALN.US,D,20201210,000000,28.785,28.962,28.725,28.942,113597,0
FALN.US,D,20201211,000000,28.952,28.952,28.823,28.853,127445,0
FALN.US,D,20201214,000000,28.873,28.922,28.745,28.853,160373,0
FALN.US,D,20201215,000000,28.903,28.992,28.858,28.952,127021,0
FALN.US,D,20201216,000000,28.972,28.972,28.795,28.922,117049,0
FALN.US,D,20201217,000000,29.022,29.022,28.962,28.992,148542,0
FALN.US,D,20201218,000000,28.992,29.022,28.942,28.972,115780,0
FALN.US,D,20201221,000000,28.922,28.922,28.823,28.883,244984,0
FALN.US,D,20201222,000000,28.962,28.972,28.794,28.972,218988,0
FALN.US,D,20201223,000000,28.922,29.072,28.922,29.072,132031,0
FALN.US,D,20201224,000000,29.102,29.172,29.096,29.162,94227,0
FALN.US,D,20201228,000000,29.27,29.27,29.152,29.17,132736,0
FALN.US,D,20201229,000000,29.162,29.237,29.162,29.182,114886,0
FALN.US,D,20201230,000000,29.152,29.232,29.012,29.232,109342,0
FALN.US,D,20201231,000000,29.25,29.268,29.194,29.268,95132,0
FALN.US,D,20210104,000000,29.31,29.31,29.092,29.192,277058,0
FALN.US,D,20210105,000000,29.212,29.25,29.172,29.25,76979,0
FALN.US,D,20210106,000000,29.222,29.26,29.158,29.162,239709,0
FALN.US,D,20210107,000000,29.222,29.32,29.204,29.3,730678,0
FALN.US,D,20210108,000000,29.32,29.32,29.212,29.31,301285,0
FALN.US,D,20210111,000000,29.212,29.222,29.132,29.152,263594,0
FALN.US,D,20210112,000000,29.092,29.212,29.092,29.212,168465,0
FALN.US,D,20210113,000000,29.112,29.35,29.112,29.29,1201858,0
FALN.US,D,20210114,000000,29.29,29.43,29.276,29.36,22241324,0
FALN.US,D,20210115,000000,29.36,29.39,29.285,29.31,7040085,0
FALN.US,D,20210119,000000,29.39,29.43,29.31,29.42,1732627,0
FALN.US,D,20210120,000000,29.48,29.579,29.43,29.53,2758661,0
FALN.US,D,20210121,000000,29.52,29.52,29.39,29.4,1009369,0
FALN.US,D,20210122,000000,29.31,29.33,29.237,29.3,1274516,0
FALN.US,D,20210125,000000,29.34,29.34,29.193,29.33,892700,0
FALN.US,D,20210126,000000,29.32,29.33,29.242,29.28,1762191,0
FALN.US,D,20210127,000000,29.242,29.26,29.122,29.182,1033367,0
FALN.US,D,20210128,000000,29.31,29.34,29.242,29.26,1159051,0
FALN.US,D,20210129,000000,29.26,29.32,29.192,29.212,516560,0
FALN.US,D,20210201,000000,29.222,29.222,29.092,29.162,997684,0
FALN.US,D,20210202,000000,29.242,29.272,29.182,29.27,624132,0
FALN.US,D,20210203,000000,29.3,29.33,29.26,29.27,384691,0
FALN.US,D,20210204,000000,29.35,29.38,29.295,29.35,434436,0
FALN.US,D,20210205,000000,29.46,29.47,29.369,29.4,931492,0
FALN.US,D,20210208,000000,29.45,29.49,29.409,29.49,581397,0
FALN.US,D,20210209,000000,29.44,29.46,29.41,29.43,410350,0
FALN.US,D,20210210,000000,29.445,29.52,29.38,29.45,1555189,0
FALN.US,D,20210211,000000,29.47,29.5,29.442,29.48,550612,0
FALN.US,D,20210212,000000,29.47,29.54,29.44,29.51,420081,0
FALN.US,D,20210216,000000,29.52,29.52,29.41,29.44,863467,0
FALN.US,D,20210217,000000,29.45,29.455,29.4,29.45,1000635,0
FALN.US,D,20210218,000000,29.44,29.45,29.37,29.42,940856,0
FALN.US,D,20210219,000000,29.48,29.48,29.4,29.43,391053,0
FALN.US,D,20210222,000000,29.42,29.43,29.34,29.34,869148,0
FALN.US,D,20210223,000000,29.38,29.42,29.25,29.38,792725,0
FALN.US,D,20210224,000000,29.36,29.43,29.32,29.41,1359991,0
FALN.US,D,20210225,000000,29.29,29.38,29.037,29.082,646387,0
FALN.US,D,20210226,000000,29.152,29.222,29.042,29.092,688699,0
FALN.US,D,20210301,000000,29.112,29.29,29.102,29.26,1524919,0
FALN.US,D,20210302,000000,29.242,29.253,29.172,29.192,372048,0
FALN.US,D,20210303,000000,29.202,29.202,29.062,29.082,318829,0
FALN.US,D,20210304,000000,29.132,29.169,28.863,28.942,312365,0
FALN.US,D,20210305,000000,29.022,29.032,28.868,29.012,1716583,0
FALN.US,D,20210308,000000,28.982,29.012,28.784,28.784,474107,0
FALN.US,D,20210309,000000,28.853,28.952,28.814,28.853,773479,0
FALN.US,D,20210310,000000,28.893,28.942,28.853,28.913,575612,0
FALN.US,D,20210311,000000,29.022,29.052,28.952,29.002,343915,0
FALN.US,D,20210312,000000,28.982,28.982,28.863,28.883,340656,0
FALN.US,D,20210315,000000,28.893,28.922,28.843,28.922,342878,0
FALN.US,D,20210316,000000,28.942,28.942,28.775,28.794,423189,0
FALN.US,D,20210317,000000,28.804,28.932,28.734,28.833,310200,0
FALN.US,D,20210318,000000,28.714,28.723,28.575,28.575,246148,0
FALN.US,D,20210319,000000,28.624,28.664,28.505,28.664,478631,0
FALN.US,D,20210322,000000,28.664,28.794,28.664,28.764,280347,0
FALN.US,D,20210323,000000,28.794,28.903,28.744,28.823,15023368,0
FALN.US,D,20210324,000000,28.843,28.992,28.843,28.893,5625414,0
FALN.US,D,20210325,000000,28.883,28.922,28.794,28.913,975116,0
FALN.US,D,20210326,000000,28.952,29.022,28.877,29.022,943520,0
FALN.US,D,20210329,000000,29.012,29.022,28.932,28.982,1168667,0
FALN.US,D,20210330,000000,28.962,28.982,28.932,28.952,1863137,0
FALN.US,D,20210331,000000,28.952,29.092,28.952,29.082,1020950,0
FALN.US,D,20210401,000000,29.152,29.182,29.092,29.142,997426,0
FALN.US,D,20210405,000000,29.132,29.182,29.112,29.142,846668,0
FALN.US,D,20210406,000000,29.202,29.242,29.162,29.212,950071,0
FALN.US,D,20210407,000000,29.242,29.261,29.192,29.232,815317,0
FALN.US,D,20210408,000000,29.281,29.291,29.232,29.251,624964,0
FALN.US,D,20210409,000000,29.242,29.271,29.212,29.232,510072,0
FALN.US,D,20210412,000000,29.242,29.242,29.182,29.192,437095,0
FALN.US,D,20210413,000000,29.182,29.232,29.142,29.202,2117253,0
FALN.US,D,20210414,000000,29.242,29.301,29.202,29.212,777323,0
FALN.US,D,20210415,000000,29.311,29.371,29.271,29.371,571064,0
FALN.US,D,20210416,000000,29.381,29.381,29.311,29.321,678205,0
FALN.US,D,20210419,000000,29.311,29.331,29.281,29.331,534371,0
FALN.US,D,20210420,000000,29.281,29.321,29.222,29.261,1145074,0
FALN.US,D,20210421,000000,29.251,29.341,29.249,29.331,643566,0
FALN.US,D,20210422,000000,29.341,29.341,29.262,29.321,566721,0
FALN.US,D,20210423,000000,29.291,29.411,29.291,29.371,741283,0
FALN.US,D,20210426,000000,29.411,29.451,29.351,29.351,846975,0
FALN.US,D,20210427,000000,29.391,29.401,29.331,29.331,821889,0
FALN.US,D,20210428,000000,29.371,29.421,29.311,29.381,1751991,0
FALN.US,D,20210429,000000,29.421,29.431,29.361,29.391,569529,0
FALN.US,D,20210430,000000,29.361,29.441,29.361,29.401,658415,0
FALN.US,D,20210503,000000,29.381,29.401,29.34,29.381,621526,0
FALN.US,D,20210504,000000,29.371,29.381,29.311,29.371,690563,0
FALN.US,D,20210505,000000,29.341,29.431,29.341,29.421,596525,0
FALN.US,D,20210506,000000,29.401,29.431,29.381,29.421,749551,0
FALN.US,D,20210507,000000,29.441,29.497,29.439,29.471,531215,0
FALN.US,D,20210510,000000,29.501,29.511,29.412,29.431,452026,0
FALN.US,D,20210511,000000,29.371,29.431,29.331,29.431,791346,0
FALN.US,D,20210512,000000,29.331,29.38,29.271,29.281,373982,0
FALN.US,D,20210513,000000,29.301,29.371,29.272,29.321,548629,0
FALN.US,D,20210514,000000,29.351,29.421,29.346,29.391,371666,0
FALN.US,D,20210517,000000,29.371,29.401,29.321,29.361,428008,0
FALN.US,D,20210518,000000,29.361,29.361,29.291,29.301,349903,0
FALN.US,D,20210519,000000,29.222,29.271,29.187,29.222,337591,0
FALN.US,D,20210520,000000,29.261,29.321,29.232,29.301,423117,0
FALN.US,D,20210521,000000,29.341,29.361,29.261,29.331,317680,0
FALN.US,D,20210524,000000,29.361,29.451,29.339,29.421,394425,0
FALN.US,D,20210525,000000,29.431,29.451,29.401,29.431,2018899,0
FALN.US,D,20210526,000000,29.431,29.451,29.401,29.451,950317,0
FALN.US,D,20210527,000000,29.451,29.483,29.411,29.421,976140,0
FALN.US,D,20210528,000000,29.481,29.486,29.411,29.431,425202,0
FALN.US,D,20210601,000000,29.411,29.411,29.331,29.391,1130421,0
FALN.US,D,20210602,000000,29.401,29.471,29.391,29.471,487754,0
FALN.US,D,20210603,000000,29.381,29.431,29.361,29.391,586842,0
FALN.US,D,20210604,000000,29.431,29.481,29.431,29.481,478410,0
FALN.US,D,20210607,000000,29.471,29.501,29.461,29.491,321836,0
FALN.US,D,20210608,000000,29.561,29.561,29.501,29.511,362733,0
FALN.US,D,20210609,000000,29.581,29.591,29.541,29.551,374768,0
FALN.US,D,20210610,000000,29.561,29.641,29.561,29.621,400215,0
FALN.US,D,20210611,000000,29.671,29.671,29.601,29.631,591905,0
FALN.US,D,20210614,000000,29.651,29.661,29.599,29.621,366508,0
FALN.US,D,20210615,000000,29.611,29.651,29.604,29.631,457074,0
FALN.US,D,20210616,000000,29.651,29.656,29.531,29.591,827429,0
FALN.US,D,20210617,000000,29.601,29.651,29.591,29.611,492226,0
FALN.US,D,20210618,000000,29.581,29.641,29.571,29.631,276368,0
FALN.US,D,20210621,000000,29.636,29.676,29.613,29.671,602292,0
FALN.US,D,20210622,000000,29.661,29.71,29.621,29.7,961423,0
FALN.US,D,20210623,000000,29.72,29.73,29.671,29.71,374122,0
FALN.US,D,20210624,000000,29.74,29.75,29.71,29.74,431611,0
FALN.US,D,20210625,000000,29.75,29.8,29.75,29.77,366079,0
FALN.US,D,20210628,000000,29.81,29.83,29.75,29.8,901290,0
FALN.US,D,20210629,000000,29.86,29.87,29.81,29.84,667068,0
FALN.US,D,20210630,000000,29.88,29.91,29.85,29.89,2178826,0
FALN.US,D,20210701,000000,29.95,29.98,29.93,29.98,525448,0
FALN.US,D,20210702,000000,29.9773,30.07,29.95,30.04,3939230,0
FALN.US,D,20210706,000000,30.05,30.14,30.03,30.12,582413,0
FALN.US,D,20210707,000000,30.16,30.17,30.104,30.16,675763,0
FALN.US,D,20210708,000000,30.13,30.14,30.06,30.12,476244,0
FALN.US,D,20210709,000000,30.14,30.17,29.09,30.15,711412,0
FALN.US,D,20210712,000000,30.15,30.18,30.13,30.16,379016,0
FALN.US,D,20210713,000000,30.16,30.18,30.06,30.08,606805,0
FALN.US,D,20210714,000000,30.11,30.13,30.07,30.13,821112,0
FALN.US,D,20210715,000000,30.1,30.11,30.055,30.1,415046,0
FALN.US,D,20210716,000000,30.1,30.1,30.02,30.03,543738,0
FALN.US,D,20210719,000000,30.02,30.02,29.82,29.91,371751,0
FALN.US,D,20210720,000000,29.89,29.97,29.84,29.95,1142488,0
FALN.US,D,20210721,000000,29.92,30.02,29.92,30.02,415926,0
FALN.US,D,20210722,000000,30.06,30.1,30.01,30.06,306782,0
FALN.US,D,20210723,000000,30.1,30.13,30.06,30.08,8128201,0
FALN.US,D,20210726,000000,30.09,30.15,30.06,30.06,4211529,0
FALN.US,D,20210727,000000,30.07,30.08,30.01,30.06,755428,0
FALN.US,D,20210728,000000,30.08,30.11,30.01,30.09,1059149,0
FALN.US,D,20210729,000000,30.1,30.15,30.0915,30.13,495465,0
FALN.US,D,20210730,000000,30.16,30.16,30.11,30.13,1643907,0
FALN.US,D,20210802,000000,30.13,30.13,29.99,30,787694,0
FALN.US,D,20210803,000000,30.01,30.045,29.96,30.02,1175958,0
FALN.US,D,20210804,000000,30,30,29.93,29.96,963114,0
FALN.US,D,20210805,000000,29.99,30.02,29.96,30.02,531235,0
FALN.US,D,20210806,000000,30.03,30.03,29.965,29.98,381650,0
FALN.US,D,20210809,000000,29.99,29.99,29.93,29.94,657175,0
FALN.US,D,20210810,000000,29.92,29.95,29.83,29.85,720977,0
FALN.US,D,20210811,000000,29.87,29.96,29.8575,29.93,523573,0
FALN.US,D,20210812,000000,29.91,29.97,29.9,29.96,665172,0
FALN.US,D,20210813,000000,30,30,29.94,30,391795,0
FALN.US,D,20210816,000000,29.99,30.02,29.95,30.01,722135,0
FALN.US,D,20210817,000000,29.97,29.97,29.92,29.96,514117,0
FALN.US,D,20210818,000000,29.97,29.987,29.87,29.89,613692,0
FALN.US,D,20210819,000000,29.88,29.94,29.87,29.93,1291571,0
FALN.US,D,20210820,000000,29.94,29.96,29.91,29.95,468088,0
FALN.US,D,20210823,000000,29.99,30.06,29.9801,30.05,571462,0
FALN.US,D,20210824,000000,30.03,30.12,30.03,30.08,1855443,0
FALN.US,D,20210825,000000,30.12,30.14,30.1,30.12,770216,0
FALN.US,D,20210826,000000,30.13,30.13,30.06,30.09,925630,0
FALN.US,D,20210827,000000,30.15,30.21,30.1019,30.19,657826,0
FALN.US,D,20210830,000000,30.2,30.27,30.19,30.26,1685338,0
FALN.US,D,20210831,000000,30.26,30.28,30.2408,30.27,485384,0
FALN.US,D,20210901,000000,30.21,30.27,30.1855,30.23,1098774,0
