<TICKER>,<PER>,<DATE>,<TIME>,<OPEN>,<HIGH>,<LOW>,<CLOSE>,<VOL>,<OPENINT>
FCAL.US,D,20170627,000000,46.144,46.144,46.134,46.134,537,0
FCAL.US,D,20170628,000000,46.125,46.125,46.125,46.125,203,0
FCAL.US,D,20170706,000000,45.91,45.91,45.91,45.91,975,0
FCAL.US,D,20170712,000000,45.999,45.999,45.984,45.984,598,0
FCAL.US,D,20170717,000000,46.184,46.184,46.184,46.184,303,0
FCAL.US,D,20170718,000000,46.204,46.204,46.204,46.204,100,0
FCAL.US,D,20170720,000000,46.357,46.357,46.35,46.35,203,0
FCAL.US,D,20170724,000000,46.461,46.47,46.461,46.47,15917,0
FCAL.US,D,20170728,000000,46.423,46.423,46.423,46.423,536,0
FCAL.US,D,20170731,000000,46.442,46.442,46.433,46.442,2702,0
FCAL.US,D,20170801,000000,46.415,46.425,46.415,46.425,203,0
FCAL.US,D,20170803,000000,46.494,46.501,46.494,46.501,642,0
FCAL.US,D,20170804,000000,46.494,46.569,46.494,46.563,6278,0
FCAL.US,D,20170807,000000,46.666,46.686,46.636,46.636,2242,0
FCAL.US,D,20170808,000000,46.636,46.636,46.636,46.636,1078,0
FCAL.US,D,20170809,000000,46.666,46.681,46.619,46.619,3189,0
FCAL.US,D,20170815,000000,47.157,47.157,47.157,47.157,267,0
FCAL.US,D,20170816,000000,46.837,46.837,46.813,46.837,1195,0
FCAL.US,D,20170817,000000,46.794,46.809,46.744,46.744,1078,0
FCAL.US,D,20170822,000000,46.777,46.777,46.777,46.777,100,0
FCAL.US,D,20170823,000000,46.876,46.876,46.876,46.876,100,0
FCAL.US,D,20170824,000000,46.837,46.857,46.75,46.75,535,0
FCAL.US,D,20170825,000000,46.784,46.817,46.784,46.817,10161,0
FCAL.US,D,20170829,000000,46.857,46.901,46.857,46.885,4429,0
FCAL.US,D,20170831,000000,47.004,47.004,47.004,47.004,150,0
FCAL.US,D,20170901,000000,46.954,46.994,46.954,46.954,1687,0
FCAL.US,D,20170905,000000,47.004,47.044,47.004,47.044,2372,0
FCAL.US,D,20170907,000000,47.112,47.112,47.112,47.112,585,0
FCAL.US,D,20170911,000000,47.192,47.192,47.092,47.092,3132,0
FCAL.US,D,20170912,000000,47.157,47.169,47.157,47.157,681,0
FCAL.US,D,20170913,000000,47.112,47.157,47.014,47.014,6507,0
FCAL.US,D,20170914,000000,47.083,47.092,47.083,47.092,435,0
FCAL.US,D,20170915,000000,47.083,47.083,47.083,47.083,435,0
FCAL.US,D,20170918,000000,47.019,47.088,47.019,47.019,875,0
FCAL.US,D,20170920,000000,47.054,47.063,46.921,46.921,4050,0
FCAL.US,D,20170921,000000,47.044,47.044,47.044,47.044,533,0
FCAL.US,D,20170926,000000,46.995,47.073,46.995,47.023,1019,0
FCAL.US,D,20170927,000000,46.995,47.011,46.885,46.885,4355,0
FCAL.US,D,20170928,000000,46.93,46.93,46.885,46.885,1065,0
FCAL.US,D,20170929,000000,46.901,46.911,46.878,46.901,6525,0
FCAL.US,D,20171004,000000,46.93,46.93,46.93,46.93,334,0
FCAL.US,D,20171005,000000,46.885,46.893,46.876,46.893,1293,0
FCAL.US,D,20171006,000000,46.822,46.822,46.822,46.822,584,0
FCAL.US,D,20171010,000000,46.911,46.911,46.911,46.911,868,0
FCAL.US,D,20171011,000000,46.94,46.94,46.94,46.94,63876,0
FCAL.US,D,20171013,000000,47.024,47.024,46.91,46.91,1852,0
FCAL.US,D,20171016,000000,47.083,47.083,47.027,47.027,434,0
FCAL.US,D,20171017,000000,47.102,47.102,47.102,47.102,1768,0
FCAL.US,D,20171018,000000,47.157,47.157,47.102,47.102,996,0
FCAL.US,D,20171019,000000,47.2,47.2,47.2,47.2,150,0
FCAL.US,D,20171020,000000,47.148,47.148,47.148,47.148,2906,0
FCAL.US,D,20171023,000000,47.2,47.2,47.2,47.2,140,0
FCAL.US,D,20171024,000000,47.157,47.238,47.157,47.183,2145,0
FCAL.US,D,20171026,000000,47.048,47.091,47.048,47.091,394,0
FCAL.US,D,20171027,000000,47.102,47.102,47.054,47.054,623,0
FCAL.US,D,20171030,000000,46.991,47.073,46.991,47.073,2258,0
FCAL.US,D,20171031,000000,47.09,47.09,47.083,47.083,234,0
FCAL.US,D,20171101,000000,47.102,47.102,47.102,47.102,228,0
FCAL.US,D,20171102,000000,47.004,47.014,47.004,47.014,1070,0
FCAL.US,D,20171103,000000,47.329,47.329,47.329,47.329,326,0
FCAL.US,D,20171106,000000,47.274,47.274,47.274,47.274,284,0
FCAL.US,D,20171107,000000,47.247,47.247,47.247,47.247,249,0
FCAL.US,D,20171110,000000,47.329,47.339,47.329,47.329,740,0
FCAL.US,D,20171115,000000,47.274,47.274,47.274,47.274,100,0
FCAL.US,D,20171120,000000,47.48,47.48,47.48,47.48,120,0
FCAL.US,D,20171122,000000,47.309,47.309,47.278,47.278,918,0
FCAL.US,D,20171127,000000,47.199,47.199,47.199,47.199,301,0
FCAL.US,D,20171128,000000,47.238,47.238,47.238,47.238,195,0
FCAL.US,D,20171129,000000,47.013,47.173,47.013,47.173,1237,0
FCAL.US,D,20171201,000000,47.52,47.52,47.246,47.294,1504,0
FCAL.US,D,20171204,000000,47.385,47.385,47.339,47.385,2101,0
FCAL.US,D,20171205,000000,47.75,47.75,47.481,47.569,1129,0
FCAL.US,D,20171206,000000,47.72,47.73,47.72,47.73,863,0
FCAL.US,D,20171207,000000,47.945,47.945,47.931,47.931,1291,0
FCAL.US,D,20171208,000000,48.187,48.187,47.569,47.569,1667,0
FCAL.US,D,20171211,000000,47.507,47.507,47.507,47.507,394,0
FCAL.US,D,20171213,000000,47.491,47.491,47.32,47.433,8473,0
FCAL.US,D,20171215,000000,47.702,47.72,47.649,47.72,926,0
FCAL.US,D,20171218,000000,47.693,47.693,47.648,47.648,1068,0
FCAL.US,D,20171219,000000,47.481,47.481,47.481,47.481,1068,0
FCAL.US,D,20171221,000000,47.315,47.523,47.298,47.523,1421,0
FCAL.US,D,20171222,000000,47.698,47.754,47.604,47.65,2211,0
FCAL.US,D,20171228,000000,47.925,47.925,47.925,47.925,189,0
FCAL.US,D,20171229,000000,47.565,48.061,47.565,48.061,3054,0
FCAL.US,D,20180102,000000,47.725,47.725,47.725,47.725,141,0
FCAL.US,D,20180103,000000,47.787,47.98,47.787,47.98,717,0
FCAL.US,D,20180104,000000,47.986,47.995,47.986,47.986,2894,0
FCAL.US,D,20180105,000000,47.65,47.829,47.65,47.801,2631,0
FCAL.US,D,20180108,000000,47.764,47.764,47.764,47.764,100,0
FCAL.US,D,20180109,000000,48.077,48.077,47.486,47.486,2398,0
FCAL.US,D,20180110,000000,47.523,48.087,47.354,47.574,6094,0
FCAL.US,D,20180111,000000,47.438,47.446,47.324,47.446,3198,0
FCAL.US,D,20180116,000000,47.468,47.468,47.468,47.468,523,0
FCAL.US,D,20180118,000000,47.486,47.523,47.486,47.501,1688,0
FCAL.US,D,20180119,000000,47.468,47.496,47.368,47.468,934,0
FCAL.US,D,20180122,000000,47.458,47.458,47.383,47.448,612,0
FCAL.US,D,20180123,000000,47.453,47.463,47.357,47.463,1047,0
FCAL.US,D,20180124,000000,47.453,47.463,47.356,47.356,1950,0
FCAL.US,D,20180125,000000,47.374,47.374,47.366,47.366,445,0
FCAL.US,D,20180126,000000,47.329,47.372,47.329,47.372,331,0
FCAL.US,D,20180129,000000,47.274,47.274,47.15,47.15,417,0
FCAL.US,D,20180130,000000,47.199,47.199,47.171,47.199,903,0
FCAL.US,D,20180131,000000,47.089,47.097,47.089,47.097,531,0
FCAL.US,D,20180201,000000,47.08,47.08,46.998,47.08,677,0
FCAL.US,D,20180206,000000,46.974,46.974,46.974,46.974,1054,0
FCAL.US,D,20180207,000000,47.051,47.099,47.051,47.099,240,0
FCAL.US,D,20180208,000000,46.778,46.778,46.778,46.778,256,0
FCAL.US,D,20180212,000000,47.08,47.08,47.08,47.08,2165,0
FCAL.US,D,20180214,000000,46.893,46.893,46.893,46.893,312,0
FCAL.US,D,20180215,000000,46.716,46.716,46.716,46.716,204,0
FCAL.US,D,20180220,000000,45.686,46.936,45.686,46.639,2021,0
FCAL.US,D,20180221,000000,46.529,46.703,46.529,46.684,4534,0
FCAL.US,D,20180226,000000,46.821,48.603,46.821,46.867,3887,0
FCAL.US,D,20180227,000000,46.821,46.821,46.664,46.664,436,0
FCAL.US,D,20180228,000000,46.802,46.834,46.741,46.741,8132,0
FCAL.US,D,20180301,000000,46.867,46.867,46.867,46.867,235,0
FCAL.US,D,20180302,000000,46.721,46.83,46.713,46.713,1258,0
FCAL.US,D,20180307,000000,46.877,46.942,46.848,46.932,4455,0
FCAL.US,D,20180308,000000,46.942,47.056,46.848,46.903,23721,0
FCAL.US,D,20180309,000000,46.802,46.802,46.748,46.761,769,0
FCAL.US,D,20180312,000000,46.795,46.932,46.795,46.903,2402,0
FCAL.US,D,20180313,000000,46.802,46.865,46.802,46.824,1059,0
FCAL.US,D,20180314,000000,46.848,46.848,46.802,46.816,1622,0
FCAL.US,D,20180315,000000,46.812,46.812,46.812,46.812,311,0
FCAL.US,D,20180316,000000,46.838,46.848,46.83,46.848,3114,0
FCAL.US,D,20180319,000000,46.932,46.932,46.932,46.932,134,0
FCAL.US,D,20180320,000000,46.895,46.989,46.895,46.971,1168,0
FCAL.US,D,20180321,000000,46.925,47.076,46.925,46.989,7314,0
FCAL.US,D,20180322,000000,46.966,47.09,46.966,47.09,5780,0
FCAL.US,D,20180326,000000,47.032,47.042,47.032,47.032,2182,0
FCAL.US,D,20180327,000000,47.156,47.267,47.147,47.147,1974,0
FCAL.US,D,20180328,000000,47.042,47.042,47.042,47.042,164,0
FCAL.US,D,20180329,000000,47.192,49.754,47.141,47.218,59365,0
FCAL.US,D,20180403,000000,47.369,47.369,47.2,47.205,633,0
FCAL.US,D,20180404,000000,47.262,47.385,47.247,47.247,1185,0
FCAL.US,D,20180405,000000,47.081,47.093,47.071,47.093,1773,0
FCAL.US,D,20180406,000000,47.163,47.184,47.163,47.163,1154,0
FCAL.US,D,20180409,000000,47.076,47.076,47.076,47.076,1605,0
FCAL.US,D,20180410,000000,47.171,47.172,47.049,47.049,6687,0
FCAL.US,D,20180411,000000,47.313,47.328,47.129,47.313,4761,0
FCAL.US,D,20180412,000000,47.196,47.334,47.196,47.334,529,0
FCAL.US,D,20180416,000000,47.313,47.352,47.285,47.285,1095,0
FCAL.US,D,20180417,000000,47.277,47.277,47.277,47.277,1669,0
FCAL.US,D,20180419,000000,46.862,47.052,46.843,47.052,1112,0
FCAL.US,D,20180420,000000,47.056,47.163,47.056,47.163,10085,0
FCAL.US,D,20180423,000000,47.067,47.519,47.067,47.318,2662,0
FCAL.US,D,20180424,000000,47.081,47.081,47.056,47.056,1532,0
FCAL.US,D,20180425,000000,46.887,46.887,46.755,46.764,2332,0
FCAL.US,D,20180427,000000,46.989,47.017,46.897,46.897,1056,0
FCAL.US,D,20180430,000000,47.085,47.095,46.914,46.997,1439,0
FCAL.US,D,20180501,000000,47.04,47.124,47.04,47.047,1541,0
FCAL.US,D,20180502,000000,47.114,47.114,47.114,47.114,175,0
FCAL.US,D,20180503,000000,47.056,47.235,47.007,47.007,909,0
FCAL.US,D,20180504,000000,47.283,47.338,47.283,47.338,351,0
FCAL.US,D,20180507,000000,47.076,47.076,47.076,47.076,327,0
FCAL.US,D,20180509,000000,46.98,47.319,46.98,47.285,1988,0
FCAL.US,D,20180510,000000,47.338,47.357,47.169,47.169,7153,0
FCAL.US,D,20180511,000000,47.385,47.412,47.336,47.336,1056,0
FCAL.US,D,20180516,000000,46.971,46.971,46.971,46.971,287,0
FCAL.US,D,20180517,000000,47.273,47.273,47.273,47.273,139,0
FCAL.US,D,20180518,000000,47.205,47.205,47.105,47.189,1467,0
FCAL.US,D,20180522,000000,47.243,47.243,47.134,47.134,1532,0
FCAL.US,D,20180524,000000,47.263,47.263,47.262,47.263,811,0
FCAL.US,D,20180525,000000,47.263,47.263,47.263,47.263,848,0
FCAL.US,D,20180529,000000,47.52,47.528,47.395,47.403,9199,0
FCAL.US,D,20180530,000000,47.423,47.423,47.358,47.358,342,0
FCAL.US,D,20180531,000000,47.965,47.965,47.501,47.528,1220,0
FCAL.US,D,20180601,000000,47.357,47.433,47.357,47.433,1073,0
FCAL.US,D,20180604,000000,47.418,47.443,47.213,47.213,2436,0
FCAL.US,D,20180605,000000,47.528,47.528,47.528,47.528,231,0
FCAL.US,D,20180606,000000,47.491,47.491,47.375,47.473,713,0
FCAL.US,D,20180608,000000,47.481,47.51,47.385,47.409,1683,0
FCAL.US,D,20180611,000000,47.429,47.52,47.39,47.39,1423,0
FCAL.US,D,20180612,000000,47.263,47.263,47.263,47.263,100,0
FCAL.US,D,20180613,000000,47.309,47.481,47.309,47.319,4969,0
FCAL.US,D,20180614,000000,47.443,47.491,47.443,47.491,405,0
FCAL.US,D,20180615,000000,47.338,47.443,47.179,47.443,1841,0
FCAL.US,D,20180618,000000,47.537,47.537,47.501,47.537,2380,0
FCAL.US,D,20180619,000000,47.528,47.528,47.528,47.528,196,0
FCAL.US,D,20180620,000000,47.493,47.493,47.493,47.493,253,0
FCAL.US,D,20180621,000000,47.282,47.282,47.282,47.282,1053,0
FCAL.US,D,20180622,000000,47.537,47.537,47.443,47.443,1286,0
FCAL.US,D,20180625,000000,47.282,47.282,47.272,47.282,871,0
FCAL.US,D,20180626,000000,47.423,47.486,47.423,47.486,353,0
FCAL.US,D,20180628,000000,47.473,47.523,47.473,47.523,633,0
FCAL.US,D,20180703,000000,47.656,47.656,47.292,47.292,3006,0
FCAL.US,D,20180705,000000,47.611,47.669,47.611,47.669,476,0
FCAL.US,D,20180709,000000,47.754,47.774,47.611,47.754,2843,0
FCAL.US,D,20180710,000000,47.783,47.783,47.781,47.783,1167,0
FCAL.US,D,20180711,000000,47.764,47.85,47.403,47.774,1634,0
FCAL.US,D,20180712,000000,47.754,47.754,47.754,47.754,2543,0
FCAL.US,D,20180713,000000,47.649,47.753,47.621,47.63,22026,0
FCAL.US,D,20180716,000000,47.473,47.659,47.473,47.659,675,0
FCAL.US,D,20180718,000000,47.561,47.611,47.561,47.611,2049,0
FCAL.US,D,20180719,000000,47.735,47.906,47.735,47.735,6010,0
FCAL.US,D,20180720,000000,47.678,47.833,47.63,47.833,2380,0
FCAL.US,D,20180723,000000,47.555,47.571,47.555,47.566,1653,0
FCAL.US,D,20180724,000000,47.821,47.821,47.821,47.821,138,0
FCAL.US,D,20180726,000000,47.63,47.63,47.63,47.63,256,0
FCAL.US,D,20180730,000000,47.782,47.782,47.601,47.611,545,0
FCAL.US,D,20180802,000000,47.51,47.51,47.51,47.51,229,0
FCAL.US,D,20180803,000000,47.374,47.5,47.374,47.5,626,0
FCAL.US,D,20180806,000000,47.47,47.47,47.46,47.46,719,0
FCAL.US,D,20180807,000000,47.444,47.444,47.444,47.444,161,0
FCAL.US,D,20180808,000000,47.448,47.774,47.448,47.774,4724,0
FCAL.US,D,20180809,000000,47.709,47.709,47.709,47.709,111,0
FCAL.US,D,20180810,000000,47.732,47.901,47.725,47.901,2311,0
FCAL.US,D,20180813,000000,47.888,47.888,47.845,47.845,1305,0
FCAL.US,D,20180814,000000,47.916,47.916,47.695,47.707,2541,0
FCAL.US,D,20180815,000000,47.774,47.774,47.659,47.659,1685,0
FCAL.US,D,20180816,000000,47.649,47.774,47.649,47.701,1736,0
FCAL.US,D,20180817,000000,47.798,47.87,47.794,47.86,2892,0
FCAL.US,D,20180820,000000,47.707,47.707,47.707,47.707,977,0
FCAL.US,D,20180821,000000,47.725,47.824,47.698,47.698,3036,0
FCAL.US,D,20180822,000000,47.927,47.927,47.861,47.861,1583,0
FCAL.US,D,20180824,000000,47.888,47.888,47.819,47.862,979,0
FCAL.US,D,20180827,000000,47.793,47.793,47.793,47.793,710,0
FCAL.US,D,20180828,000000,47.745,47.867,47.745,47.867,741,0
FCAL.US,D,20180829,000000,47.868,47.868,47.868,47.868,791,0
FCAL.US,D,20180831,000000,47.887,47.887,47.887,47.887,527,0
FCAL.US,D,20180905,000000,47.745,47.745,47.745,47.745,1685,0
FCAL.US,D,20180906,000000,47.769,47.769,47.769,47.769,200,0
FCAL.US,D,20180907,000000,47.661,47.661,47.591,47.591,1259,0
FCAL.US,D,20180910,000000,47.666,47.666,47.666,47.666,268,0
FCAL.US,D,20180912,000000,47.638,47.638,47.638,47.638,193,0
FCAL.US,D,20180913,000000,47.678,47.678,47.678,47.678,423,0
FCAL.US,D,20180914,000000,47.645,47.645,47.645,47.645,259,0
FCAL.US,D,20180917,000000,47.725,47.725,47.725,47.725,245,0
FCAL.US,D,20180918,000000,47.698,47.698,47.698,47.698,282,0
FCAL.US,D,20180919,000000,47.659,47.659,47.475,47.475,517,0
FCAL.US,D,20180921,000000,47.542,47.542,47.542,47.542,299,0
FCAL.US,D,20180924,000000,47.621,47.621,47.519,47.571,2556,0
FCAL.US,D,20180927,000000,47.47,47.47,47.47,47.47,475,0
FCAL.US,D,20181001,000000,47.64,47.64,47.455,47.455,402,0
FCAL.US,D,20181003,000000,47.621,47.621,47.382,47.408,1137,0
FCAL.US,D,20181004,000000,47.341,47.362,47.239,47.239,1301,0
FCAL.US,D,20181005,000000,47.372,47.372,47.306,47.306,1000,0
FCAL.US,D,20181008,000000,47.355,47.355,47.355,47.355,193,0
FCAL.US,D,20181009,000000,47.173,47.173,47.129,47.161,21651,0
FCAL.US,D,20181010,000000,47.149,47.149,47.05,47.148,2756,0
FCAL.US,D,20181011,000000,47.148,47.185,47.148,47.148,4061,0
FCAL.US,D,20181012,000000,47.21,47.21,47.15,47.15,521,0
FCAL.US,D,20181015,000000,47.15,47.15,46.905,47.105,2485,0
FCAL.US,D,20181016,000000,46.953,47.105,46.953,47.015,3871,0
FCAL.US,D,20181017,000000,47.104,47.104,47.088,47.088,870,0
FCAL.US,D,20181018,000000,46.981,46.981,46.953,46.953,2146,0
FCAL.US,D,20181019,000000,46.944,47,46.944,47,1716,0
FCAL.US,D,20181022,000000,47.239,47.239,46.973,46.973,1991,0
FCAL.US,D,20181023,000000,47.223,47.273,47.221,47.221,426,0
FCAL.US,D,20181025,000000,47.116,47.279,47.116,47.279,3618,0
FCAL.US,D,20181026,000000,47.184,47.184,47.184,47.184,155,0
FCAL.US,D,20181029,000000,47.03,47.346,47.03,47.089,2885,0
FCAL.US,D,20181031,000000,46.934,47.118,46.924,47.015,4221,0
FCAL.US,D,20181102,000000,46.981,46.981,46.977,46.981,1160,0
FCAL.US,D,20181105,000000,46.782,46.974,46.738,46.974,7434,0
FCAL.US,D,20181106,000000,46.818,46.818,46.818,46.818,1647,0
FCAL.US,D,20181107,000000,46.878,46.999,46.783,46.999,1255,0
FCAL.US,D,20181108,000000,46.924,46.934,46.924,46.934,1677,0
FCAL.US,D,20181109,000000,47.03,47.122,47.03,47.122,1093,0
FCAL.US,D,20181112,000000,47.157,47.157,46.858,46.924,591,0
FCAL.US,D,20181113,000000,47.098,47.139,46.994,47.139,4415,0
FCAL.US,D,20181115,000000,47.021,47.021,47.021,47.021,281,0
FCAL.US,D,20181119,000000,47.174,47.29,46.988,47.29,62915,0
FCAL.US,D,20181120,000000,47.313,47.34,47.313,47.34,1161,0
FCAL.US,D,20181121,000000,47.317,47.335,47.175,47.175,3888,0
FCAL.US,D,20181123,000000,47.275,47.397,47.157,47.393,1919,0
FCAL.US,D,20181126,000000,47.383,47.383,47.189,47.27,1100,0
FCAL.US,D,20181127,000000,47.256,47.256,47.256,47.256,1486,0
FCAL.US,D,20181129,000000,47.348,47.406,47.348,47.394,2732,0
FCAL.US,D,20181130,000000,47.279,47.431,47.211,47.431,5739,0
FCAL.US,D,20181203,000000,47.383,47.5,47.193,47.5,7515,0
FCAL.US,D,20181204,000000,47.52,47.52,47.52,47.52,20738,0
FCAL.US,D,20181206,000000,47.538,47.786,47.538,47.538,5708,0
FCAL.US,D,20181207,000000,47.718,47.776,47.647,47.776,9340,0
FCAL.US,D,20181210,000000,47.776,47.824,47.776,47.824,1275,0
FCAL.US,D,20181211,000000,47.558,47.558,47.558,47.558,200,0
FCAL.US,D,20181213,000000,47.633,47.638,47.633,47.635,2517,0
FCAL.US,D,20181214,000000,47.738,47.738,47.738,47.738,100,0
FCAL.US,D,20181217,000000,47.627,47.795,47.627,47.742,3779,0
FCAL.US,D,20181218,000000,47.771,47.771,47.771,47.771,181,0
FCAL.US,D,20181219,000000,47.795,47.882,47.587,47.882,16740,0
FCAL.US,D,20181220,000000,47.891,47.891,47.696,47.696,1491,0
FCAL.US,D,20181221,000000,47.657,48.061,47.657,48.061,967,0
FCAL.US,D,20181226,000000,47.728,48.149,47.728,47.781,1601,0
FCAL.US,D,20181228,000000,48.175,48.198,48.166,48.198,2638,0
FCAL.US,D,20181231,000000,47.895,48.198,47.874,48.169,2789,0
FCAL.US,D,20190102,000000,48.022,48.117,48.022,48.039,1290,0
FCAL.US,D,20190104,000000,47.921,47.921,47.897,47.921,5426,0
FCAL.US,D,20190107,000000,48.017,48.067,47.951,47.968,788,0
FCAL.US,D,20190108,000000,48.105,48.106,48.086,48.086,2377,0
FCAL.US,D,20190109,000000,48.159,48.159,47.921,47.921,916,0
FCAL.US,D,20190110,000000,48.179,48.179,48.179,48.179,622,0
FCAL.US,D,20190111,000000,48.02,48.02,48.017,48.017,4638,0
FCAL.US,D,20190114,000000,48.037,48.037,48.037,48.037,151,0
FCAL.US,D,20190115,000000,48.046,48.046,47.885,47.885,2723,0
FCAL.US,D,20190116,000000,47.947,48.134,47.947,48.134,2998,0
FCAL.US,D,20190117,000000,47.968,47.968,47.968,47.968,262,0
FCAL.US,D,20190118,000000,48.056,48.056,48.002,48.002,872,0
FCAL.US,D,20190122,000000,48.163,48.163,48.163,48.163,912,0
FCAL.US,D,20190123,000000,48.017,48.139,48.017,48.068,3372,0
FCAL.US,D,20190125,000000,48.064,48.064,48.064,48.064,755,0
FCAL.US,D,20190128,000000,48.055,48.055,48.055,48.055,2083,0
FCAL.US,D,20190129,000000,48.055,48.055,47.94,48.026,16833,0
FCAL.US,D,20190130,000000,48.055,48.082,47.998,48.078,9423,0
FCAL.US,D,20190131,000000,48.136,48.198,48.132,48.198,2259,0
FCAL.US,D,20190204,000000,48.175,48.175,48.175,48.175,395,0
FCAL.US,D,20190205,000000,48.206,48.212,48.206,48.212,1059,0
FCAL.US,D,20190207,000000,48.294,48.327,48.274,48.289,12328,0
FCAL.US,D,20190208,000000,48.374,48.396,48.374,48.396,706,0
FCAL.US,D,20190211,000000,48.422,48.441,48.384,48.391,3810,0
FCAL.US,D,20190212,000000,48.422,48.45,48.411,48.411,1496,0
FCAL.US,D,20190213,000000,48.441,48.441,48.344,48.344,14809,0
FCAL.US,D,20190214,000000,48.524,48.524,48.489,48.505,1820,0
FCAL.US,D,20190215,000000,48.489,48.489,48.489,48.489,1635,0
FCAL.US,D,20190219,000000,48.574,48.629,48.557,48.564,5451,0
FCAL.US,D,20190220,000000,48.542,48.57,48.542,48.57,1379,0
FCAL.US,D,20190221,000000,48.535,48.592,48.502,48.592,1876,0
FCAL.US,D,20190222,000000,48.583,48.606,48.523,48.523,3138,0
FCAL.US,D,20190225,000000,48.615,48.615,48.582,48.582,2487,0
FCAL.US,D,20190226,000000,48.663,48.722,48.62,48.722,1719,0
FCAL.US,D,20190227,000000,48.671,48.683,48.671,48.683,1720,0
FCAL.US,D,20190228,000000,48.677,48.766,48.629,48.629,9880,0
FCAL.US,D,20190304,000000,48.795,48.795,48.795,48.795,1662,0
FCAL.US,D,20190306,000000,48.795,48.805,48.776,48.805,3639,0
FCAL.US,D,20190308,000000,48.835,48.933,48.835,48.933,1236,0
FCAL.US,D,20190311,000000,48.807,48.952,48.807,48.952,8499,0
FCAL.US,D,20190313,000000,48.905,48.96,48.848,48.96,1854,0
FCAL.US,D,20190314,000000,49.009,49.009,48.946,48.946,2453,0
FCAL.US,D,20190315,000000,48.977,49.039,48.977,49.039,7193,0
FCAL.US,D,20190318,000000,48.963,49.056,48.963,48.97,1607,0
FCAL.US,D,20190319,000000,49.048,49.048,49.034,49.034,1035,0
FCAL.US,D,20190320,000000,49.062,49.14,49.062,49.14,3193,0
FCAL.US,D,20190321,000000,48.999,49.048,48.989,49.007,1533,0
FCAL.US,D,20190322,000000,49.394,49.394,49.33,49.394,1072,0
FCAL.US,D,20190325,000000,49.463,49.463,49.238,49.238,2418,0
FCAL.US,D,20190326,000000,49.463,49.463,49.424,49.424,2571,0
FCAL.US,D,20190327,000000,49.576,49.606,49.434,49.54,19448,0
FCAL.US,D,20190328,000000,49.664,49.731,49.54,49.568,7296,0
FCAL.US,D,20190329,000000,49.731,49.731,49.654,49.654,4174,0
FCAL.US,D,20190401,000000,49.74,49.74,49.374,49.374,2138,0
FCAL.US,D,20190402,000000,49.559,49.559,49.444,49.495,16946,0
FCAL.US,D,20190403,000000,49.711,49.711,49.43,49.472,5057,0
FCAL.US,D,20190404,000000,49.472,49.567,49.349,49.567,3539,0
FCAL.US,D,20190405,000000,49.482,49.497,49.434,49.487,11665,0
FCAL.US,D,20190408,000000,49.537,49.537,49.434,49.511,4651,0
FCAL.US,D,20190409,000000,49.424,49.511,49.424,49.424,1753,0
FCAL.US,D,20190410,000000,49.43,49.576,49.43,49.516,1681,0
FCAL.US,D,20190411,000000,49.472,49.516,49.472,49.516,624,0
FCAL.US,D,20190412,000000,49.521,49.565,49.481,49.496,3493,0
FCAL.US,D,20190415,000000,50.359,50.359,49.858,49.858,1009,0
FCAL.US,D,20190416,000000,49.635,49.635,49.472,49.504,2098,0
FCAL.US,D,20190417,000000,49.458,49.511,49.458,49.511,773,0
FCAL.US,D,20190418,000000,49.535,49.664,49.405,49.596,7297,0
FCAL.US,D,20190422,000000,49.635,49.635,49.51,49.575,4915,0
FCAL.US,D,20190423,000000,49.559,49.586,49.546,49.586,9818,0
FCAL.US,D,20190424,000000,49.77,49.77,49.701,49.701,3713,0
FCAL.US,D,20190425,000000,49.74,49.77,49.682,49.697,16440,0
FCAL.US,D,20190426,000000,49.839,49.858,49.8,49.8,7251,0
FCAL.US,D,20190429,000000,49.81,49.866,49.81,49.843,2843,0
FCAL.US,D,20190430,000000,49.907,49.907,49.711,49.878,23776,0
FCAL.US,D,20190501,000000,49.917,49.975,49.802,49.829,4690,0
FCAL.US,D,20190502,000000,49.966,49.966,49.711,49.711,4265,0
FCAL.US,D,20190503,000000,49.961,50.014,49.878,49.878,8823,0
FCAL.US,D,20190506,000000,50.034,50.063,49.966,49.966,14301,0
FCAL.US,D,20190507,000000,50.035,50.101,50.024,50.024,3919,0
FCAL.US,D,20190508,000000,50.024,50.187,49.936,49.936,7142,0
FCAL.US,D,20190509,000000,50.614,50.614,50.072,50.072,30292,0
FCAL.US,D,20190510,000000,50.177,50.264,50.139,50.187,7289,0
FCAL.US,D,20190513,000000,50.205,50.322,50.205,50.312,3301,0
FCAL.US,D,20190514,000000,50.371,50.381,50.271,50.274,3765,0
FCAL.US,D,20190515,000000,50.4,50.439,50.371,50.371,9716,0
FCAL.US,D,20190516,000000,50.431,50.498,50.4,50.426,3712,0
FCAL.US,D,20190517,000000,50.577,50.577,50.4,50.494,8264,0
FCAL.US,D,20190520,000000,50.493,50.557,50.459,50.557,3225,0
FCAL.US,D,20190521,000000,50.527,50.527,50.351,50.351,13639,0
FCAL.US,D,20190522,000000,50.356,50.479,50.356,50.356,997,0
FCAL.US,D,20190523,000000,50.419,50.469,50.419,50.453,5765,0
FCAL.US,D,20190524,000000,50.469,50.479,50.469,50.479,3539,0
FCAL.US,D,20190528,000000,50.557,50.557,50.489,50.527,16549,0
FCAL.US,D,20190529,000000,50.537,50.537,50.537,50.537,6463,0
FCAL.US,D,20190530,000000,50.632,50.632,50.558,50.614,3877,0
FCAL.US,D,20190531,000000,50.585,50.749,50.585,50.672,869,0
FCAL.US,D,20190603,000000,50.724,50.794,50.724,50.781,1123,0
FCAL.US,D,20190604,000000,50.672,50.768,50.672,50.752,9209,0
FCAL.US,D,20190605,000000,50.759,50.778,50.72,50.766,3611,0
FCAL.US,D,20190606,000000,50.768,50.768,50.681,50.681,1848,0
FCAL.US,D,20190607,000000,50.915,50.915,50.769,50.769,3739,0
FCAL.US,D,20190610,000000,50.768,50.778,50.72,50.749,4660,0
FCAL.US,D,20190611,000000,50.778,50.787,50.763,50.787,2012,0
FCAL.US,D,20190612,000000,50.74,50.817,50.74,50.779,2462,0
FCAL.US,D,20190613,000000,50.782,50.827,50.782,50.795,4937,0
FCAL.US,D,20190614,000000,50.797,50.797,50.708,50.788,1326,0
FCAL.US,D,20190618,000000,50.886,50.886,50.835,50.837,763,0
FCAL.US,D,20190619,000000,50.847,50.847,50.761,50.787,3117,0
FCAL.US,D,20190620,000000,50.906,50.915,50.906,50.915,769,0
FCAL.US,D,20190621,000000,50.896,50.896,50.741,50.812,1105,0
FCAL.US,D,20190624,000000,50.974,50.974,50.956,50.956,1413,0
FCAL.US,D,20190625,000000,50.974,50.974,50.964,50.974,1426,0
FCAL.US,D,20190626,000000,50.949,51.013,50.886,51.013,2164,0
FCAL.US,D,20190627,000000,50.984,51.022,50.797,50.98,14558,0
FCAL.US,D,20190628,000000,50.962,51.032,50.888,51.032,2282,0
FCAL.US,D,20190701,000000,50.919,51.062,50.817,50.817,1536,0
FCAL.US,D,20190702,000000,51.101,51.129,50.856,50.964,6934,0
FCAL.US,D,20190703,000000,51.139,51.139,51.052,51.11,915,0
FCAL.US,D,20190705,000000,50.896,51.046,50.847,50.847,4250,0
FCAL.US,D,20190708,000000,50.876,50.981,50.876,50.963,1275,0
FCAL.US,D,20190709,000000,51.028,51.205,51.028,51.12,2043,0
FCAL.US,D,20190710,000000,51.275,51.275,51.176,51.255,29394,0
FCAL.US,D,20190711,000000,51.231,51.273,51.159,51.159,5009,0
FCAL.US,D,20190712,000000,51.249,51.289,51.249,51.275,3903,0
FCAL.US,D,20190715,000000,51.323,51.323,51.26,51.275,1471,0
FCAL.US,D,20190716,000000,51.275,51.275,51.107,51.107,603,0
FCAL.US,D,20190717,000000,51.308,51.342,51.227,51.285,3825,0
FCAL.US,D,20190718,000000,51.323,51.352,51.176,51.352,12349,0
FCAL.US,D,20190719,000000,51.342,51.352,51.244,51.323,5034,0
FCAL.US,D,20190722,000000,51.392,51.397,51.323,51.392,3326,0
FCAL.US,D,20190723,000000,51.382,51.392,51.241,51.382,4332,0
FCAL.US,D,20190724,000000,51.372,51.49,51.372,51.49,2000,0
FCAL.US,D,20190725,000000,51.48,51.48,51.373,51.376,3904,0
FCAL.US,D,20190726,000000,51.452,51.452,51.377,51.452,1747,0
FCAL.US,D,20190729,000000,51.5,51.5,51.49,51.49,1480,0
FCAL.US,D,20190730,000000,51.49,51.496,51.471,51.471,2178,0
FCAL.US,D,20190731,000000,51.5,51.567,51.461,51.461,8900,0
FCAL.US,D,20190801,000000,51.412,51.576,51.412,51.576,12821,0
FCAL.US,D,20190802,000000,51.713,51.722,51.626,51.626,5696,0
FCAL.US,D,20190805,000000,51.851,51.889,51.722,51.889,4287,0
FCAL.US,D,20190806,000000,51.745,51.836,51.745,51.836,1248,0
FCAL.US,D,20190807,000000,51.976,52.069,51.976,51.988,1332,0
FCAL.US,D,20190808,000000,51.925,52.055,51.925,52.036,4739,0
FCAL.US,D,20190809,000000,51.97,52.036,51.97,51.978,47678,0
FCAL.US,D,20190812,000000,52.152,52.191,52.152,52.191,2329,0
FCAL.US,D,20190813,000000,52.084,52.123,52.033,52.093,4363,0
FCAL.US,D,20190814,000000,52.318,52.416,52.318,52.378,7206,0
FCAL.US,D,20190815,000000,52.484,52.484,52.318,52.444,10894,0
FCAL.US,D,20190816,000000,52.21,53.069,52.2,52.378,11895,0
FCAL.US,D,20190819,000000,52.318,52.378,52.318,52.378,1238,0
FCAL.US,D,20190820,000000,52.514,52.514,52.379,52.379,1387,0
FCAL.US,D,20190821,000000,52.388,52.416,52.348,52.358,6186,0
FCAL.US,D,20190822,000000,52.474,52.474,52.338,52.338,5463,0
FCAL.US,D,20190823,000000,52.419,52.484,52.382,52.382,5959,0
FCAL.US,D,20190826,000000,52.404,52.454,52.337,52.34,6850,0
FCAL.US,D,20190827,000000,52.543,52.543,52.378,52.435,34796,0
FCAL.US,D,20190828,000000,52.474,52.514,52.469,52.494,23722,0
FCAL.US,D,20190829,000000,52.444,52.504,52.429,52.488,11805,0
FCAL.US,D,20190830,000000,52.533,52.533,52.358,52.484,21841,0
FCAL.US,D,20190903,000000,53.442,53.442,52.435,52.467,11221,0
FCAL.US,D,20190904,000000,52.444,52.519,52.44,52.49,4935,0
FCAL.US,D,20190905,000000,52.514,52.514,52.3,52.388,9593,0
FCAL.US,D,20190906,000000,52.444,52.444,52.355,52.398,5178,0
FCAL.US,D,20190909,000000,52.368,52.368,52.166,52.248,15948,0
FCAL.US,D,20190910,000000,52.172,52.205,52.159,52.181,5304,0
FCAL.US,D,20190911,000000,52.161,52.161,52.058,52.085,7507,0
FCAL.US,D,20190912,000000,52.112,52.112,51.972,51.972,3274,0
FCAL.US,D,20190913,000000,51.908,52.035,51.755,51.838,16721,0
FCAL.US,D,20190916,000000,51.879,52.171,51.852,51.888,22925,0
FCAL.US,D,20190917,000000,51.888,51.888,51.81,51.83,9495,0
FCAL.US,D,20190918,000000,51.977,52.045,51.928,52.045,64497,0
FCAL.US,D,20190919,000000,52.045,52.068,51.947,52.045,5243,0
FCAL.US,D,20190920,000000,52.132,52.132,52.015,52.088,17935,0
FCAL.US,D,20190923,000000,51.937,52.162,51.937,52.102,696,0
FCAL.US,D,20190924,000000,52.243,52.308,52.215,52.215,6944,0
FCAL.US,D,20190925,000000,52.368,52.368,52.209,52.209,525,0
FCAL.US,D,20190926,000000,52.239,52.278,52.185,52.205,7638,0
FCAL.US,D,20190927,000000,52.308,52.308,52.151,52.186,4582,0
FCAL.US,D,20190930,000000,52.308,52.308,52.161,52.161,1099,0
FCAL.US,D,20191001,000000,52.248,52.338,52.002,52.248,6513,0
FCAL.US,D,20191002,000000,52.358,52.358,52.262,52.262,1123,0
FCAL.US,D,20191003,000000,52.378,52.515,52.357,52.44,5612,0
FCAL.US,D,20191004,000000,52.467,52.573,52.426,52.426,33013,0
FCAL.US,D,20191007,000000,52.408,52.591,52.318,52.465,9515,0
FCAL.US,D,20191008,000000,52.554,52.591,52.525,52.56,6645,0
FCAL.US,D,20191009,000000,52.511,52.589,52.511,52.573,10023,0
FCAL.US,D,20191010,000000,52.661,52.661,52.348,52.573,80298,0
FCAL.US,D,20191011,000000,52.475,52.505,52.181,52.31,48577,0
FCAL.US,D,20191014,000000,52.358,52.45,52.358,52.411,5483,0
FCAL.US,D,20191015,000000,52.445,52.445,52.2,52.308,30953,0
FCAL.US,D,20191016,000000,52.288,52.358,52.2,52.278,10614,0
FCAL.US,D,20191017,000000,52.214,52.229,52.207,52.207,2649,0
FCAL.US,D,20191018,000000,52.161,52.278,52.161,52.21,11930,0
FCAL.US,D,20191021,000000,52.181,52.181,52.122,52.171,3613,0
FCAL.US,D,20191022,000000,52.239,52.239,52.118,52.161,13459,0
FCAL.US,D,20191023,000000,52.248,52.248,52.132,52.142,4369,0
FCAL.US,D,20191024,000000,52.151,52.151,52.122,52.122,4985,0
FCAL.US,D,20191025,000000,52.151,52.151,52.122,52.144,2638,0
FCAL.US,D,20191028,000000,52.122,52.132,51.996,52.132,15088,0
FCAL.US,D,20191029,000000,52.132,52.132,52.064,52.083,12055,0
FCAL.US,D,20191030,000000,52.142,52.151,52.091,52.091,7555,0
FCAL.US,D,20191031,000000,52.225,52.338,52.2,52.268,9133,0
FCAL.US,D,20191101,000000,52.338,52.338,52.239,52.308,8248,0
FCAL.US,D,20191104,000000,52.22,52.288,52.151,52.278,15770,0
FCAL.US,D,20191105,000000,52.239,52.239,52.084,52.171,10761,0
FCAL.US,D,20191106,000000,52.258,52.258,52.166,52.229,10761,0
FCAL.US,D,20191107,000000,52.142,52.142,51.964,51.996,5269,0
FCAL.US,D,20191108,000000,52.092,52.092,52.03,52.03,579,0
FCAL.US,D,20191111,000000,52.054,52.054,52.054,52.054,3923,0
FCAL.US,D,20191112,000000,52.102,52.102,52.092,52.097,1641,0
FCAL.US,D,20191113,000000,52.191,52.191,52.025,52.108,4443,0
FCAL.US,D,20191114,000000,52.22,52.22,52.186,52.186,1657,0
FCAL.US,D,20191115,000000,52.151,52.21,52.025,52.025,3517,0
FCAL.US,D,20191118,000000,52.258,52.258,52.114,52.117,2213,0
FCAL.US,D,20191119,000000,52.181,52.258,52.122,52.171,7907,0
FCAL.US,D,20191120,000000,52.248,52.358,52.242,52.288,6918,0
FCAL.US,D,20191121,000000,52.163,52.283,52.142,52.215,2789,0
FCAL.US,D,20191122,000000,52.308,52.348,52.299,52.318,6410,0
FCAL.US,D,20191125,000000,52.229,52.378,52.229,52.298,10843,0
FCAL.US,D,20191126,000000,52.368,52.398,52.21,52.343,8294,0
FCAL.US,D,20191127,000000,52.298,52.401,52.298,52.383,748,0
FCAL.US,D,20191129,000000,52.486,52.486,52.412,52.412,3136,0
FCAL.US,D,20191202,000000,52.603,52.603,52.288,52.308,11664,0
FCAL.US,D,20191203,000000,52.536,52.57,52.414,52.471,14368,0
FCAL.US,D,20191204,000000,52.437,52.456,52.437,52.446,3164,0
FCAL.US,D,20191205,000000,52.476,52.476,52.426,52.476,2493,0
FCAL.US,D,20191206,000000,52.496,52.496,52.403,52.403,5924,0
FCAL.US,D,20191209,000000,52.378,52.546,52.378,52.437,12161,0
FCAL.US,D,20191210,000000,52.506,52.565,52.437,52.481,8532,0
FCAL.US,D,20191211,000000,52.581,52.648,52.551,52.551,2883,0
FCAL.US,D,20191212,000000,52.466,52.546,52.466,52.511,1873,0
FCAL.US,D,20191213,000000,52.476,52.613,52.476,52.57,6977,0
FCAL.US,D,20191216,000000,52.613,52.613,52.487,52.531,3294,0
FCAL.US,D,20191217,000000,52.603,52.633,52.476,52.56,6955,0
FCAL.US,D,20191218,000000,52.653,52.653,52.486,52.546,9881,0
FCAL.US,D,20191219,000000,52.486,52.546,52.486,52.521,4611,0
FCAL.US,D,20191220,000000,52.526,52.546,52.497,52.531,4161,0
FCAL.US,D,20191223,000000,52.593,52.593,52.454,52.516,2251,0
FCAL.US,D,20191224,000000,52.623,52.623,52.536,52.536,4264,0
FCAL.US,D,20191226,000000,52.58,52.613,52.552,52.575,24351,0
FCAL.US,D,20191227,000000,52.683,52.683,52.575,52.603,15279,0
FCAL.US,D,20191230,000000,52.77,52.77,52.575,52.628,7842,0
FCAL.US,D,20191231,000000,52.683,52.683,52.613,52.628,8998,0
FCAL.US,D,20200102,000000,52.633,52.742,52.623,52.688,7209,0
FCAL.US,D,20200103,000000,52.736,52.89,52.736,52.815,20872,0
FCAL.US,D,20200106,000000,52.841,52.91,52.814,52.89,4734,0
FCAL.US,D,20200107,000000,52.979,52.979,52.905,52.905,7466,0
FCAL.US,D,20200108,000000,52.969,53.006,52.897,52.945,2914,0
FCAL.US,D,20200109,000000,53.028,53.058,52.89,52.974,10171,0
FCAL.US,D,20200110,000000,52.92,53.083,52.92,53.008,9394,0
FCAL.US,D,20200113,000000,53.096,53.096,53.032,53.033,2673,0
FCAL.US,D,20200114,000000,53.078,53.165,53.078,53.106,4409,0
FCAL.US,D,20200115,000000,53.215,53.24,53.11,53.165,11790,0
FCAL.US,D,20200116,000000,53.254,53.264,53.173,53.2,4758,0
FCAL.US,D,20200117,000000,53.135,53.264,52.969,53.215,9441,0
FCAL.US,D,20200121,000000,53.313,53.373,53.183,53.285,28093,0
FCAL.US,D,20200122,000000,53.249,53.298,53.229,53.269,1884,0
FCAL.US,D,20200123,000000,53.387,53.437,53.24,53.323,6240,0
FCAL.US,D,20200124,000000,53.43,53.457,53.378,53.397,10363,0
FCAL.US,D,20200127,000000,53.586,53.596,53.397,53.501,11538,0
FCAL.US,D,20200128,000000,53.576,53.576,53.407,53.487,12019,0
FCAL.US,D,20200129,000000,53.638,53.638,53.51,53.571,8462,0
FCAL.US,D,20200130,000000,53.716,53.716,53.556,53.634,11960,0
FCAL.US,D,20200131,000000,53.733,53.753,53.684,53.753,11378,0
FCAL.US,D,20200203,000000,53.62,53.713,53.62,53.693,5269,0
FCAL.US,D,20200204,000000,53.615,53.643,53.545,53.605,7329,0
FCAL.US,D,20200205,000000,53.549,53.576,53.534,53.541,1693,0
FCAL.US,D,20200206,000000,53.55,53.605,53.506,53.596,6348,0
FCAL.US,D,20200207,000000,53.673,53.728,53.61,53.61,1653,0
FCAL.US,D,20200210,000000,53.683,53.683,53.516,53.596,3015,0
FCAL.US,D,20200211,000000,53.663,53.683,53.605,53.648,20444,0
FCAL.US,D,20200212,000000,53.615,53.713,53.615,53.663,38400,0
FCAL.US,D,20200213,000000,53.733,53.753,53.605,53.678,15146,0
FCAL.US,D,20200214,000000,53.753,53.763,53.698,53.713,4553,0
FCAL.US,D,20200218,000000,53.822,53.852,53.615,53.782,9696,0
FCAL.US,D,20200219,000000,53.842,53.842,53.743,53.807,3805,0
FCAL.US,D,20200220,000000,53.901,53.951,53.812,53.901,17140,0
FCAL.US,D,20200221,000000,54.03,54.079,53.981,54.04,22391,0
FCAL.US,D,20200224,000000,54.247,54.346,54.247,54.297,5528,0
FCAL.US,D,20200225,000000,54.326,54.405,54.294,54.326,27599,0
FCAL.US,D,20200226,000000,54.306,54.435,54.306,54.381,5269,0
FCAL.US,D,20200227,000000,54.415,54.415,54.346,54.395,25073,0
FCAL.US,D,20200228,000000,54.711,54.711,54.297,54.45,21267,0
FCAL.US,D,20200302,000000,54.445,54.604,54.352,54.415,3922,0
FCAL.US,D,20200303,000000,54.438,54.455,54.323,54.435,6340,0
FCAL.US,D,20200304,000000,54.269,54.435,54.269,54.316,14162,0
FCAL.US,D,20200305,000000,54.485,54.485,54.262,54.262,3740,0
FCAL.US,D,20200306,000000,54.425,54.445,54.328,54.346,7796,0
FCAL.US,D,20200309,000000,54.662,54.84,54.079,54.371,19930,0
FCAL.US,D,20200310,000000,54.079,54.079,53.386,53.55,16334,0
FCAL.US,D,20200311,000000,53.525,53.546,52.595,52.729,69354,0
FCAL.US,D,20200312,000000,51.132,51.509,49.312,50.142,82690,0
FCAL.US,D,20200313,000000,50.35,51.3,50.192,50.756,20231,0
FCAL.US,D,20200316,000000,50.841,51.383,49.442,51.078,34972,0
FCAL.US,D,20200317,000000,51.082,51.082,49.451,50.509,9312,0
FCAL.US,D,20200318,000000,47.305,50.36,47.305,49.831,12851,0
FCAL.US,D,20200319,000000,49.016,49.412,47.443,48.134,16508,0
FCAL.US,D,20200320,000000,47.017,47.497,44.821,46.385,71846,0
FCAL.US,D,20200323,000000,46.385,47.473,46.003,46.711,15239,0
FCAL.US,D,20200324,000000,47.305,47.72,47.007,47.408,32483,0
FCAL.US,D,20200325,000000,48.104,49.369,48.104,49.337,15291,0
FCAL.US,D,20200326,000000,49.716,51.102,49.716,50.924,11182,0
FCAL.US,D,20200327,000000,50.44,51.16,50.44,50.617,13149,0
FCAL.US,D,20200330,000000,51.389,51.389,50.519,50.876,187230,0
FCAL.US,D,20200331,000000,50.835,50.835,50.529,50.549,6599,0
FCAL.US,D,20200401,000000,49.946,49.966,48.134,48.678,6523,0
FCAL.US,D,20200402,000000,48.586,48.927,48.586,48.878,8116,0
FCAL.US,D,20200403,000000,48.781,48.928,48.609,48.868,950,0
FCAL.US,D,20200406,000000,49.103,49.265,48.819,49.192,3863,0
FCAL.US,D,20200407,000000,49.995,49.995,49.305,49.451,3921,0
FCAL.US,D,20200408,000000,49.628,49.628,49.326,49.545,2049,0
FCAL.US,D,20200409,000000,49.796,50.636,49.673,49.971,8710,0
FCAL.US,D,20200413,000000,50.686,50.686,50.14,50.256,5532,0
FCAL.US,D,20200414,000000,50.539,50.549,50.146,50.35,2897,0
FCAL.US,D,20200415,000000,50.686,50.736,50.441,50.502,16690,0
FCAL.US,D,20200416,000000,50.529,50.588,50.185,50.38,3841,0
FCAL.US,D,20200417,000000,50.4,50.58,50.333,50.39,16814,0
FCAL.US,D,20200420,000000,50.035,50.42,50.035,50.325,2130,0
FCAL.US,D,20200421,000000,50.237,50.237,49.945,50.132,11249,0
FCAL.US,D,20200422,000000,49.972,49.972,49.745,49.745,2064,0
FCAL.US,D,20200423,000000,49.725,50.093,49.538,49.538,6469,0
FCAL.US,D,20200424,000000,49.23,49.595,48.964,49.425,6299,0
FCAL.US,D,20200427,000000,49.061,49.48,49.061,49.474,4215,0
FCAL.US,D,20200428,000000,49.548,49.568,49.28,49.315,5289,0
FCAL.US,D,20200429,000000,49.28,49.28,48.885,48.969,8291,0
FCAL.US,D,20200430,000000,48.755,49.42,48.755,49.131,19210,0
FCAL.US,D,20200501,000000,49.49,49.546,49.033,49.16,10323,0
FCAL.US,D,20200504,000000,49.479,49.479,49.375,49.375,492,0
FCAL.US,D,20200505,000000,49.39,49.41,49.34,49.375,13683,0
FCAL.US,D,20200506,000000,49.36,49.667,49.36,49.464,6954,0
FCAL.US,D,20200507,000000,50.054,50.054,49.512,49.597,3627,0
FCAL.US,D,20200508,000000,49.67,50.172,49.648,49.677,3115,0
FCAL.US,D,20200511,000000,49.71,49.71,49.597,49.642,2904,0
FCAL.US,D,20200512,000000,49.627,49.77,49.607,49.77,6422,0
FCAL.US,D,20200513,000000,49.929,50.049,49.905,50.049,4010,0
FCAL.US,D,20200514,000000,49.735,50.43,49.735,50.034,12779,0
FCAL.US,D,20200515,000000,50.018,50.222,49.825,50.222,10748,0
FCAL.US,D,20200518,000000,50.044,50.044,49.895,49.945,3729,0
FCAL.US,D,20200519,000000,50.132,50.36,50.132,50.222,8085,0
FCAL.US,D,20200520,000000,50.232,50.499,50.222,50.499,8275,0
FCAL.US,D,20200521,000000,50.43,50.459,50.385,50.385,2434,0
FCAL.US,D,20200522,000000,50.33,50.806,50.33,50.544,4310,0
FCAL.US,D,20200526,000000,50.46,50.814,50.46,50.579,9599,0
FCAL.US,D,20200527,000000,50.529,50.712,50.529,50.637,6905,0
FCAL.US,D,20200528,000000,50.856,50.856,50.48,50.632,4089,0
FCAL.US,D,20200529,000000,51.005,51.005,50.627,50.752,6866,0
FCAL.US,D,20200601,000000,51.015,51.015,50.701,50.965,2236,0
FCAL.US,D,20200602,000000,51.015,51.015,50.715,50.925,3566,0
FCAL.US,D,20200603,000000,51.064,51.064,50.76,50.896,6007,0
FCAL.US,D,20200604,000000,50.836,51.192,50.836,51.019,5776,0
FCAL.US,D,20200605,000000,51.262,51.272,50.995,51.104,10124,0
FCAL.US,D,20200608,000000,51.268,51.361,51.252,51.262,3125,0
FCAL.US,D,20200609,000000,51.481,51.481,51.272,51.386,44299,0
FCAL.US,D,20200610,000000,51.619,51.619,51.322,51.431,6536,0
FCAL.US,D,20200611,000000,51.53,51.589,51.461,51.544,1595,0
FCAL.US,D,20200612,000000,51.461,51.678,51.391,51.496,27524,0
FCAL.US,D,20200615,000000,51.451,51.629,51.451,51.544,4265,0
FCAL.US,D,20200616,000000,51.351,51.639,51.351,51.436,13175,0
FCAL.US,D,20200617,000000,51.491,51.717,51.411,51.535,9317,0
FCAL.US,D,20200619,000000,51.687,51.693,51.537,51.594,12064,0
FCAL.US,D,20200622,000000,51.685,51.687,51.58,51.634,23311,0
FCAL.US,D,20200623,000000,51.569,51.697,51.569,51.629,4396,0
FCAL.US,D,20200624,000000,51.827,51.827,51.707,51.717,4452,0
FCAL.US,D,20200625,000000,51.549,51.767,51.549,51.639,13768,0
FCAL.US,D,20200626,000000,51.717,51.777,51.618,51.683,6161,0
FCAL.US,D,20200629,000000,51.687,52.056,51.511,51.569,12471,0
FCAL.US,D,20200630,000000,51.817,51.817,51.594,51.722,4241,0
FCAL.US,D,20200701,000000,51.669,51.678,51.629,51.654,6625,0
FCAL.US,D,20200702,000000,51.692,51.876,51.678,51.717,4609,0
FCAL.US,D,20200706,000000,51.674,51.757,51.651,51.678,7226,0
FCAL.US,D,20200707,000000,51.703,51.737,51.637,51.737,1460,0
FCAL.US,D,20200708,000000,51.817,51.817,51.727,51.772,2678,0
FCAL.US,D,20200709,000000,51.956,51.956,51.852,51.852,3200,0
FCAL.US,D,20200710,000000,51.976,51.986,51.847,51.921,10632,0
FCAL.US,D,20200713,000000,51.867,52.046,51.867,52.046,16674,0
FCAL.US,D,20200714,000000,52.085,52.105,51.926,52.026,2034,0
FCAL.US,D,20200715,000000,52.125,52.154,52.075,52.115,3228,0
FCAL.US,D,20200716,000000,52.174,52.301,52.174,52.257,3497,0
FCAL.US,D,20200717,000000,52.194,52.352,52.105,52.242,7273,0
FCAL.US,D,20200720,000000,52.286,52.398,52.223,52.327,11743,0
FCAL.US,D,20200721,000000,52.501,52.501,52.322,52.342,4930,0
FCAL.US,D,20200722,000000,52.421,52.501,52.421,52.501,1494,0
FCAL.US,D,20200723,000000,52.501,52.601,52.499,52.541,7532,0
FCAL.US,D,20200724,000000,52.631,52.641,52.527,52.536,8604,0
FCAL.US,D,20200727,000000,52.691,52.691,52.621,52.621,2027,0
FCAL.US,D,20200728,000000,52.868,52.868,52.451,52.576,5183,0
FCAL.US,D,20200729,000000,52.576,52.651,52.531,52.651,1349,0
FCAL.US,D,20200730,000000,52.74,52.828,52.644,52.735,13448,0
FCAL.US,D,20200731,000000,52.714,52.838,52.711,52.765,3079,0
FCAL.US,D,20200803,000000,52.848,52.868,52.631,52.745,4736,0
FCAL.US,D,20200804,000000,52.828,52.874,52.74,52.828,3117,0
FCAL.US,D,20200805,000000,52.878,52.878,52.878,52.878,377,0
FCAL.US,D,20200806,000000,52.967,53,52.942,52.967,1360,0
FCAL.US,D,20200807,000000,52.982,53.107,52.888,53.077,6755,0
FCAL.US,D,20200810,000000,52.888,53.072,52.888,53.072,2783,0
FCAL.US,D,20200811,000000,52.938,53.081,52.908,53.062,7979,0
FCAL.US,D,20200812,000000,53.167,53.167,53.007,53.007,6938,0
FCAL.US,D,20200813,000000,53.022,53.065,52.888,52.972,3963,0
FCAL.US,D,20200814,000000,53.057,53.057,52.922,52.962,9133,0
FCAL.US,D,20200817,000000,52.913,52.987,52.86,52.928,1390,0
FCAL.US,D,20200818,000000,52.838,52.955,52.778,52.948,14323,0
FCAL.US,D,20200819,000000,52.769,52.948,52.769,52.838,3903,0
FCAL.US,D,20200820,000000,52.908,52.908,52.773,52.773,3468,0
FCAL.US,D,20200821,000000,52.76,52.76,52.481,52.606,12811,0
FCAL.US,D,20200824,000000,52.769,52.788,52.631,52.641,5995,0
FCAL.US,D,20200825,000000,52.581,52.611,52.581,52.601,392,0
FCAL.US,D,20200826,000000,52.581,52.581,52.551,52.551,1503,0
FCAL.US,D,20200827,000000,52.481,52.523,52.394,52.471,3837,0
FCAL.US,D,20200828,000000,52.421,52.461,52.397,52.461,2713,0
FCAL.US,D,20200831,000000,52.421,52.511,52.372,52.372,3311,0
FCAL.US,D,20200901,000000,52.382,52.453,52.382,52.446,31536,0
FCAL.US,D,20200902,000000,52.403,52.591,52.403,52.441,7603,0
FCAL.US,D,20200903,000000,52.402,52.481,52.402,52.456,14099,0
FCAL.US,D,20200904,000000,52.471,52.471,52.382,52.441,8398,0
FCAL.US,D,20200908,000000,52.402,52.511,52.402,52.511,1155,0
FCAL.US,D,20200909,000000,52.511,52.539,52.496,52.496,5650,0
FCAL.US,D,20200910,000000,52.451,52.491,52.411,52.481,2929,0
FCAL.US,D,20200911,000000,52.449,52.551,52.449,52.531,4052,0
FCAL.US,D,20200914,000000,52.48,52.641,52.48,52.541,9061,0
FCAL.US,D,20200915,000000,52.501,52.571,52.491,52.491,3407,0
FCAL.US,D,20200916,000000,52.561,52.571,52.521,52.551,3765,0
FCAL.US,D,20200917,000000,52.501,52.501,52.501,52.501,326,0
FCAL.US,D,20200918,000000,52.601,52.601,52.511,52.541,3820,0
FCAL.US,D,20200921,000000,52.611,52.621,52.521,52.571,4393,0
FCAL.US,D,20200922,000000,52.611,52.616,52.561,52.616,5881,0
FCAL.US,D,20200923,000000,52.541,52.604,52.541,52.581,1261,0
FCAL.US,D,20200924,000000,52.611,52.611,52.451,52.591,6956,0
FCAL.US,D,20200925,000000,52.538,52.538,52.491,52.491,12077,0
FCAL.US,D,20200928,000000,52.721,52.721,52.493,52.521,7312,0
FCAL.US,D,20200929,000000,52.543,52.598,52.516,52.526,5372,0
FCAL.US,D,20200930,000000,52.551,52.551,52.392,52.416,1675,0
FCAL.US,D,20201001,000000,52.471,52.519,52.397,52.441,4493,0
FCAL.US,D,20201002,000000,52.402,52.458,52.372,52.441,2208,0
FCAL.US,D,20201005,000000,52.451,52.451,52.342,52.421,4311,0
FCAL.US,D,20201006,000000,52.471,52.471,52.322,52.377,12458,0
FCAL.US,D,20201007,000000,52.411,52.411,52.267,52.292,3330,0
FCAL.US,D,20201008,000000,52.307,52.362,52.297,52.302,1728,0
FCAL.US,D,20201009,000000,52.382,52.382,52.303,52.382,15913,0
FCAL.US,D,20201012,000000,52.411,52.461,52.337,52.362,5140,0
FCAL.US,D,20201013,000000,52.302,52.322,52.302,52.307,2541,0
FCAL.US,D,20201014,000000,52.322,52.456,52.322,52.362,3016,0
FCAL.US,D,20201015,000000,52.413,52.471,52.407,52.421,3957,0
FCAL.US,D,20201016,000000,52.42,52.848,52.42,52.466,4457,0
FCAL.US,D,20201019,000000,52.451,52.479,52.421,52.461,6576,0
FCAL.US,D,20201021,000000,52.421,52.441,52.232,52.402,16129,0
FCAL.US,D,20201022,000000,52.264,52.471,52.264,52.367,2115,0
FCAL.US,D,20201023,000000,52.363,52.481,52.363,52.481,1270,0
FCAL.US,D,20201026,000000,52.501,52.521,52.372,52.521,7419,0
FCAL.US,D,20201027,000000,52.531,52.531,52.312,52.501,9036,0
FCAL.US,D,20201028,000000,52.468,52.501,52.468,52.501,2734,0
FCAL.US,D,20201029,000000,52.541,52.541,52.332,52.431,10965,0
FCAL.US,D,20201030,000000,52.531,52.541,52.352,52.541,5559,0
FCAL.US,D,20201102,000000,52.541,52.541,52.352,52.451,2065,0
FCAL.US,D,20201103,000000,52.343,52.561,52.342,52.531,14126,0
FCAL.US,D,20201104,000000,52.651,52.949,52.651,52.949,5824,0
FCAL.US,D,20201105,000000,52.601,52.869,52.601,52.869,8609,0
FCAL.US,D,20201106,000000,52.711,52.859,52.681,52.804,2596,0
FCAL.US,D,20201109,000000,52.729,52.729,52.631,52.721,3267,0
FCAL.US,D,20201110,000000,52.883,52.889,52.883,52.889,833,0
FCAL.US,D,20201111,000000,52.681,52.899,52.681,52.879,3398,0
FCAL.US,D,20201112,000000,53.008,53.078,52.874,53.078,11400,0
FCAL.US,D,20201113,000000,53.078,53.078,52.924,53.038,6262,0
FCAL.US,D,20201116,000000,53.028,53.048,52.968,52.988,8475,0
FCAL.US,D,20201117,000000,53.178,53.178,53.128,53.128,439,0
FCAL.US,D,20201118,000000,53.148,53.188,53.109,53.143,5205,0
FCAL.US,D,20201119,000000,53.367,53.381,53.148,53.342,14666,0
FCAL.US,D,20201120,000000,53.403,53.403,53.345,53.347,711,0
FCAL.US,D,20201123,000000,53.308,53.416,53.238,53.354,3018,0
FCAL.US,D,20201124,000000,53.466,53.466,53.148,53.278,8427,0
FCAL.US,D,20201125,000000,53.396,53.396,53.396,53.396,371,0
FCAL.US,D,20201127,000000,53.404,53.426,53.337,53.337,3026,0
FCAL.US,D,20201130,000000,53.322,53.426,53.322,53.362,4160,0
FCAL.US,D,20201201,000000,53.308,53.466,53.308,53.377,3982,0
FCAL.US,D,20201202,000000,53.525,53.525,53.327,53.504,8408,0
FCAL.US,D,20201203,000000,53.565,53.595,53.451,53.525,20103,0
FCAL.US,D,20201204,000000,53.605,53.615,53.55,53.57,3330,0
FCAL.US,D,20201207,000000,53.705,53.715,53.525,53.575,3773,0
FCAL.US,D,20201208,000000,53.685,53.692,53.59,53.63,8898,0
FCAL.US,D,20201209,000000,53.639,53.725,53.631,53.645,2460,0
FCAL.US,D,20201210,000000,53.795,53.795,53.525,53.736,5358,0
FCAL.US,D,20201211,000000,53.615,53.835,53.615,53.715,21093,0
FCAL.US,D,20201214,000000,53.705,53.825,53.645,53.75,11084,0
FCAL.US,D,20201215,000000,53.645,53.851,53.645,53.851,3451,0
FCAL.US,D,20201216,000000,53.854,53.882,53.775,53.775,8068,0
FCAL.US,D,20201217,000000,53.904,53.904,53.685,53.904,6899,0
FCAL.US,D,20201218,000000,53.78,53.904,53.655,53.815,3673,0
FCAL.US,D,20201221,000000,53.745,53.974,53.685,53.974,5960,0
FCAL.US,D,20201222,000000,53.815,53.942,53.725,53.725,3114,0
FCAL.US,D,20201223,000000,53.816,53.954,53.806,53.954,3622,0
FCAL.US,D,20201224,000000,53.845,53.854,53.705,53.705,1134,0
FCAL.US,D,20201228,000000,53.75,53.894,53.625,53.894,4278,0
FCAL.US,D,20201229,000000,53.914,53.934,53.665,53.825,11109,0
FCAL.US,D,20201230,000000,53.954,53.954,53.635,53.85,5101,0
FCAL.US,D,20201231,000000,53.8,53.846,53.8,53.81,1636,0
FCAL.US,D,20210104,000000,53.78,53.944,53.78,53.934,2520,0
FCAL.US,D,20210105,000000,53.919,54.003,53.836,53.939,6840,0
FCAL.US,D,20210106,000000,54.122,54.122,53.789,53.865,8183,0
FCAL.US,D,20210107,000000,53.972,54.052,53.916,53.921,2858,0
FCAL.US,D,20210108,000000,54.112,54.112,53.805,54.033,4274,0
FCAL.US,D,20210111,000000,53.835,53.992,53.835,53.992,1519,0
FCAL.US,D,20210112,000000,54.033,54.033,53.83,53.909,3812,0
FCAL.US,D,20210113,000000,54.052,54.052,53.827,53.894,3000,0
FCAL.US,D,20210114,000000,53.884,54.023,53.884,53.969,1127,0
FCAL.US,D,20210115,000000,53.905,54.013,53.902,53.989,3397,0
FCAL.US,D,20210119,000000,53.854,54.112,53.854,54.112,2020,0
FCAL.US,D,20210120,000000,53.979,54.122,53.979,54.122,4010,0
FCAL.US,D,20210121,000000,55.07,55.07,54.001,54.102,2907,0
FCAL.US,D,20210122,000000,54.1,54.182,53.934,54.077,14731,0
FCAL.US,D,20210125,000000,54.013,54.222,53.924,54.067,68056,0
FCAL.US,D,20210126,000000,53.834,54.242,53.834,54.215,15117,0
FCAL.US,D,20210127,000000,54.65,54.65,54.092,54.232,43039,0
FCAL.US,D,20210128,000000,54.082,54.362,54.082,54.267,18402,0
FCAL.US,D,20210129,000000,54.172,54.392,54.172,54.355,10838,0
FCAL.US,D,20210201,000000,54.301,54.442,54.301,54.397,7884,0
FCAL.US,D,20210202,000000,54.422,54.422,54.212,54.242,5797,0
FCAL.US,D,20210203,000000,54.212,54.452,54.212,54.352,9772,0
FCAL.US,D,20210204,000000,54.532,54.532,54.302,54.322,2869,0
FCAL.US,D,20210205,000000,54.572,54.572,54.412,54.466,8672,0
FCAL.US,D,20210208,000000,54.362,54.562,54.362,54.487,5223,0
FCAL.US,D,20210209,000000,54.76,54.76,54.444,54.562,7233,0
FCAL.US,D,20210210,000000,54.91,54.91,54.471,54.652,74388,0
FCAL.US,D,20210211,000000,54.91,54.91,54.512,54.64,4966,0
FCAL.US,D,20210212,000000,54.7,54.75,54.665,54.748,10931,0
FCAL.US,D,20210216,000000,54.73,54.74,54.552,54.645,101449,0
FCAL.US,D,20210217,000000,54.66,54.67,54.557,54.591,10745,0
FCAL.US,D,20210218,000000,54.532,54.532,54.342,54.522,8715,0
FCAL.US,D,20210219,000000,54.502,54.512,54.267,54.267,5949,0
FCAL.US,D,20210222,000000,54.333,54.402,54.091,54.112,10858,0
FCAL.US,D,20210223,000000,54.91,54.91,53.664,53.834,26565,0
FCAL.US,D,20210224,000000,53.814,53.814,53.554,53.554,3645,0
FCAL.US,D,20210225,000000,53.674,53.674,53.346,53.405,11189,0
FCAL.US,D,20210226,000000,53.256,53.624,53.256,53.529,6163,0
FCAL.US,D,20210301,000000,53.435,53.524,53.385,53.514,3683,0
FCAL.US,D,20210302,000000,53.514,53.554,52.927,53.425,39557,0
FCAL.US,D,20210303,000000,53.471,53.471,53.445,53.445,2418,0
FCAL.US,D,20210304,000000,53.395,53.564,53.376,53.514,6349,0
FCAL.US,D,20210305,000000,53.554,53.784,53.395,53.754,10981,0
FCAL.US,D,20210308,000000,53.754,53.764,53.625,53.629,4841,0
FCAL.US,D,20210309,000000,53.764,53.884,53.674,53.694,7089,0
FCAL.US,D,20210310,000000,53.761,53.914,53.684,53.914,4912,0
FCAL.US,D,20210311,000000,53.994,54.033,53.77,53.997,6831,0
FCAL.US,D,20210312,000000,54.092,54.092,53.824,53.834,7513,0
FCAL.US,D,20210315,000000,54.003,54.003,53.914,54.003,1445,0
FCAL.US,D,20210316,000000,53.896,53.975,53.814,53.884,2463,0
FCAL.US,D,20210317,000000,53.84,54.142,53.799,53.864,6841,0
FCAL.US,D,20210318,000000,53.814,53.814,53.586,53.674,5437,0
FCAL.US,D,20210319,000000,53.684,53.754,53.614,53.614,6218,0
FCAL.US,D,20210322,000000,53.604,53.774,53.604,53.774,8667,0
FCAL.US,D,20210323,000000,53.854,53.874,53.689,53.869,4535,0
FCAL.US,D,20210324,000000,53.964,53.964,53.664,53.789,2171,0
FCAL.US,D,20210325,000000,53.706,53.794,53.624,53.675,3085,0
FCAL.US,D,20210326,000000,53.834,53.834,53.676,53.676,8334,0
FCAL.US,D,20210329,000000,53.684,53.874,53.625,53.778,5370,0
FCAL.US,D,20210330,000000,53.674,53.758,53.624,53.739,4997,0
FCAL.US,D,20210331,000000,53.809,53.809,53.614,53.744,1551,0
FCAL.US,D,20210401,000000,53.914,53.934,53.794,53.809,3517,0
FCAL.US,D,20210405,000000,53.654,53.851,53.654,53.779,2666,0
FCAL.US,D,20210406,000000,53.804,53.984,53.804,53.854,10144,0
FCAL.US,D,20210407,000000,53.924,54.013,53.894,53.894,3045,0
FCAL.US,D,20210408,000000,53.874,54.239,53.874,54.023,9326,0
FCAL.US,D,20210409,000000,54.042,54.152,53.824,53.989,25891,0
FCAL.US,D,20210412,000000,54.162,54.162,53.954,54.102,5096,0
FCAL.US,D,20210413,000000,54.201,54.262,54.116,54.152,3878,0
FCAL.US,D,20210414,000000,54.302,54.302,54.122,54.122,3736,0
FCAL.US,D,20210415,000000,54.432,54.512,54.432,54.512,4286,0
FCAL.US,D,20210416,000000,54.252,54.432,54.252,54.322,5004,0
FCAL.US,D,20210419,000000,54.317,54.432,54.317,54.427,1173,0
FCAL.US,D,20210420,000000,54.492,54.492,54.235,54.312,4370,0
FCAL.US,D,20210421,000000,54.412,54.522,54.312,54.492,5400,0
FCAL.US,D,20210422,000000,54.432,54.432,54.363,54.432,1735,0
FCAL.US,D,20210423,000000,54.412,54.521,54.412,54.467,1996,0
FCAL.US,D,20210426,000000,54.332,54.502,54.332,54.342,1552,0
FCAL.US,D,20210427,000000,54.312,54.532,54.312,54.472,7120,0
FCAL.US,D,20210428,000000,54.482,54.482,54.312,54.397,1680,0
FCAL.US,D,20210429,000000,54.432,54.432,54.372,54.387,2022,0
FCAL.US,D,20210430,000000,54.392,54.482,54.392,54.462,3574,0
FCAL.US,D,20210503,000000,54.482,54.561,54.428,54.472,15180,0
FCAL.US,D,20210504,000000,54.871,54.871,54.412,54.482,7669,0
FCAL.US,D,20210505,000000,54.322,54.542,54.322,54.437,3549,0
FCAL.US,D,20210506,000000,54.602,54.612,54.462,54.562,4834,0
FCAL.US,D,20210507,000000,54.691,54.691,54.412,54.582,9899,0
FCAL.US,D,20210510,000000,54.681,54.681,54.512,54.592,4336,0
FCAL.US,D,20210511,000000,54.567,54.671,54.512,54.562,6511,0
FCAL.US,D,20210512,000000,54.602,54.641,54.497,54.542,4379,0
FCAL.US,D,20210513,000000,54.312,54.641,54.312,54.372,14540,0
FCAL.US,D,20210514,000000,54.527,54.641,54.527,54.539,1716,0
FCAL.US,D,20210517,000000,54.472,54.691,54.472,54.517,1163,0
FCAL.US,D,20210518,000000,54.392,54.727,54.332,54.671,9594,0
FCAL.US,D,20210519,000000,54.721,54.731,54.502,54.572,7815,0
FCAL.US,D,20210520,000000,54.362,54.492,54.362,54.492,3607,0
FCAL.US,D,20210521,000000,54.507,54.661,54.445,54.507,8718,0
FCAL.US,D,20210524,000000,54.402,56.498,54.377,54.497,60025,0
FCAL.US,D,20210525,000000,54.621,54.681,54.532,54.532,5091,0
FCAL.US,D,20210526,000000,54.631,54.821,54.621,54.676,6561,0
FCAL.US,D,20210527,000000,54.671,54.801,54.494,54.582,16584,0
FCAL.US,D,20210528,000000,54.731,54.821,54.382,54.651,25836,0
FCAL.US,D,20210601,000000,54.562,54.851,54.562,54.672,7670,0
FCAL.US,D,20210602,000000,54.631,54.911,54.477,54.706,10443,0
FCAL.US,D,20210603,000000,54.602,54.911,54.602,54.901,14213,0
FCAL.US,D,20210604,000000,54.612,54.981,54.612,54.614,15270,0
FCAL.US,D,20210607,000000,54.901,55.001,54.582,54.791,11930,0
FCAL.US,D,20210608,000000,54.831,55.091,54.831,54.886,4532,0
FCAL.US,D,20210609,000000,55.171,55.221,55.011,55.031,9059,0
FCAL.US,D,20210610,000000,55.136,55.211,54.953,55.116,3369,0
FCAL.US,D,20210611,000000,55.181,55.24,55.111,55.181,3664,0
FCAL.US,D,20210614,000000,55.111,55.27,54.965,55.121,12041,0
FCAL.US,D,20210615,000000,55.107,55.201,55.006,55.199,3882,0
FCAL.US,D,20210616,000000,55.078,55.186,54.971,55.111,36064,0
FCAL.US,D,20210617,000000,54.966,55.09,54.811,55.021,26989,0
FCAL.US,D,20210618,000000,55.041,55.141,55.031,55.031,1881,0
FCAL.US,D,20210621,000000,55.111,55.141,54.966,55.051,17297,0
FCAL.US,D,20210622,000000,55.071,55.091,54.911,55.031,20712,0
FCAL.US,D,20210623,000000,55.151,55.151,54.901,54.926,14955,0
FCAL.US,D,20210624,000000,54.891,54.911,54.816,54.911,11657,0
FCAL.US,D,20210625,000000,54.911,55.011,54.871,54.871,4758,0
FCAL.US,D,20210628,000000,54.981,55.021,54.911,55.019,11461,0
FCAL.US,D,20210629,000000,54.671,54.916,54.671,54.871,11681,0
FCAL.US,D,20210630,000000,54.821,55.041,54.821,54.976,8903,0
FCAL.US,D,20210701,000000,54.921,55.061,54.921,54.961,8759,0
FCAL.US,D,20210702,000000,55.046,55.091,55.006,55.006,4583,0
FCAL.US,D,20210706,000000,57.896,57.896,55.076,55.091,10504,0
FCAL.US,D,20210707,000000,55.151,55.151,55.151,55.151,650,0
FCAL.US,D,20210708,000000,55.274,55.39,55.221,55.295,4396,0
FCAL.US,D,20210709,000000,55.101,55.43,55.101,55.315,3511,0
FCAL.US,D,20210712,000000,55.28,55.44,55.191,55.29,11694,0
FCAL.US,D,20210713,000000,55.27,55.34,55.191,55.24,8128,0
FCAL.US,D,20210714,000000,55.33,55.46,55.3,55.31,9152,0
FCAL.US,D,20210715,000000,55.31,55.51,55.231,55.32,4129,0
FCAL.US,D,20210716,000000,55.25,55.26,55.231,55.231,2747,0
FCAL.US,D,20210719,000000,55.45,55.45,55.419,55.435,8197,0
FCAL.US,D,20210720,000000,55.6,55.6,55.31,55.54,7462,0
FCAL.US,D,20210721,000000,55.39,55.43,55.3201,55.33,6306,0
FCAL.US,D,20210722,000000,55.63,55.63,55.27,55.41,1880,0
FCAL.US,D,20210723,000000,55.54,55.54,55.2801,55.425,877,0
FCAL.US,D,20210726,000000,55.26,55.525,55.26,55.45,1248,0
FCAL.US,D,20210727,000000,55.57,55.57,55.3396,55.435,2744,0
FCAL.US,D,20210728,000000,55.27,55.4983,55.27,55.32,3572,0
FCAL.US,D,20210729,000000,55.375,55.4287,55.31,55.37,7956,0
FCAL.US,D,20210730,000000,55.4037,55.41,55.39,55.4,3962,0
FCAL.US,D,20210802,000000,55.63,55.63,55.44,55.445,2491,0
FCAL.US,D,20210803,000000,55.46,55.46,55.361,55.39,8279,0
FCAL.US,D,20210804,000000,55.38,55.57,55.36,55.43,5755,0
FCAL.US,D,20210805,000000,55.57,55.57,55.44,55.44,4571,0
FCAL.US,D,20210806,000000,55.38,55.46,55.32,55.375,26407,0
FCAL.US,D,20210809,000000,55.32,55.4289,55.31,55.31,2703,0
FCAL.US,D,20210810,000000,55.301,55.41,55.3,55.355,3343,0
FCAL.US,D,20210811,000000,55.39,55.42,55.27,55.29,11446,0
FCAL.US,D,20210812,000000,55.25,55.3299,55.21,55.275,5276,0
FCAL.US,D,20210813,000000,55.38,55.38,55.28,55.28,26617,0
FCAL.US,D,20210816,000000,55.3,55.39,55.21,55.26,19402,0
FCAL.US,D,20210817,000000,55.3,55.3,55.2,55.225,4680,0
FCAL.US,D,20210818,000000,55.21,55.2999,55.2,55.245,2751,0
FCAL.US,D,20210819,000000,55.22,55.3056,55.21,55.255,1787,0
FCAL.US,D,20210820,000000,55.25,55.33,55.25,55.25,6211,0
FCAL.US,D,20210823,000000,55.29,55.32,55.21,55.26,6546,0
FCAL.US,D,20210824,000000,55.1,55.21,55.1,55.155,14816,0
FCAL.US,D,20210825,000000,55.145,55.1884,55.1,55.12,4319,0
FCAL.US,D,20210826,000000,55.13,55.1389,55.04,55.1,2882,0
FCAL.US,D,20210827,000000,55.07,55.14,55.0501,55.12,15921,0
FCAL.US,D,20210830,000000,55.125,55.17,55.11,55.16,10976,0
FCAL.US,D,20210831,000000,55.1772,55.19,55.07,55.13,14769,0
FCAL.US,D,20210901,000000,55.06,55.224,55.06,55.14,6570,0
