<TICKER>,<PER>,<DATE>,<TIME>,<OPEN>,<HIGH>,<LOW>,<CLOSE>,<VOL>,<OPENINT>
FCEF.US,D,20160929,000000,16.375,16.375,16.297,16.297,1848,0
FCEF.US,D,20161003,000000,16.375,16.375,16.375,16.375,1230,0
FCEF.US,D,20161005,000000,16.344,16.344,16.344,16.344,3081,0
FCEF.US,D,20161006,000000,16.375,16.375,16.375,16.375,371,0
FCEF.US,D,20161010,000000,16.444,16.988,16.444,16.606,6167,0
FCEF.US,D,20161011,000000,16.279,16.279,16.279,16.279,618,0
FCEF.US,D,20161012,000000,16.297,16.297,16.18,16.18,6167,0
FCEF.US,D,20161013,000000,16.167,16.182,16.126,16.133,1587,0
FCEF.US,D,20161014,000000,16.133,16.151,16.133,16.151,4002,0
FCEF.US,D,20161017,000000,16.076,16.076,16.076,16.076,928,0
FCEF.US,D,20161018,000000,16.038,16.038,15.998,16.038,4811,0
FCEF.US,D,20161020,000000,16.045,16.125,16.045,16.103,2341,0
FCEF.US,D,20161021,000000,16.143,16.143,16.122,16.122,924,0
FCEF.US,D,20161025,000000,16.209,16.209,16.175,16.175,2616,0
FCEF.US,D,20161026,000000,16.133,17.525,16.112,16.119,12457,0
FCEF.US,D,20161027,000000,16.143,16.143,16.029,16.029,5398,0
FCEF.US,D,20161031,000000,15.946,15.946,15.868,15.926,1142,0
FCEF.US,D,20161102,000000,15.694,15.694,15.694,15.694,2444,0
FCEF.US,D,20161103,000000,15.491,15.534,15.491,15.495,2687,0
FCEF.US,D,20161104,000000,15.438,15.507,15.438,15.453,1781,0
FCEF.US,D,20161107,000000,15.543,15.644,15.507,15.507,3716,0
FCEF.US,D,20161108,000000,15.694,15.694,15.694,15.694,297,0
FCEF.US,D,20161109,000000,15.762,15.808,15.762,15.808,735,0
FCEF.US,D,20161110,000000,15.834,15.834,15.721,15.775,8676,0
FCEF.US,D,20161111,000000,15.661,15.661,15.661,15.661,756,0
FCEF.US,D,20161114,000000,15.652,15.66,15.605,15.605,16988,0
FCEF.US,D,20161115,000000,18.725,18.725,15.737,15.737,2249,0
FCEF.US,D,20161116,000000,15.826,15.826,15.826,15.826,1164,0
FCEF.US,D,20161117,000000,15.857,17.406,15.835,15.865,9819,0
FCEF.US,D,20161118,000000,15.848,15.865,15.848,15.865,15830,0
FCEF.US,D,20161121,000000,15.972,15.972,15.972,15.972,922,0
FCEF.US,D,20161122,000000,16.031,16.054,16.031,16.054,5487,0
FCEF.US,D,20161123,000000,16.038,16.046,16.038,16.046,296,0
FCEF.US,D,20161125,000000,16.126,16.152,16.126,16.144,9004,0
FCEF.US,D,20161128,000000,16.144,16.144,16.111,16.126,2561,0
FCEF.US,D,20161129,000000,16.054,16.054,16.054,16.054,245,0
FCEF.US,D,20161130,000000,16.071,16.071,16.071,16.071,742,0
FCEF.US,D,20161201,000000,16.045,16.045,15.985,15.985,1840,0
FCEF.US,D,20161202,000000,16.008,16.012,16.008,16.012,1111,0
FCEF.US,D,20161205,000000,16.061,16.061,16.061,16.061,1217,0
FCEF.US,D,20161206,000000,16.055,17.664,16.055,16.176,147423,0
FCEF.US,D,20161207,000000,16.184,16.275,16.149,16.275,2176,0
FCEF.US,D,20161208,000000,16.256,16.371,16.188,16.256,12551,0
FCEF.US,D,20161209,000000,16.316,16.316,16.282,16.316,90559,0
FCEF.US,D,20161212,000000,16.211,16.292,16.211,16.25,21339,0
FCEF.US,D,20161213,000000,16.308,16.451,16.277,16.358,11408,0
FCEF.US,D,20161214,000000,16.266,16.351,16.266,16.299,7772,0
FCEF.US,D,20161215,000000,16.3,16.3,16.269,16.3,2899,0
FCEF.US,D,20161216,000000,16.348,16.349,16.325,16.341,18500,0
FCEF.US,D,20161219,000000,16.398,16.406,16.353,16.353,69517,0
FCEF.US,D,20161220,000000,16.415,16.415,16.341,16.415,37540,0
FCEF.US,D,20161221,000000,16.415,16.415,16.4,16.404,10567,0
FCEF.US,D,20161222,000000,16.449,16.449,16.4,16.407,4294,0
FCEF.US,D,20161223,000000,16.424,16.485,16.424,16.481,3050,0
FCEF.US,D,20161227,000000,16.523,16.533,16.489,16.489,2064,0
FCEF.US,D,20161228,000000,16.481,16.481,16.481,16.481,418,0
FCEF.US,D,20161229,000000,16.462,16.486,16.462,16.486,785,0
FCEF.US,D,20161230,000000,16.555,16.572,16.486,16.486,1545,0
FCEF.US,D,20170103,000000,16.564,16.596,16.564,16.596,717,0
FCEF.US,D,20170104,000000,16.735,16.754,16.572,16.587,15542,0
FCEF.US,D,20170105,000000,16.671,16.671,16.631,16.647,5285,0
FCEF.US,D,20170106,000000,16.687,16.736,16.687,16.736,785,0
FCEF.US,D,20170109,000000,16.745,16.754,16.728,16.754,3963,0
FCEF.US,D,20170110,000000,16.762,16.788,16.762,16.788,1666,0
FCEF.US,D,20170111,000000,16.793,16.795,16.793,16.795,1670,0
FCEF.US,D,20170112,000000,16.867,16.867,16.731,16.781,18603,0
FCEF.US,D,20170113,000000,16.791,16.823,16.772,16.803,9421,0
FCEF.US,D,20170117,000000,16.796,16.843,16.796,16.834,2764,0
FCEF.US,D,20170118,000000,16.843,16.843,16.639,16.807,33387,0
FCEF.US,D,20170119,000000,16.834,16.834,16.718,16.75,9223,0
FCEF.US,D,20170120,000000,16.745,16.827,16.745,16.791,13021,0
FCEF.US,D,20170123,000000,16.745,16.824,16.745,16.824,2559,0
FCEF.US,D,20170124,000000,16.868,16.902,16.868,16.898,2608,0
FCEF.US,D,20170125,000000,17.005,17.005,16.953,16.953,5684,0
FCEF.US,D,20170126,000000,17.019,17.042,16.961,17.042,17817,0
FCEF.US,D,20170130,000000,16.936,16.942,16.936,16.942,758,0
FCEF.US,D,20170131,000000,16.987,16.987,16.936,16.987,6643,0
FCEF.US,D,20170201,000000,17.038,17.074,17.032,17.074,4758,0
FCEF.US,D,20170202,000000,17.066,17.093,17.017,17.093,8680,0
FCEF.US,D,20170203,000000,17.112,17.177,17.094,17.177,26204,0
FCEF.US,D,20170206,000000,17.154,17.248,17.154,17.248,4030,0
FCEF.US,D,20170207,000000,17.184,17.184,17.177,17.177,1244,0
FCEF.US,D,20170208,000000,17.116,17.116,17.116,17.116,317,0
FCEF.US,D,20170209,000000,17.18,17.18,17.136,17.136,5408,0
FCEF.US,D,20170210,000000,17.246,17.263,17.226,17.239,15817,0
FCEF.US,D,20170213,000000,17.316,17.316,17.241,17.3,5049,0
FCEF.US,D,20170214,000000,17.282,17.3,17.253,17.3,7660,0
FCEF.US,D,20170215,000000,17.325,17.325,17.277,17.277,3982,0
FCEF.US,D,20170216,000000,17.28,17.282,17.193,17.193,1634,0
FCEF.US,D,20170217,000000,17.25,17.25,17.163,17.24,16672,0
FCEF.US,D,20170221,000000,17.292,17.316,17.292,17.316,6316,0
FCEF.US,D,20170222,000000,17.316,17.325,17.273,17.325,5092,0
FCEF.US,D,20170223,000000,17.393,17.393,17.359,17.384,6350,0
FCEF.US,D,20170224,000000,17.368,17.376,17.343,17.368,3274,0
FCEF.US,D,20170227,000000,17.44,17.44,17.393,17.405,5611,0
FCEF.US,D,20170228,000000,17.44,17.44,17.282,17.349,67361,0
FCEF.US,D,20170301,000000,17.45,17.525,17.45,17.498,4635,0
FCEF.US,D,20170302,000000,17.47,17.47,17.384,17.425,10595,0
FCEF.US,D,20170303,000000,17.409,17.409,17.407,17.408,1881,0
FCEF.US,D,20170306,000000,17.409,17.409,17.38,17.401,1732,0
FCEF.US,D,20170307,000000,17.357,17.409,17.343,17.384,6609,0
FCEF.US,D,20170308,000000,17.336,17.336,17.253,17.253,5448,0
FCEF.US,D,20170309,000000,17.051,17.092,17.048,17.048,2710,0
FCEF.US,D,20170310,000000,17.099,17.125,17.059,17.065,4179,0
FCEF.US,D,20170313,000000,17.154,17.154,17.099,17.125,4562,0
FCEF.US,D,20170314,000000,17.048,17.057,17.015,17.048,3548,0
FCEF.US,D,20170315,000000,17.092,17.183,17.077,17.183,12999,0
FCEF.US,D,20170316,000000,17.183,17.24,17.171,17.22,4073,0
FCEF.US,D,20170317,000000,17.259,17.294,17.249,17.274,5249,0
FCEF.US,D,20170320,000000,17.368,17.368,17.293,17.343,7134,0
FCEF.US,D,20170321,000000,17.376,17.376,17.217,17.217,4468,0
FCEF.US,D,20170322,000000,17.167,17.24,17.166,17.24,5057,0
FCEF.US,D,20170323,000000,17.282,17.282,17.244,17.263,1071,0
FCEF.US,D,20170324,000000,17.246,17.246,17.225,17.225,1545,0
FCEF.US,D,20170327,000000,17.201,17.233,17.201,17.233,2785,0
FCEF.US,D,20170328,000000,17.344,17.344,17.263,17.263,23615,0
FCEF.US,D,20170329,000000,17.366,17.377,17.337,17.337,4250,0
FCEF.US,D,20170330,000000,17.376,17.409,17.335,17.385,11142,0
FCEF.US,D,20170331,000000,17.394,17.426,17.394,17.406,2385,0
FCEF.US,D,20170403,000000,17.439,17.439,17.414,17.414,1786,0
FCEF.US,D,20170404,000000,17.379,17.406,17.353,17.401,7049,0
FCEF.US,D,20170405,000000,17.426,17.481,17.426,17.45,9797,0
FCEF.US,D,20170406,000000,17.45,17.455,17.424,17.434,1503,0
FCEF.US,D,20170407,000000,17.45,17.481,17.45,17.481,924,0
FCEF.US,D,20170410,000000,17.523,17.523,17.523,17.523,300,0
FCEF.US,D,20170411,000000,17.581,17.621,17.581,17.621,5719,0
FCEF.US,D,20170412,000000,17.584,17.621,17.571,17.621,14237,0
FCEF.US,D,20170413,000000,17.621,17.628,17.535,17.535,3609,0
FCEF.US,D,20170417,000000,17.595,17.604,17.517,17.596,218505,0
FCEF.US,D,20170418,000000,17.575,17.599,17.575,17.577,3141,0
FCEF.US,D,20170419,000000,17.605,17.683,17.553,17.621,6980,0
FCEF.US,D,20170420,000000,17.65,17.683,17.628,17.683,17031,0
FCEF.US,D,20170421,000000,17.708,17.708,17.668,17.682,57465,0
FCEF.US,D,20170424,000000,17.734,17.805,17.708,17.787,5609,0
FCEF.US,D,20170425,000000,17.769,17.845,17.769,17.838,8343,0
FCEF.US,D,20170426,000000,17.801,17.869,17.801,17.822,4073,0
FCEF.US,D,20170427,000000,17.795,17.876,17.795,17.855,9912,0
FCEF.US,D,20170428,000000,17.744,17.915,17.744,17.909,31136,0
FCEF.US,D,20170501,000000,17.9,17.953,17.876,17.892,6594,0
FCEF.US,D,20170502,000000,17.962,17.971,17.901,17.901,38450,0
FCEF.US,D,20170503,000000,17.953,17.971,17.917,17.926,36440,0
FCEF.US,D,20170504,000000,17.901,17.901,17.825,17.869,6814,0
FCEF.US,D,20170505,000000,17.909,17.935,17.909,17.93,18829,0
FCEF.US,D,20170508,000000,17.838,18.039,17.838,17.987,36612,0
FCEF.US,D,20170509,000000,18.006,18.006,17.952,17.968,17008,0
FCEF.US,D,20170510,000000,17.983,18.023,17.978,18.023,21387,0
FCEF.US,D,20170511,000000,17.926,17.971,17.926,17.962,855,0
FCEF.US,D,20170512,000000,17.997,17.997,17.908,17.908,13761,0
FCEF.US,D,20170515,000000,18.014,18.03,17.978,17.978,20513,0
FCEF.US,D,20170516,000000,18.023,18.023,17.962,17.997,34380,0
FCEF.US,D,20170517,000000,17.892,17.909,17.761,17.796,6043,0
FCEF.US,D,20170518,000000,17.805,17.815,17.765,17.795,5102,0
FCEF.US,D,20170519,000000,17.935,17.935,17.9,17.926,7346,0
FCEF.US,D,20170522,000000,17.987,18.006,17.909,17.954,6454,0
FCEF.US,D,20170523,000000,18.023,18.06,17.992,18.02,13654,0
FCEF.US,D,20170524,000000,18.001,18.109,18.001,18.108,18491,0
FCEF.US,D,20170525,000000,18.109,18.142,18.051,18.125,8853,0
FCEF.US,D,20170526,000000,18.104,18.119,18.07,18.089,3159,0
FCEF.US,D,20170530,000000,18.1,18.1,18.059,18.059,1489,0
FCEF.US,D,20170531,000000,18.081,18.081,18.041,18.078,3180,0
FCEF.US,D,20170601,000000,18.11,18.169,18.09,18.142,2473,0
FCEF.US,D,20170602,000000,18.185,18.211,18.139,18.193,14745,0
FCEF.US,D,20170605,000000,18.185,18.211,18.125,18.175,9343,0
FCEF.US,D,20170606,000000,18.183,18.193,18.109,18.193,17589,0
FCEF.US,D,20170607,000000,18.193,18.211,18.09,18.09,40588,0
FCEF.US,D,20170608,000000,18.091,18.118,18.091,18.099,2812,0
FCEF.US,D,20170609,000000,18.134,18.173,18.125,18.151,8018,0
FCEF.US,D,20170612,000000,18.125,18.125,18.125,18.125,948,0
FCEF.US,D,20170613,000000,18.164,18.185,18.147,18.164,3463,0
FCEF.US,D,20170614,000000,18.139,18.177,18.139,18.168,726,0
FCEF.US,D,20170615,000000,18.083,18.109,18.052,18.052,3603,0
FCEF.US,D,20170616,000000,18.118,18.151,18.076,18.151,4413,0
FCEF.US,D,20170619,000000,18.193,18.229,18.18,18.209,6746,0
FCEF.US,D,20170620,000000,18.177,18.211,18.159,18.174,13427,0
FCEF.US,D,20170621,000000,18.133,18.168,18.063,18.063,7338,0
FCEF.US,D,20170622,000000,18.105,18.129,18.063,18.085,25379,0
FCEF.US,D,20170623,000000,18.104,18.129,18.039,18.107,16892,0
FCEF.US,D,20170626,000000,18.129,18.187,18.085,18.118,27568,0
FCEF.US,D,20170627,000000,18.158,18.164,18.03,18.086,114626,0
FCEF.US,D,20170628,000000,18.129,18.19,18.129,18.19,17415,0
FCEF.US,D,20170629,000000,18.139,18.139,18.048,18.068,13321,0
FCEF.US,D,20170630,000000,18.155,18.167,18.122,18.146,7326,0
FCEF.US,D,20170703,000000,18.259,18.288,18.211,18.242,4427,0
FCEF.US,D,20170705,000000,18.288,18.288,18.207,18.241,20493,0
FCEF.US,D,20170706,000000,18.207,18.211,18.125,18.125,27236,0
FCEF.US,D,20170707,000000,18.13,18.182,18.13,18.141,3862,0
FCEF.US,D,20170710,000000,18.172,18.207,18.142,18.194,7912,0
FCEF.US,D,20170711,000000,18.216,18.251,18.147,18.219,10016,0
FCEF.US,D,20170712,000000,18.298,18.325,18.259,18.302,8251,0
FCEF.US,D,20170713,000000,18.329,18.37,18.283,18.37,20410,0
FCEF.US,D,20170714,000000,18.393,18.436,18.35,18.385,8252,0
FCEF.US,D,20170717,000000,18.445,18.445,18.36,18.415,14630,0
FCEF.US,D,20170718,000000,18.4,18.478,18.379,18.474,5598,0
FCEF.US,D,20170719,000000,18.51,18.536,18.474,18.516,3930,0
FCEF.US,D,20170720,000000,18.511,18.571,18.511,18.524,4255,0
FCEF.US,D,20170721,000000,18.581,18.581,18.572,18.572,5238,0
FCEF.US,D,20170724,000000,18.564,18.589,18.517,18.564,1395,0
FCEF.US,D,20170725,000000,18.554,18.554,18.524,18.551,6911,0
FCEF.US,D,20170726,000000,18.536,18.63,18.536,18.553,3045,0
FCEF.US,D,20170727,000000,18.554,18.575,18.545,18.545,6269,0
FCEF.US,D,20170728,000000,18.518,18.554,18.518,18.534,2368,0
FCEF.US,D,20170731,000000,18.613,18.613,18.564,18.564,1793,0
FCEF.US,D,20170801,000000,18.6,18.631,18.598,18.631,3672,0
FCEF.US,D,20170802,000000,18.619,18.619,18.558,18.558,911,0
FCEF.US,D,20170803,000000,18.528,18.563,18.528,18.557,3859,0
FCEF.US,D,20170804,000000,18.581,18.581,18.494,18.535,10180,0
FCEF.US,D,20170807,000000,18.563,18.598,18.51,18.581,16956,0
FCEF.US,D,20170808,000000,18.567,18.574,18.475,18.502,6565,0
FCEF.US,D,20170809,000000,18.415,18.426,18.341,18.356,6375,0
FCEF.US,D,20170810,000000,18.179,18.179,17.969,17.969,3318,0
FCEF.US,D,20170811,000000,17.911,18.125,17.911,18.071,9560,0
FCEF.US,D,20170814,000000,18.079,18.259,18.079,18.259,4207,0
FCEF.US,D,20170815,000000,18.203,18.203,18.154,18.189,5075,0
FCEF.US,D,20170816,000000,18.266,18.266,18.198,18.215,1337,0
FCEF.US,D,20170817,000000,18.244,18.259,18.215,18.215,2983,0
FCEF.US,D,20170818,000000,18.124,18.124,18.085,18.09,3296,0
FCEF.US,D,20170821,000000,18.121,18.138,18.085,18.101,1824,0
FCEF.US,D,20170822,000000,18.153,18.237,18.153,18.225,8984,0
FCEF.US,D,20170823,000000,18.283,18.283,18.283,18.283,831,0
FCEF.US,D,20170824,000000,18.342,18.342,18.342,18.342,1117,0
FCEF.US,D,20170825,000000,18.31,18.341,18.283,18.33,6686,0
FCEF.US,D,20170828,000000,18.35,18.37,18.288,18.328,21421,0
FCEF.US,D,20170829,000000,18.279,18.36,18.279,18.324,1909,0
FCEF.US,D,20170830,000000,18.418,18.437,18.394,18.394,7243,0
FCEF.US,D,20170831,000000,18.481,18.503,18.448,18.462,6317,0
FCEF.US,D,20170901,000000,18.538,18.59,18.519,18.583,6295,0
FCEF.US,D,20170905,000000,18.496,18.521,18.37,18.37,8472,0
FCEF.US,D,20170906,000000,18.496,18.503,18.402,18.42,14712,0
FCEF.US,D,20170907,000000,18.387,18.565,18.387,18.546,7470,0
FCEF.US,D,20170908,000000,18.521,18.521,18.462,18.512,4813,0
FCEF.US,D,20170911,000000,18.546,18.59,18.532,18.558,10950,0
FCEF.US,D,20170912,000000,18.586,18.633,18.586,18.601,4076,0
FCEF.US,D,20170913,000000,18.615,18.615,18.615,18.615,562,0
FCEF.US,D,20170914,000000,18.599,18.607,18.521,18.607,4927,0
FCEF.US,D,20170915,000000,18.512,18.623,18.512,18.611,7185,0
FCEF.US,D,20170918,000000,18.556,18.674,18.556,18.658,16360,0
FCEF.US,D,20170919,000000,18.659,18.699,18.659,18.699,1117,0
FCEF.US,D,20170920,000000,18.705,18.732,18.705,18.725,11276,0
FCEF.US,D,20170921,000000,18.694,18.708,18.686,18.708,2304,0
FCEF.US,D,20170922,000000,18.716,18.786,18.691,18.741,20994,0
FCEF.US,D,20170925,000000,18.751,18.769,18.708,18.725,5213,0
FCEF.US,D,20170926,000000,18.755,18.769,18.731,18.732,5640,0
FCEF.US,D,20170927,000000,18.769,18.773,18.708,18.761,26622,0
FCEF.US,D,20170928,000000,18.751,18.765,18.72,18.765,2209,0
FCEF.US,D,20170929,000000,18.8,18.864,18.8,18.864,2964,0
FCEF.US,D,20171002,000000,18.907,18.937,18.891,18.908,6642,0
FCEF.US,D,20171003,000000,18.919,18.955,18.899,18.946,13069,0
FCEF.US,D,20171004,000000,18.945,18.945,18.849,18.915,12919,0
FCEF.US,D,20171005,000000,18.922,18.964,18.88,18.898,3612,0
FCEF.US,D,20171006,000000,18.964,18.964,18.919,18.924,2569,0
FCEF.US,D,20171009,000000,18.937,18.989,18.937,18.989,4719,0
FCEF.US,D,20171010,000000,19.016,19.038,19.012,19.021,2723,0
FCEF.US,D,20171011,000000,19.061,19.061,19.005,19.061,10965,0
FCEF.US,D,20171012,000000,19.044,19.058,19.026,19.058,1701,0
FCEF.US,D,20171013,000000,19.064,19.103,19.043,19.084,6219,0
FCEF.US,D,20171016,000000,19.104,19.104,19.007,19.029,5441,0
FCEF.US,D,20171017,000000,19.035,19.043,18.982,19.035,8103,0
FCEF.US,D,20171018,000000,19.067,19.067,18.992,19.015,16130,0
FCEF.US,D,20171019,000000,19.009,19.016,18.964,19,5060,0
FCEF.US,D,20171020,000000,19.043,19.053,19.013,19.053,5349,0
FCEF.US,D,20171023,000000,19.061,19.067,18.914,18.914,5565,0
FCEF.US,D,20171024,000000,19.001,19.035,18.964,18.964,6195,0
FCEF.US,D,20171025,000000,19.009,19.009,18.801,18.827,12898,0
FCEF.US,D,20171026,000000,18.776,18.832,18.768,18.832,1545,0
FCEF.US,D,20171027,000000,18.827,18.888,18.795,18.866,23163,0
FCEF.US,D,20171030,000000,18.888,20.556,18.818,18.843,8557,0
FCEF.US,D,20171031,000000,18.908,18.942,18.855,18.922,8816,0
FCEF.US,D,20171101,000000,18.974,18.974,18.884,18.884,6547,0
FCEF.US,D,20171102,000000,18.818,19.009,18.802,18.846,7015,0
FCEF.US,D,20171103,000000,18.87,18.888,18.794,18.888,2215,0
FCEF.US,D,20171106,000000,18.876,18.937,18.846,18.937,7195,0
FCEF.US,D,20171107,000000,18.964,18.964,18.836,18.901,7592,0
FCEF.US,D,20171108,000000,18.913,18.913,18.794,18.822,3115,0
FCEF.US,D,20171109,000000,18.811,18.811,18.691,18.695,2732,0
FCEF.US,D,20171110,000000,18.76,18.776,18.725,18.737,29370,0
FCEF.US,D,20171113,000000,18.76,18.76,18.584,18.647,10002,0
FCEF.US,D,20171114,000000,18.498,18.498,18.411,18.438,2593,0
FCEF.US,D,20171115,000000,18.336,18.446,18.336,18.404,3835,0
FCEF.US,D,20171116,000000,18.528,18.597,18.528,18.57,4391,0
FCEF.US,D,20171117,000000,18.613,18.649,18.584,18.631,17234,0
FCEF.US,D,20171120,000000,18.597,18.654,18.597,18.64,7962,0
FCEF.US,D,20171121,000000,18.691,18.741,18.64,18.725,6897,0
FCEF.US,D,20171122,000000,18.733,18.761,18.732,18.761,17874,0
FCEF.US,D,20171124,000000,18.718,18.871,18.718,18.856,13202,0
FCEF.US,D,20171127,000000,18.819,18.819,18.786,18.786,510,0
FCEF.US,D,20171128,000000,18.828,18.828,18.777,18.819,22827,0
FCEF.US,D,20171129,000000,18.751,18.828,18.691,18.725,6275,0
FCEF.US,D,20171130,000000,18.792,18.842,18.792,18.811,21498,0
FCEF.US,D,20171201,000000,18.774,18.81,18.725,18.757,1306,0
FCEF.US,D,20171204,000000,18.761,18.871,18.761,18.836,14377,0
FCEF.US,D,20171205,000000,18.777,18.828,18.777,18.828,31355,0
FCEF.US,D,20171206,000000,18.811,18.811,18.751,18.775,5974,0
FCEF.US,D,20171207,000000,18.856,18.856,18.733,18.795,207626,0
FCEF.US,D,20171208,000000,18.819,18.819,18.725,18.794,6300,0
FCEF.US,D,20171211,000000,18.871,18.871,18.819,18.852,7704,0
FCEF.US,D,20171212,000000,18.777,18.889,18.777,18.856,1388,0
FCEF.US,D,20171213,000000,18.848,18.902,18.848,18.886,5660,0
FCEF.US,D,20171214,000000,18.856,18.908,18.856,18.908,780,0
FCEF.US,D,20171215,000000,18.889,18.938,18.884,18.938,12650,0
FCEF.US,D,20171218,000000,19.016,19.033,19.011,19.011,3418,0
FCEF.US,D,20171219,000000,18.919,18.973,18.919,18.942,5939,0
FCEF.US,D,20171220,000000,18.927,19.002,18.92,18.972,14023,0
FCEF.US,D,20171221,000000,18.932,18.986,18.923,18.963,9409,0
FCEF.US,D,20171222,000000,18.976,19.045,18.957,19.045,5984,0
FCEF.US,D,20171226,000000,18.966,19.025,18.957,19.018,6400,0
FCEF.US,D,20171227,000000,19.055,19.073,19.054,19.068,4405,0
FCEF.US,D,20171228,000000,19.067,19.096,19.067,19.087,1785,0
FCEF.US,D,20171229,000000,19.045,19.173,19.045,19.077,12422,0
FCEF.US,D,20180102,000000,19.201,19.229,19.14,19.192,21581,0
FCEF.US,D,20180103,000000,19.206,19.288,19.183,19.263,9919,0
FCEF.US,D,20180104,000000,19.312,19.428,19.312,19.383,7104,0
FCEF.US,D,20180105,000000,19.343,19.401,19.343,19.351,1704,0
FCEF.US,D,20180108,000000,19.383,19.437,19.383,19.418,6786,0
FCEF.US,D,20180109,000000,19.435,19.47,19.338,19.338,10924,0
FCEF.US,D,20180110,000000,19.326,19.383,19.269,19.355,15710,0
FCEF.US,D,20180111,000000,19.404,19.464,19.37,19.419,14621,0
FCEF.US,D,20180112,000000,19.479,19.512,19.409,19.464,18431,0
FCEF.US,D,20180116,000000,19.545,19.556,19.388,19.388,9467,0
FCEF.US,D,20180117,000000,19.484,19.484,19.355,19.449,26840,0
FCEF.US,D,20180118,000000,19.408,19.408,19.381,19.401,3942,0
FCEF.US,D,20180119,000000,19.388,19.428,19.293,19.428,7043,0
FCEF.US,D,20180122,000000,19.338,19.502,19.338,19.483,12029,0
FCEF.US,D,20180123,000000,19.507,19.583,19.493,19.561,10013,0
FCEF.US,D,20180124,000000,19.583,19.671,19.583,19.604,11238,0
FCEF.US,D,20180125,000000,19.624,19.655,19.521,19.57,10200,0
FCEF.US,D,20180126,000000,19.563,19.663,19.563,19.614,15827,0
FCEF.US,D,20180129,000000,19.573,19.586,19.493,19.554,4821,0
FCEF.US,D,20180130,000000,19.493,19.493,19.21,19.276,12685,0
FCEF.US,D,20180131,000000,19.383,19.428,19.293,19.332,32416,0
FCEF.US,D,20180201,000000,19.27,19.364,19.27,19.283,25275,0
FCEF.US,D,20180202,000000,19.173,19.173,18.93,18.936,80422,0
FCEF.US,D,20180205,000000,18.921,18.921,18.303,18.303,51410,0
FCEF.US,D,20180206,000000,18.921,18.921,18.33,18.637,40096,0
FCEF.US,D,20180207,000000,18.591,18.846,18.591,18.766,6155,0
FCEF.US,D,20180208,000000,19.374,21.034,17.427,18.461,15625,0
FCEF.US,D,20180209,000000,18.41,18.41,18.262,18.262,2298,0
FCEF.US,D,20180212,000000,18.444,18.596,18.391,18.596,36383,0
FCEF.US,D,20180213,000000,18.6,18.649,18.538,18.649,888,0
FCEF.US,D,20180214,000000,18.6,18.668,18.6,18.66,5388,0
FCEF.US,D,20180215,000000,18.687,18.863,18.687,18.801,51653,0
FCEF.US,D,20180216,000000,18.931,18.957,18.836,18.898,22631,0
FCEF.US,D,20180220,000000,18.879,18.884,18.845,18.845,1559,0
FCEF.US,D,20180221,000000,18.923,18.938,18.854,18.938,8691,0
FCEF.US,D,20180222,000000,18.886,18.886,18.792,18.793,5358,0
FCEF.US,D,20180223,000000,18.836,18.914,18.836,18.914,2691,0
FCEF.US,D,20180226,000000,19.018,19.051,18.947,19.028,2383,0
FCEF.US,D,20180227,000000,19.001,19.001,18.876,18.938,2030,0
FCEF.US,D,20180228,000000,18.92,18.92,18.888,18.918,2131,0
FCEF.US,D,20180301,000000,18.864,18.864,18.706,18.722,6689,0
FCEF.US,D,20180305,000000,18.739,18.76,18.739,18.751,3167,0
FCEF.US,D,20180306,000000,18.812,18.869,18.775,18.821,8596,0
FCEF.US,D,20180307,000000,18.807,18.892,18.785,18.892,3741,0
FCEF.US,D,20180308,000000,18.898,18.992,18.898,18.992,2631,0
FCEF.US,D,20180309,000000,19.12,19.12,19.119,19.119,1349,0
FCEF.US,D,20180312,000000,19.175,19.175,19.145,19.145,1283,0
FCEF.US,D,20180313,000000,19.235,19.235,19.088,19.112,3648,0
FCEF.US,D,20180314,000000,19.133,19.133,19.002,19.061,3491,0
FCEF.US,D,20180315,000000,19.027,19.093,19.009,19.024,4111,0
FCEF.US,D,20180316,000000,19.107,19.107,19.004,19.01,6190,0
FCEF.US,D,20180319,000000,18.946,18.946,18.811,18.858,4985,0
FCEF.US,D,20180320,000000,18.853,18.93,18.835,18.874,1956,0
FCEF.US,D,20180321,000000,18.837,18.866,18.828,18.863,3646,0
FCEF.US,D,20180322,000000,18.779,18.779,18.643,18.705,101533,0
FCEF.US,D,20180323,000000,18.602,18.602,18.528,18.528,4153,0
FCEF.US,D,20180326,000000,18.536,18.606,18.493,18.493,4057,0
FCEF.US,D,20180327,000000,18.615,18.746,18.52,18.52,5327,0
FCEF.US,D,20180328,000000,18.45,18.598,18.45,18.574,1373,0
FCEF.US,D,20180329,000000,18.606,18.729,18.606,18.729,674,0
FCEF.US,D,20180402,000000,18.671,18.671,18.519,18.561,513,0
FCEF.US,D,20180403,000000,18.519,18.644,18.519,18.629,4158,0
FCEF.US,D,20180404,000000,18.555,18.659,18.555,18.659,4452,0
FCEF.US,D,20180405,000000,18.685,18.772,18.685,18.772,3247,0
FCEF.US,D,20180406,000000,18.695,18.695,18.685,18.685,693,0
FCEF.US,D,20180409,000000,18.788,18.867,18.773,18.773,5143,0
FCEF.US,D,20180410,000000,18.737,18.897,18.737,18.837,2654,0
FCEF.US,D,20180411,000000,18.849,18.937,18.849,18.849,3113,0
FCEF.US,D,20180412,000000,18.953,18.953,18.953,18.953,324,0
FCEF.US,D,20180413,000000,18.849,18.942,18.849,18.883,4354,0
FCEF.US,D,20180416,000000,18.912,18.935,18.883,18.931,4399,0
FCEF.US,D,20180417,000000,19.027,19.055,18.999,19.054,3694,0
FCEF.US,D,20180418,000000,19,19.073,18.981,18.981,8320,0
FCEF.US,D,20180419,000000,18.82,19.033,17.812,18.921,2003,0
FCEF.US,D,20180420,000000,18.921,18.971,18.811,18.811,4609,0
FCEF.US,D,20180423,000000,18.874,18.902,18.811,18.874,10867,0
FCEF.US,D,20180424,000000,18.917,18.917,18.751,18.779,2002,0
FCEF.US,D,20180425,000000,18.732,18.741,18.68,18.741,3183,0
FCEF.US,D,20180426,000000,18.795,18.86,18.795,18.86,2292,0
FCEF.US,D,20180427,000000,18.874,18.952,18.865,18.92,26875,0
FCEF.US,D,20180430,000000,18.992,18.992,18.962,18.962,1579,0
FCEF.US,D,20180501,000000,18.952,18.952,18.938,18.938,469,0
FCEF.US,D,20180502,000000,18.99,18.999,18.911,18.971,6705,0
FCEF.US,D,20180503,000000,18.82,18.82,18.813,18.813,1972,0
FCEF.US,D,20180504,000000,18.874,18.874,18.858,18.858,822,0
FCEF.US,D,20180507,000000,19.067,19.067,19.032,19.051,3916,0
FCEF.US,D,20180508,000000,18.99,18.999,18.929,18.971,10277,0
FCEF.US,D,20180509,000000,19.023,19.033,18.981,18.981,1514,0
FCEF.US,D,20180510,000000,19.156,19.172,19.147,19.164,2565,0
FCEF.US,D,20180511,000000,19.195,19.195,19.195,19.195,743,0
FCEF.US,D,20180514,000000,19.224,19.283,19.159,19.159,4039,0
FCEF.US,D,20180515,000000,19.064,19.143,19.064,19.143,9800,0
FCEF.US,D,20180516,000000,19.094,19.186,19.079,19.131,470993,0
FCEF.US,D,20180517,000000,19.071,19.125,19.071,19.108,6640,0
FCEF.US,D,20180518,000000,19.091,19.143,19.046,19.108,11224,0
FCEF.US,D,20180521,000000,19.17,19.223,19.134,19.223,7511,0
FCEF.US,D,20180522,000000,19.223,19.223,19.169,19.169,1027,0
FCEF.US,D,20180523,000000,19.148,19.148,19.148,19.148,283,0
FCEF.US,D,20180524,000000,19.197,19.197,19.152,19.152,733,0
FCEF.US,D,20180525,000000,19.152,19.189,19.125,19.125,3484,0
FCEF.US,D,20180529,000000,19.108,19.108,19.108,19.108,470,0
FCEF.US,D,20180530,000000,19.172,19.214,19.169,19.19,860,0
FCEF.US,D,20180531,000000,19.219,19.219,19.169,19.177,2287,0
FCEF.US,D,20180601,000000,19.169,19.283,19.169,19.283,1712,0
FCEF.US,D,20180604,000000,19.283,19.299,19.273,19.292,1270,0
FCEF.US,D,20180605,000000,19.343,19.418,19.31,19.32,237321,0
FCEF.US,D,20180606,000000,19.441,19.441,19.411,19.418,2597,0
FCEF.US,D,20180607,000000,19.354,19.462,19.354,19.382,12003,0
FCEF.US,D,20180608,000000,19.337,19.401,19.337,19.354,2225,0
FCEF.US,D,20180611,000000,19.436,19.436,19.363,19.373,3465,0
FCEF.US,D,20180612,000000,19.443,19.443,19.426,19.426,2041,0
FCEF.US,D,20180613,000000,19.488,19.502,19.488,19.502,921,0
FCEF.US,D,20180614,000000,19.441,19.477,19.426,19.426,6887,0
FCEF.US,D,20180615,000000,19.406,19.418,19.406,19.418,716,0
FCEF.US,D,20180618,000000,19.458,19.458,19.345,19.345,1378,0
FCEF.US,D,20180619,000000,19.358,19.395,19.346,19.395,6568,0
FCEF.US,D,20180620,000000,19.43,19.458,19.43,19.458,368,0
FCEF.US,D,20180621,000000,19.382,19.387,19.358,19.382,2422,0
FCEF.US,D,20180622,000000,19.463,19.463,19.404,19.451,2772,0
FCEF.US,D,20180625,000000,19.333,19.333,19.219,19.219,9291,0
FCEF.US,D,20180626,000000,19.22,19.283,19.22,19.248,3582,0
FCEF.US,D,20180627,000000,19.316,19.316,19.195,19.195,1910,0
FCEF.US,D,20180628,000000,19.119,19.199,19.119,19.199,2983,0
FCEF.US,D,20180629,000000,19.294,19.314,19.227,19.245,10628,0
FCEF.US,D,20180702,000000,19.269,19.269,19.181,19.233,5931,0
FCEF.US,D,20180703,000000,19.285,19.333,19.263,19.263,2072,0
FCEF.US,D,20180705,000000,19.299,19.342,19.299,19.342,2137,0
FCEF.US,D,20180706,000000,19.368,19.411,19.343,19.393,2822,0
FCEF.US,D,20180709,000000,19.504,19.504,19.424,19.49,1886,0
FCEF.US,D,20180710,000000,19.509,19.509,19.431,19.431,3497,0
FCEF.US,D,20180711,000000,19.345,19.387,19.345,19.377,2679,0
FCEF.US,D,20180712,000000,19.423,19.423,19.409,19.423,1138,0
FCEF.US,D,20180713,000000,19.377,19.467,19.377,19.467,4514,0
FCEF.US,D,20180716,000000,19.467,19.467,19.401,19.401,2540,0
FCEF.US,D,20180717,000000,19.466,19.472,19.424,19.424,1832,0
FCEF.US,D,20180718,000000,19.457,19.5,19.452,19.5,4720,0
FCEF.US,D,20180719,000000,19.519,19.528,19.411,19.528,7317,0
FCEF.US,D,20180720,000000,19.431,19.509,19.431,19.458,7260,0
FCEF.US,D,20180723,000000,19.5,19.509,19.413,19.463,12693,0
FCEF.US,D,20180724,000000,19.5,19.599,19.5,19.556,7142,0
FCEF.US,D,20180725,000000,19.608,19.618,19.52,19.618,8763,0
FCEF.US,D,20180726,000000,19.544,19.612,19.536,19.607,2495,0
FCEF.US,D,20180727,000000,19.639,19.639,19.544,19.544,5242,0
FCEF.US,D,20180730,000000,19.544,19.544,19.458,19.458,2869,0
FCEF.US,D,20180731,000000,19.544,19.589,19.525,19.525,3062,0
FCEF.US,D,20180801,000000,19.581,19.581,19.533,19.542,1222,0
FCEF.US,D,20180802,000000,19.451,19.562,19.451,19.509,1532,0
FCEF.US,D,20180803,000000,19.563,19.59,19.553,19.565,7770,0
FCEF.US,D,20180806,000000,19.59,19.695,19.59,19.608,4574,0
FCEF.US,D,20180807,000000,19.749,19.755,19.68,19.68,1656,0
FCEF.US,D,20180808,000000,19.713,19.713,19.678,19.678,775,0
FCEF.US,D,20180809,000000,19.686,19.686,19.686,19.686,459,0
FCEF.US,D,20180810,000000,19.708,19.713,19.653,19.675,2757,0
FCEF.US,D,20180813,000000,20.089,20.089,19.558,19.63,5638,0
FCEF.US,D,20180814,000000,19.571,19.571,19.571,19.571,349,0
FCEF.US,D,20180815,000000,19.576,19.576,19.471,19.471,3779,0
FCEF.US,D,20180816,000000,19.543,19.686,19.543,19.653,5320,0
FCEF.US,D,20180817,000000,19.678,19.695,19.657,19.657,4837,0
FCEF.US,D,20180820,000000,19.692,19.767,19.692,19.756,37874,0
FCEF.US,D,20180821,000000,19.804,19.823,19.695,19.705,80429,0
FCEF.US,D,20180822,000000,19.777,19.814,19.686,19.814,39432,0
FCEF.US,D,20180823,000000,19.884,19.884,19.719,19.764,1427,0
FCEF.US,D,20180824,000000,19.786,19.848,19.757,19.791,8922,0
FCEF.US,D,20180827,000000,19.815,19.911,19.815,19.838,25674,0
FCEF.US,D,20180828,000000,20.036,20.036,19.883,19.889,5776,0
FCEF.US,D,20180829,000000,19.895,19.991,19.868,19.974,6242,0
FCEF.US,D,20180830,000000,19.948,19.958,19.84,19.929,19103,0
FCEF.US,D,20180831,000000,19.92,19.92,19.854,19.854,2071,0
FCEF.US,D,20180904,000000,19.958,19.958,19.795,19.846,10994,0
FCEF.US,D,20180905,000000,19.893,19.893,19.749,19.805,16270,0
FCEF.US,D,20180906,000000,19.789,19.789,19.685,19.73,9201,0
FCEF.US,D,20180907,000000,19.749,19.749,19.642,19.686,6023,0
FCEF.US,D,20180910,000000,19.725,19.741,19.682,19.7,15245,0
FCEF.US,D,20180911,000000,19.749,19.824,19.655,19.824,5543,0
FCEF.US,D,20180912,000000,19.824,19.868,19.781,19.859,4868,0
FCEF.US,D,20180913,000000,19.859,19.921,19.842,19.842,12693,0
FCEF.US,D,20180914,000000,19.767,19.89,19.767,19.81,3326,0
FCEF.US,D,20180918,000000,19.799,19.824,19.778,19.778,6286,0
FCEF.US,D,20180919,000000,19.793,19.793,19.793,19.793,945,0
FCEF.US,D,20180920,000000,19.848,19.903,19.848,19.903,4212,0
FCEF.US,D,20180921,000000,19.917,19.93,19.903,19.93,7468,0
FCEF.US,D,20180924,000000,19.959,19.959,19.811,19.841,7894,0
FCEF.US,D,20180925,000000,19.85,19.85,19.786,19.799,4688,0
FCEF.US,D,20180926,000000,19.826,19.826,19.821,19.821,975,0
FCEF.US,D,20180927,000000,19.767,19.773,19.767,19.767,769,0
FCEF.US,D,20180928,000000,19.841,19.841,19.749,19.749,1952,0
FCEF.US,D,20181001,000000,19.868,19.929,19.851,19.929,3083,0
FCEF.US,D,20181002,000000,19.86,19.883,19.849,19.883,1645,0
FCEF.US,D,20181003,000000,19.87,19.921,19.858,19.858,2871,0
FCEF.US,D,20181004,000000,19.69,19.711,19.584,19.628,8325,0
FCEF.US,D,20181005,000000,19.58,19.58,19.373,19.373,3961,0
FCEF.US,D,20181008,000000,19.361,19.361,19.223,19.223,1278,0
FCEF.US,D,20181009,000000,19.267,19.338,19.267,19.338,7424,0
FCEF.US,D,20181010,000000,19.274,19.274,18.979,18.979,17575,0
FCEF.US,D,20181011,000000,18.942,18.942,18.692,18.692,11186,0
FCEF.US,D,20181012,000000,18.798,18.799,18.638,18.714,23421,0
FCEF.US,D,20181015,000000,18.712,18.816,18.712,18.779,3161,0
FCEF.US,D,20181016,000000,18.921,19.053,18.921,19.053,3424,0
FCEF.US,D,20181017,000000,19.006,19.081,19.006,19.014,4217,0
FCEF.US,D,20181018,000000,19.043,19.069,18.891,18.891,4526,0
FCEF.US,D,20181019,000000,18.891,19.024,18.865,18.891,13016,0
FCEF.US,D,20181022,000000,18.912,18.912,18.834,18.901,36373,0
FCEF.US,D,20181023,000000,18.736,18.781,18.618,18.753,4023,0
FCEF.US,D,20181024,000000,18.781,18.781,18.43,18.43,50988,0
FCEF.US,D,20181025,000000,18.393,18.529,18.393,18.458,4475,0
FCEF.US,D,20181026,000000,18.385,18.385,18.168,18.31,5139,0
FCEF.US,D,20181029,000000,18.377,18.445,18.095,18.114,28234,0
FCEF.US,D,20181030,000000,18.095,18.172,18.095,18.172,3075,0
FCEF.US,D,20181031,000000,18.368,18.383,18.308,18.383,2185,0
FCEF.US,D,20181101,000000,18.467,18.569,18.437,18.559,2182,0
FCEF.US,D,20181102,000000,18.673,18.673,18.476,18.476,8429,0
FCEF.US,D,20181105,000000,18.502,18.629,18.502,18.57,4926,0
FCEF.US,D,20181106,000000,18.574,18.727,18.574,18.681,13449,0
FCEF.US,D,20181107,000000,18.838,18.934,18.777,18.934,14684,0
FCEF.US,D,20181108,000000,19.043,19.043,19.01,19.01,913,0
FCEF.US,D,20181109,000000,18.918,18.918,18.831,18.913,2347,0
FCEF.US,D,20181112,000000,18.873,18.873,18.806,18.806,1090,0
FCEF.US,D,20181113,000000,18.716,18.716,18.716,18.716,176,0
FCEF.US,D,20181114,000000,18.735,18.735,18.53,18.583,59191,0
FCEF.US,D,20181115,000000,18.464,18.604,18.464,18.584,14955,0
FCEF.US,D,20181116,000000,18.59,18.59,18.455,18.504,8492,0
FCEF.US,D,20181119,000000,18.474,18.498,18.275,18.307,7253,0
FCEF.US,D,20181120,000000,18.074,18.133,18.049,18.089,8399,0
FCEF.US,D,20181121,000000,18.146,18.152,18.076,18.086,4977,0
FCEF.US,D,20181123,000000,18.1,18.1,18.076,18.076,3884,0
FCEF.US,D,20181126,000000,18.239,18.243,18.164,18.233,18583,0
FCEF.US,D,20181127,000000,18.155,18.192,18.147,18.192,2486,0
FCEF.US,D,20181128,000000,18.146,18.373,18.146,18.365,6658,0
FCEF.US,D,20181129,000000,18.345,18.499,18.345,18.494,8405,0
FCEF.US,D,20181130,000000,18.455,18.508,18.417,18.508,5047,0
FCEF.US,D,20181203,000000,18.598,18.78,18.598,18.772,9675,0
FCEF.US,D,20181204,000000,18.608,18.608,18.554,18.554,471,0
FCEF.US,D,20181206,000000,18.427,18.427,18.109,18.22,8634,0
FCEF.US,D,20181207,000000,18.258,18.258,18.258,18.258,1902,0
FCEF.US,D,20181210,000000,18.22,18.22,17.956,18.004,60792,0
FCEF.US,D,20181211,000000,18.147,18.165,17.966,17.966,360325,0
FCEF.US,D,20181212,000000,18.11,18.208,18.049,18.147,172498,0
FCEF.US,D,20181213,000000,18.121,18.121,18.049,18.049,1555,0
FCEF.US,D,20181214,000000,17.87,17.908,17.83,17.83,2902,0
FCEF.US,D,20181217,000000,17.655,17.673,17.349,17.41,38630,0
FCEF.US,D,20181218,000000,17.336,17.402,17.315,17.315,5089,0
FCEF.US,D,20181219,000000,17.265,17.41,17.262,17.264,7965,0
FCEF.US,D,20181220,000000,17.056,17.056,16.229,16.693,222749,0
FCEF.US,D,20181221,000000,16.638,16.71,16.485,16.538,138386,0
FCEF.US,D,20181224,000000,16.405,16.452,16.336,16.438,93808,0
FCEF.US,D,20181226,000000,16.391,16.865,16.391,16.837,255029,0
FCEF.US,D,20181227,000000,16.702,16.852,16.684,16.852,25964,0
FCEF.US,D,20181228,000000,16.919,17.23,16.919,17.121,53335,0
FCEF.US,D,20181231,000000,17.339,17.339,17.174,17.182,36438,0
FCEF.US,D,20190102,000000,17.246,17.264,17.137,17.264,3042,0
FCEF.US,D,20190103,000000,17.368,17.368,17.332,17.332,411,0
FCEF.US,D,20190104,000000,17.47,17.62,17.47,17.62,1981,0
FCEF.US,D,20190107,000000,17.72,17.906,17.72,17.906,2478,0
FCEF.US,D,20190108,000000,17.946,18.128,17.946,18.059,10219,0
FCEF.US,D,20190109,000000,18.192,18.287,18.138,18.277,4466,0
FCEF.US,D,20190110,000000,18.239,18.296,18.201,18.285,7274,0
FCEF.US,D,20190111,000000,18.26,18.311,18.211,18.311,3780,0
FCEF.US,D,20190114,000000,18.164,18.277,18.164,18.268,10762,0
FCEF.US,D,20190115,000000,18.338,18.385,18.336,18.349,10072,0
FCEF.US,D,20190116,000000,18.424,18.495,18.424,18.486,3237,0
FCEF.US,D,20190117,000000,18.48,18.558,18.48,18.497,2476,0
FCEF.US,D,20190118,000000,18.622,18.706,18.594,18.659,14554,0
FCEF.US,D,20190122,000000,18.545,18.585,18.431,18.431,4757,0
FCEF.US,D,20190123,000000,18.477,18.53,18.42,18.491,25536,0
FCEF.US,D,20190124,000000,18.53,18.545,18.503,18.503,4379,0
FCEF.US,D,20190125,000000,18.554,18.642,18.554,18.595,5160,0
FCEF.US,D,20190128,000000,18.53,18.594,18.512,18.594,6687,0
FCEF.US,D,20190129,000000,18.622,18.677,18.559,18.664,338400,0
FCEF.US,D,20190130,000000,18.751,18.795,18.747,18.775,1518,0
FCEF.US,D,20190131,000000,18.769,19.014,18.769,19.014,14998,0
FCEF.US,D,20190201,000000,19.088,19.108,19.035,19.048,3272,0
FCEF.US,D,20190204,000000,19.117,19.117,19.056,19.06,2907,0
FCEF.US,D,20190205,000000,19.198,19.198,19.108,19.135,5277,0
FCEF.US,D,20190206,000000,19.113,19.197,19.108,19.188,1738,0
FCEF.US,D,20190207,000000,19.097,19.097,18.969,19.069,21237,0
FCEF.US,D,20190208,000000,18.962,19.043,18.962,19.024,6600,0
FCEF.US,D,20190211,000000,19.053,19.098,19.038,19.06,5428,0
FCEF.US,D,20190212,000000,19.219,19.228,19.108,19.209,12022,0
FCEF.US,D,20190213,000000,19.254,19.255,19.171,19.255,8485,0
FCEF.US,D,20190214,000000,19.135,19.308,19.135,19.308,7247,0
FCEF.US,D,20190215,000000,19.319,19.341,19.291,19.291,1390,0
FCEF.US,D,20190219,000000,19.29,19.355,19.29,19.355,534,0
FCEF.US,D,20190220,000000,19.449,19.449,19.346,19.43,49427,0
FCEF.US,D,20190221,000000,19.348,19.353,19.291,19.291,2422,0
FCEF.US,D,20190222,000000,19.411,19.501,19.411,19.501,5214,0
FCEF.US,D,20190226,000000,19.346,19.575,19.346,19.566,7198,0
FCEF.US,D,20190227,000000,19.613,19.613,19.467,19.566,3806,0
FCEF.US,D,20190228,000000,19.473,19.538,19.473,19.496,1083,0
FCEF.US,D,20190301,000000,19.611,19.611,19.574,19.574,2304,0
FCEF.US,D,20190304,000000,19.529,19.613,19.449,19.556,17267,0
FCEF.US,D,20190305,000000,19.482,19.623,19.482,19.571,18242,0
FCEF.US,D,20190306,000000,19.485,19.49,19.475,19.489,5034,0
FCEF.US,D,20190307,000000,19.385,19.385,19.369,19.37,2771,0
FCEF.US,D,20190308,000000,19.289,19.383,19.271,19.383,9212,0
FCEF.US,D,20190311,000000,19.318,19.547,19.318,19.547,8161,0
FCEF.US,D,20190312,000000,19.511,19.603,19.511,19.603,4628,0
FCEF.US,D,20190313,000000,19.628,19.681,19.594,19.606,2760,0
FCEF.US,D,20190315,000000,19.682,19.711,19.644,19.669,6689,0
FCEF.US,D,20190318,000000,19.772,19.792,19.704,19.792,4541,0
FCEF.US,D,20190319,000000,19.812,19.862,19.714,19.787,20624,0
FCEF.US,D,20190320,000000,19.779,19.787,19.714,19.733,4167,0
FCEF.US,D,20190321,000000,19.802,19.862,19.802,19.844,5992,0
FCEF.US,D,20190322,000000,19.937,19.937,19.67,19.701,17657,0
FCEF.US,D,20190325,000000,19.657,19.657,19.575,19.575,2312,0
FCEF.US,D,20190326,000000,19.704,19.741,19.575,19.575,2274,0
FCEF.US,D,20190327,000000,19.623,19.679,19.547,19.637,8505,0
FCEF.US,D,20190328,000000,19.7,19.704,19.594,19.633,9947,0
FCEF.US,D,20190329,000000,19.75,19.773,19.704,19.75,10350,0
FCEF.US,D,20190401,000000,19.881,19.938,19.809,19.863,12838,0
FCEF.US,D,20190402,000000,19.989,19.989,19.881,19.958,4057,0
FCEF.US,D,20190403,000000,19.947,19.97,19.909,19.97,7651,0
FCEF.US,D,20190404,000000,19.947,19.998,19.947,19.998,3433,0
FCEF.US,D,20190405,000000,20.055,20.06,20.022,20.06,2247,0
FCEF.US,D,20190408,000000,20.057,20.057,20.017,20.017,2374,0
FCEF.US,D,20190409,000000,20.064,20.064,19.98,19.98,2312,0
FCEF.US,D,20190410,000000,20.008,20.111,20.008,20.09,10549,0
FCEF.US,D,20190411,000000,20.089,20.122,20.074,20.112,11294,0
FCEF.US,D,20190412,000000,20.165,20.176,20.122,20.122,6621,0
FCEF.US,D,20190415,000000,20.159,20.159,20.108,20.108,2960,0
FCEF.US,D,20190416,000000,20.172,20.19,20.141,20.162,4553,0
FCEF.US,D,20190417,000000,20.141,20.151,20.079,20.08,51206,0
FCEF.US,D,20190418,000000,20.022,20.022,20.022,20.022,588,0
FCEF.US,D,20190422,000000,20.064,20.064,19.987,19.995,1528,0
FCEF.US,D,20190423,000000,20.062,20.104,20.051,20.077,4627,0
FCEF.US,D,20190424,000000,20.139,20.167,20.117,20.167,3870,0
FCEF.US,D,20190425,000000,20.102,20.102,20.062,20.099,1139,0
FCEF.US,D,20190426,000000,20.115,20.151,20.074,20.102,8690,0
FCEF.US,D,20190429,000000,20.102,20.141,20.102,20.141,693,0
FCEF.US,D,20190430,000000,20.24,20.26,20.151,20.247,17373,0
FCEF.US,D,20190501,000000,20.289,20.345,20.267,20.325,19407,0
FCEF.US,D,20190502,000000,20.286,20.286,20.185,20.25,2690,0
FCEF.US,D,20190503,000000,20.22,20.368,20.22,20.368,4263,0
FCEF.US,D,20190506,000000,20.173,20.372,20.173,20.372,2651,0
FCEF.US,D,20190507,000000,20.207,20.223,20.082,20.082,2114,0
FCEF.US,D,20190508,000000,20.12,20.12,20.082,20.113,8159,0
FCEF.US,D,20190509,000000,20.005,20.024,19.969,20.024,1125,0
FCEF.US,D,20190510,000000,19.998,20.007,19.944,20.007,5571,0
FCEF.US,D,20190513,000000,19.927,19.927,19.766,19.766,3060,0
FCEF.US,D,20190514,000000,19.996,19.996,19.946,19.946,1905,0
FCEF.US,D,20190515,000000,19.918,20.023,19.918,20.023,3022,0
FCEF.US,D,20190517,000000,20.018,20.101,20.008,20.008,3446,0
FCEF.US,D,20190520,000000,20.047,20.047,19.978,20.014,3108,0
FCEF.US,D,20190521,000000,20.104,20.112,20.04,20.062,6450,0
FCEF.US,D,20190522,000000,20.114,20.114,20.051,20.051,7440,0
FCEF.US,D,20190523,000000,19.963,19.963,19.909,19.918,7084,0
FCEF.US,D,20190524,000000,20.028,20.028,19.932,19.946,2274,0
FCEF.US,D,20190528,000000,19.991,20.018,19.991,20.017,4330,0
FCEF.US,D,20190529,000000,19.833,19.833,19.707,19.707,1180,0
FCEF.US,D,20190530,000000,19.776,19.776,19.74,19.74,2623,0
FCEF.US,D,20190531,000000,19.824,19.824,19.535,19.552,7951,0
FCEF.US,D,20190603,000000,19.658,19.658,19.535,19.543,985,0
FCEF.US,D,20190604,000000,19.619,19.639,19.619,19.639,1583,0
FCEF.US,D,20190605,000000,19.732,19.778,19.732,19.778,855,0
FCEF.US,D,20190606,000000,19.805,19.878,19.805,19.878,1057,0
FCEF.US,D,20190607,000000,19.988,20.043,19.988,20.043,2164,0
FCEF.US,D,20190610,000000,20.143,20.187,20.105,20.177,8352,0
FCEF.US,D,20190611,000000,20.213,20.213,20.213,20.213,152,0
FCEF.US,D,20190612,000000,20.199,20.236,20.199,20.236,809,0
FCEF.US,D,20190613,000000,20.219,20.255,20.219,20.255,583,0
FCEF.US,D,20190614,000000,20.203,20.261,20.203,20.242,5624,0
FCEF.US,D,20190617,000000,20.278,20.278,20.249,20.249,1140,0
FCEF.US,D,20190618,000000,20.403,20.407,20.403,20.407,1096,0
FCEF.US,D,20190619,000000,20.412,20.449,20.356,20.449,7363,0
FCEF.US,D,20190620,000000,20.533,20.533,20.458,20.499,25703,0
FCEF.US,D,20190621,000000,20.485,20.524,20.466,20.524,2329,0
FCEF.US,D,20190624,000000,20.561,20.561,20.431,20.431,8736,0
FCEF.US,D,20190625,000000,20.44,20.489,20.319,20.319,922,0
FCEF.US,D,20190626,000000,20.418,20.418,20.367,20.367,294,0
FCEF.US,D,20190627,000000,20.411,20.455,20.411,20.455,1661,0
FCEF.US,D,20190628,000000,20.563,20.563,20.495,20.495,3245,0
FCEF.US,D,20190701,000000,20.589,20.738,20.589,20.663,25715,0
FCEF.US,D,20190702,000000,20.713,20.747,20.687,20.737,3837,0
FCEF.US,D,20190703,000000,20.619,20.647,20.619,20.647,287,0
FCEF.US,D,20190705,000000,20.718,20.819,20.709,20.797,4938,0
FCEF.US,D,20190708,000000,20.745,20.748,20.683,20.748,1496,0
FCEF.US,D,20190709,000000,20.834,20.834,20.795,20.795,460,0
FCEF.US,D,20190710,000000,20.844,20.899,20.824,20.899,5643,0
FCEF.US,D,20190711,000000,20.905,20.905,20.905,20.905,390,0
FCEF.US,D,20190712,000000,20.908,20.983,20.908,20.916,6265,0
FCEF.US,D,20190715,000000,20.932,20.954,20.932,20.953,2179,0
FCEF.US,D,20190716,000000,21.019,21.03,20.979,20.986,15028,0
FCEF.US,D,20190717,000000,20.899,20.983,20.899,20.908,19084,0
FCEF.US,D,20190718,000000,20.992,20.992,20.834,20.882,2794,0
FCEF.US,D,20190719,000000,20.964,20.964,20.911,20.916,4122,0
FCEF.US,D,20190722,000000,20.872,20.935,20.872,20.898,5324,0
FCEF.US,D,20190723,000000,20.872,20.908,20.84,20.847,14863,0
FCEF.US,D,20190724,000000,20.944,20.944,20.931,20.931,11119,0
FCEF.US,D,20190725,000000,20.921,20.921,20.8,20.8,958,0
FCEF.US,D,20190726,000000,20.862,20.89,20.861,20.89,5593,0
FCEF.US,D,20190729,000000,20.872,20.872,20.872,20.872,369,0
FCEF.US,D,20190731,000000,20.964,20.964,20.844,20.844,1122,0
FCEF.US,D,20190801,000000,20.878,20.93,20.834,20.834,4076,0
FCEF.US,D,20190802,000000,20.665,20.665,20.647,20.657,3398,0
FCEF.US,D,20190805,000000,20.692,20.692,20.198,20.271,5788,0
FCEF.US,D,20190806,000000,20.321,20.429,20.321,20.404,2351,0
FCEF.US,D,20190807,000000,20.341,20.456,20.341,20.447,4316,0
FCEF.US,D,20190808,000000,20.561,20.618,20.501,20.581,6952,0
FCEF.US,D,20190809,000000,20.682,20.682,20.522,20.551,5242,0
FCEF.US,D,20190812,000000,20.491,20.541,20.465,20.471,14032,0
FCEF.US,D,20190813,000000,20.541,20.599,20.541,20.59,5044,0
FCEF.US,D,20190814,000000,20.383,20.42,20.165,20.165,13837,0
FCEF.US,D,20190815,000000,20.188,20.193,20.14,20.193,2842,0
FCEF.US,D,20190816,000000,20.363,20.382,20.335,20.335,3879,0
FCEF.US,D,20190819,000000,20.519,20.531,20.487,20.531,3806,0
FCEF.US,D,20190820,000000,20.486,20.58,20.486,20.541,16325,0
FCEF.US,D,20190821,000000,20.642,20.674,20.638,20.638,782,0
FCEF.US,D,20190822,000000,20.638,20.638,20.551,20.589,2437,0
FCEF.US,D,20190823,000000,20.702,20.702,20.452,20.452,8769,0
FCEF.US,D,20190826,000000,20.373,20.465,20.373,20.418,2862,0
FCEF.US,D,20190827,000000,20.359,20.377,20.359,20.363,1077,0
FCEF.US,D,20190828,000000,20.437,20.458,20.437,20.458,263,0
FCEF.US,D,20190829,000000,20.554,20.554,20.512,20.512,4365,0
FCEF.US,D,20190830,000000,20.614,20.638,20.541,20.559,4903,0
FCEF.US,D,20190903,000000,20.513,20.57,20.448,20.57,8880,0
FCEF.US,D,20190905,000000,20.816,20.874,20.797,20.874,7717,0
FCEF.US,D,20190906,000000,20.778,20.892,20.778,20.815,7841,0
FCEF.US,D,20190909,000000,20.856,20.9,20.806,20.806,4916,0
FCEF.US,D,20190910,000000,20.823,20.916,20.823,20.902,7427,0
FCEF.US,D,20190911,000000,20.983,20.983,20.968,20.968,1531,0
FCEF.US,D,20190913,000000,21.063,21.063,21.021,21.034,3303,0
FCEF.US,D,20190916,000000,21.054,21.054,21.039,21.039,382,0
FCEF.US,D,20190917,000000,21.028,21.128,21.005,21.074,22292,0
FCEF.US,D,20190918,000000,21.11,21.119,21.054,21.119,3662,0
FCEF.US,D,20190919,000000,21.014,21.156,21.014,21.154,5554,0
FCEF.US,D,20190920,000000,21.14,21.147,21.137,21.147,696,0
FCEF.US,D,20190923,000000,21.095,21.142,21.095,21.135,1842,0
FCEF.US,D,20190924,000000,21.222,21.222,21.063,21.063,5508,0
FCEF.US,D,20190925,000000,21.063,21.08,21.051,21.062,1475,0
FCEF.US,D,20190926,000000,21.068,21.068,21.034,21.04,1008,0
FCEF.US,D,20190927,000000,20.995,21.081,20.937,20.948,2213,0
FCEF.US,D,20190930,000000,21.091,21.1,21.063,21.086,2728,0
FCEF.US,D,20191001,000000,21.081,21.156,20.951,20.951,1173,0
FCEF.US,D,20191002,000000,20.836,20.836,20.706,20.778,1063,0
FCEF.US,D,20191003,000000,20.747,20.819,20.704,20.819,3338,0
FCEF.US,D,20191004,000000,20.884,20.901,20.804,20.859,3657,0
FCEF.US,D,20191007,000000,20.804,20.864,20.804,20.839,807,0
FCEF.US,D,20191008,000000,20.777,20.777,20.656,20.732,6408,0
FCEF.US,D,20191009,000000,20.78,20.836,20.727,20.836,11256,0
FCEF.US,D,20191010,000000,20.846,20.855,20.727,20.781,9654,0
FCEF.US,D,20191011,000000,20.796,20.957,20.796,20.947,8581,0
FCEF.US,D,20191014,000000,20.881,20.911,20.836,20.911,5072,0
FCEF.US,D,20191015,000000,20.976,20.986,20.967,20.967,4448,0
FCEF.US,D,20191016,000000,20.918,20.947,20.874,20.947,4181,0
FCEF.US,D,20191017,000000,20.976,21.025,20.976,21.011,2383,0
FCEF.US,D,20191018,000000,20.996,21.006,20.926,20.957,5660,0
FCEF.US,D,20191021,000000,21.055,21.082,21.035,21.082,8191,0
FCEF.US,D,20191022,000000,21.158,21.158,21.064,21.1,4936,0
FCEF.US,D,20191023,000000,21.113,21.149,21.101,21.149,1697,0
FCEF.US,D,20191024,000000,21.321,21.321,21.092,21.167,6415,0
FCEF.US,D,20191025,000000,21.143,21.196,21.143,21.186,4975,0
FCEF.US,D,20191028,000000,21.183,21.195,21.119,21.158,1633,0
FCEF.US,D,20191029,000000,21.177,21.195,21.135,21.173,2997,0
FCEF.US,D,20191030,000000,21.226,21.226,21.158,21.159,2060,0
FCEF.US,D,20191031,000000,21.273,21.273,21.201,21.212,6397,0
FCEF.US,D,20191101,000000,21.318,21.397,21.298,21.359,57053,0
FCEF.US,D,20191104,000000,21.349,21.453,21.349,21.407,7147,0
FCEF.US,D,20191105,000000,21.415,21.415,21.359,21.359,1930,0
FCEF.US,D,20191106,000000,21.292,21.434,21.292,21.377,9369,0
FCEF.US,D,20191107,000000,21.32,21.32,21.32,21.32,649,0
FCEF.US,D,20191108,000000,21.359,21.389,21.359,21.389,11702,0
FCEF.US,D,20191111,000000,21.407,21.425,21.353,21.392,8156,0
FCEF.US,D,20191112,000000,21.434,21.434,21.369,21.389,12428,0
FCEF.US,D,20191113,000000,21.407,21.415,21.369,21.415,6977,0
FCEF.US,D,20191114,000000,21.402,21.405,21.371,21.384,3338,0
FCEF.US,D,20191115,000000,21.483,21.492,21.409,21.409,15186,0
FCEF.US,D,20191118,000000,21.502,21.502,21.437,21.444,9480,0
FCEF.US,D,20191119,000000,21.428,21.492,21.419,21.473,17549,0
FCEF.US,D,20191120,000000,21.434,21.454,21.407,21.425,8121,0
FCEF.US,D,20191121,000000,21.434,21.434,21.396,21.402,3963,0
FCEF.US,D,20191122,000000,21.411,21.444,21.387,21.444,8416,0
FCEF.US,D,20191125,000000,21.484,21.522,21.434,21.502,12206,0
FCEF.US,D,20191126,000000,21.507,21.522,21.473,21.504,4609,0
FCEF.US,D,20191127,000000,21.531,21.58,21.531,21.562,2707,0
FCEF.US,D,20191129,000000,21.646,21.646,21.56,21.631,1496,0
FCEF.US,D,20191202,000000,21.693,21.693,21.505,21.516,12478,0
FCEF.US,D,20191203,000000,21.434,21.468,21.379,21.468,3691,0
FCEF.US,D,20191204,000000,21.492,21.57,21.463,21.56,8699,0
FCEF.US,D,20191205,000000,21.626,21.626,21.463,21.54,3820,0
FCEF.US,D,20191206,000000,21.646,21.646,21.56,21.616,4615,0
FCEF.US,D,20191209,000000,21.636,21.646,21.601,21.601,5034,0
FCEF.US,D,20191210,000000,21.593,21.634,21.573,21.59,1759,0
FCEF.US,D,20191211,000000,21.654,21.671,21.634,21.655,4835,0
FCEF.US,D,20191212,000000,21.711,21.726,21.615,21.677,6452,0
FCEF.US,D,20191213,000000,21.736,21.759,21.721,21.759,2893,0
FCEF.US,D,20191216,000000,21.855,21.883,21.806,21.87,6467,0
FCEF.US,D,20191217,000000,21.97,21.97,21.871,21.945,21496,0
FCEF.US,D,20191218,000000,21.902,21.95,21.902,21.937,1857,0
FCEF.US,D,20191219,000000,21.95,21.98,21.911,21.965,12249,0
FCEF.US,D,20191220,000000,21.895,22.067,21.895,22.053,1940,0
FCEF.US,D,20191223,000000,22.115,22.115,22.063,22.096,2829,0
FCEF.US,D,20191224,000000,22.144,22.144,22.111,22.125,2122,0
FCEF.US,D,20191226,000000,22.13,22.149,22.112,22.112,4337,0
FCEF.US,D,20191227,000000,22.181,22.181,22.067,22.12,2322,0
FCEF.US,D,20191230,000000,22.101,22.101,22.018,22.052,10101,0
FCEF.US,D,20191231,000000,22.096,22.161,22.047,22.076,10650,0
FCEF.US,D,20200102,000000,22.172,22.268,22.162,22.181,30946,0
FCEF.US,D,20200103,000000,22.211,22.24,22.106,22.181,7105,0
FCEF.US,D,20200106,000000,22.115,22.191,22.076,22.157,13412,0
FCEF.US,D,20200107,000000,22.161,22.221,22.115,22.191,32545,0
FCEF.US,D,20200108,000000,22.288,22.316,22.191,22.278,9288,0
FCEF.US,D,20200109,000000,22.354,22.369,22.259,22.369,55472,0
FCEF.US,D,20200110,000000,22.413,22.413,22.326,22.364,5368,0
FCEF.US,D,20200113,000000,22.346,22.489,22.346,22.462,6459,0
FCEF.US,D,20200114,000000,22.516,22.526,22.449,22.507,20571,0
FCEF.US,D,20200115,000000,22.603,22.623,22.512,22.553,22582,0
FCEF.US,D,20200116,000000,22.573,22.67,22.564,22.618,7779,0
FCEF.US,D,20200117,000000,22.657,22.7,22.611,22.642,5788,0
FCEF.US,D,20200121,000000,22.655,22.675,22.604,22.608,7217,0
FCEF.US,D,20200122,000000,22.719,22.719,22.658,22.68,6193,0
FCEF.US,D,20200123,000000,22.67,22.67,22.56,22.651,7124,0
FCEF.US,D,20200124,000000,22.682,22.685,22.555,22.578,6422,0
FCEF.US,D,20200127,000000,22.439,22.439,22.256,22.304,16139,0
FCEF.US,D,20200128,000000,22.294,22.436,22.294,22.395,10195,0
FCEF.US,D,20200129,000000,22.464,22.536,22.464,22.497,27367,0
FCEF.US,D,20200130,000000,22.419,22.429,22.323,22.41,6936,0
FCEF.US,D,20200131,000000,22.488,22.488,22.224,22.242,9347,0
FCEF.US,D,20200203,000000,22.237,22.4,22.237,22.367,5572,0
FCEF.US,D,20200204,000000,22.573,22.602,22.55,22.55,5178,0
FCEF.US,D,20200205,000000,22.67,22.698,22.635,22.695,7841,0
FCEF.US,D,20200206,000000,22.805,22.805,22.661,22.725,496503,0
FCEF.US,D,20200207,000000,22.805,22.805,22.715,22.748,3130,0
FCEF.US,D,20200210,000000,22.903,22.903,22.705,22.772,10483,0
FCEF.US,D,20200211,000000,22.766,22.886,22.766,22.872,9546,0
FCEF.US,D,20200212,000000,22.89,22.92,22.886,22.906,3853,0
FCEF.US,D,20200213,000000,22.911,22.911,22.822,22.857,2960,0
FCEF.US,D,20200214,000000,22.93,22.93,22.875,22.901,2108,0
FCEF.US,D,20200218,000000,22.92,22.932,22.876,22.919,4127,0
FCEF.US,D,20200219,000000,22.983,23.007,22.964,22.969,3826,0
FCEF.US,D,20200220,000000,22.983,23.035,22.93,22.969,14951,0
FCEF.US,D,20200221,000000,22.949,22.949,22.793,22.837,4798,0
FCEF.US,D,20200224,000000,22.697,22.697,22.233,22.277,9030,0
FCEF.US,D,20200225,000000,22.484,22.484,21.559,21.575,8362,0
FCEF.US,D,20200226,000000,21.573,21.886,21.573,21.644,1608,0
FCEF.US,D,20200227,000000,21.631,21.631,20.772,20.846,51212,0
FCEF.US,D,20200228,000000,20.234,20.331,19.857,20.158,66804,0
FCEF.US,D,20200302,000000,20.432,21.028,20.412,20.99,6832,0
FCEF.US,D,20200303,000000,21.118,21.475,20.99,21.033,10449,0
FCEF.US,D,20200304,000000,21.301,21.594,21.301,21.594,5389,0
FCEF.US,D,20200305,000000,21.307,21.34,21.1,21.1,2830,0
FCEF.US,D,20200306,000000,20.583,20.942,20.562,20.875,28314,0
FCEF.US,D,20200309,000000,20.08,20.08,18.903,19.342,9885,0
FCEF.US,D,20200310,000000,19.654,19.674,19.075,19.455,9668,0
FCEF.US,D,20200311,000000,18.994,19.004,18.199,18.288,8336,0
FCEF.US,D,20200312,000000,16.853,17.256,15.968,16.167,32253,0
FCEF.US,D,20200313,000000,16.482,16.812,16.357,16.812,6420,0
FCEF.US,D,20200316,000000,15.309,15.788,15.309,15.478,6049,0
FCEF.US,D,20200317,000000,15.182,15.538,14.854,15.409,58558,0
FCEF.US,D,20200318,000000,14.571,14.571,12.556,12.614,10574,0
FCEF.US,D,20200319,000000,12.526,14.969,12.158,13.767,45582,0
FCEF.US,D,20200320,000000,13.921,14.746,13.835,13.835,188399,0
FCEF.US,D,20200323,000000,13.215,13.215,12.752,12.988,9664,0
FCEF.US,D,20200324,000000,12.847,14.107,12.847,13.974,4721,0
FCEF.US,D,20200325,000000,14.357,15.648,14.357,15.098,85830,0
FCEF.US,D,20200326,000000,15.057,15.944,15.057,15.843,32151,0
FCEF.US,D,20200327,000000,15.706,15.853,15.306,15.842,25558,0
FCEF.US,D,20200330,000000,15.657,15.948,15.59,15.948,6406,0
FCEF.US,D,20200331,000000,16.057,16.096,15.9,15.929,86410,0
FCEF.US,D,20200401,000000,15.25,15.444,15.028,15.066,37788,0
FCEF.US,D,20200402,000000,15.309,15.309,15.153,15.26,4996,0
FCEF.US,D,20200403,000000,15.028,15.028,14.699,14.845,115007,0
FCEF.US,D,20200406,000000,15.3,15.581,15.3,15.538,29945,0
FCEF.US,D,20200407,000000,15.657,16.179,15.657,15.996,11549,0
FCEF.US,D,20200408,000000,16.156,16.647,16.096,16.603,27307,0
FCEF.US,D,20200409,000000,17.5,17.5,17.078,17.18,308524,0
FCEF.US,D,20200413,000000,17.275,17.275,16.546,16.74,46944,0
FCEF.US,D,20200414,000000,17.158,17.275,17.005,17.149,49863,0
FCEF.US,D,20200415,000000,16.797,16.941,16.631,16.941,9374,0
FCEF.US,D,20200416,000000,16.885,16.904,16.68,16.746,6453,0
FCEF.US,D,20200417,000000,16.76,17.149,16.76,17.139,9990,0
FCEF.US,D,20200420,000000,16.974,17.188,16.964,16.974,6921,0
FCEF.US,D,20200421,000000,16.76,16.76,16.426,16.593,6105,0
FCEF.US,D,20200422,000000,16.846,16.974,16.846,16.892,9288,0
FCEF.US,D,20200423,000000,17.1,17.1,16.889,16.934,15416,0
FCEF.US,D,20200424,000000,17.011,17.011,16.914,16.954,37720,0
FCEF.US,D,20200427,000000,17.031,17.168,17.031,17.1,8359,0
FCEF.US,D,20200428,000000,17.295,17.295,17.119,17.168,6371,0
FCEF.US,D,20200429,000000,17.369,17.608,17.369,17.598,19453,0
FCEF.US,D,20200430,000000,17.383,17.469,17.321,17.349,19384,0
FCEF.US,D,20200501,000000,17.217,17.217,16.934,16.95,9675,0
FCEF.US,D,20200504,000000,16.914,16.954,16.845,16.895,46296,0
FCEF.US,D,20200505,000000,17.129,17.255,17.09,17.098,29431,0
FCEF.US,D,20200506,000000,17.207,17.275,17.041,17.041,9128,0
FCEF.US,D,20200507,000000,16.994,17.236,16.994,17.129,9239,0
FCEF.US,D,20200508,000000,17.273,17.403,17.273,17.378,6317,0
FCEF.US,D,20200511,000000,17.371,17.469,17.245,17.407,20052,0
FCEF.US,D,20200512,000000,17.245,17.305,17.173,17.173,6858,0
FCEF.US,D,20200513,000000,17.305,17.305,16.706,16.722,14233,0
FCEF.US,D,20200514,000000,16.651,16.75,16.387,16.7,10636,0
FCEF.US,D,20200515,000000,16.66,16.74,16.575,16.683,15835,0
FCEF.US,D,20200518,000000,16.934,17.245,16.934,17.188,13927,0
FCEF.US,D,20200519,000000,17.07,17.295,17.07,17.197,13618,0
FCEF.US,D,20200520,000000,17.383,17.478,17.355,17.416,5856,0
FCEF.US,D,20200521,000000,17.469,17.469,17.362,17.398,3783,0
FCEF.US,D,20200522,000000,17.489,17.489,17.333,17.415,6109,0
FCEF.US,D,20200526,000000,17.724,17.724,17.683,17.683,430,0
FCEF.US,D,20200527,000000,17.778,17.89,17.665,17.89,2679,0
FCEF.US,D,20200528,000000,17.89,18.059,17.89,18.059,936,0
FCEF.US,D,20200529,000000,18.161,18.161,17.987,18.119,6998,0
FCEF.US,D,20200601,000000,18.161,18.406,18.161,18.373,38573,0
FCEF.US,D,20200602,000000,18.378,18.526,18.378,18.521,12857,0
FCEF.US,D,20200603,000000,18.796,18.864,18.758,18.758,3328,0
FCEF.US,D,20200604,000000,18.781,18.845,18.708,18.719,4793,0
FCEF.US,D,20200605,000000,19.138,19.167,19.088,19.088,4420,0
FCEF.US,D,20200608,000000,19.132,19.278,19.132,19.278,165427,0
FCEF.US,D,20200609,000000,19.186,19.232,19.118,19.191,20602,0
FCEF.US,D,20200610,000000,19.153,19.172,19.059,19.158,6440,0
FCEF.US,D,20200611,000000,19.02,19.02,17.918,18.027,10691,0
FCEF.US,D,20200612,000000,18.454,18.454,18.122,18.208,4161,0
FCEF.US,D,20200615,000000,18.115,18.435,18.027,18.324,8393,0
FCEF.US,D,20200616,000000,18.806,18.826,18.658,18.658,6901,0
FCEF.US,D,20200617,000000,18.686,18.728,18.611,18.611,1482,0
FCEF.US,D,20200618,000000,18.474,18.574,18.474,18.572,1027,0
FCEF.US,D,20200619,000000,18.494,18.685,18.494,18.553,1948,0
FCEF.US,D,20200622,000000,18.56,18.57,18.554,18.554,885,0
FCEF.US,D,20200623,000000,18.673,18.708,18.615,18.615,3514,0
FCEF.US,D,20200624,000000,18.27,18.304,18.27,18.304,1299,0
FCEF.US,D,20200625,000000,18.161,18.309,18.161,18.299,3234,0
FCEF.US,D,20200626,000000,18.201,18.24,17.957,18.017,12930,0
FCEF.US,D,20200629,000000,18.141,18.15,18.056,18.124,7272,0
FCEF.US,D,20200630,000000,18.211,18.348,18.211,18.348,2017,0
FCEF.US,D,20200701,000000,18.477,18.553,18.444,18.514,3610,0
FCEF.US,D,20200702,000000,18.729,18.729,18.572,18.584,6311,0
FCEF.US,D,20200706,000000,18.922,18.922,18.641,18.703,5968,0
FCEF.US,D,20200707,000000,18.646,18.703,18.611,18.668,5286,0
FCEF.US,D,20200708,000000,18.688,18.722,18.631,18.685,9289,0
FCEF.US,D,20200709,000000,18.604,18.604,18.415,18.538,22776,0
FCEF.US,D,20200710,000000,18.572,18.602,18.572,18.602,1338,0
FCEF.US,D,20200713,000000,18.658,18.806,18.543,18.543,5032,0
FCEF.US,D,20200714,000000,18.504,18.616,18.464,18.616,2477,0
FCEF.US,D,20200715,000000,18.582,18.807,18.582,18.807,1858,0
FCEF.US,D,20200716,000000,18.709,18.759,18.699,18.725,2362,0
FCEF.US,D,20200717,000000,18.739,18.814,18.739,18.797,2518,0
FCEF.US,D,20200720,000000,18.817,18.882,18.788,18.882,2343,0
FCEF.US,D,20200721,000000,18.962,19.027,18.924,18.934,4296,0
FCEF.US,D,20200722,000000,18.944,18.954,18.896,18.954,6358,0
FCEF.US,D,20200723,000000,19.071,19.071,18.807,18.836,7169,0
FCEF.US,D,20200724,000000,18.827,18.846,18.731,18.788,4263,0
FCEF.US,D,20200727,000000,18.851,18.906,18.817,18.881,8863,0
FCEF.US,D,20200728,000000,18.935,18.952,18.887,18.924,3607,0
FCEF.US,D,20200729,000000,19.017,19.121,19.004,19.121,7344,0
FCEF.US,D,20200730,000000,19.179,19.179,19.052,19.071,12931,0
FCEF.US,D,20200731,000000,19.267,19.267,18.986,19.055,4199,0
FCEF.US,D,20200803,000000,19.165,19.274,19.165,19.257,3032,0
FCEF.US,D,20200804,000000,19.269,19.336,19.219,19.299,28443,0
FCEF.US,D,20200805,000000,19.391,19.444,19.376,19.42,3916,0
FCEF.US,D,20200806,000000,19.397,19.463,19.386,19.458,3819,0
FCEF.US,D,20200807,000000,19.444,19.503,19.433,19.454,1133,0
FCEF.US,D,20200810,000000,19.536,19.581,19.464,19.549,3016,0
FCEF.US,D,20200811,000000,19.555,19.641,19.375,19.375,21071,0
FCEF.US,D,20200812,000000,19.526,19.526,19.464,19.526,9753,0
FCEF.US,D,20200813,000000,19.501,19.561,19.454,19.551,6233,0
FCEF.US,D,20200814,000000,19.492,19.522,19.454,19.507,5907,0
FCEF.US,D,20200817,000000,19.574,19.596,19.541,19.586,1332,0
FCEF.US,D,20200818,000000,19.708,19.708,19.521,19.592,7479,0
FCEF.US,D,20200819,000000,19.616,19.631,19.591,19.591,3269,0
FCEF.US,D,20200820,000000,19.621,19.621,19.464,19.492,6386,0
FCEF.US,D,20200821,000000,19.571,19.571,19.446,19.457,2567,0
FCEF.US,D,20200824,000000,19.487,19.546,19.454,19.492,4401,0
FCEF.US,D,20200825,000000,19.536,19.536,19.454,19.512,2863,0
FCEF.US,D,20200827,000000,19.612,19.641,19.502,19.583,7849,0
FCEF.US,D,20200828,000000,19.648,19.675,19.621,19.675,823,0
FCEF.US,D,20200831,000000,19.816,19.816,19.66,19.683,2089,0
FCEF.US,D,20200901,000000,19.786,19.816,19.708,19.718,9116,0
FCEF.US,D,20200902,000000,19.873,19.934,19.828,19.934,8397,0
FCEF.US,D,20200903,000000,19.991,19.991,19.458,19.458,780,0
FCEF.US,D,20200904,000000,19.601,19.601,19.162,19.386,12565,0
FCEF.US,D,20200908,000000,19.131,19.151,19.022,19.086,5469,0
FCEF.US,D,20200909,000000,19.267,19.444,19.243,19.367,2163,0
FCEF.US,D,20200910,000000,19.492,19.549,19.179,19.189,9478,0
FCEF.US,D,20200911,000000,19.194,19.224,19.081,19.169,5805,0
FCEF.US,D,20200914,000000,19.359,19.463,19.356,19.401,2399,0
FCEF.US,D,20200915,000000,19.551,19.561,19.517,19.561,2151,0
FCEF.US,D,20200916,000000,19.541,19.541,19.541,19.541,164,0
FCEF.US,D,20200917,000000,19.551,19.551,19.425,19.444,3301,0
FCEF.US,D,20200918,000000,19.296,19.411,19.238,19.287,3744,0
FCEF.US,D,20200921,000000,18.995,18.995,18.896,18.974,10996,0
FCEF.US,D,20200922,000000,19.076,19.104,18.984,19.091,6231,0
FCEF.US,D,20200923,000000,19.14,19.142,18.862,18.862,1969,0
FCEF.US,D,20200924,000000,18.689,18.85,18.621,18.783,7793,0
FCEF.US,D,20200925,000000,18.754,18.827,18.754,18.827,2998,0
FCEF.US,D,20200928,000000,19.179,19.179,19.082,19.091,6049,0
FCEF.US,D,20200929,000000,19.042,19.218,19.032,19.071,5021,0
FCEF.US,D,20200930,000000,19.022,19.299,19.022,19.25,5695,0
FCEF.US,D,20201001,000000,19.346,19.386,19.341,19.366,3024,0
FCEF.US,D,20201002,000000,19.425,19.425,19.257,19.292,2093,0
FCEF.US,D,20201005,000000,19.429,19.591,19.429,19.591,5626,0
FCEF.US,D,20201006,000000,19.596,19.737,19.561,19.6,47119,0
FCEF.US,D,20201007,000000,19.728,19.796,19.66,19.751,9047,0
FCEF.US,D,20201008,000000,19.841,19.924,19.841,19.855,14071,0
FCEF.US,D,20201009,000000,19.963,20.021,19.929,19.929,29886,0
FCEF.US,D,20201012,000000,19.976,20.091,19.896,20.046,4558,0
FCEF.US,D,20201013,000000,20.14,20.14,19.964,20.011,55688,0
FCEF.US,D,20201014,000000,20.051,20.101,19.953,19.953,11960,0
FCEF.US,D,20201015,000000,19.707,19.815,19.707,19.78,78147,0
FCEF.US,D,20201016,000000,19.836,19.895,19.765,19.765,7598,0
FCEF.US,D,20201019,000000,19.654,19.654,19.544,19.544,955,0
FCEF.US,D,20201020,000000,19.659,19.702,19.599,19.668,8944,0
FCEF.US,D,20201021,000000,19.634,19.707,19.634,19.644,1758,0
FCEF.US,D,20201022,000000,19.659,19.678,19.549,19.644,4607,0
FCEF.US,D,20201023,000000,19.736,19.736,19.61,19.649,3817,0
FCEF.US,D,20201026,000000,19.51,19.555,19.264,19.303,19106,0
FCEF.US,D,20201027,000000,19.409,19.409,19.303,19.303,2357,0
FCEF.US,D,20201028,000000,19.018,19.058,18.822,18.881,19376,0
FCEF.US,D,20201029,000000,18.833,19.005,18.833,18.994,3285,0
FCEF.US,D,20201030,000000,19.018,19.018,18.733,18.743,2026,0
FCEF.US,D,20201102,000000,18.939,18.974,18.881,18.881,2989,0
FCEF.US,D,20201103,000000,18.861,19.232,18.861,19.205,2734,0
FCEF.US,D,20201104,000000,19.235,19.717,19.235,19.559,8808,0
FCEF.US,D,20201105,000000,19.875,20.076,19.875,20.006,10580,0
FCEF.US,D,20201106,000000,20.061,20.061,20.056,20.056,391,0
FCEF.US,D,20201109,000000,20.558,20.558,20.307,20.307,4892,0
FCEF.US,D,20201110,000000,20.161,20.397,20.161,20.327,27542,0
FCEF.US,D,20201111,000000,20.471,20.591,20.471,20.548,56848,0
FCEF.US,D,20201112,000000,20.503,20.503,20.421,20.421,6841,0
FCEF.US,D,20201113,000000,20.557,20.593,20.522,20.593,1952,0
FCEF.US,D,20201116,000000,20.75,20.948,20.75,20.879,59195,0
FCEF.US,D,20201117,000000,20.85,20.9,20.85,20.9,8452,0
FCEF.US,D,20201118,000000,21.067,21.087,20.939,20.997,4579,0
FCEF.US,D,20201119,000000,20.939,20.948,20.82,20.87,12592,0
FCEF.US,D,20201120,000000,20.82,20.997,20.82,20.948,5772,0
FCEF.US,D,20201123,000000,21.027,21.067,20.968,21.047,4111,0
FCEF.US,D,20201124,000000,21.12,21.299,21.12,21.299,7213,0
FCEF.US,D,20201125,000000,21.254,21.363,21.234,21.264,1474,0
FCEF.US,D,20201127,000000,21.384,21.424,21.364,21.424,5997,0
FCEF.US,D,20201130,000000,21.432,21.432,21.334,21.409,6436,0
FCEF.US,D,20201201,000000,21.511,21.576,21.482,21.576,3763,0
FCEF.US,D,20201202,000000,21.581,21.661,21.541,21.551,11891,0
FCEF.US,D,20201203,000000,21.511,21.694,21.511,21.631,3296,0
FCEF.US,D,20201204,000000,21.838,21.838,21.719,21.783,2660,0
FCEF.US,D,20201207,000000,21.761,21.788,21.748,21.758,3180,0
FCEF.US,D,20201208,000000,21.631,21.818,21.631,21.803,12749,0
FCEF.US,D,20201209,000000,21.818,21.949,21.758,21.758,8121,0
FCEF.US,D,20201210,000000,21.803,21.888,21.748,21.824,10129,0
FCEF.US,D,20201211,000000,21.674,21.768,21.665,21.748,7699,0
FCEF.US,D,20201214,000000,21.858,21.868,21.798,21.818,13790,0
FCEF.US,D,20201215,000000,21.778,22.015,21.778,21.931,8442,0
FCEF.US,D,20201216,000000,21.986,22.055,21.936,22.035,7445,0
FCEF.US,D,20201217,000000,22.13,22.137,22.065,22.137,5086,0
FCEF.US,D,20201218,000000,22.085,22.193,22.075,22.105,18863,0
FCEF.US,D,20201221,000000,21.878,22.075,21.878,22.075,4639,0
FCEF.US,D,20201222,000000,22.075,22.094,21.986,22.039,6248,0
FCEF.US,D,20201223,000000,22.035,22.173,22.035,22.124,68765,0
FCEF.US,D,20201224,000000,22.163,22.183,22.105,22.105,3536,0
FCEF.US,D,20201228,000000,22.213,22.271,22.175,22.175,4584,0
FCEF.US,D,20201229,000000,22.242,22.253,22.11,22.11,25073,0
FCEF.US,D,20201230,000000,22.188,22.253,22.125,22.253,10685,0
FCEF.US,D,20201231,000000,22.163,22.262,22.163,22.262,4196,0
FCEF.US,D,20210104,000000,22.292,22.312,21.926,22.06,22656,0
FCEF.US,D,20210105,000000,21.986,22.131,21.986,22.111,3459,0
FCEF.US,D,20210106,000000,21.986,22.203,21.986,22.134,6164,0
FCEF.US,D,20210107,000000,22.322,22.44,22.322,22.401,2898,0
FCEF.US,D,20210108,000000,22.46,22.49,22.46,22.49,1298,0
FCEF.US,D,20210111,000000,22.404,22.578,22.38,22.539,15235,0
FCEF.US,D,20210112,000000,22.564,22.609,22.519,22.521,6534,0
FCEF.US,D,20210113,000000,22.522,22.658,22.519,22.603,27166,0
FCEF.US,D,20210114,000000,22.728,22.728,22.609,22.728,2886,0
FCEF.US,D,20210115,000000,22.464,22.539,22.464,22.539,2598,0
FCEF.US,D,20210119,000000,22.638,22.708,22.579,22.643,148206,0
FCEF.US,D,20210120,000000,22.718,22.837,22.718,22.828,6222,0
FCEF.US,D,20210121,000000,22.803,22.877,22.803,22.848,7186,0
FCEF.US,D,20210122,000000,22.867,22.867,22.728,22.748,11427,0
FCEF.US,D,20210125,000000,22.777,22.837,22.768,22.777,7992,0
FCEF.US,D,20210126,000000,22.896,22.896,22.787,22.802,4951,0
FCEF.US,D,20210127,000000,22.519,22.648,22.425,22.425,16213,0
FCEF.US,D,20210128,000000,22.49,22.638,22.49,22.581,9307,0
FCEF.US,D,20210129,000000,22.619,22.648,22.271,22.391,18300,0
FCEF.US,D,20210201,000000,22.47,22.698,22.43,22.698,46675,0
FCEF.US,D,20210202,000000,22.847,22.877,22.738,22.85,7699,0
FCEF.US,D,20210203,000000,22.921,22.955,22.857,22.877,1477,0
FCEF.US,D,20210204,000000,23.016,23.067,23.016,23.067,3788,0
FCEF.US,D,20210205,000000,23.184,23.214,23.134,23.186,1982,0
FCEF.US,D,20210208,000000,23.269,23.313,23.214,23.274,6941,0
FCEF.US,D,20210209,000000,23.274,23.502,23.274,23.447,14855,0
FCEF.US,D,20210210,000000,23.462,23.537,23.442,23.478,1340,0
FCEF.US,D,20210211,000000,23.412,23.47,23.392,23.412,779,0
FCEF.US,D,20210212,000000,23.392,23.519,23.392,23.484,3927,0
FCEF.US,D,20210216,000000,23.382,23.62,23.382,23.402,2658,0
FCEF.US,D,20210217,000000,23.379,23.471,23.353,23.447,2025,0
FCEF.US,D,20210218,000000,23.377,23.382,23.224,23.382,3152,0
FCEF.US,D,20210219,000000,23.502,23.502,23.454,23.454,2241,0
FCEF.US,D,20210222,000000,23.412,23.412,23.249,23.249,2633,0
FCEF.US,D,20210223,000000,23.134,23.179,23.134,23.179,689,0
FCEF.US,D,20210224,000000,23.016,23.333,23.016,23.333,2461,0
FCEF.US,D,20210225,000000,23.422,23.422,22.837,22.837,7737,0
FCEF.US,D,20210226,000000,22.936,22.971,22.886,22.964,4620,0
FCEF.US,D,20210301,000000,23.164,23.361,23.164,23.358,2936,0
FCEF.US,D,20210302,000000,23.313,23.365,23.254,23.365,1609,0
FCEF.US,D,20210303,000000,23.402,23.402,23.055,23.124,2621,0
FCEF.US,D,20210304,000000,22.995,23.016,22.698,22.783,3423,0
FCEF.US,D,20210305,000000,22.72,22.857,22.589,22.726,17026,0
FCEF.US,D,20210308,000000,22.946,23.105,22.768,22.768,3588,0
FCEF.US,D,20210309,000000,23.016,23.184,22.966,23.164,17105,0
FCEF.US,D,20210310,000000,23.224,23.321,23.224,23.249,1857,0
FCEF.US,D,20210311,000000,23.333,23.442,23.333,23.333,3365,0
FCEF.US,D,20210312,000000,23.333,23.333,23.296,23.313,562,0
FCEF.US,D,20210315,000000,23.42,23.427,23.323,23.427,3235,0
FCEF.US,D,20210316,000000,23.432,23.542,23.313,23.417,10837,0
FCEF.US,D,20210317,000000,23.328,23.561,23.328,23.487,2556,0
FCEF.US,D,20210318,000000,23.422,23.447,23.164,23.199,9702,0
FCEF.US,D,20210319,000000,23.343,23.343,23.234,23.298,549,0
FCEF.US,D,20210322,000000,23.328,23.372,23.328,23.37,588,0
FCEF.US,D,20210323,000000,23.372,23.372,23.124,23.209,2559,0
FCEF.US,D,20210324,000000,23.288,23.313,23.155,23.155,1119,0
FCEF.US,D,20210325,000000,23.154,23.164,22.976,23.145,1769,0
FCEF.US,D,20210326,000000,23.274,23.303,23.165,23.297,5020,0
FCEF.US,D,20210329,000000,23.422,23.422,23.293,23.388,1205,0
FCEF.US,D,20210330,000000,23.339,23.452,23.282,23.412,2782,0
FCEF.US,D,20210331,000000,23.66,23.66,23.66,23.66,397,0
FCEF.US,D,20210401,000000,23.8,23.878,23.681,23.848,6411,0
FCEF.US,D,20210405,000000,23.948,24.018,23.898,23.938,40102,0
FCEF.US,D,20210406,000000,23.983,24.058,23.948,23.968,15008,0
FCEF.US,D,20210407,000000,24.008,24.087,23.978,24.033,5772,0
FCEF.US,D,20210408,000000,24.087,24.246,24.087,24.166,6676,0
FCEF.US,D,20210409,000000,24.191,24.232,24.176,24.176,2986,0
FCEF.US,D,20210412,000000,24.194,24.304,24.147,24.211,5903,0
FCEF.US,D,20210413,000000,24.266,24.286,24.266,24.286,928,0
FCEF.US,D,20210414,000000,24.355,24.494,24.345,24.37,5565,0
FCEF.US,D,20210415,000000,24.41,24.445,24.363,24.445,1444,0
FCEF.US,D,20210416,000000,24.495,24.574,24.435,24.5,5555,0
FCEF.US,D,20210419,000000,24.473,24.515,24.407,24.455,3748,0
FCEF.US,D,20210420,000000,24.48,24.48,24.218,24.271,970,0
FCEF.US,D,20210421,000000,24.136,24.515,24.136,24.45,3512,0
FCEF.US,D,20210422,000000,24.446,24.492,24.356,24.373,3920,0
FCEF.US,D,20210423,000000,24.465,24.614,24.445,24.54,5880,0
FCEF.US,D,20210426,000000,24.609,24.684,24.589,24.589,2417,0
FCEF.US,D,20210427,000000,24.64,24.673,24.546,24.629,4245,0
FCEF.US,D,20210428,000000,24.684,24.754,24.635,24.684,1200,0
FCEF.US,D,20210429,000000,24.744,24.744,24.694,24.694,554,0
FCEF.US,D,20210430,000000,24.694,24.694,24.694,24.694,362,0
FCEF.US,D,20210503,000000,24.801,24.903,24.734,24.794,2862,0
FCEF.US,D,20210504,000000,24.654,24.654,24.515,24.628,1353,0
FCEF.US,D,20210505,000000,24.634,24.664,24.634,24.664,23790,0
FCEF.US,D,20210506,000000,24.619,24.654,24.505,24.615,3812,0
FCEF.US,D,20210507,000000,24.833,24.843,24.759,24.779,9234,0
FCEF.US,D,20210510,000000,24.893,24.893,24.734,24.734,3787,0
FCEF.US,D,20210511,000000,24.256,24.455,24.176,24.365,3142,0
FCEF.US,D,20210512,000000,24.345,24.345,23.939,23.987,5697,0
FCEF.US,D,20210513,000000,23.987,24.076,23.867,24.076,2249,0
FCEF.US,D,20210514,000000,24.465,24.465,24.146,24.335,5032,0
FCEF.US,D,20210517,000000,24.335,24.345,24.2,24.345,2252,0
FCEF.US,D,20210518,000000,24.395,24.455,24.325,24.418,3605,0
FCEF.US,D,20210519,000000,24.186,24.306,24.186,24.21,1590,0
FCEF.US,D,20210520,000000,24.345,24.564,24.345,24.5,4121,0
FCEF.US,D,20210521,000000,24.664,24.664,24.535,24.624,7369,0
FCEF.US,D,20210524,000000,24.673,24.754,24.644,24.754,10481,0
FCEF.US,D,20210525,000000,24.674,24.764,24.674,24.764,5591,0
FCEF.US,D,20210526,000000,24.684,24.873,24.684,24.873,5258,0
FCEF.US,D,20210527,000000,25.043,25.043,24.858,24.889,2412,0
FCEF.US,D,20210528,000000,25.142,25.142,24.943,24.979,2018,0
FCEF.US,D,20210601,000000,25.521,25.521,25.068,25.132,14754,0
FCEF.US,D,20210602,000000,25.251,25.251,25.033,25.043,2414,0
FCEF.US,D,20210603,000000,25.042,25.121,24.973,25.063,4730,0
FCEF.US,D,20210604,000000,25.262,25.262,25.114,25.137,4595,0
FCEF.US,D,20210607,000000,25.222,25.282,25.217,25.217,5813,0
FCEF.US,D,20210608,000000,25.451,25.451,25.103,25.337,23116,0
FCEF.US,D,20210609,000000,25.521,25.521,25.342,25.351,9328,0
FCEF.US,D,20210610,000000,25.591,25.591,25.401,25.481,5103,0
FCEF.US,D,20210611,000000,25.391,25.431,25.322,25.371,3690,0
FCEF.US,D,20210614,000000,25.446,25.511,25.379,25.386,6229,0
FCEF.US,D,20210615,000000,25.431,25.471,25.381,25.406,4152,0
FCEF.US,D,20210616,000000,25.541,25.541,25.252,25.309,5989,0
FCEF.US,D,20210617,000000,25.371,25.371,25.119,25.122,5480,0
FCEF.US,D,20210618,000000,24.873,24.963,24.843,24.843,2760,0
FCEF.US,D,20210621,000000,24.804,25.073,24.794,25.003,4016,0
FCEF.US,D,20210622,000000,24.923,25.132,24.888,25.073,7727,0
FCEF.US,D,20210623,000000,25.222,25.222,25.053,25.102,608,0
FCEF.US,D,20210624,000000,25.292,25.322,25.152,25.227,13785,0
FCEF.US,D,20210625,000000,25.192,25.237,25.192,25.237,447,0
FCEF.US,D,20210628,000000,25.252,25.381,25.252,25.322,5502,0
FCEF.US,D,20210629,000000,25.312,25.471,25.312,25.351,2137,0
FCEF.US,D,20210630,000000,25.499,25.499,25.376,25.376,2608,0
FCEF.US,D,20210701,000000,25.451,25.501,25.381,25.431,1579,0
FCEF.US,D,20210702,000000,25.481,25.541,25.411,25.471,10962,0
FCEF.US,D,20210706,000000,25.401,25.406,25.342,25.406,1390,0
FCEF.US,D,20210707,000000,25.431,25.431,25.361,25.361,2380,0
FCEF.US,D,20210708,000000,25.292,25.292,25.162,25.207,1446,0
FCEF.US,D,20210709,000000,25.391,25.391,25.328,25.356,4184,0
FCEF.US,D,20210712,000000,25.342,25.73,25.321,25.73,11325,0
FCEF.US,D,20210713,000000,25.51,25.51,25.295,25.295,10043,0
FCEF.US,D,20210714,000000,25.29,25.4,25.22,25.22,5550,0
FCEF.US,D,20210715,000000,25.15,25.15,25.05,25.105,2331,0
FCEF.US,D,20210716,000000,25.12,25.12,24.8984,24.8984,45206,0
FCEF.US,D,20210719,000000,24.45,24.609,24.4201,24.4704,2443,0
FCEF.US,D,20210720,000000,24.61,24.8644,24.61,24.845,5882,0
FCEF.US,D,20210721,000000,24.94,25.02,24.91,25.02,1242,0
FCEF.US,D,20210722,000000,25.109,25.109,25,25,787,0
FCEF.US,D,20210723,000000,25.2,25.2,25.05,25.17,2251,0
FCEF.US,D,20210726,000000,25.1,25.149,24.99,24.995,1590,0
FCEF.US,D,20210727,000000,25.13,25.13,24.8014,25.06,5940,0
FCEF.US,D,20210728,000000,25.0802,25.0802,25.0802,25.0802,235,0
FCEF.US,D,20210729,000000,25.12,25.219,25.05,25.05,5330,0
FCEF.US,D,20210730,000000,25.19,25.19,25.0417,25.11,1726,0
FCEF.US,D,20210802,000000,25.31,25.31,25.1811,25.185,3434,0
FCEF.US,D,20210803,000000,25.09,25.25,25.09,25.25,1285,0
FCEF.US,D,20210804,000000,25.21,25.37,25.21,25.285,11049,0
FCEF.US,D,20210805,000000,25.385,25.44,25.35,25.35,3270,0
FCEF.US,D,20210806,000000,25.465,25.51,25.4,25.48,4730,0
FCEF.US,D,20210809,000000,25.5063,25.575,25.5063,25.575,430,0
FCEF.US,D,20210810,000000,25.59,25.6499,25.59,25.64,2199,0
FCEF.US,D,20210811,000000,25.555,25.57,25.555,25.57,314,0
FCEF.US,D,20210812,000000,25.79,25.79,25.6001,25.62,5439,0
FCEF.US,D,20210816,000000,25.43,25.63,25.43,25.585,42892,0
FCEF.US,D,20210817,000000,25.549,25.549,25.4012,25.4547,3266,0
FCEF.US,D,20210818,000000,25.4201,25.5,25.33,25.3772,2246,0
FCEF.US,D,20210819,000000,25.51,25.51,25.14,25.18,4371,0
FCEF.US,D,20210820,000000,25.17,25.31,25.16,25.2649,2039,0
FCEF.US,D,20210823,000000,25.49,25.49,25.38,25.4195,1681,0
FCEF.US,D,20210824,000000,25.515,25.54,25.45,25.525,3828,0
FCEF.US,D,20210825,000000,25.53,25.57,25.5,25.57,8389,0
FCEF.US,D,20210826,000000,25.6,25.61,25.385,25.385,8580,0
FCEF.US,D,20210827,000000,25.5,25.63,25.5,25.55,3968,0
FCEF.US,D,20210830,000000,25.655,25.74,25.58,25.64,3030,0
FCEF.US,D,20210831,000000,25.6391,25.67,25.63,25.63,2251,0
FCEF.US,D,20210901,000000,25.819,25.89,25.667,25.79,30914,0
