<TICKER>,<PER>,<DATE>,<TIME>,<OPEN>,<HIGH>,<LOW>,<CLOSE>,<VOL>,<OPENINT>
FDNI.US,D,20181108,000000,19.392,19.392,18.997,18.997,4879,0
FDNI.US,D,20181109,000000,18.32,18.341,18.234,18.234,848,0
FDNI.US,D,20181112,000000,18.303,18.303,17.733,17.733,2489,0
FDNI.US,D,20181113,000000,18.109,18.109,17.974,18.102,917,0
FDNI.US,D,20181114,000000,18.273,18.37,18.193,18.351,8363,0
FDNI.US,D,20181115,000000,18.733,18.735,18.485,18.733,1361,0
FDNI.US,D,20181116,000000,18.649,18.649,18.636,18.649,699,0
FDNI.US,D,20181119,000000,18.176,18.176,18.176,18.176,310,0
FDNI.US,D,20181120,000000,17.743,17.743,17.743,17.743,259,0
FDNI.US,D,20181121,000000,18.128,18.234,18.128,18.148,2470,0
FDNI.US,D,20181123,000000,18.071,18.148,18.071,18.109,2866,0
FDNI.US,D,20181126,000000,18.591,18.717,18.591,18.717,2751,0
FDNI.US,D,20181127,000000,18.675,18.675,18.675,18.675,133,0
FDNI.US,D,20181128,000000,19.073,19.073,19.073,19.073,310,0
FDNI.US,D,20181129,000000,19.046,19.109,19.046,19.109,467,0
FDNI.US,D,20181130,000000,19.112,19.112,19.112,19.112,114,0
FDNI.US,D,20181203,000000,19.698,19.698,19.634,19.634,2525,0
FDNI.US,D,20181204,000000,19.414,19.414,18.968,18.968,2804,0
FDNI.US,D,20181206,000000,18.447,18.486,18.359,18.486,5726,0
FDNI.US,D,20181207,000000,18.919,18.919,18.455,18.455,414,0
FDNI.US,D,20181210,000000,18.38,18.399,18.338,18.389,1719,0
FDNI.US,D,20181211,000000,18.341,18.591,18.341,18.591,14800,0
FDNI.US,D,20181212,000000,19.083,19.083,18.938,19.083,778,0
FDNI.US,D,20181213,000000,18.814,18.814,18.814,18.814,103,0
FDNI.US,D,20181214,000000,18.659,18.659,18.47,18.475,2592,0
FDNI.US,D,20181217,000000,18.148,18.148,17.935,17.939,1848,0
FDNI.US,D,20181221,000000,17.926,17.926,17.098,17.098,2774,0
FDNI.US,D,20181224,000000,17.283,17.283,17.283,17.283,1037,0
FDNI.US,D,20181226,000000,17.289,17.289,17.289,17.289,142,0
FDNI.US,D,20181227,000000,17.646,17.646,17.646,17.646,316,0
FDNI.US,D,20181231,000000,18.022,18.022,17.704,17.704,3215,0
FDNI.US,D,20190102,000000,17.733,17.757,17.705,17.705,12085,0
FDNI.US,D,20190103,000000,17.289,17.289,17.212,17.212,423,0
FDNI.US,D,20190104,000000,18.041,18.157,18.041,18.157,727,0
FDNI.US,D,20190107,000000,18.533,18.533,18.475,18.524,2278,0
FDNI.US,D,20190108,000000,18.455,18.455,18.455,18.455,181,0
FDNI.US,D,20190109,000000,19.071,19.334,19.071,19.334,509,0
FDNI.US,D,20190110,000000,19.073,19.073,18.968,18.968,1356,0
FDNI.US,D,20190111,000000,18.871,18.91,18.871,18.91,591,0
FDNI.US,D,20190114,000000,18.775,18.775,18.552,18.552,748,0
FDNI.US,D,20190116,000000,19.06,19.06,19.06,19.06,114,0
FDNI.US,D,20190118,000000,19.601,19.61,19.572,19.575,3444,0
FDNI.US,D,20190122,000000,18.959,18.959,18.959,18.959,208,0
FDNI.US,D,20190123,000000,18.959,18.959,18.897,18.918,2445,0
FDNI.US,D,20190124,000000,18.998,18.998,18.998,18.998,259,0
FDNI.US,D,20190125,000000,19.566,19.566,19.566,19.566,246,0
FDNI.US,D,20190129,000000,19.335,19.335,19.335,19.335,449,0
FDNI.US,D,20190130,000000,19.562,19.665,19.562,19.665,726,0
FDNI.US,D,20190131,000000,19.892,19.916,19.85,19.916,1766,0
FDNI.US,D,20190205,000000,20.044,20.044,20.044,20.044,213,0
FDNI.US,D,20190206,000000,20.057,20.057,20.057,20.057,522,0
FDNI.US,D,20190207,000000,19.864,19.864,19.537,19.537,348,0
FDNI.US,D,20190211,000000,19.738,19.738,19.738,19.738,911,0
FDNI.US,D,20190213,000000,19.963,19.963,19.96,19.96,1332,0
FDNI.US,D,20190215,000000,19.644,19.772,19.644,19.687,1911,0
FDNI.US,D,20190220,000000,20.056,20.056,19.936,19.95,995,0
FDNI.US,D,20190221,000000,19.757,19.757,19.757,19.757,166,0
FDNI.US,D,20190222,000000,19.922,19.98,19.748,19.958,9249,0
FDNI.US,D,20190226,000000,20.256,20.256,20.256,20.256,484,0
FDNI.US,D,20190227,000000,20.374,20.517,20.374,20.517,1233,0
FDNI.US,D,20190228,000000,20.384,20.548,20.384,20.548,1102,0
FDNI.US,D,20190305,000000,20.906,21.204,20.906,21.134,1328,0
FDNI.US,D,20190306,000000,21.109,21.109,21.109,21.109,288,0
FDNI.US,D,20190307,000000,20.974,20.974,20.856,20.856,664,0
FDNI.US,D,20190308,000000,20.317,20.317,20.317,20.317,209,0
FDNI.US,D,20190313,000000,20.974,20.974,20.963,20.963,409,0
FDNI.US,D,20190314,000000,20.905,20.905,20.905,20.905,477,0
FDNI.US,D,20190315,000000,21.069,21.069,21.059,21.059,2923,0
FDNI.US,D,20190318,000000,21.281,21.281,21.224,21.266,969,0
FDNI.US,D,20190319,000000,21.252,21.301,21.252,21.301,706,0
FDNI.US,D,20190320,000000,21.154,21.306,21.12,21.306,3591,0
FDNI.US,D,20190321,000000,21.198,21.334,21.198,21.334,1163,0
FDNI.US,D,20190322,000000,21.031,21.059,21.021,21.059,760,0
FDNI.US,D,20190325,000000,20.945,20.945,20.918,20.918,3759,0
FDNI.US,D,20190326,000000,21.21,21.21,21.069,21.113,3121,0
FDNI.US,D,20190327,000000,21.137,21.137,20.974,20.974,831,0
FDNI.US,D,20190329,000000,21.4,21.4,21.34,21.34,461,0
FDNI.US,D,20190401,000000,21.73,21.801,21.716,21.801,1436,0
FDNI.US,D,20190402,000000,22.063,22.063,21.697,21.711,1335,0
FDNI.US,D,20190403,000000,22.005,22.015,21.998,21.998,1217,0
FDNI.US,D,20190404,000000,22.169,22.169,21.918,21.918,3489,0
FDNI.US,D,20190405,000000,22.256,22.313,22.058,22.227,6099,0
FDNI.US,D,20190408,000000,22.227,22.319,22.103,22.178,2985,0
FDNI.US,D,20190409,000000,22.409,22.409,22.227,22.227,759,0
FDNI.US,D,20190410,000000,22.178,22.33,22.178,22.203,3371,0
FDNI.US,D,20190411,000000,22.152,22.152,22.068,22.068,728,0
FDNI.US,D,20190412,000000,22.564,22.564,22.351,22.422,6437,0
FDNI.US,D,20190415,000000,22.429,22.429,22.082,22.135,8654,0
FDNI.US,D,20190416,000000,22.506,22.506,22.237,22.237,2420,0
FDNI.US,D,20190417,000000,22.544,22.544,22.305,22.414,3195,0
FDNI.US,D,20190418,000000,22.12,22.12,22.023,22.12,4894,0
FDNI.US,D,20190422,000000,21.937,22.683,21.937,22.683,13874,0
FDNI.US,D,20190423,000000,22.399,22.399,22.16,22.322,3010,0
FDNI.US,D,20190424,000000,22.603,22.603,22.12,22.12,2740,0
FDNI.US,D,20190425,000000,21.884,22.023,21.874,22.018,2318,0
FDNI.US,D,20190426,000000,22.119,22.119,22.119,22.119,376,0
FDNI.US,D,20190429,000000,22.17,22.294,22.17,22.284,3076,0
FDNI.US,D,20190430,000000,22.213,22.346,22.213,22.332,2084,0
FDNI.US,D,20190501,000000,22.467,22.474,22.467,22.472,7187,0
FDNI.US,D,20190502,000000,22.377,22.399,22.294,22.294,4105,0
FDNI.US,D,20190503,000000,22.816,22.816,22.815,22.815,735,0
FDNI.US,D,20190506,000000,22.14,22.149,22.101,22.149,2971,0
FDNI.US,D,20190507,000000,22.439,22.439,22.101,22.101,2305,0
FDNI.US,D,20190508,000000,22.275,22.275,21.655,21.946,83504,0
FDNI.US,D,20190509,000000,21.195,21.349,21.195,21.349,4310,0
FDNI.US,D,20190510,000000,21.677,21.797,21.677,21.797,875,0
FDNI.US,D,20190513,000000,21.214,21.311,21.05,21.311,2487,0
FDNI.US,D,20190514,000000,21.21,21.59,21.21,21.59,1743,0
FDNI.US,D,20190515,000000,21.463,21.779,21.463,21.711,2158,0
FDNI.US,D,20190516,000000,21.764,21.821,21.764,21.821,651,0
FDNI.US,D,20190517,000000,21.572,23.152,20.983,21.108,5137,0
FDNI.US,D,20190520,000000,20.356,20.47,20.356,20.47,3232,0
FDNI.US,D,20190521,000000,20.683,20.703,20.661,20.703,921,0
FDNI.US,D,20190522,000000,20.636,20.636,20.599,20.599,363,0
FDNI.US,D,20190523,000000,20.461,20.461,20.057,20.057,3928,0
FDNI.US,D,20190524,000000,20.299,20.299,20.134,20.134,471,0
FDNI.US,D,20190528,000000,20.185,20.185,20.185,20.185,545,0
FDNI.US,D,20190529,000000,19.527,19.835,19.063,19.835,1314,0
FDNI.US,D,20190530,000000,19.936,20.002,19.883,19.883,623,0
FDNI.US,D,20190531,000000,20.067,20.067,20.067,20.067,487,0
FDNI.US,D,20190607,000000,20.36,20.36,20.337,20.337,727,0
FDNI.US,D,20190610,000000,20.808,20.808,20.808,20.808,3111,0
FDNI.US,D,20190611,000000,20.958,21.041,20.958,21.041,672,0
FDNI.US,D,20190612,000000,20.752,20.752,20.684,20.742,633,0
FDNI.US,D,20190614,000000,20.372,20.5,20.355,20.5,889,0
FDNI.US,D,20190617,000000,20.442,20.442,20.442,20.442,695,0
FDNI.US,D,20190618,000000,20.973,20.973,20.79,20.79,86663,0
FDNI.US,D,20190619,000000,20.925,20.925,20.925,20.925,224,0
FDNI.US,D,20190620,000000,21.146,21.513,21.137,21.214,12858,0
FDNI.US,D,20190621,000000,21.466,21.466,21.214,21.214,477,0
FDNI.US,D,20190624,000000,21.146,21.146,21.022,21.022,828,0
FDNI.US,D,20190625,000000,21.021,21.021,20.568,20.607,3660,0
FDNI.US,D,20190627,000000,21.03,21.03,21.03,21.03,130,0
FDNI.US,D,20190628,000000,21.079,21.1,21.079,21.1,1296,0
FDNI.US,D,20190701,000000,21.533,21.533,21.533,21.533,286,0
FDNI.US,D,20190702,000000,21.426,21.533,21.321,21.464,8951,0
FDNI.US,D,20190703,000000,21.35,21.499,21.35,21.499,1677,0
FDNI.US,D,20190705,000000,21.408,21.417,21.408,21.417,1109,0
FDNI.US,D,20190709,000000,21.031,21.031,21.031,21.031,2314,0
FDNI.US,D,20190710,000000,21.224,21.224,21.224,21.224,571,0
FDNI.US,D,20190711,000000,21.233,21.233,21.233,21.233,471,0
FDNI.US,D,20190712,000000,21.002,21.002,21.002,21.002,428,0
FDNI.US,D,20190715,000000,21.186,21.234,21.186,21.234,407,0
FDNI.US,D,20190717,000000,21.311,21.33,21.278,21.278,630,0
FDNI.US,D,20190719,000000,21.34,21.416,21.34,21.416,235,0
FDNI.US,D,20190722,000000,21.351,21.351,21.234,21.285,1451,0
FDNI.US,D,20190723,000000,21.418,21.426,21.418,21.418,1781,0
FDNI.US,D,20190725,000000,21.539,21.539,20.413,20.413,243,0
FDNI.US,D,20190726,000000,21.722,21.764,21.677,21.711,64972,0
FDNI.US,D,20190729,000000,22.333,22.333,21.558,21.572,9621,0
FDNI.US,D,20190731,000000,21.333,21.333,21.333,21.333,352,0
FDNI.US,D,20190801,000000,20.992,21.281,20.992,21.108,1713,0
FDNI.US,D,20190802,000000,20.872,20.91,20.867,20.867,1629,0
FDNI.US,D,20190805,000000,20.867,20.867,20.867,20.867,3099,0
FDNI.US,D,20190806,000000,20.24,20.24,20.05,20.05,336,0
FDNI.US,D,20190808,000000,20.491,20.742,20.491,20.732,3273,0
FDNI.US,D,20190809,000000,20.645,20.674,20.403,20.558,2146,0
FDNI.US,D,20190813,000000,20.732,20.742,20.732,20.742,1378,0
FDNI.US,D,20190814,000000,20.153,20.212,20.153,20.163,2170,0
FDNI.US,D,20190815,000000,20.24,20.24,19.883,19.883,1414,0
FDNI.US,D,20190819,000000,20.978,20.983,20.978,20.983,666,0
FDNI.US,D,20190820,000000,21.118,21.181,20.95,21.181,2476,0
FDNI.US,D,20190822,000000,21.081,21.081,21.081,21.081,251,0
FDNI.US,D,20190823,000000,20.721,20.721,20.721,20.721,258,0
FDNI.US,D,20190826,000000,20.761,21.019,20.761,21.019,417,0
FDNI.US,D,20190827,000000,20.915,20.915,20.915,20.915,581,0
FDNI.US,D,20190829,000000,21.311,21.311,21.311,21.311,191,0
FDNI.US,D,20190910,000000,21.301,21.301,21.291,21.291,946,0
FDNI.US,D,20190911,000000,21.456,21.657,21.456,21.648,13765,0
FDNI.US,D,20190916,000000,21.687,21.687,21.601,21.601,731,0
FDNI.US,D,20190918,000000,21.591,21.591,21.591,21.591,103,0
FDNI.US,D,20190924,000000,20.887,20.887,20.887,20.887,119,0
FDNI.US,D,20190925,000000,21.211,21.211,20.805,20.805,620,0
FDNI.US,D,20190926,000000,21.014,21.014,21.014,21.014,101,0
FDNI.US,D,20190927,000000,20.996,20.996,20.393,20.393,766,0
FDNI.US,D,20190930,000000,20.715,20.715,20.715,20.715,166,0
FDNI.US,D,20191001,000000,20.648,20.648,20.472,20.472,299,0
FDNI.US,D,20191002,000000,20.403,20.403,20.403,20.403,595,0
FDNI.US,D,20191007,000000,20.689,20.847,20.689,20.758,5808,0
FDNI.US,D,20191008,000000,20.672,20.672,20.374,20.374,867,0
FDNI.US,D,20191009,000000,20.374,20.374,20.374,20.374,144,0
FDNI.US,D,20191010,000000,20.818,20.924,20.818,20.924,1118,0
FDNI.US,D,20191011,000000,21.328,21.328,21.168,21.168,2895,0
FDNI.US,D,20191015,000000,21.478,21.538,21.448,21.448,2558,0
FDNI.US,D,20191017,000000,21.557,21.582,21.557,21.582,1165,0
FDNI.US,D,20191022,000000,21.389,21.389,21.389,21.389,308,0
FDNI.US,D,20191023,000000,20.541,20.848,20.541,20.793,2653,0
FDNI.US,D,20191025,000000,21.015,21.159,21.015,21.159,732,0
FDNI.US,D,20191028,000000,21.483,21.483,21.483,21.483,139,0
FDNI.US,D,20191029,000000,21.379,21.379,21.259,21.259,429,0
FDNI.US,D,20191030,000000,21.218,21.218,21.218,21.218,101,0
FDNI.US,D,20191104,000000,22.079,22.079,21.923,21.923,415,0
FDNI.US,D,20191105,000000,21.852,21.852,21.852,21.852,658,0
FDNI.US,D,20191107,000000,22.06,22.06,22.06,22.06,629,0
FDNI.US,D,20191108,000000,22.158,22.158,22.158,22.158,243,0
FDNI.US,D,20191115,000000,22,22,22,22,180,0
FDNI.US,D,20191121,000000,22.256,22.256,22.256,22.256,1031,0
FDNI.US,D,20191122,000000,22.571,22.571,22.571,22.571,357,0
FDNI.US,D,20191125,000000,22.611,22.611,22.463,22.48,919,0
FDNI.US,D,20191127,000000,22.762,22.769,22.762,22.769,111,0
FDNI.US,D,20191129,000000,22.66,22.66,22.66,22.66,1024,0
FDNI.US,D,20191202,000000,22.994,22.994,22.276,22.396,1329,0
FDNI.US,D,20191204,000000,22.534,22.534,22.49,22.51,593,0
FDNI.US,D,20191205,000000,22.571,22.625,22.522,22.6,7949,0
FDNI.US,D,20191206,000000,22.857,22.857,22.823,22.823,268,0
FDNI.US,D,20191209,000000,22.817,22.817,22.63,22.63,1770,0
FDNI.US,D,20191210,000000,23.024,23.024,22.535,22.535,3268,0
FDNI.US,D,20191211,000000,22.722,22.791,22.722,22.791,508,0
FDNI.US,D,20191212,000000,23.083,23.083,22.788,22.925,5449,0
FDNI.US,D,20191213,000000,23.034,23.504,23.034,23.196,15525,0
FDNI.US,D,20191216,000000,23.616,23.638,23.616,23.638,226,0
FDNI.US,D,20191217,000000,23.863,23.863,23.803,23.803,1078,0
FDNI.US,D,20191218,000000,23.967,24.023,23.923,23.928,3567,0
FDNI.US,D,20191219,000000,24.053,24.153,23.953,24.048,4616,0
FDNI.US,D,20191220,000000,24.542,24.542,24.184,24.184,5156,0
FDNI.US,D,20191223,000000,24.632,24.632,24.337,24.432,4951,0
FDNI.US,D,20191224,000000,24.412,24.512,24.412,24.483,1761,0
FDNI.US,D,20191226,000000,24.508,24.66,24.452,24.452,6070,0
FDNI.US,D,20191227,000000,24.837,24.837,24.522,24.747,5767,0
FDNI.US,D,20191230,000000,24.722,24.772,24.412,24.482,9889,0
FDNI.US,D,20191231,000000,24.442,24.501,24.402,24.501,3285,0
FDNI.US,D,20200102,000000,25.021,25.261,25.001,25.151,8918,0
FDNI.US,D,20200103,000000,25.301,25.301,24.911,24.911,6088,0
FDNI.US,D,20200106,000000,25.151,25.151,24.9,24.971,1875,0
FDNI.US,D,20200107,000000,25.56,25.56,25.181,25.251,12011,0
FDNI.US,D,20200108,000000,25.251,25.549,25.251,25.318,4419,0
FDNI.US,D,20200109,000000,25.56,25.67,25.411,25.55,17682,0
FDNI.US,D,20200110,000000,25.72,25.93,25.72,25.798,3605,0
FDNI.US,D,20200113,000000,26.509,26.509,26.03,26.244,8107,0
FDNI.US,D,20200114,000000,26.419,26.419,25.89,26.036,965,0
FDNI.US,D,20200115,000000,26.112,26.169,26,26.062,6776,0
FDNI.US,D,20200116,000000,26.749,26.749,26.056,26.117,9776,0
FDNI.US,D,20200117,000000,26.279,26.279,26.132,26.187,5141,0
FDNI.US,D,20200121,000000,25.92,25.92,25.71,25.72,60103,0
FDNI.US,D,20200122,000000,26.279,26.279,25.77,25.834,2996,0
FDNI.US,D,20200123,000000,25.66,25.66,25.072,25.539,6766,0
FDNI.US,D,20200124,000000,25.431,25.666,25.231,25.436,5440,0
FDNI.US,D,20200127,000000,24.452,24.832,24.362,24.657,42109,0
FDNI.US,D,20200128,000000,24.891,24.936,24.891,24.911,530,0
FDNI.US,D,20200129,000000,25.291,25.391,25.291,25.292,4271,0
FDNI.US,D,20200130,000000,25.051,25.16,24.762,25.16,3091,0
FDNI.US,D,20200131,000000,24.914,24.914,24.622,24.73,3927,0
FDNI.US,D,20200204,000000,25.947,25.955,25.843,25.843,1939,0
FDNI.US,D,20200205,000000,26.179,26.179,25.611,25.709,6669,0
FDNI.US,D,20200206,000000,26.279,26.279,25.88,25.98,8246,0
FDNI.US,D,20200207,000000,25.654,25.654,25.55,25.627,1061,0
FDNI.US,D,20200210,000000,25.61,25.61,25.607,25.607,277,0
FDNI.US,D,20200211,000000,26.04,26.125,26.04,26.125,2964,0
FDNI.US,D,20200212,000000,26.512,26.699,26.459,26.643,3566,0
FDNI.US,D,20200213,000000,26.487,26.559,26.419,26.419,1176,0
FDNI.US,D,20200214,000000,26.928,26.928,26.351,26.351,2051,0
FDNI.US,D,20200218,000000,26.769,26.769,26.769,26.769,346,0
FDNI.US,D,20200219,000000,26.13,26.579,26.13,26.504,8188,0
FDNI.US,D,20200220,000000,26.749,26.749,26.009,26.125,1987,0
FDNI.US,D,20200221,000000,26.549,26.549,25.86,26.01,2441,0
FDNI.US,D,20200224,000000,25.121,25.14,23.713,25.042,5216,0
FDNI.US,D,20200225,000000,25.221,25.251,24.797,24.979,4368,0
FDNI.US,D,20200226,000000,25.041,25.081,24.921,24.997,2904,0
FDNI.US,D,20200227,000000,24.263,24.477,24.252,24.477,2849,0
FDNI.US,D,20200228,000000,24.034,24.034,23.767,24.027,1894,0
FDNI.US,D,20200302,000000,24.662,24.675,24.066,24.675,3400,0
FDNI.US,D,20200303,000000,24.999,25.031,24.457,24.654,3538,0
FDNI.US,D,20200304,000000,24.866,25.131,24.762,25.111,4439,0
FDNI.US,D,20200305,000000,25.111,25.403,25.031,25.293,2127,0
FDNI.US,D,20200306,000000,24.911,24.911,24.352,24.402,4809,0
FDNI.US,D,20200309,000000,23.683,23.683,22.984,23.111,2281,0
FDNI.US,D,20200310,000000,23.511,23.944,23.511,23.798,3581,0
FDNI.US,D,20200311,000000,23.534,23.534,22.865,22.964,5184,0
FDNI.US,D,20200312,000000,21.357,21.535,21.347,21.481,2042,0
FDNI.US,D,20200313,000000,22.186,22.186,21.199,21.658,5472,0
FDNI.US,D,20200316,000000,20.059,20.064,19.46,20.014,1008,0
FDNI.US,D,20200317,000000,20.334,20.398,20.217,20.398,615,0
FDNI.US,D,20200318,000000,19.35,19.35,19.252,19.252,288,0
FDNI.US,D,20200319,000000,20.02,20.458,19.52,19.639,2339,0
FDNI.US,D,20200320,000000,20.468,20.468,20.059,20.193,575,0
FDNI.US,D,20200323,000000,20.129,20.139,19.61,20.017,2183,0
FDNI.US,D,20200324,000000,20.978,21.736,20.978,21.577,2660,0
FDNI.US,D,20200325,000000,22.176,22.675,22.096,22.52,9032,0
FDNI.US,D,20200326,000000,22.715,23.064,22.687,22.984,3929,0
FDNI.US,D,20200327,000000,22.226,22.321,22.046,22.321,1762,0
FDNI.US,D,20200330,000000,22.275,22.505,22.186,22.405,3409,0
FDNI.US,D,20200331,000000,22.745,22.826,22.665,22.75,2290,0
FDNI.US,D,20200401,000000,22.736,22.736,21.886,22.015,2222,0
FDNI.US,D,20200402,000000,22.136,22.226,21.886,21.947,759,0
FDNI.US,D,20200403,000000,21.862,21.862,21.447,21.695,2417,0
FDNI.US,D,20200406,000000,22.465,22.695,22.465,22.615,1460,0
FDNI.US,D,20200407,000000,23.104,23.124,22.845,22.928,1205,0
FDNI.US,D,20200408,000000,23.164,23.164,22.81,22.993,990,0
FDNI.US,D,20200413,000000,23.444,23.448,23.194,23.448,1609,0
FDNI.US,D,20200414,000000,24.222,24.392,23.773,24.087,2130,0
FDNI.US,D,20200415,000000,23.993,24.252,23.663,24.023,3692,0
FDNI.US,D,20200416,000000,25.101,25.101,24.627,24.661,1385,0
FDNI.US,D,20200417,000000,25.141,25.141,24.892,25.001,6590,0
FDNI.US,D,20200420,000000,25.74,25.74,25.281,25.665,7250,0
FDNI.US,D,20200421,000000,25.361,25.361,23.836,24.694,10141,0
FDNI.US,D,20200422,000000,25.251,25.341,25.251,25.341,4734,0
FDNI.US,D,20200423,000000,25.86,25.86,25.131,25.197,2111,0
FDNI.US,D,20200424,000000,25.86,25.86,25.231,25.241,1495,0
FDNI.US,D,20200427,000000,26.04,26.04,25.53,25.638,3595,0
FDNI.US,D,20200428,000000,25.481,25.71,25.481,25.639,37730,0
FDNI.US,D,20200429,000000,25.96,26.269,25.96,26.015,1003,0
FDNI.US,D,20200430,000000,26.15,26.15,25.471,25.71,7470,0
FDNI.US,D,20200501,000000,25.201,25.24,24.752,24.994,6412,0
FDNI.US,D,20200504,000000,24.382,25.091,24.382,25.081,3255,0
FDNI.US,D,20200505,000000,25.181,25.83,25.181,25.516,4707,0
FDNI.US,D,20200506,000000,25.8,26.214,25.8,26.2,806,0
FDNI.US,D,20200507,000000,26.878,26.878,26.449,26.527,654,0
FDNI.US,D,20200508,000000,27.148,27.228,27.063,27.108,2218,0
FDNI.US,D,20200511,000000,27.497,27.577,27.447,27.534,1342,0
FDNI.US,D,20200512,000000,27.937,27.957,27.667,27.667,6332,0
FDNI.US,D,20200513,000000,27.927,28.286,27.712,27.915,14322,0
FDNI.US,D,20200514,000000,28.007,28.126,27.272,27.95,9899,0
FDNI.US,D,20200515,000000,28.067,28.196,27.7,28.032,5835,0
FDNI.US,D,20200518,000000,29.115,29.115,28.561,29.029,5939,0
FDNI.US,D,20200519,000000,29.365,29.372,28.865,29.075,14749,0
FDNI.US,D,20200520,000000,29.654,29.904,29.414,29.655,15324,0
FDNI.US,D,20200521,000000,30.073,30.073,29.282,29.508,5002,0
FDNI.US,D,20200522,000000,29.504,29.504,28.815,29.157,7219,0
FDNI.US,D,20200526,000000,29.994,30.061,29.612,29.612,11898,0
FDNI.US,D,20200527,000000,29.644,29.644,28.456,29.008,8510,0
FDNI.US,D,20200528,000000,29.474,29.474,28.953,28.953,3300,0
FDNI.US,D,20200529,000000,29.24,29.644,29.225,29.552,1829,0
FDNI.US,D,20200601,000000,30.083,31.521,29.854,31.521,7916,0
FDNI.US,D,20200602,000000,30.962,30.962,30.173,30.566,31245,0
FDNI.US,D,20200603,000000,31.132,31.132,30.553,30.958,15058,0
FDNI.US,D,20200604,000000,31.182,31.182,30.603,30.705,8119,0
FDNI.US,D,20200605,000000,30.852,30.992,30.812,30.945,6110,0
FDNI.US,D,20200608,000000,30.153,30.942,30.153,30.726,13384,0
FDNI.US,D,20200609,000000,30.523,30.857,30.523,30.822,5664,0
FDNI.US,D,20200610,000000,30.862,31.596,30.862,31.566,3436,0
FDNI.US,D,20200611,000000,31.511,31.511,30.503,30.805,16313,0
FDNI.US,D,20200612,000000,31.132,31.312,30.649,31.043,10836,0
FDNI.US,D,20200615,000000,30.323,31.406,30.323,31.212,7440,0
FDNI.US,D,20200616,000000,32.01,34.027,31.731,34.027,13491,0
FDNI.US,D,20200617,000000,32.669,32.669,32.26,32.46,20482,0
FDNI.US,D,20200618,000000,32.839,32.939,32.581,32.819,10151,0
FDNI.US,D,20200619,000000,33.738,33.738,32.725,32.855,11511,0
FDNI.US,D,20200622,000000,33.828,33.828,33.195,33.427,11883,0
FDNI.US,D,20200623,000000,34.207,34.407,34.108,34.147,20231,0
FDNI.US,D,20200624,000000,34.137,34.167,33.368,33.743,20850,0
FDNI.US,D,20200625,000000,33.578,33.864,33.451,33.864,7233,0
FDNI.US,D,20200626,000000,34.187,34.187,33.371,33.563,11672,0
FDNI.US,D,20200629,000000,33.462,33.728,32.939,33.506,27490,0
FDNI.US,D,20200630,000000,33.689,34.187,33.607,33.813,11053,0
FDNI.US,D,20200701,000000,34.087,35.555,33.748,34.175,15741,0
FDNI.US,D,20200702,000000,35.635,35.636,35.084,35.386,30101,0
FDNI.US,D,20200706,000000,36.234,37.252,35.914,35.914,45933,0
FDNI.US,D,20200707,000000,36.254,36.313,35.668,35.705,73769,0
FDNI.US,D,20200708,000000,37.113,37.113,36.464,37.062,28646,0
FDNI.US,D,20200709,000000,37.971,37.976,37.292,37.674,69655,0
FDNI.US,D,20200710,000000,38.121,38.121,37.192,37.752,36723,0
FDNI.US,D,20200713,000000,37.861,37.941,36.194,36.209,42213,0
FDNI.US,D,20200714,000000,36.324,36.324,34.726,35.935,29096,0
FDNI.US,D,20200715,000000,36.893,36.893,35.944,36.359,14674,0
FDNI.US,D,20200716,000000,35.765,35.765,34.858,35.235,15778,0
FDNI.US,D,20200717,000000,35.335,35.55,35.235,35.365,12910,0
FDNI.US,D,20200720,000000,35.745,36.933,35.595,36.284,24372,0
FDNI.US,D,20200721,000000,37.712,37.712,36.898,37.128,34294,0
FDNI.US,D,20200722,000000,37.132,37.132,36.024,36.445,20758,0
FDNI.US,D,20200723,000000,36.923,36.993,35.725,36.214,90744,0
FDNI.US,D,20200724,000000,34.956,35.515,34.702,35.238,17788,0
FDNI.US,D,20200727,000000,35.47,36.114,35.236,36.074,13888,0
FDNI.US,D,20200728,000000,36.893,36.893,35.924,35.958,14590,0
FDNI.US,D,20200729,000000,37.272,37.272,36.508,37.023,38284,0
FDNI.US,D,20200730,000000,36.793,36.793,36.055,36.495,18308,0
FDNI.US,D,20200731,000000,36.586,36.723,36.264,36.57,15417,0
FDNI.US,D,20200803,000000,37.622,37.762,37.237,37.752,70928,0
FDNI.US,D,20200804,000000,37.762,38.321,37.612,38.321,19662,0
FDNI.US,D,20200805,000000,38.58,38.82,38.384,38.78,25747,0
FDNI.US,D,20200806,000000,39.03,42.844,38.141,38.75,24374,0
FDNI.US,D,20200807,000000,37.532,37.893,37.183,37.417,24777,0
FDNI.US,D,20200810,000000,37.182,37.275,36.344,36.913,57175,0
FDNI.US,D,20200811,000000,37.602,37.602,36.344,36.344,22565,0
FDNI.US,D,20200812,000000,37.362,37.552,36.923,37.283,16317,0
FDNI.US,D,20200813,000000,37.642,37.642,36.753,37.043,19021,0
FDNI.US,D,20200814,000000,36.634,37.043,36.598,36.864,5577,0
FDNI.US,D,20200817,000000,37.252,37.762,37.028,37.762,6921,0
FDNI.US,D,20200818,000000,37.821,38.44,37.542,38.201,38009,0
FDNI.US,D,20200819,000000,38.401,38.48,37.931,38.171,14068,0
FDNI.US,D,20200820,000000,38.301,38.5,37.627,38.48,27579,0
FDNI.US,D,20200821,000000,38.66,38.82,38.181,38.82,24950,0
FDNI.US,D,20200824,000000,39.309,39.689,39.204,39.689,32040,0
FDNI.US,D,20200825,000000,40.118,40.293,39.439,40.282,93782,0
FDNI.US,D,20200826,000000,40.867,41.235,40.44,40.907,36221,0
FDNI.US,D,20200827,000000,41.536,41.536,40.439,40.712,23289,0
FDNI.US,D,20200828,000000,41.046,41.046,40.414,40.539,29592,0
FDNI.US,D,20200831,000000,40.068,40.198,39.898,40.022,77004,0
FDNI.US,D,20200901,000000,40.537,41.176,40.436,41.074,54906,0
FDNI.US,D,20200902,000000,41.855,41.855,40.649,41.059,34509,0
FDNI.US,D,20200903,000000,40.467,40.467,38.94,39.201,37489,0
FDNI.US,D,20200904,000000,38.44,39.013,37.564,38.89,23538,0
FDNI.US,D,20200908,000000,37.632,37.632,36.953,37.177,16345,0
FDNI.US,D,20200909,000000,37.941,37.941,37.347,37.723,21585,0
FDNI.US,D,20200910,000000,38.44,38.44,37.203,37.203,32524,0
FDNI.US,D,20200911,000000,37.961,37.961,37.21,37.47,10920,0
FDNI.US,D,20200914,000000,38.52,38.52,37.682,38.053,12521,0
FDNI.US,D,20200915,000000,38.7,38.7,38.391,38.432,10893,0
FDNI.US,D,20200916,000000,38.67,38.8,38.391,38.47,35985,0
FDNI.US,D,20200917,000000,37.941,38.091,37.692,37.98,12877,0
FDNI.US,D,20200918,000000,38.361,38.361,37.737,38.066,10077,0
FDNI.US,D,20200921,000000,37.702,37.921,37.132,37.881,24283,0
FDNI.US,D,20200922,000000,38.361,38.361,37.609,38.341,6160,0
FDNI.US,D,20200923,000000,38.401,38.65,38.031,38.151,23921,0
FDNI.US,D,20200924,000000,37.526,38.037,37.442,37.73,13218,0
FDNI.US,D,20200925,000000,37.402,38.071,37.282,38.001,32885,0
FDNI.US,D,20200928,000000,38.52,38.52,38.211,38.429,74969,0
FDNI.US,D,20200929,000000,38.251,38.65,38.251,38.65,19245,0
FDNI.US,D,20200930,000000,38.918,39.569,38.83,39.569,16572,0
FDNI.US,D,20201001,000000,39.229,39.649,39.139,39.649,43094,0
FDNI.US,D,20201002,000000,39.339,39.439,38.927,39.131,23163,0
FDNI.US,D,20201005,000000,39.439,39.588,39.284,39.539,12156,0
FDNI.US,D,20201006,000000,39.748,40.023,39.549,39.649,20534,0
FDNI.US,D,20201007,000000,40.184,40.238,40.089,40.238,19814,0
FDNI.US,D,20201008,000000,40.517,40.517,40.158,40.36,8301,0
FDNI.US,D,20201009,000000,40.737,41.146,40.703,41.146,14188,0
FDNI.US,D,20201012,000000,41.616,41.784,41.317,41.636,18306,0
FDNI.US,D,20201013,000000,41.476,41.765,41.386,41.68,18202,0
FDNI.US,D,20201014,000000,41.366,41.885,41.336,41.336,19619,0
FDNI.US,D,20201015,000000,39.928,40.886,39.928,40.857,12255,0
FDNI.US,D,20201016,000000,41.106,41.436,41.106,41.115,10652,0
FDNI.US,D,20201019,000000,41.376,41.376,40.707,40.847,12271,0
FDNI.US,D,20201020,000000,41.225,41.396,41.106,41.146,12859,0
FDNI.US,D,20201021,000000,41.336,41.596,41.071,41.196,13201,0
FDNI.US,D,20201022,000000,41.136,41.226,40.587,40.781,18860,0
FDNI.US,D,20201023,000000,40.607,40.887,40.427,40.859,14964,0
FDNI.US,D,20201026,000000,40.138,40.657,40.008,40.507,12525,0
FDNI.US,D,20201027,000000,40.937,41.755,40.937,41.755,22507,0
FDNI.US,D,20201028,000000,41.646,41.646,40.858,41.136,16603,0
FDNI.US,D,20201029,000000,41.855,41.855,41.406,41.655,14527,0
FDNI.US,D,20201030,000000,41.026,41.101,40.437,40.591,29205,0
FDNI.US,D,20201102,000000,40.817,41.222,40.502,40.947,36016,0
FDNI.US,D,20201103,000000,41.306,41.306,40.328,40.737,27509,0
FDNI.US,D,20201104,000000,42.864,43.353,42.165,43.323,26838,0
FDNI.US,D,20201105,000000,44.801,44.801,43.662,44.291,55598,0
FDNI.US,D,20201106,000000,44.621,44.731,43.938,44.721,24543,0
FDNI.US,D,20201109,000000,45.5,45.5,43.021,43.203,75836,0
FDNI.US,D,20201110,000000,42.514,42.514,40.308,40.637,43172,0
FDNI.US,D,20201111,000000,39.938,41.296,39.878,41.266,38063,0
FDNI.US,D,20201112,000000,41.366,42.394,41.366,41.5,44680,0
FDNI.US,D,20201113,000000,42.155,42.662,42.055,42.502,50621,0
FDNI.US,D,20201116,000000,42.634,42.634,41.973,42.085,164774,0
FDNI.US,D,20201117,000000,42.145,42.145,41.541,41.597,22876,0
FDNI.US,D,20201118,000000,41.865,41.865,41.436,41.456,23331,0
FDNI.US,D,20201119,000000,41.306,41.945,41.276,41.892,57332,0
FDNI.US,D,20201120,000000,42.035,42.972,42.035,42.852,26465,0
FDNI.US,D,20201123,000000,42.983,43.123,42.464,42.744,24531,0
FDNI.US,D,20201124,000000,43.053,43.111,42.784,42.993,22681,0
FDNI.US,D,20201125,000000,42.734,42.834,42.584,42.798,21785,0
FDNI.US,D,20201127,000000,42.963,43.882,42.963,43.882,12881,0
FDNI.US,D,20201130,000000,44.002,44.002,42.859,43.083,22370,0
FDNI.US,D,20201201,000000,44.022,44.022,43.013,43.153,18253,0
FDNI.US,D,20201202,000000,42.943,43.233,42.404,43.083,35287,0
FDNI.US,D,20201203,000000,43.922,43.932,43.463,43.523,20266,0
FDNI.US,D,20201204,000000,43.632,43.842,43.612,43.699,14326,0
FDNI.US,D,20201207,000000,43.702,43.712,43.508,43.652,38782,0
FDNI.US,D,20201208,000000,43.892,44.142,43.892,44.082,27902,0
FDNI.US,D,20201209,000000,45,45,43.273,43.383,28289,0
FDNI.US,D,20201210,000000,44.885,44.885,43.333,44.082,19341,0
FDNI.US,D,20201211,000000,44.192,44.459,43.872,44.032,18247,0
FDNI.US,D,20201214,000000,44.771,45.34,43.682,43.772,25293,0
FDNI.US,D,20201215,000000,44.471,44.471,43.503,43.832,20573,0
FDNI.US,D,20201216,000000,44.431,44.851,44.241,44.831,26693,0
FDNI.US,D,20201217,000000,45.11,45.678,45.11,45.556,30560,0
FDNI.US,D,20201218,000000,45.579,45.579,45,45.187,28956,0
FDNI.US,D,20201221,000000,45.06,45.23,44.092,45.13,16711,0
FDNI.US,D,20201222,000000,45.27,45.32,44.762,45.14,44711,0
FDNI.US,D,20201223,000000,45.47,45.545,45.04,45.201,37740,0
FDNI.US,D,20201224,000000,44.41,44.53,44,44.36,34057,0
FDNI.US,D,20201228,000000,44.12,44.12,43.11,43.11,40780,0
FDNI.US,D,20201229,000000,43.74,44.6259,43.72,44.36,26062,0
FDNI.US,D,20201230,000000,44.57,45.65,44.57,45.57,42727,0
FDNI.US,D,20201231,000000,45.75,45.75,45.12,45.3909,23991,0
FDNI.US,D,20210104,000000,46.01,46.01,44.73,45.0444,17543,0
FDNI.US,D,20210105,000000,45.07,46.67,45.07,46.5947,55636,0
FDNI.US,D,20210106,000000,47.04,47.04,45.26,45.26,29745,0
FDNI.US,D,20210107,000000,45.62,45.76,45.207,45.6934,34868,0
FDNI.US,D,20210108,000000,46.73,47.7,46.305,47.5599,36865,0
FDNI.US,D,20210111,000000,46.4,46.85,46.38,46.39,22309,0
FDNI.US,D,20210112,000000,46.81,46.81,46.3101,46.51,28434,0
FDNI.US,D,20210113,000000,46.74,47.4099,46.46,46.89,22045,0
FDNI.US,D,20210114,000000,48.84,48.84,47.6521,47.7254,22169,0
FDNI.US,D,20210115,000000,47.64,47.64,46.86,47.03,23565,0
FDNI.US,D,20210119,000000,48.73,48.73,48.1967,48.62,152280,0
FDNI.US,D,20210120,000000,49.86,50.564,49.86,50.48,39359,0
FDNI.US,D,20210121,000000,51.31,51.31,50.3272,50.77,17422,0
FDNI.US,D,20210122,000000,50.67,50.99,50.5995,50.8643,203019,0
FDNI.US,D,20210125,000000,54.98,54.98,51.32,51.89,39178,0
FDNI.US,D,20210126,000000,51.95,51.95,50.75,50.855,61720,0
FDNI.US,D,20210127,000000,50,50,48.58,48.79,32947,0
FDNI.US,D,20210128,000000,48.51,49.7,48.51,49.5,49662,0
FDNI.US,D,20210129,000000,49.17,49.17,47.87,48.33,69525,0
FDNI.US,D,20210201,000000,49.43,50.44,49.43,50.44,28189,0
FDNI.US,D,20210202,000000,51.81,51.81,50.9,51.54,46102,0
FDNI.US,D,20210203,000000,52.64,52.64,51.6723,51.93,23886,0
FDNI.US,D,20210204,000000,52.54,52.54,51.725,52.1,28064,0
FDNI.US,D,20210205,000000,52.42,52.66,52.1425,52.66,30842,0
FDNI.US,D,20210208,000000,53.8,53.8,52.6972,52.95,47554,0
FDNI.US,D,20210209,000000,53,54.17,53,54.03,27716,0
FDNI.US,D,20210210,000000,55.21,55.47,54.345,54.99,24991,0
FDNI.US,D,20210211,000000,56.43,56.43,55.5675,55.99,42486,0
FDNI.US,D,20210212,000000,55.83,56.2199,55.3399,56.06,22119,0
FDNI.US,D,20210216,000000,57.26,57.26,55.87,56.23,28486,0
FDNI.US,D,20210217,000000,56.23,56.23,55.41,55.84,37696,0
FDNI.US,D,20210218,000000,55.16,55.3252,54.3,55.3,47136,0
FDNI.US,D,20210219,000000,56.54,56.54,55.69,56.08,18178,0
FDNI.US,D,20210222,000000,55,55,53.36,53.52,55004,0
FDNI.US,D,20210223,000000,52.1,55.5831,50.39,52.68,69523,0
FDNI.US,D,20210224,000000,52,52,50.6117,51.63,31229,0
FDNI.US,D,20210225,000000,51.6,51.73,49.76,49.96,26115,0
FDNI.US,D,20210226,000000,49.67,50.03,48.5001,49.58,64642,0
FDNI.US,D,20210301,000000,51.26,51.5,50.89,51.5,44686,0
FDNI.US,D,20210302,000000,52.18,52.18,50.875,51,18102,0
FDNI.US,D,20210303,000000,51.26,51.26,49.73,49.8,12289,0
FDNI.US,D,20210304,000000,48.94,49.2,47.0001,47.6,237778,0
FDNI.US,D,20210305,000000,47.97,48.2499,45.96,47.87,59892,0
FDNI.US,D,20210308,000000,45.19,47.19,44.835,45.04,74103,0
FDNI.US,D,20210309,000000,45.5,47.5699,45.5,47.23,32798,0
FDNI.US,D,20210310,000000,46.92,47.4544,46.1579,46.72,29842,0
FDNI.US,D,20210311,000000,47.78,48.8899,47.78,48.56,55926,0
FDNI.US,D,20210312,000000,48,48,46.6717,47.3548,15028,0
FDNI.US,D,20210315,000000,47.21,47.35,46.6,47.0701,36192,0
FDNI.US,D,20210316,000000,47.8,48.29,47.4868,47.6716,18778,0
FDNI.US,D,20210317,000000,46.92,47.86,46.17,47.32,34728,0
FDNI.US,D,20210318,000000,47.42,47.42,46.6001,46.79,20777,0
FDNI.US,D,20210319,000000,46.88,47.32,46.8,46.9186,16613,0
FDNI.US,D,20210322,000000,46.55,47.2999,46.55,47.0421,17358,0
FDNI.US,D,20210323,000000,47.63,47.63,46.37,46.4883,14812,0
FDNI.US,D,20210324,000000,46.79,46.79,44.25,44.34,127815,0
FDNI.US,D,20210325,000000,43.84,45.06,43.27,43.6534,37819,0
FDNI.US,D,20210326,000000,43.86,44.99,43.365,44.6308,20252,0
FDNI.US,D,20210329,000000,43.55,43.96,43.5,43.9437,13008,0
FDNI.US,D,20210330,000000,44.09,44.69,43.8701,44.2468,26473,0
FDNI.US,D,20210331,000000,44,45.37,44,45.18,17554,0
FDNI.US,D,20210401,000000,47.37,47.37,46.475,46.52,9348,0
FDNI.US,D,20210405,000000,47.37,47.37,46.5514,46.79,18257,0
FDNI.US,D,20210406,000000,47.04,47.7,47.04,47.27,18727,0
FDNI.US,D,20210407,000000,46.75,46.75,45.68,45.85,31514,0
FDNI.US,D,20210408,000000,47.03,47.03,46.2301,46.7478,40596,0
FDNI.US,D,20210409,000000,46.71,46.71,46.22,46.4231,3897,0
FDNI.US,D,20210412,000000,46.33,46.33,45.83,46.0245,37013,0
FDNI.US,D,20210413,000000,46.12,46.44,46.06,46.2737,15773,0
FDNI.US,D,20210414,000000,47.26,47.26,46.185,46.19,24418,0
FDNI.US,D,20210415,000000,47.41,47.41,46.51,46.6531,11138,0
FDNI.US,D,20210416,000000,46.76,46.97,46.574,46.91,7156,0
FDNI.US,D,20210419,000000,46.75,46.75,46,46,8845,0
FDNI.US,D,20210420,000000,45.86,46.11,45.1,45.32,49414,0
FDNI.US,D,20210421,000000,44.58,45.57,44.58,45.57,17737,0
FDNI.US,D,20210422,000000,45.89,46.38,45.87,45.87,8665,0
FDNI.US,D,20210423,000000,46.38,46.91,46.38,46.82,6925,0
FDNI.US,D,20210426,000000,46.37,46.89,46.31,46.89,16666,0
FDNI.US,D,20210427,000000,47.36,47.36,46.97,47.34,55993,0
FDNI.US,D,20210428,000000,46.56,47.84,46.56,47.65,45158,0
FDNI.US,D,20210429,000000,48.75,48.75,46.66,46.88,63095,0
FDNI.US,D,20210430,000000,46.9,46.9,45.79,45.9383,18156,0
FDNI.US,D,20210503,000000,46.16,46.35,45.55,45.695,18854,0
FDNI.US,D,20210504,000000,44.535,44.66,44.23,44.66,15727,0
FDNI.US,D,20210505,000000,44.94,45.0376,44.47,44.6259,12056,0
FDNI.US,D,20210506,000000,44.3658,44.4999,43.72,44.2167,11480,0
FDNI.US,D,20210507,000000,44.445,44.96,44.3819,44.46,15643,0
FDNI.US,D,20210510,000000,43.93,43.93,42.5092,42.6,30557,0
FDNI.US,D,20210511,000000,41.23,42.86,41,42.62,25359,0
FDNI.US,D,20210512,000000,41.75,42.25,41.38,41.515,11620,0
FDNI.US,D,20210513,000000,41.39,41.4776,40.02,40.46,24739,0
FDNI.US,D,20210514,000000,40.7966,41.33,40.47,41.28,25319,0
FDNI.US,D,20210517,000000,41.24,41.47,41.0671,41.47,6191,0
FDNI.US,D,20210518,000000,40.31,42.46,40.31,42.17,6260,0
FDNI.US,D,20210519,000000,41.545,42.26,41.545,42.1846,10597,0
FDNI.US,D,20210520,000000,42.12,43.6,42.12,43.6,11129,0
FDNI.US,D,20210521,000000,44.16,44.16,43.05,43.175,42632,0
FDNI.US,D,20210524,000000,43.78,43.82,42.89,43.5891,52515,0
FDNI.US,D,20210525,000000,43.61,44.25,43.61,43.91,29020,0
FDNI.US,D,20210526,000000,44.3447,44.455,44.11,44.3034,16982,0
FDNI.US,D,20210527,000000,43.65,44.1376,43.525,43.94,9478,0
FDNI.US,D,20210528,000000,43.74,44.44,43.74,44.18,20092,0
FDNI.US,D,20210601,000000,45.655,45.8623,45.402,45.69,10457,0
FDNI.US,D,20210602,000000,45.67,45.67,45.195,45.48,34506,0
FDNI.US,D,20210603,000000,44.95,44.95,44.25,44.46,19648,0
FDNI.US,D,20210604,000000,43.94,45.0072,43.94,44.94,14533,0
FDNI.US,D,20210607,000000,44.4328,44.76,44.3,44.63,10107,0
FDNI.US,D,20210608,000000,44.75,44.75,44.42,44.52,9651,0
FDNI.US,D,20210609,000000,44.34,44.7261,44.31,44.36,7344,0
FDNI.US,D,20210610,000000,44.8657,44.9769,44.45,44.9769,16638,0
FDNI.US,D,20210611,000000,45.01,45.06,44.78,45.04,8634,0
FDNI.US,D,20210614,000000,44.74,45.6373,44.74,45.47,9798,0
FDNI.US,D,20210615,000000,45.75,45.75,44.9,44.95,6462,0
FDNI.US,D,20210616,000000,45.1514,45.19,44.7,45.08,13746,0
FDNI.US,D,20210617,000000,44.85,46,44.85,45.87,39515,0
FDNI.US,D,20210618,000000,45.32,46,45.32,45.9099,6279,0
FDNI.US,D,20210621,000000,46.28,46.28,45.23,45.74,58976,0
FDNI.US,D,20210622,000000,45.6,45.76,45.32,45.55,38879,0
FDNI.US,D,20210623,000000,46.61,46.61,46.14,46.17,23570,0
FDNI.US,D,20210624,000000,46.52,47.185,46.52,46.89,20886,0
FDNI.US,D,20210625,000000,47.54,47.54,46.97,47.505,11759,0
FDNI.US,D,20210628,000000,48.07,48.07,47.29,47.29,49409,0
FDNI.US,D,20210629,000000,47.77,47.83,47.24,47.63,7986,0
FDNI.US,D,20210630,000000,47.95,47.95,47.05,47.31,47175,0
FDNI.US,D,20210701,000000,47.01,47.0148,46.41,46.57,44278,0
FDNI.US,D,20210702,000000,46.28,46.49,46.212,46.325,17589,0
FDNI.US,D,20210706,000000,46.35,46.35,45.0902,45.49,49893,0
FDNI.US,D,20210707,000000,45.49,45.5125,44.94,45.01,131289,0
FDNI.US,D,20210708,000000,44.06,44.06,43.39,43.8367,7987,0
FDNI.US,D,20210709,000000,44.36,44.98,44.2,44.87,33463,0
FDNI.US,D,20210712,000000,44.85,44.99,44.62,44.95,19664,0
FDNI.US,D,20210713,000000,45,45.9799,44.99,45.5,29053,0
FDNI.US,D,20210714,000000,45.61,45.7755,45.3363,45.3363,8193,0
FDNI.US,D,20210715,000000,45.98,45.98,44.97,45.1,8478,0
FDNI.US,D,20210716,000000,44.98,45.295,44.75,44.825,10121,0
FDNI.US,D,20210719,000000,43.68,44.3821,43.68,44.26,8999,0
FDNI.US,D,20210720,000000,44.14,44.77,43.87,44.77,6912,0
FDNI.US,D,20210721,000000,44.375,45.01,44.361,45.01,6490,0
FDNI.US,D,20210722,000000,45.25,45.7499,45.23,45.49,80753,0
FDNI.US,D,20210723,000000,45.34,45.34,44.27,44.665,35347,0
FDNI.US,D,20210726,000000,43.4,43.4,42.0829,42.23,45421,0
FDNI.US,D,20210727,000000,40.67,41.1176,39.67,40.37,121988,0
FDNI.US,D,20210728,000000,41.18,42.5,41.18,42.4,27049,0
FDNI.US,D,20210729,000000,42.58,42.99,42.171,42.7,9044,0
FDNI.US,D,20210730,000000,41.83,42.43,41.5101,42.07,58494,0
FDNI.US,D,20210802,000000,41.87,43.05,41.87,42.86,43165,0
FDNI.US,D,20210803,000000,41.87,41.87,41.25,41.6,44400,0
FDNI.US,D,20210804,000000,41.89,42.5615,41.89,42.49,12717,0
FDNI.US,D,20210805,000000,42.21,42.5,41.4582,42.3484,13757,0
FDNI.US,D,20210806,000000,42.01,42.4811,41.76,41.99,23684,0
FDNI.US,D,20210809,000000,41.94,42.92,41.94,42.12,152363,0
FDNI.US,D,20210810,000000,43.04,43.2929,42.6183,43.0136,8798,0
FDNI.US,D,20210811,000000,43.33,43.33,42.07,42.6,13378,0
FDNI.US,D,20210812,000000,42.18,42.4499,41.955,42.23,8179,0
FDNI.US,D,20210813,000000,41.79,42.2984,41.7711,41.9,16708,0
FDNI.US,D,20210816,000000,40.56,41.3267,40.5345,40.755,12024,0
FDNI.US,D,20210817,000000,40.01,40.41,39.79,40.3192,12237,0
FDNI.US,D,20210818,000000,40.24,40.93,40.23,40.7244,19564,0
FDNI.US,D,20210819,000000,39.69,39.93,39.28,39.505,101046,0
FDNI.US,D,20210820,000000,39.28,40.23,39.2577,39.5,19087,0
FDNI.US,D,20210823,000000,39.6,40.39,39.411,40.02,32410,0
FDNI.US,D,20210824,000000,41.9,42.5,41.9,42.48,7375,0
FDNI.US,D,20210825,000000,42.84,42.84,41.856,42.32,10351,0
FDNI.US,D,20210826,000000,42.17,42.26,41.7285,42.26,4036,0
FDNI.US,D,20210827,000000,41.33,42.0972,40.38,41.847,20615,0
FDNI.US,D,20210830,000000,41.47,42.2398,41.47,41.9699,18490,0
FDNI.US,D,20210831,000000,42.9,43.5226,42.9,43.2046,7114,0
FDNI.US,D,20210901,000000,43.78,44.73,43.78,44.4762,8716,0
