<TICKER>,<PER>,<DATE>,<TIME>,<OPEN>,<HIGH>,<LOW>,<CLOSE>,<VOL>,<OPENINT>
FEMB.US,D,20141107,000000,36.19,36.19,36.19,36.19,143,0
FEMB.US,D,20141113,000000,36.426,36.444,36.426,36.444,453,0
FEMB.US,D,20141118,000000,36.527,36.527,36.527,36.527,166,0
FEMB.US,D,20141121,000000,36.824,36.824,36.824,36.824,1024,0
FEMB.US,D,20141125,000000,36.896,36.896,36.878,36.896,438,0
FEMB.US,D,20141202,000000,36.418,36.418,36.418,36.418,316,0
FEMB.US,D,20141204,000000,36.378,36.378,36.378,36.378,273,0
FEMB.US,D,20141205,000000,36.01,36.01,36.003,36.003,418,0
FEMB.US,D,20141216,000000,34.946,34.946,34.946,34.946,143,0
FEMB.US,D,20141218,000000,35.285,35.285,35.271,35.271,1677,0
FEMB.US,D,20141226,000000,35.24,35.24,35.24,35.24,203,0
FEMB.US,D,20150112,000000,35.652,35.652,35.652,35.652,709,0
FEMB.US,D,20150128,000000,36.14,36.147,36.14,36.14,776,0
FEMB.US,D,20150204,000000,35.714,35.714,35.639,35.639,528,0
FEMB.US,D,20150210,000000,35.219,35.219,34.859,34.859,427,0
FEMB.US,D,20150218,000000,35.075,35.075,35.075,35.075,159,0
FEMB.US,D,20150310,000000,33.198,33.198,33.198,33.198,143,0
FEMB.US,D,20150312,000000,33.085,33.085,32.96,32.96,414,0
FEMB.US,D,20150318,000000,33.165,33.165,33.165,33.165,143,0
FEMB.US,D,20150408,000000,34.28,34.28,34.28,34.28,269,0
FEMB.US,D,20150409,000000,34.303,34.303,34.303,34.303,143,0
FEMB.US,D,20150415,000000,33.955,33.955,33.955,33.955,230,0
FEMB.US,D,20150420,000000,33.841,33.908,33.82,33.908,1627,0
FEMB.US,D,20150421,000000,34.139,34.139,34.139,34.139,229,0
FEMB.US,D,20150422,000000,33.63,33.63,33.63,33.63,212,0
FEMB.US,D,20150428,000000,34.333,34.333,34.333,34.333,143,0
FEMB.US,D,20150514,000000,34.145,34.145,34.103,34.103,268,0
FEMB.US,D,20150603,000000,32.933,32.941,32.733,32.941,1879,0
FEMB.US,D,20150604,000000,32.852,32.852,32.852,32.852,143,0
FEMB.US,D,20150612,000000,32.925,32.925,32.683,32.695,4291,0
FEMB.US,D,20150630,000000,32.677,32.677,32.677,32.677,8819,0
FEMB.US,D,20150713,000000,32.843,32.875,32.585,32.663,3479,0
FEMB.US,D,20150715,000000,32.552,32.552,32.535,32.535,643,0
FEMB.US,D,20150720,000000,32.369,32.369,32.197,32.369,1468,0
FEMB.US,D,20150731,000000,32.348,32.348,32.326,32.326,669,0
FEMB.US,D,20150803,000000,32.063,32.063,32.063,32.063,640,0
FEMB.US,D,20150806,000000,31.907,31.907,31.562,31.562,307,0
FEMB.US,D,20150807,000000,31.784,31.875,31.784,31.875,1195,0
FEMB.US,D,20150812,000000,31.784,31.897,31.784,31.784,525,0
FEMB.US,D,20150819,000000,31.614,31.614,31.495,31.495,1062,0
FEMB.US,D,20150820,000000,31.57,31.57,31.57,31.57,143,0
FEMB.US,D,20150824,000000,31.322,31.811,31.316,31.316,1610,0
FEMB.US,D,20150831,000000,31.308,31.308,31.308,31.308,667,0
FEMB.US,D,20150908,000000,31.322,31.322,30.885,31,4770,0
FEMB.US,D,20150914,000000,31,31,31,31,143,0
FEMB.US,D,20150915,000000,31.03,31.513,30.906,31.035,3980,0
FEMB.US,D,20150921,000000,31.057,31.064,31.057,31.064,1589,0
FEMB.US,D,20150922,000000,31.014,31.014,31.014,31.014,143,0
FEMB.US,D,20150923,000000,30.586,30.586,30.586,30.586,143,0
FEMB.US,D,20150925,000000,30.667,30.667,30.667,30.667,1188,0
FEMB.US,D,20150928,000000,31.314,31.314,30.901,30.91,5140,0
FEMB.US,D,20150930,000000,30.552,30.552,30.552,30.552,1324,0
FEMB.US,D,20151002,000000,30.977,31.092,30.977,31.084,3172,0
FEMB.US,D,20151023,000000,31.806,31.806,31.806,31.806,143,0
FEMB.US,D,20151030,000000,31.187,31.187,31.187,31.187,1320,0
FEMB.US,D,20151102,000000,31.582,31.582,31.582,31.582,520,0
FEMB.US,D,20151110,000000,30.842,30.849,30.842,30.842,402,0
FEMB.US,D,20151111,000000,31.342,31.377,31.342,31.377,402,0
FEMB.US,D,20151118,000000,30.959,30.959,30.959,30.959,143,0
FEMB.US,D,20151201,000000,31.112,31.112,31.112,31.112,143,0
FEMB.US,D,20151221,000000,30.688,30.779,30.398,30.471,15486,0
FEMB.US,D,20151222,000000,30.398,30.696,30.398,30.663,8843,0
FEMB.US,D,20151223,000000,30.742,30.911,30.512,30.631,36089,0
FEMB.US,D,20151224,000000,30.822,30.925,30.512,30.726,64207,0
FEMB.US,D,20151228,000000,30.667,30.946,30.667,30.757,43637,0
FEMB.US,D,20151229,000000,30.742,30.784,30.742,30.784,600,0
FEMB.US,D,20151230,000000,30.551,30.551,30.498,30.498,1438,0
FEMB.US,D,20151231,000000,30.362,30.566,30.269,30.269,18698,0
FEMB.US,D,20160105,000000,30.354,30.354,30.347,30.347,652,0
FEMB.US,D,20160108,000000,30.193,30.198,29.906,29.906,26415,0
FEMB.US,D,20160121,000000,29.494,29.539,29.494,29.539,25536,0
FEMB.US,D,20160126,000000,29.421,29.552,29.361,29.361,26516,0
FEMB.US,D,20160127,000000,29.412,29.629,29.323,29.323,14195,0
FEMB.US,D,20160128,000000,29.848,29.948,29.613,29.784,195897,0
FEMB.US,D,20160129,000000,29.784,29.901,29.709,29.839,10810,0
FEMB.US,D,20160201,000000,30.101,30.242,29.94,30.203,94320,0
FEMB.US,D,20160202,000000,30.048,30.274,30.011,30.048,117743,0
FEMB.US,D,20160203,000000,30.133,30.398,30.133,30.267,50847,0
FEMB.US,D,20160204,000000,30.549,30.931,30.52,30.52,125338,0
FEMB.US,D,20160205,000000,30.474,30.474,30.251,30.306,5081,0
FEMB.US,D,20160208,000000,30.398,30.711,30.322,30.474,122213,0
FEMB.US,D,20160210,000000,30.653,30.749,30.644,30.749,5475,0
FEMB.US,D,20160211,000000,30.615,30.672,30.474,30.588,30249,0
FEMB.US,D,20160212,000000,30.436,30.598,30.436,30.527,4695,0
FEMB.US,D,20160218,000000,30.527,30.527,30.527,30.527,654,0
FEMB.US,D,20160224,000000,30.281,30.281,30.281,30.281,257,0
FEMB.US,D,20160225,000000,30.457,30.673,30.457,30.534,2852,0
FEMB.US,D,20160229,000000,30.343,30.343,30.343,30.343,2595,0
FEMB.US,D,20160301,000000,30.223,30.481,30.223,30.42,396,0
FEMB.US,D,20160304,000000,31.083,31.083,31.038,31.038,2854,0
FEMB.US,D,20160311,000000,31.834,31.839,31.834,31.839,795,0
FEMB.US,D,20160315,000000,31.505,31.511,31.477,31.477,1021,0
FEMB.US,D,20160316,000000,31.381,31.397,31.377,31.397,775,0
FEMB.US,D,20160317,000000,32.124,32.175,31.849,32.124,6482,0
FEMB.US,D,20160318,000000,31.445,31.445,31.445,31.445,310,0
FEMB.US,D,20160323,000000,32.279,32.279,32.279,32.279,393,0
FEMB.US,D,20160324,000000,31.98,32.711,31.923,31.923,736,0
FEMB.US,D,20160329,000000,32.558,32.558,32.279,32.404,1692,0
FEMB.US,D,20160331,000000,33.002,33.002,33.002,33.002,250,0
FEMB.US,D,20160401,000000,32.704,32.704,32.704,32.704,648,0
FEMB.US,D,20160404,000000,33.11,34.801,32.889,33.196,43433,0
FEMB.US,D,20160406,000000,32.86,32.91,32.86,32.91,1543,0
FEMB.US,D,20160407,000000,32.473,32.559,32.448,32.448,1416,0
FEMB.US,D,20160408,000000,32.83,32.973,32.667,32.935,5790,0
FEMB.US,D,20160411,000000,33.182,34.785,33.09,33.192,12099,0
FEMB.US,D,20160412,000000,34.968,34.968,33.25,33.395,1033,0
FEMB.US,D,20160414,000000,33.472,33.472,33.468,33.468,770,0
FEMB.US,D,20160418,000000,33.472,33.472,33.45,33.45,424,0
FEMB.US,D,20160419,000000,34.684,34.684,33.403,33.782,5748,0
FEMB.US,D,20160420,000000,33.76,33.76,33.75,33.75,464,0
FEMB.US,D,20160421,000000,33.82,34.25,33.82,34.25,255,0
FEMB.US,D,20160425,000000,32.49,32.49,32.49,32.49,278,0
FEMB.US,D,20160428,000000,33.588,33.625,33.588,33.625,255,0
FEMB.US,D,20160429,000000,33.418,33.418,33.418,33.418,141,0
FEMB.US,D,20160510,000000,32.504,32.504,32.504,32.504,141,0
FEMB.US,D,20160511,000000,32.41,32.758,32.385,32.758,4097,0
FEMB.US,D,20160516,000000,32.9,32.9,32.466,32.484,507,0
FEMB.US,D,20160517,000000,32.789,32.824,32.525,32.816,1865,0
FEMB.US,D,20160518,000000,32.314,32.603,32.314,32.584,1848,0
FEMB.US,D,20160519,000000,32.279,32.279,31.492,31.741,5403,0
FEMB.US,D,20160520,000000,31.954,32.205,31.92,31.962,22265,0
FEMB.US,D,20160523,000000,31.995,32.01,31.92,31.995,3698,0
FEMB.US,D,20160524,000000,31.912,31.977,31.703,31.849,4587,0
FEMB.US,D,20160525,000000,32.309,32.309,31.765,32.065,643,0
FEMB.US,D,20160531,000000,31.897,31.897,31.788,31.788,254,0
FEMB.US,D,20160609,000000,33.377,33.554,33.377,33.393,1110,0
FEMB.US,D,20160613,000000,32.768,32.991,32.632,32.632,3430,0
FEMB.US,D,20160614,000000,32.536,32.942,32.481,32.55,6632,0
FEMB.US,D,20160620,000000,32.821,32.944,32.821,32.944,462,0
FEMB.US,D,20160622,000000,33.554,33.554,33.554,33.554,449,0
FEMB.US,D,20160624,000000,33.025,33.93,33.025,33.93,388,0
FEMB.US,D,20160628,000000,32.909,32.909,32.587,32.587,253,0
FEMB.US,D,20160629,000000,33.543,33.654,32.908,33.393,14317,0
FEMB.US,D,20160630,000000,33.458,33.593,33.458,33.593,7053,0
FEMB.US,D,20160706,000000,33.795,34.126,33.795,34.126,5809,0
FEMB.US,D,20160707,000000,33.671,33.701,33.671,33.701,253,0
FEMB.US,D,20160708,000000,34.246,34.246,34.246,34.246,1000,0
FEMB.US,D,20160711,000000,34.147,34.179,33.598,34.01,5063,0
FEMB.US,D,20160712,000000,33.727,34.163,33.671,34.064,6689,0
FEMB.US,D,20160713,000000,33.81,33.868,33.81,33.868,253,0
FEMB.US,D,20160714,000000,34.232,34.232,34.232,34.232,388,0
FEMB.US,D,20160715,000000,34.412,34.546,34.412,34.546,1088,0
FEMB.US,D,20160718,000000,36.086,36.086,34.134,34.134,1195,0
FEMB.US,D,20160719,000000,34.23,34.237,34.224,34.224,1650,0
FEMB.US,D,20160720,000000,34.133,34.133,33.967,34.025,741,0
FEMB.US,D,20160725,000000,33.839,33.839,33.291,33.595,1800,0
FEMB.US,D,20160726,000000,33.307,33.667,33.307,33.667,757,0
FEMB.US,D,20160727,000000,33.383,33.616,33.34,33.34,1646,0
FEMB.US,D,20160801,000000,34.258,34.258,34.258,34.258,448,0
FEMB.US,D,20160802,000000,34.752,34.752,34.293,34.293,252,0
FEMB.US,D,20160804,000000,34.329,34.337,34.329,34.337,574,0
FEMB.US,D,20160805,000000,33.85,33.85,33.85,33.85,190,0
FEMB.US,D,20160812,000000,35.145,35.145,35.083,35.083,252,0
FEMB.US,D,20160816,000000,35.199,35.199,34.985,35.121,1937,0
FEMB.US,D,20160817,000000,35.249,35.249,35.053,35.19,1264,0
FEMB.US,D,20160818,000000,35.178,35.178,35.178,35.178,137,0
FEMB.US,D,20160819,000000,35.314,35.314,35.313,35.313,252,0
FEMB.US,D,20160822,000000,35.596,37,34.771,34.771,1674,0
FEMB.US,D,20160823,000000,34.94,34.94,34.94,34.94,384,0
FEMB.US,D,20160824,000000,35.15,35.15,35.15,35.15,179,0
FEMB.US,D,20160830,000000,33.937,34.321,33.937,33.951,2838,0
FEMB.US,D,20160831,000000,33.937,33.937,33.937,33.937,183301,0
FEMB.US,D,20160906,000000,34.508,34.508,34.471,34.471,2946,0
FEMB.US,D,20160907,000000,34.67,34.67,34.67,34.67,465,0
FEMB.US,D,20160908,000000,34.503,34.537,34.503,34.537,656,0
FEMB.US,D,20160909,000000,34.234,34.234,34.228,34.228,795,0
FEMB.US,D,20160912,000000,34.483,34.483,34.257,34.257,2392,0
FEMB.US,D,20160913,000000,34.267,34.39,34.227,34.227,3215,0
FEMB.US,D,20160914,000000,34.328,34.358,34.236,34.236,1256,0
FEMB.US,D,20160916,000000,34.333,34.333,34.318,34.333,498,0
FEMB.US,D,20160919,000000,34.358,34.39,34.175,34.175,2259,0
FEMB.US,D,20160920,000000,34.423,34.433,33.886,34.254,59482,0
FEMB.US,D,20160921,000000,34.697,34.697,34.151,34.377,25436,0
FEMB.US,D,20160922,000000,34.391,34.435,34.391,34.435,1110,0
FEMB.US,D,20160923,000000,34.001,34.325,34.001,34.293,20723,0
FEMB.US,D,20160926,000000,34.461,34.461,34.461,34.461,328,0
FEMB.US,D,20160927,000000,34.507,34.616,34.448,34.448,1256,0
FEMB.US,D,20160928,000000,34.616,34.678,34.603,34.603,889,0
FEMB.US,D,20160929,000000,34.73,34.73,34.485,34.68,1497,0
FEMB.US,D,20160930,000000,34.21,34.538,31.831,34.184,50393,0
FEMB.US,D,20161003,000000,34.027,34.253,34.019,34.253,1654,0
FEMB.US,D,20161004,000000,34.279,34.279,34.279,34.279,516,0
FEMB.US,D,20161005,000000,34.006,34.982,34.006,34.982,53782,0
FEMB.US,D,20161006,000000,34.43,34.449,34.165,34.254,3514,0
FEMB.US,D,20161007,000000,34.334,34.4,34.159,34.385,8289,0
FEMB.US,D,20161010,000000,34.334,34.381,34.284,34.381,3954,0
FEMB.US,D,20161011,000000,34.166,34.364,34.016,34.154,21220,0
FEMB.US,D,20161012,000000,33.723,34.233,33.723,34.075,5938,0
FEMB.US,D,20161013,000000,34.272,34.272,34.272,34.272,177,0
FEMB.US,D,20161014,000000,34.22,34.367,33.98,34.242,22855,0
FEMB.US,D,20161017,000000,33.923,33.923,33.888,33.888,498,0
FEMB.US,D,20161018,000000,33.885,34.25,33.519,33.519,3873,0
FEMB.US,D,20161019,000000,33.82,33.82,33.739,33.739,1262,0
FEMB.US,D,20161020,000000,34.442,34.442,34.176,34.176,9531,0
FEMB.US,D,20161021,000000,34.561,34.561,34.561,34.561,379,0
FEMB.US,D,20161024,000000,34.085,34.35,34.015,34.321,3669,0
FEMB.US,D,20161025,000000,34.175,34.524,33.802,34.167,3488,0
FEMB.US,D,20161026,000000,34.244,34.344,34.244,34.283,9251,0
FEMB.US,D,20161027,000000,34.37,34.37,34.011,34.29,3494,0
FEMB.US,D,20161028,000000,34.122,34.122,33.909,33.909,908,0
FEMB.US,D,20161031,000000,33.598,34.204,33.598,33.842,1500,0
FEMB.US,D,20161101,000000,33.706,34.37,33.706,34.341,1937,0
FEMB.US,D,20161102,000000,33.759,34.484,33.736,33.762,3507,0
FEMB.US,D,20161103,000000,33.851,33.851,33.777,33.777,742,0
FEMB.US,D,20161104,000000,33.6,34.002,33.6,33.851,9215,0
FEMB.US,D,20161107,000000,33.968,34.128,33.968,34.031,13505,0
FEMB.US,D,20161108,000000,34.131,34.192,34.131,34.192,1189,0
FEMB.US,D,20161109,000000,34.125,34.502,34.094,34.411,8774,0
FEMB.US,D,20161110,000000,36.102,36.102,33.715,34.002,23405,0
FEMB.US,D,20161111,000000,32.405,32.648,32.405,32.648,1207,0
FEMB.US,D,20161114,000000,32.413,32.512,31.732,32.344,4058,0
FEMB.US,D,20161115,000000,31.655,32.16,31.369,32.16,50912,0
FEMB.US,D,20161116,000000,32.039,32.039,31.685,31.878,13695,0
FEMB.US,D,20161117,000000,32.118,32.118,31.345,31.642,902,0
FEMB.US,D,20161118,000000,31.879,31.892,31.811,31.887,3398,0
FEMB.US,D,20161121,000000,31.96,31.96,31.476,31.538,2303,0
FEMB.US,D,20161122,000000,32.282,32.282,31.757,31.886,9284,0
FEMB.US,D,20161123,000000,31.44,31.449,31.349,31.438,3099,0
FEMB.US,D,20161125,000000,31.365,31.373,31.365,31.373,740,0
FEMB.US,D,20161128,000000,32.039,32.15,31.829,32.101,3919,0
FEMB.US,D,20161129,000000,32.172,32.172,32.124,32.167,1732,0
FEMB.US,D,20161130,000000,32.1,32.126,32.077,32.084,2764,0
FEMB.US,D,20161201,000000,31.904,31.972,31.904,31.972,8815,0
FEMB.US,D,20161202,000000,31.732,31.997,31.732,31.985,792,0
FEMB.US,D,20161207,000000,32.439,32.643,32.383,32.643,28010,0
FEMB.US,D,20161208,000000,32.439,32.591,32.358,32.458,32512,0
FEMB.US,D,20161209,000000,32.505,32.505,32.273,32.457,2071,0
FEMB.US,D,20161212,000000,32.505,32.625,32.505,32.617,2229,0
FEMB.US,D,20161213,000000,32.605,32.737,32.605,32.729,3951,0
FEMB.US,D,20161214,000000,32.729,32.913,32.174,32.213,17798,0
FEMB.US,D,20161215,000000,32.039,32.264,32.039,32.264,7013,0
FEMB.US,D,20161216,000000,32.1,32.23,32.021,32.206,3530,0
FEMB.US,D,20161219,000000,32.109,32.238,32.1,32.117,9310,0
FEMB.US,D,20161220,000000,31.979,32.281,31.979,31.996,7263,0
FEMB.US,D,20161221,000000,32.503,32.503,32.244,32.269,1615,0
FEMB.US,D,20161222,000000,32.177,32.177,32.084,32.084,908,0
FEMB.US,D,20161223,000000,32.21,32.21,32.14,32.14,2455,0
FEMB.US,D,20161227,000000,32.207,32.286,32.123,32.138,43509,0
FEMB.US,D,20161228,000000,32.292,32.292,32.231,32.292,1060,0
FEMB.US,D,20161229,000000,32.292,32.292,32.133,32.217,4485,0
FEMB.US,D,20161230,000000,32.405,32.497,32.392,32.49,4255,0
FEMB.US,D,20170103,000000,32.334,32.446,32.269,32.36,10112,0
FEMB.US,D,20170104,000000,32.315,32.317,32.163,32.21,5708,0
FEMB.US,D,20170105,000000,32.372,32.446,32.372,32.446,585,0
FEMB.US,D,20170106,000000,32.743,32.743,32.52,32.52,9405,0
FEMB.US,D,20170109,000000,32.52,32.658,32.482,32.482,5268,0
FEMB.US,D,20170110,000000,32.623,32.623,32.623,32.623,392,0
FEMB.US,D,20170111,000000,32.776,32.776,32.401,32.401,9927,0
FEMB.US,D,20170112,000000,32.606,32.713,32.598,32.678,14529,0
FEMB.US,D,20170113,000000,32.954,32.961,32.859,32.961,5046,0
FEMB.US,D,20170117,000000,32.856,32.886,32.852,32.886,925,0
FEMB.US,D,20170118,000000,33.022,33.031,32.966,33.006,3791,0
FEMB.US,D,20170119,000000,32.869,32.869,32.69,32.743,6082,0
FEMB.US,D,20170120,000000,32.887,32.89,32.811,32.89,880,0
FEMB.US,D,20170123,000000,32.892,33.009,32.892,33.009,700,0
FEMB.US,D,20170124,000000,33.181,33.186,33.026,33.181,1434,0
FEMB.US,D,20170125,000000,33.241,33.266,33.202,33.257,4035,0
FEMB.US,D,20170126,000000,33.316,33.316,33.143,33.306,3038,0
FEMB.US,D,20170127,000000,33.119,33.119,33.119,33.119,248,0
FEMB.US,D,20170130,000000,33.191,33.191,33.191,33.191,922,0
FEMB.US,D,20170131,000000,33.129,33.129,33.129,33.129,488,0
FEMB.US,D,20170201,000000,33.243,33.274,33.184,33.184,71876,0
FEMB.US,D,20170202,000000,33.363,33.363,33.357,33.363,6697,0
FEMB.US,D,20170203,000000,33.5,33.5,33.453,33.5,2361,0
FEMB.US,D,20170206,000000,33.522,33.657,33.522,33.657,3106,0
FEMB.US,D,20170207,000000,33.479,33.64,33.47,33.64,17587,0
FEMB.US,D,20170208,000000,33.623,33.648,33.623,33.645,6019,0
FEMB.US,D,20170209,000000,33.697,33.697,33.66,33.673,7405,0
FEMB.US,D,20170210,000000,33.719,33.834,33.719,33.742,12362,0
FEMB.US,D,20170213,000000,33.783,33.897,33.774,33.897,3213,0
FEMB.US,D,20170214,000000,33.861,33.897,33.841,33.841,3074,0
FEMB.US,D,20170215,000000,34.055,34.055,33.909,34.048,6473,0
FEMB.US,D,20170216,000000,34.227,34.227,33.927,34.165,10758,0
FEMB.US,D,20170217,000000,34.252,34.252,33.893,34.063,4100,0
FEMB.US,D,20170221,000000,33.812,33.939,33.803,33.939,5866,0
FEMB.US,D,20170222,000000,33.937,33.937,33.927,33.927,1232,0
FEMB.US,D,20170223,000000,33.968,34.142,33.968,34.142,4731,0
FEMB.US,D,20170224,000000,36.655,36.655,34.192,34.192,2596,0
FEMB.US,D,20170227,000000,36.728,36.728,34.09,34.127,5810,0
FEMB.US,D,20170228,000000,34.109,34.134,33.933,33.997,50890,0
FEMB.US,D,20170301,000000,33.901,34.006,33.901,33.951,3561,0
FEMB.US,D,20170302,000000,33.887,34.028,33.808,33.808,7589,0
FEMB.US,D,20170303,000000,33.734,33.735,33.686,33.735,2555,0
FEMB.US,D,20170306,000000,33.784,33.954,33.784,33.954,7489,0
FEMB.US,D,20170307,000000,33.943,33.943,33.833,33.9,1275,0
FEMB.US,D,20170308,000000,33.901,34.039,33.687,33.813,18067,0
FEMB.US,D,20170309,000000,33.631,33.68,33.555,33.601,10082,0
FEMB.US,D,20170310,000000,33.468,33.468,33.368,33.377,1512,0
FEMB.US,D,20170313,000000,33.808,33.808,33.526,33.801,1757,0
FEMB.US,D,20170314,000000,33.783,33.843,33.615,33.71,18025,0
FEMB.US,D,20170315,000000,33.573,33.808,33.573,33.808,11659,0
FEMB.US,D,20170316,000000,34.245,34.245,34.144,34.229,3915,0
FEMB.US,D,20170317,000000,34.472,34.472,34.363,34.363,740,0
FEMB.US,D,20170320,000000,34.585,34.62,34.48,34.62,4475,0
FEMB.US,D,20170321,000000,34.791,34.791,34.65,34.717,3150,0
FEMB.US,D,20170322,000000,34.702,34.734,34.702,34.734,2538,0
FEMB.US,D,20170323,000000,35.696,35.696,34.762,34.909,15246,0
FEMB.US,D,20170324,000000,34.96,35.333,34.771,35.252,9217,0
FEMB.US,D,20170327,000000,34.974,35.012,34.892,35.012,1792,0
FEMB.US,D,20170328,000000,34.767,34.874,34.542,34.704,25096,0
FEMB.US,D,20170329,000000,34.632,34.736,34.514,34.668,8229,0
FEMB.US,D,20170330,000000,34.717,34.967,34.631,34.891,21494,0
FEMB.US,D,20170331,000000,35.867,35.867,34.579,34.694,74268,0
FEMB.US,D,20170403,000000,34.507,34.762,34.472,34.67,3595,0
FEMB.US,D,20170404,000000,34.726,34.784,34.429,34.429,25926,0
FEMB.US,D,20170405,000000,34.807,34.807,34.59,34.807,4030,0
FEMB.US,D,20170406,000000,34.553,34.746,34.469,34.736,3724,0
FEMB.US,D,20170407,000000,34.746,34.746,34.378,34.539,3519,0
FEMB.US,D,20170410,000000,34.346,34.598,34.244,34.244,10699,0
FEMB.US,D,20170411,000000,34.311,34.621,34.303,34.62,13369,0
FEMB.US,D,20170412,000000,34.621,34.728,34.507,34.507,6020,0
FEMB.US,D,20170413,000000,34.815,34.913,34.694,34.825,3933,0
FEMB.US,D,20170417,000000,35.004,35.089,35.004,35.072,5969,0
FEMB.US,D,20170418,000000,34.996,34.996,34.874,34.905,84307,0
FEMB.US,D,20170419,000000,34.927,34.972,34.703,34.9,7966,0
FEMB.US,D,20170420,000000,34.932,34.968,34.677,34.95,16233,0
FEMB.US,D,20170421,000000,34.985,35.084,34.887,34.98,3391,0
FEMB.US,D,20170424,000000,35.078,35.165,35.074,35.074,2063,0
FEMB.US,D,20170425,000000,34.975,35.267,34.705,35.267,13079,0
FEMB.US,D,20170426,000000,34.852,34.852,34.764,34.78,1123,0
FEMB.US,D,20170427,000000,35.126,35.126,34.678,34.869,15614,0
FEMB.US,D,20170428,000000,34.652,34.943,34.652,34.943,6093,0
FEMB.US,D,20170501,000000,34.99,35.008,34.916,35,9162,0
FEMB.US,D,20170502,000000,34.757,35.167,34.757,34.887,16996,0
FEMB.US,D,20170503,000000,35.142,35.204,34.964,35.117,4982,0
FEMB.US,D,20170504,000000,34.936,34.936,34.638,34.638,5349,0
FEMB.US,D,20170505,000000,34.523,34.748,34.523,34.661,1761,0
FEMB.US,D,20170508,000000,34.714,34.731,34.526,34.731,2678,0
FEMB.US,D,20170509,000000,34.5,34.611,34.373,34.493,25370,0
FEMB.US,D,20170510,000000,34.571,34.869,34.521,34.651,6023,0
FEMB.US,D,20170511,000000,34.954,34.975,34.561,34.731,8819,0
FEMB.US,D,20170512,000000,35.182,35.182,34.796,35.117,3926,0
FEMB.US,D,20170515,000000,35.302,35.667,35.302,35.302,11941,0
FEMB.US,D,20170516,000000,35.75,35.75,35.409,35.61,3635,0
FEMB.US,D,20170517,000000,35.71,35.75,35.382,35.653,57038,0
FEMB.US,D,20170518,000000,35.396,35.396,34.463,34.903,4388,0
FEMB.US,D,20170519,000000,34.731,34.99,34.473,34.794,11674,0
FEMB.US,D,20170522,000000,35.142,35.234,34.983,35.149,5049,0
FEMB.US,D,20170523,000000,35.242,35.359,35.091,35.33,9719,0
FEMB.US,D,20170524,000000,34.816,35.276,34.816,35.18,3642,0
FEMB.US,D,20170525,000000,35.429,35.562,35.351,35.467,6409,0
FEMB.US,D,20170526,000000,35.303,35.429,35.303,35.429,7553,0
FEMB.US,D,20170530,000000,35.477,35.51,35.365,35.506,4068,0
FEMB.US,D,20170531,000000,35.562,35.642,35.562,35.642,12138,0
FEMB.US,D,20170601,000000,35.726,35.782,35.615,35.782,12405,0
FEMB.US,D,20170602,000000,35.845,35.944,35.845,35.934,20025,0
FEMB.US,D,20170605,000000,35.898,35.971,35.799,35.971,4202,0
FEMB.US,D,20170606,000000,35.957,35.957,35.623,35.772,9347,0
FEMB.US,D,20170607,000000,35.712,35.845,35.641,35.72,10469,0
FEMB.US,D,20170608,000000,35.629,35.782,35.562,35.763,7462,0
FEMB.US,D,20170609,000000,35.772,35.782,35.59,35.772,6321,0
FEMB.US,D,20170612,000000,35.665,35.798,35.665,35.797,3403,0
FEMB.US,D,20170613,000000,35.806,35.806,35.75,35.75,6484,0
FEMB.US,D,20170614,000000,35.804,35.804,35.782,35.782,4950,0
FEMB.US,D,20170615,000000,35.806,35.879,35.749,35.879,6770,0
FEMB.US,D,20170616,000000,35.918,35.971,35.712,35.712,5574,0
FEMB.US,D,20170619,000000,35.829,35.87,35.712,35.712,9830,0
FEMB.US,D,20170620,000000,35.837,35.837,35.582,35.59,6636,0
FEMB.US,D,20170621,000000,35.425,35.629,35.1,35.1,62803,0
FEMB.US,D,20170622,000000,35.523,35.915,35.198,35.584,19949,0
FEMB.US,D,20170623,000000,35.8,35.971,35.479,35.809,2306,0
FEMB.US,D,20170626,000000,36.206,36.284,36.041,36.041,7525,0
FEMB.US,D,20170627,000000,35.958,36.041,35.341,35.557,135024,0
FEMB.US,D,20170628,000000,36.033,36.131,35.557,36.125,10395,0
FEMB.US,D,20170629,000000,35.915,36.068,35.523,35.55,3294,0
FEMB.US,D,20170630,000000,35.515,35.926,35.183,35.183,76458,0
FEMB.US,D,20170703,000000,35.693,35.693,35.693,35.693,261,0
FEMB.US,D,20170705,000000,35.183,35.481,34.975,35.192,14559,0
FEMB.US,D,20170706,000000,35.253,35.392,35.032,35.032,10732,0
FEMB.US,D,20170707,000000,37.393,37.393,34.975,34.975,24915,0
FEMB.US,D,20170710,000000,35.015,35.507,34.975,34.998,4449,0
FEMB.US,D,20170711,000000,34.785,35.499,34.754,34.926,6486,0
FEMB.US,D,20170712,000000,34.832,35.766,34.832,35.214,22676,0
FEMB.US,D,20170713,000000,35.557,35.599,35.443,35.584,2495,0
FEMB.US,D,20170714,000000,36.037,36.397,35.825,35.825,6137,0
FEMB.US,D,20170717,000000,36.374,36.422,35.827,36.199,7364,0
FEMB.US,D,20170718,000000,36.264,36.672,35.921,36.668,6723,0
FEMB.US,D,20170719,000000,36.414,36.707,36.324,36.324,19361,0
FEMB.US,D,20170720,000000,36.317,36.791,36.317,36.635,7822,0
FEMB.US,D,20170721,000000,36.356,36.937,36.196,36.241,15610,0
FEMB.US,D,20170724,000000,36.039,36.286,36.039,36.286,542,0
FEMB.US,D,20170725,000000,36.504,36.615,35.861,36.441,6108,0
FEMB.US,D,20170726,000000,36.539,36.816,35.855,36.816,7413,0
FEMB.US,D,20170727,000000,36.816,36.857,36.054,36.649,34561,0
FEMB.US,D,20170728,000000,36.248,36.558,36.07,36.327,6624,0
FEMB.US,D,20170731,000000,36.146,36.813,36.146,36.813,6141,0
FEMB.US,D,20170801,000000,36.775,36.775,36.054,36.146,13839,0
FEMB.US,D,20170802,000000,36.348,36.84,36.092,36.755,5628,0
FEMB.US,D,20170803,000000,36.451,36.816,36.047,36.816,5257,0
FEMB.US,D,20170804,000000,36.681,36.759,36.134,36.441,6772,0
FEMB.US,D,20170807,000000,36.741,36.816,36.63,36.816,2148,0
FEMB.US,D,20170808,000000,36.632,36.806,36.502,36.737,5112,0
FEMB.US,D,20170809,000000,36.816,36.816,35.927,36.196,3936,0
FEMB.US,D,20170810,000000,36.176,36.196,35.932,35.99,5783,0
FEMB.US,D,20170811,000000,35.982,36.192,35.913,36.18,4612,0
FEMB.US,D,20170814,000000,36.153,36.257,35.99,36.212,5146,0
FEMB.US,D,20170815,000000,36.104,36.221,35.935,36.221,9766,0
FEMB.US,D,20170816,000000,36.18,36.406,36.023,36.396,9125,0
FEMB.US,D,20170817,000000,36.316,36.396,36.231,36.282,6274,0
FEMB.US,D,20170818,000000,36.264,36.406,36.175,36.377,5212,0
FEMB.US,D,20170821,000000,36.406,36.506,36.391,36.506,3062,0
FEMB.US,D,20170822,000000,36.395,36.672,36.385,36.616,5961,0
FEMB.US,D,20170823,000000,36.395,36.566,36.249,36.539,3339,0
FEMB.US,D,20170824,000000,36.421,36.566,36.421,36.566,1749,0
FEMB.US,D,20170825,000000,36.786,36.786,36.539,36.777,40785,0
FEMB.US,D,20170828,000000,36.768,36.868,36.751,36.868,27357,0
FEMB.US,D,20170829,000000,37.347,37.347,36.738,36.738,1368,0
FEMB.US,D,20170830,000000,36.777,36.883,36.777,36.801,18911,0
FEMB.US,D,20170831,000000,36.708,36.946,36.708,36.802,7953,0
FEMB.US,D,20170901,000000,37.399,37.399,37.029,37.077,9507,0
FEMB.US,D,20170905,000000,36.988,37.255,36.988,37.238,3164,0
FEMB.US,D,20170906,000000,37.356,37.454,37.3,37.447,8425,0
FEMB.US,D,20170907,000000,37.347,37.567,37.347,37.567,3527,0
FEMB.US,D,20170908,000000,40.501,40.501,37.513,37.6,10190,0
FEMB.US,D,20170911,000000,37.583,37.583,37.559,37.567,56163,0
FEMB.US,D,20170912,000000,38.129,38.129,37.443,37.591,5522,0
FEMB.US,D,20170913,000000,37.132,37.431,37.036,37.229,11665,0
FEMB.US,D,20170914,000000,37.308,37.454,37.308,37.331,2711,0
FEMB.US,D,20170915,000000,37.583,37.608,37.185,37.591,3965,0
FEMB.US,D,20170918,000000,37.413,37.413,37.044,37.382,2287,0
FEMB.US,D,20170919,000000,37.02,37.138,36.961,37.138,4491,0
FEMB.US,D,20170920,000000,37.534,37.534,37.229,37.335,3223,0
FEMB.US,D,20170921,000000,37.372,37.372,37.137,37.153,4402,0
FEMB.US,D,20170922,000000,37.059,37.297,37.059,37.287,2824,0
FEMB.US,D,20170925,000000,37.183,37.183,36.839,37.157,2481,0
FEMB.US,D,20170926,000000,36.943,37.041,36.794,37.01,5877,0
FEMB.US,D,20170927,000000,36.881,38.531,36.375,36.619,13103,0
FEMB.US,D,20170928,000000,36.486,36.751,36.486,36.697,3698,0
FEMB.US,D,20170929,000000,36.925,36.925,36.603,36.603,28076,0
FEMB.US,D,20171002,000000,37.762,37.762,36.455,36.463,5463,0
FEMB.US,D,20171003,000000,36.375,36.625,36.375,36.498,4666,0
FEMB.US,D,20171004,000000,36.603,36.713,36.571,36.697,13707,0
FEMB.US,D,20171005,000000,36.718,36.805,36.486,36.558,5071,0
FEMB.US,D,20171006,000000,36.38,36.458,36.173,36.188,8627,0
FEMB.US,D,20171009,000000,36.004,36.202,35.901,36.071,254479,0
FEMB.US,D,20171010,000000,36.197,36.197,35.925,35.925,29877,0
FEMB.US,D,20171011,000000,36.383,36.475,36.104,36.122,8951,0
FEMB.US,D,20171012,000000,36.129,36.566,36.129,36.562,4791,0
FEMB.US,D,20171013,000000,36.819,36.824,36.41,36.766,8872,0
FEMB.US,D,20171016,000000,36.664,36.805,36.463,36.761,4993,0
FEMB.US,D,20171017,000000,36.387,36.573,36.129,36.389,4005,0
FEMB.US,D,20171018,000000,36.435,36.577,36.155,36.486,36183,0
FEMB.US,D,20171019,000000,37.61,37.752,36.222,36.277,31708,0
FEMB.US,D,20171020,000000,36.455,36.605,36.2,36.317,5761,0
FEMB.US,D,20171023,000000,35.923,36.284,35.824,36.103,10889,0
FEMB.US,D,20171024,000000,35.914,36.108,35.61,35.61,18296,0
FEMB.US,D,20171025,000000,35.913,35.913,35.368,35.579,10158,0
FEMB.US,D,20171026,000000,35.314,35.728,35.127,35.127,2398,0
FEMB.US,D,20171027,000000,35.246,35.375,35.193,35.229,7337,0
FEMB.US,D,20171030,000000,35.356,35.4,35.356,35.39,2244,0
FEMB.US,D,20171031,000000,35.21,35.522,35.21,35.399,1256,0
FEMB.US,D,20171101,000000,35.69,35.69,35.282,35.483,13813,0
FEMB.US,D,20171102,000000,35.681,35.695,33.905,35.32,84603,0
FEMB.US,D,20171103,000000,35.303,35.303,35.033,35.096,7342,0
FEMB.US,D,20171106,000000,35.246,35.375,35.203,35.375,5171,0
FEMB.US,D,20171107,000000,35.297,35.297,35.072,35.143,6480,0
FEMB.US,D,20171108,000000,35.308,35.329,35.186,35.203,4501,0
FEMB.US,D,20171109,000000,35.193,35.273,35.186,35.21,5327,0
FEMB.US,D,20171110,000000,35.191,35.219,35.171,35.193,1379,0
FEMB.US,D,20171113,000000,34.962,35.032,34.947,35.023,1877,0
FEMB.US,D,20171114,000000,35.019,35.022,34.932,34.974,8961,0
FEMB.US,D,20171115,000000,34.932,34.932,34.864,34.92,9862,0
FEMB.US,D,20171116,000000,35.127,35.186,35.119,35.143,4808,0
FEMB.US,D,20171117,000000,35.389,35.389,35.32,35.32,4260,0
FEMB.US,D,20171120,000000,35.229,35.229,35.136,35.136,10276,0
FEMB.US,D,20171121,000000,35.22,35.472,35.22,35.367,5747,0
FEMB.US,D,20171122,000000,35.259,35.434,35.194,35.377,20365,0
FEMB.US,D,20171124,000000,35.676,35.676,35.676,35.676,233,0
FEMB.US,D,20171127,000000,35.747,35.752,35.591,35.63,22715,0
FEMB.US,D,20171128,000000,35.623,35.75,35.496,35.52,17882,0
FEMB.US,D,20171129,000000,35.483,35.511,35.406,35.406,5433,0
FEMB.US,D,20171130,000000,35.496,35.511,35.351,35.412,6565,0
FEMB.US,D,20171201,000000,35.429,35.49,35.367,35.367,3482,0
FEMB.US,D,20171204,000000,35.605,35.605,35.57,35.583,2013,0
FEMB.US,D,20171205,000000,35.496,35.634,35.496,35.563,9138,0
FEMB.US,D,20171206,000000,35.472,35.504,35.409,35.504,16349,0
FEMB.US,D,20171207,000000,35.377,35.511,35.359,35.426,26847,0
FEMB.US,D,20171208,000000,35.528,35.562,35.393,35.485,10716,0
FEMB.US,D,20171211,000000,35.481,35.49,35.406,35.425,3805,0
FEMB.US,D,20171212,000000,35.406,35.406,35.112,35.178,5274,0
FEMB.US,D,20171213,000000,35.649,35.701,35.472,35.472,7042,0
FEMB.US,D,20171214,000000,35.623,35.623,35.52,35.557,12947,0
FEMB.US,D,20171215,000000,35.731,35.813,35.725,35.742,15106,0
FEMB.US,D,20171218,000000,36.094,36.145,35.916,35.993,37323,0
FEMB.US,D,20171219,000000,35.921,35.958,35.822,35.949,5327,0
FEMB.US,D,20171220,000000,35.939,36.002,35.804,35.939,10565,0
FEMB.US,D,20171221,000000,36.002,36.215,35.789,35.906,15520,0
FEMB.US,D,20171222,000000,35.74,36.045,35.732,36.045,6680,0
FEMB.US,D,20171226,000000,35.93,36.08,35.921,35.93,2549,0
FEMB.US,D,20171227,000000,36.15,36.404,36.08,36.333,10949,0
FEMB.US,D,20171228,000000,36.843,36.843,36.157,36.199,3382,0
FEMB.US,D,20171229,000000,36.302,36.319,36.122,36.311,18065,0
FEMB.US,D,20180102,000000,36.595,36.648,36.535,36.638,6736,0
FEMB.US,D,20180103,000000,36.844,36.942,36.806,36.873,5277,0
FEMB.US,D,20180104,000000,37.14,37.209,36.985,37.174,13009,0
FEMB.US,D,20180105,000000,37.251,37.251,36.977,37.218,119967,0
FEMB.US,D,20180108,000000,37.019,37.095,36.95,37.035,6067,0
FEMB.US,D,20180109,000000,36.942,36.942,36.913,36.942,9286,0
FEMB.US,D,20180110,000000,36.95,36.959,36.882,36.934,3887,0
FEMB.US,D,20180111,000000,37.032,37.043,37.032,37.035,4027,0
FEMB.US,D,20180112,000000,37.381,37.423,37.219,37.399,7014,0
FEMB.US,D,20180116,000000,37.423,37.605,37.339,37.391,10744,0
FEMB.US,D,20180117,000000,37.493,37.7,37.329,37.329,26361,0
FEMB.US,D,20180118,000000,37.445,37.482,37.294,37.465,13036,0
FEMB.US,D,20180119,000000,37.449,37.449,37.313,37.425,6869,0
FEMB.US,D,20180122,000000,37.405,37.433,37.33,37.433,3838,0
FEMB.US,D,20180123,000000,37.502,37.71,37.482,37.597,6429,0
FEMB.US,D,20180124,000000,37.589,37.969,37.589,37.927,43290,0
FEMB.US,D,20180125,000000,38.159,38.204,37.978,37.994,9502,0
FEMB.US,D,20180126,000000,38.048,38.125,38.041,38.065,28592,0
FEMB.US,D,20180129,000000,37.763,37.872,37.763,37.856,6542,0
FEMB.US,D,20180130,000000,37.772,37.804,37.772,37.772,20964,0
FEMB.US,D,20180131,000000,37.822,38.057,37.822,37.952,10212,0
FEMB.US,D,20180201,000000,44.261,44.261,37.928,38.081,237719,0
FEMB.US,D,20180202,000000,37.918,37.918,37.707,37.83,17564,0
FEMB.US,D,20180205,000000,37.593,37.78,37.473,37.702,92724,0
FEMB.US,D,20180206,000000,37.473,37.71,37.233,37.606,18659,0
FEMB.US,D,20180207,000000,37.658,37.658,37.391,37.456,85265,0
FEMB.US,D,20180208,000000,37.267,37.433,36.939,36.939,27983,0
FEMB.US,D,20180209,000000,36.956,37.223,36.784,37.134,125744,0
FEMB.US,D,20180212,000000,37.182,37.283,36.498,36.825,501258,0
FEMB.US,D,20180213,000000,36.832,37.199,36.832,36.895,97181,0
FEMB.US,D,20180214,000000,36.888,37.433,36.868,37.346,8440,0
FEMB.US,D,20180215,000000,37.606,37.719,37.584,37.719,7973,0
FEMB.US,D,20180216,000000,37.618,37.802,37.591,37.727,8595,0
FEMB.US,D,20180220,000000,37.719,37.772,37.563,37.692,344061,0
FEMB.US,D,20180221,000000,37.582,37.664,37.398,37.529,59434,0
FEMB.US,D,20180222,000000,37.36,37.481,37.337,37.406,6499,0
FEMB.US,D,20180223,000000,37.606,37.719,37.606,37.673,17228,0
FEMB.US,D,20180226,000000,37.892,37.892,37.571,37.753,277357,0
FEMB.US,D,20180227,000000,37.858,37.858,37.345,37.345,6428,0
FEMB.US,D,20180228,000000,37.393,37.422,37.324,37.345,6454,0
FEMB.US,D,20180301,000000,37.258,37.291,36.998,37.101,148958,0
FEMB.US,D,20180302,000000,37.134,37.274,37.134,37.274,2818,0
FEMB.US,D,20180305,000000,37.318,37.38,37.292,37.353,6651,0
FEMB.US,D,20180306,000000,37.58,37.58,37.456,37.518,5299,0
FEMB.US,D,20180307,000000,37.465,37.465,37.248,37.319,4232,0
FEMB.US,D,20180308,000000,37.231,37.231,37.158,37.211,6794,0
FEMB.US,D,20180309,000000,37.354,37.362,37.318,37.345,3233,0
FEMB.US,D,20180312,000000,37.31,37.366,37.289,37.366,5144,0
FEMB.US,D,20180313,000000,37.432,37.448,37.281,37.281,15312,0
FEMB.US,D,20180314,000000,37.266,37.536,37.266,37.519,14286,0
FEMB.US,D,20180315,000000,37.239,37.413,37.137,37.222,6754,0
FEMB.US,D,20180316,000000,37.137,37.19,36.999,37.126,55795,0
FEMB.US,D,20180319,000000,37.091,37.128,37.065,37.101,3485,0
FEMB.US,D,20180320,000000,37.195,37.222,37.091,37.146,10133,0
FEMB.US,D,20180321,000000,37.172,37.347,37.137,37.18,17157,0
FEMB.US,D,20180322,000000,37.399,37.659,37.399,37.531,2589,0
FEMB.US,D,20180323,000000,37.483,37.488,37.081,37.443,108600,0
FEMB.US,D,20180326,000000,37.592,37.762,37.485,37.739,10304,0
FEMB.US,D,20180327,000000,37.573,37.852,37.573,37.774,9881,0
FEMB.US,D,20180328,000000,37.667,37.667,37.371,37.399,2717,0
FEMB.US,D,20180329,000000,37.514,37.722,37.338,37.338,84963,0
FEMB.US,D,20180402,000000,37.258,37.7,37.258,37.371,61464,0
FEMB.US,D,20180403,000000,37.518,37.685,37.511,37.511,8332,0
FEMB.US,D,20180404,000000,37.461,37.607,37.282,37.381,4919,0
FEMB.US,D,20180405,000000,37.591,37.681,37.313,37.451,3596,0
FEMB.US,D,20180406,000000,37.507,37.507,37.268,37.433,5392,0
FEMB.US,D,20180409,000000,37.457,37.457,37.266,37.266,8581,0
FEMB.US,D,20180410,000000,37.19,37.363,37.171,37.338,20410,0
FEMB.US,D,20180411,000000,37.493,37.521,37.291,37.493,8368,0
FEMB.US,D,20180412,000000,37.539,37.591,37.371,37.399,14842,0
FEMB.US,D,20180413,000000,37.511,37.521,37.381,37.483,7122,0
FEMB.US,D,20180416,000000,37.503,37.564,37.438,37.556,8306,0
FEMB.US,D,20180417,000000,37.799,37.799,37.474,37.474,5828,0
FEMB.US,D,20180418,000000,38.69,38.69,37.676,37.685,9337,0
FEMB.US,D,20180419,000000,37.655,37.722,37.474,37.617,7348,0
FEMB.US,D,20180420,000000,37.52,37.624,37.22,37.22,7363,0
FEMB.US,D,20180423,000000,37.016,37.22,36.905,36.905,4289,0
FEMB.US,D,20180424,000000,37.108,37.108,36.614,36.923,8117,0
FEMB.US,D,20180425,000000,36.614,36.729,36.317,36.369,10186,0
FEMB.US,D,20180426,000000,36.425,36.734,36.425,36.669,7111,0
FEMB.US,D,20180427,000000,36.832,36.85,36.369,36.576,9586,0
FEMB.US,D,20180430,000000,36.455,36.484,36.334,36.404,14300,0
FEMB.US,D,20180501,000000,36.283,36.307,36.135,36.158,12768,0
FEMB.US,D,20180502,000000,36.149,36.149,35.828,35.925,10444,0
FEMB.US,D,20180503,000000,36.001,36.009,35.773,35.895,9391,0
FEMB.US,D,20180504,000000,35.895,35.895,35.73,35.84,13442,0
FEMB.US,D,20180507,000000,35.799,35.869,35.792,35.792,7196,0
FEMB.US,D,20180508,000000,35.792,35.792,35.264,35.418,8580,0
FEMB.US,D,20180509,000000,35.264,35.428,35.264,35.387,5924,0
FEMB.US,D,20180510,000000,35.595,35.791,35.545,35.603,4478,0
FEMB.US,D,20180511,000000,35.773,35.773,35.625,35.625,4620,0
FEMB.US,D,20180514,000000,35.919,35.919,35.475,35.553,17034,0
FEMB.US,D,20180515,000000,35.139,35.139,34.905,34.973,5081,0
FEMB.US,D,20180516,000000,35.005,35.183,35.005,35.121,12980,0
FEMB.US,D,20180517,000000,35.244,35.244,34.85,34.904,8419,0
FEMB.US,D,20180518,000000,34.605,34.62,34.299,34.546,19999,0
FEMB.US,D,20180521,000000,34.813,34.813,34.411,34.48,7948,0
FEMB.US,D,20180522,000000,34.665,34.887,34.567,34.707,58001,0
FEMB.US,D,20180523,000000,35.23,35.23,33.995,34.567,42185,0
FEMB.US,D,20180524,000000,34.646,34.711,34.526,34.679,32576,0
FEMB.US,D,20180525,000000,34.49,34.596,34.49,34.534,27899,0
FEMB.US,D,20180529,000000,34.534,34.534,34.284,34.284,15277,0
FEMB.US,D,20180530,000000,34.226,34.492,34.217,34.49,25737,0
FEMB.US,D,20180531,000000,34.402,34.402,34.307,34.372,11840,0
FEMB.US,D,20180601,000000,34.402,34.402,34.316,34.337,17105,0
FEMB.US,D,20180604,000000,34.454,34.485,34.337,34.337,45813,0
FEMB.US,D,20180605,000000,34.208,34.355,34.198,34.355,11282,0
FEMB.US,D,20180606,000000,34.383,34.435,34.355,34.373,10464,0
FEMB.US,D,20180607,000000,34.208,34.208,34.066,34.066,10617,0
FEMB.US,D,20180608,000000,34.091,34.161,34.032,34.134,11346,0
FEMB.US,D,20180611,000000,34.049,34.07,34.004,34.004,5278,0
FEMB.US,D,20180612,000000,34.037,34.17,33.995,33.995,13113,0
FEMB.US,D,20180613,000000,34.118,34.118,33.916,33.98,12829,0
FEMB.US,D,20180614,000000,33.987,34.063,33.518,33.634,17271,0
FEMB.US,D,20180615,000000,33.661,33.661,33.24,33.519,18662,0
FEMB.US,D,20180618,000000,33.686,33.686,33.477,33.518,10102,0
FEMB.US,D,20180619,000000,33.542,33.542,33.332,33.332,10253,0
FEMB.US,D,20180620,000000,33.564,33.765,33.535,33.617,16249,0
FEMB.US,D,20180621,000000,33.553,33.607,33.484,33.551,8257,0
FEMB.US,D,20180622,000000,33.413,33.617,33.413,33.563,1327,0
FEMB.US,D,20180625,000000,33.376,33.563,33.376,33.484,47068,0
FEMB.US,D,20180626,000000,33.527,33.543,33.461,33.461,3284,0
FEMB.US,D,20180627,000000,33.44,33.44,33.226,33.272,4747,0
FEMB.US,D,20180628,000000,33.189,33.262,33.077,33.1,27495,0
FEMB.US,D,20180629,000000,33.388,33.421,33.247,33.247,38272,0
FEMB.US,D,20180702,000000,33.253,33.262,33.154,33.154,15308,0
FEMB.US,D,20180703,000000,33.484,33.543,33.238,33.262,54113,0
FEMB.US,D,20180705,000000,33.776,33.776,33.492,33.67,12918,0
FEMB.US,D,20180706,000000,33.747,33.795,33.607,33.686,12730,0
FEMB.US,D,20180709,000000,33.88,33.904,33.776,33.776,6287,0
FEMB.US,D,20180710,000000,33.95,33.997,33.894,33.928,29285,0
FEMB.US,D,20180711,000000,33.828,33.838,33.653,33.659,6333,0
FEMB.US,D,20180712,000000,33.085,33.857,33.085,33.704,15308,0
FEMB.US,D,20180713,000000,33.766,33.803,33.704,33.722,4581,0
FEMB.US,D,20180716,000000,33.821,33.873,33.766,33.785,5055,0
FEMB.US,D,20180717,000000,33.917,33.917,33.848,33.861,4425,0
FEMB.US,D,20180718,000000,33.747,33.873,33.747,33.838,2812,0
FEMB.US,D,20180719,000000,33.508,33.661,33.508,33.582,3644,0
FEMB.US,D,20180720,000000,33.971,33.971,33.858,33.88,7719,0
FEMB.US,D,20180723,000000,33.91,33.91,33.687,33.705,8054,0
FEMB.US,D,20180724,000000,33.853,33.981,33.796,33.796,7220,0
FEMB.US,D,20180725,000000,33.723,34.1,33.723,34.054,5461,0
FEMB.US,D,20180726,000000,34.222,34.222,33.93,34.017,55892,0
FEMB.US,D,20180727,000000,34.418,34.418,34.11,34.168,15352,0
FEMB.US,D,20180730,000000,34.184,34.222,34.148,34.213,32067,0
FEMB.US,D,20180731,000000,34.157,34.194,34.137,34.166,8773,0
FEMB.US,D,20180801,000000,34.335,34.335,34.067,34.194,42562,0
FEMB.US,D,20180802,000000,34.053,34.053,33.93,33.963,33740,0
FEMB.US,D,20180803,000000,33.839,34.14,33.839,34.041,19377,0
FEMB.US,D,20180806,000000,33.971,34.14,33.962,33.962,14149,0
FEMB.US,D,20180807,000000,34.13,34.157,34.034,34.092,15488,0
FEMB.US,D,20180808,000000,34.072,34.091,34.017,34.053,24178,0
FEMB.US,D,20180809,000000,33.88,33.895,33.723,33.723,52180,0
FEMB.US,D,20180810,000000,33.287,33.363,33.082,33.287,25225,0
FEMB.US,D,20180813,000000,33.075,33.075,32.711,32.87,36737,0
FEMB.US,D,20180814,000000,32.931,33.028,32.818,32.843,46836,0
FEMB.US,D,20180815,000000,32.503,32.843,32.503,32.843,20605,0
FEMB.US,D,20180816,000000,33.09,33.09,32.789,32.921,25597,0
FEMB.US,D,20180817,000000,32.674,32.879,32.619,32.86,23039,0
FEMB.US,D,20180820,000000,32.939,32.939,32.735,32.818,27912,0
FEMB.US,D,20180821,000000,33.916,33.916,32.886,32.948,32280,0
FEMB.US,D,20180822,000000,33.272,33.272,32.932,33.046,18308,0
FEMB.US,D,20180823,000000,32.975,32.975,32.734,32.734,44138,0
FEMB.US,D,20180824,000000,32.86,33.101,32.86,33.088,14132,0
FEMB.US,D,20180827,000000,32.895,33.209,32.895,33.039,25840,0
FEMB.US,D,20180828,000000,33.172,33.172,32.91,32.916,25013,0
FEMB.US,D,20180829,000000,32.779,32.808,32.675,32.779,16383,0
FEMB.US,D,20180830,000000,32.572,32.61,32.411,32.582,35926,0
FEMB.US,D,20180831,000000,32.401,32.706,32.385,32.694,20775,0
FEMB.US,D,20180904,000000,32.234,32.314,31.938,32.108,26263,0
FEMB.US,D,20180905,000000,32.108,32.135,31.714,31.919,91353,0
FEMB.US,D,20180906,000000,32.225,32.225,32.048,32.224,22592,0
FEMB.US,D,20180907,000000,32.28,32.34,32.154,32.177,30273,0
FEMB.US,D,20180910,000000,32.196,32.244,32.098,32.116,14281,0
FEMB.US,D,20180911,000000,32.098,32.254,32.089,32.243,15078,0
FEMB.US,D,20180912,000000,32.349,32.451,32.314,32.401,11142,0
FEMB.US,D,20180913,000000,32.553,32.618,32.494,32.494,52039,0
FEMB.US,D,20180914,000000,32.529,32.529,32.411,32.486,13537,0
FEMB.US,D,20180917,000000,32.486,32.546,32.402,32.415,18772,0
FEMB.US,D,20180918,000000,32.411,32.509,32.401,32.509,18067,0
FEMB.US,D,20180919,000000,32.519,32.699,32.519,32.582,15548,0
FEMB.US,D,20180920,000000,32.789,32.933,32.684,32.872,17928,0
FEMB.US,D,20180921,000000,32.725,32.95,32.725,32.906,15370,0
FEMB.US,D,20180924,000000,33.059,33.059,32.872,32.906,20437,0
FEMB.US,D,20180925,000000,32.799,32.862,32.789,32.84,14908,0
FEMB.US,D,20180926,000000,32.836,33.05,32.836,33.05,16814,0
FEMB.US,D,20180927,000000,33.024,33.166,33.024,33.123,17611,0
FEMB.US,D,20180928,000000,33.105,33.157,32.887,32.897,148684,0
FEMB.US,D,20181001,000000,33.14,33.157,32.845,33.114,22580,0
FEMB.US,D,20181002,000000,32.872,33.069,32.836,32.836,39800,0
FEMB.US,D,20181003,000000,33.024,33.105,32.753,32.887,31221,0
FEMB.US,D,20181004,000000,32.76,32.799,32.467,32.537,21904,0
FEMB.US,D,20181005,000000,32.619,32.77,32.582,32.627,9915,0
FEMB.US,D,20181008,000000,32.717,32.765,32.648,32.725,70080,0
FEMB.US,D,20181009,000000,32.529,32.707,32.529,32.674,14744,0
FEMB.US,D,20181010,000000,32.684,32.753,32.618,32.618,17377,0
FEMB.US,D,20181011,000000,32.78,32.789,32.699,32.699,18041,0
FEMB.US,D,20181012,000000,32.717,32.78,32.648,32.693,8705,0
FEMB.US,D,20181015,000000,32.88,32.924,32.862,32.914,7799,0
FEMB.US,D,20181016,000000,33.182,33.182,33.082,33.103,8227,0
FEMB.US,D,20181017,000000,33.25,33.25,33.095,33.095,25628,0
FEMB.US,D,20181018,000000,33.034,33.175,32.987,33.003,16034,0
FEMB.US,D,20181019,000000,33.026,33.037,32.959,32.979,8401,0
FEMB.US,D,20181022,000000,32.968,32.977,32.897,32.914,6055,0
FEMB.US,D,20181023,000000,33.079,33.079,32.968,33.025,11350,0
FEMB.US,D,20181024,000000,32.914,32.934,32.683,32.722,18180,0
FEMB.US,D,20181025,000000,32.769,32.769,32.636,32.654,11593,0
FEMB.US,D,20181026,000000,32.845,32.852,32.724,32.852,5967,0
FEMB.US,D,20181029,000000,32.743,32.836,32.58,32.654,12039,0
FEMB.US,D,20181030,000000,32.698,32.788,32.654,32.69,7940,0
FEMB.US,D,20181031,000000,32.561,32.561,32.475,32.498,6520,0
FEMB.US,D,20181101,000000,32.673,32.769,32.673,32.769,6587,0
FEMB.US,D,20181102,000000,32.779,32.897,32.779,32.845,4999,0
FEMB.US,D,20181105,000000,32.942,33.035,32.933,32.997,6702,0
FEMB.US,D,20181106,000000,32.959,33.06,32.959,33.059,2956,0
FEMB.US,D,20181107,000000,33.184,33.184,33.077,33.115,3975,0
FEMB.US,D,20181108,000000,33.204,33.204,32.95,33.025,7602,0
FEMB.US,D,20181109,000000,32.823,32.88,32.802,32.808,4336,0
FEMB.US,D,20181112,000000,32.759,32.769,32.617,32.681,12218,0
FEMB.US,D,20181113,000000,32.605,32.664,32.517,32.59,15676,0
FEMB.US,D,20181114,000000,32.627,32.743,32.609,32.706,10950,0
FEMB.US,D,20181115,000000,32.724,32.924,32.724,32.924,10426,0
FEMB.US,D,20181116,000000,33.035,33.132,33.016,33.106,15094,0
FEMB.US,D,20181119,000000,33.233,33.233,33.051,33.158,11236,0
FEMB.US,D,20181120,000000,33.079,33.115,32.959,33.016,14684,0
FEMB.US,D,20181121,000000,33.287,33.329,33.136,33.15,9848,0
FEMB.US,D,20181123,000000,33.295,33.358,33.215,33.324,7462,0
FEMB.US,D,20181126,000000,33.185,33.234,33.06,33.06,14016,0
FEMB.US,D,20181127,000000,33.15,33.169,32.987,33.115,27846,0
FEMB.US,D,20181128,000000,33.115,33.332,32.987,33.332,29488,0
FEMB.US,D,20181129,000000,33.503,33.54,33.305,33.418,5677,0
FEMB.US,D,20181130,000000,33.495,33.495,33.356,33.422,5989,0
FEMB.US,D,20181203,000000,33.578,33.623,33.395,33.404,7405,0
FEMB.US,D,20181204,000000,33.632,33.632,33.387,33.45,19979,0
FEMB.US,D,20181206,000000,33.234,33.315,33.159,33.186,8474,0
FEMB.US,D,20181207,000000,33.487,33.487,33.29,33.325,7053,0
FEMB.US,D,20181210,000000,33.15,33.225,33.079,33.079,11083,0
FEMB.US,D,20181211,000000,33.26,33.26,33.106,33.169,8885,0
FEMB.US,D,20181212,000000,33.234,33.295,33.177,33.243,6776,0
FEMB.US,D,20181213,000000,33.315,33.387,33.26,33.377,8657,0
FEMB.US,D,20181214,000000,33.225,33.304,33.15,33.205,10802,0
FEMB.US,D,20181217,000000,33.215,33.233,33.125,33.169,14406,0
FEMB.US,D,20181218,000000,33.205,33.414,33.205,33.234,18531,0
FEMB.US,D,20181219,000000,33.316,33.496,33.27,33.278,26410,0
FEMB.US,D,20181220,000000,33.589,33.625,33.378,33.625,265304,0
FEMB.US,D,20181221,000000,33.505,33.68,33.369,33.369,34506,0
FEMB.US,D,20181224,000000,33.424,33.598,33.415,33.571,9786,0
FEMB.US,D,20181226,000000,33.306,33.607,33.306,33.47,15798,0
FEMB.US,D,20181227,000000,33.525,33.671,33.495,33.542,21774,0
FEMB.US,D,20181228,000000,33.633,33.688,33.607,33.688,8292,0
FEMB.US,D,20181231,000000,33.598,33.732,33.561,33.732,14197,0
FEMB.US,D,20190102,000000,33.607,33.804,33.607,33.697,7162,0
FEMB.US,D,20190103,000000,33.706,33.844,33.706,33.834,9563,0
FEMB.US,D,20190104,000000,34.072,34.18,33.872,34.161,258774,0
FEMB.US,D,20190107,000000,34.352,34.519,34.262,34.326,7811,0
FEMB.US,D,20190108,000000,34.343,34.343,34.262,34.326,39227,0
FEMB.US,D,20190109,000000,34.331,34.462,34.327,34.38,10033,0
FEMB.US,D,20190110,000000,34.527,34.527,34.338,34.418,14494,0
FEMB.US,D,20190111,000000,34.291,34.426,34.291,34.343,5880,0
FEMB.US,D,20190114,000000,34.501,34.561,34.361,34.561,9667,0
FEMB.US,D,20190115,000000,34.418,34.509,34.352,34.352,8967,0
FEMB.US,D,20190116,000000,34.38,34.653,34.38,34.514,30122,0
FEMB.US,D,20190117,000000,34.333,34.462,34.31,34.361,20376,0
FEMB.US,D,20190118,000000,34.37,34.476,34.301,34.433,10734,0
FEMB.US,D,20190122,000000,34.333,34.444,34.221,34.272,3612,0
FEMB.US,D,20190123,000000,34.463,34.511,34.371,34.463,32892,0
FEMB.US,D,20190124,000000,34.502,34.554,34.419,34.452,3488,0
FEMB.US,D,20190125,000000,34.537,34.738,34.511,34.738,7144,0
FEMB.US,D,20190128,000000,34.563,34.672,34.423,34.489,4799,0
FEMB.US,D,20190129,000000,34.646,34.655,34.546,34.546,4072,0
FEMB.US,D,20190130,000000,34.603,34.872,34.603,34.853,9954,0
FEMB.US,D,20190131,000000,35.022,35.214,35.022,35.214,62449,0
FEMB.US,D,20190201,000000,35.518,35.518,35.178,35.178,44232,0
FEMB.US,D,20190204,000000,35.233,35.299,35.196,35.205,7586,0
FEMB.US,D,20190205,000000,35.389,35.522,35.224,35.505,130684,0
FEMB.US,D,20190206,000000,35.397,35.405,35.18,35.244,19733,0
FEMB.US,D,20190207,000000,35.38,35.38,35.183,35.289,36693,0
FEMB.US,D,20190208,000000,35.261,35.299,34.995,35.07,95916,0
FEMB.US,D,20190211,000000,35.041,35.079,34.85,34.89,13280,0
FEMB.US,D,20190212,000000,35.022,35.117,34.934,35.041,7072,0
FEMB.US,D,20190213,000000,34.793,35.051,34.713,34.812,6150,0
FEMB.US,D,20190214,000000,34.545,34.781,34.545,34.781,4308,0
FEMB.US,D,20190215,000000,34.85,35.032,34.761,35.022,7411,0
FEMB.US,D,20190219,000000,35.018,35.164,35.013,35.122,8162,0
FEMB.US,D,20190220,000000,35.106,35.246,35.106,35.205,7931,0
FEMB.US,D,20190221,000000,35.097,35.114,35.006,35.114,11537,0
FEMB.US,D,20190222,000000,35.114,35.205,35.022,35.196,10697,0
FEMB.US,D,20190225,000000,35.289,35.357,35.199,35.224,3930,0
FEMB.US,D,20190226,000000,35.308,35.38,35.241,35.379,6482,0
FEMB.US,D,20190227,000000,35.362,35.362,35.224,35.352,7162,0
FEMB.US,D,20190228,000000,35.308,35.362,35.154,35.271,19463,0
FEMB.US,D,20190301,000000,35.078,35.103,34.92,35.012,14184,0
FEMB.US,D,20190304,000000,34.994,35.002,34.947,34.997,9275,0
FEMB.US,D,20190305,000000,35.105,35.105,34.975,34.975,3799,0
FEMB.US,D,20190306,000000,35.087,35.087,34.857,34.905,12510,0
FEMB.US,D,20190307,000000,34.81,34.81,34.617,34.644,4824,0
FEMB.US,D,20190308,000000,34.636,34.691,34.6,34.6,7776,0
FEMB.US,D,20190311,000000,34.736,34.791,34.719,34.764,12567,0
FEMB.US,D,20190312,000000,34.967,34.967,34.821,34.875,13776,0
FEMB.US,D,20190313,000000,34.975,34.975,34.876,34.947,23848,0
FEMB.US,D,20190314,000000,35.078,35.078,34.92,34.92,11729,0
FEMB.US,D,20190315,000000,34.81,35.06,34.756,34.885,18470,0
FEMB.US,D,20190318,000000,35.036,35.233,35.036,35.233,7552,0
FEMB.US,D,20190319,000000,35.068,35.241,35.068,35.214,5569,0
FEMB.US,D,20190320,000000,35.214,35.465,35.196,35.404,20281,0
FEMB.US,D,20190321,000000,35.576,35.584,35.298,35.476,72491,0
FEMB.US,D,20190322,000000,35.27,35.27,34.9,34.9,10336,0
FEMB.US,D,20190325,000000,35.121,35.195,34.969,35.129,4451,0
FEMB.US,D,20190326,000000,35.27,35.27,35.039,35.158,9502,0
FEMB.US,D,20190327,000000,35.27,35.27,34.965,35.012,12961,0
FEMB.US,D,20190328,000000,34.965,34.965,34.761,34.9,7318,0
FEMB.US,D,20190329,000000,34.826,35.01,34.697,35.01,88424,0
FEMB.US,D,20190401,000000,34.945,35.204,34.945,35.103,17281,0
FEMB.US,D,20190402,000000,35.001,35.25,35.001,35.158,15985,0
FEMB.US,D,20190403,000000,35.433,35.433,35.16,35.319,11673,0
FEMB.US,D,20190404,000000,35.058,35.372,35.058,35.13,11304,0
FEMB.US,D,20190405,000000,35.195,35.317,35.195,35.298,14393,0
FEMB.US,D,20190408,000000,35.158,35.39,35.158,35.278,10472,0
FEMB.US,D,20190409,000000,35.362,35.486,35.317,35.325,11730,0
FEMB.US,D,20190410,000000,35.345,35.454,35.345,35.425,14733,0
FEMB.US,D,20190411,000000,35.444,35.669,35.335,35.482,101589,0
FEMB.US,D,20190412,000000,35.425,35.52,35.425,35.425,10729,0
FEMB.US,D,20190415,000000,35.186,35.482,35.186,35.372,11627,0
FEMB.US,D,20190416,000000,35.26,35.379,35.26,35.332,13527,0
FEMB.US,D,20190417,000000,35.345,35.425,35.345,35.397,18424,0
FEMB.US,D,20190418,000000,35.288,35.381,35.288,35.33,9764,0
FEMB.US,D,20190422,000000,35.24,35.425,35.24,35.298,18436,0
FEMB.US,D,20190423,000000,35.24,35.278,35.129,35.157,15991,0
FEMB.US,D,20190424,000000,35.084,35.104,34.825,35.047,14362,0
FEMB.US,D,20190425,000000,34.815,34.852,34.63,34.646,38806,0
FEMB.US,D,20190426,000000,34.971,34.971,34.789,34.825,12144,0
FEMB.US,D,20190429,000000,34.766,34.971,34.766,34.87,6437,0
FEMB.US,D,20190430,000000,34.712,34.953,34.712,34.952,13548,0
FEMB.US,D,20190501,000000,34.825,35.176,34.825,34.917,41887,0
FEMB.US,D,20190502,000000,34.87,34.88,34.627,34.661,9418,0
FEMB.US,D,20190503,000000,34.898,34.934,34.759,34.934,9789,0
FEMB.US,D,20190506,000000,34.638,34.917,34.638,34.914,18244,0
FEMB.US,D,20190507,000000,34.726,34.825,34.62,34.751,8907,0
FEMB.US,D,20190508,000000,34.489,34.852,34.489,34.684,50879,0
FEMB.US,D,20190509,000000,34.602,34.75,34.425,34.592,22920,0
FEMB.US,D,20190510,000000,34.843,34.843,34.638,34.74,112435,0
FEMB.US,D,20190513,000000,34.518,34.62,34.48,34.498,46095,0
FEMB.US,D,20190514,000000,34.562,34.725,34.489,34.704,24063,0
FEMB.US,D,20190515,000000,34.397,34.834,34.397,34.74,14104,0
FEMB.US,D,20190516,000000,34.759,34.8,34.544,34.562,19980,0
FEMB.US,D,20190517,000000,34.443,34.572,34.358,34.358,12472,0
FEMB.US,D,20190520,000000,34.397,34.47,34.358,34.407,15102,0
FEMB.US,D,20190521,000000,34.182,34.554,34.182,34.545,10398,0
FEMB.US,D,20190522,000000,34.545,34.647,34.425,34.519,10500,0
FEMB.US,D,20190523,000000,34.417,34.603,34.417,34.569,12245,0
FEMB.US,D,20190524,000000,34.671,34.752,34.656,34.747,11877,0
FEMB.US,D,20190528,000000,34.733,34.797,34.593,34.63,13849,0
FEMB.US,D,20190529,000000,34.583,34.776,34.573,34.776,17696,0
FEMB.US,D,20190530,000000,34.611,34.862,34.611,34.787,17884,0
FEMB.US,D,20190531,000000,34.563,34.853,34.563,34.853,14689,0
FEMB.US,D,20190603,000000,35.133,35.143,34.9,35.1,16953,0
FEMB.US,D,20190604,000000,34.974,35.292,34.974,35.031,16707,0
FEMB.US,D,20190605,000000,35.403,35.411,35.1,35.2,10812,0
FEMB.US,D,20190606,000000,35.349,35.469,35.092,35.357,19340,0
FEMB.US,D,20190607,000000,35.235,35.675,35.235,35.452,19607,0
FEMB.US,D,20190610,000000,35.526,35.526,35.352,35.403,29720,0
FEMB.US,D,20190611,000000,35.535,35.685,35.535,35.645,15691,0
FEMB.US,D,20190612,000000,35.563,35.73,35.563,35.642,17901,0
FEMB.US,D,20190613,000000,35.479,35.625,35.479,35.587,20891,0
FEMB.US,D,20190614,000000,35.645,35.76,35.612,35.626,11323,0
FEMB.US,D,20190617,000000,35.608,35.89,35.608,35.617,20234,0
FEMB.US,D,20190618,000000,35.675,36.172,35.675,35.789,30881,0
FEMB.US,D,20190619,000000,36.19,36.217,35.825,36.084,23079,0
FEMB.US,D,20190620,000000,36.463,36.547,36.199,36.35,14244,0
FEMB.US,D,20190621,000000,36.377,36.377,36.108,36.146,12638,0
FEMB.US,D,20190624,000000,36.385,36.482,36.267,36.359,13463,0
FEMB.US,D,20190625,000000,36.501,36.547,36.305,36.413,15815,0
FEMB.US,D,20190626,000000,36.313,36.547,36.275,36.363,50192,0
FEMB.US,D,20190627,000000,36.537,36.629,36.35,36.601,11476,0
FEMB.US,D,20190628,000000,36.818,36.818,36.256,36.293,103624,0
FEMB.US,D,20190701,000000,36.834,36.834,36.484,36.496,33608,0
FEMB.US,D,20190702,000000,36.405,36.678,36.405,36.501,23786,0
FEMB.US,D,20190703,000000,36.51,36.781,36.51,36.771,22945,0
FEMB.US,D,20190705,000000,36.593,36.825,36.593,36.781,19299,0
FEMB.US,D,20190708,000000,36.781,36.941,36.781,36.8,19796,0
FEMB.US,D,20190709,000000,36.781,36.781,36.609,36.678,10663,0
FEMB.US,D,20190710,000000,36.753,36.874,35.655,36.697,293513,0
FEMB.US,D,20190711,000000,36.931,36.969,36.844,36.861,121328,0
FEMB.US,D,20190712,000000,37.147,37.147,36.771,36.913,94791,0
FEMB.US,D,20190715,000000,37.211,37.211,36.963,36.963,17843,0
FEMB.US,D,20190716,000000,37.061,37.07,36.979,37.032,11287,0
FEMB.US,D,20190717,000000,36.96,37.032,36.922,37.002,8989,0
FEMB.US,D,20190718,000000,37.238,37.371,36.921,37.343,72772,0
FEMB.US,D,20190719,000000,37.371,37.924,37.253,37.433,44143,0
FEMB.US,D,20190722,000000,37.333,37.408,37.253,37.297,19917,0
FEMB.US,D,20190723,000000,37.343,37.391,37.268,37.361,70001,0
FEMB.US,D,20190724,000000,37.323,37.323,37.146,37.146,17669,0
FEMB.US,D,20190725,000000,37.154,37.23,37.079,37.167,20941,0
FEMB.US,D,20190726,000000,37.041,37.127,36.842,37.013,27821,0
FEMB.US,D,20190729,000000,36.919,36.929,36.761,36.901,9882,0
FEMB.US,D,20190730,000000,36.939,37.079,36.85,36.901,17001,0
FEMB.US,D,20190731,000000,36.985,36.985,36.773,36.816,17135,0
FEMB.US,D,20190801,000000,36.58,36.751,36.451,36.543,11771,0
FEMB.US,D,20190802,000000,36.419,36.497,36.225,36.279,10125,0
FEMB.US,D,20190805,000000,36.09,36.176,35.916,36.006,17409,0
FEMB.US,D,20190806,000000,36.129,36.184,35.982,36.129,23564,0
FEMB.US,D,20190807,000000,35.93,36.242,35.93,36.124,15359,0
FEMB.US,D,20190808,000000,36.203,36.419,36.147,36.41,18699,0
FEMB.US,D,20190809,000000,36.497,36.497,36.09,36.364,166395,0
FEMB.US,D,20190812,000000,36.167,36.449,36.044,36.167,18515,0
FEMB.US,D,20190813,000000,36.1,36.345,36.1,36.252,14724,0
FEMB.US,D,20190814,000000,36.1,36.232,36.01,36.016,17108,0
FEMB.US,D,20190815,000000,36.09,36.129,35.959,36.129,17451,0
FEMB.US,D,20190816,000000,36.193,36.242,36.016,36.016,11553,0
FEMB.US,D,20190819,000000,35.95,36.081,35.94,36.044,13796,0
FEMB.US,D,20190820,000000,35.94,36.051,35.923,35.94,16061,0
FEMB.US,D,20190821,000000,35.988,36.29,35.988,36.129,17999,0
FEMB.US,D,20190822,000000,36.044,36.101,35.969,36.044,13332,0
FEMB.US,D,20190823,000000,35.79,36.101,35.79,35.903,14830,0
FEMB.US,D,20190826,000000,35.79,35.95,35.79,35.854,12199,0
FEMB.US,D,20190827,000000,35.794,35.903,35.78,35.78,15170,0
FEMB.US,D,20190828,000000,35.617,35.883,35.608,35.662,25237,0
FEMB.US,D,20190829,000000,35.631,35.756,35.605,35.676,12096,0
FEMB.US,D,20190830,000000,35.554,35.883,35.554,35.722,25172,0
FEMB.US,D,20190903,000000,35.844,35.93,35.741,35.854,14336,0
FEMB.US,D,20190904,000000,35.874,36.129,35.874,35.981,6150,0
FEMB.US,D,20190905,000000,36.031,36.31,36.031,36.035,13752,0
FEMB.US,D,20190906,000000,36.223,36.31,36.072,36.082,15630,0
FEMB.US,D,20190909,000000,36.091,36.233,36.091,36.185,10556,0
FEMB.US,D,20190910,000000,36.129,36.205,36.12,36.204,7459,0
FEMB.US,D,20190911,000000,36.194,36.3,36.194,36.262,24628,0
FEMB.US,D,20190912,000000,36.3,36.526,36.3,36.509,12741,0
FEMB.US,D,20190913,000000,36.441,36.697,36.441,36.6,30619,0
FEMB.US,D,20190916,000000,36.47,36.538,36.451,36.451,11153,0
FEMB.US,D,20190917,000000,36.319,36.489,36.319,36.451,33831,0
FEMB.US,D,20190918,000000,36.461,36.461,36.33,36.33,11052,0
FEMB.US,D,20190919,000000,36.499,36.555,36.421,36.421,11947,0
FEMB.US,D,20190920,000000,36.431,36.431,36.281,36.329,29336,0
FEMB.US,D,20190923,000000,36.139,36.366,36.139,36.359,11431,0
FEMB.US,D,20190924,000000,36.421,36.546,36.253,36.36,109397,0
FEMB.US,D,20190925,000000,36.338,36.375,36.262,36.319,15223,0
FEMB.US,D,20190926,000000,36.281,36.547,36.119,36.14,14891,0
FEMB.US,D,20190927,000000,36.252,36.375,36.085,36.11,40980,0
FEMB.US,D,20190930,000000,36.014,36.203,35.991,36.138,92900,0
FEMB.US,D,20191001,000000,36.138,36.184,35.914,35.965,26899,0
FEMB.US,D,20191002,000000,35.928,36.232,35.855,36.075,17665,0
FEMB.US,D,20191003,000000,36.142,36.3,36.119,36.197,19419,0
FEMB.US,D,20191004,000000,36.242,36.49,36.242,36.366,17152,0
FEMB.US,D,20191007,000000,36.382,36.584,36.338,36.382,12502,0
FEMB.US,D,20191008,000000,36.3,36.356,36.252,36.304,12927,0
FEMB.US,D,20191009,000000,36.412,36.419,36.29,36.374,10840,0
FEMB.US,D,20191010,000000,36.5,36.5,36.395,36.45,15048,0
FEMB.US,D,20191011,000000,36.547,36.78,36.29,36.537,35984,0
FEMB.US,D,20191014,000000,36.5,36.679,36.49,36.504,10699,0
FEMB.US,D,20191015,000000,36.62,36.62,36.461,36.461,11385,0
FEMB.US,D,20191016,000000,36.481,36.575,36.412,36.471,14488,0
FEMB.US,D,20191017,000000,36.606,36.689,36.556,36.646,12969,0
FEMB.US,D,20191018,000000,36.556,36.838,36.556,36.79,11376,0
FEMB.US,D,20191021,000000,36.822,36.965,36.727,36.861,16558,0
FEMB.US,D,20191022,000000,36.833,37.063,36.833,36.993,22209,0
FEMB.US,D,20191023,000000,37.021,37.204,36.985,37.059,16410,0
FEMB.US,D,20191024,000000,37.232,37.24,37.002,37.117,21769,0
FEMB.US,D,20191025,000000,37.108,37.136,36.985,37.069,28806,0
FEMB.US,D,20191028,000000,37.179,37.25,37.088,37.088,15406,0
FEMB.US,D,20191029,000000,37.222,37.222,37.05,37.059,21159,0
FEMB.US,D,20191030,000000,36.936,37.021,36.868,36.908,25412,0
FEMB.US,D,20191031,000000,36.888,36.908,36.439,36.61,480013,0
FEMB.US,D,20191101,000000,36.659,37.117,36.659,36.803,54893,0
FEMB.US,D,20191104,000000,36.926,37.021,36.889,36.976,44352,0
FEMB.US,D,20191105,000000,36.888,37.136,36.888,37.098,29274,0
FEMB.US,D,20191106,000000,37.204,37.222,36.908,37.002,25800,0
FEMB.US,D,20191107,000000,36.746,37.069,36.746,36.917,33814,0
FEMB.US,D,20191108,000000,36.966,36.966,36.698,36.764,28363,0
FEMB.US,D,20191111,000000,36.639,36.746,36.639,36.663,8020,0
FEMB.US,D,20191112,000000,36.619,36.619,36.449,36.502,11174,0
FEMB.US,D,20191113,000000,36.4,36.4,36.23,36.253,11944,0
FEMB.US,D,20191114,000000,36.254,36.372,36.254,36.344,10443,0
FEMB.US,D,20191115,000000,36.297,36.745,36.297,36.493,31111,0
FEMB.US,D,20191118,000000,36.363,36.592,36.363,36.503,61964,0
FEMB.US,D,20191119,000000,36.439,36.525,36.419,36.479,14621,0
FEMB.US,D,20191120,000000,36.535,36.746,36.434,36.483,28126,0
FEMB.US,D,20191121,000000,36.545,36.698,36.545,36.611,23601,0
FEMB.US,D,20191122,000000,36.429,36.647,36.429,36.606,23433,0
FEMB.US,D,20191125,000000,36.545,36.545,36.469,36.498,17079,0
FEMB.US,D,20191126,000000,36.372,36.429,36.316,36.36,19156,0
FEMB.US,D,20191127,000000,36.583,36.583,36.218,36.263,111878,0
FEMB.US,D,20191129,000000,36.479,36.479,36.075,36.239,23635,0
FEMB.US,D,20191202,000000,36.306,36.316,36.219,36.262,6510,0
FEMB.US,D,20191203,000000,36.132,36.251,35.826,36.18,76507,0
FEMB.US,D,20191204,000000,36.449,36.449,36.248,36.312,13501,0
FEMB.US,D,20191205,000000,36.592,36.592,36.367,36.396,17964,0
FEMB.US,D,20191206,000000,36.381,36.583,36.381,36.512,14973,0
FEMB.US,D,20191209,000000,36.611,36.64,36.593,36.606,15223,0
FEMB.US,D,20191210,000000,36.479,36.592,36.479,36.555,33777,0
FEMB.US,D,20191211,000000,36.679,36.766,36.588,36.732,18330,0
FEMB.US,D,20191212,000000,36.679,36.948,36.679,36.917,45475,0
FEMB.US,D,20191213,000000,37.12,37.168,36.859,36.917,30542,0
FEMB.US,D,20191216,000000,36.829,36.994,36.829,36.937,30667,0
FEMB.US,D,20191217,000000,37.032,37.032,36.917,36.95,20379,0
FEMB.US,D,20191218,000000,37.071,37.071,36.957,37.014,50210,0
FEMB.US,D,20191219,000000,37.014,37.12,37.014,37.081,9509,0
FEMB.US,D,20191220,000000,37.226,37.226,37.042,37.089,27764,0
FEMB.US,D,20191223,000000,37.244,37.244,37.081,37.081,13412,0
FEMB.US,D,20191224,000000,37.111,37.274,37.111,37.187,26436,0
FEMB.US,D,20191226,000000,37.244,37.294,37.244,37.274,10214,0
FEMB.US,D,20191227,000000,37.341,37.505,37.331,37.485,15791,0
FEMB.US,D,20191230,000000,37.331,37.534,37.331,37.505,244183,0
FEMB.US,D,20191231,000000,37.429,37.756,37.429,37.622,69679,0
FEMB.US,D,20200102,000000,37.64,37.957,37.622,37.872,173883,0
FEMB.US,D,20200103,000000,38.073,38.073,37.634,37.687,281936,0
FEMB.US,D,20200106,000000,37.495,37.707,37.495,37.622,53472,0
FEMB.US,D,20200107,000000,37.612,37.612,37.447,37.519,165885,0
FEMB.US,D,20200108,000000,37.524,37.775,37.524,37.741,35799,0
FEMB.US,D,20200109,000000,37.967,37.967,37.687,37.697,33039,0
FEMB.US,D,20200110,000000,37.592,37.861,37.592,37.682,58824,0
FEMB.US,D,20200113,000000,37.678,37.678,37.602,37.622,52225,0
FEMB.US,D,20200114,000000,37.64,37.794,37.64,37.683,39183,0
FEMB.US,D,20200115,000000,37.612,37.697,37.562,37.6,491663,0
FEMB.US,D,20200116,000000,37.582,37.697,37.582,37.63,36175,0
FEMB.US,D,20200117,000000,37.659,37.697,37.619,37.63,81558,0
FEMB.US,D,20200121,000000,37.842,37.842,37.599,37.612,34058,0
FEMB.US,D,20200122,000000,37.746,37.91,37.676,37.696,146293,0
FEMB.US,D,20200123,000000,37.978,37.978,37.543,37.716,86098,0
FEMB.US,D,20200124,000000,37.667,37.784,37.629,37.751,195796,0
FEMB.US,D,20200127,000000,37.185,37.533,37.185,37.482,80596,0
FEMB.US,D,20200128,000000,37.437,37.513,37.241,37.488,48535,0
FEMB.US,D,20200129,000000,37.649,37.649,37.539,37.601,62528,0
FEMB.US,D,20200130,000000,37.348,37.571,37.32,37.427,35906,0
FEMB.US,D,20200131,000000,37.223,37.241,37.142,37.185,73883,0
FEMB.US,D,20200203,000000,37.427,37.464,37.263,37.348,106546,0
FEMB.US,D,20200204,000000,37.533,37.601,37.477,37.513,83636,0
FEMB.US,D,20200205,000000,37.658,37.658,37.523,37.601,38068,0
FEMB.US,D,20200206,000000,37.591,37.591,37.399,37.417,42702,0
FEMB.US,D,20200207,000000,37.195,37.271,37.136,37.195,51008,0
FEMB.US,D,20200210,000000,37.348,37.348,37.127,37.127,69891,0
FEMB.US,D,20200211,000000,37.146,37.437,37.146,37.307,41145,0
FEMB.US,D,20200212,000000,37.241,37.319,37.204,37.252,520162,0
FEMB.US,D,20200213,000000,37.146,37.368,37.146,37.215,185772,0
FEMB.US,D,20200214,000000,37.427,37.427,37.263,37.301,46028,0
FEMB.US,D,20200218,000000,37.251,37.319,37.165,37.19,504959,0
FEMB.US,D,20200219,000000,37.281,37.281,36.953,37.135,52715,0
FEMB.US,D,20200220,000000,36.982,37.057,36.933,36.947,65694,0
FEMB.US,D,20200221,000000,36.923,37.191,36.923,37.117,40829,0
FEMB.US,D,20200224,000000,36.563,36.864,36.563,36.813,40614,0
FEMB.US,D,20200225,000000,36.854,36.894,36.671,36.734,58157,0
FEMB.US,D,20200226,000000,36.99,36.99,36.602,36.657,89622,0
FEMB.US,D,20200227,000000,36.437,36.486,36.156,36.156,172869,0
FEMB.US,D,20200228,000000,35.806,36,35.672,35.82,66334,0
FEMB.US,D,20200302,000000,35.709,36.175,35.709,36.166,118400,0
FEMB.US,D,20200303,000000,36.175,36.777,36.175,36.524,76522,0
FEMB.US,D,20200304,000000,36.583,36.709,36.467,36.588,45647,0
FEMB.US,D,20200305,000000,36.417,36.563,36.146,36.207,62277,0
FEMB.US,D,20200306,000000,36.03,36.146,35.893,35.996,51055,0
FEMB.US,D,20200309,000000,35.135,36.573,33.251,33.863,97626,0
FEMB.US,D,20200310,000000,34.212,34.553,34.212,34.386,43985,0
FEMB.US,D,20200311,000000,34.388,35.039,34.047,34.241,71880,0
FEMB.US,D,20200312,000000,33.056,34.593,29.667,32.619,78625,0
FEMB.US,D,20200313,000000,33.659,33.659,32.028,32.135,49756,0
FEMB.US,D,20200316,000000,30.705,34.116,29.754,31.236,150975,0
FEMB.US,D,20200317,000000,31.065,31.25,30.288,30.774,112066,0
FEMB.US,D,20200318,000000,30.745,30.958,29.394,30.182,69549,0
FEMB.US,D,20200319,000000,27.45,30.114,27.45,29.495,100895,0
FEMB.US,D,20200320,000000,28.967,29.83,28.22,29.269,33048,0
FEMB.US,D,20200323,000000,28.617,29.219,28.617,28.967,54754,0
FEMB.US,D,20200324,000000,29.064,29.657,28.181,29.45,68229,0
FEMB.US,D,20200325,000000,29.308,31.113,29.084,30.893,163070,0
FEMB.US,D,20200326,000000,30.695,31.502,29.395,31.145,69503,0
FEMB.US,D,20200327,000000,30.628,31.425,29.094,31.017,658156,0
FEMB.US,D,20200330,000000,31.492,31.492,30.044,30.725,263978,0
FEMB.US,D,20200331,000000,30.571,31.259,30.571,30.725,266056,0
FEMB.US,D,20200401,000000,30.153,31.123,30.153,30.548,57965,0
FEMB.US,D,20200402,000000,30.298,30.571,30.162,30.369,61323,0
FEMB.US,D,20200403,000000,30.541,30.541,29.754,30.201,59641,0
FEMB.US,D,20200406,000000,30.229,30.278,29.598,30.243,30876,0
FEMB.US,D,20200407,000000,30.551,30.919,30.551,30.919,20372,0
FEMB.US,D,20200408,000000,30.531,31.192,30.531,30.971,29509,0
FEMB.US,D,20200409,000000,30.861,31.551,30.735,31.314,108379,0
FEMB.US,D,20200413,000000,31.152,31.668,31.152,31.551,12684,0
FEMB.US,D,20200414,000000,31.268,31.9,31.268,31.769,23386,0
FEMB.US,D,20200415,000000,31.6,31.872,31.44,31.536,22672,0
FEMB.US,D,20200416,000000,32.048,32.048,31.317,31.482,59733,0
FEMB.US,D,20200417,000000,31.691,32.192,31.318,31.764,119216,0
FEMB.US,D,20200420,000000,31.347,32.084,31.347,31.819,94723,0
FEMB.US,D,20200421,000000,32.086,32.086,31.227,31.305,54189,0
FEMB.US,D,20200422,000000,31.237,31.824,31.237,31.384,91944,0
FEMB.US,D,20200423,000000,31.354,31.569,31.208,31.256,62830,0
FEMB.US,D,20200424,000000,31.433,32.125,30.923,31.07,47364,0
FEMB.US,D,20200427,000000,31.022,31.388,31.022,31.205,51112,0
FEMB.US,D,20200428,000000,31.618,31.618,31.247,31.307,40386,0
FEMB.US,D,20200429,000000,31.285,31.804,31.285,31.735,16994,0
FEMB.US,D,20200430,000000,31.999,32.292,31.853,31.93,59243,0
FEMB.US,D,20200501,000000,31.51,31.94,31.51,31.695,12015,0
FEMB.US,D,20200504,000000,32.096,32.096,31.676,31.804,15146,0
FEMB.US,D,20200505,000000,31.774,32.029,31.774,31.891,52393,0
FEMB.US,D,20200506,000000,32.009,32.009,31.696,31.789,27589,0
FEMB.US,D,20200507,000000,31.715,32.049,31.715,31.969,17115,0
FEMB.US,D,20200508,000000,31.92,32.312,31.92,32.249,16922,0
FEMB.US,D,20200511,000000,32.244,32.409,32.219,32.362,16888,0
FEMB.US,D,20200512,000000,32.254,32.537,32.254,32.274,36987,0
FEMB.US,D,20200513,000000,32.37,32.498,32.009,32.179,32898,0
FEMB.US,D,20200514,000000,31.94,32.439,31.94,32.244,33431,0
FEMB.US,D,20200515,000000,32.039,32.313,32.039,32.175,57196,0
FEMB.US,D,20200518,000000,32.069,32.928,32.069,32.751,42289,0
FEMB.US,D,20200519,000000,32.605,33.034,32.605,32.823,10943,0
FEMB.US,D,20200520,000000,32.849,33.768,32.849,33.362,73949,0
FEMB.US,D,20200521,000000,33.064,33.7,33.064,33.446,49313,0
FEMB.US,D,20200522,000000,33.279,33.514,33.162,33.281,7213,0
FEMB.US,D,20200526,000000,33.797,34.041,32.753,33.797,14381,0
FEMB.US,D,20200527,000000,34.032,34.032,33.856,33.983,20823,0
FEMB.US,D,20200528,000000,33.953,34.404,33.953,34.012,21142,0
FEMB.US,D,20200529,000000,34.217,34.227,33.935,34.051,939509,0
FEMB.US,D,20200601,000000,34.056,34.418,34.056,34.316,52077,0
FEMB.US,D,20200602,000000,34.227,34.681,34.227,34.554,47057,0
FEMB.US,D,20200603,000000,34.941,35.371,34.941,35.254,69384,0
FEMB.US,D,20200604,000000,34.901,35.156,34.901,35.102,25114,0
FEMB.US,D,20200605,000000,35.351,35.351,34.891,35.073,64027,0
FEMB.US,D,20200608,000000,35.274,35.274,35.063,35.214,20877,0
FEMB.US,D,20200609,000000,35.313,35.313,35.059,35.171,52129,0
FEMB.US,D,20200610,000000,35.102,35.234,34.941,35.218,20810,0
FEMB.US,D,20200611,000000,34.599,34.853,34.326,34.394,40092,0
FEMB.US,D,20200612,000000,34.999,34.999,34.002,34.364,53646,0
FEMB.US,D,20200615,000000,34.12,34.599,34.041,34.364,33351,0
FEMB.US,D,20200616,000000,34.629,34.774,34.247,34.271,33998,0
FEMB.US,D,20200617,000000,34.061,34.159,33.836,34.111,29875,0
FEMB.US,D,20200618,000000,33.973,34.002,33.807,33.877,20720,0
FEMB.US,D,20200619,000000,33.905,34.101,33.905,34.063,26102,0
FEMB.US,D,20200622,000000,33.963,34.629,33.963,34.285,14441,0
FEMB.US,D,20200623,000000,34.414,34.452,34.296,34.296,15095,0
FEMB.US,D,20200624,000000,34.188,34.491,34.111,34.174,69491,0
FEMB.US,D,20200625,000000,34.071,34.13,33.796,33.993,34024,0
FEMB.US,D,20200626,000000,33.886,33.935,33.807,33.831,28233,0
FEMB.US,D,20200629,000000,33.935,33.935,33.681,33.773,14510,0
FEMB.US,D,20200630,000000,33.621,33.797,33.426,33.797,246828,0
FEMB.US,D,20200701,000000,33.533,34.159,33.533,34.159,62840,0
FEMB.US,D,20200702,000000,34.188,34.423,34.188,34.237,55942,0
FEMB.US,D,20200706,000000,34.149,34.345,34.149,34.296,26842,0
FEMB.US,D,20200707,000000,34.296,34.296,33.896,33.944,18620,0
FEMB.US,D,20200708,000000,34.208,34.276,33.963,34.022,26368,0
FEMB.US,D,20200709,000000,34.227,34.404,34.091,34.232,8864,0
FEMB.US,D,20200710,000000,34.159,34.461,34.159,34.398,14857,0
FEMB.US,D,20200713,000000,34.541,34.599,34.326,34.384,19635,0
FEMB.US,D,20200714,000000,34.247,34.364,34.217,34.364,24161,0
FEMB.US,D,20200715,000000,34.481,34.676,34.471,34.506,17777,0
FEMB.US,D,20200716,000000,34.345,34.579,34.326,34.352,25464,0
FEMB.US,D,20200717,000000,34.237,34.404,34.217,34.237,24134,0
FEMB.US,D,20200720,000000,34.326,34.491,34.298,34.437,19083,0
FEMB.US,D,20200721,000000,34.521,34.98,34.521,34.903,16868,0
FEMB.US,D,20200722,000000,34.982,35.159,34.968,35.042,24951,0
FEMB.US,D,20200723,000000,35.081,35.081,34.816,34.855,11110,0
FEMB.US,D,20200724,000000,34.846,34.943,34.796,34.796,23091,0
FEMB.US,D,20200727,000000,34.855,35.297,34.855,35.175,20971,0
FEMB.US,D,20200728,000000,35.071,35.326,35.071,35.129,22841,0
FEMB.US,D,20200729,000000,35.11,35.208,35.11,35.198,16590,0
FEMB.US,D,20200730,000000,35.258,35.258,34.887,35.149,12522,0
FEMB.US,D,20200731,000000,35.178,35.178,34.808,34.972,17551,0
FEMB.US,D,20200803,000000,35.062,35.062,34.511,34.652,13758,0
FEMB.US,D,20200804,000000,34.551,35.139,34.501,35.018,26142,0
FEMB.US,D,20200805,000000,35.042,35.042,34.741,34.855,12147,0
FEMB.US,D,20200806,000000,34.757,35.984,34.518,34.697,183214,0
FEMB.US,D,20200807,000000,34.673,34.717,34.501,34.521,146612,0
FEMB.US,D,20200810,000000,34.511,34.604,34.414,34.414,17555,0
FEMB.US,D,20200811,000000,34.394,34.56,34.354,34.354,44682,0
FEMB.US,D,20200812,000000,34.354,34.481,34.267,34.359,16243,0
FEMB.US,D,20200813,000000,34.246,34.461,34.246,34.345,28594,0
FEMB.US,D,20200814,000000,34.481,34.6,34.345,34.4,154484,0
FEMB.US,D,20200817,000000,34.471,34.471,34.148,34.148,14086,0
FEMB.US,D,20200818,000000,34.414,34.972,34.305,34.404,24215,0
FEMB.US,D,20200819,000000,34.295,34.551,34.295,34.521,18517,0
FEMB.US,D,20200820,000000,34.325,34.325,34.109,34.258,84328,0
FEMB.US,D,20200821,000000,34.148,34.148,34.03,34.049,33809,0
FEMB.US,D,20200824,000000,33.981,34.275,33.981,34.168,22315,0
FEMB.US,D,20200825,000000,34.364,34.364,34.039,34.178,15042,0
FEMB.US,D,20200826,000000,34.129,34.236,34.092,34.236,33036,0
FEMB.US,D,20200827,000000,34.305,34.305,34.079,34.154,17477,0
FEMB.US,D,20200828,000000,34.384,34.697,34.384,34.692,22173,0
FEMB.US,D,20200831,000000,34.836,34.836,34.516,34.574,167964,0
FEMB.US,D,20200901,000000,34.913,34.953,34.836,34.861,114938,0
FEMB.US,D,20200902,000000,34.885,34.885,34.757,34.826,28157,0
FEMB.US,D,20200903,000000,34.836,35.012,34.786,34.846,20547,0
FEMB.US,D,20200904,000000,34.85,34.885,34.658,34.831,54568,0
FEMB.US,D,20200908,000000,34.414,34.575,34.414,34.515,26662,0
FEMB.US,D,20200909,000000,34.826,34.846,34.737,34.811,48143,0
FEMB.US,D,20200910,000000,34.875,34.953,34.551,34.551,24032,0
FEMB.US,D,20200911,000000,34.58,34.812,34.452,34.595,53515,0
FEMB.US,D,20200914,000000,34.766,34.933,34.697,34.836,233494,0
FEMB.US,D,20200915,000000,34.913,35.1,34.893,34.972,14846,0
FEMB.US,D,20200916,000000,35.071,35.086,34.903,35.017,46561,0
FEMB.US,D,20200917,000000,34.958,35.139,34.93,35.091,25261,0
FEMB.US,D,20200918,000000,35.169,35.198,34.982,35.004,9116,0
FEMB.US,D,20200921,000000,34.414,34.432,34.216,34.374,35784,0
FEMB.US,D,20200922,000000,34.275,34.486,34.181,34.236,14638,0
FEMB.US,D,20200923,000000,34.099,34.099,33.607,33.617,27432,0
FEMB.US,D,20200924,000000,33.529,33.657,33.369,33.608,42127,0
FEMB.US,D,20200925,000000,33.569,33.598,33.392,33.578,32472,0
FEMB.US,D,20200928,000000,33.5,33.726,33.382,33.617,16666,0
FEMB.US,D,20200929,000000,33.559,33.651,33.456,33.529,165544,0
FEMB.US,D,20200930,000000,33.588,33.647,33.382,33.588,288462,0
FEMB.US,D,20201001,000000,33.863,33.863,33.588,33.734,83801,0
FEMB.US,D,20201002,000000,33.707,33.843,33.569,33.735,62121,0
FEMB.US,D,20201005,000000,33.745,33.814,33.657,33.794,33834,0
FEMB.US,D,20201006,000000,33.814,33.971,33.617,33.679,19998,0
FEMB.US,D,20201007,000000,33.687,33.687,33.569,33.637,27645,0
FEMB.US,D,20201008,000000,33.804,33.853,33.717,33.833,17115,0
FEMB.US,D,20201009,000000,34,34.255,34,34.246,25809,0
FEMB.US,D,20201012,000000,34.255,34.285,34.207,34.261,38135,0
FEMB.US,D,20201013,000000,34.089,34.187,33.981,34.02,28869,0
FEMB.US,D,20201014,000000,34.687,34.687,33.923,33.947,34036,0
FEMB.US,D,20201015,000000,33.853,33.853,33.707,33.77,31535,0
FEMB.US,D,20201016,000000,33.913,33.981,33.883,33.951,30128,0
FEMB.US,D,20201019,000000,34.079,34.089,33.903,33.956,33470,0
FEMB.US,D,20201020,000000,34.069,34.144,33.933,34.104,32055,0
FEMB.US,D,20201021,000000,34.375,34.434,34.266,34.326,24181,0
FEMB.US,D,20201022,000000,34.187,34.227,34.124,34.124,24563,0
FEMB.US,D,20201023,000000,34.237,34.395,34.207,34.346,19221,0
FEMB.US,D,20201026,000000,34.256,34.395,34.227,34.276,17483,0
FEMB.US,D,20201027,000000,34.291,34.355,34.227,34.266,12188,0
FEMB.US,D,20201028,000000,34.059,34.059,33.715,33.748,51568,0
FEMB.US,D,20201029,000000,33.675,33.832,33.66,33.832,10803,0
FEMB.US,D,20201030,000000,33.96,33.96,33.832,33.902,38967,0
FEMB.US,D,20201102,000000,33.872,33.872,33.715,33.783,49145,0
FEMB.US,D,20201103,000000,33.705,34.187,33.705,34.139,26276,0
FEMB.US,D,20201104,000000,34.178,34.492,34.168,34.444,21712,0
FEMB.US,D,20201105,000000,34.839,35.223,34.839,35.223,65942,0
FEMB.US,D,20201106,000000,35.096,35.342,35.026,35.332,42776,0
FEMB.US,D,20201109,000000,35.657,36.061,35.51,35.798,74688,0
FEMB.US,D,20201110,000000,35.607,35.954,35.43,35.737,63219,0
FEMB.US,D,20201111,000000,35.569,35.642,35.342,35.51,39150,0
FEMB.US,D,20201112,000000,35.607,35.607,35.339,35.342,51590,0
FEMB.US,D,20201113,000000,35.45,35.45,35.223,35.322,31531,0
FEMB.US,D,20201116,000000,35.677,35.727,35.579,35.672,54439,0
FEMB.US,D,20201117,000000,35.894,35.894,35.49,35.579,29722,0
FEMB.US,D,20201118,000000,35.627,35.993,35.627,35.727,495520,0
FEMB.US,D,20201119,000000,35.795,36.002,35.692,35.944,108468,0
FEMB.US,D,20201120,000000,35.776,36.218,35.776,36.081,71321,0
FEMB.US,D,20201123,000000,35.983,35.983,35.72,35.795,22546,0
FEMB.US,D,20201124,000000,35.697,35.972,35.697,35.839,22977,0
FEMB.US,D,20201125,000000,36.047,36.288,35.869,36.229,47256,0
FEMB.US,D,20201127,000000,36.209,36.249,36.083,36.19,16547,0
FEMB.US,D,20201130,000000,36.161,36.209,35.954,36.051,19372,0
FEMB.US,D,20201201,000000,36.166,36.378,36.013,36.348,70944,0
FEMB.US,D,20201202,000000,36.298,36.456,36.17,36.341,32380,0
FEMB.US,D,20201203,000000,36.358,36.782,36.358,36.743,77095,0
FEMB.US,D,20201204,000000,36.703,36.85,36.663,36.85,32612,0
FEMB.US,D,20201207,000000,37.023,37.117,36.879,37.06,42763,0
FEMB.US,D,20201208,000000,37.197,37.197,37.02,37.091,38389,0
FEMB.US,D,20201209,000000,37.414,37.414,37.047,37.167,67834,0
FEMB.US,D,20201210,000000,37.097,37.374,37.097,37.344,71684,0
FEMB.US,D,20201211,000000,37.374,37.374,37.161,37.244,36957,0
FEMB.US,D,20201214,000000,37.541,37.541,37.089,37.137,50393,0
FEMB.US,D,20201215,000000,37.424,37.521,37.359,37.404,44943,0
FEMB.US,D,20201216,000000,37.601,37.621,37.434,37.561,18290,0
FEMB.US,D,20201217,000000,38.035,38.035,37.896,38,45474,0
FEMB.US,D,20201218,000000,38.015,38.093,37.975,38.055,37820,0
FEMB.US,D,20201221,000000,37.571,37.853,37.477,37.611,241609,0
FEMB.US,D,20201222,000000,37.631,37.631,37.394,37.451,48885,0
FEMB.US,D,20201223,000000,37.344,37.621,37.344,37.481,34345,0
FEMB.US,D,20201224,000000,37.344,37.626,37.344,37.604,17737,0
FEMB.US,D,20201228,000000,37.541,37.541,37.424,37.444,36291,0
FEMB.US,D,20201229,000000,37.867,37.867,37.497,37.508,27570,0
FEMB.US,D,20201230,000000,37.698,37.788,37.564,37.66,119919,0
FEMB.US,D,20201231,000000,37.848,37.862,37.501,37.541,453264,0
FEMB.US,D,20210104,000000,38.005,38.005,37.471,37.651,154068,0
FEMB.US,D,20210105,000000,37.451,37.621,37.376,37.591,78250,0
FEMB.US,D,20210106,000000,37.631,37.697,37.461,37.559,507953,0
FEMB.US,D,20210107,000000,37.264,37.264,36.989,37.047,33656,0
FEMB.US,D,20210108,000000,37.207,37.207,36.86,37.057,179377,0
FEMB.US,D,20210111,000000,36.604,36.731,36.461,36.525,50978,0
FEMB.US,D,20210112,000000,36.535,37.127,36.535,37.117,88000,0
FEMB.US,D,20210113,000000,37.117,37.394,37.117,37.374,40103,0
FEMB.US,D,20210114,000000,37.127,37.414,37.08,37.394,399351,0
FEMB.US,D,20210115,000000,36.97,37.314,36.97,37.147,81840,0
FEMB.US,D,20210119,000000,37.304,37.344,37.019,37.235,159418,0
FEMB.US,D,20210120,000000,37.157,37.394,37.097,37.334,28239,0
FEMB.US,D,20210121,000000,37.434,37.434,37.206,37.339,33520,0
FEMB.US,D,20210122,000000,37.294,37.294,36.809,36.819,41422,0
FEMB.US,D,20210125,000000,36.66,36.801,36.592,36.7,23539,0
FEMB.US,D,20210126,000000,36.8,37.008,36.8,36.978,16043,0
FEMB.US,D,20210127,000000,36.828,36.828,36.572,36.64,51393,0
FEMB.US,D,20210128,000000,36.582,36.878,36.522,36.592,186813,0
FEMB.US,D,20210129,000000,36.65,36.908,36.65,36.78,358878,0
FEMB.US,D,20210201,000000,36.848,36.877,36.71,36.78,79345,0
FEMB.US,D,20210202,000000,37.036,37.274,36.868,37.038,83902,0
FEMB.US,D,20210203,000000,37.254,37.294,37.081,37.216,149152,0
FEMB.US,D,20210204,000000,37.384,37.384,36.898,36.958,88881,0
FEMB.US,D,20210205,000000,37.186,37.216,37.018,37.155,67573,0
FEMB.US,D,20210208,000000,37.176,37.314,37.146,37.216,109819,0
FEMB.US,D,20210209,000000,37.304,37.339,37.206,37.294,59095,0
FEMB.US,D,20210210,000000,37.622,37.67,37.447,37.472,225029,0
FEMB.US,D,20210211,000000,37.572,37.612,37.324,37.582,112787,0
FEMB.US,D,20210212,000000,37.294,37.582,37.294,37.492,99306,0
FEMB.US,D,20210216,000000,37.334,37.431,37.244,37.344,47317,0
FEMB.US,D,20210217,000000,37.146,37.155,36.908,37.116,73018,0
FEMB.US,D,20210218,000000,37.196,37.196,36.908,37.046,70119,0
FEMB.US,D,20210219,000000,36.988,37.913,36.948,37.018,68666,0
FEMB.US,D,20210222,000000,36.304,36.609,36.175,36.432,80639,0
FEMB.US,D,20210223,000000,36.229,36.69,36.229,36.64,83823,0
FEMB.US,D,20210224,000000,36.79,36.828,36.497,36.828,55229,0
FEMB.US,D,20210225,000000,36.888,38.149,35.858,35.967,103720,0
FEMB.US,D,20210226,000000,35.551,35.551,35.073,35.214,103617,0
FEMB.US,D,20210301,000000,35.868,35.967,35.343,35.62,72858,0
FEMB.US,D,20210302,000000,36.046,36.046,35.454,35.7,168149,0
FEMB.US,D,20210303,000000,35.62,35.62,35.402,35.502,87416,0
FEMB.US,D,20210304,000000,35.571,35.571,35.125,35.125,89221,0
FEMB.US,D,20210305,000000,34.66,35.125,34.56,34.66,51325,0
FEMB.US,D,20210308,000000,34.63,34.798,34.432,34.565,88370,0
FEMB.US,D,20210309,000000,34.66,34.759,34.541,34.699,152208,0
FEMB.US,D,20210310,000000,34.897,35.274,34.897,35.204,340127,0
FEMB.US,D,20210311,000000,35.541,35.918,35.467,35.774,37938,0
FEMB.US,D,20210312,000000,35.412,35.412,35.165,35.239,87801,0
FEMB.US,D,20210315,000000,35.373,35.429,35.224,35.294,22203,0
FEMB.US,D,20210316,000000,35.6,35.6,35.254,35.412,27573,0
FEMB.US,D,20210317,000000,35.096,35.492,34.96,35.472,66087,0
FEMB.US,D,20210318,000000,35.561,35.561,35.274,35.492,59107,0
FEMB.US,D,20210319,000000,35.61,35.64,35.353,35.502,33695,0
FEMB.US,D,20210322,000000,35.502,35.502,35.026,35.115,53274,0
FEMB.US,D,20210323,000000,35.076,35.402,34.67,34.689,33205,0
FEMB.US,D,20210324,000000,34.699,34.797,33.927,34.135,68362,0
FEMB.US,D,20210325,000000,34.352,34.352,33.877,34.006,28365,0
FEMB.US,D,20210326,000000,34.313,34.352,34.022,34.244,26529,0
FEMB.US,D,20210329,000000,34.075,34.172,33.857,34.016,46470,0
FEMB.US,D,20210330,000000,33.758,34.016,33.511,33.53,849499,0
FEMB.US,D,20210331,000000,33.748,34.273,33.729,34.065,202716,0
FEMB.US,D,20210401,000000,34.055,34.481,34.051,34.184,190337,0
FEMB.US,D,20210405,000000,34.224,34.937,34.2,34.253,75377,0
FEMB.US,D,20210406,000000,34.551,34.642,34.154,34.541,140424,0
FEMB.US,D,20210407,000000,34.57,34.878,34.402,34.56,58101,0
FEMB.US,D,20210408,000000,34.759,34.807,34.56,34.699,30157,0
FEMB.US,D,20210409,000000,34.62,34.659,34.511,34.541,109581,0
FEMB.US,D,20210412,000000,34.679,34.679,34.372,34.511,51485,0
FEMB.US,D,20210413,000000,34.461,34.57,34.374,34.471,25155,0
FEMB.US,D,20210414,000000,34.58,34.749,34.534,34.749,25305,0
FEMB.US,D,20210415,000000,34.917,34.976,34.803,34.976,32003,0
FEMB.US,D,20210416,000000,34.868,35.194,34.768,34.986,43809,0
FEMB.US,D,20210419,000000,35.184,35.412,34.88,35.264,254902,0
FEMB.US,D,20210420,000000,35.046,35.363,35.016,35.073,170278,0
FEMB.US,D,20210421,000000,35.086,35.086,34.727,34.899,185765,0
FEMB.US,D,20210422,000000,34.916,35.215,34.767,34.829,87132,0
FEMB.US,D,20210423,000000,35.167,35.18,34.777,34.894,42459,0
FEMB.US,D,20210426,000000,34.837,35.046,34.837,34.896,70242,0
FEMB.US,D,20210427,000000,34.837,34.837,34.653,34.702,35165,0
FEMB.US,D,20210428,000000,34.757,35.096,34.727,34.951,57994,0
FEMB.US,D,20210429,000000,34.807,35.096,34.807,35.041,67832,0
FEMB.US,D,20210430,000000,35.135,35.135,34.638,34.663,27889,0
FEMB.US,D,20210503,000000,34.538,34.707,34.481,34.613,201049,0
FEMB.US,D,20210504,000000,34.468,34.677,34.429,34.533,30889,0
FEMB.US,D,20210505,000000,34.568,34.757,34.558,34.638,150314,0
FEMB.US,D,20210506,000000,34.867,35.175,34.787,35.001,46813,0
FEMB.US,D,20210507,000000,35.215,35.623,35.215,35.623,22277,0
FEMB.US,D,20210510,000000,35.424,35.683,35.255,35.424,34434,0
FEMB.US,D,20210511,000000,35.185,35.633,35.185,35.414,51416,0
FEMB.US,D,20210512,000000,35.076,35.434,34.896,34.956,110955,0
FEMB.US,D,20210513,000000,34.996,35.046,34.687,34.966,30994,0
FEMB.US,D,20210514,000000,35.324,35.364,35.153,35.314,19597,0
FEMB.US,D,20210517,000000,35.185,35.404,35.185,35.374,23397,0
FEMB.US,D,20210518,000000,35.484,35.484,35.314,35.464,16166,0
FEMB.US,D,20210519,000000,35.205,35.504,35.119,35.444,37362,0
FEMB.US,D,20210520,000000,35.175,35.374,35.155,35.364,26419,0
FEMB.US,D,20210521,000000,35.235,35.504,35.032,35.036,29562,0
FEMB.US,D,20210524,000000,35.066,35.303,35.016,35.026,57241,0
FEMB.US,D,20210525,000000,34.956,35.314,34.95,35.175,23307,0
FEMB.US,D,20210526,000000,35.096,35.394,35.059,35.195,61080,0
FEMB.US,D,20210527,000000,35.145,35.394,35.066,35.115,160010,0
FEMB.US,D,20210528,000000,35.285,35.464,35.285,35.394,47725,0
FEMB.US,D,20210601,000000,35.553,35.673,35.464,35.553,31021,0
FEMB.US,D,20210602,000000,35.504,35.673,35.464,35.663,85479,0
FEMB.US,D,20210603,000000,35.693,35.822,35.573,35.653,44056,0
FEMB.US,D,20210604,000000,35.961,35.961,35.646,35.862,83351,0
FEMB.US,D,20210607,000000,35.713,36.141,35.713,36.031,41290,0
FEMB.US,D,20210608,000000,35.981,36.101,35.882,36.011,77702,0
FEMB.US,D,20210609,000000,36.131,36.131,35.872,35.882,29082,0
FEMB.US,D,20210610,000000,35.932,36.069,35.882,36.046,29329,0
FEMB.US,D,20210611,000000,35.942,35.991,35.739,35.782,21088,0
FEMB.US,D,20210614,000000,35.912,35.912,35.514,35.683,19275,0
FEMB.US,D,20210615,000000,35.553,35.593,35.334,35.459,32580,0
FEMB.US,D,20210616,000000,35.653,35.653,35.125,35.145,56756,0
FEMB.US,D,20210617,000000,34.946,34.946,34.761,34.847,32876,0
FEMB.US,D,20210618,000000,35.096,35.096,34.453,34.548,24687,0
FEMB.US,D,20210621,000000,34.598,34.727,34.548,34.684,31761,0
FEMB.US,D,20210622,000000,34.787,34.857,34.528,34.777,25383,0
FEMB.US,D,20210623,000000,34.867,35.185,34.737,34.877,37085,0
FEMB.US,D,20210624,000000,34.847,34.966,34.668,34.827,54838,0
FEMB.US,D,20210625,000000,34.986,35.086,34.769,34.827,41909,0
FEMB.US,D,20210628,000000,34.747,34.986,34.518,34.946,28945,0
FEMB.US,D,20210629,000000,34.956,35.022,34.61,34.946,68679,0
FEMB.US,D,20210630,000000,34.936,34.986,34.638,34.668,143811,0
FEMB.US,D,20210701,000000,34.936,35.056,34.518,34.618,40111,0
FEMB.US,D,20210702,000000,34.737,34.787,34.479,34.687,132250,0
FEMB.US,D,20210706,000000,34.508,34.633,34.282,34.282,17679,0
FEMB.US,D,20210707,000000,34.528,34.528,33.941,34.05,213391,0
FEMB.US,D,20210708,000000,33.782,34.359,33.782,34.289,84025,0
FEMB.US,D,20210709,000000,34.379,34.578,34.14,34.409,113611,0
FEMB.US,D,20210712,000000,34.498,34.498,34.232,34.409,25557,0
FEMB.US,D,20210713,000000,34.349,34.359,34.05,34.2,41285,0
FEMB.US,D,20210714,000000,34.24,34.369,34.16,34.22,68399,0
FEMB.US,D,20210715,000000,34.439,34.528,34.19,34.439,280107,0
FEMB.US,D,20210716,000000,34.369,34.618,34.339,34.339,22170,0
FEMB.US,D,20210719,000000,34.339,34.437,34.05,34.279,38527,0
FEMB.US,D,20210720,000000,34.319,34.319,34.04,34.14,53029,0
FEMB.US,D,20210721,000000,34.17,34.3399,34.14,34.3,22799,0
FEMB.US,D,20210722,000000,34.39,34.57,34.24,34.4,29732,0
FEMB.US,D,20210723,000000,34.31,34.5499,34.16,34.16,24051,0
FEMB.US,D,20210726,000000,34.02,34.3,34.02,34.1635,36460,0
FEMB.US,D,20210727,000000,34.22,34.49,34.1927,34.38,39712,0
FEMB.US,D,20210728,000000,34.22,34.41,34.0478,34.35,40098,0
FEMB.US,D,20210729,000000,34.62,34.72,34.5119,34.64,37120,0
FEMB.US,D,20210730,000000,34.45,34.73,34.26,34.3122,29580,0
FEMB.US,D,20210802,000000,34.47,34.48,34.23,34.25,36386,0
FEMB.US,D,20210803,000000,34.16,34.51,34.1153,34.45,41757,0
FEMB.US,D,20210804,000000,34.51,34.7,34.21,34.3,59674,0
FEMB.US,D,20210805,000000,34.43,34.65,34.12,34.205,21284,0
FEMB.US,D,20210806,000000,33.95,33.98,33.67,33.77,26237,0
FEMB.US,D,20210809,000000,33.75,34.14,33.67,33.67,31174,0
FEMB.US,D,20210810,000000,33.69,34,33.67,33.75,60853,0
FEMB.US,D,20210811,000000,34.05,34.0696,33.67,33.93,27145,0
FEMB.US,D,20210812,000000,33.86,34.0128,33.86,33.875,19287,0
FEMB.US,D,20210813,000000,33.81,34.05,33.81,34.03,13185,0
FEMB.US,D,20210816,000000,34.02,34.02,33.82,33.89,24309,0
FEMB.US,D,20210817,000000,33.7,33.8499,33.61,33.67,33916,0
FEMB.US,D,20210818,000000,33.63,33.88,33.63,33.66,27300,0
FEMB.US,D,20210819,000000,33.5,33.5499,33.26,33.35,27237,0
FEMB.US,D,20210820,000000,33.31,33.51,33.3001,33.44,22549,0
FEMB.US,D,20210823,000000,33.6,33.64,33.4001,33.62,17487,0
FEMB.US,D,20210824,000000,33.5,33.63,33.405,33.63,28416,0
FEMB.US,D,20210825,000000,33.61,33.71,33.5404,33.67,28248,0
FEMB.US,D,20210826,000000,33.75,34.28,33.5901,33.645,26845,0
FEMB.US,D,20210827,000000,33.76,34.01,33.6301,33.99,30634,0
FEMB.US,D,20210830,000000,33.88,34.17,33.88,34.15,22753,0
FEMB.US,D,20210831,000000,34.27,34.42,34.27,34.32,34883,0
FEMB.US,D,20210901,000000,34.37,34.48,34.36,34.41,24370,0
