<TICKER>,<PER>,<DATE>,<TIME>,<OPEN>,<HIGH>,<LOW>,<CLOSE>,<VOL>,<OPENINT>
FICS.US,D,20201217,000000,30.651,30.651,30.64,30.641,1006,0
FICS.US,D,20201218,000000,30.586,30.586,30.579,30.579,534,0
FICS.US,D,20201221,000000,29.952,30.335,29.952,30.335,341,0
FICS.US,D,20201222,000000,30.291,30.371,30.271,30.348,4507,0
FICS.US,D,20201223,000000,30.491,30.501,30.481,30.481,1048,0
FICS.US,D,20201229,000000,31.049,31.05,31.013,31.013,517,0
FICS.US,D,20201230,000000,31.127,31.127,30.992,30.992,665,0
FICS.US,D,20201231,000000,30.89,30.95,30.881,30.896,4139,0
FICS.US,D,20210105,000000,31.398,31.398,31.37,31.39,3914,0
FICS.US,D,20210106,000000,31.17,31.429,31.17,31.429,592,0
FICS.US,D,20210107,000000,31.349,31.349,31.312,31.312,834,0
FICS.US,D,20210111,000000,31.409,31.409,31.35,31.35,2507,0
FICS.US,D,20210112,000000,31.36,31.511,31.347,31.511,1206,0
FICS.US,D,20210113,000000,31.469,31.539,31.429,31.429,752,0
FICS.US,D,20210114,000000,31.599,31.599,31.555,31.555,521,0
FICS.US,D,20210115,000000,31.3,31.3,31.227,31.227,347,0
FICS.US,D,20210119,000000,31.439,31.448,31.423,31.433,913,0
FICS.US,D,20210120,000000,31.499,31.539,31.499,31.539,1703,0
FICS.US,D,20210121,000000,31.599,31.659,31.559,31.659,625,0
FICS.US,D,20210122,000000,31.659,31.739,31.599,31.617,2569,0
FICS.US,D,20210125,000000,31.678,31.679,31.658,31.672,855,0
FICS.US,D,20210127,000000,31.12,31.24,30.99,30.99,1382,0
FICS.US,D,20210128,000000,31.169,31.34,31.16,31.2,7946,0
FICS.US,D,20210129,000000,30.87,30.87,30.401,30.477,1502,0
FICS.US,D,20210201,000000,30.81,30.81,30.81,30.81,235,0
FICS.US,D,20210202,000000,31.13,31.265,31.13,31.265,1538,0
FICS.US,D,20210203,000000,31.295,31.295,31.291,31.291,100,0
FICS.US,D,20210204,000000,30.99,31.19,30.99,31.176,1903,0
FICS.US,D,20210205,000000,31.29,31.29,31.25,31.25,330,0
FICS.US,D,20210209,000000,31.559,31.559,31.559,31.559,198,0
FICS.US,D,20210210,000000,31.539,31.619,31.53,31.53,3467,0
FICS.US,D,20210212,000000,31.992,32.073,31.992,32.073,617,0
FICS.US,D,20210216,000000,32.308,32.318,32.308,32.318,352,0
FICS.US,D,20210217,000000,31.889,31.969,31.889,31.969,447,0
FICS.US,D,20210218,000000,31.778,31.972,31.778,31.972,3656,0
FICS.US,D,20210222,000000,31.848,31.849,31.848,31.849,1002,0
FICS.US,D,20210223,000000,31.499,31.574,31.499,31.574,4050,0
FICS.US,D,20210224,000000,31.3,31.469,31.3,31.469,2664,0
FICS.US,D,20210226,000000,30.621,30.621,30.471,30.471,161,0
FICS.US,D,20210301,000000,31.049,31.049,30.996,30.996,1384,0
FICS.US,D,20210302,000000,31.11,31.11,31.11,31.11,347,0
FICS.US,D,20210303,000000,30.91,30.91,30.731,30.731,523,0
FICS.US,D,20210305,000000,30.216,30.314,30.216,30.314,299,0
FICS.US,D,20210308,000000,30.191,30.191,30.013,30.013,1292,0
FICS.US,D,20210310,000000,30.721,30.777,30.671,30.777,515,0
FICS.US,D,20210311,000000,31.17,31.17,31.11,31.11,1673,0
FICS.US,D,20210312,000000,31.03,31.171,31.03,31.171,1516,0
FICS.US,D,20210316,000000,31.519,31.519,31.479,31.479,1749,0
FICS.US,D,20210318,000000,31.408,31.409,31.189,31.189,741,0
FICS.US,D,20210319,000000,31.2,31.222,31.2,31.222,1441,0
FICS.US,D,20210322,000000,31.559,31.559,31.48,31.48,9786,0
FICS.US,D,20210324,000000,31.199,31.199,31.08,31.08,287,0
FICS.US,D,20210325,000000,31.2,31.2,31.2,31.2,263,0
FICS.US,D,20210326,000000,31.57,31.57,31.57,31.57,180,0
FICS.US,D,20210330,000000,31.57,31.57,31.52,31.5216,795,0
FICS.US,D,20210331,000000,31.63,31.63,31.53,31.53,1084,0
FICS.US,D,20210401,000000,32.01,32.01,32.01,32.01,293,0
FICS.US,D,20210405,000000,32.38,32.6075,32.38,32.6075,1011,0
FICS.US,D,20210406,000000,32.32,32.32,32.22,32.2393,1759,0
FICS.US,D,20210407,000000,32.15,32.22,32.15,32.22,432,0
FICS.US,D,20210409,000000,32.78,32.78,32.78,32.78,330,0
FICS.US,D,20210412,000000,32.75,32.75,32.71,32.71,841,0
FICS.US,D,20210414,000000,32.8896,32.8896,32.8703,32.8703,460,0
FICS.US,D,20210415,000000,33.12,33.12,33.12,33.12,100,0
FICS.US,D,20210416,000000,33.31,33.35,33.31,33.35,961,0
FICS.US,D,20210419,000000,33.49,33.49,33.25,33.25,680,0
FICS.US,D,20210420,000000,32.81,32.919,32.81,32.8664,430,0
FICS.US,D,20210423,000000,33.29,33.3555,33.29,33.3555,790,0
FICS.US,D,20210427,000000,33.06,33.1,33.06,33.0804,3226,0
FICS.US,D,20210428,000000,33,33.07,33,33.0537,1315,0
FICS.US,D,20210429,000000,33.01,33.01,32.94,32.94,602,0
FICS.US,D,20210503,000000,32.95,32.95,32.95,32.95,201,0
FICS.US,D,20210504,000000,32.52,32.529,32.52,32.529,716,0
FICS.US,D,20210512,000000,32.53,32.53,32.495,32.495,3820,0
FICS.US,D,20210513,000000,32.72,32.8485,32.72,32.8485,3492,0
FICS.US,D,20210514,000000,33.169,33.26,33.169,33.26,576,0
FICS.US,D,20210517,000000,33.3,33.308,33.3,33.308,152,0
FICS.US,D,20210520,000000,33.86,33.86,33.86,33.86,170,0
FICS.US,D,20210521,000000,33.9999,34.039,33.88,33.9531,2570,0
FICS.US,D,20210525,000000,34.23,34.2496,34.22,34.2464,1058,0
FICS.US,D,20210526,000000,34.3232,34.3232,34.2243,34.2243,749,0
FICS.US,D,20210527,000000,34.29,34.29,34.24,34.24,525,0
FICS.US,D,20210528,000000,34.272,34.295,34.272,34.295,635,0
FICS.US,D,20210601,000000,34.45,34.45,34.45,34.45,127,0
FICS.US,D,20210602,000000,34.2,34.245,34.2,34.245,2189,0
FICS.US,D,20210604,000000,34.48,34.48,34.48,34.48,156,0
FICS.US,D,20210607,000000,34.525,34.5579,34.525,34.5579,1035,0
FICS.US,D,20210608,000000,34.62,34.62,34.62,34.62,301,0
FICS.US,D,20210610,000000,34.64,34.73,34.64,34.6756,1918,0
FICS.US,D,20210611,000000,34.7,34.7,34.7,34.7,231,0
FICS.US,D,20210614,000000,34.769,34.8411,34.752,34.8411,886,0
FICS.US,D,20210616,000000,35.0499,35.0499,34.7356,34.7356,185,0
FICS.US,D,20210617,000000,34.65,34.65,34.5299,34.5432,4435,0
FICS.US,D,20210618,000000,34.09,34.24,34.09,34.24,315,0
FICS.US,D,20210622,000000,34.68,34.7101,34.68,34.7101,200,0
FICS.US,D,20210623,000000,34.489,34.51,34.4247,34.4247,617,0
FICS.US,D,20210625,000000,34.54,34.59,34.54,34.59,2410,0
FICS.US,D,20210628,000000,34.52,34.5473,34.51,34.5473,1822,0
FICS.US,D,20210701,000000,34.49,34.52,34.49,34.52,1489,0
FICS.US,D,20210702,000000,34.53,34.689,34.53,34.689,2110,0
FICS.US,D,20210706,000000,34.68,34.68,34.5372,34.5372,3450,0
FICS.US,D,20210707,000000,34.849,34.975,34.849,34.9086,1201,0
FICS.US,D,20210708,000000,34.37,34.58,34.37,34.49,934,0
FICS.US,D,20210709,000000,34.799,34.86,34.799,34.805,2924,0
FICS.US,D,20210713,000000,34.98,35.0055,34.98,35.0055,1440,0
FICS.US,D,20210714,000000,35.17,35.17,35.1231,35.1231,365,0
FICS.US,D,20210715,000000,34.78,34.8665,34.78,34.8665,100,0
FICS.US,D,20210716,000000,34.8598,34.8598,34.6813,34.6813,1388,0
FICS.US,D,20210719,000000,34.33,34.33,34.3182,34.3182,2380,0
FICS.US,D,20210720,000000,34.56,34.6282,34.56,34.6282,586,0
FICS.US,D,20210721,000000,34.78,34.9409,34.78,34.9409,6755,0
FICS.US,D,20210722,000000,35.02,35.04,34.925,34.9694,10294,0
FICS.US,D,20210723,000000,35.38,35.42,35.38,35.385,4140,0
FICS.US,D,20210726,000000,35.18,35.23,35.18,35.23,559,0
FICS.US,D,20210727,000000,35.13,35.1723,35.125,35.1723,1712,0
FICS.US,D,20210728,000000,35.08,35.31,35.08,35.2726,9962,0
FICS.US,D,20210729,000000,35.615,35.66,35.5835,35.5835,5046,0
FICS.US,D,20210730,000000,35.56,35.56,35.432,35.4743,19656,0
FICS.US,D,20210803,000000,35.85,35.8508,35.85,35.8508,610,0
FICS.US,D,20210804,000000,35.87,35.87,35.8409,35.8409,1044,0
FICS.US,D,20210805,000000,36.139,36.139,36.1158,36.1158,148,0
FICS.US,D,20210806,000000,35.97,35.97,35.859,35.86,960,0
FICS.US,D,20210810,000000,35.8799,35.89,35.8,35.8477,6361,0
FICS.US,D,20210811,000000,36.05,36.08,35.985,36.0497,6074,0
FICS.US,D,20210812,000000,36.108,36.1258,36.108,36.1258,506,0
FICS.US,D,20210813,000000,36.33,36.3944,36.33,36.3944,345,0
FICS.US,D,20210816,000000,36.085,36.2085,36.08,36.2085,1253,0
FICS.US,D,20210817,000000,36.04,36.1088,36.04,36.1088,480,0
FICS.US,D,20210818,000000,36.04,36.12,35.95,35.95,4499,0
FICS.US,D,20210819,000000,35.57,35.78,35.57,35.78,4353,0
FICS.US,D,20210820,000000,35.81,35.9882,35.81,35.9882,2841,0
FICS.US,D,20210823,000000,36.2099,36.23,36.17,36.17,1203,0
FICS.US,D,20210824,000000,36.17,36.2,36.17,36.19,3175,0
FICS.US,D,20210825,000000,35.98,36.119,35.98,36.09,5621,0
FICS.US,D,20210826,000000,35.91,36,35.8936,35.8936,5828,0
FICS.US,D,20210827,000000,35.972,36.24,35.972,36.23,2828,0
FICS.US,D,20210830,000000,36.26,36.292,36.2599,36.2603,1723,0
FICS.US,D,20210831,000000,36.229,36.23,36.2,36.2003,1849,0
FICS.US,D,20210901,000000,36.552,36.552,36.4792,36.4792,432,0
