<TICKER>,<PER>,<DATE>,<TIME>,<OPEN>,<HIGH>,<LOW>,<CLOSE>,<VOL>,<OPENINT>
FINX.US,D,20160915,000000,15.223,15.225,15.223,15.225,200,0
FINX.US,D,20160919,000000,15.196,15.206,15.181,15.196,4335,0
FINX.US,D,20160920,000000,15.076,15.076,15.076,15.076,531,0
FINX.US,D,20160921,000000,15.046,15.046,15.036,15.036,220,0
FINX.US,D,20160922,000000,15.316,15.316,15.316,15.316,1000,0
FINX.US,D,20160923,000000,15.416,15.416,15.258,15.286,4391,0
FINX.US,D,20160929,000000,15.436,15.456,15.336,15.336,4780,0
FINX.US,D,20160930,000000,15.386,15.425,15.386,15.425,450,0
FINX.US,D,20161003,000000,15.536,15.536,15.473,15.516,1340,0
FINX.US,D,20161004,000000,15.43,15.43,15.43,15.43,196,0
FINX.US,D,20161005,000000,15.516,15.516,15.46,15.46,872,0
FINX.US,D,20161006,000000,15.516,15.516,15.366,15.446,1642,0
FINX.US,D,20161007,000000,15.306,15.306,15.246,15.246,200,0
FINX.US,D,20161010,000000,15.336,15.336,15.319,15.319,400,0
FINX.US,D,20161011,000000,15.311,15.311,15.046,15.046,1679,0
FINX.US,D,20161012,000000,14.996,15.106,14.996,15.106,890,0
FINX.US,D,20161013,000000,14.996,14.996,14.986,14.996,6114,0
FINX.US,D,20161018,000000,14.996,14.996,14.996,14.996,100,0
FINX.US,D,20161025,000000,15.186,15.186,15.086,15.086,2661,0
FINX.US,D,20161028,000000,14.853,14.853,14.846,14.846,200,0
FINX.US,D,20161101,000000,14.836,14.846,14.756,14.756,7564,0
FINX.US,D,20161102,000000,14.656,14.656,14.586,14.586,203,0
FINX.US,D,20161104,000000,14.586,14.586,14.547,14.547,400,0
FINX.US,D,20161107,000000,15.036,15.056,15.036,15.056,368,0
FINX.US,D,20161109,000000,14.932,14.983,14.932,14.983,398,0
FINX.US,D,20161111,000000,14.756,14.886,14.756,14.886,6846,0
FINX.US,D,20161114,000000,14.976,14.976,14.796,14.842,2209,0
FINX.US,D,20161115,000000,14.846,14.846,14.846,14.846,1000,0
FINX.US,D,20161116,000000,14.974,14.996,14.944,14.944,2596,0
FINX.US,D,20161117,000000,15.071,15.126,15.066,15.096,2385,0
FINX.US,D,20161118,000000,15.196,15.196,15.196,15.196,338,0
FINX.US,D,20161121,000000,15.126,15.136,15.126,15.136,685,0
FINX.US,D,20161122,000000,15.215,15.236,15.215,15.236,1510,0
FINX.US,D,20161123,000000,15.226,15.226,15.226,15.226,1323,0
FINX.US,D,20161125,000000,15.396,15.396,15.186,15.266,749,0
FINX.US,D,20161128,000000,15.186,15.186,15.156,15.156,205,0
FINX.US,D,20161129,000000,15.236,15.236,15.156,15.156,1237,0
FINX.US,D,20161130,000000,15.046,15.061,14.976,14.986,505,0
FINX.US,D,20161201,000000,14.846,14.846,14.626,14.626,1610,0
FINX.US,D,20161202,000000,14.566,14.566,14.526,14.526,533,0
FINX.US,D,20161205,000000,14.756,14.786,14.711,14.711,1374,0
FINX.US,D,20161206,000000,14.756,14.756,14.544,14.544,960,0
FINX.US,D,20161207,000000,14.576,14.796,14.576,14.796,1288,0
FINX.US,D,20161208,000000,14.796,14.796,14.796,14.796,100,0
FINX.US,D,20161212,000000,14.796,14.796,14.776,14.776,1513,0
FINX.US,D,20161213,000000,14.706,14.706,14.696,14.696,755,0
FINX.US,D,20161214,000000,14.688,14.688,14.688,14.688,172,0
FINX.US,D,20161215,000000,14.756,14.756,14.735,14.756,500,0
FINX.US,D,20161219,000000,14.646,14.686,14.586,14.586,4757,0
FINX.US,D,20161220,000000,14.696,14.696,14.665,14.665,300,0
FINX.US,D,20161223,000000,14.634,14.634,14.634,14.634,320,0
FINX.US,D,20161227,000000,14.742,14.751,14.742,14.751,685,0
FINX.US,D,20161228,000000,14.706,14.706,14.665,14.665,841,0
FINX.US,D,20161229,000000,14.796,14.796,14.65,14.65,1963,0
FINX.US,D,20170103,000000,14.746,14.806,14.746,14.775,820,0
FINX.US,D,20170104,000000,14.846,14.846,14.837,14.846,1600,0
FINX.US,D,20170105,000000,15.034,15.034,15.016,15.016,400,0
FINX.US,D,20170106,000000,15.056,15.085,15.049,15.085,868,0
FINX.US,D,20170109,000000,15.041,15.041,15.041,15.041,341,0
FINX.US,D,20170110,000000,15.196,15.226,15.196,15.226,1010,0
FINX.US,D,20170111,000000,15.246,15.246,15.106,15.106,683,0
FINX.US,D,20170113,000000,15.259,15.326,15.259,15.306,2152,0
FINX.US,D,20170117,000000,15.16,15.16,15.106,15.106,253,0
FINX.US,D,20170119,000000,15.195,15.256,15.192,15.256,685,0
FINX.US,D,20170120,000000,15.276,15.276,15.225,15.225,1200,0
FINX.US,D,20170123,000000,15.336,15.336,15.233,15.233,381,0
FINX.US,D,20170124,000000,15.246,15.313,15.246,15.313,533,0
FINX.US,D,20170125,000000,15.426,15.436,15.426,15.436,345,0
FINX.US,D,20170126,000000,15.436,15.436,15.396,15.396,394,0
FINX.US,D,20170127,000000,15.446,15.446,15.301,15.425,1329,0
FINX.US,D,20170130,000000,15.236,15.286,15.185,15.286,5011,0
FINX.US,D,20170131,000000,15.276,15.306,15.246,15.276,1054,0
FINX.US,D,20170201,000000,15.286,15.386,15.277,15.296,3270,0
FINX.US,D,20170202,000000,15.552,15.552,15.474,15.474,722,0
FINX.US,D,20170206,000000,15.524,15.526,15.506,15.526,2204,0
FINX.US,D,20170208,000000,15.496,15.536,15.391,15.535,1043,0
FINX.US,D,20170209,000000,15.546,15.591,15.436,15.591,1817,0
FINX.US,D,20170210,000000,15.696,15.696,15.696,15.696,486,0
FINX.US,D,20170213,000000,15.926,15.926,15.846,15.846,835,0
FINX.US,D,20170214,000000,15.746,15.826,15.735,15.826,3210,0
FINX.US,D,20170215,000000,15.656,15.786,15.656,15.786,3656,0
FINX.US,D,20170216,000000,15.796,15.796,15.746,15.76,1772,0
FINX.US,D,20170217,000000,15.709,15.796,15.709,15.796,2207,0
FINX.US,D,20170221,000000,15.806,15.861,15.796,15.861,594,0
FINX.US,D,20170222,000000,15.786,15.936,15.786,15.899,2416,0
FINX.US,D,20170223,000000,15.909,16.046,15.909,15.974,2330,0
FINX.US,D,20170224,000000,15.956,15.956,15.846,15.943,768,0
FINX.US,D,20170227,000000,16.023,16.023,16.023,16.023,100,0
FINX.US,D,20170228,000000,16.096,16.096,15.996,15.996,908,0
FINX.US,D,20170301,000000,15.996,16.021,15.964,16.021,2249,0
FINX.US,D,20170302,000000,15.996,15.996,15.936,15.936,709,0
FINX.US,D,20170303,000000,15.976,15.996,15.918,15.918,418,0
FINX.US,D,20170306,000000,16.106,16.106,15.986,16.053,2292,0
FINX.US,D,20170307,000000,16.136,16.136,15.995,16.055,5420,0
FINX.US,D,20170308,000000,16.096,16.096,16.061,16.061,570,0
FINX.US,D,20170309,000000,15.966,16.016,15.956,15.96,1638,0
FINX.US,D,20170313,000000,16.246,16.246,16.167,16.216,2022,0
FINX.US,D,20170314,000000,16.146,16.206,16.066,16.206,45142,0
FINX.US,D,20170315,000000,16.266,16.266,16.265,16.265,507,0
FINX.US,D,20170316,000000,16.496,16.496,16.396,16.401,1216,0
FINX.US,D,20170317,000000,16.466,16.466,16.386,16.386,8123,0
FINX.US,D,20170320,000000,16.406,16.406,16.256,16.276,1472,0
FINX.US,D,20170321,000000,15.996,15.996,15.95,15.95,1183,0
FINX.US,D,20170322,000000,15.926,15.926,15.886,15.886,381,0
FINX.US,D,20170323,000000,15.886,16.036,15.886,16.036,1653,0
FINX.US,D,20170324,000000,16.116,16.116,16.106,16.106,417,0
FINX.US,D,20170327,000000,15.996,16.076,15.846,16.076,1644,0
FINX.US,D,20170328,000000,16.056,16.176,16.056,16.176,1242,0
FINX.US,D,20170329,000000,16.096,16.186,16.066,16.186,1705,0
FINX.US,D,20170330,000000,16.256,16.256,16.196,16.256,5550,0
FINX.US,D,20170331,000000,16.143,16.276,16.143,16.276,4129,0
FINX.US,D,20170403,000000,16.316,16.316,16.066,16.144,3024,0
FINX.US,D,20170404,000000,16.126,16.146,16.126,16.146,217,0
FINX.US,D,20170405,000000,16.141,16.169,16.056,16.096,3310,0
FINX.US,D,20170406,000000,16.108,16.108,16.108,16.108,928,0
FINX.US,D,20170407,000000,16.176,16.176,16.106,16.156,1121,0
FINX.US,D,20170410,000000,16.256,16.256,16.206,16.246,3307,0
FINX.US,D,20170411,000000,16.206,16.236,16.206,16.236,565,0
FINX.US,D,20170412,000000,16.246,16.246,16.193,16.193,1536,0
FINX.US,D,20170413,000000,16.236,16.236,16.166,16.167,903,0
FINX.US,D,20170417,000000,16.176,16.196,16.164,16.189,1388,0
FINX.US,D,20170418,000000,16.226,16.291,16.216,16.291,2892,0
FINX.US,D,20170420,000000,16.426,16.486,16.426,16.436,2112,0
FINX.US,D,20170421,000000,16.536,16.556,16.506,16.535,1431,0
FINX.US,D,20170424,000000,16.775,16.795,16.755,16.795,3325,0
FINX.US,D,20170425,000000,16.936,16.955,16.936,16.936,2302,0
FINX.US,D,20170426,000000,16.945,16.945,16.905,16.905,918,0
FINX.US,D,20170427,000000,17.145,17.175,17.108,17.175,8578,0
FINX.US,D,20170428,000000,17.185,17.185,16.995,17.095,4931,0
FINX.US,D,20170501,000000,17.215,17.235,17.205,17.23,4164,0
FINX.US,D,20170502,000000,17.355,17.355,17.215,17.275,3383,0
FINX.US,D,20170503,000000,17.245,17.245,17.045,17.095,4923,0
FINX.US,D,20170504,000000,17.365,17.385,17.31,17.349,3347,0
FINX.US,D,20170505,000000,17.297,17.405,17.235,17.405,4760,0
FINX.US,D,20170508,000000,17.455,17.455,17.305,17.355,6182,0
FINX.US,D,20170509,000000,17.395,17.395,17.29,17.335,4536,0
FINX.US,D,20170510,000000,17.435,17.475,17.365,17.435,8777,0
FINX.US,D,20170511,000000,17.995,17.995,17.341,17.341,9238,0
FINX.US,D,20170512,000000,17.345,17.373,17.323,17.323,1292,0
FINX.US,D,20170515,000000,17.415,17.525,17.415,17.515,5768,0
FINX.US,D,20170516,000000,17.555,17.628,17.53,17.628,70034,0
FINX.US,D,20170517,000000,17.505,17.505,17.133,17.133,18195,0
FINX.US,D,20170518,000000,17.245,17.245,17.184,17.206,2158,0
FINX.US,D,20170519,000000,17.495,17.515,17.495,17.505,3592,0
FINX.US,D,20170522,000000,17.585,17.645,17.54,17.645,6795,0
FINX.US,D,20170523,000000,17.755,17.755,17.635,17.675,3888,0
FINX.US,D,20170524,000000,17.835,17.865,17.76,17.865,9110,0
FINX.US,D,20170525,000000,18.005,18.033,17.945,17.985,16446,0
FINX.US,D,20170526,000000,18.045,18.045,17.905,17.922,20483,0
FINX.US,D,20170530,000000,17.985,17.985,17.915,17.945,8376,0
FINX.US,D,20170531,000000,17.925,18.085,17.925,18.085,6170,0
FINX.US,D,20170601,000000,18.195,18.375,18.165,18.375,3792,0
FINX.US,D,20170602,000000,18.435,18.515,18.365,18.505,14484,0
FINX.US,D,20170605,000000,18.545,18.565,18.465,18.555,104660,0
FINX.US,D,20170606,000000,18.545,18.565,18.495,18.505,9194,0
FINX.US,D,20170607,000000,18.575,18.585,18.475,18.575,10329,0
FINX.US,D,20170608,000000,18.591,18.625,18.535,18.625,9103,0
FINX.US,D,20170609,000000,18.735,18.781,18.345,18.345,20006,0
FINX.US,D,20170612,000000,18.275,18.275,17.895,18.065,15595,0
FINX.US,D,20170613,000000,18.275,18.405,18.215,18.315,20324,0
FINX.US,D,20170614,000000,18.485,18.495,18.268,18.375,17019,0
FINX.US,D,20170615,000000,18.185,18.311,18.075,18.311,11680,0
FINX.US,D,20170616,000000,18.395,18.398,18.327,18.345,9998,0
FINX.US,D,20170619,000000,18.445,18.575,18.435,18.575,8979,0
FINX.US,D,20170620,000000,18.635,18.635,18.445,18.445,6457,0
FINX.US,D,20170621,000000,18.445,18.525,18.445,18.525,1485,0
FINX.US,D,20170622,000000,18.585,18.625,18.466,18.615,13943,0
FINX.US,D,20170623,000000,18.645,18.745,18.545,18.675,21540,0
FINX.US,D,20170626,000000,18.725,18.725,18.595,18.635,7572,0
FINX.US,D,20170627,000000,18.655,18.655,18.375,18.375,8575,0
FINX.US,D,20170628,000000,18.375,18.614,18.375,18.614,4012,0
FINX.US,D,20170629,000000,18.295,18.364,18.216,18.364,2740,0
FINX.US,D,20170630,000000,18.495,18.505,18.435,18.475,3574,0
FINX.US,D,20170703,000000,18.675,18.675,18.435,18.435,4930,0
FINX.US,D,20170705,000000,18.575,18.697,18.575,18.685,7343,0
FINX.US,D,20170706,000000,18.645,18.645,18.437,18.515,12498,0
FINX.US,D,20170707,000000,18.632,18.715,18.632,18.715,3853,0
FINX.US,D,20170710,000000,18.815,18.815,18.714,18.77,26817,0
FINX.US,D,20170711,000000,18.84,18.929,18.825,18.929,10602,0
FINX.US,D,20170712,000000,19.035,19.175,19.024,19.173,26842,0
FINX.US,D,20170713,000000,19.255,19.255,19.095,19.175,26598,0
FINX.US,D,20170714,000000,19.235,19.295,19.165,19.295,7149,0
FINX.US,D,20170717,000000,19.355,19.355,19.264,19.345,23618,0
FINX.US,D,20170718,000000,19.405,19.435,19.299,19.435,15902,0
FINX.US,D,20170719,000000,19.445,19.489,19.365,19.475,6958,0
FINX.US,D,20170720,000000,19.545,19.575,19.472,19.543,14897,0
FINX.US,D,20170721,000000,19.645,19.645,19.495,19.595,16957,0
FINX.US,D,20170724,000000,19.535,19.663,19.495,19.631,19829,0
FINX.US,D,20170725,000000,19.745,19.745,19.645,19.705,22063,0
FINX.US,D,20170726,000000,19.775,19.844,19.715,19.826,13928,0
FINX.US,D,20170727,000000,19.965,19.985,19.585,19.753,27405,0
FINX.US,D,20170728,000000,19.615,19.626,19.515,19.585,7432,0
FINX.US,D,20170731,000000,19.685,19.685,19.435,19.625,8813,0
FINX.US,D,20170801,000000,19.915,19.915,19.544,19.615,13179,0
FINX.US,D,20170802,000000,19.615,19.615,19.334,19.445,16820,0
FINX.US,D,20170803,000000,19.345,19.446,19.334,19.415,3670,0
FINX.US,D,20170804,000000,19.435,19.475,19.366,19.465,15453,0
FINX.US,D,20170807,000000,19.405,19.635,19.405,19.635,11150,0
FINX.US,D,20170808,000000,19.685,19.685,19.525,19.565,16964,0
FINX.US,D,20170809,000000,19.435,19.605,19.435,19.605,118748,0
FINX.US,D,20170810,000000,19.435,19.435,19.245,19.245,9586,0
FINX.US,D,20170811,000000,19.245,19.375,19.245,19.316,12030,0
FINX.US,D,20170814,000000,19.615,19.633,19.535,19.633,8083,0
FINX.US,D,20170815,000000,19.675,19.784,19.555,19.566,36366,0
FINX.US,D,20170816,000000,19.665,19.765,19.635,19.665,17715,0
FINX.US,D,20170817,000000,19.565,19.645,19.374,19.374,20969,0
FINX.US,D,20170818,000000,19.375,19.455,19.315,19.455,10932,0
FINX.US,D,20170821,000000,19.505,19.505,19.355,19.465,13229,0
FINX.US,D,20170822,000000,19.535,19.642,19.517,19.642,7710,0
FINX.US,D,20170823,000000,19.625,19.685,19.623,19.685,1737,0
FINX.US,D,20170824,000000,19.639,19.655,19.525,19.625,11654,0
FINX.US,D,20170825,000000,19.625,19.745,19.585,19.675,16032,0
FINX.US,D,20170828,000000,19.635,19.655,19.575,19.63,24870,0
FINX.US,D,20170829,000000,19.565,19.675,19.545,19.663,6395,0
FINX.US,D,20170830,000000,19.705,19.844,19.635,19.802,6976,0
FINX.US,D,20170831,000000,19.935,20.065,19.935,20.035,9914,0
FINX.US,D,20170901,000000,20.125,20.15,20.045,20.15,9023,0
FINX.US,D,20170905,000000,20.105,20.105,19.886,19.938,24694,0
FINX.US,D,20170906,000000,19.995,20.046,19.994,20.015,6647,0
FINX.US,D,20170907,000000,20.095,20.235,20.095,20.165,12682,0
FINX.US,D,20170908,000000,20.185,20.255,20.135,20.18,10301,0
FINX.US,D,20170911,000000,20.285,20.425,20.285,20.425,13016,0
FINX.US,D,20170912,000000,20.494,20.494,20.305,20.425,10339,0
FINX.US,D,20170913,000000,20.435,20.435,20.305,20.305,17755,0
FINX.US,D,20170914,000000,20.305,20.415,20.245,20.395,11055,0
FINX.US,D,20170915,000000,20.375,20.445,20.345,20.395,11218,0
FINX.US,D,20170918,000000,20.325,20.574,20.325,20.574,36056,0
FINX.US,D,20170919,000000,20.634,20.674,20.594,20.654,21049,0
FINX.US,D,20170920,000000,20.664,20.724,20.525,20.662,25666,0
FINX.US,D,20170921,000000,20.654,20.659,20.494,20.624,12165,0
FINX.US,D,20170922,000000,20.724,20.774,20.694,20.714,39875,0
FINX.US,D,20170925,000000,20.774,20.834,20.435,20.544,19188,0
FINX.US,D,20170926,000000,20.564,20.594,20.455,20.484,15184,0
FINX.US,D,20170927,000000,20.544,20.713,20.515,20.674,10355,0
FINX.US,D,20170928,000000,20.734,20.738,20.652,20.704,15212,0
FINX.US,D,20170929,000000,20.764,20.794,20.743,20.754,19728,0
FINX.US,D,20171002,000000,20.754,20.894,20.754,20.765,28525,0
FINX.US,D,20171003,000000,20.894,20.984,20.876,20.974,18874,0
FINX.US,D,20171004,000000,20.884,21.034,20.854,21.004,31215,0
FINX.US,D,20171005,000000,20.994,21.074,20.955,21.064,29080,0
FINX.US,D,20171006,000000,21.034,21.124,20.984,21.124,14411,0
FINX.US,D,20171009,000000,21.224,21.273,21.172,21.234,86417,0
FINX.US,D,20171010,000000,21.354,21.384,21.261,21.314,67430,0
FINX.US,D,20171011,000000,21.394,21.424,21.352,21.394,42927,0
FINX.US,D,20171012,000000,21.504,21.564,21.422,21.544,91259,0
FINX.US,D,20171013,000000,21.694,21.694,21.554,21.557,55620,0
FINX.US,D,20171016,000000,21.644,21.644,21.494,21.544,26948,0
FINX.US,D,20171017,000000,21.414,21.584,21.394,21.394,52067,0
FINX.US,D,20171018,000000,21.514,21.614,21.451,21.524,122792,0
FINX.US,D,20171019,000000,21.464,21.464,21.274,21.355,38302,0
FINX.US,D,20171020,000000,21.644,21.644,21.504,21.534,28914,0
FINX.US,D,20171023,000000,21.684,21.684,21.432,21.469,41863,0
FINX.US,D,20171024,000000,21.414,21.434,21.304,21.354,21058,0
FINX.US,D,20171025,000000,21.364,21.444,21.21,21.404,41071,0
FINX.US,D,20171026,000000,21.524,21.624,21.414,21.499,31812,0
FINX.US,D,20171027,000000,21.684,21.684,21.494,21.614,32368,0
FINX.US,D,20171030,000000,21.594,21.654,21.364,21.414,49173,0
FINX.US,D,20171031,000000,21.424,21.684,21.424,21.634,64258,0
FINX.US,D,20171101,000000,21.794,21.794,21.404,21.435,74966,0
FINX.US,D,20171102,000000,21.504,21.504,21.334,21.404,38416,0
FINX.US,D,20171103,000000,21.514,21.558,21.394,21.554,27173,0
FINX.US,D,20171106,000000,21.534,21.817,21.534,21.814,61329,0
FINX.US,D,20171107,000000,21.604,21.654,21.544,21.574,52222,0
FINX.US,D,20171108,000000,21.454,21.554,21.294,21.504,45012,0
FINX.US,D,20171109,000000,21.454,21.454,21.134,21.301,34652,0
FINX.US,D,20171110,000000,21.384,21.454,21.344,21.394,12486,0
FINX.US,D,20171113,000000,21.424,21.449,21.424,21.424,39025,0
FINX.US,D,20171114,000000,21.494,21.574,21.425,21.574,22887,0
FINX.US,D,20171115,000000,21.534,21.534,21.294,21.496,45636,0
FINX.US,D,20171116,000000,21.594,21.834,21.594,21.819,42559,0
FINX.US,D,20171117,000000,21.894,21.904,21.834,21.885,63075,0
FINX.US,D,20171120,000000,22.054,22.064,21.934,22.004,133012,0
FINX.US,D,20171121,000000,22.104,22.244,22.104,22.199,67796,0
FINX.US,D,20171122,000000,22.374,22.374,22.026,22.144,201642,0
FINX.US,D,20171124,000000,22.194,22.331,22.194,22.274,58368,0
FINX.US,D,20171127,000000,22.354,22.354,21.979,21.979,82297,0
FINX.US,D,20171128,000000,22.004,22.149,21.904,22.144,56064,0
FINX.US,D,20171129,000000,22.214,22.214,21.494,21.574,69553,0
FINX.US,D,20171130,000000,21.594,21.874,21.594,21.824,94160,0
FINX.US,D,20171201,000000,21.804,21.814,21.414,21.764,22151,0
FINX.US,D,20171204,000000,21.934,21.984,21.414,21.494,79029,0
FINX.US,D,20171205,000000,21.474,21.554,21.265,21.394,41407,0
FINX.US,D,20171206,000000,21.504,21.584,21.354,21.464,20858,0
FINX.US,D,20171207,000000,21.524,21.654,21.454,21.554,30913,0
FINX.US,D,20171208,000000,21.754,21.794,21.529,21.604,19326,0
FINX.US,D,20171211,000000,21.614,21.614,21.494,21.569,33869,0
FINX.US,D,20171212,000000,21.564,21.744,21.534,21.644,28305,0
FINX.US,D,20171213,000000,21.714,21.854,21.694,21.771,20593,0
FINX.US,D,20171214,000000,21.894,21.984,21.825,21.844,22986,0
FINX.US,D,20171215,000000,21.894,21.981,21.819,21.971,25240,0
FINX.US,D,20171218,000000,22.154,22.224,22.094,22.124,86215,0
FINX.US,D,20171219,000000,22.234,22.234,21.994,22.084,37252,0
FINX.US,D,20171220,000000,22.214,22.234,21.914,21.939,70610,0
FINX.US,D,20171221,000000,22.104,22.104,21.994,22.024,32612,0
FINX.US,D,20171222,000000,22.114,22.114,21.897,21.954,27456,0
FINX.US,D,20171226,000000,21.984,22.014,21.924,21.964,22637,0
FINX.US,D,20171227,000000,21.964,22.094,21.917,21.944,37464,0
FINX.US,D,20171228,000000,22.05,22.0599,21.916,21.92,32036,0
FINX.US,D,20171229,000000,22.09,22.091,21.9,21.95,37051,0
FINX.US,D,20180102,000000,22.05,22.1384,21.9738,22.126,66348,0
FINX.US,D,20180103,000000,22.3,22.3899,22.15,22.36,79174,0
FINX.US,D,20180104,000000,22.57,22.62,22.5,22.5327,68582,0
FINX.US,D,20180105,000000,22.68,22.95,22.62,22.95,92083,0
FINX.US,D,20180108,000000,23.02,23.02,22.8272,22.99,145200,0
FINX.US,D,20180109,000000,23.05,23.12,22.84,23.12,78186,0
FINX.US,D,20180110,000000,23.02,23.22,22.87,23.22,99257,0
FINX.US,D,20180111,000000,23.37,23.51,23.3167,23.45,120616,0
FINX.US,D,20180112,000000,23.58,23.58,23.41,23.54,117019,0
FINX.US,D,20180116,000000,23.58,23.69,23.15,23.27,213576,0
FINX.US,D,20180117,000000,23.38,23.62,23.282,23.62,127147,0
FINX.US,D,20180118,000000,23.6,23.7,23.45,23.51,251283,0
FINX.US,D,20180119,000000,23.72,23.842,23.685,23.825,118300,0
FINX.US,D,20180122,000000,23.85,24,23.8,24,160662,0
FINX.US,D,20180123,000000,23.99,24,23.85,23.99,115303,0
FINX.US,D,20180124,000000,24.1,24.145,23.7614,23.84,117433,0
FINX.US,D,20180125,000000,24.15,24.2,23.98,24.06,108662,0
FINX.US,D,20180126,000000,24.06,24.2,23.981,24.2,105071,0
FINX.US,D,20180129,000000,24.2,24.2,23.9899,24,108004,0
FINX.US,D,20180130,000000,23.92,23.92,23.7101,23.88,128580,0
FINX.US,D,20180131,000000,24.06,24.11,23.9,23.98,129562,0
FINX.US,D,20180201,000000,23.82,23.8299,23.58,23.685,86061,0
FINX.US,D,20180202,000000,23.51,23.55,23.07,23.09,102579,0
FINX.US,D,20180205,000000,22.89,23.09,22.3,22.37,179680,0
FINX.US,D,20180206,000000,21.98,22.52,21.6501,22.42,172925,0
FINX.US,D,20180207,000000,22.51,22.681,22.45,22.565,73515,0
FINX.US,D,20180208,000000,22.51,22.56,21.91,21.91,63455,0
FINX.US,D,20180209,000000,22.14,22.319,21.54,22.11,79909,0
FINX.US,D,20180212,000000,22.22,22.49,22.1772,22.43,45189,0
FINX.US,D,20180213,000000,22.38,22.5508,22.3435,22.5508,58985,0
FINX.US,D,20180214,000000,22.5,23.071,22.4678,23.04,60019,0
FINX.US,D,20180215,000000,23.26,23.5,23.1,23.48,123242,0
FINX.US,D,20180216,000000,23.51,23.7199,23.4942,23.65,52537,0
FINX.US,D,20180220,000000,23.47,23.77,23.281,23.6,65660,0
FINX.US,D,20180221,000000,23.81,23.81,23.44,23.48,61120,0
FINX.US,D,20180222,000000,23.44,23.44,23.1,23.1599,83394,0
FINX.US,D,20180223,000000,23.14,23.25,22.9,23.195,28925,0
FINX.US,D,20180226,000000,23.34,23.65,23.34,23.65,57560,0
FINX.US,D,20180227,000000,23.65,23.65,23.275,23.28,39603,0
FINX.US,D,20180228,000000,23.35,23.48,23.09,23.1,45938,0
FINX.US,D,20180301,000000,23.07,23.07,22.601,22.84,59271,0
FINX.US,D,20180302,000000,22.78,23.1132,22.62,23.1132,37540,0
FINX.US,D,20180305,000000,23.12,23.66,23.03,23.62,51501,0
FINX.US,D,20180306,000000,23.84,23.84,23.5,23.6228,76608,0
FINX.US,D,20180307,000000,23.6,23.879,23.5,23.845,68212,0
FINX.US,D,20180308,000000,23.98,23.98,23.7666,23.82,62297,0
FINX.US,D,20180309,000000,24.08,24.2,24,24.2,40162,0
FINX.US,D,20180312,000000,24.44,24.44,24.24,24.39,92509,0
FINX.US,D,20180313,000000,24.61,24.61,24.187,24.2,59955,0
FINX.US,D,20180314,000000,24.44,24.57,24.265,24.49,66884,0
FINX.US,D,20180315,000000,24.62,24.62,24.4371,24.49,64353,0
FINX.US,D,20180316,000000,24.48,24.48,24.34,24.42,25204,0
FINX.US,D,20180319,000000,24.32,24.32,23.8924,24.17,66834,0
FINX.US,D,20180320,000000,24.3,24.6,24.251,24.6,46891,0
FINX.US,D,20180321,000000,24.56,24.619,24.35,24.49,66301,0
FINX.US,D,20180322,000000,24.33,24.33,23.8501,23.87,57285,0
FINX.US,D,20180323,000000,23.84,23.87,23.31,23.35,70690,0
FINX.US,D,20180326,000000,23.69,23.83,23.36,23.83,48790,0
FINX.US,D,20180327,000000,24.07,24.07,23.2501,23.39,57395,0
FINX.US,D,20180328,000000,23.44,23.47,22.8383,23.03,49385,0
FINX.US,D,20180329,000000,23.2,23.5299,23.041,23.38,21708,0
FINX.US,D,20180402,000000,23.38,23.43,22.7979,22.97,43351,0
FINX.US,D,20180403,000000,23.07,23.07,22.65,22.8,86773,0
FINX.US,D,20180404,000000,22.41,22.87,22.17,22.85,47584,0
FINX.US,D,20180405,000000,23.07,23.22,23.0441,23.15,102984,0
FINX.US,D,20180406,000000,22.94,23.01,22.5961,22.72,14436,0
FINX.US,D,20180409,000000,22.97,23.17,22.95,22.96,23416,0
FINX.US,D,20180410,000000,23.3,23.37,23.1196,23.34,83291,0
FINX.US,D,20180411,000000,23.22,23.41,23.16,23.16,41959,0
FINX.US,D,20180412,000000,23.36,23.48,23.3148,23.48,18390,0
FINX.US,D,20180413,000000,23.67,23.67,23.116,23.29,33026,0
FINX.US,D,20180416,000000,23.41,23.446,23.29,23.4,25116,0
FINX.US,D,20180417,000000,23.6,23.96,23.5813,23.86,32127,0
FINX.US,D,20180418,000000,23.98,24.16,23.857,24.11,66111,0
FINX.US,D,20180419,000000,24.06,24.13,23.9591,24.02,15439,0
FINX.US,D,20180420,000000,23.96,24.038,23.8011,23.89,20967,0
FINX.US,D,20180423,000000,23.97,24.07,23.7742,23.8993,41148,0
FINX.US,D,20180424,000000,24.01,24.07,23.3751,23.53,37678,0
FINX.US,D,20180425,000000,23.42,23.42,23.02,23.16,44622,0
FINX.US,D,20180426,000000,23.33,23.5174,23.3,23.4,29778,0
FINX.US,D,20180427,000000,23.55,23.55,23.381,23.4699,8908,0
FINX.US,D,20180430,000000,23.64,23.79,23.56,23.6,30301,0
FINX.US,D,20180501,000000,23.6,23.77,23.51,23.77,52159,0
FINX.US,D,20180502,000000,23.9,23.951,23.73,23.73,28987,0
FINX.US,D,20180503,000000,23.67,23.93,23.51,23.91,53805,0
FINX.US,D,20180504,000000,23.89,24.2399,23.72,24.1049,25292,0
FINX.US,D,20180507,000000,24.14,24.469,24.14,24.4,64508,0
FINX.US,D,20180508,000000,24.42,24.6,24.3,24.6,52342,0
FINX.US,D,20180509,000000,24.66,25.0399,24.66,24.9,70100,0
FINX.US,D,20180510,000000,24.85,25.2,24.85,25.19,99171,0
FINX.US,D,20180511,000000,25.18,25.24,25.11,25.2,366583,0
FINX.US,D,20180514,000000,25.27,25.27,25,25.04,53893,0
FINX.US,D,20180515,000000,25.09,25.1,24.83,25.05,43366,0
FINX.US,D,20180516,000000,25.17,25.341,25.08,25.28,59323,0
FINX.US,D,20180517,000000,25.37,25.459,25.22,25.36,48443,0
FINX.US,D,20180518,000000,25.36,25.6099,25.32,25.59,65624,0
FINX.US,D,20180521,000000,25.81,25.81,25.6,25.68,69810,0
FINX.US,D,20180522,000000,25.74,25.74,25.318,25.318,234833,0
FINX.US,D,20180523,000000,25.22,25.492,25.04,25.45,249972,0
FINX.US,D,20180524,000000,25.53,25.64,25.387,25.56,198710,0
FINX.US,D,20180525,000000,25.61,25.72,25.56,25.64,163666,0
FINX.US,D,20180529,000000,25.64,25.644,25.261,25.51,88218,0
FINX.US,D,20180530,000000,25.7,25.8199,25.56,25.7547,62737,0
FINX.US,D,20180531,000000,25.85,25.88,25.61,25.62,90654,0
FINX.US,D,20180601,000000,25.75,25.8,25.5778,25.73,215512,0
FINX.US,D,20180604,000000,26.1,26.17,25.92,26.16,97616,0
FINX.US,D,20180605,000000,26.3,26.39,26.23,26.39,199076,0
FINX.US,D,20180606,000000,26.48,26.74,26.3266,26.74,128691,0
FINX.US,D,20180607,000000,26.77,26.77,26.01,26.17,195887,0
FINX.US,D,20180608,000000,26.28,26.5999,26.26,26.56,103906,0
FINX.US,D,20180611,000000,26.7,26.7,26.56,26.58,133001,0
FINX.US,D,20180612,000000,26.78,26.99,26.673,26.88,174813,0
FINX.US,D,20180613,000000,27.08,27.18,26.85,26.98,231883,0
FINX.US,D,20180614,000000,27.18,27.35,27.12,27.269,206660,0
FINX.US,D,20180615,000000,27.1,27.21,26.73,27.13,128997,0
FINX.US,D,20180618,000000,27.03,27.25,26.77,27.24,153197,0
FINX.US,D,20180619,000000,27.05,27.21,26.6,27.21,392539,0
FINX.US,D,20180620,000000,27.31,27.459,27.25,27.29,170017,0
FINX.US,D,20180621,000000,27.4,27.43,27.0509,27.1524,307905,0
FINX.US,D,20180622,000000,27.31,27.38,26.95,27.12,552312,0
FINX.US,D,20180625,000000,26.91,26.92,26.11,26.29,357484,0
FINX.US,D,20180626,000000,26.46,26.499,26.31,26.39,194101,0
FINX.US,D,20180627,000000,26.44,26.4834,25.72,25.75,183743,0
FINX.US,D,20180628,000000,25.62,25.8,25.4,25.8,106128,0
FINX.US,D,20180629,000000,26.06,26.202,26.0195,26.0499,290133,0
FINX.US,D,20180702,000000,25.93,26.1,25.79,26.06,105912,0
FINX.US,D,20180703,000000,26.28,26.3199,26.05,26.06,90208,0
FINX.US,D,20180705,000000,26.41,26.46,26.1732,26.43,131159,0
FINX.US,D,20180706,000000,26.49,26.78,26.4596,26.72,145814,0
FINX.US,D,20180709,000000,27.06,27.09,26.84,26.99,266368,0
FINX.US,D,20180710,000000,27.09,27.1,26.8127,27,171829,0
FINX.US,D,20180711,000000,26.78,27.01,26.72,26.93,214302,0
FINX.US,D,20180712,000000,26.98,27.2,26.95,27.17,153858,0
FINX.US,D,20180713,000000,27.2,27.2062,26.9198,27.1,73445,0
FINX.US,D,20180716,000000,27.19,27.23,27.0201,27.15,139503,0
FINX.US,D,20180717,000000,27.09,27.27,26.96,27.27,155611,0
FINX.US,D,20180718,000000,27.34,27.35,27.15,27.35,113783,0
FINX.US,D,20180719,000000,27.24,27.33,27.1501,27.21,111311,0
FINX.US,D,20180720,000000,27.37,27.56,27.33,27.48,146671,0
FINX.US,D,20180723,000000,27.49,27.67,27.3,27.67,138648,0
FINX.US,D,20180724,000000,27.83,27.9806,27.3071,27.54,192342,0
FINX.US,D,20180725,000000,27.58,27.94,27.37,27.92,141048,0
FINX.US,D,20180726,000000,27.65,27.8,27.52,27.66,185563,0
FINX.US,D,20180727,000000,27.79,27.79,26.861,26.96,169658,0
FINX.US,D,20180730,000000,27.12,27.12,26.25,26.35,260738,0
FINX.US,D,20180731,000000,26.36,26.5247,26.15,26.26,113966,0
FINX.US,D,20180801,000000,26.35,26.56,26.26,26.36,173476,0
FINX.US,D,20180802,000000,26.26,26.87,26.22,26.87,72144,0
FINX.US,D,20180803,000000,26.92,27.05,26.76,26.86,89427,0
FINX.US,D,20180806,000000,26.9,27,26.8,26.95,92154,0
FINX.US,D,20180807,000000,27.2,27.262,27.12,27.17,122284,0
FINX.US,D,20180808,000000,27.24,27.25,27,27.23,68309,0
FINX.US,D,20180809,000000,27.36,27.499,27.29,27.37,88439,0
FINX.US,D,20180810,000000,27.18,27.452,27.1169,27.31,149373,0
FINX.US,D,20180813,000000,27.34,27.5,27.1536,27.24,110641,0
FINX.US,D,20180814,000000,27.36,27.4899,27.24,27.44,90451,0
FINX.US,D,20180815,000000,27.34,27.44,26.97,27.11,143541,0
FINX.US,D,20180816,000000,27.39,27.47,27.2883,27.38,154788,0
FINX.US,D,20180817,000000,27.42,27.63,27.3119,27.63,74309,0
FINX.US,D,20180820,000000,27.8,27.845,27.58,27.75,156492,0
FINX.US,D,20180821,000000,27.87,28.04,27.805,27.87,198510,0
FINX.US,D,20180822,000000,27.97,28.1839,27.9414,28.155,407999,0
FINX.US,D,20180823,000000,28.28,28.47,28.21,28.38,198788,0
FINX.US,D,20180824,000000,28.48,28.72,28.4664,28.72,210895,0
FINX.US,D,20180827,000000,29.01,29.1699,28.9,29.035,551181,0
FINX.US,D,20180828,000000,29.1,29.1,28.85,28.98,137397,0
FINX.US,D,20180829,000000,29.03,29.2,28.91,29.18,260771,0
FINX.US,D,20180830,000000,29.13,29.3,29.03,29.17,275721,0
FINX.US,D,20180831,000000,29.11,29.3199,29.11,29.2906,245184,0
FINX.US,D,20180904,000000,29.23,29.31,29,29.31,352691,0
FINX.US,D,20180905,000000,29.11,29.12,28.28,28.44,326858,0
FINX.US,D,20180906,000000,28.28,28.5,28.1,28.27,149494,0
FINX.US,D,20180907,000000,28.26,28.49,28,28.25,193229,0
FINX.US,D,20180910,000000,28.44,28.469,28.2558,28.37,81209,0
FINX.US,D,20180911,000000,28.37,28.71,28.22,28.64,404832,0
FINX.US,D,20180912,000000,28.72,28.73,28.34,28.66,296166,0
FINX.US,D,20180913,000000,28.81,28.94,28.72,28.77,352240,0
FINX.US,D,20180914,000000,28.89,29.07,28.83,28.98,197406,0
FINX.US,D,20180917,000000,28.95,29,28.43,28.49,324302,0
FINX.US,D,20180918,000000,28.5,28.76,28.5,28.69,180783,0
FINX.US,D,20180919,000000,28.67,28.6799,28.26,28.4,205962,0
FINX.US,D,20180920,000000,28.51,28.5264,28.28,28.48,429137,0
FINX.US,D,20180921,000000,28.69,28.77,28.48,28.49,149897,0
FINX.US,D,20180924,000000,28.44,28.57,28.22,28.4,120605,0
FINX.US,D,20180925,000000,28.56,28.8723,28.5429,28.82,155431,0
FINX.US,D,20180926,000000,29.04,29.0849,28.7,28.74,255757,0
FINX.US,D,20180927,000000,28.79,28.8624,28.7,28.72,276570,0
FINX.US,D,20180928,000000,28.54,28.9,28.54,28.75,195151,0
FINX.US,D,20181001,000000,29.01,29.05,28.52,28.65,153885,0
FINX.US,D,20181002,000000,28.63,28.63,28.3001,28.44,187973,0
FINX.US,D,20181003,000000,28.59,28.69,28.3514,28.57,161218,0
FINX.US,D,20181004,000000,28.54,28.54,27.81,27.95,360447,0
FINX.US,D,20181005,000000,27.8,28.05,27.4197,27.71,201771,0
FINX.US,D,20181008,000000,27.42,27.49,26.57,27,285928,0
FINX.US,D,20181009,000000,26.81,27.23,26.67,27.07,401273,0
FINX.US,D,20181010,000000,26.79,26.9,25.4294,25.49,662806,0
FINX.US,D,20181011,000000,25.26,25.5199,24.76,24.9,409658,0
FINX.US,D,20181012,000000,25.64,25.85,25.2987,25.67,570694,0
FINX.US,D,20181015,000000,25.55,25.73,25.4,25.52,100664,0
FINX.US,D,20181016,000000,25.84,26.46,25.8238,26.39,371728,0
FINX.US,D,20181017,000000,26.48,26.48,26.01,26.4,313879,0
FINX.US,D,20181018,000000,26.36,26.43,25.81,26.04,240658,0
FINX.US,D,20181019,000000,26.27,26.52,25.9,25.96,132913,0
FINX.US,D,20181022,000000,26,26.21,25.84,26.09,87819,0
FINX.US,D,20181023,000000,25.6,25.92,25.27,25.77,133832,0
FINX.US,D,20181024,000000,25.73,25.85,24.75,24.8,255625,0
FINX.US,D,20181025,000000,24.98,25.405,24.84,25.28,361201,0
FINX.US,D,20181026,000000,24.58,24.9887,24.25,24.6,207513,0
FINX.US,D,20181029,000000,24.74,24.96,23.5401,23.9,193202,0
FINX.US,D,20181030,000000,23.95,24.5,23.8802,24.49,275172,0
FINX.US,D,20181031,000000,24.8,25.3892,24.77,25.14,234724,0
FINX.US,D,20181101,000000,25.4,25.7299,25.15,25.62,172522,0
FINX.US,D,20181102,000000,25.78,26.01,25.35,25.6,194459,0
FINX.US,D,20181105,000000,25.56,25.59,25.18,25.38,86371,0
FINX.US,D,20181106,000000,25.43,25.7052,25.4124,25.58,105369,0
FINX.US,D,20181107,000000,25.94,26.5,25.8706,26.48,260011,0
FINX.US,D,20181108,000000,26.35,26.431,25.93,26.12,209400,0
FINX.US,D,20181109,000000,25.85,25.85,25.2001,25.56,79965,0
FINX.US,D,20181112,000000,25.22,25.2356,24.34,24.41,190725,0
FINX.US,D,20181113,000000,24.46,24.7994,24.32,24.43,127610,0
FINX.US,D,20181114,000000,24.45,24.4801,23.93,24.13,172834,0
FINX.US,D,20181115,000000,24.11,24.69,23.95,24.61,88178,0
FINX.US,D,20181116,000000,24.6,24.85,24.42,24.72,164680,0
FINX.US,D,20181119,000000,24.37,24.49,23.14,23.2,292758,0
FINX.US,D,20181120,000000,22.49,22.9415,22.25,22.63,336866,0
FINX.US,D,20181121,000000,22.82,23.3,22.76,23.13,279070,0
FINX.US,D,20181123,000000,23,23.38,22.8501,23.19,54917,0
FINX.US,D,20181126,000000,23.42,23.7948,23.42,23.78,134843,0
FINX.US,D,20181127,000000,23.52,23.71,23.4,23.6507,59174,0
FINX.US,D,20181128,000000,23.73,24.57,23.7201,24.52,76927,0
FINX.US,D,20181129,000000,24.59,24.65,24.26,24.5,174182,0
FINX.US,D,20181130,000000,24.35,24.61,24.25,24.56,68678,0
FINX.US,D,20181203,000000,25.03,25.15,24.7497,24.9394,96580,0
FINX.US,D,20181204,000000,24.74,24.8099,23.71,23.7557,113790,0
FINX.US,D,20181206,000000,23.08,23.6899,22.85,23.61,134294,0
FINX.US,D,20181207,000000,23.63,23.8399,22.8686,22.98,75745,0
FINX.US,D,20181210,000000,22.84,23.27,22.72,23.06,218624,0
FINX.US,D,20181211,000000,23.44,23.5137,22.95,23.17,106267,0
FINX.US,D,20181212,000000,23.47,23.88,23.47,23.5,116548,0
FINX.US,D,20181213,000000,23.58,23.7499,23.22,23.27,76670,0
FINX.US,D,20181214,000000,23.1,23.22,22.8031,22.85,138187,0
FINX.US,D,20181217,000000,22.72,22.81,22.14,22.22,160526,0
FINX.US,D,20181218,000000,22.34,22.52,22.15,22.31,264015,0
FINX.US,D,20181219,000000,22.37,22.8,21.97,22.2,184044,0
FINX.US,D,20181220,000000,21.86,22.0953,21.3705,21.6,318794,0
FINX.US,D,20181221,000000,21.72,21.74,20.9,20.97,331702,0
FINX.US,D,20181224,000000,20.82,21.1899,20.66,20.71,259444,0
FINX.US,D,20181226,000000,20.77,21.8324,20.71,21.82,241840,0
FINX.US,D,20181227,000000,21.52,22.1,21.3,22.06,177983,0
FINX.US,D,20181228,000000,22.18,22.24,21.8201,22.01,119088,0
FINX.US,D,20181231,000000,22.07,22.26,21.9,22.09,265367,0
FINX.US,D,20190102,000000,21.81,22.26,21.81,22.14,73229,0
FINX.US,D,20190103,000000,21.86,21.909,21.3,21.3,80489,0
FINX.US,D,20190104,000000,21.71,22.4177,21.71,22.32,90442,0
FINX.US,D,20190107,000000,22.42,22.7796,22.34,22.65,92040,0
FINX.US,D,20190108,000000,22.96,23.0994,22.8101,23.0599,211072,0
FINX.US,D,20190109,000000,23.37,23.4724,23.14,23.39,379118,0
FINX.US,D,20190110,000000,23.28,23.49,23.14,23.49,45085,0
FINX.US,D,20190111,000000,23.42,23.49,23.28,23.4764,34252,0
FINX.US,D,20190114,000000,23.15,23.31,23.04,23.21,55412,0
FINX.US,D,20190115,000000,23.23,23.55,23.23,23.51,63797,0
FINX.US,D,20190116,000000,23.66,23.912,23.66,23.85,94152,0
FINX.US,D,20190117,000000,23.8,24.2964,23.8,24.19,84920,0
FINX.US,D,20190118,000000,24.41,24.88,24.39,24.88,119042,0
FINX.US,D,20190122,000000,24.66,24.79,24.33,24.42,114282,0
FINX.US,D,20190123,000000,24.66,24.88,24.49,24.7,93174,0
FINX.US,D,20190124,000000,24.76,25.1,24.76,25.1,134273,0
FINX.US,D,20190125,000000,25.41,25.65,25.3,25.65,125904,0
FINX.US,D,20190128,000000,25.41,25.4219,25.1572,25.4,92014,0
FINX.US,D,20190129,000000,25.3,25.304,24.9044,24.96,108637,0
FINX.US,D,20190130,000000,25.08,25.2,24.5937,25.09,149913,0
FINX.US,D,20190131,000000,25.01,25.25,24.97,25.08,107614,0
FINX.US,D,20190201,000000,24.88,24.9,24.6593,24.8,132339,0
FINX.US,D,20190204,000000,25.04,25.41,25.01,25.37,120386,0
FINX.US,D,20190205,000000,25.5,25.7184,25.5,25.7,153523,0
FINX.US,D,20190206,000000,25.62,25.8088,25.5,25.66,113792,0
FINX.US,D,20190207,000000,25.29,25.46,25.13,25.3737,138851,0
FINX.US,D,20190208,000000,25.01,25.37,24.94,25.35,320451,0
FINX.US,D,20190211,000000,25.5,25.67,25.43,25.48,91319,0
FINX.US,D,20190212,000000,25.75,25.89,25.63,25.86,92470,0
FINX.US,D,20190213,000000,25.86,26,25.7549,25.83,160229,0
FINX.US,D,20190214,000000,25.84,26.04,25.79,25.97,98746,0
FINX.US,D,20190215,000000,26.13,26.23,26,26.19,226476,0
FINX.US,D,20190219,000000,26.33,26.595,26.31,26.52,151535,0
FINX.US,D,20190220,000000,26.51,26.51,26.25,26.34,104173,0
FINX.US,D,20190221,000000,26.32,26.32,26.03,26.08,149529,0
FINX.US,D,20190222,000000,26.28,26.7499,26.24,26.67,348183,0
FINX.US,D,20190225,000000,27,27.0793,26.8501,26.92,184313,0
FINX.US,D,20190226,000000,26.84,26.88,26.67,26.84,154076,0
FINX.US,D,20190227,000000,26.71,26.99,26.65,26.93,158770,0
FINX.US,D,20190228,000000,26.81,27.01,26.75,26.95,303757,0
FINX.US,D,20190301,000000,27.15,27.29,27.04,27.25,134619,0
FINX.US,D,20190304,000000,27.36,27.43,26.56,26.82,232216,0
FINX.US,D,20190305,000000,26.82,26.96,26.64,26.93,218425,0
FINX.US,D,20190306,000000,26.88,26.9,26.56,26.68,113987,0
FINX.US,D,20190307,000000,26.74,26.7811,26.37,26.49,111858,0
FINX.US,D,20190308,000000,26.22,26.6,26.1,26.6,97511,0
FINX.US,D,20190311,000000,26.64,27.1,26.64,27.1,144099,0
FINX.US,D,20190312,000000,27.05,27.2,26.93,27.15,129943,0
FINX.US,D,20190313,000000,27.13,27.43,27.09,27.29,172155,0
FINX.US,D,20190314,000000,27.3,27.37,27.21,27.3,120377,0
FINX.US,D,20190315,000000,27.26,27.46,27.2,27.39,124524,0
FINX.US,D,20190318,000000,27.43,27.4858,27.05,27.18,174372,0
FINX.US,D,20190319,000000,27.31,27.49,27.24,27.46,189121,0
FINX.US,D,20190320,000000,27.47,27.484,27.0701,27.245,136228,0
FINX.US,D,20190321,000000,27.08,27.6371,27.08,27.63,135311,0
FINX.US,D,20190322,000000,27.48,27.5,26.8964,27.01,148930,0
FINX.US,D,20190325,000000,26.79,26.8825,26.61,26.76,106911,0
FINX.US,D,20190326,000000,27.2,27.43,27.1617,27.3599,109070,0
FINX.US,D,20190327,000000,27.42,27.5025,27.03,27.33,143956,0
FINX.US,D,20190328,000000,27.43,27.6,27.28,27.58,98508,0
FINX.US,D,20190329,000000,27.65,27.74,27.56,27.68,89627,0
FINX.US,D,20190401,000000,27.9,28.14,27.8075,28.09,137262,0
FINX.US,D,20190402,000000,28.14,28.2,28.012,28.15,105110,0
FINX.US,D,20190403,000000,28.33,28.5,28.25,28.32,210339,0
FINX.US,D,20190404,000000,28.31,28.3546,27.88,28.1,188565,0
FINX.US,D,20190405,000000,28.18,28.31,28.16,28.22,119307,0
FINX.US,D,20190408,000000,28.23,28.34,28,28.34,125392,0
FINX.US,D,20190409,000000,28.18,28.23,28.0858,28.15,123981,0
FINX.US,D,20190410,000000,28.21,28.38,28.15,28.26,169011,0
FINX.US,D,20190411,000000,28.28,28.4375,28.18,28.21,126732,0
FINX.US,D,20190412,000000,28.4,28.44,28.3,28.32,82417,0
FINX.US,D,20190415,000000,28.46,28.49,28.32,28.36,182239,0
FINX.US,D,20190416,000000,28.49,28.49,28.1396,28.21,177168,0
FINX.US,D,20190417,000000,28.39,28.39,28.03,28.11,201929,0
FINX.US,D,20190418,000000,28.1,28.1,27.71,27.95,196418,0
FINX.US,D,20190422,000000,27.95,28.22,27.8367,28.2,190848,0
FINX.US,D,20190423,000000,28.14,28.57,28.13,28.55,132987,0
FINX.US,D,20190424,000000,28.63,28.749,28.4601,28.6,160703,0
FINX.US,D,20190425,000000,28.43,28.58,28.3501,28.54,263693,0
FINX.US,D,20190426,000000,28.48,28.6,28.3,28.6,59440,0
FINX.US,D,20190429,000000,28.62,28.7652,28.6,28.69,78231,0
FINX.US,D,20190430,000000,28.75,28.99,28.7,28.86,142057,0
FINX.US,D,20190501,000000,28.76,28.7799,28.42,28.42,143974,0
FINX.US,D,20190502,000000,28.3,28.44,28.0001,28.2625,134357,0
FINX.US,D,20190503,000000,28.32,28.55,28.2458,28.48,63167,0
FINX.US,D,20190506,000000,27.97,28.66,27.79,28.66,160684,0
FINX.US,D,20190507,000000,28.38,28.3819,27.8901,28.06,111238,0
FINX.US,D,20190508,000000,28.11,28.3689,28.11,28.21,236187,0
FINX.US,D,20190509,000000,27.71,28.078,27.55,28.04,174976,0
FINX.US,D,20190510,000000,27.96,28.33,27.6501,28.32,141493,0
FINX.US,D,20190513,000000,27.62,27.75,27.3331,27.4,211522,0
FINX.US,D,20190514,000000,27.5,28.0185,27.48,27.83,205537,0
FINX.US,D,20190515,000000,27.67,28.24,27.5601,28.18,137367,0
FINX.US,D,20190516,000000,28.33,28.91,28.3201,28.75,196967,0
FINX.US,D,20190517,000000,28.58,28.799,28.4,28.58,217053,0
FINX.US,D,20190520,000000,28.26,28.42,28.0339,28.19,73884,0
FINX.US,D,20190521,000000,28.57,28.7399,28.57,28.67,121632,0
FINX.US,D,20190522,000000,28.69,29.05,28.67,28.99,151951,0
FINX.US,D,20190523,000000,28.83,28.83,28.3402,28.46,68755,0
FINX.US,D,20190524,000000,28.57,28.8349,28.5378,28.63,50571,0
FINX.US,D,20190528,000000,28.96,29.2,28.8201,28.97,171861,0
FINX.US,D,20190529,000000,28.65,28.65,28.291,28.4,269023,0
FINX.US,D,20190530,000000,28.49,28.59,28.32,28.46,300496,0
FINX.US,D,20190531,000000,28.19,28.22,27.9117,28.05,89773,0
FINX.US,D,20190603,000000,28.04,28.1669,27.33,27.45,218391,0
FINX.US,D,20190604,000000,27.61,28.16,27.5085,28.16,218119,0
FINX.US,D,20190605,000000,28.45,28.5,28.21,28.49,99887,0
FINX.US,D,20190606,000000,28.47,28.69,28.3094,28.64,65929,0
FINX.US,D,20190607,000000,28.82,29.1475,28.82,29.05,101475,0
FINX.US,D,20190610,000000,29.3,29.52,29.2,29.27,262861,0
FINX.US,D,20190611,000000,29.47,29.585,29,29.16,116567,0
FINX.US,D,20190612,000000,29.16,29.2,29.0038,29.15,59795,0
FINX.US,D,20190613,000000,29.15,29.15,29,29.1,97045,0
FINX.US,D,20190614,000000,29.04,29.04,28.7667,28.89,64444,0
FINX.US,D,20190617,000000,28.88,29.02,28.7802,28.94,146846,0
FINX.US,D,20190618,000000,29.26,29.4,29.1801,29.23,324053,0
FINX.US,D,20190619,000000,29.28,29.46,29.1301,29.39,67322,0
FINX.US,D,20190620,000000,29.8,29.98,29.62,29.815,286736,0
FINX.US,D,20190621,000000,29.77,29.77,29.5,29.5,94663,0
FINX.US,D,20190624,000000,29.67,29.7,29.47,29.5,90272,0
FINX.US,D,20190625,000000,29.53,29.66,29.06,29.15,93774,0
FINX.US,D,20190626,000000,29.25,29.45,29.09,29.12,139735,0
FINX.US,D,20190627,000000,29.22,29.38,29.151,29.38,329231,0
FINX.US,D,20190628,000000,29.38,29.51,29.3001,29.505,123135,0
FINX.US,D,20190701,000000,29.65,29.82,29.52,29.64,214796,0
FINX.US,D,20190702,000000,29.62,29.6372,29.47,29.56,161353,0
FINX.US,D,20190703,000000,29.77,29.91,29.6772,29.85,52381,0
FINX.US,D,20190705,000000,29.71,29.8469,29.4044,29.8,107044,0
FINX.US,D,20190708,000000,29.75,29.76,29.5713,29.68,117711,0
FINX.US,D,20190709,000000,29.44,29.8,29.44,29.78,119774,0
FINX.US,D,20190710,000000,29.83,30.15,29.83,30.08,161774,0
FINX.US,D,20190711,000000,30.22,30.39,30.1,30.37,160867,0
FINX.US,D,20190712,000000,30.33,30.49,30.2,30.46,159050,0
FINX.US,D,20190715,000000,30.55,30.61,30.4176,30.53,246571,0
FINX.US,D,20190716,000000,30.48,30.48,30.25,30.31,241427,0
FINX.US,D,20190717,000000,30.4,30.5999,30.3,30.46,57435,0
FINX.US,D,20190718,000000,30.4,30.6399,30.32,30.61,86231,0
FINX.US,D,20190719,000000,30.84,30.94,30.47,30.52,130095,0
FINX.US,D,20190722,000000,30.58,30.84,30.54,30.71,136163,0
FINX.US,D,20190723,000000,30.74,30.8119,30.5657,30.74,197107,0
FINX.US,D,20190724,000000,30.75,30.81,30.51,30.809,157906,0
FINX.US,D,20190725,000000,30.58,30.71,30.39,30.53,279727,0
FINX.US,D,20190726,000000,30.69,31.2899,30.69,31.23,160539,0
FINX.US,D,20190729,000000,31.23,31.23,30.89,31.09,182520,0
FINX.US,D,20190730,000000,30.56,30.6,30.38,30.54,129081,0
FINX.US,D,20190731,000000,30.64,30.77,30.05,30.58,140556,0
FINX.US,D,20190801,000000,30.37,30.765,30.1804,30.28,212906,0
FINX.US,D,20190802,000000,30.1,30.1,29.5,29.72,224929,0
FINX.US,D,20190805,000000,28.93,29,28.12,28.48,570169,0
FINX.US,D,20190806,000000,28.66,28.8,28.38,28.68,250557,0
FINX.US,D,20190807,000000,28.44,28.98,28.33,28.91,141004,0
FINX.US,D,20190808,000000,29.14,29.53,29.06,29.53,114658,0
FINX.US,D,20190809,000000,29.4,29.41,29,29.06,133453,0
FINX.US,D,20190812,000000,28.87,28.87,28.28,28.35,155760,0
FINX.US,D,20190813,000000,28.27,28.85,28.21,28.85,127413,0
FINX.US,D,20190814,000000,28.45,28.45,27.8305,27.93,176413,0
FINX.US,D,20190815,000000,27.91,28.02,27.66,27.89,355128,0
FINX.US,D,20190816,000000,28.42,28.644,28.34,28.56,123278,0
FINX.US,D,20190819,000000,29,29.12,28.72,28.73,223623,0
FINX.US,D,20190820,000000,28.78,28.89,28.61,28.71,64814,0
FINX.US,D,20190821,000000,28.96,29.14,28.861,29.09,89507,0
FINX.US,D,20190822,000000,29.05,29.09,28.7274,29.02,49000,0
FINX.US,D,20190823,000000,29.03,29.2607,28.4,28.43,78097,0
FINX.US,D,20190826,000000,28.54,28.6516,28.4,28.59,153270,0
FINX.US,D,20190827,000000,28.84,28.89,28.41,28.56,92788,0
FINX.US,D,20190828,000000,28.52,28.7308,28.2618,28.71,92995,0
FINX.US,D,20190829,000000,28.97,29.101,28.92,29,38161,0
FINX.US,D,20190830,000000,29.23,29.23,28.84,28.99,147662,0
FINX.US,D,20190903,000000,28.99,29.08,28.71,28.87,179032,0
FINX.US,D,20190904,000000,29.16,29.2713,28.9884,29.19,121496,0
FINX.US,D,20190905,000000,29.69,29.98,29.6313,29.94,84259,0
FINX.US,D,20190906,000000,30,30.36,30,30.13,145174,0
FINX.US,D,20190909,000000,30.29,30.3,29.32,29.55,107164,0
FINX.US,D,20190910,000000,29.15,29.15,28.64,28.86,117378,0
FINX.US,D,20190911,000000,28.87,28.97,28.8,28.91,76100,0
FINX.US,D,20190912,000000,29.03,29.348,28.98,29.15,58786,0
FINX.US,D,20190913,000000,29.16,29.23,29,29,39096,0
FINX.US,D,20190916,000000,28.88,29.22,28.76,29.07,62760,0
FINX.US,D,20190917,000000,29.14,29.43,29.14,29.43,36710,0
FINX.US,D,20190918,000000,29.5,29.55,29.03,29.4,78005,0
FINX.US,D,20190919,000000,29.4,29.72,29.3755,29.41,43719,0
FINX.US,D,20190920,000000,29.48,29.5488,29.08,29.27,56311,0
FINX.US,D,20190923,000000,29.16,29.16,28.96,29,54177,0
FINX.US,D,20190924,000000,29.15,29.2216,28.65,28.83,41768,0
FINX.US,D,20190925,000000,28.71,29.0349,28.42,28.98,95341,0
FINX.US,D,20190926,000000,29.01,29.1,28.84,29.06,50912,0
FINX.US,D,20190927,000000,29.16,29.22,28.44,28.69,49766,0
FINX.US,D,20190930,000000,28.63,28.8799,28.6,28.77,22820,0
FINX.US,D,20191001,000000,28.87,29,28.4,28.55,85033,0
FINX.US,D,20191002,000000,28.12,28.12,27.45,27.61,126380,0
FINX.US,D,20191003,000000,27.7,28.0899,27.4432,27.98,48734,0
FINX.US,D,20191004,000000,28.14,28.63,28.14,28.63,101970,0
FINX.US,D,20191007,000000,28.6,28.7,28.5,28.58,42944,0
FINX.US,D,20191008,000000,28.42,28.42,28,28,40843,0
FINX.US,D,20191009,000000,28.32,28.5619,28.2343,28.54,199102,0
FINX.US,D,20191010,000000,28.4,28.8,28.4,28.59,173011,0
FINX.US,D,20191011,000000,28.99,29.3,28.99,29.18,75820,0
FINX.US,D,20191014,000000,29.07,29.235,29.03,29.17,65002,0
FINX.US,D,20191015,000000,28.96,29.17,28.79,29.04,40952,0
FINX.US,D,20191016,000000,28.99,28.99,28.64,28.8,84260,0
FINX.US,D,20191017,000000,28.7,28.7819,28.52,28.67,55637,0
FINX.US,D,20191018,000000,28.51,28.57,27.9101,28.14,56916,0
FINX.US,D,20191021,000000,28.22,28.28,28.01,28.15,36497,0
FINX.US,D,20191022,000000,28.08,28.1368,27.38,27.4,109675,0
FINX.US,D,20191023,000000,27.3,27.5189,27.21,27.44,69653,0
FINX.US,D,20191024,000000,27.73,28,27.71,27.91,147928,0
FINX.US,D,20191025,000000,28.02,28.29,27.92,28.28,38374,0
FINX.US,D,20191028,000000,28.31,28.44,28.2,28.32,64281,0
FINX.US,D,20191029,000000,28.32,28.6,28.25,28.45,38901,0
FINX.US,D,20191030,000000,28.39,28.63,28.25,28.55,78523,0
FINX.US,D,20191031,000000,28.65,28.75,28.47,28.6,111447,0
FINX.US,D,20191101,000000,28.76,28.97,28.76,28.93,52938,0
FINX.US,D,20191104,000000,29.14,29.14,28.84,28.88,54506,0
FINX.US,D,20191105,000000,28.91,28.91,28.43,28.46,60109,0
FINX.US,D,20191106,000000,28.4,28.4001,28.165,28.23,65961,0
FINX.US,D,20191107,000000,28.59,28.9,28.53,28.695,141536,0
FINX.US,D,20191108,000000,28.61,28.9136,28.5301,28.8,52513,0
FINX.US,D,20191111,000000,28.87,29.1,28.8,29.07,92801,0
FINX.US,D,20191112,000000,29.08,29.2256,29.06,29.14,38010,0
FINX.US,D,20191113,000000,29.19,29.299,29.12,29.21,49546,0
FINX.US,D,20191114,000000,29.34,29.7,29.26,29.62,41423,0
FINX.US,D,20191115,000000,29.74,29.89,29.6321,29.89,56295,0
FINX.US,D,20191118,000000,29.73,29.95,29.6701,29.89,53656,0
FINX.US,D,20191119,000000,29.94,29.99,29.8,29.87,168463,0
FINX.US,D,20191120,000000,29.81,29.87,29.5901,29.75,190150,0
FINX.US,D,20191121,000000,29.73,29.75,29.5,29.57,82453,0
FINX.US,D,20191122,000000,29.73,29.844,29.541,29.8252,80121,0
FINX.US,D,20191125,000000,29.99,30.25,29.91,30.235,116206,0
FINX.US,D,20191126,000000,30.23,30.41,30.23,30.3703,146304,0
FINX.US,D,20191127,000000,30.44,30.59,30.37,30.57,81676,0
FINX.US,D,20191129,000000,30.46,30.6,30.46,30.5319,36248,0
FINX.US,D,20191202,000000,30.5,30.6,29.7812,29.95,82872,0
FINX.US,D,20191203,000000,29.64,29.91,29.51,29.8792,98491,0
FINX.US,D,20191204,000000,30.11,30.152,29.96,30.01,102446,0
FINX.US,D,20191205,000000,30.03,30.059,29.9,30.0087,129328,0
FINX.US,D,20191206,000000,30.06,30.16,29.95,30.04,135661,0
FINX.US,D,20191209,000000,29.98,30.09,29.7167,29.77,94730,0
FINX.US,D,20191210,000000,29.7,29.7,29.4301,29.49,58222,0
FINX.US,D,20191211,000000,29.44,29.48,29.13,29.44,93191,0
FINX.US,D,20191212,000000,29.44,29.7,29.38,29.65,64072,0
FINX.US,D,20191213,000000,29.65,29.85,29.6297,29.84,64126,0
FINX.US,D,20191216,000000,30.04,30.19,30.01,30.07,70113,0
FINX.US,D,20191217,000000,30.13,30.13,29.899,30,66417,0
FINX.US,D,20191218,000000,30.1,30.2,30.08,30.12,26042,0
FINX.US,D,20191219,000000,30.06,30.19,30.0002,30.17,51624,0
FINX.US,D,20191220,000000,30.24,30.3132,30.09,30.23,49706,0
FINX.US,D,20191223,000000,30.34,30.47,30.23,30.32,138846,0
FINX.US,D,20191224,000000,30.3,30.38,30.16,30.37,1494849,0
FINX.US,D,20191226,000000,30.33,30.47,30.33,30.44,59653,0
FINX.US,D,20191227,000000,30.6,30.63,30.4,30.59,91414,0
FINX.US,D,20191230,000000,30.6,30.6,30.2546,30.265,36868,0
FINX.US,D,20191231,000000,30.2,30.4,30.2,30.3776,22002,0
FINX.US,D,20200102,000000,30.78,30.89,30.68,30.84,178500,0
FINX.US,D,20200103,000000,30.85,30.85,30.47,30.66,72824,0
FINX.US,D,20200106,000000,30.42,30.66,30.3478,30.66,131060,0
FINX.US,D,20200107,000000,30.66,30.7716,30.5,30.63,73157,0
FINX.US,D,20200108,000000,30.58,30.8908,30.58,30.85,51758,0
FINX.US,D,20200109,000000,30.99,31.17,30.905,31.06,155605,0
FINX.US,D,20200110,000000,31.14,31.219,30.9789,31.03,88480,0
FINX.US,D,20200113,000000,31.2,31.435,31.1201,31.43,72039,0
FINX.US,D,20200114,000000,31.44,31.54,31.32,31.4,93395,0
FINX.US,D,20200115,000000,31.43,31.75,31.43,31.58,82756,0
FINX.US,D,20200116,000000,31.84,31.9555,31.81,31.89,71256,0
FINX.US,D,20200117,000000,31.92,31.99,31.831,31.9,72816,0
FINX.US,D,20200121,000000,31.85,32.0591,31.772,31.95,168653,0
FINX.US,D,20200122,000000,32.14,32.4,32.14,32.27,204096,0
FINX.US,D,20200123,000000,32.32,32.38,32.17,32.35,102217,0
FINX.US,D,20200124,000000,32.52,32.75,32.1701,32.44,154794,0
FINX.US,D,20200127,000000,31.62,31.86,31.36,31.62,127400,0
FINX.US,D,20200128,000000,31.84,32.3519,31.84,32.3315,62309,0
FINX.US,D,20200129,000000,32.53,32.6769,32.387,32.55,101983,0
FINX.US,D,20200130,000000,32.1,32.63,32.01,32.54,151182,0
FINX.US,D,20200131,000000,32.44,32.4767,31.78,31.8547,110651,0
FINX.US,D,20200203,000000,32.09,32.4526,32.05,32.43,1640921,0
FINX.US,D,20200204,000000,32.83,33.18,32.81,33.09,118260,0
FINX.US,D,20200205,000000,33.26,33.36,32.8,32.93,192630,0
FINX.US,D,20200206,000000,32.96,32.99,32.814,32.86,129463,0
FINX.US,D,20200207,000000,32.67,32.79,32.55,32.65,82407,0
FINX.US,D,20200210,000000,32.53,32.9066,32.51,32.89,135506,0
FINX.US,D,20200211,000000,33.09,33.269,32.98,32.98,94837,0
FINX.US,D,20200212,000000,33.12,33.24,32.91,33.12,178875,0
FINX.US,D,20200213,000000,33,33.63,32.899,33.41,76487,0
FINX.US,D,20200214,000000,33.48,33.79,33.473,33.79,103066,0
FINX.US,D,20200218,000000,33.7,33.8986,33.7,33.87,121071,0
FINX.US,D,20200219,000000,34.04,34.45,34,34.39,170776,0
FINX.US,D,20200220,000000,34.22,34.35,33.5101,34.01,223800,0
FINX.US,D,20200221,000000,33.87,33.97,33.41,33.61,131309,0
FINX.US,D,20200224,000000,32.1,32.48,31.78,32.26,233814,0
FINX.US,D,20200225,000000,32.38,32.46,31.16,31.28,286779,0
FINX.US,D,20200226,000000,31.38,31.8191,31.01,31.15,148446,0
FINX.US,D,20200227,000000,30.72,31.39,30.21,30.21,406092,0
FINX.US,D,20200228,000000,29.22,30.1,29,30.1,537576,0
FINX.US,D,20200302,000000,30.11,31.08,29.64,31.08,335376,0
FINX.US,D,20200303,000000,31.254,31.82,30.1706,30.56,461660,0
FINX.US,D,20200304,000000,30.89,31.46,30.4741,31.43,192725,0
FINX.US,D,20200305,000000,30.49,30.79,29.95,30.24,504545,0
FINX.US,D,20200306,000000,29.31,29.695,28.9551,29.62,284912,0
FINX.US,D,20200309,000000,27.19,27.9,26.8,26.84,582538,0
FINX.US,D,20200310,000000,28.21,28.64,27.1224,28.469,283183,0
FINX.US,D,20200311,000000,27.57,27.75,26.5,26.85,293042,0
FINX.US,D,20200312,000000,25,25.34,23.57,23.96,371541,0
FINX.US,D,20200313,000000,25.65,26.09,24.2201,26.09,214230,0
FINX.US,D,20200316,000000,21.03,24.0087,21.03,22.74,326066,0
FINX.US,D,20200317,000000,22.94,23.3257,21.935,23.25,234044,0
FINX.US,D,20200318,000000,21.31,21.7959,19.83,20.89,334827,0
FINX.US,D,20200319,000000,20.84,21.7199,20.095,21.25,258248,0
FINX.US,D,20200320,000000,21.87,22.3799,20.54,20.54,209355,0
FINX.US,D,20200323,000000,20.6,20.72,19.6501,20.2956,243205,0
FINX.US,D,20200324,000000,21.58,22.7199,21.58,22.56,229079,0
FINX.US,D,20200325,000000,23,24.4624,22.8455,23.61,272288,0
FINX.US,D,20200326,000000,24.1,25.33,24.1,25.2583,188929,0
FINX.US,D,20200327,000000,24.51,24.72,23.88,24.05,119515,0
FINX.US,D,20200330,000000,24.28,24.82,24.14,24.69,119226,0
FINX.US,D,20200331,000000,24.59,24.82,24,24.16,239627,0
FINX.US,D,20200401,000000,23.2,23.6,22.7,22.86,137663,0
FINX.US,D,20200402,000000,22.73,23.37,22.5,23.11,217064,0
FINX.US,D,20200403,000000,22.87,22.99,22.11,22.36,130132,0
FINX.US,D,20200406,000000,23.39,24.6165,23.39,24.49,147600,0
FINX.US,D,20200407,000000,25.43,25.53,24.54,24.58,167226,0
FINX.US,D,20200408,000000,24.91,25.6299,24.76,25.54,100784,0
FINX.US,D,20200409,000000,25.93,26.5081,25.81,26.14,158667,0
FINX.US,D,20200413,000000,26.02,26.02,25.27,25.73,122422,0
FINX.US,D,20200414,000000,26.49,26.88,26.3,26.73,205452,0
FINX.US,D,20200415,000000,25.94,25.98,25.65,25.73,150925,0
FINX.US,D,20200416,000000,26,26.106,25.5,25.92,302969,0
FINX.US,D,20200417,000000,26.62,26.93,26.5,26.93,205246,0
FINX.US,D,20200420,000000,26.63,27.07,26.51,26.56,214372,0
FINX.US,D,20200421,000000,26.23,26.31,25.62,25.81,116960,0
FINX.US,D,20200422,000000,26.34,26.7979,26.09,26.6734,165297,0
FINX.US,D,20200423,000000,26.8,27.12,26.58,26.68,213702,0
FINX.US,D,20200424,000000,26.79,27.2522,26.58,27.12,208233,0
FINX.US,D,20200427,000000,27.44,27.855,27.3,27.82,225192,0
FINX.US,D,20200428,000000,27.84,27.97,27.17,27.4,119568,0
FINX.US,D,20200429,000000,27.85,28.5,27.82,28.29,240732,0
FINX.US,D,20200430,000000,28.32,28.36,27.9,28.07,97834,0
FINX.US,D,20200501,000000,27.59,27.65,27.13,27.3,157395,0
FINX.US,D,20200504,000000,27.29,27.92,27.2,27.87,83322,0
FINX.US,D,20200505,000000,28.13,28.65,28.09,28.42,87219,0
FINX.US,D,20200506,000000,28.74,28.96,28.55,28.69,172186,0
FINX.US,D,20200507,000000,29.15,29.78,29.15,29.48,160660,0
FINX.US,D,20200508,000000,29.74,29.884,29.65,29.79,116893,0
FINX.US,D,20200511,000000,29.79,29.99,29.6,29.81,175893,0
FINX.US,D,20200512,000000,29.87,29.87,28.96,29.03,132571,0
FINX.US,D,20200513,000000,29.13,29.4,28.375,28.76,204164,0
FINX.US,D,20200514,000000,28.19,28.76,27.83,28.73,160996,0
FINX.US,D,20200515,000000,28.68,28.98,28.34,28.95,104593,0
FINX.US,D,20200518,000000,29.64,30.23,29.64,30.08,158177,0
FINX.US,D,20200519,000000,29.96,30.37,29.8,29.8,97772,0
FINX.US,D,20200520,000000,30.44,30.76,30.39,30.57,241733,0
FINX.US,D,20200521,000000,30.57,30.7799,30.2,30.45,135972,0
FINX.US,D,20200522,000000,30.45,30.78,30.36,30.67,111870,0
FINX.US,D,20200526,000000,31.78,31.87,31.18,31.28,277683,0
FINX.US,D,20200527,000000,31.39,31.39,30.54,31.32,187704,0
FINX.US,D,20200528,000000,31.6,32.072,31.53,31.53,151886,0
FINX.US,D,20200529,000000,31.83,32.205,31.65,32.15,99181,0
FINX.US,D,20200601,000000,32.31,32.84,32.31,32.81,144531,0
FINX.US,D,20200602,000000,33.02,33.14,32.76,33.11,189151,0
FINX.US,D,20200603,000000,33.33,33.82,33.204,33.69,148810,0
FINX.US,D,20200604,000000,33.49,33.5,33.02,33.21,245249,0
FINX.US,D,20200605,000000,33.29,33.84,33.29,33.58,173626,0
FINX.US,D,20200608,000000,33.65,33.83,33.4,33.8,157639,0
FINX.US,D,20200609,000000,33.31,33.77,33.251,33.52,164058,0
FINX.US,D,20200610,000000,33.91,34.08,33.55,33.79,259746,0
FINX.US,D,20200611,000000,33,33.07,31.87,31.9,372343,0
FINX.US,D,20200612,000000,32.79,32.92,31.75,32.446,182393,0
FINX.US,D,20200615,000000,31.97,33.12,31.7801,33.03,206050,0
FINX.US,D,20200616,000000,33.93,33.99,33.18,33.6066,187474,0
FINX.US,D,20200617,000000,33.96,34.249,33.85,33.99,179578,0
FINX.US,D,20200618,000000,33.28,33.49,33.12,33.47,170495,0
FINX.US,D,20200619,000000,33.71,33.74,32.86,32.88,109662,0
FINX.US,D,20200622,000000,32.88,33.48,32.8138,33.38,122979,0
FINX.US,D,20200623,000000,33.81,33.94,33.568,33.6,218189,0
FINX.US,D,20200624,000000,33.26,33.5,32.23,32.41,226003,0
FINX.US,D,20200625,000000,32.37,32.9,32.18,32.88,101739,0
FINX.US,D,20200626,000000,32.82,32.88,32.25,32.25,101555,0
FINX.US,D,20200629,000000,32.62,32.68,32.12,32.62,108818,0
FINX.US,D,20200630,000000,32.62,33.32,32.62,33.2234,256547,0
FINX.US,D,20200701,000000,33.35,34,33.28,33.85,109272,0
FINX.US,D,20200702,000000,34.32,34.48,34.04,34.12,237615,0
FINX.US,D,20200706,000000,34.735,35,34.4301,34.55,372429,0
FINX.US,D,20200707,000000,34.39,34.99,34.3,34.32,117707,0
FINX.US,D,20200708,000000,34.57,35.0604,34.57,35.06,142426,0
FINX.US,D,20200709,000000,35.39,35.44,34.6243,35.03,111535,0
FINX.US,D,20200710,000000,35.01,35.03,34.7,34.93,99817,0
FINX.US,D,20200713,000000,35.15,35.315,34.01,34.02,170058,0
FINX.US,D,20200714,000000,33.62,34.07,33.14,34.03,159820,0
FINX.US,D,20200715,000000,34.47,34.8,34.27,34.61,245651,0
FINX.US,D,20200716,000000,34.19,34.29,33.9074,34.08,87967,0
FINX.US,D,20200717,000000,34.31,34.6,34.18,34.5,79809,0
FINX.US,D,20200720,000000,34.66,35.51,34.65,35.46,249685,0
FINX.US,D,20200721,000000,35.79,35.95,35.5,35.59,157389,0
FINX.US,D,20200722,000000,35.68,35.988,35.63,35.85,182596,0
FINX.US,D,20200723,000000,35.72,36.05,35.1,35.31,101151,0
FINX.US,D,20200724,000000,34.82,34.985,34.4,34.73,135624,0
FINX.US,D,20200727,000000,35.08,35.43,35.01,35.36,108360,0
FINX.US,D,20200728,000000,35.09,35.38,34.95,34.99,208104,0
FINX.US,D,20200729,000000,35.26,35.97,35.22,35.89,148613,0
FINX.US,D,20200730,000000,35.45,35.9,35.15,35.86,244007,0
FINX.US,D,20200731,000000,36,36.07,35.3334,35.78,235731,0
FINX.US,D,20200803,000000,36.05,36.569,36.05,36.51,162717,0
FINX.US,D,20200804,000000,36.3,36.55,36.135,36.38,156899,0
FINX.US,D,20200805,000000,36.96,37.14,36.79,36.91,145697,0
FINX.US,D,20200806,000000,37.02,37.34,36.91,37.32,181184,0
FINX.US,D,20200807,000000,37.32,37.32,36.685,36.99,135623,0
FINX.US,D,20200810,000000,36.9,37.04,36.06,36.15,165261,0
FINX.US,D,20200811,000000,36.06,36.57,35.711,35.91,193548,0
FINX.US,D,20200812,000000,36.04,36.41,36,36.15,183924,0
FINX.US,D,20200813,000000,36.15,36.73,36.15,36.47,140907,0
FINX.US,D,20200814,000000,36.56,36.62,36.3701,36.47,70413,0
FINX.US,D,20200817,000000,36.61,37.28,36.61,37.23,121334,0
FINX.US,D,20200818,000000,37.29,37.42,37.035,37.31,211242,0
FINX.US,D,20200819,000000,37.57,37.73,37.1687,37.21,390901,0
FINX.US,D,20200820,000000,37,37.45,36.95,37.4,203594,0
FINX.US,D,20200821,000000,37.15,37.3099,37.04,37.26,152543,0
FINX.US,D,20200824,000000,37.93,37.99,37.45,37.66,233041,0
FINX.US,D,20200825,000000,37.9,38.42,37.88,38.41,226608,0
FINX.US,D,20200826,000000,38.78,39.0201,38.61,38.81,210808,0
FINX.US,D,20200827,000000,39.08,39.21,38.74,39.02,154639,0
FINX.US,D,20200828,000000,39.02,39.07,38.75,39.01,207347,0
FINX.US,D,20200831,000000,39.1,39.21,38.935,38.99,331901,0
FINX.US,D,20200901,000000,38.99,39.56,38.89,39.42,238405,0
FINX.US,D,20200902,000000,39.67,39.78,39.0707,39.65,293707,0
FINX.US,D,20200903,000000,39.13,39.13,37.43,37.78,353579,0
FINX.US,D,20200904,000000,37.56,37.7,35.66,36.84,439473,0
FINX.US,D,20200908,000000,36,36.59,35.7072,35.98,152428,0
FINX.US,D,20200909,000000,36.61,37.08,36.3,36.9,239378,0
FINX.US,D,20200910,000000,37.19,37.55,36.355,36.44,176724,0
FINX.US,D,20200911,000000,36.73,36.73,35.58,36.025,165271,0
FINX.US,D,20200914,000000,36.29,36.75,36.25,36.58,61754,0
FINX.US,D,20200915,000000,37.08,37.29,36.955,37.21,157026,0
FINX.US,D,20200916,000000,37.6,37.825,37.17,37.23,142223,0
FINX.US,D,20200917,000000,36.48,36.78,36.2901,36.76,126765,0
FINX.US,D,20200918,000000,37.06,37.15,36.374,36.82,58972,0
FINX.US,D,20200921,000000,35.97,36.62,35.7,36.6,247059,0
FINX.US,D,20200922,000000,36.97,37.51,36.7,37.49,335143,0
FINX.US,D,20200923,000000,37.52,37.53,36.5,36.56,187186,0
FINX.US,D,20200924,000000,36.2,36.86,35.91,36.5,102225,0
FINX.US,D,20200925,000000,36.43,37.285,36.28,37.17,206780,0
FINX.US,D,20200928,000000,37.78,38,37.65,37.78,210800,0
FINX.US,D,20200929,000000,37.94,38.26,37.94,38.08,205879,0
FINX.US,D,20200930,000000,38.11,38.37,37.74,37.97,212264,0
FINX.US,D,20201001,000000,38.53,38.67,38.2986,38.61,174574,0
FINX.US,D,20201002,000000,37.95,38.4,37.831,38.26,212504,0
FINX.US,D,20201005,000000,38.52,38.92,38.52,38.89,190606,0
FINX.US,D,20201006,000000,38.92,39.38,38.43,38.53,169235,0
FINX.US,D,20201007,000000,39.07,39.4,38.92,39.34,152427,0
FINX.US,D,20201008,000000,39.85,40,39.71,39.95,109790,0
FINX.US,D,20201009,000000,40.29,40.623,40.09,40.57,140674,0
FINX.US,D,20201012,000000,41.01,41.22,40.82,41.05,142570,0
FINX.US,D,20201013,000000,40.95,41.185,40.85,40.9,356355,0
FINX.US,D,20201014,000000,41.12,41.13,40.26,40.54,157615,0
FINX.US,D,20201015,000000,39.73,40.24,39.55,40.21,183666,0
FINX.US,D,20201016,000000,40.44,40.67,40.18,40.18,159382,0
FINX.US,D,20201019,000000,40.51,40.595,39.63,39.72,112137,0
FINX.US,D,20201020,000000,40.03,40.4199,39.99,39.99,158005,0
FINX.US,D,20201021,000000,39.92,40.225,39.61,39.87,166682,0
FINX.US,D,20201022,000000,39.78,39.84,39.1,39.53,150833,0
FINX.US,D,20201023,000000,39.76,39.91,39.345,39.69,99176,0
FINX.US,D,20201026,000000,39.12,39.18,38,38.52,210173,0
FINX.US,D,20201027,000000,38.66,38.83,38.24,38.36,179748,0
FINX.US,D,20201028,000000,37.84,37.8463,37.27,37.32,178475,0
FINX.US,D,20201029,000000,37.3,37.7299,37.17,37.5,172927,0
FINX.US,D,20201030,000000,37.24,37.3,36.09,36.34,243610,0
FINX.US,D,20201102,000000,36.74,36.956,36.2,36.5303,117554,0
FINX.US,D,20201103,000000,36.8,37.55,36.65,37.41,162145,0
FINX.US,D,20201104,000000,38.29,39.455,38.14,39.1,336539,0
FINX.US,D,20201105,000000,40,40.1,39.6525,40,154276,0
FINX.US,D,20201106,000000,40.08,40.45,39.7,40.17,167661,0
FINX.US,D,20201109,000000,41.0387,41.23,40.2246,40.23,275781,0
FINX.US,D,20201110,000000,39.64,39.76,38.46,39.27,177255,0
FINX.US,D,20201111,000000,39.95,40.32,39.85,40.28,116819,0
FINX.US,D,20201112,000000,40.41,40.49,39.7912,39.98,103064,0
FINX.US,D,20201113,000000,40.28,40.46,40.06,40.42,67397,0
FINX.US,D,20201116,000000,40.43,40.72,40.3414,40.62,175237,0
FINX.US,D,20201117,000000,40.32,40.87,40.2,40.71,222144,0
FINX.US,D,20201118,000000,40.75,40.97,40.46,40.49,153951,0
FINX.US,D,20201119,000000,40.65,41.28,40.59,41.1,294364,0
FINX.US,D,20201120,000000,41.27,41.54,41.1,41.3,154343,0
FINX.US,D,20201123,000000,41.7,42.015,41.385,41.89,222806,0
FINX.US,D,20201124,000000,42.22,42.24,41.8,42.23,250631,0
FINX.US,D,20201125,000000,41.95,42.395,41.9,42.33,233118,0
FINX.US,D,20201127,000000,42.68,42.88,42.47,42.88,92489,0
FINX.US,D,20201130,000000,42.99,43.055,42.195,42.73,100849,0
FINX.US,D,20201201,000000,43.19,43.34,42.83,43.08,187144,0
FINX.US,D,20201202,000000,42.82,42.83,42.44,42.65,162734,0
FINX.US,D,20201203,000000,42.81,43.25,42.73,42.89,167992,0
FINX.US,D,20201204,000000,43.02,43.64,43.02,43.46,138570,0
FINX.US,D,20201207,000000,43.62,43.885,43.56,43.79,213310,0
FINX.US,D,20201208,000000,43.79,44.198,43.79,44.14,217923,0
FINX.US,D,20201209,000000,44.85,44.85,43.242,43.42,323658,0
FINX.US,D,20201210,000000,43.2,43.9782,42.895,43.94,213545,0
FINX.US,D,20201211,000000,44,44.449,43.901,44.41,156386,0
FINX.US,D,20201214,000000,45.1,45.386,44.83,44.94,265998,0
FINX.US,D,20201215,000000,45.29,45.54,45.1952,45.46,235105,0
FINX.US,D,20201216,000000,45.86,46.16,45.605,46.16,236720,0
FINX.US,D,20201217,000000,46.74,47.13,46.711,46.99,283470,0
FINX.US,D,20201218,000000,47.1,47.11,46.64,46.93,315423,0
FINX.US,D,20201221,000000,46.298,46.5899,45.64,46.47,241140,0
FINX.US,D,20201222,000000,46.71,47.09,46.655,46.95,204525,0
FINX.US,D,20201223,000000,47.52,47.52,46.75,46.81,248791,0
FINX.US,D,20201224,000000,46.96,47,46.7154,46.95,140938,0
FINX.US,D,20201228,000000,47.45,47.49,46.49,46.7,166477,0
FINX.US,D,20201229,000000,46.93,47.0192,46.04,46.37,267855,0
FINX.US,D,20201230,000000,46.48,46.7699,46.4,46.63,129756,0
FINX.US,D,20201231,000000,46.71,46.78,46.42,46.71,128399,0
FINX.US,D,20210104,000000,47.17,47.2,45.8,46.35,462460,0
FINX.US,D,20210105,000000,46.36,46.8599,46.36,46.64,236508,0
FINX.US,D,20210106,000000,45.885,46.32,45.6309,45.8,381153,0
FINX.US,D,20210107,000000,45.71,46.2,45.7,46.19,340420,0
FINX.US,D,20210108,000000,46.84,47.0721,46.33,46.89,232370,0
FINX.US,D,20210111,000000,46.09,46.149,45.64,45.82,267677,0
FINX.US,D,20210112,000000,45.76,45.87,45.4,45.82,327650,0
FINX.US,D,20210113,000000,45.76,45.9,45.51,45.57,233797,0
FINX.US,D,20210114,000000,46,46.44,45.8,45.85,318140,0
FINX.US,D,20210115,000000,46.08,46.2,45.5019,45.76,208266,0
FINX.US,D,20210119,000000,46.49,46.8258,46.2416,46.66,409069,0
FINX.US,D,20210120,000000,47.2,47.6,47.16,47.4,242712,0
FINX.US,D,20210121,000000,47.94,47.96,47.45,47.69,304513,0
FINX.US,D,20210122,000000,47.31,47.66,47.24,47.36,190981,0
FINX.US,D,20210125,000000,47.72,47.9,46.361,47.2,301101,0
FINX.US,D,20210126,000000,47.5,47.5,46.61,46.7,286510,0
FINX.US,D,20210127,000000,45.88,45.93,44.9,45.16,361437,0
FINX.US,D,20210128,000000,45.28,46.0488,45.215,45.76,226852,0
FINX.US,D,20210129,000000,45.6,45.79,44.645,45,287081,0
FINX.US,D,20210201,000000,45.51,46.5,45.51,46.4,292979,0
FINX.US,D,20210202,000000,47.07,47.55,47.07,47.47,366725,0
FINX.US,D,20210203,000000,47.72,47.72,47.07,47.4,291206,0
FINX.US,D,20210204,000000,47.94,48.79,47.812,48.71,343353,0
FINX.US,D,20210205,000000,49,49.98,49,49.83,407528,0
FINX.US,D,20210208,000000,50.31,50.8289,50.27,50.77,467872,0
FINX.US,D,20210209,000000,50.48,50.85,50.1323,50.72,436975,0
FINX.US,D,20210210,000000,51.37,51.69,50.73,51.5,408777,0
FINX.US,D,20210211,000000,51.82,52.1588,51.51,51.82,267958,0
FINX.US,D,20210212,000000,51.75,52.188,51.565,52.17,190845,0
FINX.US,D,20210216,000000,52.82,52.87,52.08,52.53,376169,0
FINX.US,D,20210217,000000,52.01,52.14,50.9,51.57,387845,0
FINX.US,D,20210218,000000,51.29,51.5697,50.67,51.49,329044,0
FINX.US,D,20210219,000000,51.93,52.28,51.76,51.89,249956,0
FINX.US,D,20210222,000000,51.26,51.34,50.51,50.51,326102,0
FINX.US,D,20210223,000000,49.11,49.8382,47.8,49.68,432855,0
FINX.US,D,20210224,000000,49.06,49.55,48.2803,49.37,280257,0
FINX.US,D,20210225,000000,49.36,49.52,47.27,47.51,434912,0
FINX.US,D,20210226,000000,47.41,47.5386,46.3301,47.06,665663,0
FINX.US,D,20210301,000000,48.1704,48.82,47.95,48.72,214673,0
FINX.US,D,20210302,000000,48.84,48.89,48.04,48.22,546310,0
FINX.US,D,20210303,000000,47.85,48.0193,46.16,46.45,398389,0
FINX.US,D,20210304,000000,46.09,46.45,43.89,44.57,543370,0
FINX.US,D,20210305,000000,45,45.01,42.35,44.71,650993,0
FINX.US,D,20210308,000000,44.64,44.9776,43.34,43.42,294915,0
FINX.US,D,20210309,000000,44.53,45.3824,44.5,45.1,328409,0
FINX.US,D,20210310,000000,45.7,45.99,44.87,45.18,537210,0
FINX.US,D,20210311,000000,46.1,46.94,45.98,46.85,229952,0
FINX.US,D,20210312,000000,46.01,46.68,45.5101,46.57,201880,0
FINX.US,D,20210315,000000,46.51,46.63,46.05,46.61,396235,0
FINX.US,D,20210316,000000,47.08,47.1984,46.08,46.37,332850,0
FINX.US,D,20210317,000000,46.02,46.82,45.55,46.65,138457,0
FINX.US,D,20210318,000000,45.77,45.93,44.52,44.57,303946,0
FINX.US,D,20210319,000000,44.93,45.3699,44.5,45.05,198109,0
FINX.US,D,20210322,000000,45.23,45.49,45.05,45.25,324114,0
FINX.US,D,20210323,000000,45.25,45.35,44.54,44.69,107165,0
FINX.US,D,20210324,000000,44.82,45.09,43.6501,43.72,135588,0
FINX.US,D,20210325,000000,43.11,43.67,42.701,43.61,179293,0
FINX.US,D,20210326,000000,43.86,44.2299,43.2,44.1,141967,0
FINX.US,D,20210329,000000,43.64,43.81,42.74,43.18,187866,0
FINX.US,D,20210330,000000,42.93,43.34,42.6,43.19,108867,0
FINX.US,D,20210331,000000,43.64,44.36,43.56,44.13,125969,0
FINX.US,D,20210401,000000,44.9,45.5188,44.79,45.36,168540,0
FINX.US,D,20210405,000000,45.86,45.86,45.3119,45.66,212313,0
FINX.US,D,20210406,000000,45.7,46.3,45.53,46.21,196934,0
FINX.US,D,20210407,000000,46.21,46.66,46.1353,46.3,223401,0
FINX.US,D,20210408,000000,46.62,47.19,46.62,47.14,237303,0
FINX.US,D,20210409,000000,47.03,47.48,46.87,47.42,149740,0
FINX.US,D,20210412,000000,47.33,47.34,46.76,47.27,162250,0
FINX.US,D,20210413,000000,47.53,48.059,47.53,48,225563,0
FINX.US,D,20210414,000000,48.26,48.41,47.31,47.47,236168,0
FINX.US,D,20210415,000000,47.76,48.2058,47.6,48.1,293305,0
FINX.US,D,20210416,000000,48.2,48.24,47.61,47.93,140876,0
FINX.US,D,20210419,000000,47.52,47.81,46.8201,47.07,140090,0
FINX.US,D,20210420,000000,47.1,47.3,46.36,46.68,129726,0
FINX.US,D,20210421,000000,46.34,46.99,46.135,46.93,128762,0
FINX.US,D,20210422,000000,47.1,47.79,46.84,47.11,216939,0
FINX.US,D,20210423,000000,47.14,47.88,47.14,47.82,199590,0
FINX.US,D,20210426,000000,47.86,48.5528,47.84,48.48,146901,0
FINX.US,D,20210427,000000,48.32,48.35,47.86,47.91,380541,0
FINX.US,D,20210428,000000,48,48.2,47.67,47.94,114254,0
FINX.US,D,20210429,000000,48.39,48.39,47.14,47.59,130146,0
FINX.US,D,20210430,000000,46.87,47.1281,46.5,46.52,171394,0
FINX.US,D,20210503,000000,46.74,46.87,46.21,46.34,155765,0
FINX.US,D,20210504,000000,45.65,45.75,44.31,44.63,212202,0
FINX.US,D,20210505,000000,45.02,45.1155,44.17,44.38,124705,0
FINX.US,D,20210506,000000,44.25,44.25,43.15,43.77,170096,0
FINX.US,D,20210507,000000,44.38,44.7921,44.21,44.38,119014,0
FINX.US,D,20210510,000000,44.38,44.38,43.01,43.075,167181,0
FINX.US,D,20210511,000000,41.79,43,41.35,42.8,345940,0
FINX.US,D,20210512,000000,42.1397,42.63,41.41,41.45,451020,0
FINX.US,D,20210513,000000,41.55,41.9,40.6302,41.18,247325,0
FINX.US,D,20210514,000000,41.47,42.38,41.362,42.28,144666,0
FINX.US,D,20210517,000000,42.11,42.36,41.78,42.18,286483,0
FINX.US,D,20210518,000000,42.28,42.9681,42.2455,42.44,127185,0
FINX.US,D,20210519,000000,41.61,42.3959,41.42,42.39,172143,0
FINX.US,D,20210520,000000,42.93,43.8,42.93,43.7,289151,0
FINX.US,D,20210521,000000,44,44.22,43.6219,43.7,159068,0
FINX.US,D,20210524,000000,44.05,44.46,44,44.36,266622,0
FINX.US,D,20210525,000000,44.61,44.97,44.56,44.66,200037,0
FINX.US,D,20210526,000000,44.95,45.09,44.76,45.02,134646,0
FINX.US,D,20210527,000000,45.03,45.19,44.6073,45.07,186833,0
FINX.US,D,20210528,000000,45.15,45.3972,45.07,45.14,159852,0
FINX.US,D,20210601,000000,45.4,45.61,44.875,45.24,655704,0
FINX.US,D,20210602,000000,44.88,45.44,44.8501,45.26,298043,0
FINX.US,D,20210603,000000,45.0582,45.1261,44.61,44.73,229550,0
FINX.US,D,20210604,000000,45.04,45.33,45.04,45.3,120371,0
FINX.US,D,20210607,000000,45.25,45.3788,45.1,45.32,116540,0
FINX.US,D,20210608,000000,45.57,45.7108,45.19,45.58,85854,0
FINX.US,D,20210609,000000,45.75,45.9154,45.31,45.33,117991,0
FINX.US,D,20210610,000000,45.37,45.91,45.33,45.84,122283,0
FINX.US,D,20210611,000000,45.97,46.24,45.91,46.24,125618,0
FINX.US,D,20210614,000000,46.26,46.66,46.26,46.66,122386,0
FINX.US,D,20210615,000000,46.73,46.73,46.2805,46.42,104230,0
FINX.US,D,20210616,000000,46.4,46.7102,45.77,46.38,151681,0
FINX.US,D,20210617,000000,46.24,47.21,46.24,47.06,266924,0
FINX.US,D,20210618,000000,47.03,47.4663,46.94,47.31,181239,0
FINX.US,D,20210621,000000,47.38,47.79,46.85,47.68,150363,0
FINX.US,D,20210622,000000,47.65,47.976,47.345,47.92,104084,0
FINX.US,D,20210623,000000,48.1,48.2499,47.96,48.15,322244,0
FINX.US,D,20210624,000000,48.92,49,48.64,48.86,710545,0
FINX.US,D,20210625,000000,48.725,48.86,48.27,48.66,157453,0
FINX.US,D,20210628,000000,48.43,48.61,48.0915,48.35,225070,0
FINX.US,D,20210629,000000,48.3,48.49,48.2,48.24,75044,0
FINX.US,D,20210630,000000,47.98,48,47.62,47.67,137896,0
FINX.US,D,20210701,000000,47.61,47.92,47.41,47.71,170945,0
FINX.US,D,20210702,000000,48.18,48.19,47.72,47.97,128938,0
FINX.US,D,20210706,000000,47.82,47.98,47.4,47.76,99795,0
FINX.US,D,20210707,000000,48.09,48.3,47.475,47.92,623585,0
FINX.US,D,20210708,000000,47.012,47.11,46.18,46.88,105886,0
FINX.US,D,20210709,000000,47,47.5919,47,47.58,107104,0
FINX.US,D,20210712,000000,47.67,47.745,47.3,47.45,84981,0
FINX.US,D,20210713,000000,47.24,47.7399,47.01,47.03,151082,0
FINX.US,D,20210714,000000,47.26,47.3443,46.5,46.5,85554,0
FINX.US,D,20210715,000000,46.47,46.58,45.619,45.95,112695,0
FINX.US,D,20210716,000000,46.39,46.39,45.8,45.9,101857,0
FINX.US,D,20210719,000000,45.29,45.3547,44.61,45.19,185080,0
FINX.US,D,20210720,000000,45.19,46.315,45.0458,46.12,214191,0
FINX.US,D,20210721,000000,46.44,47,46.25,47,80614,0
FINX.US,D,20210722,000000,47.12,47.22,46.79,47.06,123448,0
FINX.US,D,20210723,000000,47.2177,47.335,47,47.25,163977,0
FINX.US,D,20210726,000000,47.32,47.59,47.1923,47.55,138592,0
FINX.US,D,20210727,000000,47.26,47.4506,46.19,46.73,111408,0
FINX.US,D,20210728,000000,46.95,47.49,46.8,47.41,150381,0
FINX.US,D,20210729,000000,47.58,48,47.5163,47.55,95537,0
FINX.US,D,20210730,000000,47.04,47.5,46.88,46.97,103519,0
FINX.US,D,20210802,000000,47.48,48.4096,47.48,47.91,478952,0
FINX.US,D,20210803,000000,47.91,47.91,46.8123,47.4,124669,0
FINX.US,D,20210804,000000,47.51,47.61,47.17,47.6,123546,0
FINX.US,D,20210805,000000,47.51,48.67,47.51,48.5,194583,0
FINX.US,D,20210806,000000,48.37,48.7217,48.102,48.42,90771,0
FINX.US,D,20210809,000000,48.66,49.15,48.66,48.92,124711,0
FINX.US,D,20210810,000000,49.55,49.56,48.51,48.59,136499,0
FINX.US,D,20210811,000000,49.24,49.4387,48.66,49.12,198745,0
FINX.US,D,20210812,000000,48.69,48.82,48.49,48.75,179723,0
FINX.US,D,20210813,000000,49.13,49.29,48.94,49.02,107999,0
FINX.US,D,20210816,000000,48.82,48.82,47.9501,48.53,277363,0
FINX.US,D,20210817,000000,48,48.36,47.6527,48.02,137072,0
FINX.US,D,20210818,000000,48.12,48.815,48,48.2,88944,0
FINX.US,D,20210819,000000,47.94,48.462,47.9,48.26,120457,0
FINX.US,D,20210820,000000,48.39,48.9439,48.39,48.89,122160,0
FINX.US,D,20210823,000000,49.43,49.89,49.43,49.86,171515,0
FINX.US,D,20210824,000000,49.89,50.5647,49.89,50.48,151180,0
FINX.US,D,20210825,000000,50.61,50.63,50.1707,50.35,115698,0
FINX.US,D,20210826,000000,50.07,50.19,49.5295,49.64,109683,0
FINX.US,D,20210827,000000,49.8,51.249,49.8,51.23,109010,0
FINX.US,D,20210830,000000,51.76,51.77,51.2,51.71,140584,0
FINX.US,D,20210831,000000,51.52,51.67,51.3,51.44,398159,0
FINX.US,D,20210901,000000,51.69,52.095,51.46,51.95,295501,0
