<TICKER>,<PER>,<DATE>,<TIME>,<OPEN>,<HIGH>,<LOW>,<CLOSE>,<VOL>,<OPENINT>
FIXD.US,D,20170327,000000,45.614,45.614,45.482,45.605,1984,0
FIXD.US,D,20170328,000000,45.29,45.518,45.29,45.449,5070,0
FIXD.US,D,20170329,000000,45.545,45.545,45.5,45.5,1225,0
FIXD.US,D,20170330,000000,45.508,45.518,45.473,45.49,2755,0
FIXD.US,D,20170331,000000,45.527,45.527,45.48,45.482,25375,0
FIXD.US,D,20170403,000000,45.588,45.679,45.571,45.679,6530,0
FIXD.US,D,20170404,000000,45.698,45.698,45.588,45.588,5183,0
FIXD.US,D,20170405,000000,45.571,45.588,45.518,45.588,5951,0
FIXD.US,D,20170406,000000,45.597,45.597,45.473,45.553,26919,0
FIXD.US,D,20170407,000000,45.622,45.623,45.518,45.518,13416,0
FIXD.US,D,20170410,000000,45.568,45.568,45.537,45.545,6497,0
FIXD.US,D,20170411,000000,45.669,45.789,45.646,45.789,12451,0
FIXD.US,D,20170412,000000,45.789,45.875,45.771,45.771,57075,0
FIXD.US,D,20170413,000000,45.875,45.879,45.875,45.879,582,0
FIXD.US,D,20170417,000000,45.906,45.994,45.799,45.799,7161,0
FIXD.US,D,20170418,000000,45.997,46.068,45.927,45.927,4471,0
FIXD.US,D,20170419,000000,45.943,45.957,45.927,45.937,2152,0
FIXD.US,D,20170420,000000,45.933,45.933,45.911,45.919,103107,0
FIXD.US,D,20170421,000000,45.982,45.982,45.716,45.927,34388,0
FIXD.US,D,20170424,000000,45.771,45.831,45.762,45.831,28443,0
FIXD.US,D,20170425,000000,45.754,45.78,45.722,45.78,31884,0
FIXD.US,D,20170426,000000,45.754,45.809,45.726,45.809,7192,0
FIXD.US,D,20170427,000000,45.77,45.857,45.735,45.857,47453,0
FIXD.US,D,20170428,000000,45.787,45.893,45.762,45.875,12815,0
FIXD.US,D,20170501,000000,45.867,45.867,45.857,45.867,1190,0
FIXD.US,D,20170502,000000,45.981,46.061,45.799,45.799,11378,0
FIXD.US,D,20170503,000000,45.965,46.015,45.919,45.965,10004,0
FIXD.US,D,20170504,000000,45.802,47.634,45.78,45.937,20332,0
FIXD.US,D,20170505,000000,45.893,45.927,45.883,45.889,10892,0
FIXD.US,D,20170508,000000,45.911,45.911,45.862,45.884,4544,0
FIXD.US,D,20170509,000000,45.844,45.844,45.802,45.837,1632,0
FIXD.US,D,20170510,000000,45.911,45.919,45.809,45.818,7231,0
FIXD.US,D,20170511,000000,45.858,45.902,45.735,45.902,4612,0
FIXD.US,D,20170512,000000,46.012,46.023,45.974,46.015,1747,0
FIXD.US,D,20170515,000000,45.401,46.007,45.401,45.99,2762,0
FIXD.US,D,20170516,000000,46.032,46.042,45.97,46.032,3521,0
FIXD.US,D,20170517,000000,46.318,46.318,46.224,46.265,2713,0
FIXD.US,D,20170518,000000,46.246,46.246,46.237,46.237,372,0
FIXD.US,D,20170519,000000,46.171,46.209,46.085,46.209,1005,0
FIXD.US,D,20170522,000000,46.209,46.227,46.053,46.227,3653,0
FIXD.US,D,20170523,000000,46.068,46.226,46.068,46.126,16118,0
FIXD.US,D,20170524,000000,46.16,46.445,46.14,46.236,18083,0
FIXD.US,D,20170525,000000,46.327,46.363,46.188,46.188,21894,0
FIXD.US,D,20170526,000000,46.346,46.382,46.264,46.3,6575,0
FIXD.US,D,20170530,000000,46.392,46.445,46.264,46.264,8495,0
FIXD.US,D,20170531,000000,46.283,46.401,46.255,46.397,3930,0
FIXD.US,D,20170601,000000,46.365,46.365,46.365,46.365,547,0
FIXD.US,D,20170602,000000,46.532,46.532,46.447,46.452,4632,0
FIXD.US,D,20170605,000000,46.445,46.524,46.445,46.49,3509,0
FIXD.US,D,20170606,000000,46.525,46.588,46.498,46.57,7493,0
FIXD.US,D,20170607,000000,46.501,46.615,46.373,46.373,5790,0
FIXD.US,D,20170608,000000,46.373,46.472,46.264,46.264,3633,0
FIXD.US,D,20170609,000000,46.48,46.48,46.264,46.264,1677,0
FIXD.US,D,20170612,000000,46.367,46.445,46.336,46.368,1543,0
FIXD.US,D,20170613,000000,46.273,46.478,46.264,46.264,6950,0
FIXD.US,D,20170614,000000,46.283,46.642,46.283,46.382,1686,0
FIXD.US,D,20170615,000000,46.541,46.541,46.452,46.452,1555,0
FIXD.US,D,20170616,000000,46.498,46.615,46.498,46.578,914,0
FIXD.US,D,20170619,000000,46.327,46.41,46.327,46.401,927,0
FIXD.US,D,20170620,000000,46.407,46.56,46.407,46.505,1311,0
FIXD.US,D,20170621,000000,46.578,46.643,46.46,46.46,36587,0
FIXD.US,D,20170622,000000,46.535,46.657,46.535,46.657,1585,0
FIXD.US,D,20170623,000000,46.63,46.667,46.492,46.667,1743,0
FIXD.US,D,20170626,000000,46.578,46.635,46.537,46.537,4065,0
FIXD.US,D,20170627,000000,46.447,46.517,46.387,46.387,43714,0
FIXD.US,D,20170628,000000,46.35,46.413,46.341,46.354,60945,0
FIXD.US,D,20170629,000000,46.259,46.501,46.241,46.305,100821,0
FIXD.US,D,20170630,000000,46.322,46.341,46.221,46.282,8139,0
FIXD.US,D,20170703,000000,46.288,46.288,46.154,46.154,1223,0
FIXD.US,D,20170705,000000,46.165,46.257,46.091,46.108,14936,0
FIXD.US,D,20170706,000000,46.116,46.126,45.984,45.984,2668,0
FIXD.US,D,20170707,000000,46.359,46.359,46.075,46.09,3368,0
FIXD.US,D,20170710,000000,46.126,46.145,46.019,46.145,3910,0
FIXD.US,D,20170711,000000,46.052,46.052,45.976,46.017,2028,0
FIXD.US,D,20170712,000000,46.296,46.296,46.212,46.278,4540,0
FIXD.US,D,20170713,000000,46.212,46.212,46.162,46.212,4043,0
FIXD.US,D,20170714,000000,46.23,46.305,46.221,46.221,1673,0
FIXD.US,D,20170717,000000,46.155,46.322,46.155,46.322,3596,0
FIXD.US,D,20170718,000000,46.422,46.465,46.259,46.455,1453,0
FIXD.US,D,20170719,000000,46.431,46.447,46.401,46.431,2105,0
FIXD.US,D,20170720,000000,46.475,46.517,46.368,46.418,3550,0
FIXD.US,D,20170721,000000,46.494,46.526,46.439,46.485,3841,0
FIXD.US,D,20170724,000000,46.349,46.493,46.349,46.484,822,0
FIXD.US,D,20170725,000000,46.319,46.367,46.144,46.34,5302,0
FIXD.US,D,20170726,000000,46.359,46.44,46.221,46.44,2385,0
FIXD.US,D,20170727,000000,46.367,46.376,46.317,46.376,1893,0
FIXD.US,D,20170728,000000,46.404,46.536,46.304,46.404,8577,0
FIXD.US,D,20170731,000000,46.395,46.395,46.268,46.376,7947,0
FIXD.US,D,20170801,000000,46.315,46.501,46.304,46.501,23672,0
FIXD.US,D,20170802,000000,46.413,46.555,46.413,46.474,8331,0
FIXD.US,D,20170803,000000,46.494,46.583,46.494,46.583,4871,0
FIXD.US,D,20170804,000000,46.421,46.439,46.417,46.439,1774,0
FIXD.US,D,20170807,000000,46.426,46.501,46.393,46.46,14630,0
FIXD.US,D,20170808,000000,46.385,46.439,46.349,46.439,5327,0
FIXD.US,D,20170809,000000,46.621,46.648,46.55,46.565,8887,0
FIXD.US,D,20170810,000000,46.477,46.545,46.467,46.518,2709,0
FIXD.US,D,20170811,000000,46.565,46.602,46.496,46.596,3155,0
FIXD.US,D,20170814,000000,46.501,46.526,46.46,46.526,3246,0
FIXD.US,D,20170815,000000,46.421,46.474,46.416,46.416,3659,0
FIXD.US,D,20170816,000000,46.34,46.621,46.34,46.583,11791,0
FIXD.US,D,20170817,000000,46.507,46.612,46.447,46.612,1014,0
FIXD.US,D,20170818,000000,46.583,46.583,46.583,46.583,627,0
FIXD.US,D,20170821,000000,46.639,46.639,46.625,46.639,1835,0
FIXD.US,D,20170822,000000,46.577,46.68,46.558,46.661,16668,0
FIXD.US,D,20170823,000000,46.587,46.637,46.587,46.637,600,0
FIXD.US,D,20170824,000000,46.608,46.716,46.608,46.716,6534,0
FIXD.US,D,20170825,000000,46.634,46.699,46.563,46.699,104705,0
FIXD.US,D,20170828,000000,46.622,46.809,46.622,46.771,4695,0
FIXD.US,D,20170829,000000,46.852,46.852,46.781,46.781,1779,0
FIXD.US,D,20170830,000000,46.708,46.725,46.708,46.725,2014,0
FIXD.US,D,20170831,000000,46.766,46.861,46.752,46.79,3159,0
FIXD.US,D,20170901,000000,46.708,46.771,46.661,46.699,1739,0
FIXD.US,D,20170905,000000,46.915,47.047,46.852,47.047,8725,0
FIXD.US,D,20170906,000000,46.907,46.935,46.888,46.888,1773,0
FIXD.US,D,20170907,000000,47.013,47.013,46.986,46.986,407,0
FIXD.US,D,20170908,000000,47.148,47.148,46.897,46.945,4350,0
FIXD.US,D,20170911,000000,46.809,47.085,46.809,46.897,13974,0
FIXD.US,D,20170912,000000,46.68,46.85,46.67,46.842,3214,0
FIXD.US,D,20170913,000000,46.737,46.851,46.708,46.8,19582,0
FIXD.US,D,20170914,000000,46.818,46.86,46.818,46.834,27349,0
FIXD.US,D,20170915,000000,46.711,46.861,46.691,46.844,4482,0
FIXD.US,D,20170918,000000,46.888,46.888,46.606,46.643,14819,0
FIXD.US,D,20170919,000000,46.624,46.869,46.615,46.716,74117,0
FIXD.US,D,20170920,000000,46.661,46.733,46.596,46.634,7573,0
FIXD.US,D,20170921,000000,46.717,46.725,46.662,46.662,2656,0
FIXD.US,D,20170922,000000,46.635,46.726,46.635,46.635,4260,0
FIXD.US,D,20170925,000000,46.773,46.819,46.773,46.811,2395,0
FIXD.US,D,20170926,000000,46.763,46.772,46.736,46.763,7596,0
FIXD.US,D,20170927,000000,46.635,46.644,46.593,46.635,5120,0
FIXD.US,D,20170928,000000,46.532,46.664,46.532,46.607,1148,0
FIXD.US,D,20170929,000000,46.633,46.745,46.59,46.7,44499,0
FIXD.US,D,20171002,000000,46.681,46.681,46.577,46.577,2905,0
FIXD.US,D,20171003,000000,46.708,46.717,46.708,46.717,1416,0
FIXD.US,D,20171004,000000,46.656,46.726,46.656,46.726,44722,0
FIXD.US,D,20171005,000000,46.637,46.652,46.563,46.625,7016,0
FIXD.US,D,20171006,000000,46.578,46.644,46.54,46.625,7402,0
FIXD.US,D,20171009,000000,46.644,46.671,46.57,46.671,18873,0
FIXD.US,D,20171010,000000,46.652,46.745,46.604,46.652,5107,0
FIXD.US,D,20171011,000000,46.7,46.717,46.521,46.578,71720,0
FIXD.US,D,20171012,000000,46.626,46.674,46.625,46.644,12315,0
FIXD.US,D,20171013,000000,46.662,46.809,46.644,46.681,47516,0
FIXD.US,D,20171016,000000,46.691,46.691,46.651,46.661,2505,0
FIXD.US,D,20171017,000000,46.708,46.717,46.657,46.7,4917,0
FIXD.US,D,20171018,000000,46.652,46.662,46.607,46.616,38215,0
FIXD.US,D,20171019,000000,46.644,49.024,46.635,46.644,536226,0
FIXD.US,D,20171020,000000,46.592,46.63,46.49,46.526,56828,0
FIXD.US,D,20171023,000000,46.611,46.824,46.54,46.612,15799,0
FIXD.US,D,20171024,000000,46.496,46.555,46.481,46.536,8943,0
FIXD.US,D,20171025,000000,46.473,46.526,46.453,46.517,10114,0
FIXD.US,D,20171026,000000,46.555,46.555,46.473,46.483,6488,0
FIXD.US,D,20171027,000000,46.527,46.583,46.48,46.537,25887,0
FIXD.US,D,20171030,000000,46.629,46.703,46.592,46.686,12409,0
FIXD.US,D,20171031,000000,46.574,46.686,46.574,46.676,9885,0
FIXD.US,D,20171101,000000,46.722,46.778,46.648,46.722,31375,0
FIXD.US,D,20171102,000000,46.712,46.796,46.657,46.74,32680,0
FIXD.US,D,20171103,000000,46.75,46.797,46.657,46.686,42747,0
FIXD.US,D,20171106,000000,46.722,46.824,46.722,46.788,6750,0
FIXD.US,D,20171107,000000,46.807,46.923,46.75,46.758,19765,0
FIXD.US,D,20171108,000000,46.807,46.877,46.772,46.807,18521,0
FIXD.US,D,20171109,000000,46.73,46.867,46.712,46.75,85381,0
FIXD.US,D,20171110,000000,46.621,46.639,46.565,46.583,6445,0
FIXD.US,D,20171113,000000,46.647,46.647,46.555,46.612,508679,0
FIXD.US,D,20171114,000000,46.545,46.676,46.545,46.676,24434,0
FIXD.US,D,20171115,000000,46.583,46.886,46.583,46.886,33308,0
FIXD.US,D,20171116,000000,46.621,46.905,46.621,46.695,300367,0
FIXD.US,D,20171117,000000,46.712,47.141,46.695,46.859,74087,0
FIXD.US,D,20171120,000000,46.85,46.935,46.708,46.758,115920,0
FIXD.US,D,20171121,000000,46.813,46.94,46.692,46.692,104793,0
FIXD.US,D,20171122,000000,46.78,46.945,46.727,46.878,39552,0
FIXD.US,D,20171124,000000,46.874,46.893,46.827,46.874,2305,0
FIXD.US,D,20171127,000000,46.843,46.998,46.799,46.883,60554,0
FIXD.US,D,20171128,000000,46.95,47.018,46.87,46.893,76083,0
FIXD.US,D,20171129,000000,47.062,47.062,46.69,46.756,74475,0
FIXD.US,D,20171130,000000,46.756,47.545,46.601,46.673,407628,0
FIXD.US,D,20171201,000000,46.756,47.071,46.723,46.727,76255,0
FIXD.US,D,20171204,000000,46.784,47.018,46.765,46.813,73501,0
FIXD.US,D,20171205,000000,46.804,47.064,46.784,46.847,48829,0
FIXD.US,D,20171206,000000,47.008,47.143,46.92,46.94,222420,0
FIXD.US,D,20171207,000000,46.94,46.998,46.829,46.856,88349,0
FIXD.US,D,20171208,000000,46.837,47.08,46.794,46.856,152282,0
FIXD.US,D,20171211,000000,46.902,46.902,46.837,46.837,71988,0
FIXD.US,D,20171212,000000,47.034,47.034,46.797,46.822,75620,0
FIXD.US,D,20171213,000000,46.95,47.062,46.838,46.987,204427,0
FIXD.US,D,20171214,000000,47.052,47.052,46.864,46.96,69430,0
FIXD.US,D,20171215,000000,47.043,47.089,46.911,46.96,83061,0
FIXD.US,D,20171218,000000,46.998,46.998,46.847,46.902,275903,0
FIXD.US,D,20171219,000000,47.018,47.018,46.626,46.737,157895,0
FIXD.US,D,20171220,000000,46.765,46.765,46.563,46.654,116649,0
FIXD.US,D,20171221,000000,46.692,46.794,46.645,46.709,249926,0
FIXD.US,D,20171222,000000,46.708,46.747,46.664,46.664,215147,0
FIXD.US,D,20171226,000000,46.654,46.856,46.654,46.727,351840,0
FIXD.US,D,20171227,000000,46.864,46.988,46.784,46.93,229137,0
FIXD.US,D,20171228,000000,46.874,46.978,46.813,46.847,125394,0
FIXD.US,D,20171229,000000,46.911,46.951,46.844,46.847,135974,0
FIXD.US,D,20180102,000000,46.883,46.93,46.709,46.784,75671,0
FIXD.US,D,20180103,000000,46.893,46.893,46.756,46.808,36127,0
FIXD.US,D,20180104,000000,46.756,46.822,46.664,46.813,289150,0
FIXD.US,D,20180105,000000,46.804,46.839,46.701,46.746,166856,0
FIXD.US,D,20180108,000000,46.778,46.784,46.747,46.747,48478,0
FIXD.US,D,20180109,000000,46.737,46.737,46.571,46.589,67948,0
FIXD.US,D,20180110,000000,46.522,46.626,46.522,46.617,55388,0
FIXD.US,D,20180111,000000,46.598,46.673,46.522,46.648,26811,0
FIXD.US,D,20180112,000000,46.608,46.683,46.571,46.626,36513,0
FIXD.US,D,20180116,000000,46.673,46.701,46.644,46.673,53320,0
FIXD.US,D,20180117,000000,46.683,46.683,46.584,46.626,49488,0
FIXD.US,D,20180118,000000,46.504,46.579,46.443,46.443,36256,0
FIXD.US,D,20180119,000000,46.497,46.522,46.399,46.408,31814,0
FIXD.US,D,20180122,000000,46.497,46.532,46.38,46.447,47177,0
FIXD.US,D,20180123,000000,46.514,46.546,46.451,46.514,43211,0
FIXD.US,D,20180124,000000,46.469,46.498,46.371,46.459,64807,0
FIXD.US,D,20180125,000000,46.434,46.523,46.415,46.505,27174,0
FIXD.US,D,20180126,000000,46.514,46.523,46.425,46.425,109427,0
FIXD.US,D,20180129,000000,46.39,46.459,46.342,46.408,97040,0
FIXD.US,D,20180130,000000,46.39,46.416,46.261,46.371,75270,0
FIXD.US,D,20180131,000000,46.408,46.408,46.193,46.338,52150,0
FIXD.US,D,20180201,000000,46.416,46.424,46.184,46.203,30802,0
FIXD.US,D,20180202,000000,46.166,46.175,45.964,46.042,52006,0
FIXD.US,D,20180205,000000,46.071,46.323,45.99,46.323,60436,0
FIXD.US,D,20180206,000000,46.099,46.203,46.052,46.052,50621,0
FIXD.US,D,20180207,000000,46.052,46.166,46.023,46.052,33976,0
FIXD.US,D,20180208,000000,45.964,46.062,45.872,45.926,46444,0
FIXD.US,D,20180209,000000,45.909,46.032,45.909,45.934,96078,0
FIXD.US,D,20180212,000000,45.934,46.023,45.88,45.992,34192,0
FIXD.US,D,20180213,000000,46.052,46.052,45.894,45.934,48457,0
FIXD.US,D,20180214,000000,45.843,45.934,45.767,45.785,28547,0
FIXD.US,D,20180215,000000,45.785,45.909,45.785,45.805,15241,0
FIXD.US,D,20180216,000000,45.899,45.981,45.88,45.88,107447,0
FIXD.US,D,20180220,000000,45.872,45.912,45.758,45.879,139207,0
FIXD.US,D,20180221,000000,45.917,45.927,45.645,45.664,82991,0
FIXD.US,D,20180222,000000,45.758,45.832,45.693,45.716,42572,0
FIXD.US,D,20180223,000000,45.872,45.917,45.762,45.823,12405,0
FIXD.US,D,20180226,000000,45.933,45.969,45.89,45.89,17058,0
FIXD.US,D,20180227,000000,45.853,45.909,45.674,45.721,33288,0
FIXD.US,D,20180228,000000,45.785,45.863,45.721,45.831,31588,0
FIXD.US,D,20180301,000000,45.898,45.953,45.795,45.911,25397,0
FIXD.US,D,20180302,000000,45.973,45.973,45.781,45.83,11594,0
FIXD.US,D,20180305,000000,45.824,45.896,45.749,45.785,22437,0
FIXD.US,D,20180306,000000,45.764,45.881,45.739,45.833,46193,0
FIXD.US,D,20180307,000000,45.843,45.853,45.739,45.815,15969,0
FIXD.US,D,20180308,000000,45.872,45.927,45.739,45.89,19435,0
FIXD.US,D,20180309,000000,45.721,45.833,45.674,45.713,36786,0
FIXD.US,D,20180312,000000,45.853,45.872,45.713,45.758,24611,0
FIXD.US,D,20180313,000000,45.927,45.927,45.785,45.872,70158,0
FIXD.US,D,20180314,000000,45.777,46.008,45.777,45.9,7539,0
FIXD.US,D,20180315,000000,45.99,46.008,45.863,45.881,38238,0
FIXD.US,D,20180316,000000,45.853,45.935,45.834,45.856,18303,0
FIXD.US,D,20180319,000000,45.881,45.964,45.767,45.881,23212,0
FIXD.US,D,20180320,000000,45.805,45.853,45.739,45.74,28240,0
FIXD.US,D,20180321,000000,45.756,45.795,45.664,45.713,90042,0
FIXD.US,D,20180322,000000,45.906,45.93,45.717,45.745,188826,0
FIXD.US,D,20180323,000000,45.869,45.896,45.764,45.811,77610,0
FIXD.US,D,20180326,000000,45.764,45.877,45.735,45.811,51162,0
FIXD.US,D,20180327,000000,45.82,45.978,45.82,45.961,33611,0
FIXD.US,D,20180328,000000,46.013,46.049,45.923,45.951,36279,0
FIXD.US,D,20180329,000000,45.996,46.144,45.978,46.144,25736,0
FIXD.US,D,20180402,000000,46.135,46.201,45.969,46.154,19185,0
FIXD.US,D,20180403,000000,46.039,46.144,45.969,46.068,171716,0
FIXD.US,D,20180404,000000,46.023,46.154,45.906,45.951,119698,0
FIXD.US,D,20180405,000000,45.995,46.068,45.845,45.887,97542,0
FIXD.US,D,20180406,000000,46.051,46.115,45.906,46.021,15109,0
FIXD.US,D,20180409,000000,46.059,46.096,45.896,46.078,27669,0
FIXD.US,D,20180410,000000,46.004,46.078,45.923,45.969,45648,0
FIXD.US,D,20180411,000000,45.988,46.134,45.961,45.988,12890,0
FIXD.US,D,20180412,000000,45.957,46.013,45.887,45.978,24919,0
FIXD.US,D,20180413,000000,45.952,46.049,45.931,45.941,18105,0
FIXD.US,D,20180416,000000,45.923,46.127,45.877,45.984,41678,0
FIXD.US,D,20180417,000000,45.962,46.105,45.942,46.029,83122,0
FIXD.US,D,20180418,000000,46.087,46.087,45.913,45.961,48957,0
FIXD.US,D,20180419,000000,45.839,45.887,45.773,45.773,49861,0
FIXD.US,D,20180420,000000,45.947,45.947,45.723,45.778,23505,0
FIXD.US,D,20180423,000000,45.768,45.768,45.655,45.664,13284,0
FIXD.US,D,20180424,000000,45.713,45.768,45.617,45.693,55270,0
FIXD.US,D,20180425,000000,45.579,45.713,45.517,45.655,34246,0
FIXD.US,D,20180426,000000,45.617,45.74,45.591,45.732,32966,0
FIXD.US,D,20180427,000000,45.778,45.845,45.656,45.807,22826,0
FIXD.US,D,20180430,000000,45.845,45.927,45.694,45.817,138966,0
FIXD.US,D,20180501,000000,45.807,45.845,45.75,45.75,58546,0
FIXD.US,D,20180502,000000,45.796,45.845,45.75,45.787,12423,0
FIXD.US,D,20180503,000000,45.787,45.911,45.787,45.807,30546,0
FIXD.US,D,20180504,000000,45.883,45.911,45.787,45.797,14524,0
FIXD.US,D,20180507,000000,45.787,45.919,45.787,45.902,28756,0
FIXD.US,D,20180508,000000,45.807,45.85,45.807,45.845,39117,0
FIXD.US,D,20180509,000000,45.768,45.778,45.713,45.722,30353,0
FIXD.US,D,20180510,000000,45.845,45.845,45.778,45.787,24049,0
FIXD.US,D,20180511,000000,45.873,45.883,45.797,45.797,43223,0
FIXD.US,D,20180514,000000,45.845,45.864,45.759,45.768,20931,0
FIXD.US,D,20180515,000000,45.713,45.732,45.517,45.572,30305,0
FIXD.US,D,20180516,000000,45.722,45.722,45.489,45.554,33436,0
FIXD.US,D,20180517,000000,45.563,45.635,45.406,45.563,298514,0
FIXD.US,D,20180518,000000,45.59,45.664,45.452,45.655,23238,0
FIXD.US,D,20180521,000000,45.472,45.693,45.472,45.693,13064,0
FIXD.US,D,20180522,000000,45.665,45.713,45.645,45.664,24227,0
FIXD.US,D,20180523,000000,45.778,45.865,45.645,45.74,40485,0
FIXD.US,D,20180524,000000,45.838,45.966,45.732,45.74,65482,0
FIXD.US,D,20180525,000000,46.011,46.046,45.873,45.966,23735,0
FIXD.US,D,20180529,000000,46.122,46.369,46.117,46.315,21933,0
FIXD.US,D,20180530,000000,46.243,46.276,46.116,46.228,14020,0
FIXD.US,D,20180531,000000,46.152,46.238,46.066,46.142,14230,0
FIXD.US,D,20180601,000000,46.113,46.142,45.976,46.103,10487,0
FIXD.US,D,20180604,000000,46.084,46.093,45.992,45.992,75568,0
FIXD.US,D,20180605,000000,46.056,46.093,46.004,46.046,16483,0
FIXD.US,D,20180606,000000,46.036,46.036,45.911,45.938,36970,0
FIXD.US,D,20180607,000000,45.855,46.019,45.855,46.011,59679,0
FIXD.US,D,20180608,000000,45.958,46.036,45.845,45.855,47393,0
FIXD.US,D,20180611,000000,45.883,45.943,45.865,45.865,12618,0
FIXD.US,D,20180612,000000,45.835,45.968,45.807,45.913,33314,0
FIXD.US,D,20180613,000000,45.938,45.991,45.759,45.778,11409,0
FIXD.US,D,20180614,000000,45.826,45.98,45.826,45.873,60741,0
FIXD.US,D,20180615,000000,45.903,46.074,45.893,45.893,31053,0
FIXD.US,D,20180618,000000,45.903,46.011,45.893,45.911,20376,0
FIXD.US,D,20180619,000000,46.056,46.084,45.948,45.985,50342,0
FIXD.US,D,20180620,000000,45.948,45.976,45.873,45.873,37300,0
FIXD.US,D,20180621,000000,46.011,46.027,45.903,45.958,26243,0
FIXD.US,D,20180622,000000,45.928,46.01,45.883,45.948,40411,0
FIXD.US,D,20180625,000000,45.966,46.056,45.959,45.959,27378,0
FIXD.US,D,20180626,000000,46.018,46.036,45.948,46.011,30436,0
FIXD.US,D,20180627,000000,46.056,46.191,46.027,46.075,58419,0
FIXD.US,D,20180628,000000,46.109,46.163,46.037,46.143,25564,0
FIXD.US,D,20180629,000000,46.085,46.143,46.03,46.046,36666,0
FIXD.US,D,20180702,000000,46.056,46.2,46.056,46.066,22369,0
FIXD.US,D,20180703,000000,46.084,46.21,46.046,46.056,24111,0
FIXD.US,D,20180705,000000,46.191,46.219,46.046,46.066,28182,0
FIXD.US,D,20180706,000000,46.257,46.296,46.145,46.191,12236,0
FIXD.US,D,20180709,000000,46.123,46.219,46.104,46.168,13930,0
FIXD.US,D,20180710,000000,46.075,46.228,46.075,46.163,20530,0
FIXD.US,D,20180711,000000,46.133,46.277,46.114,46.191,16584,0
FIXD.US,D,20180712,000000,46.248,46.248,46.143,46.172,13506,0
FIXD.US,D,20180713,000000,46.252,46.328,46.199,46.24,9418,0
FIXD.US,D,20180716,000000,46.267,46.287,46.163,46.172,13231,0
FIXD.US,D,20180717,000000,46.277,46.296,46.143,46.248,10003,0
FIXD.US,D,20180718,000000,46.21,46.276,46.123,46.123,24191,0
FIXD.US,D,20180719,000000,46.094,46.341,46.094,46.239,47336,0
FIXD.US,D,20180720,000000,46.2,46.277,46.134,46.209,22412,0
FIXD.US,D,20180723,000000,46.181,46.181,46.01,46.01,19799,0
FIXD.US,D,20180724,000000,45.945,46.094,45.934,46.049,16255,0
FIXD.US,D,20180725,000000,46.153,46.163,45.991,46.075,20303,0
FIXD.US,D,20180726,000000,46.104,46.123,46.027,46.104,33165,0
FIXD.US,D,20180727,000000,46.075,46.135,46.046,46.114,20500,0
FIXD.US,D,20180730,000000,46.046,46.153,46.037,46.085,21305,0
FIXD.US,D,20180731,000000,46.133,46.163,46.066,46.123,15660,0
FIXD.US,D,20180801,000000,46,46.104,45.966,45.975,41662,0
FIXD.US,D,20180802,000000,46.056,46.133,46.056,46.104,26130,0
FIXD.US,D,20180803,000000,46.109,46.209,46.085,46.163,21997,0
FIXD.US,D,20180806,000000,46.257,46.277,46.191,46.219,22224,0
FIXD.US,D,20180807,000000,46.219,46.248,46.018,46.046,116150,0
FIXD.US,D,20180808,000000,46.172,46.2,46.056,46.191,23232,0
FIXD.US,D,20180809,000000,46.21,46.287,46.156,46.239,26765,0
FIXD.US,D,20180810,000000,46.219,46.451,46.219,46.389,929827,0
FIXD.US,D,20180813,000000,46.36,46.451,46.297,46.416,27576,0
FIXD.US,D,20180814,000000,46.389,46.415,46.321,46.35,54927,0
FIXD.US,D,20180815,000000,46.398,46.467,46.322,46.442,52935,0
FIXD.US,D,20180816,000000,46.459,46.459,46.248,46.287,69360,0
FIXD.US,D,20180817,000000,46.407,46.498,46.407,46.424,96530,0
FIXD.US,D,20180820,000000,46.498,46.545,46.479,46.545,90841,0
FIXD.US,D,20180821,000000,46.565,46.565,46.498,46.517,37475,0
FIXD.US,D,20180822,000000,46.583,46.583,46.489,46.583,66843,0
FIXD.US,D,20180823,000000,46.517,46.602,46.442,46.465,41448,0
FIXD.US,D,20180824,000000,46.469,46.602,46.442,46.602,36031,0
FIXD.US,D,20180827,000000,46.517,46.574,46.444,46.507,20862,0
FIXD.US,D,20180828,000000,46.479,46.489,46.415,46.415,38265,0
FIXD.US,D,20180829,000000,46.398,46.469,46.398,46.442,24835,0
FIXD.US,D,20180830,000000,46.453,46.507,46.433,46.479,35101,0
FIXD.US,D,20180831,000000,46.545,46.555,46.442,46.442,26876,0
FIXD.US,D,20180904,000000,46.459,46.469,46.398,46.398,24024,0
FIXD.US,D,20180905,000000,46.407,46.415,46.295,46.358,24301,0
FIXD.US,D,20180906,000000,46.398,46.469,46.389,46.398,74540,0
FIXD.US,D,20180907,000000,46.424,46.424,46.209,46.238,57805,0
FIXD.US,D,20180910,000000,46.321,46.36,46.256,46.276,50300,0
FIXD.US,D,20180911,000000,46.276,46.311,46.171,46.218,266715,0
FIXD.US,D,20180912,000000,46.308,46.316,46.209,46.218,120001,0
FIXD.US,D,20180913,000000,46.341,46.35,46.228,46.228,268670,0
FIXD.US,D,20180914,000000,46.238,46.256,46.084,46.171,64550,0
FIXD.US,D,20180917,000000,46.199,46.265,46.084,46.181,75706,0
FIXD.US,D,20180918,000000,46.212,46.212,46.026,46.035,52422,0
FIXD.US,D,20180919,000000,46.026,46.122,45.998,46.035,26271,0
FIXD.US,D,20180920,000000,45.935,46.103,45.909,46.008,29749,0
FIXD.US,D,20180921,000000,45.945,46.093,45.945,46.008,41100,0
FIXD.US,D,20180924,000000,46.074,46.122,45.964,45.998,122727,0
FIXD.US,D,20180925,000000,45.982,46.065,45.982,46.035,22090,0
FIXD.US,D,20180926,000000,46.087,46.103,45.973,46.084,19773,0
FIXD.US,D,20180927,000000,46.103,46.181,46.017,46.113,97048,0
FIXD.US,D,20180928,000000,46.199,46.238,46.132,46.162,24051,0
FIXD.US,D,20181001,000000,46.152,46.199,46.122,46.122,59586,0
FIXD.US,D,20181002,000000,46.181,46.256,46.103,46.132,40219,0
FIXD.US,D,20181003,000000,46.162,46.176,45.917,45.927,42165,0
FIXD.US,D,20181004,000000,45.899,45.927,45.794,45.87,61222,0
FIXD.US,D,20181005,000000,45.803,45.813,45.67,45.68,115815,0
FIXD.US,D,20181008,000000,45.709,45.793,45.68,45.755,35982,0
FIXD.US,D,20181009,000000,45.699,45.841,45.67,45.831,39510,0
FIXD.US,D,20181010,000000,45.764,45.851,45.622,45.755,110049,0
FIXD.US,D,20181011,000000,45.746,45.915,45.699,45.822,59677,0
FIXD.US,D,20181012,000000,45.774,45.973,45.774,45.917,79111,0
FIXD.US,D,20181015,000000,45.945,45.964,45.851,45.917,29655,0
FIXD.US,D,20181016,000000,45.889,45.927,45.87,45.879,31092,0
FIXD.US,D,20181017,000000,45.861,45.934,45.831,45.831,40314,0
FIXD.US,D,20181018,000000,45.746,45.879,45.736,45.755,58669,0
FIXD.US,D,20181019,000000,45.793,45.861,45.641,45.755,104169,0
FIXD.US,D,20181022,000000,45.813,45.851,45.734,45.774,63628,0
FIXD.US,D,20181023,000000,45.927,45.974,45.746,45.746,42840,0
FIXD.US,D,20181024,000000,45.928,45.974,45.874,45.909,44709,0
FIXD.US,D,20181025,000000,45.927,45.964,45.889,45.927,648932,0
FIXD.US,D,20181026,000000,45.974,46.085,45.964,46.018,47836,0
FIXD.US,D,20181029,000000,46.004,46.036,45.96,45.999,33352,0
FIXD.US,D,20181030,000000,45.974,46.009,45.851,45.964,37356,0
FIXD.US,D,20181031,000000,45.841,45.917,45.822,45.899,26981,0
FIXD.US,D,20181101,000000,45.831,45.909,45.831,45.909,22027,0
FIXD.US,D,20181102,000000,45.822,45.851,45.67,45.728,48518,0
FIXD.US,D,20181105,000000,45.736,45.793,45.613,45.755,44126,0
FIXD.US,D,20181106,000000,45.709,45.771,45.68,45.718,40169,0
FIXD.US,D,20181107,000000,45.68,45.87,45.68,45.808,37188,0
FIXD.US,D,20181108,000000,45.699,45.851,45.68,45.755,73953,0
FIXD.US,D,20181109,000000,45.783,45.889,45.709,45.889,114741,0
FIXD.US,D,20181112,000000,45.917,45.964,45.793,45.879,101988,0
FIXD.US,D,20181113,000000,45.889,45.935,45.889,45.889,40647,0
FIXD.US,D,20181114,000000,45.879,46.066,45.879,45.974,49340,0
FIXD.US,D,20181115,000000,46.009,46.066,45.831,45.909,47365,0
FIXD.US,D,20181116,000000,45.935,46.056,45.935,46.038,36289,0
FIXD.US,D,20181119,000000,45.999,46.123,45.999,46.104,123144,0
FIXD.US,D,20181120,000000,46.018,46.114,45.999,46.061,34913,0
FIXD.US,D,20181121,000000,45.978,46.046,45.899,45.978,48985,0
FIXD.US,D,20181123,000000,46.036,46.075,45.999,46.027,15306,0
FIXD.US,D,20181126,000000,46.018,46.036,45.909,45.988,29986,0
FIXD.US,D,20181127,000000,45.974,46.075,45.974,45.983,44157,0
FIXD.US,D,20181128,000000,45.974,46.104,45.927,46.075,128421,0
FIXD.US,D,20181129,000000,46.143,46.163,46.018,46.056,70034,0
FIXD.US,D,20181130,000000,46.143,46.172,46.056,46.075,38934,0
FIXD.US,D,20181203,000000,46.181,46.2,46.036,46.104,121565,0
FIXD.US,D,20181204,000000,46.181,46.382,46.181,46.314,95765,0
FIXD.US,D,20181206,000000,46.333,46.493,46.324,46.41,67920,0
FIXD.US,D,20181207,000000,46.363,46.549,46.333,46.54,60229,0
FIXD.US,D,20181210,000000,46.559,46.606,46.493,46.493,45530,0
FIXD.US,D,20181211,000000,46.463,46.569,46.463,46.52,49627,0
FIXD.US,D,20181212,000000,46.478,46.511,46.418,46.473,91932,0
FIXD.US,D,20181213,000000,46.453,46.537,46.427,46.493,97197,0
FIXD.US,D,20181214,000000,46.463,46.564,46.392,46.41,99652,0
FIXD.US,D,20181217,000000,46.559,46.569,46.483,46.507,47505,0
FIXD.US,D,20181218,000000,46.52,46.692,46.502,46.673,56210,0
FIXD.US,D,20181219,000000,46.634,46.769,46.587,46.673,56971,0
FIXD.US,D,20181220,000000,46.75,46.871,46.673,46.711,51436,0
FIXD.US,D,20181221,000000,46.702,46.769,46.635,46.74,180296,0
FIXD.US,D,20181224,000000,46.825,46.825,46.721,46.73,48341,0
FIXD.US,D,20181226,000000,46.75,46.788,46.615,46.615,69951,0
FIXD.US,D,20181227,000000,46.759,46.816,46.664,46.702,943233,0
FIXD.US,D,20181228,000000,46.798,46.833,46.745,46.833,147272,0
FIXD.US,D,20181231,000000,46.816,46.87,46.74,46.833,55366,0
FIXD.US,D,20190102,000000,46.851,46.973,46.825,46.93,342549,0
FIXD.US,D,20190103,000000,46.95,47.166,46.949,47.106,148179,0
FIXD.US,D,20190104,000000,47.074,47.111,46.988,47.055,93217,0
FIXD.US,D,20190107,000000,47.139,47.139,46.978,47.008,73094,0
FIXD.US,D,20190108,000000,47.018,47.033,46.91,46.97,173332,0
FIXD.US,D,20190109,000000,47.027,47.045,46.94,47.036,87245,0
FIXD.US,D,20190110,000000,47.036,47.102,46.884,46.92,48712,0
FIXD.US,D,20190111,000000,47.036,47.083,46.96,47.027,79737,0
FIXD.US,D,20190114,000000,47.074,47.149,46.94,47.055,60717,0
FIXD.US,D,20190115,000000,47.083,47.09,46.92,46.95,62524,0
FIXD.US,D,20190116,000000,47.018,47.036,46.92,46.978,64128,0
FIXD.US,D,20190117,000000,47.036,47.055,46.91,47.008,64118,0
FIXD.US,D,20190118,000000,46.93,47.074,46.851,46.95,196327,0
FIXD.US,D,20190122,000000,46.998,47.111,46.95,46.998,981222,0
FIXD.US,D,20190123,000000,47.055,47.102,46.999,47.074,69704,0
FIXD.US,D,20190124,000000,47.074,47.197,47.055,47.083,37681,0
FIXD.US,D,20190125,000000,47.107,47.158,47.036,47.129,64145,0
FIXD.US,D,20190128,000000,47.102,47.177,47.008,47.093,149000,0
FIXD.US,D,20190129,000000,47.158,47.206,47.102,47.187,32035,0
FIXD.US,D,20190130,000000,47.149,47.34,47.129,47.226,114992,0
FIXD.US,D,20190131,000000,47.311,47.436,47.311,47.386,57770,0
FIXD.US,D,20190201,000000,47.436,47.436,47.261,47.301,203498,0
FIXD.US,D,20190204,000000,47.311,47.358,47.243,47.34,84778,0
FIXD.US,D,20190205,000000,47.368,47.406,47.33,47.396,96846,0
FIXD.US,D,20190206,000000,47.445,47.502,47.32,47.33,159687,0
FIXD.US,D,20190207,000000,47.445,47.52,47.358,47.463,92573,0
FIXD.US,D,20190208,000000,47.546,47.585,47.463,47.565,78789,0
FIXD.US,D,20190211,000000,47.546,47.546,47.396,47.442,59272,0
FIXD.US,D,20190212,000000,47.472,47.529,47.35,47.482,335311,0
FIXD.US,D,20190213,000000,47.406,47.502,47.301,47.34,86975,0
FIXD.US,D,20190214,000000,47.472,47.575,47.406,47.51,64688,0
FIXD.US,D,20190215,000000,47.482,47.537,47.482,47.502,28447,0
FIXD.US,D,20190219,000000,47.585,47.615,47.529,47.585,113513,0
FIXD.US,D,20190220,000000,47.482,47.589,47.482,47.566,65284,0
FIXD.US,D,20190221,000000,47.416,47.546,47.386,47.386,83769,0
FIXD.US,D,20190222,000000,47.454,47.583,47.454,47.556,74837,0
FIXD.US,D,20190225,000000,47.52,47.566,47.502,47.502,34674,0
FIXD.US,D,20190226,000000,47.556,47.625,47.546,47.605,76074,0
FIXD.US,D,20190227,000000,47.566,47.604,47.463,47.463,104966,0
FIXD.US,D,20190228,000000,47.502,47.52,47.411,47.416,372294,0
FIXD.US,D,20190301,000000,47.377,47.454,47.329,47.377,234374,0
FIXD.US,D,20190304,000000,47.454,47.492,47.349,47.454,225276,0
FIXD.US,D,20190305,000000,47.416,47.482,47.349,47.416,97927,0
FIXD.US,D,20190306,000000,47.426,47.537,47.426,47.482,253373,0
FIXD.US,D,20190307,000000,47.566,47.68,47.566,47.615,449118,0
FIXD.US,D,20190308,000000,47.634,47.689,47.605,47.65,125287,0
FIXD.US,D,20190311,000000,47.634,47.689,47.605,47.641,53274,0
FIXD.US,D,20190312,000000,47.689,47.756,47.661,47.728,43608,0
FIXD.US,D,20190313,000000,47.708,47.776,47.698,47.708,34747,0
FIXD.US,D,20190314,000000,47.746,47.747,47.67,47.708,23092,0
FIXD.US,D,20190315,000000,47.756,47.776,47.708,47.766,34076,0
FIXD.US,D,20190318,000000,47.736,47.816,47.698,47.708,656711,0
FIXD.US,D,20190319,000000,47.728,47.756,47.699,47.708,86662,0
FIXD.US,D,20190320,000000,47.746,47.941,47.68,47.826,44726,0
FIXD.US,D,20190321,000000,47.924,47.97,47.885,47.885,75710,0
FIXD.US,D,20190322,000000,48.072,48.14,48.036,48.12,211995,0
FIXD.US,D,20190325,000000,48.15,48.332,48.092,48.18,66012,0
FIXD.US,D,20190326,000000,48.18,48.294,48.14,48.281,103727,0
FIXD.US,D,20190327,000000,48.332,48.408,48.254,48.285,185832,0
FIXD.US,D,20190328,000000,48.332,48.444,48.309,48.428,129528,0
FIXD.US,D,20190329,000000,48.322,48.394,48.284,48.35,86455,0
FIXD.US,D,20190401,000000,48.295,48.319,48.082,48.18,530941,0
FIXD.US,D,20190402,000000,48.16,48.258,48.13,48.19,90187,0
FIXD.US,D,20190403,000000,48.14,48.18,48.111,48.14,71394,0
FIXD.US,D,20190404,000000,48.167,48.18,48.102,48.17,76608,0
FIXD.US,D,20190405,000000,48.14,48.229,48.14,48.21,39278,0
FIXD.US,D,20190408,000000,48.2,48.276,48.17,48.2,85410,0
FIXD.US,D,20190409,000000,48.239,48.3,48.235,48.254,46165,0
FIXD.US,D,20190410,000000,48.295,48.35,48.295,48.342,54756,0
FIXD.US,D,20190411,000000,48.285,48.295,48.219,48.258,84793,0
FIXD.US,D,20190412,000000,48.15,48.239,48.111,48.111,68172,0
FIXD.US,D,20190415,000000,48.102,48.19,48.102,48.111,41383,0
FIXD.US,D,20190416,000000,48.102,48.15,48.017,48.07,35424,0
FIXD.US,D,20190417,000000,48.111,48.14,48.045,48.087,55994,0
FIXD.US,D,20190418,000000,48.111,48.219,48.082,48.15,48349,0
FIXD.US,D,20190422,000000,48.13,48.18,48.054,48.111,109395,0
FIXD.US,D,20190423,000000,48.2,48.2,48.092,48.16,47219,0
FIXD.US,D,20190424,000000,48.258,48.295,48.239,48.272,90904,0
FIXD.US,D,20190425,000000,48.277,48.316,48.249,48.277,133727,0
FIXD.US,D,20190426,000000,48.371,48.409,48.319,48.4,36225,0
FIXD.US,D,20190429,000000,48.323,48.351,48.268,48.323,45233,0
FIXD.US,D,20190430,000000,48.314,48.38,48.285,48.333,97386,0
FIXD.US,D,20190501,000000,48.429,48.521,48.371,48.4,164744,0
FIXD.US,D,20190502,000000,48.361,48.38,48.249,48.305,260590,0
FIXD.US,D,20190503,000000,48.333,48.409,48.274,48.371,44817,0
FIXD.US,D,20190506,000000,48.409,48.464,48.38,48.39,43122,0
FIXD.US,D,20190507,000000,48.501,48.54,48.465,48.521,93386,0
FIXD.US,D,20190508,000000,48.482,48.55,48.39,48.4,123580,0
FIXD.US,D,20190509,000000,48.492,48.589,48.438,48.438,31545,0
FIXD.US,D,20190510,000000,48.492,48.588,48.455,48.482,55279,0
FIXD.US,D,20190513,000000,48.618,48.648,48.55,48.598,131309,0
FIXD.US,D,20190514,000000,48.628,48.648,48.531,48.638,53056,0
FIXD.US,D,20190515,000000,48.737,48.776,48.648,48.687,36479,0
FIXD.US,D,20190516,000000,48.648,48.687,48.618,48.687,83344,0
FIXD.US,D,20190517,000000,48.687,48.756,48.644,48.668,65343,0
FIXD.US,D,20190520,000000,48.707,48.727,48.608,48.648,30617,0
FIXD.US,D,20190521,000000,48.648,48.648,48.55,48.614,49889,0
FIXD.US,D,20190522,000000,48.678,48.737,48.644,48.717,162037,0
FIXD.US,D,20190523,000000,48.766,48.928,48.766,48.852,54287,0
FIXD.US,D,20190524,000000,48.881,48.918,48.834,48.889,98723,0
FIXD.US,D,20190528,000000,48.918,49.013,48.89,48.918,85211,0
FIXD.US,D,20190529,000000,49.013,49.11,48.948,48.948,58652,0
FIXD.US,D,20190530,000000,48.918,49.159,48.918,49.15,73784,0
FIXD.US,D,20190531,000000,49.273,49.33,49.187,49.32,114235,0
FIXD.US,D,20190603,000000,49.407,49.514,49.31,49.464,94648,0
FIXD.US,D,20190604,000000,49.368,49.454,49.311,49.417,162420,0
FIXD.US,D,20190605,000000,49.417,49.484,49.35,49.35,629195,0
FIXD.US,D,20190606,000000,49.368,49.474,49.33,49.387,75175,0
FIXD.US,D,20190607,000000,49.524,49.571,49.445,49.544,59694,0
FIXD.US,D,20190610,000000,49.407,49.484,49.301,49.32,239597,0
FIXD.US,D,20190611,000000,49.31,49.378,49.292,49.358,70668,0
FIXD.US,D,20190612,000000,49.387,49.464,49.35,49.417,87490,0
FIXD.US,D,20190613,000000,49.417,49.514,49.417,49.507,303916,0
FIXD.US,D,20190614,000000,49.454,49.544,49.412,49.504,53532,0
FIXD.US,D,20190617,000000,49.534,49.534,49.453,49.464,212343,0
FIXD.US,D,20190618,000000,49.667,49.667,49.534,49.619,62999,0
FIXD.US,D,20190619,000000,49.544,49.774,49.514,49.774,82277,0
FIXD.US,D,20190620,000000,49.84,49.928,49.821,49.821,135153,0
FIXD.US,D,20190621,000000,49.764,49.764,49.677,49.725,106493,0
FIXD.US,D,20190624,000000,49.784,49.88,49.764,49.821,114551,0
FIXD.US,D,20190625,000000,49.87,49.925,49.754,49.83,581779,0
FIXD.US,D,20190626,000000,49.811,49.83,49.677,49.734,365979,0
FIXD.US,D,20190627,000000,49.784,49.88,49.754,49.86,78784,0
FIXD.US,D,20190628,000000,49.821,49.939,49.697,49.88,487156,0
FIXD.US,D,20190701,000000,49.91,49.958,49.811,49.89,286878,0
FIXD.US,D,20190702,000000,49.958,50.008,49.868,49.968,238241,0
FIXD.US,D,20190703,000000,50.025,50.092,49.998,50.045,146841,0
FIXD.US,D,20190705,000000,49.84,49.91,49.744,49.84,109548,0
FIXD.US,D,20190708,000000,49.89,49.91,49.821,49.835,142787,0
FIXD.US,D,20190709,000000,49.9,49.9,49.774,49.83,123581,0
FIXD.US,D,20190710,000000,49.821,49.89,49.793,49.86,120294,0
FIXD.US,D,20190711,000000,49.793,49.836,49.657,49.657,99718,0
FIXD.US,D,20190712,000000,49.667,49.734,49.648,49.725,197129,0
FIXD.US,D,20190715,000000,49.744,49.811,49.707,49.811,80017,0
FIXD.US,D,20190716,000000,49.697,49.725,49.648,49.725,123487,0
FIXD.US,D,20190717,000000,49.754,49.89,49.754,49.889,147418,0
FIXD.US,D,20190718,000000,49.811,49.958,49.774,49.939,172459,0
FIXD.US,D,20190719,000000,49.88,49.915,49.842,49.9,194478,0
FIXD.US,D,20190722,000000,49.968,49.968,49.9,49.929,79745,0
FIXD.US,D,20190723,000000,49.91,49.929,49.85,49.9,184151,0
FIXD.US,D,20190724,000000,49.958,49.983,49.9,49.968,115944,0
FIXD.US,D,20190725,000000,49.939,49.939,49.818,49.91,170348,0
FIXD.US,D,20190726,000000,49.929,49.948,49.854,49.86,713205,0
FIXD.US,D,20190729,000000,49.92,49.939,49.852,49.9,399387,0
FIXD.US,D,20190730,000000,49.939,49.968,49.88,49.939,190695,0
FIXD.US,D,20190731,000000,49.939,50.055,49.88,49.998,139903,0
FIXD.US,D,20190801,000000,50.074,50.352,50.025,50.332,234142,0
FIXD.US,D,20190802,000000,50.372,50.431,50.303,50.431,155005,0
FIXD.US,D,20190805,000000,50.527,50.641,50.498,50.603,121646,0
FIXD.US,D,20190806,000000,50.68,50.68,50.528,50.68,138066,0
FIXD.US,D,20190807,000000,50.932,50.932,50.622,50.622,326064,0
FIXD.US,D,20190808,000000,50.65,50.768,50.547,50.758,329999,0
FIXD.US,D,20190809,000000,50.718,50.816,50.637,50.641,181308,0
FIXD.US,D,20190812,000000,50.738,50.942,50.738,50.875,85431,0
FIXD.US,D,20190813,000000,50.884,50.884,50.728,50.728,121485,0
FIXD.US,D,20190814,000000,50.98,51.008,50.856,50.99,133403,0
FIXD.US,D,20190815,000000,51.038,51.255,51.004,51.135,120735,0
FIXD.US,D,20190816,000000,51.043,51.135,50.962,51.106,229873,0
FIXD.US,D,20190819,000000,50.971,51.035,50.932,50.99,115064,0
FIXD.US,D,20190820,000000,51.067,51.145,51.058,51.145,83935,0
FIXD.US,D,20190821,000000,51.048,51.173,50.933,51.067,396021,0
FIXD.US,D,20190822,000000,50.999,51.095,50.947,50.99,333212,0
FIXD.US,D,20190823,000000,51.018,51.216,50.98,51.171,137486,0
FIXD.US,D,20190826,000000,51.171,51.23,51.086,51.18,101336,0
FIXD.US,D,20190827,000000,51.22,51.318,51.208,51.289,84193,0
FIXD.US,D,20190828,000000,51.385,51.395,51.299,51.299,338521,0
FIXD.US,D,20190829,000000,51.327,51.347,51.19,51.279,404439,0
FIXD.US,D,20190830,000000,51.259,51.376,51.19,51.308,288329,0
FIXD.US,D,20190903,000000,51.289,51.487,51.284,51.366,298378,0
FIXD.US,D,20190904,000000,51.366,51.482,51.356,51.482,113263,0
FIXD.US,D,20190905,000000,51.366,51.366,51.116,51.23,119507,0
FIXD.US,D,20190906,000000,51.24,51.308,51.19,51.308,135653,0
FIXD.US,D,20190909,000000,51.115,51.19,51.028,51.028,336420,0
FIXD.US,D,20190910,000000,51.028,51.058,50.785,50.825,70936,0
FIXD.US,D,20190911,000000,50.795,50.835,50.767,50.795,203016,0
FIXD.US,D,20190912,000000,50.903,50.923,50.669,50.717,97750,0
FIXD.US,D,20190913,000000,50.555,50.621,50.36,50.395,139017,0
FIXD.US,D,20190916,000000,50.477,50.607,50.477,50.574,86976,0
FIXD.US,D,20190917,000000,50.546,50.688,50.54,50.679,246664,0
FIXD.US,D,20190918,000000,50.737,50.835,50.584,50.679,122561,0
FIXD.US,D,20190919,000000,50.785,50.785,50.612,50.688,727050,0
FIXD.US,D,20190920,000000,50.815,50.942,50.701,50.942,201653,0
FIXD.US,D,20190923,000000,50.932,51.07,50.861,50.962,214941,0
FIXD.US,D,20190924,000000,50.942,51.126,50.916,51.086,136461,0
FIXD.US,D,20190925,000000,51.067,51.106,50.835,50.913,122568,0
FIXD.US,D,20190926,000000,50.952,50.999,50.834,50.941,148753,0
FIXD.US,D,20190927,000000,50.962,51.038,50.942,51.028,308901,0
FIXD.US,D,20190930,000000,50.971,51.086,50.971,51.063,742366,0
FIXD.US,D,20191001,000000,50.903,51.23,50.864,51.028,644782,0
FIXD.US,D,20191002,000000,51.126,51.318,51.126,51.23,410545,0
FIXD.US,D,20191003,000000,51.23,51.493,51.106,51.425,422582,0
FIXD.US,D,20191004,000000,51.425,51.502,51.357,51.493,331380,0
FIXD.US,D,20191007,000000,51.435,51.435,51.279,51.279,209384,0
FIXD.US,D,20191008,000000,51.425,51.463,51.299,51.386,396184,0
FIXD.US,D,20191009,000000,51.416,51.416,51.25,51.328,643020,0
FIXD.US,D,20191010,000000,51.171,51.171,51.028,51.028,303654,0
FIXD.US,D,20191011,000000,50.99,50.998,50.883,50.957,459793,0
FIXD.US,D,20191014,000000,50.99,51.106,50.913,50.98,93772,0
FIXD.US,D,20191015,000000,50.999,51.064,50.736,50.903,219933,0
FIXD.US,D,20191016,000000,50.942,51.008,50.893,50.952,340507,0
FIXD.US,D,20191017,000000,50.932,51.067,50.814,50.927,296630,0
FIXD.US,D,20191018,000000,50.98,50.999,50.893,50.962,145077,0
FIXD.US,D,20191021,000000,50.893,50.922,50.814,50.864,129292,0
FIXD.US,D,20191022,000000,50.99,50.999,50.854,50.883,623427,0
FIXD.US,D,20191023,000000,50.971,51.038,50.913,50.952,163022,0
FIXD.US,D,20191024,000000,51.018,51.058,50.943,50.955,190823,0
FIXD.US,D,20191025,000000,51.018,51.018,50.85,50.903,338772,0
FIXD.US,D,20191028,000000,50.794,50.804,50.736,50.804,251559,0
FIXD.US,D,20191029,000000,50.834,50.854,50.756,50.804,250505,0
FIXD.US,D,20191030,000000,50.893,50.98,50.855,50.952,262019,0
FIXD.US,D,20191031,000000,51.087,51.171,51.058,51.077,367410,0
FIXD.US,D,20191101,000000,51.164,51.207,51.067,51.181,285815,0
FIXD.US,D,20191104,000000,51.127,51.127,51.008,51.048,299345,0
FIXD.US,D,20191105,000000,50.932,51.028,50.824,50.893,247685,0
FIXD.US,D,20191106,000000,50.999,51.008,50.932,50.966,622768,0
FIXD.US,D,20191107,000000,50.814,50.844,50.638,50.775,186816,0
FIXD.US,D,20191108,000000,50.736,50.814,50.662,50.707,284102,0
FIXD.US,D,20191111,000000,50.756,50.804,50.707,50.784,158503,0
FIXD.US,D,20191112,000000,50.756,50.794,50.678,50.794,182686,0
FIXD.US,D,20191113,000000,50.864,50.952,50.803,50.874,546762,0
FIXD.US,D,20191114,000000,51.038,51.038,50.952,51.023,335327,0
FIXD.US,D,20191115,000000,50.971,51.018,50.865,51.008,161317,0
FIXD.US,D,20191118,000000,51.067,51.097,50.978,51.038,137009,0
FIXD.US,D,20191119,000000,51.048,51.117,51.038,51.058,380139,0
FIXD.US,D,20191120,000000,51.146,51.201,51.117,51.201,183052,0
FIXD.US,D,20191121,000000,51.155,51.155,51.058,51.117,191046,0
FIXD.US,D,20191122,000000,51.146,51.191,51.081,51.123,193948,0
FIXD.US,D,20191125,000000,51.155,51.181,51.127,51.171,201713,0
FIXD.US,D,20191126,000000,51.241,51.28,51.231,51.27,213996,0
FIXD.US,D,20191127,000000,51.191,51.241,51.164,51.181,195626,0
FIXD.US,D,20191129,000000,51.251,51.26,51.146,51.211,89952,0
FIXD.US,D,20191202,000000,51.008,51.097,51.008,51.058,194949,0
FIXD.US,D,20191203,000000,51.241,51.387,51.231,51.349,391896,0
FIXD.US,D,20191204,000000,51.231,51.28,51.146,51.211,184922,0
FIXD.US,D,20191205,000000,51.097,51.171,51.087,51.13,219588,0
FIXD.US,D,20191206,000000,51.067,51.136,51.038,51.097,133850,0
FIXD.US,D,20191209,000000,51.181,51.191,51.107,51.117,151681,0
FIXD.US,D,20191210,000000,51.155,51.191,51.068,51.087,165694,0
FIXD.US,D,20191211,000000,51.171,51.26,51.117,51.231,189195,0
FIXD.US,D,20191212,000000,51.221,51.221,50.941,51.038,187811,0
FIXD.US,D,20191213,000000,51.044,51.074,50.877,51.054,168451,0
FIXD.US,D,20191216,000000,50.985,51.054,50.857,50.956,230196,0
FIXD.US,D,20191217,000000,51.034,51.034,50.777,50.777,173809,0
FIXD.US,D,20191218,000000,50.887,50.946,50.709,50.847,399300,0
FIXD.US,D,20191219,000000,50.837,50.916,50.787,50.887,135309,0
FIXD.US,D,20191220,000000,50.897,50.916,50.807,50.916,295129,0
FIXD.US,D,20191223,000000,50.936,50.956,50.827,50.857,139487,0
FIXD.US,D,20191224,000000,50.768,50.916,50.768,50.887,247564,0
FIXD.US,D,20191226,000000,50.916,50.965,50.847,50.94,165417,0
FIXD.US,D,20191227,000000,51.084,51.084,50.965,51.039,115717,0
FIXD.US,D,20191230,000000,51.014,51.084,50.887,50.956,618841,0
FIXD.US,D,20191231,000000,51.005,51.005,50.887,51.005,412620,0
FIXD.US,D,20200102,000000,51.064,51.143,51.034,51.084,811437,0
FIXD.US,D,20200103,000000,51.124,51.259,51.114,51.259,286307,0
FIXD.US,D,20200106,000000,51.378,51.378,51.153,51.209,281302,0
FIXD.US,D,20200107,000000,51.269,51.269,51.104,51.146,370515,0
FIXD.US,D,20200108,000000,51.17,51.189,51.014,51.064,292915,0
FIXD.US,D,20200109,000000,50.975,51.124,50.936,51.104,317596,0
FIXD.US,D,20200110,000000,51.143,51.219,51.133,51.194,243399,0
FIXD.US,D,20200113,000000,51.249,51.249,51.133,51.143,258337,0
FIXD.US,D,20200114,000000,51.209,51.249,51.094,51.209,174562,0
FIXD.US,D,20200115,000000,51.309,51.392,51.229,51.328,283313,0
FIXD.US,D,20200116,000000,51.309,51.309,51.239,51.286,652163,0
FIXD.US,D,20200117,000000,51.209,51.253,51.157,51.229,197618,0
FIXD.US,D,20200121,000000,51.328,51.397,51.31,51.387,178353,0
FIXD.US,D,20200122,000000,51.387,51.456,51.368,51.432,254531,0
FIXD.US,D,20200123,000000,51.496,51.576,51.461,51.496,317390,0
FIXD.US,D,20200124,000000,51.576,51.665,51.434,51.626,430287,0
FIXD.US,D,20200127,000000,51.714,51.803,51.635,51.793,274856,0
FIXD.US,D,20200128,000000,51.695,51.793,51.645,51.665,411629,0
FIXD.US,D,20200129,000000,51.724,51.863,51.655,51.833,271245,0
FIXD.US,D,20200130,000000,51.96,51.972,51.823,51.863,142810,0
FIXD.US,D,20200131,000000,51.93,52.019,51.91,52.019,286756,0
FIXD.US,D,20200203,000000,51.94,52.019,51.82,51.999,442203,0
FIXD.US,D,20200204,000000,51.891,51.891,51.765,51.813,143753,0
FIXD.US,D,20200205,000000,51.685,51.773,51.645,51.724,294486,0
FIXD.US,D,20200206,000000,51.714,51.783,51.695,51.763,207549,0
FIXD.US,D,20200207,000000,51.97,51.97,51.744,51.915,425538,0
FIXD.US,D,20200210,000000,52.097,52.097,51.896,51.99,324669,0
FIXD.US,D,20200211,000000,51.92,51.96,51.848,51.93,148848,0
FIXD.US,D,20200212,000000,51.92,51.92,51.753,51.853,547001,0
FIXD.US,D,20200213,000000,51.853,51.92,51.804,51.867,302400,0
FIXD.US,D,20200214,000000,51.92,52.009,51.858,51.891,142647,0
FIXD.US,D,20200218,000000,51.99,52.037,51.94,51.98,142188,0
FIXD.US,D,20200219,000000,51.95,51.999,51.94,51.97,164692,0
FIXD.US,D,20200220,000000,51.99,52.059,51.95,52.034,447493,0
FIXD.US,D,20200221,000000,52.146,52.277,52.118,52.176,317133,0
FIXD.US,D,20200224,000000,52.415,52.494,52.335,52.385,276426,0
FIXD.US,D,20200225,000000,52.365,52.517,52.325,52.484,154534,0
FIXD.US,D,20200226,000000,52.355,52.543,52.285,52.345,434028,0
FIXD.US,D,20200227,000000,52.652,52.652,52.375,52.514,526853,0
FIXD.US,D,20200228,000000,52.655,52.877,52.573,52.838,1796008,0
FIXD.US,D,20200302,000000,52.877,53.06,52.752,52.752,1175865,0
FIXD.US,D,20200303,000000,52.877,53.476,52.857,53.254,643647,0
FIXD.US,D,20200304,000000,53.165,53.304,53.046,53.056,614959,0
FIXD.US,D,20200305,000000,53.353,53.403,53.145,53.343,441456,0
FIXD.US,D,20200306,000000,53.698,53.817,53.442,53.581,520344,0
FIXD.US,D,20200309,000000,54.173,58.026,52.809,53.64,1047899,0
FIXD.US,D,20200310,000000,53.442,54.696,52.867,52.867,647362,0
FIXD.US,D,20200311,000000,53.224,53.348,52.415,52.504,307799,0
FIXD.US,D,20200312,000000,52.662,54.333,50.904,51.101,1190089,0
FIXD.US,D,20200313,000000,50.686,52.146,49.758,50.577,789146,0
FIXD.US,D,20200316,000000,49.955,52.395,49.391,52.176,803235,0
FIXD.US,D,20200317,000000,51.545,52.176,51.022,51.763,708298,0
FIXD.US,D,20200318,000000,51.386,51.466,48.899,51.141,773173,0
FIXD.US,D,20200319,000000,49.45,50.439,49.125,49.413,1351091,0
FIXD.US,D,20200320,000000,48.5,49.75,48.5,49.075,1086238,0
FIXD.US,D,20200323,000000,47.189,50.686,44.826,50.686,657602,0
FIXD.US,D,20200324,000000,49.46,50.686,49.46,50.686,604179,0
FIXD.US,D,20200325,000000,51.071,51.198,50.21,50.21,593332,0
FIXD.US,D,20200326,000000,50.716,52.156,50.389,51.151,660718,0
FIXD.US,D,20200327,000000,51.833,51.93,51.093,51.793,2955025,0
FIXD.US,D,20200330,000000,51.882,52.345,51.853,52.064,1343418,0
FIXD.US,D,20200331,000000,52.226,52.474,51.93,52.069,1181981,0
FIXD.US,D,20200401,000000,52.454,52.464,51.96,52.196,687870,0
FIXD.US,D,20200402,000000,52.136,52.395,51.863,52.385,605693,0
FIXD.US,D,20200403,000000,52.444,52.484,52.097,52.375,546928,0
FIXD.US,D,20200406,000000,52.305,52.395,52.019,52.395,543344,0
FIXD.US,D,20200407,000000,52.543,52.543,52.126,52.484,458149,0
FIXD.US,D,20200408,000000,52.534,52.612,52.395,52.549,678610,0
FIXD.US,D,20200409,000000,52.514,53.125,52.514,52.927,688130,0
FIXD.US,D,20200413,000000,52.996,53.214,52.762,53.095,580975,0
FIXD.US,D,20200414,000000,53.234,53.311,52.917,52.937,831742,0
FIXD.US,D,20200415,000000,53.075,53.297,52.937,53.266,485676,0
FIXD.US,D,20200416,000000,53.433,56.099,53.065,53.373,818411,0
FIXD.US,D,20200417,000000,53.393,53.471,53.115,53.343,727536,0
FIXD.US,D,20200420,000000,53.343,53.413,53.135,53.224,669436,0
FIXD.US,D,20200421,000000,53.314,53.343,53.135,53.195,967606,0
FIXD.US,D,20200422,000000,53.284,53.284,52.731,53.205,516492,0
FIXD.US,D,20200423,000000,53.304,53.353,53.115,53.334,279488,0
FIXD.US,D,20200424,000000,53.145,53.403,53.145,53.314,479649,0
FIXD.US,D,20200427,000000,53.264,53.433,53.016,53.115,366245,0
FIXD.US,D,20200428,000000,53.274,53.61,53.065,53.264,458813,0
FIXD.US,D,20200429,000000,53.165,53.491,53.165,53.284,618387,0
FIXD.US,D,20200430,000000,53.403,53.55,53.214,53.304,775439,0
FIXD.US,D,20200501,000000,53.363,53.531,53.046,53.383,696757,0
FIXD.US,D,20200504,000000,53.353,53.451,53.125,53.451,1015691,0
FIXD.US,D,20200505,000000,53.284,53.403,53.234,53.324,462589,0
FIXD.US,D,20200506,000000,53.224,53.309,53.145,53.279,524724,0
FIXD.US,D,20200507,000000,53.234,53.423,53.195,53.333,381318,0
FIXD.US,D,20200508,000000,53.254,53.363,53.006,53.006,584345,0
FIXD.US,D,20200511,000000,53.205,53.254,53.026,53.085,514116,0
FIXD.US,D,20200512,000000,53.145,53.19,52.799,53.105,855405,0
FIXD.US,D,20200513,000000,53.195,53.264,53.146,53.195,928274,0
FIXD.US,D,20200514,000000,53.264,53.343,53.155,53.2,635660,0
FIXD.US,D,20200515,000000,53.353,53.353,53.224,53.353,700250,0
FIXD.US,D,20200518,000000,53.304,53.403,53.135,53.244,404494,0
FIXD.US,D,20200519,000000,53.205,53.373,53.155,53.304,575401,0
FIXD.US,D,20200520,000000,53.353,53.561,53.334,53.491,3569784,0
FIXD.US,D,20200521,000000,53.591,53.609,53.403,53.451,1212199,0
FIXD.US,D,20200522,000000,53.571,53.6,53.471,53.6,370702,0
FIXD.US,D,20200526,000000,53.551,53.699,53.442,53.463,564820,0
FIXD.US,D,20200527,000000,53.571,53.669,53.491,53.62,797778,0
FIXD.US,D,20200528,000000,53.64,53.65,53.504,53.625,529709,0
FIXD.US,D,20200529,000000,53.66,53.779,53.591,53.769,663976,0
FIXD.US,D,20200601,000000,53.739,53.799,53.61,53.709,541925,0
FIXD.US,D,20200602,000000,53.779,53.847,53.719,53.818,873951,0
FIXD.US,D,20200603,000000,53.729,53.749,53.541,53.64,2467921,0
FIXD.US,D,20200604,000000,53.699,53.764,53.551,53.61,1297214,0
FIXD.US,D,20200605,000000,53.65,53.719,53.527,53.669,710305,0
FIXD.US,D,20200608,000000,53.709,53.799,53.648,53.779,549563,0
FIXD.US,D,20200609,000000,53.896,53.955,53.799,53.876,820893,0
FIXD.US,D,20200610,000000,53.935,54.154,53.876,54.044,494609,0
FIXD.US,D,20200611,000000,54.064,54.244,53.995,54.015,787071,0
FIXD.US,D,20200612,000000,54.064,54.124,53.955,54.034,813467,0
FIXD.US,D,20200615,000000,54.044,54.144,53.995,54.084,666263,0
FIXD.US,D,20200616,000000,53.985,54.144,53.946,54.044,876563,0
FIXD.US,D,20200617,000000,54.094,54.154,53.955,54.044,591985,0
FIXD.US,D,20200618,000000,54.144,54.144,54.064,54.134,311797,0
FIXD.US,D,20200619,000000,54.144,54.214,54.064,54.134,375444,0
FIXD.US,D,20200622,000000,54.194,54.304,54.094,54.094,402468,0
FIXD.US,D,20200623,000000,54.074,54.21,54.037,54.069,675383,0
FIXD.US,D,20200624,000000,54.104,54.244,54.064,54.174,623592,0
FIXD.US,D,20200625,000000,54.114,54.184,54.024,54.144,480362,0
FIXD.US,D,20200626,000000,54.124,54.224,54.094,54.164,500001,0
FIXD.US,D,20200629,000000,54.214,54.234,54.154,54.154,303454,0
FIXD.US,D,20200630,000000,54.244,54.304,54.114,54.184,737944,0
FIXD.US,D,20200701,000000,54.134,54.264,54.124,54.234,551414,0
FIXD.US,D,20200702,000000,54.244,54.344,54.224,54.324,526196,0
FIXD.US,D,20200706,000000,54.314,54.392,54.254,54.372,513730,0
FIXD.US,D,20200707,000000,54.344,54.439,54.294,54.43,437999,0
FIXD.US,D,20200708,000000,54.392,54.469,54.344,54.427,527673,0
FIXD.US,D,20200709,000000,54.362,54.578,54.359,54.529,522027,0
FIXD.US,D,20200710,000000,54.569,54.638,54.421,54.529,474529,0
FIXD.US,D,20200713,000000,54.489,54.588,54.407,54.489,366003,0
FIXD.US,D,20200714,000000,54.509,54.668,54.499,54.598,387720,0
FIXD.US,D,20200715,000000,54.618,54.688,54.509,54.648,688717,0
FIXD.US,D,20200716,000000,54.668,54.758,54.659,54.688,467047,0
FIXD.US,D,20200717,000000,54.738,54.738,54.652,54.713,507161,0
FIXD.US,D,20200720,000000,54.698,54.768,54.664,54.728,423516,0
FIXD.US,D,20200721,000000,54.768,54.791,54.728,54.758,660364,0
FIXD.US,D,20200722,000000,54.846,54.896,54.807,54.807,979372,0
FIXD.US,D,20200723,000000,54.896,54.926,54.856,54.926,694159,0
FIXD.US,D,20200724,000000,54.876,54.941,54.836,54.916,1976001,0
FIXD.US,D,20200727,000000,54.906,54.956,54.788,54.846,420600,0
FIXD.US,D,20200728,000000,54.846,54.946,54.816,54.936,404979,0
FIXD.US,D,20200729,000000,54.916,55.004,54.876,54.936,376876,0
FIXD.US,D,20200730,000000,55.059,55.158,55.009,55.148,962126,0
FIXD.US,D,20200731,000000,55.049,55.198,55.029,55.178,1131387,0
FIXD.US,D,20200803,000000,55.168,55.203,55.099,55.138,656487,0
FIXD.US,D,20200804,000000,55.238,55.317,55.198,55.287,791277,0
FIXD.US,D,20200805,000000,55.248,55.337,55.167,55.248,525359,0
FIXD.US,D,20200806,000000,55.267,55.347,55.267,55.317,518568,0
FIXD.US,D,20200807,000000,55.347,55.387,55.258,55.297,610640,0
FIXD.US,D,20200810,000000,55.347,55.367,55.228,55.248,810370,0
FIXD.US,D,20200811,000000,55.128,55.128,54.965,55.039,1107995,0
FIXD.US,D,20200812,000000,54.891,55.099,54.851,54.901,619104,0
FIXD.US,D,20200813,000000,54.931,55.021,54.753,54.773,817336,0
FIXD.US,D,20200814,000000,54.821,54.896,54.723,54.723,958388,0
FIXD.US,D,20200817,000000,54.753,54.838,54.733,54.773,512851,0
FIXD.US,D,20200818,000000,54.871,54.931,54.841,54.901,534334,0
FIXD.US,D,20200819,000000,54.931,55.009,54.841,54.851,573332,0
FIXD.US,D,20200820,000000,54.901,54.984,54.901,54.946,1040258,0
FIXD.US,D,20200821,000000,54.861,54.901,54.793,54.851,441697,0
FIXD.US,D,20200824,000000,54.911,54.911,54.802,54.831,564816,0
FIXD.US,D,20200825,000000,54.743,54.811,54.693,54.763,734988,0
FIXD.US,D,20200826,000000,54.713,54.793,54.663,54.753,730658,0
FIXD.US,D,20200827,000000,54.802,54.811,54.534,54.573,517398,0
FIXD.US,D,20200828,000000,54.663,54.703,54.583,54.643,1068923,0
FIXD.US,D,20200831,000000,54.673,54.773,54.633,54.723,1403634,0
FIXD.US,D,20200901,000000,54.713,54.921,54.713,54.891,870639,0
FIXD.US,D,20200902,000000,54.871,55.029,54.86,55.009,716161,0
FIXD.US,D,20200903,000000,54.979,55.109,54.911,54.921,661004,0
FIXD.US,D,20200904,000000,55.009,55.009,54.703,54.743,940263,0
FIXD.US,D,20200908,000000,54.763,54.841,54.704,54.732,703054,0
FIXD.US,D,20200909,000000,54.831,54.831,54.653,54.743,887690,0
FIXD.US,D,20200910,000000,54.753,54.802,54.633,54.802,1257777,0
FIXD.US,D,20200911,000000,54.851,54.891,54.793,54.841,732496,0
FIXD.US,D,20200914,000000,54.871,54.941,54.802,54.861,738270,0
FIXD.US,D,20200915,000000,54.811,54.851,54.789,54.802,955756,0
FIXD.US,D,20200916,000000,54.861,54.911,54.783,54.831,926051,0
FIXD.US,D,20200917,000000,54.901,54.901,54.793,54.811,410508,0
FIXD.US,D,20200918,000000,54.841,54.871,54.693,54.753,717581,0
FIXD.US,D,20200921,000000,54.811,54.871,54.743,54.773,957058,0
FIXD.US,D,20200922,000000,54.783,54.811,54.763,54.783,634080,0
FIXD.US,D,20200923,000000,54.773,54.773,54.673,54.703,657286,0
FIXD.US,D,20200924,000000,54.613,54.683,54.554,54.618,696312,0
FIXD.US,D,20200925,000000,54.663,54.683,54.613,54.636,1611539,0
FIXD.US,D,20200928,000000,54.743,54.743,54.613,54.653,1060356,0
FIXD.US,D,20200929,000000,54.653,54.723,54.633,54.683,1597853,0
FIXD.US,D,20200930,000000,54.663,54.683,54.444,54.564,1284348,0
FIXD.US,D,20201001,000000,54.633,54.733,54.593,54.703,1061330,0
FIXD.US,D,20201002,000000,54.703,54.741,54.613,54.683,1406083,0
FIXD.US,D,20201005,000000,54.603,54.623,54.504,54.534,902292,0
FIXD.US,D,20201006,000000,54.524,54.613,54.454,54.583,1069911,0
FIXD.US,D,20201007,000000,54.554,54.588,54.494,54.524,748017,0
FIXD.US,D,20201008,000000,54.474,54.593,54.474,54.593,709106,0
FIXD.US,D,20201009,000000,54.623,54.643,54.504,54.564,1038036,0
FIXD.US,D,20201012,000000,54.633,54.693,54.602,54.673,833874,0
FIXD.US,D,20201013,000000,54.633,54.713,54.633,54.698,893970,0
FIXD.US,D,20201014,000000,54.733,54.743,54.683,54.693,1006829,0
FIXD.US,D,20201015,000000,54.743,54.773,54.708,54.733,1422948,0
FIXD.US,D,20201016,000000,54.713,54.773,54.673,54.673,761959,0
FIXD.US,D,20201019,000000,54.643,54.683,54.613,54.613,566469,0
FIXD.US,D,20201020,000000,54.623,54.664,54.454,54.583,810865,0
FIXD.US,D,20201021,000000,54.554,54.573,54.509,54.554,997784,0
FIXD.US,D,20201022,000000,54.524,54.536,54.434,54.454,597451,0
FIXD.US,D,20201023,000000,54.474,54.544,54.431,54.544,740913,0
FIXD.US,D,20201026,000000,54.703,54.703,54.534,54.593,827420,0
FIXD.US,D,20201027,000000,54.613,54.703,54.515,54.683,690097,0
FIXD.US,D,20201028,000000,54.673,54.793,54.593,54.598,892870,0
FIXD.US,D,20201029,000000,54.613,54.648,54.474,54.524,949631,0
FIXD.US,D,20201030,000000,54.534,54.544,54.393,54.424,717043,0
FIXD.US,D,20201102,000000,54.603,54.613,54.524,54.544,989673,0
FIXD.US,D,20201103,000000,54.514,54.534,54.464,54.504,640146,0
FIXD.US,D,20201104,000000,54.753,54.832,54.713,54.822,764265,0
FIXD.US,D,20201105,000000,54.882,54.924,54.832,54.882,1011205,0
FIXD.US,D,20201106,000000,54.793,54.793,54.723,54.773,647194,0
FIXD.US,D,20201109,000000,54.623,54.625,54.465,54.603,983819,0
FIXD.US,D,20201110,000000,54.536,54.623,54.346,54.539,865129,0
FIXD.US,D,20201111,000000,54.544,54.593,54.524,54.593,412290,0
FIXD.US,D,20201112,000000,54.753,54.783,54.692,54.783,1123485,0
FIXD.US,D,20201113,000000,54.793,54.795,54.733,54.783,761731,0
FIXD.US,D,20201116,000000,54.763,54.801,54.733,54.743,743056,0
FIXD.US,D,20201117,000000,54.793,54.852,54.773,54.842,838548,0
FIXD.US,D,20201118,000000,54.892,54.902,54.832,54.882,985529,0
FIXD.US,D,20201119,000000,54.961,54.98,54.892,54.952,1513064,0
FIXD.US,D,20201120,000000,55.04,55.04,54.961,55.02,622018,0
FIXD.US,D,20201123,000000,55.02,55.054,54.942,55,521327,0
FIXD.US,D,20201124,000000,54.932,54.932,54.703,54.812,719081,0
FIXD.US,D,20201125,000000,54.812,54.882,54.793,54.793,1459956,0
FIXD.US,D,20201127,000000,54.852,54.912,54.852,54.902,291591,0
FIXD.US,D,20201130,000000,54.98,54.99,54.912,54.971,495644,0
FIXD.US,D,20201201,000000,54.952,54.952,54.802,54.842,949823,0
FIXD.US,D,20201202,000000,54.902,54.902,54.693,54.763,799407,0
FIXD.US,D,20201203,000000,54.842,54.912,54.822,54.912,809907,0
FIXD.US,D,20201204,000000,54.872,54.872,54.763,54.802,407886,0
FIXD.US,D,20201207,000000,54.862,54.902,54.832,54.872,772595,0
FIXD.US,D,20201208,000000,54.932,54.952,54.872,54.882,445648,0
FIXD.US,D,20201209,000000,54.832,54.872,54.802,54.842,908400,0
FIXD.US,D,20201210,000000,54.932,54.932,54.812,54.872,415661,0
FIXD.US,D,20201211,000000,54.932,55.01,54.928,54.99,451337,0
FIXD.US,D,20201214,000000,55.07,55.07,54.902,54.971,560487,0
FIXD.US,D,20201215,000000,54.961,55.03,54.922,54.98,585430,0
FIXD.US,D,20201216,000000,54.892,54.99,54.872,54.952,656237,0
FIXD.US,D,20201217,000000,55.03,55.06,54.912,54.961,467268,0
FIXD.US,D,20201218,000000,55,55.02,54.882,54.961,570205,0
FIXD.US,D,20201221,000000,54.961,54.971,54.892,54.942,584751,0
FIXD.US,D,20201222,000000,54.995,55.02,54.942,55.01,527419,0
FIXD.US,D,20201223,000000,54.942,55.03,54.882,54.961,609608,0
FIXD.US,D,20201224,000000,54.296,54.326,54.278,54.316,286300,0
FIXD.US,D,20201228,000000,54.236,54.336,54.221,54.306,675670,0
FIXD.US,D,20201229,000000,54.316,54.375,54.314,54.365,509037,0
FIXD.US,D,20201230,000000,54.346,54.395,54.286,54.346,789572,0
FIXD.US,D,20201231,000000,54.395,54.434,54.365,54.385,1287602,0
FIXD.US,D,20210104,000000,54.395,54.454,54.348,54.415,1251760,0
FIXD.US,D,20210105,000000,54.366,54.385,54.306,54.375,735706,0
FIXD.US,D,20210106,000000,54.216,54.216,54.036,54.096,869141,0
FIXD.US,D,20210107,000000,53.967,54.076,53.967,54.046,1049402,0
FIXD.US,D,20210108,000000,54.046,54.115,53.957,54.026,1216998,0
FIXD.US,D,20210111,000000,53.947,53.957,53.917,53.917,531785,0
FIXD.US,D,20210112,000000,53.877,53.937,53.799,53.917,607684,0
FIXD.US,D,20210113,000000,53.947,54.066,53.937,54.056,874241,0
FIXD.US,D,20210114,000000,54.086,54.125,53.977,54.017,1287058,0
FIXD.US,D,20210115,000000,54.046,54.106,54.01,54.066,665749,0
FIXD.US,D,20210119,000000,53.987,54.115,53.977,54.086,634792,0
FIXD.US,D,20210120,000000,54.086,54.156,53.997,54.146,758500,0
FIXD.US,D,20210121,000000,54.096,54.126,54.056,54.086,906277,0
FIXD.US,D,20210122,000000,54.096,54.156,54.076,54.126,869292,0
FIXD.US,D,20210125,000000,54.176,54.236,54.173,54.196,1006668,0
FIXD.US,D,20210126,000000,54.236,54.236,54.166,54.226,911846,0
FIXD.US,D,20210127,000000,54.256,54.306,54.176,54.216,1182895,0
FIXD.US,D,20210128,000000,54.266,54.286,54.176,54.236,860228,0
FIXD.US,D,20210129,000000,54.106,54.206,54.059,54.146,788731,0
FIXD.US,D,20210201,000000,54.116,54.226,54.096,54.146,1202122,0
FIXD.US,D,20210202,000000,54.166,54.166,54.086,54.136,459775,0
FIXD.US,D,20210203,000000,54.206,54.206,54.066,54.096,481910,0
FIXD.US,D,20210204,000000,54.096,54.136,54.008,54.116,622383,0
FIXD.US,D,20210205,000000,54.246,54.246,54.056,54.066,821193,0
FIXD.US,D,20210208,000000,54.116,54.126,54.026,54.096,594856,0
FIXD.US,D,20210209,000000,54.126,54.156,54.064,54.116,695265,0
FIXD.US,D,20210210,000000,54.156,54.196,54.117,54.196,599794,0
FIXD.US,D,20210211,000000,54.096,54.186,54.096,54.116,969513,0
FIXD.US,D,20210212,000000,54.026,54.086,53.967,53.967,1249845,0
FIXD.US,D,20210216,000000,53.947,53.947,53.778,53.808,853889,0
FIXD.US,D,20210217,000000,53.639,53.863,53.629,53.798,818184,0
FIXD.US,D,20210218,000000,53.748,53.818,53.699,53.778,777040,0
FIXD.US,D,20210219,000000,53.698,53.758,53.629,53.678,762143,0
FIXD.US,D,20210222,000000,53.718,53.718,53.49,53.52,469819,0
FIXD.US,D,20210223,000000,53.38,53.46,53.312,53.42,1182864,0
FIXD.US,D,20210224,000000,53.19,53.36,53.17,53.34,974161,0
FIXD.US,D,20210225,000000,53.175,53.245,52.767,52.916,813366,0
FIXD.US,D,20210226,000000,53.205,53.405,53.065,53.395,1433884,0
FIXD.US,D,20210301,000000,53.365,53.405,53.225,53.335,1007270,0
FIXD.US,D,20210302,000000,53.265,53.375,53.265,53.375,826376,0
FIXD.US,D,20210303,000000,53.265,53.355,53.165,53.225,708473,0
FIXD.US,D,20210304,000000,53.215,53.31,52.976,53.056,989178,0
FIXD.US,D,20210305,000000,53.075,53.075,52.876,52.966,595077,0
FIXD.US,D,20210308,000000,52.916,52.928,52.807,52.807,763719,0
FIXD.US,D,20210309,000000,52.926,53.045,52.926,53.006,763819,0
FIXD.US,D,20210310,000000,53.006,53.075,52.976,53.075,1885462,0
FIXD.US,D,20210311,000000,53.215,53.215,52.986,53.075,726129,0
FIXD.US,D,20210312,000000,52.846,52.916,52.738,52.797,757172,0
FIXD.US,D,20210315,000000,52.936,52.936,52.797,52.836,561236,0
FIXD.US,D,20210316,000000,52.916,52.916,52.748,52.807,368488,0
FIXD.US,D,20210317,000000,52.698,52.817,52.632,52.777,741886,0
FIXD.US,D,20210318,000000,52.648,52.648,52.438,52.588,797226,0
FIXD.US,D,20210319,000000,52.528,52.608,52.508,52.578,445393,0
FIXD.US,D,20210322,000000,52.578,52.698,52.578,52.668,459535,0
FIXD.US,D,20210323,000000,52.728,52.832,52.707,52.817,511742,0
FIXD.US,D,20210324,000000,52.929,52.929,52.794,52.886,503808,0
FIXD.US,D,20210325,000000,52.856,52.886,52.718,52.767,385103,0
FIXD.US,D,20210326,000000,52.588,52.764,52.588,52.688,362882,0
FIXD.US,D,20210329,000000,52.648,52.688,52.538,52.588,454384,0
FIXD.US,D,20210330,000000,52.673,52.673,52.533,52.643,1512791,0
FIXD.US,D,20210331,000000,52.673,52.782,52.639,52.703,2485540,0
FIXD.US,D,20210401,000000,52.772,52.851,52.693,52.802,1567209,0
FIXD.US,D,20210405,000000,52.871,52.871,52.693,52.802,993407,0
FIXD.US,D,20210406,000000,52.831,52.961,52.823,52.921,870338,0
FIXD.US,D,20210407,000000,52.921,53.001,52.881,52.931,516181,0
FIXD.US,D,20210408,000000,52.961,53.041,52.931,53.001,667570,0
FIXD.US,D,20210409,000000,52.891,53.011,52.891,52.961,467847,0
FIXD.US,D,20210412,000000,53.031,53.031,52.881,52.961,693208,0
FIXD.US,D,20210413,000000,52.921,53.091,52.911,53.051,826343,0
FIXD.US,D,20210414,000000,52.573,53.071,52.573,53.031,499650,0
FIXD.US,D,20210415,000000,53.261,53.331,53.095,53.251,567548,0
FIXD.US,D,20210416,000000,53.181,53.251,53.131,53.181,435016,0
FIXD.US,D,20210419,000000,53.191,53.191,53.091,53.121,610521,0
FIXD.US,D,20210420,000000,53.101,53.221,53.091,53.211,496987,0
FIXD.US,D,20210421,000000,53.143,53.311,53.143,53.241,437521,0
FIXD.US,D,20210422,000000,53.261,53.303,53.171,53.281,472089,0
FIXD.US,D,20210423,000000,53.321,53.321,53.201,53.241,466086,0
FIXD.US,D,20210426,000000,53.261,53.301,53.201,53.231,420523,0
FIXD.US,D,20210427,000000,53.191,53.201,53.091,53.111,571082,0
FIXD.US,D,20210428,000000,53.091,53.141,53.041,53.111,521966,0
FIXD.US,D,20210429,000000,53.101,53.111,52.991,53.081,520189,0
FIXD.US,D,20210430,000000,53.131,53.191,53.091,53.151,361919,0
FIXD.US,D,20210503,000000,53.251,53.251,53.121,53.171,764136,0
FIXD.US,D,20210504,000000,53.241,53.303,53.191,53.241,472845,0
FIXD.US,D,20210505,000000,53.211,53.291,53.177,53.261,715503,0
FIXD.US,D,20210506,000000,53.291,53.361,53.221,53.321,600745,0
FIXD.US,D,20210507,000000,53.301,53.481,53.281,53.311,676175,0
FIXD.US,D,20210510,000000,53.341,53.381,53.211,53.261,634486,0
FIXD.US,D,20210511,000000,53.181,53.218,53.131,53.171,741691,0
FIXD.US,D,20210512,000000,53.101,53.121,52.971,52.991,908936,0
FIXD.US,D,20210513,000000,53.031,53.091,53.021,53.041,635008,0
FIXD.US,D,20210514,000000,53.111,53.191,53.083,53.141,375300,0
FIXD.US,D,20210517,000000,53.131,53.167,53.101,53.141,597492,0
FIXD.US,D,20210518,000000,53.101,53.146,53.061,53.101,349011,0
FIXD.US,D,20210519,000000,53.121,53.181,52.995,53.061,302586,0
FIXD.US,D,20210520,000000,53.111,53.211,53.091,53.191,360181,0
FIXD.US,D,20210521,000000,53.141,53.161,53.082,53.111,484240,0
FIXD.US,D,20210524,000000,53.208,53.241,53.151,53.191,441366,0
FIXD.US,D,20210525,000000,53.221,53.361,53.221,53.361,471805,0
FIXD.US,D,20210526,000000,53.351,53.381,53.285,53.331,431892,0
FIXD.US,D,20210527,000000,53.271,53.321,53.221,53.281,325228,0
FIXD.US,D,20210528,000000,53.271,53.33,53.242,53.271,579748,0
FIXD.US,D,20210601,000000,53.241,53.281,53.171,53.241,954627,0
FIXD.US,D,20210602,000000,53.321,53.325,53.271,53.301,346349,0
FIXD.US,D,20210603,000000,53.271,53.271,53.201,53.211,331484,0
FIXD.US,D,20210604,000000,53.251,53.401,53.251,53.371,365327,0
FIXD.US,D,20210607,000000,53.361,53.371,53.326,53.371,417238,0
FIXD.US,D,20210608,000000,53.461,53.495,53.401,53.451,406235,0
FIXD.US,D,20210609,000000,53.581,53.611,53.511,53.541,947082,0
FIXD.US,D,20210610,000000,53.541,53.661,53.421,53.661,472464,0
FIXD.US,D,20210611,000000,53.641,53.641,53.581,53.641,340395,0
FIXD.US,D,20210614,000000,53.639,53.661,53.491,53.531,346882,0
FIXD.US,D,20210615,000000,53.501,53.501,53.441,53.501,481421,0
FIXD.US,D,20210616,000000,53.541,53.561,53.261,53.311,696100,0
FIXD.US,D,20210617,000000,53.391,53.601,53.361,53.501,507657,0
FIXD.US,D,20210618,000000,53.501,53.651,53.431,53.651,762236,0
FIXD.US,D,20210621,000000,53.511,53.56,53.471,53.531,337148,0
FIXD.US,D,20210622,000000,53.431,53.571,53.401,53.561,512430,0
FIXD.US,D,20210623,000000,53.461,53.551,53.431,53.521,468838,0
FIXD.US,D,20210624,000000,53.501,53.521,53.461,53.511,401168,0
FIXD.US,D,20210625,000000,53.461,53.501,53.361,53.411,297346,0
FIXD.US,D,20210628,000000,53.171,53.511,53.171,53.511,401581,0
FIXD.US,D,20210629,000000,53.481,53.551,53.451,53.511,688860,0
FIXD.US,D,20210630,000000,53.601,53.641,53.531,53.573,1283787,0
FIXD.US,D,20210701,000000,53.611,53.611,53.481,53.561,462778,0
FIXD.US,D,20210702,000000,53.531,53.641,53.531,53.601,421294,0
FIXD.US,D,20210706,000000,53.661,53.82,53.561,53.78,264440,0
FIXD.US,D,20210707,000000,53.8,53.9,53.77,53.8,914552,0
FIXD.US,D,20210708,000000,53.85,53.99,53.85,53.94,780759,0
FIXD.US,D,20210709,000000,53.77,53.84,53.73,53.77,651468,0
FIXD.US,D,20210712,000000,53.79,53.83,53.72,53.75,363997,0
FIXD.US,D,20210713,000000,53.74,53.818,53.611,53.69,560245,0
FIXD.US,D,20210714,000000,53.71,53.8,53.71,53.77,351861,0
FIXD.US,D,20210715,000000,54.003,54.003,53.77,53.88,475312,0
FIXD.US,D,20210716,000000,53.83,53.92,53.71,53.88,289324,0
FIXD.US,D,20210719,000000,54.05,54.19,54.05,54.14,590196,0
FIXD.US,D,20210720,000000,54.328,54.328,54.08,54.12,851167,0
FIXD.US,D,20210721,000000,53.96,54,53.91,53.97,469216,0
FIXD.US,D,20210722,000000,53.96,54.09,53.94,54.04,454970,0
FIXD.US,D,20210723,000000,54.08,54.08,53.96,54.05,251682,0
FIXD.US,D,20210726,000000,54.15,54.15,54.01,54.04,249069,0
FIXD.US,D,20210727,000000,54.04,54.14,54.03,54.13,705026,0
FIXD.US,D,20210728,000000,54.09,54.16,54.02,54.16,471011,0
FIXD.US,D,20210729,000000,54.1,54.1295,54.01,54.11,525163,0
FIXD.US,D,20210730,000000,54.16,54.18,54.12,54.17,311586,0
FIXD.US,D,20210802,000000,54.2,54.34,54.15,54.27,996447,0
FIXD.US,D,20210803,000000,54.42,54.42,54.26,54.3,377072,0
FIXD.US,D,20210804,000000,54.33,54.39,54.17,54.31,601332,0
FIXD.US,D,20210805,000000,54.25,54.25,54.1338,54.19,425770,0
FIXD.US,D,20210806,000000,54.04,54.047,53.97,53.99,272645,0
FIXD.US,D,20210809,000000,54.01,54.03,53.89,53.91,249036,0
FIXD.US,D,20210810,000000,53.83,53.92,53.78,53.82,407274,0
FIXD.US,D,20210811,000000,53.82,53.88,53.75,53.87,403477,0
FIXD.US,D,20210812,000000,53.83,53.86,53.74,53.86,281773,0
FIXD.US,D,20210813,000000,53.9,54.03,53.8201,54.02,377238,0
FIXD.US,D,20210816,000000,54.07,54.13,54.0401,54.07,396129,0
FIXD.US,D,20210817,000000,54.04,54.07,53.99,54.02,327059,0
FIXD.US,D,20210818,000000,53.99,54.032,53.94,54.03,407868,0
FIXD.US,D,20210819,000000,54.07,54.14,54.02,54.05,405240,0
FIXD.US,D,20210820,000000,54.04,54.12,54.01,54.05,440957,0
FIXD.US,D,20210823,000000,53.87,54.08,53.87,54.07,277399,0
FIXD.US,D,20210824,000000,54.1992,54.1992,53.9364,53.97,580480,0
FIXD.US,D,20210825,000000,53.97,53.98,53.8239,53.86,340238,0
FIXD.US,D,20210826,000000,53.89,53.95,53.83,53.87,484806,0
FIXD.US,D,20210827,000000,53.91,54.06,53.8501,54.02,367410,0
FIXD.US,D,20210830,000000,54.0157,54.09,53.98,54.08,271873,0
FIXD.US,D,20210831,000000,54.08,54.11,54.01,54.09,408439,0
FIXD.US,D,20210901,000000,54.06,54.106,53.99,54.04,389074,0
