<TICKER>,<PER>,<DATE>,<TIME>,<OPEN>,<HIGH>,<LOW>,<CLOSE>,<VOL>,<OPENINT>
FMHI.US,D,20171103,000000,45.539,45.812,45.539,45.665,7081,0
FMHI.US,D,20171107,000000,45.812,45.812,45.811,45.811,665,0
FMHI.US,D,20171108,000000,45.693,45.764,45.683,45.764,3284,0
FMHI.US,D,20171109,000000,45.757,45.764,45.745,45.757,6491,0
FMHI.US,D,20171113,000000,45.713,45.713,45.646,45.646,18647,0
FMHI.US,D,20171114,000000,45.764,45.764,45.764,45.764,1294,0
FMHI.US,D,20171115,000000,45.764,45.764,45.764,45.764,451,0
FMHI.US,D,20171117,000000,45.831,45.831,45.821,45.821,1864,0
FMHI.US,D,20171120,000000,45.858,45.858,45.85,45.85,665,0
FMHI.US,D,20171121,000000,45.836,45.836,45.836,45.836,333,0
FMHI.US,D,20171207,000000,46.238,46.281,46.238,46.281,868,0
FMHI.US,D,20171208,000000,46.135,46.154,45.862,45.862,1657,0
FMHI.US,D,20171213,000000,46.126,46.126,46.126,46.126,436,0
FMHI.US,D,20171214,000000,46.108,46.328,46.035,46.201,2691,0
FMHI.US,D,20171215,000000,46.164,46.164,46.164,46.164,333,0
FMHI.US,D,20171218,000000,46.144,46.199,46.144,46.199,1793,0
FMHI.US,D,20171220,000000,45.951,45.951,45.929,45.929,263,0
FMHI.US,D,20171221,000000,46.067,46.067,46.067,46.067,100,0
FMHI.US,D,20171222,000000,46.039,46.048,46.039,46.048,261,0
FMHI.US,D,20171227,000000,46.214,46.443,46.214,46.243,1131,0
FMHI.US,D,20171228,000000,46.195,46.195,46.194,46.194,550,0
FMHI.US,D,20171229,000000,46.16,46.16,46.16,46.16,123,0
FMHI.US,D,20180102,000000,46.553,48.889,46.1,46.243,21668,0
FMHI.US,D,20180103,000000,46.305,46.315,46.305,46.305,13452,0
FMHI.US,D,20180105,000000,46.305,46.305,46.286,46.286,1408,0
FMHI.US,D,20180108,000000,46.296,46.296,46.278,46.278,864,0
FMHI.US,D,20180109,000000,46.426,46.47,46.243,46.243,21616,0
FMHI.US,D,20180110,000000,46.1,46.104,46.1,46.104,432,0
FMHI.US,D,20180111,000000,46.076,46.076,46.076,46.076,100,0
FMHI.US,D,20180112,000000,46.1,46.1,46.012,46.1,977,0
FMHI.US,D,20180117,000000,46.031,46.031,46.031,46.031,232,0
FMHI.US,D,20180122,000000,46.057,46.104,45.712,46.104,10488,0
FMHI.US,D,20180123,000000,46.274,46.274,46.249,46.274,4359,0
FMHI.US,D,20180124,000000,46.211,46.211,46.192,46.192,431,0
FMHI.US,D,20180126,000000,46.136,46.136,46.136,46.136,100,0
FMHI.US,D,20180129,000000,46.012,46.175,46.012,46.048,7598,0
FMHI.US,D,20180130,000000,45.835,45.835,45.828,45.835,471,0
FMHI.US,D,20180131,000000,45.981,46.1,45.981,45.981,1311,0
FMHI.US,D,20180201,000000,45.84,45.918,45.736,45.736,22835,0
FMHI.US,D,20180202,000000,45.547,45.547,45.547,45.547,763,0
FMHI.US,D,20180205,000000,45.635,45.635,45.63,45.63,676,0
FMHI.US,D,20180207,000000,45.899,45.899,45.798,45.798,1811,0
FMHI.US,D,20180208,000000,45.805,45.805,45.805,45.805,383,0
FMHI.US,D,20180209,000000,45.778,46,45.778,46,1559,0
FMHI.US,D,20180214,000000,45.825,45.825,45.448,45.738,1374,0
FMHI.US,D,20180215,000000,45.853,45.861,45.853,45.861,986,0
FMHI.US,D,20180216,000000,45.639,45.639,45.63,45.63,1890,0
FMHI.US,D,20180220,000000,45.615,45.691,45.448,45.506,6824,0
FMHI.US,D,20180221,000000,45.635,45.635,45.46,45.506,5424,0
FMHI.US,D,20180222,000000,45.692,46.638,45.692,46.394,5004,0
FMHI.US,D,20180223,000000,45.784,45.784,45.781,45.784,909,0
FMHI.US,D,20180227,000000,45.895,46.088,45.877,45.877,3667,0
FMHI.US,D,20180228,000000,45.905,45.914,45.905,45.905,1648,0
FMHI.US,D,20180301,000000,45.905,45.905,45.905,45.905,6548,0
FMHI.US,D,20180302,000000,45.877,45.877,45.877,45.877,415,0
FMHI.US,D,20180305,000000,45.712,45.923,45.668,45.682,3269,0
FMHI.US,D,20180306,000000,45.644,45.644,45.473,45.635,10998,0
FMHI.US,D,20180308,000000,45.712,45.712,45.712,45.712,683,0
FMHI.US,D,20180309,000000,45.712,45.712,45.573,45.582,6197,0
FMHI.US,D,20180314,000000,45.72,45.72,45.72,45.72,10877,0
FMHI.US,D,20180315,000000,45.85,45.996,45.836,45.867,4348,0
FMHI.US,D,20180316,000000,45.729,45.729,45.718,45.718,1109,0
FMHI.US,D,20180320,000000,45.748,46.014,45.748,45.986,36380,0
FMHI.US,D,20180321,000000,45.949,46.197,45.949,46.013,119271,0
FMHI.US,D,20180322,000000,46.013,46.181,45.972,46.167,18955,0
FMHI.US,D,20180323,000000,46.041,46.411,46.031,46.115,138690,0
FMHI.US,D,20180326,000000,46.19,46.198,46.143,46.172,92428,0
FMHI.US,D,20180327,000000,46.181,46.246,46.181,46.246,37782,0
FMHI.US,D,20180328,000000,46.198,46.355,46.198,46.355,11635,0
FMHI.US,D,20180329,000000,45.949,46.309,45.94,45.996,10108,0
FMHI.US,D,20180402,000000,46.262,46.411,46.217,46.262,19087,0
FMHI.US,D,20180403,000000,46.246,46.4,46.198,46.198,12996,0
FMHI.US,D,20180404,000000,46.261,46.338,46.217,46.217,5855,0
FMHI.US,D,20180405,000000,46.205,46.205,46.205,46.205,572,0
FMHI.US,D,20180406,000000,46.088,46.262,46.088,46.262,2791,0
FMHI.US,D,20180409,000000,46.097,46.29,46.083,46.29,3807,0
FMHI.US,D,20180410,000000,46.227,46.318,46.227,46.318,525,0
FMHI.US,D,20180411,000000,46.309,46.309,46.309,46.309,457,0
FMHI.US,D,20180412,000000,46.254,46.332,46.254,46.32,1115,0
FMHI.US,D,20180413,000000,46.252,46.252,46.195,46.195,1677,0
FMHI.US,D,20180417,000000,46.237,46.237,46.237,46.237,3287,0
FMHI.US,D,20180418,000000,46.392,46.401,46.323,46.323,8997,0
FMHI.US,D,20180419,000000,46.364,46.364,46.26,46.26,443,0
FMHI.US,D,20180420,000000,46.227,46.317,46.227,46.286,2448,0
FMHI.US,D,20180423,000000,46.267,47.241,46.19,46.327,34748,0
FMHI.US,D,20180424,000000,46.143,46.318,46.143,46.249,12725,0
FMHI.US,D,20180425,000000,45.93,45.93,45.93,45.93,359,0
FMHI.US,D,20180426,000000,46.143,46.19,46.084,46.19,1539,0
FMHI.US,D,20180427,000000,46.143,46.262,46.143,46.262,1452,0
FMHI.US,D,20180430,000000,46.29,46.318,46.261,46.318,2365,0
FMHI.US,D,20180501,000000,46.207,46.309,46.207,46.281,3635,0
FMHI.US,D,20180502,000000,46.281,46.309,46.281,46.309,1557,0
FMHI.US,D,20180504,000000,46.227,46.403,46.227,46.237,6340,0
FMHI.US,D,20180507,000000,46.678,46.678,46.431,46.431,1568,0
FMHI.US,D,20180508,000000,46.456,46.456,46.246,46.246,6013,0
FMHI.US,D,20180509,000000,46.246,46.279,46.232,46.279,739,0
FMHI.US,D,20180510,000000,46.363,46.363,46.363,46.363,1384,0
FMHI.US,D,20180514,000000,46.393,46.393,46.393,46.393,721,0
FMHI.US,D,20180515,000000,46.165,46.19,46.165,46.19,812,0
FMHI.US,D,20180516,000000,46.237,46.252,46.237,46.252,277,0
FMHI.US,D,20180518,000000,46.227,46.355,46.227,46.262,1458,0
FMHI.US,D,20180521,000000,46.355,46.364,46.352,46.352,4162,0
FMHI.US,D,20180522,000000,46.401,46.401,46.401,46.401,115,0
FMHI.US,D,20180523,000000,46.392,46.404,46.3,46.404,1451,0
FMHI.US,D,20180524,000000,46.382,46.392,46.382,46.392,227,0
FMHI.US,D,20180525,000000,46.466,46.505,46.466,46.505,492,0
FMHI.US,D,20180529,000000,46.597,46.597,46.597,46.597,344,0
FMHI.US,D,20180530,000000,46.959,46.959,46.495,46.495,2033,0
FMHI.US,D,20180531,000000,46.949,46.949,46.662,46.662,341,0
FMHI.US,D,20180601,000000,46.505,46.596,46.504,46.596,1267,0
FMHI.US,D,20180604,000000,46.573,46.573,46.546,46.546,1078,0
FMHI.US,D,20180605,000000,46.581,46.624,46.55,46.55,2312,0
FMHI.US,D,20180607,000000,46.506,46.615,46.457,46.6,1793,0
FMHI.US,D,20180608,000000,46.485,46.5,46.466,46.5,5911,0
FMHI.US,D,20180611,000000,46.644,46.644,46.601,46.601,3206,0
FMHI.US,D,20180612,000000,46.531,46.531,46.531,46.531,1101,0
FMHI.US,D,20180613,000000,46.531,46.531,46.531,46.531,976,0
FMHI.US,D,20180614,000000,46.495,46.615,46.495,46.523,2878,0
FMHI.US,D,20180615,000000,46.587,46.605,46.587,46.587,4113,0
FMHI.US,D,20180618,000000,46.653,46.698,46.614,46.64,15151,0
FMHI.US,D,20180619,000000,46.745,46.745,46.745,46.745,609,0
FMHI.US,D,20180620,000000,46.679,46.69,46.679,46.69,1983,0
FMHI.US,D,20180621,000000,46.726,46.726,46.587,46.726,349,0
FMHI.US,D,20180622,000000,46.602,46.634,46.559,46.559,1179,0
FMHI.US,D,20180625,000000,46.726,46.755,46.653,46.755,775,0
FMHI.US,D,20180626,000000,46.698,46.698,46.595,46.675,1510,0
FMHI.US,D,20180627,000000,46.698,46.699,46.666,46.666,1167,0
FMHI.US,D,20180628,000000,46.697,46.708,46.697,46.708,3471,0
FMHI.US,D,20180629,000000,46.764,46.764,46.764,46.764,663,0
FMHI.US,D,20180702,000000,46.624,46.688,46.504,46.688,4984,0
FMHI.US,D,20180703,000000,46.809,46.838,46.75,46.838,927,0
FMHI.US,D,20180705,000000,46.662,46.778,46.662,46.778,420,0
FMHI.US,D,20180706,000000,46.738,46.783,46.738,46.783,526,0
FMHI.US,D,20180709,000000,46.884,46.884,46.789,46.789,1438,0
FMHI.US,D,20180710,000000,46.799,46.93,46.799,46.93,3030,0
FMHI.US,D,20180711,000000,46.764,46.764,46.764,46.764,226,0
FMHI.US,D,20180712,000000,46.95,46.95,46.908,46.95,9965,0
FMHI.US,D,20180713,000000,46.988,46.988,46.94,46.96,4247,0
FMHI.US,D,20180716,000000,46.809,46.988,46.809,46.988,1292,0
FMHI.US,D,20180717,000000,46.819,46.819,46.819,46.819,362,0
FMHI.US,D,20180718,000000,46.95,46.96,46.95,46.96,1187,0
FMHI.US,D,20180719,000000,47.023,47.115,46.98,46.98,6913,0
FMHI.US,D,20180720,000000,46.996,47.154,46.92,46.99,1676,0
FMHI.US,D,20180723,000000,46.98,47.061,46.95,46.95,1081,0
FMHI.US,D,20180724,000000,46.882,46.92,46.881,46.881,1374,0
FMHI.US,D,20180725,000000,46.95,46.97,46.94,46.96,1076,0
FMHI.US,D,20180726,000000,47.08,47.08,46.789,46.789,1520,0
FMHI.US,D,20180727,000000,46.828,46.917,46.798,46.917,4363,0
FMHI.US,D,20180730,000000,46.808,46.97,46.808,46.95,1520,0
FMHI.US,D,20180731,000000,46.953,47.089,46.908,47.071,4535,0
FMHI.US,D,20180801,000000,46.904,46.904,46.859,46.859,564,0
FMHI.US,D,20180802,000000,46.97,47.023,46.832,46.832,3434,0
FMHI.US,D,20180803,000000,47.061,47.061,46.92,46.93,758,0
FMHI.US,D,20180806,000000,47.005,47.005,46.917,46.988,1814,0
FMHI.US,D,20180807,000000,46.96,46.96,46.96,46.96,221,0
FMHI.US,D,20180808,000000,46.92,47.071,46.816,46.816,3152,0
FMHI.US,D,20180809,000000,46.789,46.789,46.789,46.789,436,0
FMHI.US,D,20180810,000000,47.023,47.033,47.023,47.033,764,0
FMHI.US,D,20180813,000000,47.145,47.145,47.109,47.109,1064,0
FMHI.US,D,20180814,000000,47.136,47.154,47.014,47.154,6461,0
FMHI.US,D,20180815,000000,47.267,47.267,47.209,47.238,1130,0
FMHI.US,D,20180816,000000,47.228,47.229,47.179,47.179,1759,0
FMHI.US,D,20180817,000000,47.267,47.267,47.163,47.228,4310,0
FMHI.US,D,20180820,000000,47.277,47.344,47.145,47.344,5036,0
FMHI.US,D,20180821,000000,47.314,47.314,47.314,47.314,423,0
FMHI.US,D,20180822,000000,47.361,47.361,47.251,47.251,2298,0
FMHI.US,D,20180823,000000,47.351,47.351,47.35,47.351,2524,0
FMHI.US,D,20180824,000000,47.277,47.295,47.277,47.295,7243,0
FMHI.US,D,20180827,000000,47.344,47.344,47.257,47.334,1238,0
FMHI.US,D,20180829,000000,47.196,47.304,47.097,47.116,8798,0
FMHI.US,D,20180830,000000,47.238,47.314,47.116,47.304,8317,0
FMHI.US,D,20180831,000000,47.233,47.37,47.144,47.37,6950,0
FMHI.US,D,20180904,000000,47.277,47.277,47.214,47.214,3092,0
FMHI.US,D,20180905,000000,47.238,47.238,47.19,47.19,622,0
FMHI.US,D,20180906,000000,47.277,47.277,47.232,47.232,647,0
FMHI.US,D,20180907,000000,47.065,47.172,47.065,47.172,4054,0
FMHI.US,D,20180910,000000,47.209,47.209,47.136,47.199,1629,0
FMHI.US,D,20180911,000000,47.122,47.122,47.098,47.106,818,0
FMHI.US,D,20180912,000000,47.209,47.209,47.064,47.144,1779,0
FMHI.US,D,20180913,000000,47.172,47.172,47.116,47.135,1453,0
FMHI.US,D,20180914,000000,47.163,47.163,46.98,47.02,921,0
FMHI.US,D,20180917,000000,46.987,47.17,46.987,47.035,2247,0
FMHI.US,D,20180918,000000,47.051,47.11,46.988,46.993,8875,0
FMHI.US,D,20180919,000000,47.088,47.088,47.016,47.088,1726,0
FMHI.US,D,20180920,000000,47.013,47.06,46.986,47.06,2476,0
FMHI.US,D,20180921,000000,47.126,47.126,46.987,47.088,9013,0
FMHI.US,D,20180924,000000,47.126,47.126,47.07,47.07,7006,0
FMHI.US,D,20180925,000000,47.088,47.088,46.835,46.892,4317,0
FMHI.US,D,20180926,000000,46.892,46.892,46.892,46.892,1310,0
FMHI.US,D,20180927,000000,46.892,46.995,46.892,46.987,1358,0
FMHI.US,D,20180928,000000,47.181,47.181,46.91,46.91,491,0
FMHI.US,D,20181001,000000,47.051,47.051,47.042,47.042,3427,0
FMHI.US,D,20181002,000000,47.029,47.088,46.971,47.088,1726,0
FMHI.US,D,20181003,000000,46.967,46.967,46.862,46.882,2227,0
FMHI.US,D,20181004,000000,46.864,46.958,46.819,46.873,19412,0
FMHI.US,D,20181005,000000,46.873,46.873,46.787,46.787,1014,0
FMHI.US,D,20181008,000000,46.902,46.902,46.902,46.902,607,0
FMHI.US,D,20181009,000000,46.77,46.902,46.714,46.902,8900,0
FMHI.US,D,20181010,000000,46.815,46.825,46.667,46.778,2975,0
FMHI.US,D,20181011,000000,46.873,46.882,46.535,46.535,29964,0
FMHI.US,D,20181012,000000,46.487,46.787,46.487,46.684,5074,0
FMHI.US,D,20181016,000000,46.684,46.694,46.507,46.694,896,0
FMHI.US,D,20181017,000000,46.526,46.526,46.526,46.526,277,0
FMHI.US,D,20181018,000000,46.583,46.704,46.583,46.704,3626,0
FMHI.US,D,20181019,000000,46.593,46.667,46.544,46.667,816,0
FMHI.US,D,20181022,000000,46.661,46.714,46.661,46.714,807,0
FMHI.US,D,20181023,000000,46.723,46.729,46.68,46.68,1288,0
FMHI.US,D,20181024,000000,46.77,46.77,46.592,46.61,2306,0
FMHI.US,D,20181026,000000,46.704,46.81,46.534,46.704,12810,0
FMHI.US,D,20181029,000000,46.684,46.694,46.684,46.694,496,0
FMHI.US,D,20181030,000000,46.501,46.501,46.501,46.501,235,0
FMHI.US,D,20181031,000000,46.628,46.628,46.581,46.581,2444,0
FMHI.US,D,20181101,000000,46.694,46.694,46.582,46.582,2444,0
FMHI.US,D,20181102,000000,46.525,46.59,46.525,46.562,1726,0
FMHI.US,D,20181106,000000,46.635,46.643,46.564,46.564,2208,0
FMHI.US,D,20181107,000000,46.656,46.751,46.56,46.651,2316,0
FMHI.US,D,20181108,000000,46.761,46.761,46.65,46.65,667,0
FMHI.US,D,20181112,000000,46.761,46.864,46.761,46.864,1238,0
FMHI.US,D,20181114,000000,46.662,46.662,46.662,46.662,247,0
FMHI.US,D,20181115,000000,46.66,46.77,46.66,46.761,2741,0
FMHI.US,D,20181116,000000,46.679,46.761,46.679,46.712,9218,0
FMHI.US,D,20181119,000000,46.597,46.775,46.541,46.706,5636,0
FMHI.US,D,20181120,000000,46.778,46.855,46.747,46.825,4855,0
FMHI.US,D,20181121,000000,46.621,46.845,46.621,46.845,1244,0
FMHI.US,D,20181123,000000,46.893,46.929,46.893,46.929,3091,0
FMHI.US,D,20181126,000000,46.411,46.732,46.411,46.671,3374,0
FMHI.US,D,20181127,000000,46.874,46.874,46.71,46.815,5472,0
FMHI.US,D,20181128,000000,46.939,46.939,46.717,46.874,14661,0
FMHI.US,D,20181129,000000,46.854,46.918,46.751,46.918,47893,0
FMHI.US,D,20181130,000000,46.827,47.053,46.827,46.979,10666,0
FMHI.US,D,20181203,000000,46.795,46.825,46.778,46.815,10179,0
FMHI.US,D,20181204,000000,47.062,47.062,46.825,46.949,15564,0
FMHI.US,D,20181206,000000,46.949,47.154,46.845,47.015,9111,0
FMHI.US,D,20181207,000000,47.072,47.174,46.889,47.174,3489,0
FMHI.US,D,20181210,000000,46.981,47.044,46.835,47.044,2358,0
FMHI.US,D,20181212,000000,47.044,47.081,47.034,47.072,1122,0
FMHI.US,D,20181213,000000,46.965,47.007,46.965,47.007,647,0
FMHI.US,D,20181214,000000,47.081,47.146,46.978,46.978,8910,0
FMHI.US,D,20181217,000000,46.903,47.039,46.864,47.039,6919,0
FMHI.US,D,20181218,000000,47.012,47.118,47.012,47.061,4630,0
FMHI.US,D,20181219,000000,47.103,47.261,47.103,47.261,3361,0
FMHI.US,D,20181220,000000,47.34,47.348,47.137,47.216,9046,0
FMHI.US,D,20181221,000000,47.31,47.357,47.184,47.357,9824,0
FMHI.US,D,20181224,000000,47.237,47.331,47.237,47.331,794,0
FMHI.US,D,20181226,000000,47.295,47.385,47.293,47.384,5060,0
FMHI.US,D,20181227,000000,47.385,47.45,47.281,47.421,11658,0
FMHI.US,D,20181228,000000,47.376,47.874,47.308,47.357,42131,0
FMHI.US,D,20181231,000000,47.392,47.392,47.269,47.319,4391,0
FMHI.US,D,20190102,000000,47.366,47.366,47.291,47.298,1445,0
FMHI.US,D,20190103,000000,47.281,47.525,47.281,47.33,105131,0
FMHI.US,D,20190104,000000,47.376,47.376,47.092,47.323,2423,0
FMHI.US,D,20190107,000000,47.431,47.515,47.304,47.393,9617,0
FMHI.US,D,20190108,000000,47.45,47.45,47.348,47.385,8147,0
FMHI.US,D,20190109,000000,47.412,47.412,47.208,47.31,4512,0
FMHI.US,D,20190111,000000,47.486,47.495,47.486,47.495,1580,0
FMHI.US,D,20190114,000000,47.367,47.367,47.367,47.367,926,0
FMHI.US,D,20190115,000000,47.415,47.561,47.402,47.468,4584,0
FMHI.US,D,20190116,000000,47.496,47.496,47.412,47.457,4264,0
FMHI.US,D,20190117,000000,47.544,47.544,47.348,47.48,4743,0
FMHI.US,D,20190118,000000,47.561,47.561,47.412,47.472,2100,0
FMHI.US,D,20190122,000000,47.554,47.951,47.402,47.554,6093,0
FMHI.US,D,20190123,000000,47.561,47.561,47.389,47.452,5537,0
FMHI.US,D,20190124,000000,47.429,47.571,47.429,47.499,3035,0
FMHI.US,D,20190125,000000,47.472,47.552,47.407,47.496,9154,0
FMHI.US,D,20190128,000000,47.576,47.576,47.576,47.576,2098,0
FMHI.US,D,20190129,000000,47.708,47.708,47.576,47.62,3239,0
FMHI.US,D,20190130,000000,47.601,47.717,47.339,47.68,16025,0
FMHI.US,D,20190131,000000,47.755,47.836,47.755,47.766,2581,0
FMHI.US,D,20190201,000000,47.708,47.834,47.708,47.774,20812,0
FMHI.US,D,20190204,000000,47.722,47.866,47.693,47.847,7571,0
FMHI.US,D,20190205,000000,47.819,47.893,47.744,47.764,11342,0
FMHI.US,D,20190206,000000,47.661,47.755,47.661,47.708,6318,0
FMHI.US,D,20190207,000000,47.708,47.893,47.708,47.856,16108,0
FMHI.US,D,20190208,000000,47.847,47.913,47.792,47.871,4947,0
FMHI.US,D,20190211,000000,47.727,47.903,47.727,47.829,16215,0
FMHI.US,D,20190212,000000,47.893,47.982,47.745,47.982,18144,0
FMHI.US,D,20190213,000000,47.847,47.894,47.847,47.894,2798,0
FMHI.US,D,20190214,000000,48.126,48.126,48.007,48.087,1825,0
FMHI.US,D,20190215,000000,48.067,48.067,47.942,47.984,2317,0
FMHI.US,D,20190219,000000,48.135,48.135,48.126,48.135,2854,0
FMHI.US,D,20190220,000000,48.145,48.145,47.967,48.041,5643,0
FMHI.US,D,20190222,000000,48.155,48.155,48.087,48.087,2751,0
FMHI.US,D,20190225,000000,48.182,48.182,48.039,48.077,5038,0
FMHI.US,D,20190226,000000,48.058,48.245,48.058,48.175,3471,0
FMHI.US,D,20190227,000000,48.155,48.155,48.074,48.074,1306,0
FMHI.US,D,20190228,000000,48.13,48.209,48.09,48.09,10044,0
FMHI.US,D,20190301,000000,48.182,48.182,47.987,48.11,1885,0
FMHI.US,D,20190304,000000,48.209,48.226,48.021,48.173,11319,0
FMHI.US,D,20190305,000000,48.142,48.209,48.059,48.059,11010,0
FMHI.US,D,20190307,000000,48.358,48.358,48.324,48.324,1151,0
FMHI.US,D,20190308,000000,48.306,48.313,48.306,48.313,1688,0
FMHI.US,D,20190311,000000,48.315,48.41,48.25,48.25,17738,0
FMHI.US,D,20190312,000000,48.328,48.386,48.305,48.386,20888,0
FMHI.US,D,20190313,000000,48.255,48.4,48.255,48.372,8615,0
FMHI.US,D,20190314,000000,48.429,48.429,48.282,48.282,3234,0
FMHI.US,D,20190315,000000,48.285,48.525,48.285,48.497,4223,0
FMHI.US,D,20190318,000000,48.588,48.588,48.353,48.353,10530,0
FMHI.US,D,20190319,000000,48.454,48.579,48.454,48.566,15801,0
FMHI.US,D,20190320,000000,48.628,48.677,48.551,48.551,2009,0
FMHI.US,D,20190321,000000,48.714,48.733,48.705,48.705,1120,0
FMHI.US,D,20190322,000000,48.813,48.906,48.804,48.896,6299,0
FMHI.US,D,20190326,000000,48.872,48.981,48.857,48.902,12572,0
FMHI.US,D,20190327,000000,48.907,49.04,48.907,48.973,4526,0
FMHI.US,D,20190328,000000,49,49.044,48.895,48.982,3288,0
FMHI.US,D,20190329,000000,49.02,49.059,48.896,48.982,15995,0
FMHI.US,D,20190401,000000,49.059,49.143,48.916,49.049,14333,0
FMHI.US,D,20190402,000000,49.078,49.096,48.877,49.096,18530,0
FMHI.US,D,20190403,000000,49.049,49.049,48.888,49.049,6525,0
FMHI.US,D,20190404,000000,49.069,49.096,48.958,49.078,25355,0
FMHI.US,D,20190405,000000,49.03,49.088,48.862,49.069,9167,0
FMHI.US,D,20190408,000000,49.146,49.146,49.011,49.011,6172,0
FMHI.US,D,20190409,000000,48.906,49.073,48.896,49.035,2985,0
FMHI.US,D,20190410,000000,49.143,49.145,49.035,49.069,5850,0
FMHI.US,D,20190411,000000,49.06,49.166,49.039,49.166,4719,0
FMHI.US,D,20190412,000000,49.049,49.078,49.011,49.011,4358,0
FMHI.US,D,20190415,000000,49.029,49.066,49.022,49.066,730,0
FMHI.US,D,20190416,000000,49.013,49.07,49.013,49.049,4352,0
FMHI.US,D,20190417,000000,49.096,49.096,48.86,48.86,21767,0
FMHI.US,D,20190418,000000,48.986,49.185,48.823,49.185,15934,0
FMHI.US,D,20190422,000000,48.896,49.028,48.896,49.028,1406,0
FMHI.US,D,20190423,000000,49.124,49.136,49.02,49.106,7607,0
FMHI.US,D,20190424,000000,49.185,49.24,49.001,49.219,7034,0
FMHI.US,D,20190425,000000,49.179,49.298,49.175,49.27,6682,0
FMHI.US,D,20190426,000000,49.354,49.354,49.298,49.312,2689,0
FMHI.US,D,20190429,000000,49.275,49.354,49.217,49.346,2140,0
FMHI.US,D,20190430,000000,49.156,49.31,49.156,49.243,1496,0
FMHI.US,D,20190501,000000,49.403,49.403,49.289,49.402,2573,0
FMHI.US,D,20190502,000000,49.403,49.403,49.298,49.393,3829,0
FMHI.US,D,20190503,000000,49.407,49.448,49.407,49.448,3464,0
FMHI.US,D,20190506,000000,49.595,49.595,49.391,49.391,1220,0
FMHI.US,D,20190507,000000,49.46,49.549,49.46,49.539,8469,0
FMHI.US,D,20190508,000000,49.364,49.567,49.364,49.521,1565,0
FMHI.US,D,20190509,000000,49.595,49.652,49.551,49.551,6918,0
FMHI.US,D,20190510,000000,49.622,49.644,49.586,49.644,2252,0
FMHI.US,D,20190513,000000,49.723,49.772,49.718,49.718,1796,0
FMHI.US,D,20190514,000000,49.614,49.796,49.614,49.784,11616,0
FMHI.US,D,20190515,000000,49.769,49.912,49.769,49.856,14851,0
FMHI.US,D,20190516,000000,49.806,49.884,49.806,49.809,11748,0
FMHI.US,D,20190517,000000,49.978,49.978,49.856,49.889,7553,0
FMHI.US,D,20190520,000000,49.942,49.942,49.868,49.874,5120,0
FMHI.US,D,20190521,000000,49.969,49.969,49.826,49.841,18836,0
FMHI.US,D,20190522,000000,49.879,49.95,49.879,49.937,3653,0
FMHI.US,D,20190523,000000,49.846,50.102,49.846,50.083,48246,0
FMHI.US,D,20190524,000000,49.923,49.923,49.884,49.884,2055,0
FMHI.US,D,20190528,000000,50.054,50.083,49.884,49.987,2805,0
FMHI.US,D,20190529,000000,49.951,50.132,49.884,50.132,8605,0
FMHI.US,D,20190530,000000,50.14,50.151,49.986,50.151,5014,0
FMHI.US,D,20190531,000000,50.227,50.227,50.116,50.149,2962,0
FMHI.US,D,20190603,000000,50.024,50.171,49.998,50.153,9110,0
FMHI.US,D,20190604,000000,50.22,50.22,50.049,50.083,6910,0
FMHI.US,D,20190605,000000,50.24,50.24,50.054,50.054,2586,0
FMHI.US,D,20190606,000000,50.137,50.2,50.12,50.193,6195,0
FMHI.US,D,20190607,000000,50.22,50.335,50.105,50.287,23784,0
FMHI.US,D,20190610,000000,50.267,50.267,50.141,50.23,4283,0
FMHI.US,D,20190611,000000,50.287,50.287,50.151,50.225,4967,0
FMHI.US,D,20190612,000000,50.22,50.24,50.132,50.211,11965,0
FMHI.US,D,20190613,000000,50.225,50.277,50.171,50.191,5627,0
FMHI.US,D,20190614,000000,50.083,50.255,50.036,50.255,4794,0
FMHI.US,D,20190617,000000,50.285,50.285,50.171,50.171,2122,0
FMHI.US,D,20190618,000000,50.267,50.27,50.24,50.254,7097,0
FMHI.US,D,20190619,000000,50.23,50.267,50.191,50.267,4168,0
FMHI.US,D,20190620,000000,50.307,50.307,50.277,50.277,9760,0
FMHI.US,D,20190621,000000,50.23,50.295,50.195,50.295,3568,0
FMHI.US,D,20190624,000000,50.4,50.4,50.327,50.327,1228,0
FMHI.US,D,20190625,000000,50.316,50.364,50.316,50.364,1730,0
FMHI.US,D,20190626,000000,50.336,50.43,50.295,50.357,3668,0
FMHI.US,D,20190627,000000,50.32,50.449,50.257,50.449,2889,0
FMHI.US,D,20190628,000000,50.449,50.449,50.349,50.398,2683,0
FMHI.US,D,20190701,000000,50.449,50.478,50.345,50.416,16261,0
FMHI.US,D,20190702,000000,50.326,50.528,50.326,50.426,6078,0
FMHI.US,D,20190703,000000,50.267,50.537,50.267,50.458,2396,0
FMHI.US,D,20190705,000000,50.508,50.518,50.399,50.483,2672,0
FMHI.US,D,20190708,000000,50.566,50.566,50.501,50.501,7889,0
FMHI.US,D,20190709,000000,50.594,50.614,50.437,50.614,22405,0
FMHI.US,D,20190710,000000,50.442,50.653,50.442,50.55,21034,0
FMHI.US,D,20190711,000000,50.613,50.613,50.518,50.58,2244,0
FMHI.US,D,20190712,000000,51.115,51.115,50.45,50.615,4506,0
FMHI.US,D,20190715,000000,50.624,50.625,50.583,50.623,3684,0
FMHI.US,D,20190716,000000,50.528,50.663,50.528,50.593,11271,0
FMHI.US,D,20190717,000000,50.721,50.721,50.624,50.711,8185,0
FMHI.US,D,20190718,000000,50.633,50.716,50.609,50.633,6610,0
FMHI.US,D,20190719,000000,50.643,50.711,50.643,50.688,8967,0
FMHI.US,D,20190722,000000,50.576,50.748,50.576,50.748,3663,0
FMHI.US,D,20190723,000000,50.757,50.757,50.632,50.7,3008,0
FMHI.US,D,20190724,000000,50.736,50.784,50.673,50.736,11453,0
FMHI.US,D,20190725,000000,50.736,50.744,50.673,50.731,9945,0
FMHI.US,D,20190726,000000,50.633,50.787,50.633,50.758,1790,0
FMHI.US,D,20190729,000000,50.776,50.844,50.702,50.702,4572,0
FMHI.US,D,20190730,000000,50.844,50.864,50.702,50.796,8469,0
FMHI.US,D,20190731,000000,50.732,50.932,50.732,50.846,7946,0
FMHI.US,D,20190801,000000,50.952,51.001,50.876,50.977,2921,0
FMHI.US,D,20190802,000000,51.059,51.059,50.854,50.854,1502,0
FMHI.US,D,20190805,000000,51.203,51.203,51.001,51.101,7185,0
FMHI.US,D,20190806,000000,51.023,51.172,51.023,51.134,7735,0
FMHI.US,D,20190807,000000,51.217,51.278,51.217,51.231,1448,0
FMHI.US,D,20190808,000000,52.768,52.768,51.242,51.242,7083,0
FMHI.US,D,20190809,000000,51.368,51.368,51.368,51.368,17664,0
FMHI.US,D,20190812,000000,51.4,51.471,51.233,51.28,7903,0
FMHI.US,D,20190813,000000,51.31,51.36,51.31,51.332,3062,0
FMHI.US,D,20190814,000000,51.338,51.563,51.338,51.501,8927,0
FMHI.US,D,20190815,000000,51.537,51.608,51.445,51.548,13118,0
FMHI.US,D,20190816,000000,51.56,51.618,51.482,51.618,3391,0
FMHI.US,D,20190819,000000,51.546,51.667,51.546,51.654,7652,0
FMHI.US,D,20190820,000000,51.698,51.765,51.628,51.628,4801,0
FMHI.US,D,20190821,000000,51.556,51.687,51.556,51.628,4298,0
FMHI.US,D,20190822,000000,51.628,51.687,51.628,51.672,9546,0
FMHI.US,D,20190823,000000,51.697,51.774,51.501,51.677,12588,0
FMHI.US,D,20190826,000000,51.784,51.793,51.57,51.76,10937,0
FMHI.US,D,20190827,000000,51.84,51.84,51.731,51.803,3034,0
FMHI.US,D,20190828,000000,51.804,51.937,51.804,51.836,15372,0
FMHI.US,D,20190829,000000,51.898,51.898,51.764,51.826,5100,0
FMHI.US,D,20190830,000000,51.715,51.947,51.715,51.918,23581,0
FMHI.US,D,20190903,000000,52.558,52.558,51.84,51.889,2549,0
FMHI.US,D,20190904,000000,51.937,51.937,51.735,51.918,10567,0
FMHI.US,D,20190905,000000,51.879,51.879,51.657,51.793,5906,0
FMHI.US,D,20190906,000000,51.879,51.879,51.697,51.697,6529,0
FMHI.US,D,20190909,000000,51.628,51.745,51.628,51.706,5644,0
FMHI.US,D,20190910,000000,51.637,51.71,51.637,51.639,2018,0
FMHI.US,D,20190911,000000,51.425,51.677,51.425,51.525,9837,0
FMHI.US,D,20190912,000000,51.532,51.56,51.425,51.518,7380,0
FMHI.US,D,20190913,000000,51.337,51.34,51.288,51.29,3977,0
FMHI.US,D,20190916,000000,51.37,51.416,51.192,51.192,12817,0
FMHI.US,D,20190917,000000,51.152,51.357,51.152,51.301,9856,0
FMHI.US,D,20190918,000000,51.473,51.56,51.392,51.53,6239,0
FMHI.US,D,20190919,000000,51.598,51.656,51.466,51.484,8547,0
FMHI.US,D,20190920,000000,51.637,51.637,51.504,51.582,6086,0
FMHI.US,D,20190923,000000,51.625,51.735,51.625,51.694,4830,0
FMHI.US,D,20190924,000000,51.784,51.784,51.585,51.599,6028,0
FMHI.US,D,20190925,000000,51.716,51.725,51.618,51.618,6775,0
FMHI.US,D,20190926,000000,51.618,51.677,51.553,51.553,13201,0
FMHI.US,D,20190927,000000,51.677,51.715,51.52,51.565,10014,0
FMHI.US,D,20190930,000000,51.715,51.725,51.647,51.712,2982,0
FMHI.US,D,20191001,000000,51.608,51.745,51.59,51.637,5089,0
FMHI.US,D,20191002,000000,51.755,51.765,51.681,51.681,2713,0
FMHI.US,D,20191003,000000,51.813,51.85,51.769,51.825,2896,0
FMHI.US,D,20191004,000000,51.807,51.88,51.707,51.794,3146,0
FMHI.US,D,20191007,000000,51.899,51.938,51.784,51.784,5205,0
FMHI.US,D,20191008,000000,51.86,51.938,51.86,51.938,4498,0
FMHI.US,D,20191009,000000,51.976,51.996,51.885,51.885,4368,0
FMHI.US,D,20191010,000000,51.958,51.958,51.784,51.827,33990,0
FMHI.US,D,20191011,000000,51.841,51.841,51.647,51.725,13036,0
FMHI.US,D,20191014,000000,51.759,51.88,51.697,51.88,12620,0
FMHI.US,D,20191015,000000,51.745,51.775,51.673,51.687,12501,0
FMHI.US,D,20191016,000000,51.608,51.755,51.608,51.755,3263,0
FMHI.US,D,20191017,000000,51.618,51.725,51.618,51.697,5913,0
FMHI.US,D,20191018,000000,51.755,51.755,51.56,51.707,4902,0
FMHI.US,D,20191021,000000,51.616,51.687,51.589,51.652,8007,0
FMHI.US,D,20191022,000000,51.667,51.667,51.579,51.618,18733,0
FMHI.US,D,20191023,000000,51.603,51.67,51.536,51.647,5325,0
FMHI.US,D,20191024,000000,51.667,51.667,51.565,51.667,2802,0
FMHI.US,D,20191025,000000,51.707,51.707,51.53,51.707,6020,0
FMHI.US,D,20191028,000000,51.613,51.667,51.599,51.637,2825,0
FMHI.US,D,20191029,000000,51.725,51.725,51.59,51.628,19043,0
FMHI.US,D,20191030,000000,51.51,51.707,51.51,51.707,13709,0
FMHI.US,D,20191031,000000,51.861,51.939,51.803,51.861,17918,0
FMHI.US,D,20191101,000000,51.783,51.832,51.783,51.823,10473,0
FMHI.US,D,20191104,000000,51.842,51.842,51.707,51.765,6529,0
FMHI.US,D,20191105,000000,51.794,51.794,51.712,51.745,16570,0
FMHI.US,D,20191106,000000,51.871,51.871,51.725,51.847,12985,0
FMHI.US,D,20191107,000000,51.775,51.775,51.512,51.53,6568,0
FMHI.US,D,20191108,000000,51.68,51.712,51.608,51.677,2665,0
FMHI.US,D,20191111,000000,51.734,51.734,51.54,51.673,2825,0
FMHI.US,D,20191112,000000,51.687,51.687,51.588,51.588,1959,0
FMHI.US,D,20191113,000000,51.745,51.745,51.68,51.68,2988,0
FMHI.US,D,20191114,000000,51.813,51.832,51.608,51.76,5359,0
FMHI.US,D,20191115,000000,51.804,51.804,51.715,51.715,3458,0
FMHI.US,D,20191118,000000,51.832,51.851,51.737,51.794,8039,0
FMHI.US,D,20191119,000000,51.851,51.851,51.747,51.78,11042,0
FMHI.US,D,20191120,000000,51.794,51.813,51.794,51.804,16163,0
FMHI.US,D,20191121,000000,51.9,51.977,51.838,51.89,21293,0
FMHI.US,D,20191122,000000,51.988,51.988,51.838,51.866,10929,0
FMHI.US,D,20191126,000000,52.008,52.063,51.851,51.988,10190,0
FMHI.US,D,20191127,000000,52.078,52.078,51.91,52.018,4670,0
FMHI.US,D,20191129,000000,51.91,52.107,51.91,52.028,1617,0
FMHI.US,D,20191202,000000,52.27,52.27,51.889,51.949,13566,0
FMHI.US,D,20191203,000000,52.184,52.213,52.073,52.147,5283,0
FMHI.US,D,20191204,000000,51.899,52.147,51.899,52.098,22460,0
FMHI.US,D,20191205,000000,52.098,52.146,52.058,52.103,8889,0
FMHI.US,D,20191206,000000,52.127,52.127,52.051,52.051,14191,0
FMHI.US,D,20191209,000000,52.222,52.222,52.063,52.161,4905,0
FMHI.US,D,20191210,000000,52.166,52.167,52.141,52.161,8573,0
FMHI.US,D,20191211,000000,52.078,52.219,52.078,52.194,13512,0
FMHI.US,D,20191212,000000,52.127,52.194,51.91,51.988,19043,0
FMHI.US,D,20191213,000000,52.199,52.207,52.142,52.19,3753,0
FMHI.US,D,20191216,000000,52.209,52.209,52.103,52.166,16617,0
FMHI.US,D,20191217,000000,52.195,52.268,52.142,52.204,11479,0
FMHI.US,D,20191218,000000,52.161,52.233,52.013,52.013,8434,0
FMHI.US,D,20191219,000000,52.142,52.199,52.103,52.132,10163,0
FMHI.US,D,20191220,000000,52.199,52.199,52.132,52.166,13480,0
FMHI.US,D,20191223,000000,52.17,52.19,52.122,52.151,3701,0
FMHI.US,D,20191224,000000,52.228,52.247,52.151,52.195,9964,0
FMHI.US,D,20191226,000000,52.261,52.268,52.209,52.214,5313,0
FMHI.US,D,20191227,000000,52.276,52.286,52.238,52.271,6453,0
FMHI.US,D,20191230,000000,52.18,52.326,52.18,52.281,4620,0
FMHI.US,D,20191231,000000,52.355,52.355,52.209,52.209,11555,0
FMHI.US,D,20200102,000000,52.365,52.365,52.268,52.292,37725,0
FMHI.US,D,20200103,000000,52.326,52.39,52.258,52.39,7974,0
FMHI.US,D,20200106,000000,52.475,52.544,52.366,52.475,9221,0
FMHI.US,D,20200107,000000,52.59,52.619,52.536,52.572,8920,0
FMHI.US,D,20200108,000000,52.623,52.678,52.581,52.614,10824,0
FMHI.US,D,20200109,000000,52.688,52.688,52.544,52.605,18091,0
FMHI.US,D,20200110,000000,52.727,52.727,52.581,52.629,10624,0
FMHI.US,D,20200113,000000,52.687,52.693,52.61,52.673,3057,0
FMHI.US,D,20200114,000000,52.688,52.754,52.688,52.708,8021,0
FMHI.US,D,20200115,000000,52.847,52.847,52.668,52.747,24244,0
FMHI.US,D,20200116,000000,52.857,52.867,52.787,52.832,16080,0
FMHI.US,D,20200117,000000,52.877,52.877,52.787,52.842,9080,0
FMHI.US,D,20200121,000000,52.787,52.952,52.787,52.916,10504,0
FMHI.US,D,20200122,000000,52.944,52.944,52.877,52.916,12982,0
FMHI.US,D,20200123,000000,52.954,53.002,52.953,52.982,25654,0
FMHI.US,D,20200124,000000,53.035,53.06,52.891,53.026,27035,0
FMHI.US,D,20200127,000000,53.1,53.1,53.031,53.05,5299,0
FMHI.US,D,20200128,000000,53.15,53.15,53.08,53.08,8818,0
FMHI.US,D,20200129,000000,53.24,53.24,53.07,53.148,11335,0
FMHI.US,D,20200130,000000,53.17,53.24,53.082,53.12,10274,0
FMHI.US,D,20200131,000000,53.28,53.28,53.04,53.17,9209,0
FMHI.US,D,20200203,000000,53.213,53.23,53.082,53.165,5163,0
FMHI.US,D,20200204,000000,53.22,53.22,53.13,53.16,16612,0
FMHI.US,D,20200205,000000,53.22,53.22,53.08,53.14,19482,0
FMHI.US,D,20200206,000000,53.09,53.25,53.077,53.13,20721,0
FMHI.US,D,20200207,000000,53.316,53.316,53.173,53.215,5057,0
FMHI.US,D,20200210,000000,53.298,53.325,53.145,53.275,20332,0
FMHI.US,D,20200211,000000,53.345,53.345,53.17,53.245,29375,0
FMHI.US,D,20200212,000000,53.316,53.355,53.27,53.312,37546,0
FMHI.US,D,20200213,000000,53.365,53.434,53.365,53.4,17155,0
FMHI.US,D,20200214,000000,53.454,53.463,53.407,53.439,11705,0
FMHI.US,D,20200218,000000,53.451,53.539,53.425,53.483,13751,0
FMHI.US,D,20200219,000000,53.513,53.538,53.454,53.503,16440,0
FMHI.US,D,20200220,000000,53.642,53.661,53.533,53.613,15124,0
FMHI.US,D,20200221,000000,53.625,53.748,53.613,53.718,26578,0
FMHI.US,D,20200224,000000,53.872,53.957,53.81,53.888,4328,0
FMHI.US,D,20200225,000000,53.996,54.073,53.917,54.025,18312,0
FMHI.US,D,20200226,000000,53.962,54.073,53.957,54.015,9384,0
FMHI.US,D,20200227,000000,54.162,54.162,53.881,54.04,4813,0
FMHI.US,D,20200228,000000,54.35,54.398,53.878,54.083,21748,0
FMHI.US,D,20200302,000000,54.252,54.252,54.015,54.064,30021,0
FMHI.US,D,20200303,000000,53.967,54.182,53.967,54.015,25514,0
FMHI.US,D,20200304,000000,53.959,54.073,53.887,53.967,16967,0
FMHI.US,D,20200305,000000,54.083,54.142,53.897,54.049,30144,0
FMHI.US,D,20200306,000000,54.001,54.132,53.922,54.132,5516,0
FMHI.US,D,20200309,000000,54.172,54.192,53.798,53.897,15997,0
FMHI.US,D,20200310,000000,53.297,53.563,52.924,53.079,17044,0
FMHI.US,D,20200311,000000,52.52,53.01,51.927,51.927,21880,0
FMHI.US,D,20200312,000000,49.88,51.387,46.189,49.652,60094,0
FMHI.US,D,20200313,000000,48.945,50.539,48.945,50.221,81497,0
FMHI.US,D,20200316,000000,45.904,50.501,45.904,49.009,34692,0
FMHI.US,D,20200317,000000,48.344,50.175,48.344,49.807,28022,0
FMHI.US,D,20200318,000000,49.511,49.635,45.746,48.728,57503,0
FMHI.US,D,20200319,000000,47.43,48.818,46.662,48.818,86683,0
FMHI.US,D,20200320,000000,42.321,46.721,42.321,45.994,68739,0
FMHI.US,D,20200323,000000,46.021,46.149,41.848,45.116,78993,0
FMHI.US,D,20200324,000000,45.392,46.967,44.476,46.381,44605,0
FMHI.US,D,20200325,000000,48.265,48.265,46.353,48,120924,0
FMHI.US,D,20200326,000000,49.292,49.842,48.955,49.314,26606,0
FMHI.US,D,20200327,000000,49.084,49.349,48.392,48.869,67820,0
FMHI.US,D,20200330,000000,48.424,49.191,48.424,48.745,57802,0
FMHI.US,D,20200331,000000,48.838,48.838,48.126,48.326,15474,0
FMHI.US,D,20200401,000000,47.972,47.972,46.76,46.967,18535,0
FMHI.US,D,20200402,000000,46.278,46.76,46.278,46.538,6231,0
FMHI.US,D,20200403,000000,46.74,47.153,46.731,46.838,29008,0
FMHI.US,D,20200406,000000,47.153,47.232,46.999,47.051,7666,0
FMHI.US,D,20200407,000000,46.808,47.477,46.808,47.39,12067,0
FMHI.US,D,20200408,000000,47.418,47.646,47.042,47.347,7076,0
FMHI.US,D,20200409,000000,47.669,48.265,47.669,48.04,34290,0
FMHI.US,D,20200413,000000,48.265,48.265,47.525,47.761,25255,0
FMHI.US,D,20200414,000000,48.169,48.225,47.726,47.97,25358,0
FMHI.US,D,20200415,000000,48.206,48.206,48.08,48.146,5241,0
FMHI.US,D,20200416,000000,48.08,48.187,47.617,48.14,28043,0
FMHI.US,D,20200417,000000,48.154,48.159,47.696,47.911,26108,0
FMHI.US,D,20200420,000000,47.666,48.1,47.666,47.985,21435,0
FMHI.US,D,20200421,000000,47.94,47.98,47.476,47.6,8940,0
FMHI.US,D,20200422,000000,47.826,47.826,47.32,47.501,12268,0
FMHI.US,D,20200423,000000,47.379,47.765,47.18,47.457,12288,0
FMHI.US,D,20200424,000000,47.161,47.555,46.986,47.388,30793,0
FMHI.US,D,20200427,000000,46.984,47.57,46.895,47.067,17055,0
FMHI.US,D,20200428,000000,46.895,47.369,46.698,46.766,19499,0
FMHI.US,D,20200429,000000,47.19,47.27,46.644,46.785,6528,0
FMHI.US,D,20200430,000000,46.954,47.224,46.638,46.766,23598,0
FMHI.US,D,20200501,000000,47.357,47.615,47.121,47.409,8209,0
FMHI.US,D,20200504,000000,47.546,47.555,46.885,47.521,10325,0
FMHI.US,D,20200505,000000,47.655,47.655,47.34,47.428,9030,0
FMHI.US,D,20200506,000000,47.555,47.555,47.263,47.325,5773,0
FMHI.US,D,20200507,000000,47.23,47.525,47.23,47.369,6396,0
FMHI.US,D,20200508,000000,47.881,47.881,47.25,47.536,9276,0
FMHI.US,D,20200511,000000,47.388,48.037,47.388,47.685,30148,0
FMHI.US,D,20200512,000000,47.447,47.665,47.3,47.353,10946,0
FMHI.US,D,20200513,000000,47.388,47.585,47.161,47.555,8075,0
FMHI.US,D,20200514,000000,47.625,47.625,47.452,47.459,7929,0
FMHI.US,D,20200515,000000,47.486,47.675,47.486,47.554,17840,0
FMHI.US,D,20200518,000000,47.58,47.675,47.526,47.585,8963,0
FMHI.US,D,20200519,000000,47.655,47.822,47.565,47.822,7494,0
FMHI.US,D,20200520,000000,47.97,48,47.789,47.901,5892,0
FMHI.US,D,20200521,000000,47.841,47.97,47.822,47.901,5362,0
FMHI.US,D,20200522,000000,48.066,48.13,47.97,48.045,11733,0
FMHI.US,D,20200526,000000,47.97,48.345,47.97,48.281,11528,0
FMHI.US,D,20200527,000000,48.04,48.395,48.03,48.236,5946,0
FMHI.US,D,20200528,000000,48.208,48.433,48.07,48.362,7853,0
FMHI.US,D,20200529,000000,48.415,48.652,48.256,48.45,10939,0
FMHI.US,D,20200601,000000,48.586,48.75,48.545,48.637,8915,0
FMHI.US,D,20200602,000000,48.405,48.76,48.405,48.657,7711,0
FMHI.US,D,20200603,000000,48.72,48.83,48.699,48.735,15830,0
FMHI.US,D,20200604,000000,48.842,49.027,48.84,48.933,6880,0
FMHI.US,D,20200605,000000,49.25,49.432,49.047,49.095,12929,0
FMHI.US,D,20200608,000000,49.284,49.639,49.284,49.516,7053,0
FMHI.US,D,20200609,000000,49.585,49.767,49.462,49.635,13498,0
FMHI.US,D,20200610,000000,49.678,49.827,49.54,49.64,11207,0
FMHI.US,D,20200611,000000,49.728,49.889,49.55,49.61,26630,0
FMHI.US,D,20200612,000000,49.718,49.817,49.6,49.688,26122,0
FMHI.US,D,20200615,000000,49.814,49.876,49.7,49.861,32381,0
FMHI.US,D,20200616,000000,49.896,49.946,49.837,49.914,10550,0
FMHI.US,D,20200617,000000,49.837,50.014,49.837,49.946,3652,0
FMHI.US,D,20200618,000000,49.906,50.053,49.903,49.975,8645,0
FMHI.US,D,20200619,000000,49.827,50.172,49.827,50.065,3895,0
FMHI.US,D,20200622,000000,50.232,50.232,50.053,50.152,6961,0
FMHI.US,D,20200623,000000,50.232,50.232,50.103,50.212,4342,0
FMHI.US,D,20200624,000000,50.212,50.242,50.131,50.207,7685,0
FMHI.US,D,20200625,000000,50.116,50.182,50.083,50.133,6076,0
FMHI.US,D,20200626,000000,50.073,50.118,49.975,50.112,21564,0
FMHI.US,D,20200629,000000,50.023,50.192,49.956,50.172,31808,0
FMHI.US,D,20200630,000000,50.251,50.251,49.995,50.177,13045,0
FMHI.US,D,20200701,000000,50.152,50.301,50.152,50.247,5995,0
FMHI.US,D,20200702,000000,50.281,50.341,50.281,50.332,2066,0
FMHI.US,D,20200706,000000,50.311,50.371,50.311,50.351,5197,0
FMHI.US,D,20200707,000000,50.408,50.408,50.351,50.376,20152,0
FMHI.US,D,20200708,000000,50.371,50.409,50.172,50.383,6354,0
FMHI.US,D,20200709,000000,50.331,50.468,50.271,50.468,1925,0
FMHI.US,D,20200710,000000,50.311,50.478,50.311,50.438,9960,0
FMHI.US,D,20200713,000000,50.506,50.506,50.408,50.408,10278,0
FMHI.US,D,20200714,000000,50.676,50.676,50.449,50.582,6281,0
FMHI.US,D,20200715,000000,50.508,50.607,50.508,50.574,3910,0
FMHI.US,D,20200716,000000,50.518,50.77,50.518,50.703,1855,0
FMHI.US,D,20200717,000000,50.814,52.224,50.799,50.923,235039,0
FMHI.US,D,20200720,000000,51.031,51.041,50.853,50.923,11812,0
FMHI.US,D,20200721,000000,50.972,50.982,50.903,50.982,7658,0
FMHI.US,D,20200722,000000,51.12,51.12,51.031,51.071,9704,0
FMHI.US,D,20200723,000000,50.972,51.279,50.972,51.15,7100,0
FMHI.US,D,20200724,000000,51.125,51.18,51.031,51.106,8642,0
FMHI.US,D,20200727,000000,51.26,51.26,51.16,51.175,3161,0
FMHI.US,D,20200728,000000,51.26,51.26,51.18,51.235,10377,0
FMHI.US,D,20200729,000000,51.24,51.299,51.18,51.289,12103,0
FMHI.US,D,20200730,000000,51.388,51.467,51.388,51.427,6303,0
FMHI.US,D,20200731,000000,51.289,51.427,51.289,51.363,6913,0
FMHI.US,D,20200803,000000,51.417,51.486,51.417,51.422,7701,0
FMHI.US,D,20200804,000000,51.586,51.646,51.476,51.521,9501,0
FMHI.US,D,20200805,000000,51.407,51.671,51.407,51.551,23401,0
FMHI.US,D,20200806,000000,51.676,51.724,51.626,51.676,5763,0
FMHI.US,D,20200807,000000,51.556,51.803,51.556,51.793,19879,0
FMHI.US,D,20200810,000000,51.737,51.843,51.718,51.734,12540,0
FMHI.US,D,20200811,000000,51.748,51.872,51.714,51.803,13227,0
FMHI.US,D,20200812,000000,51.676,51.744,51.536,51.646,39040,0
FMHI.US,D,20200813,000000,51.681,51.774,51.625,51.641,5469,0
FMHI.US,D,20200814,000000,51.686,51.774,51.676,51.701,16152,0
FMHI.US,D,20200817,000000,51.66,51.714,51.477,51.596,5716,0
FMHI.US,D,20200818,000000,51.646,51.723,51.636,51.661,12383,0
FMHI.US,D,20200819,000000,51.724,51.724,51.577,51.596,8152,0
FMHI.US,D,20200820,000000,51.627,51.686,51.477,51.487,46402,0
FMHI.US,D,20200821,000000,51.427,51.427,51.289,51.388,5783,0
FMHI.US,D,20200824,000000,51.447,51.586,51.299,51.318,18873,0
FMHI.US,D,20200825,000000,51.309,51.499,51.279,51.472,10244,0
FMHI.US,D,20200826,000000,51.318,51.506,51.25,51.312,4978,0
FMHI.US,D,20200827,000000,51.39,51.456,51.296,51.367,10326,0
FMHI.US,D,20200828,000000,51.338,51.477,51.338,51.402,14343,0
FMHI.US,D,20200831,000000,51.477,51.477,50.843,51.388,69147,0
FMHI.US,D,20200901,000000,51.27,51.397,51.18,51.289,26510,0
FMHI.US,D,20200902,000000,51.24,51.437,51.24,51.437,6367,0
FMHI.US,D,20200903,000000,51.338,51.437,51.279,51.402,10634,0
FMHI.US,D,20200904,000000,51.279,51.467,51.279,51.455,11581,0
FMHI.US,D,20200908,000000,51.417,51.496,51.386,51.442,9970,0
FMHI.US,D,20200909,000000,51.477,51.566,51.414,51.491,10785,0
FMHI.US,D,20200910,000000,51.398,51.566,51.398,51.505,5805,0
FMHI.US,D,20200911,000000,51.606,51.606,51.447,51.536,9063,0
FMHI.US,D,20200914,000000,51.493,51.526,51.447,51.486,3885,0
FMHI.US,D,20200915,000000,51.586,51.586,51.407,51.491,11928,0
FMHI.US,D,20200916,000000,51.407,51.536,51.407,51.471,5363,0
FMHI.US,D,20200917,000000,51.445,51.506,51.445,51.48,4230,0
FMHI.US,D,20200918,000000,51.447,51.49,51.389,51.447,5554,0
FMHI.US,D,20200921,000000,51.447,51.477,51.358,51.358,8789,0
FMHI.US,D,20200922,000000,51.338,51.432,51.328,51.328,10980,0
FMHI.US,D,20200923,000000,51.41,51.431,51.339,51.422,3496,0
FMHI.US,D,20200924,000000,51.245,51.407,51.19,51.297,16005,0
FMHI.US,D,20200925,000000,51.2,51.348,51.12,51.18,33996,0
FMHI.US,D,20200928,000000,51.388,51.388,51.21,51.26,19815,0
FMHI.US,D,20200929,000000,51.23,51.338,51.22,51.279,13419,0
FMHI.US,D,20200930,000000,51.338,51.338,51.17,51.23,11314,0
FMHI.US,D,20201001,000000,51.16,51.358,51.15,51.284,45737,0
FMHI.US,D,20201002,000000,51.26,51.358,51.251,51.295,26532,0
FMHI.US,D,20201005,000000,51.368,51.368,51.13,51.298,13316,0
FMHI.US,D,20201006,000000,51.348,51.348,51.25,51.25,3272,0
FMHI.US,D,20201007,000000,51.299,51.299,51.17,51.215,5705,0
FMHI.US,D,20201008,000000,51.22,51.299,51.17,51.21,9374,0
FMHI.US,D,20201009,000000,51.318,51.348,51.091,51.318,10862,0
FMHI.US,D,20201012,000000,51.318,51.328,51.261,51.294,7401,0
FMHI.US,D,20201013,000000,51.2,51.358,51.2,51.358,11931,0
FMHI.US,D,20201014,000000,51.309,51.368,51.27,51.318,9381,0
FMHI.US,D,20201015,000000,51.364,51.398,51.309,51.378,5244,0
FMHI.US,D,20201016,000000,51.289,51.457,51.289,51.368,14449,0
FMHI.US,D,20201019,000000,51.338,51.437,51.338,51.36,8275,0
FMHI.US,D,20201020,000000,51.337,51.398,51.299,51.299,9682,0
FMHI.US,D,20201021,000000,51.407,51.407,51.328,51.363,9271,0
FMHI.US,D,20201022,000000,51.457,51.467,51.289,51.407,17803,0
FMHI.US,D,20201023,000000,51.447,51.447,51.279,51.314,15341,0
FMHI.US,D,20201026,000000,51.497,51.497,51.279,51.279,10308,0
FMHI.US,D,20201027,000000,51.358,51.377,51.333,51.338,4954,0
FMHI.US,D,20201028,000000,51.318,51.318,51.299,51.299,1848,0
FMHI.US,D,20201029,000000,51.318,51.407,51.276,51.318,10871,0
FMHI.US,D,20201030,000000,51.299,51.437,51.299,51.388,14167,0
FMHI.US,D,20201102,000000,51.377,51.472,51.318,51.422,19288,0
FMHI.US,D,20201103,000000,51.442,51.457,51.417,51.417,5759,0
FMHI.US,D,20201104,000000,51.567,51.864,51.567,51.864,16867,0
FMHI.US,D,20201105,000000,51.725,51.725,51.427,51.427,24720,0
FMHI.US,D,20201106,000000,51.697,51.715,51.617,51.662,16833,0
FMHI.US,D,20201109,000000,51.617,51.854,51.43,51.647,47501,0
FMHI.US,D,20201110,000000,51.834,51.834,51.597,51.804,19829,0
FMHI.US,D,20201111,000000,51.765,51.864,51.667,51.864,6316,0
FMHI.US,D,20201112,000000,51.745,51.864,51.745,51.765,15561,0
FMHI.US,D,20201113,000000,51.834,51.864,51.689,51.814,9258,0
FMHI.US,D,20201116,000000,51.864,52.004,51.819,51.944,8854,0
FMHI.US,D,20201117,000000,51.932,52.113,51.932,52.014,13979,0
FMHI.US,D,20201118,000000,52.091,52.171,51.974,52.074,12409,0
FMHI.US,D,20201119,000000,52.094,52.579,52.094,52.246,29888,0
FMHI.US,D,20201120,000000,52.361,52.44,52.286,52.386,4818,0
FMHI.US,D,20201123,000000,52.451,52.491,52.381,52.431,4923,0
FMHI.US,D,20201124,000000,52.265,52.391,52.265,52.341,5278,0
FMHI.US,D,20201125,000000,52.281,52.491,52.281,52.381,13022,0
FMHI.US,D,20201127,000000,52.569,52.569,52.436,52.436,1071,0
FMHI.US,D,20201130,000000,52.51,52.52,52.311,52.401,150010,0
FMHI.US,D,20201201,000000,52.491,52.579,52.451,52.52,3366,0
FMHI.US,D,20201202,000000,52.562,52.608,52.559,52.574,6057,0
FMHI.US,D,20201203,000000,52.718,52.738,52.491,52.683,15906,0
FMHI.US,D,20201204,000000,52.694,52.828,52.67,52.778,16927,0
FMHI.US,D,20201207,000000,52.818,52.927,52.818,52.927,9124,0
FMHI.US,D,20201208,000000,52.778,52.88,52.738,52.853,21863,0
FMHI.US,D,20201209,000000,52.986,53.016,52.808,52.844,17327,0
FMHI.US,D,20201210,000000,52.996,53.083,52.956,52.961,1440,0
FMHI.US,D,20201211,000000,52.858,53.235,52.858,52.917,30075,0
FMHI.US,D,20201214,000000,53.077,53.145,52.858,53.08,19029,0
FMHI.US,D,20201215,000000,53.145,53.275,52.966,53.105,52255,0
FMHI.US,D,20201216,000000,53.045,53.255,53.045,53.205,12003,0
FMHI.US,D,20201217,000000,53.225,53.343,53.095,53.255,10064,0
FMHI.US,D,20201218,000000,53.433,53.433,52.818,53.314,8520,0
FMHI.US,D,20201221,000000,53.433,53.433,53.241,53.413,19681,0
FMHI.US,D,20201222,000000,53.413,53.423,53.145,53.353,17962,0
FMHI.US,D,20201223,000000,53.443,53.443,53.155,53.255,13272,0
FMHI.US,D,20201224,000000,53.21,53.299,53.195,53.195,2298,0
FMHI.US,D,20201228,000000,53.423,53.423,52.728,53.13,44845,0
FMHI.US,D,20201229,000000,53.294,53.294,52.897,53.115,47859,0
FMHI.US,D,20201230,000000,53.195,53.333,53.055,53.314,16250,0
FMHI.US,D,20201231,000000,53.115,53.323,53.11,53.314,9877,0
FMHI.US,D,20210104,000000,53.323,53.323,53.12,53.215,17119,0
FMHI.US,D,20210105,000000,53.326,53.393,53.235,53.319,14128,0
FMHI.US,D,20210106,000000,53.462,53.462,53.055,53.383,23129,0
FMHI.US,D,20210107,000000,53.522,53.562,53.506,53.522,9658,0
FMHI.US,D,20210108,000000,53.701,53.701,53.562,53.592,21059,0
FMHI.US,D,20210111,000000,53.642,53.661,53.602,53.615,11098,0
FMHI.US,D,20210112,000000,53.662,53.662,53.582,53.627,15368,0
FMHI.US,D,20210113,000000,53.72,53.77,53.612,53.75,20030,0
FMHI.US,D,20210114,000000,53.75,53.78,53.701,53.73,21275,0
FMHI.US,D,20210115,000000,53.562,53.919,53.472,53.81,86000,0
FMHI.US,D,20210119,000000,53.84,53.959,53.79,53.899,27680,0
FMHI.US,D,20210120,000000,53.899,53.949,53.76,53.9,7058,0
FMHI.US,D,20210121,000000,53.949,53.989,53.8,53.894,12050,0
FMHI.US,D,20210122,000000,53.875,54.038,53.661,53.929,10657,0
FMHI.US,D,20210125,000000,54.029,54.098,53.89,54.068,17499,0
FMHI.US,D,20210126,000000,54.088,54.108,53.88,54.098,13820,0
FMHI.US,D,20210127,000000,54.188,54.337,53.969,54.268,24944,0
FMHI.US,D,20210128,000000,54.318,54.318,54.176,54.278,12649,0
FMHI.US,D,20210129,000000,54.148,54.337,54.139,54.248,7594,0
FMHI.US,D,20210201,000000,54.566,54.566,54.238,54.337,12403,0
FMHI.US,D,20210202,000000,54.397,54.397,54.099,54.337,24746,0
FMHI.US,D,20210203,000000,54.218,54.466,54.218,54.408,45877,0
FMHI.US,D,20210204,000000,54.496,54.549,54.305,54.536,17284,0
FMHI.US,D,20210205,000000,54.576,55.074,54.486,54.616,51673,0
FMHI.US,D,20210208,000000,54.696,54.696,54.596,54.636,76153,0
FMHI.US,D,20210209,000000,54.716,54.864,54.576,54.746,87821,0
FMHI.US,D,20210210,000000,54.835,54.835,54.703,54.785,38305,0
FMHI.US,D,20210211,000000,54.765,54.805,54.626,54.805,37006,0
FMHI.US,D,20210212,000000,54.874,54.874,54.676,54.855,32477,0
FMHI.US,D,20210216,000000,54.666,54.884,54.666,54.706,34341,0
FMHI.US,D,20210217,000000,54.874,54.874,54.737,54.775,17286,0
FMHI.US,D,20210218,000000,54.864,54.864,54.585,54.616,62108,0
FMHI.US,D,20210219,000000,54.736,54.736,54.358,54.486,37647,0
FMHI.US,D,20210222,000000,54.646,54.646,54.288,54.352,85371,0
FMHI.US,D,20210223,000000,54.098,54.188,53.87,54.039,61871,0
FMHI.US,D,20210224,000000,54.009,54.009,53.81,53.914,60489,0
FMHI.US,D,20210225,000000,53.87,53.87,53.631,53.661,20617,0
FMHI.US,D,20210226,000000,53.72,53.75,53.611,53.7,15235,0
FMHI.US,D,20210301,000000,54.138,54.76,53.611,53.73,23497,0
FMHI.US,D,20210302,000000,53.8,53.8,53.679,53.74,65290,0
FMHI.US,D,20210303,000000,53.77,53.77,53.641,53.69,68181,0
FMHI.US,D,20210304,000000,53.77,53.8,53.691,53.77,9247,0
FMHI.US,D,20210305,000000,54.029,54.029,53.74,53.783,59812,0
FMHI.US,D,20210308,000000,53.989,53.989,53.813,53.875,19571,0
FMHI.US,D,20210309,000000,54.108,54.108,53.899,53.998,10657,0
FMHI.US,D,20210310,000000,54.039,54.1,54.039,54.083,45558,0
FMHI.US,D,20210311,000000,54.238,54.238,53.979,54.238,12814,0
FMHI.US,D,20210312,000000,54.278,54.278,54.138,54.138,24376,0
FMHI.US,D,20210315,000000,54.208,54.268,54.138,54.233,15386,0
FMHI.US,D,20210316,000000,54.367,54.367,54.228,54.258,11480,0
FMHI.US,D,20210317,000000,54.218,54.228,54.138,54.228,49699,0
FMHI.US,D,20210318,000000,54.228,54.228,53.899,53.995,14915,0
FMHI.US,D,20210319,000000,54.059,54.098,53.939,54.078,10337,0
FMHI.US,D,20210322,000000,54.158,54.158,54.059,54.108,37260,0
FMHI.US,D,20210323,000000,54.228,54.228,54.103,54.174,38959,0
FMHI.US,D,20210324,000000,54.188,54.248,54.118,54.238,19723,0
FMHI.US,D,20210325,000000,54.168,54.168,54.059,54.103,22729,0
FMHI.US,D,20210326,000000,54.158,54.168,54.079,54.123,18886,0
FMHI.US,D,20210329,000000,54.118,54.228,54.118,54.218,12494,0
FMHI.US,D,20210330,000000,54.213,54.258,54.167,54.218,29645,0
FMHI.US,D,20210331,000000,54.288,54.298,54.218,54.278,35872,0
FMHI.US,D,20210401,000000,54.248,54.357,54.248,54.357,35785,0
FMHI.US,D,20210405,000000,54.337,54.357,54.318,54.318,36529,0
FMHI.US,D,20210406,000000,54.457,54.457,54.318,54.407,27044,0
FMHI.US,D,20210407,000000,54.397,54.466,54.393,54.457,43020,0
FMHI.US,D,20210408,000000,54.586,54.596,54.491,54.586,33190,0
FMHI.US,D,20210409,000000,54.566,54.646,54.566,54.606,23658,0
FMHI.US,D,20210412,000000,54.706,54.706,54.601,54.666,44283,0
FMHI.US,D,20210413,000000,54.646,54.726,54.601,54.696,42782,0
FMHI.US,D,20210414,000000,54.726,54.805,54.704,54.795,47090,0
FMHI.US,D,20210415,000000,54.994,55.024,54.884,55.014,65912,0
FMHI.US,D,20210416,000000,54.974,55.014,54.964,54.984,13082,0
FMHI.US,D,20210419,000000,54.934,55.034,54.934,55.014,53638,0
FMHI.US,D,20210420,000000,55.044,55.074,54.994,55.054,20845,0
FMHI.US,D,20210421,000000,55.044,55.054,54.984,55.029,37021,0
FMHI.US,D,20210422,000000,55.154,55.154,55.006,55.059,102416,0
FMHI.US,D,20210423,000000,55.124,55.124,55.004,55.063,19493,0
FMHI.US,D,20210426,000000,55.293,55.293,55.024,55.114,20495,0
FMHI.US,D,20210427,000000,55.174,55.174,55.057,55.094,21509,0
FMHI.US,D,20210428,000000,55.154,55.154,55.014,55.079,28675,0
FMHI.US,D,20210429,000000,55.094,55.094,54.955,54.992,46905,0
FMHI.US,D,20210430,000000,55.213,55.213,55.044,55.069,29629,0
FMHI.US,D,20210503,000000,55.194,55.194,55.074,55.084,25394,0
FMHI.US,D,20210504,000000,55.174,55.174,55.094,55.114,41418,0
FMHI.US,D,20210505,000000,55.174,55.176,55.124,55.176,44056,0
FMHI.US,D,20210506,000000,55.084,55.223,55.084,55.199,20218,0
FMHI.US,D,20210507,000000,55.293,55.293,55.232,55.268,19568,0
FMHI.US,D,20210510,000000,55.353,55.353,55.303,55.328,37088,0
FMHI.US,D,20210511,000000,55.213,55.403,55.213,55.318,72570,0
FMHI.US,D,20210512,000000,55.373,55.373,55.253,55.288,81852,0
FMHI.US,D,20210513,000000,55.453,55.453,55.287,55.308,19898,0
FMHI.US,D,20210514,000000,55.413,55.413,55.333,55.363,27941,0
FMHI.US,D,20210517,000000,55.423,55.433,55.373,55.403,28810,0
FMHI.US,D,20210518,000000,55.483,55.483,55.383,55.418,26554,0
FMHI.US,D,20210519,000000,55.672,55.672,55.363,55.413,75788,0
FMHI.US,D,20210520,000000,55.443,55.483,55.423,55.453,44683,0
FMHI.US,D,20210521,000000,55.473,55.473,55.337,55.353,45552,0
FMHI.US,D,20210524,000000,55.473,55.473,55.353,55.403,57697,0
FMHI.US,D,20210525,000000,55.513,55.513,55.373,55.383,42495,0
FMHI.US,D,20210526,000000,55.722,55.722,55.433,55.527,22543,0
FMHI.US,D,20210527,000000,55.633,55.633,55.454,55.503,41961,0
FMHI.US,D,20210528,000000,55.573,55.603,55.533,55.583,14462,0
FMHI.US,D,20210601,000000,55.523,55.642,55.523,55.606,47212,0
FMHI.US,D,20210602,000000,55.672,55.672,55.593,55.647,50602,0
FMHI.US,D,20210603,000000,55.792,55.792,55.642,55.712,18953,0
FMHI.US,D,20210604,000000,55.822,55.822,55.672,55.772,28279,0
FMHI.US,D,20210607,000000,55.942,55.942,55.812,55.862,40484,0
FMHI.US,D,20210608,000000,56.012,56.012,55.902,55.972,29915,0
FMHI.US,D,20210609,000000,55.912,56.111,55.912,56.111,51532,0
FMHI.US,D,20210610,000000,55.972,56.151,55.972,56.151,25175,0
FMHI.US,D,20210611,000000,56.271,56.271,56.171,56.221,31642,0
FMHI.US,D,20210614,000000,56.241,56.241,56.201,56.221,23281,0
FMHI.US,D,20210615,000000,56.261,56.261,56.199,56.239,25666,0
FMHI.US,D,20210616,000000,56.421,56.421,56.101,56.171,21918,0
FMHI.US,D,20210617,000000,56.351,56.351,56.081,56.191,48242,0
FMHI.US,D,20210618,000000,55.972,56.271,55.972,56.191,59575,0
FMHI.US,D,20210621,000000,56.231,56.231,56.141,56.171,55594,0
FMHI.US,D,20210622,000000,56.171,56.201,56.131,56.185,52422,0
FMHI.US,D,20210623,000000,56.151,56.231,56.072,56.101,79367,0
FMHI.US,D,20210624,000000,56.042,56.042,55.972,55.982,51013,0
FMHI.US,D,20210625,000000,55.992,56.032,55.982,56.011,103992,0
FMHI.US,D,20210628,000000,56.161,56.161,56.042,56.086,45160,0
FMHI.US,D,20210629,000000,56.121,56.121,56.062,56.096,79477,0
FMHI.US,D,20210630,000000,56.151,56.161,56.072,56.101,48320,0
FMHI.US,D,20210701,000000,56.231,56.231,56.101,56.146,57773,0
FMHI.US,D,20210702,000000,56.062,56.211,56.062,56.206,35749,0
FMHI.US,D,20210706,000000,56.311,56.311,56.251,56.296,38136,0
FMHI.US,D,20210707,000000,56.431,56.451,56.371,56.421,39488,0
FMHI.US,D,20210708,000000,56.67,56.67,56.471,56.54,27941,0
FMHI.US,D,20210709,000000,56.71,56.71,56.532,56.55,14767,0
FMHI.US,D,20210712,000000,56.75,56.75,56.576,56.595,42131,0
FMHI.US,D,20210713,000000,56.82,56.82,56.575,56.575,30524,0
FMHI.US,D,20210714,000000,56.65,56.67,56.59,56.66,30705,0
FMHI.US,D,20210715,000000,56.6,56.67,56.6,56.66,54121,0
FMHI.US,D,20210716,000000,56.79,56.79,56.67,56.68,38644,0
FMHI.US,D,20210719,000000,57.628,57.628,56.67,56.78,43739,0
FMHI.US,D,20210720,000000,56.771,56.795,56.68,56.73,57559,0
FMHI.US,D,20210721,000000,56.8,56.8,56.67,56.7,34557,0
FMHI.US,D,20210722,000000,56.8,56.8,56.71,56.73,38131,0
FMHI.US,D,20210723,000000,56.81,56.81,56.6,56.69,103567,0
FMHI.US,D,20210726,000000,56.72,56.79,56.72,56.76,32657,0
FMHI.US,D,20210727,000000,56.79,56.79,56.74,56.75,14487,0
FMHI.US,D,20210728,000000,56.75,56.77,56.7111,56.75,21391,0
FMHI.US,D,20210729,000000,56.74,56.74,56.7,56.705,23950,0
FMHI.US,D,20210730,000000,56.7,56.73,56.7,56.73,20193,0
FMHI.US,D,20210802,000000,56.72,56.75,56.71,56.7396,30419,0
FMHI.US,D,20210803,000000,56.86,56.86,56.74,56.76,10538,0
FMHI.US,D,20210804,000000,56.79,56.8,56.73,56.77,66379,0
FMHI.US,D,20210805,000000,56.79,56.79,56.75,56.765,27968,0
FMHI.US,D,20210806,000000,56.78,56.78,56.64,56.71,56222,0
FMHI.US,D,20210809,000000,56.82,56.82,56.68,56.74,13760,0
FMHI.US,D,20210810,000000,56.72,56.79,56.7,56.73,35370,0
FMHI.US,D,20210811,000000,56.8,56.8,56.68,56.71,31053,0
FMHI.US,D,20210812,000000,56.685,56.6899,56.62,56.66,27917,0
FMHI.US,D,20210813,000000,56.68,56.68,56.62,56.66,28389,0
FMHI.US,D,20210816,000000,56.61,56.69,56.6009,56.65,17298,0
FMHI.US,D,20210817,000000,56.64,56.69,56.6358,56.67,68425,0
FMHI.US,D,20210818,000000,56.69,56.69,56.63,56.66,32716,0
FMHI.US,D,20210819,000000,56.65,56.67,56.6401,56.66,19256,0
FMHI.US,D,20210820,000000,56.84,56.84,56.6001,56.6201,24534,0
FMHI.US,D,20210823,000000,56.51,56.64,56.51,56.64,34501,0
FMHI.US,D,20210824,000000,56.5,56.51,56.47,56.49,22292,0
FMHI.US,D,20210825,000000,56.47,56.47,56.42,56.45,34075,0
FMHI.US,D,20210826,000000,56.44,56.49,56.4201,56.49,20220,0
FMHI.US,D,20210827,000000,56.49,56.5055,56.4258,56.48,22403,0
FMHI.US,D,20210830,000000,56.45,56.5,56.45,56.49,14390,0
FMHI.US,D,20210831,000000,56.45,56.53,56.45,56.5,30403,0
FMHI.US,D,20210901,000000,56.49,56.5,56.48,56.48,34671,0
