<TICKER>,<PER>,<DATE>,<TIME>,<OPEN>,<HIGH>,<LOW>,<CLOSE>,<VOL>,<OPENINT>
FPXE.US,D,20181008,000000,18.366,18.452,18.366,18.452,732,0
FPXE.US,D,20181009,000000,18.222,18.357,18.222,18.357,716,0
FPXE.US,D,20181015,000000,17.589,17.589,17.589,17.589,103,0
FPXE.US,D,20181016,000000,18.068,18.068,18.068,18.068,210,0
FPXE.US,D,20181017,000000,17.973,17.973,17.973,17.973,210,0
FPXE.US,D,20181023,000000,17.234,17.253,17.234,17.253,542,0
FPXE.US,D,20181026,000000,16.888,16.888,16.888,16.888,210,0
FPXE.US,D,20181031,000000,17.224,17.224,17.224,17.224,103,0
FPXE.US,D,20181101,000000,17.589,17.589,17.589,17.589,210,0
FPXE.US,D,20181102,000000,17.647,17.647,17.647,17.647,210,0
FPXE.US,D,20181105,000000,17.569,17.569,17.569,17.569,211,0
FPXE.US,D,20181106,000000,17.608,17.608,17.608,17.608,210,0
FPXE.US,D,20181107,000000,17.896,17.896,17.896,17.896,210,0
FPXE.US,D,20181108,000000,17.752,17.752,17.752,17.752,103,0
FPXE.US,D,20181112,000000,17.35,17.35,17.156,17.156,325,0
FPXE.US,D,20181114,000000,17.281,17.281,17.281,17.281,103,0
FPXE.US,D,20181115,000000,17.214,17.214,17.214,17.214,326,0
FPXE.US,D,20181120,000000,16.466,16.466,16.426,16.426,313,0
FPXE.US,D,20181123,000000,16.64,16.64,16.64,16.64,103,0
FPXE.US,D,20181127,000000,16.81,16.81,16.81,16.81,211,0
FPXE.US,D,20181128,000000,17.031,17.031,17.031,17.031,210,0
FPXE.US,D,20181129,000000,16.975,16.975,16.975,16.975,103,0
FPXE.US,D,20181204,000000,16.63,16.63,16.63,16.63,104,0
FPXE.US,D,20181206,000000,16.61,16.61,16.61,16.61,220,0
FPXE.US,D,20181207,000000,16.426,16.426,16.426,16.426,110,0
FPXE.US,D,20181221,000000,15.774,15.774,15.774,15.774,429,0
FPXE.US,D,20181226,000000,15.9,15.9,15.9,15.9,104,0
FPXE.US,D,20181227,000000,15.91,15.91,15.91,15.91,220,0
FPXE.US,D,20190108,000000,16.714,16.714,16.714,16.714,105,0
FPXE.US,D,20190110,000000,16.907,16.907,16.907,16.907,211,0
FPXE.US,D,20190117,000000,16.946,16.946,16.946,16.946,103,0
FPXE.US,D,20190123,000000,17.165,17.165,17.165,17.165,103,0
FPXE.US,D,20190124,000000,17.147,17.147,17.147,17.147,210,0
FPXE.US,D,20190128,000000,17.194,17.194,17.194,17.194,103,0
FPXE.US,D,20190204,000000,17.492,17.492,17.492,17.492,104,0
FPXE.US,D,20190208,000000,17.301,17.301,17.301,17.301,213,0
FPXE.US,D,20190212,000000,17.512,17.512,17.512,17.512,103,0
FPXE.US,D,20190213,000000,17.482,17.482,17.482,17.482,103,0
FPXE.US,D,20190215,000000,17.723,17.723,17.723,17.723,181,0
FPXE.US,D,20190221,000000,17.808,17.808,17.808,17.808,105,0
FPXE.US,D,20190222,000000,17.856,17.856,17.856,17.856,103,0
FPXE.US,D,20190301,000000,18.183,18.183,18.183,18.183,103,0
FPXE.US,D,20190307,000000,17.836,17.836,17.836,17.836,103,0
FPXE.US,D,20190308,000000,17.924,17.924,17.924,17.924,109,0
FPXE.US,D,20190321,000000,18.664,18.664,18.664,18.664,103,0
FPXE.US,D,20190401,000000,18.588,18.588,18.588,18.588,220,0
FPXE.US,D,20190408,000000,18.703,18.703,18.703,18.703,103,0
FPXE.US,D,20190416,000000,18.828,18.828,18.828,18.828,103,0
FPXE.US,D,20190423,000000,18.733,18.733,18.733,18.733,103,0
FPXE.US,D,20190425,000000,18.742,18.742,18.742,18.742,103,0
FPXE.US,D,20190503,000000,18.962,18.962,18.962,18.962,226,0
FPXE.US,D,20190510,000000,18.934,18.934,18.934,18.934,209,0
FPXE.US,D,20190514,000000,18.597,18.597,18.597,18.597,148,0
FPXE.US,D,20190515,000000,18.713,18.791,18.713,18.791,253,0
FPXE.US,D,20190516,000000,18.924,18.924,18.924,18.924,103,0
FPXE.US,D,20190521,000000,18.857,18.857,18.857,18.857,209,0
FPXE.US,D,20190522,000000,18.857,18.857,18.857,18.857,103,0
FPXE.US,D,20190523,000000,18.703,18.703,18.703,18.703,103,0
FPXE.US,D,20190530,000000,18.791,18.791,18.791,18.791,209,0
FPXE.US,D,20190604,000000,18.914,18.914,18.914,18.914,230,0
FPXE.US,D,20190605,000000,18.972,18.972,18.972,18.972,209,0
FPXE.US,D,20190606,000000,19.059,19.059,19.059,19.059,209,0
FPXE.US,D,20190610,000000,19.358,19.358,19.358,19.358,103,0
FPXE.US,D,20190611,000000,19.38,19.407,19.38,19.407,209,0
FPXE.US,D,20190612,000000,19.387,19.387,19.387,19.387,105,0
FPXE.US,D,20190613,000000,19.425,19.445,19.425,19.445,312,0
FPXE.US,D,20190614,000000,19.357,19.357,19.287,19.287,512,0
FPXE.US,D,20190617,000000,19.278,19.278,19.278,19.278,102,0
FPXE.US,D,20190619,000000,19.476,19.6,19.476,19.6,339,0
FPXE.US,D,20190620,000000,19.757,19.757,19.757,19.757,206,0
FPXE.US,D,20190621,000000,19.757,19.757,19.757,19.757,307,0
FPXE.US,D,20190624,000000,19.834,19.834,19.834,19.834,109,0
FPXE.US,D,20190625,000000,19.785,19.785,19.778,19.778,702,0
FPXE.US,D,20190627,000000,19.66,19.66,19.66,19.66,102,0
FPXE.US,D,20190628,000000,19.824,19.824,19.824,19.824,154,0
FPXE.US,D,20190701,000000,19.824,19.824,19.824,19.824,258,0
FPXE.US,D,20190702,000000,19.921,19.921,19.921,19.921,206,0
FPXE.US,D,20190703,000000,20.136,20.136,20.136,20.136,206,0
FPXE.US,D,20190705,000000,19.892,19.892,19.824,19.883,359,0
FPXE.US,D,20190708,000000,19.873,19.873,19.873,19.873,106,0
FPXE.US,D,20190709,000000,19.883,19.883,19.883,19.883,207,0
FPXE.US,D,20190710,000000,19.98,19.98,19.98,19.98,102,0
FPXE.US,D,20190711,000000,19.921,19.921,19.921,19.921,102,0
FPXE.US,D,20190712,000000,19.883,19.883,19.883,19.883,210,0
FPXE.US,D,20190716,000000,19.883,19.883,19.883,19.883,102,0
FPXE.US,D,20190718,000000,20.097,20.097,20.097,20.097,103,0
FPXE.US,D,20190719,000000,19.97,19.97,19.97,19.97,102,0
FPXE.US,D,20190722,000000,20.059,20.059,20.059,20.059,206,0
FPXE.US,D,20190723,000000,19.961,19.99,19.961,19.99,451,0
FPXE.US,D,20190724,000000,20.02,20.02,20.02,20.02,237,0
FPXE.US,D,20190725,000000,19.892,19.902,19.892,19.902,307,0
FPXE.US,D,20190726,000000,20.02,20.02,20.02,20.02,171,0
FPXE.US,D,20190729,000000,20.069,20.069,20.069,20.069,206,0
FPXE.US,D,20190802,000000,20,20,19.795,19.795,409,0
FPXE.US,D,20190805,000000,19.367,19.367,19.367,19.367,113,0
FPXE.US,D,20190809,000000,19.805,19.805,19.805,19.805,206,0
FPXE.US,D,20190813,000000,19.54,19.767,19.54,19.767,409,0
FPXE.US,D,20190815,000000,19.367,19.367,19.367,19.367,102,0
FPXE.US,D,20190816,000000,19.54,19.54,19.54,19.54,102,0
FPXE.US,D,20190822,000000,19.65,19.65,19.65,19.65,104,0
FPXE.US,D,20190826,000000,19.57,19.57,19.57,19.57,103,0
FPXE.US,D,20190828,000000,19.55,19.55,19.55,19.55,102,0
FPXE.US,D,20190829,000000,19.57,19.57,19.57,19.57,206,0
FPXE.US,D,20190903,000000,19.503,19.503,19.503,19.503,102,0
FPXE.US,D,20190904,000000,19.678,19.678,19.678,19.678,207,0
FPXE.US,D,20190905,000000,19.747,19.747,19.747,19.747,102,0
FPXE.US,D,20190906,000000,19.785,19.785,19.785,19.785,102,0
FPXE.US,D,20190909,000000,19.55,19.55,19.55,19.55,102,0
FPXE.US,D,20190910,000000,19.22,19.282,19.22,19.278,602,0
FPXE.US,D,20190911,000000,19.415,19.415,19.415,19.415,206,0
FPXE.US,D,20190917,000000,19.6,19.6,19.6,19.6,102,0
FPXE.US,D,20190918,000000,19.6,19.6,19.6,19.6,113,0
FPXE.US,D,20190919,000000,19.625,19.625,19.625,19.625,102,0
FPXE.US,D,20190930,000000,19.21,19.21,19.21,19.21,206,0
FPXE.US,D,20191004,000000,19.094,19.094,19.094,19.094,102,0
FPXE.US,D,20191022,000000,19.62,19.62,19.62,19.62,102,0
FPXE.US,D,20191023,000000,19.484,19.54,19.484,19.54,923,0
FPXE.US,D,20191024,000000,19.58,19.58,19.58,19.58,307,0
FPXE.US,D,20191025,000000,19.531,19.58,19.531,19.58,718,0
FPXE.US,D,20191028,000000,19.63,19.678,19.63,19.678,512,0
FPXE.US,D,20191029,000000,19.512,19.64,19.512,19.64,307,0
FPXE.US,D,20191030,000000,19.6,19.737,19.6,19.737,414,0
FPXE.US,D,20191031,000000,19.65,19.66,19.65,19.66,307,0
FPXE.US,D,20191101,000000,19.767,19.863,19.767,19.863,307,0
FPXE.US,D,20191104,000000,20.079,20.079,20,20,308,0
FPXE.US,D,20191105,000000,19.931,19.931,19.8,19.902,626,0
FPXE.US,D,20191106,000000,19.902,19.902,19.873,19.873,307,0
FPXE.US,D,20191107,000000,19.805,19.805,19.805,19.805,211,0
FPXE.US,D,20191111,000000,19.869,19.902,19.869,19.902,462,0
FPXE.US,D,20191112,000000,19.921,19.99,19.903,19.99,3491,0
FPXE.US,D,20191113,000000,19.911,19.921,19.894,19.921,1441,0
FPXE.US,D,20191114,000000,19.883,19.97,19.883,19.97,781,0
FPXE.US,D,20191115,000000,20.116,20.156,20.116,20.156,733,0
FPXE.US,D,20191118,000000,20.224,20.224,20.21,20.21,536,0
FPXE.US,D,20191119,000000,20.195,20.214,20.195,20.195,415,0
FPXE.US,D,20191120,000000,20.185,20.185,20.126,20.126,441,0
FPXE.US,D,20191121,000000,20.185,20.185,20.111,20.111,109,0
FPXE.US,D,20191122,000000,20.126,20.126,20.097,20.097,217,0
FPXE.US,D,20191127,000000,20.438,20.438,20.409,20.409,227,0
FPXE.US,D,20191202,000000,20.379,20.379,20.219,20.219,505,0
FPXE.US,D,20191203,000000,20.292,20.292,20.263,20.263,232,0
FPXE.US,D,20191204,000000,20.423,20.438,20.423,20.423,102,0
FPXE.US,D,20191205,000000,20.399,20.399,20.371,20.371,115,0
FPXE.US,D,20191206,000000,20.399,20.399,20.37,20.37,424,0
FPXE.US,D,20191210,000000,20.273,20.438,20.273,20.379,18673,0
FPXE.US,D,20191212,000000,20.584,20.589,20.584,20.589,134,0
FPXE.US,D,20191216,000000,21.07,21.07,21.07,21.07,694,0
FPXE.US,D,20191217,000000,21.1,21.1,21.08,21.08,628,0
FPXE.US,D,20191219,000000,21.07,21.159,21.06,21.07,9285,0
FPXE.US,D,20191223,000000,21.233,21.233,21.228,21.228,5095,0
FPXE.US,D,20191230,000000,21.473,21.473,21.331,21.331,450,0
FPXE.US,D,20191231,000000,21.414,21.415,21.404,21.415,944,0
FPXE.US,D,20200102,000000,21.57,21.575,21.57,21.575,133,0
FPXE.US,D,20200103,000000,21.443,21.443,21.39,21.39,217,0
FPXE.US,D,20200106,000000,21.388,21.394,21.388,21.394,209,0
FPXE.US,D,20200107,000000,21.335,21.335,21.32,21.32,263,0
FPXE.US,D,20200110,000000,21.57,21.619,21.453,21.478,1820,0
FPXE.US,D,20200115,000000,21.649,21.649,21.649,21.649,261,0
FPXE.US,D,20200116,000000,21.676,21.688,21.676,21.688,127,0
FPXE.US,D,20200117,000000,21.784,21.787,21.767,21.767,215,0
FPXE.US,D,20200121,000000,21.688,21.713,21.688,21.713,196,0
FPXE.US,D,20200123,000000,21.816,21.816,21.669,21.746,1966,0
FPXE.US,D,20200129,000000,21.649,21.649,21.607,21.607,225,0
FPXE.US,D,20200130,000000,21.458,21.552,21.458,21.533,205,0
FPXE.US,D,20200205,000000,21.777,21.777,21.763,21.763,254,0
FPXE.US,D,20200212,000000,22.002,22.037,21.992,22.037,1509,0
FPXE.US,D,20200214,000000,22.028,22.037,22.028,22.037,205,0
FPXE.US,D,20200218,000000,22.145,22.145,22.138,22.138,146,0
FPXE.US,D,20200225,000000,20.825,20.845,20.825,20.845,103,0
FPXE.US,D,20200226,000000,20.875,20.9,20.875,20.9,104,0
FPXE.US,D,20200227,000000,20.521,20.555,20.374,20.375,17742,0
FPXE.US,D,20200302,000000,20.707,20.707,20.673,20.673,102,0
FPXE.US,D,20200303,000000,20.927,20.927,20.69,20.69,227,0
FPXE.US,D,20200304,000000,21.295,21.354,21.295,21.354,108,0
FPXE.US,D,20200311,000000,18.513,18.514,18.513,18.514,205,0
FPXE.US,D,20200312,000000,16.791,16.875,16.671,16.671,510,0
FPXE.US,D,20200313,000000,17.021,17.651,17.021,17.651,207,0
FPXE.US,D,20200316,000000,15.358,15.358,15.358,15.358,106,0
FPXE.US,D,20200318,000000,15.947,15.947,15.903,15.903,308,0
FPXE.US,D,20200323,000000,15.928,15.954,15.928,15.954,225,0
FPXE.US,D,20200325,000000,17.698,17.698,17.567,17.576,459,0
FPXE.US,D,20200331,000000,18.177,18.186,18.177,18.186,207,0
FPXE.US,D,20200401,000000,17.547,17.577,17.547,17.577,105,0
FPXE.US,D,20200402,000000,17.714,17.739,17.714,17.739,102,0
FPXE.US,D,20200403,000000,17.351,17.491,17.351,17.491,459,0
FPXE.US,D,20200406,000000,18.098,18.238,18.078,18.238,376,0
FPXE.US,D,20200408,000000,18.295,18.501,18.197,18.501,1017,0
FPXE.US,D,20200409,000000,18.837,18.898,18.837,18.898,204,0
FPXE.US,D,20200414,000000,19.024,19.064,19.024,19.064,305,0
FPXE.US,D,20200420,000000,19.269,19.348,19.25,19.253,15081,0
FPXE.US,D,20200421,000000,19.092,19.102,19.092,19.102,361,0
FPXE.US,D,20200422,000000,19.319,19.442,19.318,19.442,721,0
FPXE.US,D,20200501,000000,19.692,19.699,19.692,19.699,205,0
FPXE.US,D,20200504,000000,19.752,19.861,19.752,19.861,139,0
FPXE.US,D,20200514,000000,20.785,20.785,20.751,20.751,611,0
FPXE.US,D,20200518,000000,21.228,21.468,21.228,21.468,1220,0
FPXE.US,D,20200520,000000,21.917,21.917,21.917,21.917,563,0
FPXE.US,D,20200526,000000,21.936,21.966,21.936,21.966,113,0
FPXE.US,D,20200527,000000,21.442,21.637,21.442,21.637,461,0
FPXE.US,D,20200528,000000,21.985,21.985,21.808,21.867,690,0
FPXE.US,D,20200601,000000,22.635,22.635,22.615,22.615,101,0
FPXE.US,D,20200602,000000,22.486,22.614,22.486,22.614,2216,0
FPXE.US,D,20200603,000000,22.833,22.833,22.82,22.82,248,0
FPXE.US,D,20200605,000000,22.95,22.95,22.605,22.667,6858,0
FPXE.US,D,20200608,000000,22.438,22.655,22.399,22.62,1664,0
FPXE.US,D,20200609,000000,22.684,22.684,22.625,22.625,1085,0
FPXE.US,D,20200611,000000,22.32,22.32,22.271,22.271,1774,0
FPXE.US,D,20200612,000000,22.163,22.163,21.917,21.991,761,0
FPXE.US,D,20200617,000000,22.824,22.824,22.804,22.804,224,0
FPXE.US,D,20200619,000000,23.016,23.016,22.816,22.816,1079,0
FPXE.US,D,20200622,000000,23.117,23.117,23.117,23.117,225,0
FPXE.US,D,20200623,000000,23.614,23.614,23.491,23.59,5021,0
FPXE.US,D,20200624,000000,23.225,23.225,22.911,22.911,787,0
FPXE.US,D,20200629,000000,23.138,23.152,23.138,23.152,219,0
FPXE.US,D,20200630,000000,23.217,23.348,23.217,23.348,150,0
FPXE.US,D,20200701,000000,23.364,23.544,23.364,23.544,25878,0
FPXE.US,D,20200702,000000,23.701,23.76,23.701,23.76,308,0
FPXE.US,D,20200706,000000,24.137,24.191,24.137,24.191,1634,0
FPXE.US,D,20200707,000000,23.988,23.988,23.988,23.988,227,0
FPXE.US,D,20200708,000000,24.404,24.453,24.384,24.453,843,0
FPXE.US,D,20200709,000000,24.533,24.533,24.334,24.338,678,0
FPXE.US,D,20200710,000000,24.324,24.324,24.324,24.324,111,0
FPXE.US,D,20200713,000000,24.493,24.71,24.186,24.209,3879,0
FPXE.US,D,20200714,000000,24.309,24.409,24.275,24.409,310,0
FPXE.US,D,20200716,000000,24.601,24.626,24.601,24.626,158,0
FPXE.US,D,20200717,000000,24.858,24.894,24.858,24.894,440,0
FPXE.US,D,20200720,000000,25.274,25.333,25.254,25.313,3360,0
FPXE.US,D,20200721,000000,25.61,25.61,25.413,25.418,9297,0
FPXE.US,D,20200722,000000,25.557,25.615,25.557,25.615,125,0
FPXE.US,D,20200723,000000,25.64,25.67,25.413,25.423,3724,0
FPXE.US,D,20200724,000000,24.829,24.829,24.72,24.827,3097,0
FPXE.US,D,20200727,000000,25.126,25.304,25.126,25.304,1929,0
FPXE.US,D,20200728,000000,25.106,25.304,25.079,25.079,3099,0
FPXE.US,D,20200729,000000,25.481,25.481,25.194,25.409,2912,0
FPXE.US,D,20200730,000000,24.898,25.264,24.898,25.233,2200,0
FPXE.US,D,20200731,000000,25.274,25.274,24.773,24.888,1101,0
FPXE.US,D,20200803,000000,25.086,25.353,25.086,25.291,1912,0
FPXE.US,D,20200804,000000,25.086,25.264,24.977,25.16,4648,0
FPXE.US,D,20200805,000000,25.383,25.383,25.343,25.361,332,0
FPXE.US,D,20200806,000000,25.333,25.461,25.333,25.354,1058,0
FPXE.US,D,20200807,000000,25.224,25.253,25.224,25.253,295,0
FPXE.US,D,20200810,000000,25.106,25.106,24.848,24.901,1739,0
FPXE.US,D,20200811,000000,25.057,25.075,24.8,24.8,3266,0
FPXE.US,D,20200812,000000,25.037,25.28,25.037,25.233,1184,0
FPXE.US,D,20200813,000000,25.393,25.471,25.371,25.371,2327,0
FPXE.US,D,20200814,000000,25.116,25.116,25.052,25.096,754,0
FPXE.US,D,20200817,000000,25.441,25.451,25.439,25.439,839,0
FPXE.US,D,20200818,000000,25.501,25.6,25.271,25.383,4133,0
FPXE.US,D,20200819,000000,25.423,25.483,25.179,25.179,3399,0
FPXE.US,D,20200820,000000,24.918,25.091,24.918,25.091,1348,0
FPXE.US,D,20200821,000000,24.928,25.076,24.928,25.076,3507,0
FPXE.US,D,20200824,000000,25.423,25.423,25.194,25.194,1662,0
FPXE.US,D,20200826,000000,25.363,25.647,25.363,25.602,3858,0
FPXE.US,D,20200827,000000,25.353,25.481,25.313,25.333,6365,0
FPXE.US,D,20200828,000000,25.404,25.428,25.404,25.428,431,0
FPXE.US,D,20200831,000000,25.393,25.393,25.393,25.393,277,0
FPXE.US,D,20200901,000000,25.53,25.533,25.364,25.364,850,0
FPXE.US,D,20200902,000000,25.472,25.472,25.472,25.472,583,0
FPXE.US,D,20200903,000000,25.383,25.383,24.74,24.745,2515,0
FPXE.US,D,20200904,000000,24.581,24.581,23.973,24.31,6280,0
FPXE.US,D,20200908,000000,23.948,23.948,23.948,23.948,124,0
FPXE.US,D,20200909,000000,24.463,24.685,24.463,24.685,2535,0
FPXE.US,D,20200910,000000,24.76,24.76,24.37,24.37,522,0
FPXE.US,D,20200911,000000,24.566,24.566,24.561,24.561,389,0
FPXE.US,D,20200916,000000,25.047,25.047,24.81,24.839,5930,0
FPXE.US,D,20200917,000000,24.75,24.831,24.75,24.831,305,0
FPXE.US,D,20200918,000000,24.935,24.945,24.898,24.945,2630,0
FPXE.US,D,20200921,000000,24.473,24.473,24.255,24.438,5213,0
FPXE.US,D,20200922,000000,24.436,24.444,24.434,24.444,649,0
FPXE.US,D,20200923,000000,24.571,24.571,24.161,24.3,2513,0
FPXE.US,D,20200924,000000,24.216,24.216,24.197,24.197,103,0
FPXE.US,D,20200925,000000,24.157,24.349,24.157,24.349,836,0
FPXE.US,D,20200929,000000,24.7,24.752,24.695,24.695,2279,0
FPXE.US,D,20200930,000000,24.76,24.76,24.76,24.76,386,0
FPXE.US,D,20201005,000000,25.155,25.433,25.155,25.413,3173,0
FPXE.US,D,20201006,000000,25.413,25.413,25.012,25.012,823,0
FPXE.US,D,20201007,000000,25.204,25.204,25.204,25.204,749,0
FPXE.US,D,20201008,000000,25.334,25.348,25.334,25.348,1062,0
FPXE.US,D,20201009,000000,25.521,25.739,25.521,25.739,2078,0
FPXE.US,D,20201013,000000,25.758,25.842,25.758,25.842,1297,0
FPXE.US,D,20201014,000000,26.104,26.104,26.035,26.035,510,0
FPXE.US,D,20201015,000000,25.413,25.413,25.413,25.413,1630,0
FPXE.US,D,20201016,000000,25.758,25.788,25.758,25.768,533,0
FPXE.US,D,20201019,000000,25.551,25.551,25.551,25.551,432,0
FPXE.US,D,20201020,000000,25.63,25.63,25.551,25.586,278,0
FPXE.US,D,20201021,000000,25.471,25.471,25.471,25.471,231,0
FPXE.US,D,20201022,000000,25.214,25.244,25.214,25.244,3795,0
FPXE.US,D,20201026,000000,24.997,24.997,24.997,24.997,408,0
FPXE.US,D,20201027,000000,24.76,24.76,24.756,24.756,316,0
FPXE.US,D,20201028,000000,24.147,24.147,23.992,23.992,427,0
FPXE.US,D,20201029,000000,23.88,24.077,23.87,24.075,787,0
FPXE.US,D,20201030,000000,24.067,24.067,23.82,23.84,578,0
FPXE.US,D,20201102,000000,23.93,24,23.93,24,3994,0
FPXE.US,D,20201103,000000,24.295,24.508,24.295,24.508,780,0
FPXE.US,D,20201104,000000,24.878,25.413,24.705,25.413,1156,0
FPXE.US,D,20201105,000000,25.946,26.15,25.946,26.15,1234,0
FPXE.US,D,20201109,000000,26.56,26.56,25.966,26.024,12692,0
FPXE.US,D,20201110,000000,25.531,25.555,25.531,25.555,130,0
FPXE.US,D,20201111,000000,25.68,25.873,25.68,25.873,495,0
FPXE.US,D,20201112,000000,25.699,25.714,25.69,25.714,1602,0
FPXE.US,D,20201116,000000,25.847,25.847,25.641,25.675,3375,0
FPXE.US,D,20201117,000000,25.66,25.66,25.491,25.491,686,0
FPXE.US,D,20201118,000000,25.788,25.788,25.738,25.738,878,0
FPXE.US,D,20201119,000000,25.946,25.946,25.919,25.919,313,0
FPXE.US,D,20201120,000000,26.228,26.263,26.228,26.241,658,0
FPXE.US,D,20201123,000000,26.05,26.174,26.05,26.135,4684,0
FPXE.US,D,20201124,000000,25.897,26.011,25.877,26.011,4468,0
FPXE.US,D,20201125,000000,26.243,26.298,26.243,26.298,1154,0
FPXE.US,D,20201127,000000,26.53,26.82,26.53,26.82,628,0
FPXE.US,D,20201130,000000,26.925,26.935,26.807,26.935,461,0
FPXE.US,D,20201201,000000,27.064,27.064,27.064,27.064,350,0
FPXE.US,D,20201202,000000,26.945,27.163,26.945,27.093,2395,0
FPXE.US,D,20201203,000000,27.37,27.37,27.241,27.241,534,0
FPXE.US,D,20201204,000000,27.251,27.301,27.251,27.278,690,0
FPXE.US,D,20201207,000000,27.4,27.489,27.4,27.434,2612,0
FPXE.US,D,20201208,000000,27.509,27.577,27.449,27.568,954,0
FPXE.US,D,20201209,000000,27.657,27.657,27.459,27.459,2558,0
FPXE.US,D,20201210,000000,27.726,27.798,27.706,27.798,2915,0
FPXE.US,D,20201211,000000,27.815,27.914,27.786,27.893,1083,0
FPXE.US,D,20201214,000000,28.023,28.023,27.725,27.725,3482,0
FPXE.US,D,20201215,000000,28.013,28.013,27.987,27.987,334,0
FPXE.US,D,20201216,000000,28.063,28.163,28.053,28.163,758,0
FPXE.US,D,20201217,000000,28.418,28.616,28.418,28.567,7994,0
FPXE.US,D,20201218,000000,28.666,28.705,28.616,28.705,846,0
FPXE.US,D,20201221,000000,28.21,28.21,28.21,28.21,635,0
FPXE.US,D,20201222,000000,28.696,28.697,28.665,28.686,1660,0
FPXE.US,D,20201223,000000,28.903,28.923,28.893,28.893,1472,0
FPXE.US,D,20201224,000000,28.933,28.933,28.78,28.78,717,0
FPXE.US,D,20201228,000000,29.162,29.222,28.869,28.869,2691,0
FPXE.US,D,20201229,000000,29.112,29.112,29.022,29.022,772,0
FPXE.US,D,20201230,000000,29.262,29.302,29.082,29.141,14575,0
FPXE.US,D,20201231,000000,28.983,28.983,28.908,28.908,1213,0
FPXE.US,D,20210104,000000,29.421,29.421,28.993,29.092,4790,0
FPXE.US,D,20210105,000000,29.262,29.262,29.262,29.262,356,0
FPXE.US,D,20210106,000000,29.172,29.302,29.1,29.172,3028,0
FPXE.US,D,20210107,000000,29.172,29.292,29.162,29.292,1735,0
FPXE.US,D,20210108,000000,29.541,29.636,29.541,29.617,3270,0
FPXE.US,D,20210111,000000,29.092,29.212,29.082,29.152,2153,0
FPXE.US,D,20210112,000000,29.052,29.206,28.863,29.206,1584,0
FPXE.US,D,20210113,000000,29.252,29.356,29.215,29.215,2073,0
FPXE.US,D,20210114,000000,29.446,29.446,29.351,29.351,449,0
FPXE.US,D,20210115,000000,29.012,29.012,28.709,28.709,2750,0
FPXE.US,D,20210119,000000,29.122,29.122,29.003,29.112,5496,0
FPXE.US,D,20210120,000000,29.511,29.511,29.481,29.501,1347,0
FPXE.US,D,20210121,000000,29.78,29.845,29.78,29.845,533,0
FPXE.US,D,20210122,000000,29.86,29.939,29.86,29.904,3312,0
FPXE.US,D,20210125,000000,29.909,29.909,29.769,29.769,601,0
FPXE.US,D,20210126,000000,29.581,29.597,29.581,29.597,926,0
FPXE.US,D,20210127,000000,28.783,28.963,28.375,28.63,4490,0
FPXE.US,D,20210128,000000,28.893,29.022,28.833,28.935,2141,0
FPXE.US,D,20210129,000000,28.873,28.873,28.604,28.609,1769,0
FPXE.US,D,20210201,000000,29.112,29.162,28.953,29.162,3938,0
FPXE.US,D,20210202,000000,29.351,29.604,29.351,29.604,1520,0
FPXE.US,D,20210203,000000,29.72,29.73,29.551,29.695,1386,0
FPXE.US,D,20210204,000000,29.8,29.8,29.766,29.766,184,0
FPXE.US,D,20210205,000000,29.999,30.134,29.999,30.134,2017,0
FPXE.US,D,20210208,000000,30.259,30.309,30.238,30.309,1680,0
FPXE.US,D,20210209,000000,30.298,33.667,30.288,30.612,105871,0
FPXE.US,D,20210210,000000,30.816,30.816,30.448,30.577,3289,0
FPXE.US,D,20210211,000000,30.876,31.056,30.876,31.036,2906,0
FPXE.US,D,20210212,000000,31.016,31.19,30.995,31.19,895,0
FPXE.US,D,20210216,000000,31.365,31.463,31.215,31.275,3566,0
FPXE.US,D,20210217,000000,31.086,31.086,30.821,31.004,3064,0
FPXE.US,D,20210218,000000,30.597,30.737,30.507,30.737,1396,0
FPXE.US,D,20210219,000000,31.016,31.086,30.966,30.991,1761,0
FPXE.US,D,20210222,000000,30.587,30.587,30.238,30.238,2069,0
FPXE.US,D,20210223,000000,29.541,29.541,29.242,29.282,3461,0
FPXE.US,D,20210224,000000,29.481,29.635,29.448,29.635,714,0
FPXE.US,D,20210225,000000,29.581,29.581,29.016,29.016,1209,0
FPXE.US,D,20210301,000000,29.351,29.501,29.351,29.501,782,0
FPXE.US,D,20210302,000000,29.481,29.481,29.331,29.331,3421,0
FPXE.US,D,20210303,000000,29.062,29.062,28.589,28.589,327,0
FPXE.US,D,20210304,000000,28.315,28.315,27.632,27.632,4102,0
FPXE.US,D,20210308,000000,27.313,27.313,26.949,26.97,856,0
FPXE.US,D,20210309,000000,27.747,28.085,27.747,28.085,1757,0
FPXE.US,D,20210310,000000,28.315,28.315,28.081,28.081,422,0
FPXE.US,D,20210311,000000,28.743,28.983,28.743,28.983,2122,0
FPXE.US,D,20210312,000000,28.395,28.572,28.392,28.572,674,0
FPXE.US,D,20210315,000000,28.674,28.674,28.64,28.64,279,0
FPXE.US,D,20210316,000000,28.903,29.032,28.903,28.923,748,0
FPXE.US,D,20210317,000000,28.454,28.454,28.454,28.454,451,0
FPXE.US,D,20210318,000000,28.464,28.464,28.464,28.464,118,0
FPXE.US,D,20210322,000000,28.579,28.579,28.514,28.514,2203,0
FPXE.US,D,20210323,000000,28.195,28.195,28.135,28.135,507,0
FPXE.US,D,20210324,000000,27.926,27.926,27.557,27.557,126,0
FPXE.US,D,20210325,000000,27.547,27.547,27.532,27.532,126,0
FPXE.US,D,20210326,000000,27.669,27.891,27.669,27.891,223,0
FPXE.US,D,20210401,000000,28.544,28.62,28.544,28.62,807,0
FPXE.US,D,20210405,000000,28.943,29.042,28.933,29.009,1023,0
FPXE.US,D,20210406,000000,28.783,28.883,28.783,28.883,1711,0
FPXE.US,D,20210407,000000,28.883,28.923,28.743,28.743,3381,0
FPXE.US,D,20210408,000000,29.003,29.102,29.003,29.072,761,0
FPXE.US,D,20210409,000000,29.138,29.212,29.137,29.137,1488,0
FPXE.US,D,20210412,000000,29.022,29.022,28.933,28.938,491,0
FPXE.US,D,20210413,000000,29.252,29.481,29.252,29.437,900,0
FPXE.US,D,20210414,000000,29.581,29.591,29.416,29.416,860,0
FPXE.US,D,20210415,000000,29.72,29.72,29.676,29.676,303,0
FPXE.US,D,20210416,000000,29.82,29.959,29.82,29.899,531,0
FPXE.US,D,20210419,000000,29.87,29.87,29.651,29.651,599,0
FPXE.US,D,20210420,000000,29.461,29.461,29.057,29.191,2396,0
FPXE.US,D,20210421,000000,29.082,29.521,29.082,29.487,953,0
FPXE.US,D,20210422,000000,29.63,29.63,29.576,29.576,452,0
FPXE.US,D,20210423,000000,29.899,30.039,29.899,30.039,174,0
FPXE.US,D,20210426,000000,30.049,30.111,30.049,30.111,201,0
FPXE.US,D,20210427,000000,30.348,30.398,30.323,30.373,710,0
FPXE.US,D,20210428,000000,30.388,30.444,30.388,30.444,748,0
FPXE.US,D,20210429,000000,30.567,30.567,30.189,30.318,422,0
FPXE.US,D,20210430,000000,30.228,30.228,29.72,29.87,1051,0
FPXE.US,D,20210503,000000,30.248,30.248,30.238,30.238,302,0
FPXE.US,D,20210504,000000,29.64,29.82,29.062,29.103,4292,0
FPXE.US,D,20210505,000000,29.371,29.371,29.371,29.371,233,0
FPXE.US,D,20210506,000000,29.062,29.102,28.803,29.069,451,0
FPXE.US,D,20210507,000000,29.78,29.78,29.7,29.7,276,0
FPXE.US,D,20210510,000000,29.314,29.331,29.119,29.119,1758,0
FPXE.US,D,20210511,000000,28.375,28.594,28.266,28.563,2946,0
FPXE.US,D,20210512,000000,28.355,28.355,27.88,27.88,831,0
FPXE.US,D,20210513,000000,28.066,28.066,28.022,28.022,202,0
FPXE.US,D,20210514,000000,28.355,28.644,28.355,28.594,557,0
FPXE.US,D,20210517,000000,28.424,28.544,28.355,28.519,8175,0
FPXE.US,D,20210518,000000,28.903,28.903,28.803,28.803,344,0
FPXE.US,D,20210519,000000,28.275,28.534,28.165,28.495,513,0
FPXE.US,D,20210520,000000,28.913,29.222,28.913,29.192,1069,0
FPXE.US,D,20210521,000000,29.172,29.172,29.127,29.127,210,0
FPXE.US,D,20210524,000000,29.391,29.441,29.371,29.409,1172,0
FPXE.US,D,20210525,000000,29.61,29.66,29.605,29.605,475,0
FPXE.US,D,20210526,000000,29.605,29.61,29.571,29.571,714,0
FPXE.US,D,20210528,000000,30.019,30.019,29.985,29.985,465,0
FPXE.US,D,20210601,000000,30.328,30.328,30.268,30.268,459,0
FPXE.US,D,20210602,000000,30.119,30.159,30.059,30.119,708,0
FPXE.US,D,20210603,000000,29.87,29.87,29.79,29.79,212,0
FPXE.US,D,20210604,000000,30.06,30.169,30.06,30.169,874,0
FPXE.US,D,20210607,000000,30.198,30.268,30.198,30.268,560,0
FPXE.US,D,20210608,000000,30.218,30.218,30.218,30.218,140,0
FPXE.US,D,20210609,000000,30.328,30.328,30.328,30.328,141,0
FPXE.US,D,20210610,000000,30.238,30.358,30.238,30.358,947,0
FPXE.US,D,20210611,000000,30.468,30.468,30.423,30.423,279,0
FPXE.US,D,20210614,000000,30.398,30.522,30.398,30.508,961,0
FPXE.US,D,20210615,000000,30.318,30.329,30.318,30.329,295,0
FPXE.US,D,20210616,000000,30.169,30.169,29.936,29.936,894,0
FPXE.US,D,20210617,000000,29.6,29.77,29.561,29.77,679,0
FPXE.US,D,20210618,000000,29.491,29.491,29.441,29.468,521,0
FPXE.US,D,20210621,000000,29.501,29.748,29.501,29.748,585,0
FPXE.US,D,20210628,000000,30.16,30.205,30.16,30.205,852,0
FPXE.US,D,20210629,000000,30.23,30.26,30.23,30.26,108,0
FPXE.US,D,20210630,000000,30.13,30.13,30.0742,30.0742,337,0
FPXE.US,D,20210702,000000,30.37,30.375,30.37,30.375,182,0
FPXE.US,D,20210706,000000,30.38,30.38,30.19,30.1917,1434,0
FPXE.US,D,20210708,000000,29.83,29.9266,29.83,29.9266,135,0
FPXE.US,D,20210712,000000,30.58,30.6681,30.58,30.66,557,0
FPXE.US,D,20210714,000000,30.62,30.73,30.61,30.6126,32056,0
FPXE.US,D,20210715,000000,30.45,30.45,30.2214,30.3464,894,0
FPXE.US,D,20210716,000000,30.32,30.32,30.2846,30.2846,170,0
FPXE.US,D,20210719,000000,29.89,30.055,29.81,30.0011,1101,0
FPXE.US,D,20210720,000000,29.84,30.1948,29.84,30.1948,681,0
FPXE.US,D,20210721,000000,30.43,30.8418,30.43,30.8418,1154,0
FPXE.US,D,20210722,000000,31.26,31.345,31.26,31.345,701,0
FPXE.US,D,20210723,000000,31.54,31.64,31.54,31.62,1595,0
FPXE.US,D,20210726,000000,31.55,31.6153,31.55,31.6028,755,0
FPXE.US,D,20210728,000000,31.71,31.71,31.71,31.71,104,0
FPXE.US,D,20210729,000000,32.18,32.18,32.18,32.18,151,0
FPXE.US,D,20210730,000000,32.015,32.03,32,32.03,3612,0
FPXE.US,D,20210802,000000,32.32,32.355,32.24,32.267,1265,0
FPXE.US,D,20210804,000000,32.8416,32.8416,32.7331,32.7331,332,0
FPXE.US,D,20210805,000000,32.6695,32.77,32.6695,32.755,1560,0
FPXE.US,D,20210809,000000,32.66,32.7431,32.66,32.7431,212,0
FPXE.US,D,20210813,000000,32.73,32.7443,32.73,32.7443,104,0
FPXE.US,D,20210816,000000,32.38,32.4448,32.38,32.4448,192,0
FPXE.US,D,20210819,000000,31.88,31.99,31.83,31.9598,1122,0
FPXE.US,D,20210820,000000,32.2741,32.395,32.2741,32.395,1602,0
FPXE.US,D,20210823,000000,32.65,32.9851,32.65,32.9851,1028,0
FPXE.US,D,20210824,000000,32.91,33.0846,32.91,33.0846,4677,0
FPXE.US,D,20210826,000000,33.05,33.05,32.9684,32.9684,792,0
FPXE.US,D,20210827,000000,33.2,33.34,33.2,33.3063,748,0
FPXE.US,D,20210830,000000,33.24,33.322,33.24,33.3,1209,0
FPXE.US,D,20210901,000000,33.429,33.43,33.36,33.3898,1310,0
