<TICKER>,<PER>,<DATE>,<TIME>,<OPEN>,<HIGH>,<LOW>,<CLOSE>,<VOL>,<OPENINT>
FTXD.US,D,20161110,000000,19.203,19.205,19.203,19.205,735,0
FTXD.US,D,20161116,000000,20.051,20.051,19.513,19.513,907,0
FTXD.US,D,20161117,000000,20.185,20.185,19.549,19.557,999,0
FTXD.US,D,20161118,000000,19.604,19.614,19.604,19.614,1684,0
FTXD.US,D,20161122,000000,20.099,20.099,20.099,20.099,469,0
FTXD.US,D,20161123,000000,20.243,20.253,20.186,20.186,539,0
FTXD.US,D,20161125,000000,20.888,20.888,20.165,20.165,748,0
FTXD.US,D,20161128,000000,20.021,20.021,20.021,20.021,635,0
FTXD.US,D,20161130,000000,19.798,19.798,19.798,19.798,211,0
FTXD.US,D,20161201,000000,19.807,19.807,19.807,19.807,907,0
FTXD.US,D,20161202,000000,19.787,19.827,19.787,19.787,315,0
FTXD.US,D,20161209,000000,21.219,21.219,20.47,20.47,1959,0
FTXD.US,D,20161215,000000,20.299,20.299,20.214,20.262,973,0
FTXD.US,D,20161219,000000,19.994,20.003,19.985,19.985,7161,0
FTXD.US,D,20161221,000000,19.999,20.047,19.981,19.981,526,0
FTXD.US,D,20161222,000000,19.276,19.284,19.276,19.284,211,0
FTXD.US,D,20161223,000000,19.289,19.289,19.289,19.289,211,0
FTXD.US,D,20170106,000000,18.736,18.746,18.736,18.746,314,0
FTXD.US,D,20170112,000000,18.458,18.67,18.458,18.67,572,0
FTXD.US,D,20170113,000000,18.707,18.783,18.707,18.726,810,0
FTXD.US,D,20170117,000000,18.936,18.936,18.822,18.822,9876,0
FTXD.US,D,20170118,000000,18.582,18.68,18.543,18.641,6832,0
FTXD.US,D,20170127,000000,17.991,18.024,17.981,17.981,15979,0
FTXD.US,D,20170209,000000,18.628,18.793,18.628,18.793,16760,0
FTXD.US,D,20170214,000000,18.781,18.781,18.781,18.781,278,0
FTXD.US,D,20170215,000000,18.879,18.897,18.86,18.897,721,0
FTXD.US,D,20170216,000000,18.877,18.877,18.764,18.774,6603,0
FTXD.US,D,20170221,000000,19.18,19.181,19.079,19.105,7987,0
FTXD.US,D,20170222,000000,19.019,19.019,18.973,18.973,695,0
FTXD.US,D,20170228,000000,18.936,18.936,18.783,18.936,21627,0
FTXD.US,D,20170303,000000,18.877,18.877,18.872,18.872,211,0
FTXD.US,D,20170307,000000,18.535,18.553,18.449,18.449,2696,0
FTXD.US,D,20170309,000000,18.553,18.553,18.553,18.553,101,0
FTXD.US,D,20170310,000000,18.602,18.611,18.572,18.611,735,0
FTXD.US,D,20170315,000000,18.492,18.492,18.492,18.492,244,0
FTXD.US,D,20170317,000000,18.696,18.696,18.696,18.696,211,0
FTXD.US,D,20170330,000000,18.424,18.807,18.424,18.807,1242,0
FTXD.US,D,20170331,000000,18.81,18.818,18.81,18.818,417,0
FTXD.US,D,20170410,000000,18.819,18.819,18.819,18.819,524,0
FTXD.US,D,20170424,000000,18.997,19.008,18.988,18.988,629,0
FTXD.US,D,20170425,000000,19.056,19.075,19.056,19.075,2407,0
FTXD.US,D,20170501,000000,19.112,19.13,19.112,19.122,555,0
FTXD.US,D,20170510,000000,19.333,19.35,19.333,19.35,1047,0
FTXD.US,D,20170511,000000,19.257,19.284,19.257,19.284,6487,0
FTXD.US,D,20170515,000000,19.046,19.046,19.046,19.046,499,0
FTXD.US,D,20170516,000000,19.112,19.112,19.008,19.008,240,0
FTXD.US,D,20170517,000000,18.735,18.735,18.735,18.735,111,0
FTXD.US,D,20170606,000000,19.176,19.176,19.176,19.176,101,0
FTXD.US,D,20170613,000000,19.017,19.017,19.017,19.017,102,0
FTXD.US,D,20170616,000000,18.482,18.482,18.482,18.482,6332,0
FTXD.US,D,20170621,000000,18.487,18.487,18.487,18.487,552,0
FTXD.US,D,20170622,000000,18.399,18.399,18.399,18.399,100,0
FTXD.US,D,20170703,000000,18.65,18.65,18.65,18.65,271,0
FTXD.US,D,20170705,000000,18.563,18.563,18.515,18.515,277,0
FTXD.US,D,20170710,000000,18.059,18.059,17.985,18.02,1509,0
FTXD.US,D,20170712,000000,18.267,18.267,18.267,18.267,136,0
FTXD.US,D,20170717,000000,18.601,18.601,18.601,18.601,9357,0
FTXD.US,D,20170721,000000,18.538,18.538,18.538,18.538,100,0
FTXD.US,D,20170728,000000,18.891,18.891,18.891,18.891,100,0
FTXD.US,D,20170814,000000,18.718,18.732,18.718,18.732,547,0
FTXD.US,D,20170815,000000,18.525,18.525,18.525,18.525,209,0
FTXD.US,D,20170821,000000,18.457,18.457,18.428,18.428,415,0
FTXD.US,D,20170822,000000,18.542,18.542,18.542,18.542,100,0
FTXD.US,D,20170824,000000,18.363,18.363,18.363,18.363,126,0
FTXD.US,D,20170829,000000,18.276,18.276,18.219,18.219,483,0
FTXD.US,D,20170830,000000,18.16,18.16,18.16,18.16,572,0
FTXD.US,D,20170831,000000,18.286,18.286,18.249,18.249,1071,0
FTXD.US,D,20170905,000000,18.457,18.457,18.457,18.457,182,0
FTXD.US,D,20170906,000000,18.525,18.642,18.525,18.641,769,0
FTXD.US,D,20170907,000000,18.853,18.881,18.841,18.881,1181,0
FTXD.US,D,20170908,000000,18.672,18.672,18.672,18.672,209,0
FTXD.US,D,20170911,000000,18.825,18.825,18.825,18.825,132,0
FTXD.US,D,20170912,000000,19.045,19.045,18.997,18.997,16321,0
FTXD.US,D,20170913,000000,19.101,19.101,19.101,19.101,100,0
FTXD.US,D,20170914,000000,19.035,19.035,19.016,19.016,380,0
FTXD.US,D,20170915,000000,19.073,19.128,19.073,19.128,726,0
FTXD.US,D,20170919,000000,18.997,18.997,18.997,18.997,126,0
FTXD.US,D,20170920,000000,18.96,18.96,18.96,18.96,209,0
FTXD.US,D,20170927,000000,19.079,19.117,19.079,19.117,208,0
FTXD.US,D,20170929,000000,19.116,19.116,19.116,19.116,1569,0
FTXD.US,D,20171003,000000,19.048,19.048,19.048,19.048,204,0
FTXD.US,D,20171010,000000,19.04,19.04,19.001,19.001,4170,0
FTXD.US,D,20171011,000000,18.966,18.966,18.966,18.966,590,0
FTXD.US,D,20171012,000000,18.79,18.944,18.79,18.934,3389,0
FTXD.US,D,20171016,000000,18.885,18.885,18.82,18.82,698,0
FTXD.US,D,20171017,000000,18.924,18.924,18.875,18.875,1059,0
FTXD.US,D,20171018,000000,18.944,18.954,18.944,18.954,770,0
FTXD.US,D,20171019,000000,18.805,18.805,18.693,18.693,785,0
FTXD.US,D,20171023,000000,19.186,19.186,19.144,19.144,490,0
FTXD.US,D,20171025,000000,19.164,19.164,19.164,19.164,155,0
FTXD.US,D,20171027,000000,18.856,18.856,18.856,18.856,208,0
FTXD.US,D,20171030,000000,18.805,18.824,18.805,18.824,519,0
FTXD.US,D,20171101,000000,18.914,18.914,18.914,18.914,270,0
FTXD.US,D,20171102,000000,18.82,18.82,18.82,18.82,111,0
FTXD.US,D,20171103,000000,18.997,18.997,18.997,18.997,123,0
FTXD.US,D,20171109,000000,18.751,18.798,18.751,18.798,574,0
FTXD.US,D,20171113,000000,19.164,19.164,19.164,19.164,159,0
FTXD.US,D,20171114,000000,19.173,19.173,19.173,19.173,1140,0
FTXD.US,D,20171115,000000,19.059,19.059,19.059,19.059,762,0
FTXD.US,D,20171116,000000,19.221,19.221,19.221,19.221,155,0
FTXD.US,D,20171120,000000,19.456,19.589,19.456,19.589,3705,0
FTXD.US,D,20171121,000000,19.608,19.608,19.438,19.493,2017,0
FTXD.US,D,20171122,000000,19.542,19.637,19.513,19.637,2320,0
FTXD.US,D,20171124,000000,19.638,19.658,19.573,19.579,1166,0
FTXD.US,D,20171127,000000,19.638,19.638,19.599,19.599,517,0
FTXD.US,D,20171128,000000,19.911,19.911,19.911,19.911,100,0
FTXD.US,D,20171129,000000,20.199,20.257,20.092,20.257,803,0
FTXD.US,D,20171130,000000,20.333,20.497,20.333,20.343,4280,0
FTXD.US,D,20171201,000000,20.342,20.342,19.975,19.975,515,0
FTXD.US,D,20171206,000000,20.507,20.517,20.507,20.517,2017,0
FTXD.US,D,20171207,000000,20.561,20.561,20.561,20.561,239,0
FTXD.US,D,20171213,000000,20.631,20.631,20.631,20.631,258,0
FTXD.US,D,20171215,000000,20.655,20.655,20.655,20.655,416,0
FTXD.US,D,20171218,000000,21.038,21.038,21.038,21.038,262,0
FTXD.US,D,20171221,000000,21.043,21.043,21.043,21.043,100,0
FTXD.US,D,20171222,000000,20.97,20.97,20.97,20.97,258,0
FTXD.US,D,20171227,000000,20.952,20.97,20.952,20.952,1037,0
FTXD.US,D,20171228,000000,20.912,20.96,20.912,20.96,3280,0
FTXD.US,D,20171229,000000,20.939,20.96,20.771,20.771,4644,0
FTXD.US,D,20180102,000000,20.872,20.996,20.872,20.996,936,0
FTXD.US,D,20180103,000000,21.069,21.143,21.069,21.143,4778,0
FTXD.US,D,20180104,000000,20.977,21.064,20.977,21.064,1529,0
FTXD.US,D,20180110,000000,21.337,21.443,21.268,21.395,3410,0
FTXD.US,D,20180117,000000,21.966,21.966,21.966,21.966,938,0
FTXD.US,D,20180118,000000,22.096,22.096,22.096,22.096,556,0
FTXD.US,D,20180119,000000,22.381,22.381,22.23,22.381,4469,0
FTXD.US,D,20180122,000000,22.645,22.645,22.645,22.645,2888,0
FTXD.US,D,20180123,000000,22.739,22.784,22.739,22.784,846,0
FTXD.US,D,20180124,000000,22.919,22.919,22.629,22.629,1085,0
FTXD.US,D,20180125,000000,22.671,22.769,22.671,22.72,2544,0
FTXD.US,D,20180126,000000,22.857,22.885,22.807,22.885,4684,0
FTXD.US,D,20180129,000000,23.177,23.177,23.026,23.08,7844,0
FTXD.US,D,20180130,000000,22.652,22.79,22.652,22.658,1110,0
FTXD.US,D,20180201,000000,22.032,22.537,22.032,22.48,1095,0
FTXD.US,D,20180202,000000,22.157,22.157,21.907,21.932,722,0
FTXD.US,D,20180205,000000,20.996,20.996,20.996,20.996,191,0
FTXD.US,D,20180206,000000,20.096,21.298,20.096,21.298,8918,0
FTXD.US,D,20180207,000000,21.727,21.727,21.532,21.532,301,0
FTXD.US,D,20180209,000000,20.637,20.637,20.637,20.637,227,0
FTXD.US,D,20180212,000000,21.044,21.062,21.044,21.062,622,0
FTXD.US,D,20180213,000000,21.064,21.064,21.064,21.064,159,0
FTXD.US,D,20180214,000000,21.563,21.563,21.563,21.563,257,0
FTXD.US,D,20180216,000000,21.966,21.996,21.907,21.907,2759,0
FTXD.US,D,20180220,000000,21.481,21.481,21.385,21.385,1077,0
FTXD.US,D,20180221,000000,21.525,21.531,21.405,21.405,667,0
FTXD.US,D,20180222,000000,21.442,21.442,21.395,21.414,1214,0
FTXD.US,D,20180223,000000,21.462,21.582,21.462,21.582,606,0
FTXD.US,D,20180226,000000,21.567,21.567,21.567,21.567,399,0
FTXD.US,D,20180227,000000,21.927,21.927,21.927,21.927,100,0
FTXD.US,D,20180228,000000,21.5,21.627,21.5,21.627,1770,0
FTXD.US,D,20180305,000000,21.405,21.405,21.405,21.405,277,0
FTXD.US,D,20180307,000000,21.283,21.283,21.283,21.283,532,0
FTXD.US,D,20180308,000000,21.158,21.158,21.158,21.158,1573,0
FTXD.US,D,20180309,000000,20.901,20.93,20.901,20.93,3367,0
FTXD.US,D,20180312,000000,21.084,21.109,21.084,21.109,252,0
FTXD.US,D,20180313,000000,21.026,21.026,21.026,21.026,117,0
FTXD.US,D,20180314,000000,20.905,20.905,20.905,20.905,865,0
FTXD.US,D,20180316,000000,20.921,20.935,20.921,20.935,373,0
FTXD.US,D,20180322,000000,20.463,20.463,20.384,20.384,567,0
FTXD.US,D,20180327,000000,20.346,20.346,20.346,20.346,242,0
FTXD.US,D,20180328,000000,20.017,20.086,20.017,20.086,253,0
FTXD.US,D,20180329,000000,20.262,20.262,20.262,20.262,1092,0
FTXD.US,D,20180402,000000,20.222,20.222,19.675,19.765,2641,0
FTXD.US,D,20180404,000000,20.232,20.232,20.232,20.232,413,0
FTXD.US,D,20180405,000000,20.377,20.377,20.377,20.377,259,0
FTXD.US,D,20180406,000000,20.184,20.184,20.184,20.184,339,0
FTXD.US,D,20180411,000000,20.28,20.285,20.28,20.285,257,0
FTXD.US,D,20180425,000000,20.401,20.401,20.392,20.392,344,0
FTXD.US,D,20180426,000000,20.565,20.565,20.565,20.565,257,0
FTXD.US,D,20180514,000000,20.883,20.883,20.883,20.883,781,0
FTXD.US,D,20180515,000000,20.874,20.874,20.874,20.874,235,0
FTXD.US,D,20180516,000000,21.066,21.172,21.036,21.172,4883,0
FTXD.US,D,20180517,000000,21.368,21.387,21.368,21.378,2782,0
FTXD.US,D,20180522,000000,20.855,20.855,20.841,20.841,743,0
FTXD.US,D,20180524,000000,20.87,20.87,20.87,20.87,851,0
FTXD.US,D,20180531,000000,20.971,20.971,20.971,20.971,1135,0
FTXD.US,D,20180607,000000,22.329,22.348,22.329,22.348,3939,0
FTXD.US,D,20180613,000000,22.532,22.532,22.532,22.532,1610,0
FTXD.US,D,20180614,000000,22.483,22.483,22.483,22.483,100,0
FTXD.US,D,20180615,000000,22.464,22.474,22.464,22.474,382,0
FTXD.US,D,20180619,000000,22.569,22.653,22.562,22.653,928,0
FTXD.US,D,20180620,000000,22.87,22.87,22.87,22.87,50144,0
FTXD.US,D,20180621,000000,22.964,22.964,22.913,22.913,329,0
FTXD.US,D,20180622,000000,22.932,22.932,22.932,22.932,135,0
FTXD.US,D,20180625,000000,22.535,22.535,22.535,22.535,136,0
FTXD.US,D,20180626,000000,22.47,22.552,22.47,22.552,620,0
FTXD.US,D,20180629,000000,22.26,22.26,22.26,22.26,274,0
FTXD.US,D,20180702,000000,21.717,21.932,21.717,21.932,375,0
FTXD.US,D,20180705,000000,22.268,22.268,22.268,22.268,467,0
FTXD.US,D,20180706,000000,22.262,22.262,22.262,22.262,9646,0
FTXD.US,D,20180710,000000,22.659,22.659,22.659,22.659,649,0
FTXD.US,D,20180718,000000,22.591,22.591,22.591,22.591,214,0
FTXD.US,D,20180724,000000,22.669,22.669,22.555,22.555,811,0
FTXD.US,D,20180731,000000,22.515,22.515,22.486,22.486,875,0
FTXD.US,D,20180801,000000,22.213,22.213,22.106,22.106,1755,0
FTXD.US,D,20180802,000000,22.239,22.239,22.239,22.239,1304,0
FTXD.US,D,20180806,000000,22.582,22.6,22.582,22.6,9057,0
FTXD.US,D,20180816,000000,23.001,23.001,23.001,23.001,110,0
FTXD.US,D,20180817,000000,23.223,23.223,23.223,23.223,4115,0
FTXD.US,D,20180820,000000,23.63,23.637,23.63,23.637,762,0
FTXD.US,D,20180821,000000,23.634,23.634,23.634,23.634,406,0
FTXD.US,D,20180822,000000,23.993,24.007,23.967,23.967,879,0
FTXD.US,D,20180823,000000,23.903,23.903,23.903,23.903,414,0
FTXD.US,D,20180824,000000,24.099,24.099,23.933,23.989,1552,0
FTXD.US,D,20180828,000000,23.943,23.943,23.886,23.886,510,0
FTXD.US,D,20180829,000000,23.863,23.863,23.863,23.863,515,0
FTXD.US,D,20180830,000000,23.807,23.835,23.807,23.835,500,0
FTXD.US,D,20180831,000000,23.875,23.973,23.875,23.973,390,0
FTXD.US,D,20180904,000000,23.963,24.069,23.963,24.062,806,0
FTXD.US,D,20180905,000000,24.012,24.079,23.995,23.995,2119,0
FTXD.US,D,20180907,000000,23.983,24.117,23.983,24.108,1085,0
FTXD.US,D,20180910,000000,24.105,24.105,24.105,24.105,352,0
FTXD.US,D,20180911,000000,24.275,24.294,24.226,24.226,1112,0
FTXD.US,D,20180912,000000,24.342,24.342,24.235,24.235,411,0
FTXD.US,D,20180913,000000,24.123,24.123,24.123,24.123,410,0
FTXD.US,D,20180914,000000,23.903,23.953,23.903,23.904,1235,0
FTXD.US,D,20180917,000000,23.796,23.796,23.735,23.735,377,0
FTXD.US,D,20180918,000000,23.858,23.858,23.858,23.858,823,0
FTXD.US,D,20180920,000000,23.788,23.832,23.788,23.832,1606,0
FTXD.US,D,20180921,000000,24.012,24.012,23.894,23.894,4741,0
FTXD.US,D,20180924,000000,23.913,23.918,23.663,23.663,10616,0
FTXD.US,D,20180925,000000,23.69,23.69,23.69,23.69,308,0
FTXD.US,D,20180926,000000,23.845,23.966,23.845,23.966,561,0
FTXD.US,D,20180927,000000,23.93,23.943,23.831,23.831,2183,0
FTXD.US,D,20180928,000000,23.943,23.943,23.855,23.855,1304,0
FTXD.US,D,20181001,000000,23.933,23.933,23.903,23.903,1117,0
FTXD.US,D,20181002,000000,23.661,23.661,23.359,23.359,2299,0
FTXD.US,D,20181003,000000,23.359,23.465,23.349,23.379,24088,0
FTXD.US,D,20181004,000000,22.95,22.95,22.95,22.95,284,0
FTXD.US,D,20181005,000000,23.835,23.835,22.897,22.969,1820,0
FTXD.US,D,20181008,000000,23.008,23.143,22.969,23.116,3971,0
FTXD.US,D,20181009,000000,22.94,23.277,22.94,23.076,5390,0
FTXD.US,D,20181010,000000,22.726,23.077,22.726,22.979,6003,0
FTXD.US,D,20181011,000000,22.681,22.684,22.423,22.481,3246,0
FTXD.US,D,20181012,000000,22.726,22.726,22.664,22.664,938,0
FTXD.US,D,20181015,000000,22.863,22.863,22.863,22.863,703,0
FTXD.US,D,20181017,000000,22.706,22.706,22.682,22.682,973,0
FTXD.US,D,20181018,000000,22.735,22.735,22.735,22.735,415,0
FTXD.US,D,20181022,000000,22.793,22.793,22.573,22.573,957,0
FTXD.US,D,20181024,000000,22.677,22.677,22.677,22.677,207,0
FTXD.US,D,20181026,000000,22.515,22.515,22.269,22.269,1160,0
FTXD.US,D,20181029,000000,22.881,23.008,22.833,22.969,3206,0
FTXD.US,D,20181030,000000,23.146,23.212,23.096,23.205,1047,0
FTXD.US,D,20181031,000000,23.203,23.294,23.116,23.116,1632,0
FTXD.US,D,20181101,000000,23.174,23.174,23.174,23.174,453,0
FTXD.US,D,20181102,000000,23.465,23.465,23.301,23.301,3340,0
FTXD.US,D,20181105,000000,23.232,23.553,23.232,23.553,8798,0
FTXD.US,D,20181106,000000,23.768,23.768,23.529,23.529,3031,0
FTXD.US,D,20181107,000000,23.709,23.932,23.622,23.903,5944,0
FTXD.US,D,20181108,000000,24.166,24.415,24.122,24.13,84084,0
FTXD.US,D,20181109,000000,24.069,24.127,23.865,23.973,1563,0
FTXD.US,D,20181112,000000,24.176,24.176,23.705,23.768,6283,0
FTXD.US,D,20181113,000000,23.825,23.825,23.544,23.704,15797,0
FTXD.US,D,20181114,000000,23.87,23.87,23.309,23.419,4936,0
FTXD.US,D,20181115,000000,23.329,23.329,22.646,22.91,61410,0
FTXD.US,D,20181116,000000,22.507,22.676,22.473,22.562,9522,0
FTXD.US,D,20181119,000000,22.881,22.881,22.289,22.367,16917,0
FTXD.US,D,20181120,000000,21.879,21.879,21.209,21.209,3847,0
FTXD.US,D,20181121,000000,21.48,21.731,21.423,21.48,22453,0
FTXD.US,D,20181123,000000,21.423,21.48,21.255,21.374,8750,0
FTXD.US,D,20181126,000000,21.82,21.82,21.558,21.57,10695,0
FTXD.US,D,20181127,000000,21.566,21.908,21.566,21.908,1670,0
FTXD.US,D,20181128,000000,22.16,22.337,21.908,22.337,8809,0
FTXD.US,D,20181129,000000,22.628,22.628,22.084,22.328,12440,0
FTXD.US,D,20181130,000000,22.074,22.289,22.074,22.28,5500,0
FTXD.US,D,20181203,000000,21.75,22.463,21.75,22.453,2849,0
FTXD.US,D,20181204,000000,22.716,22.716,21.765,21.765,5221,0
FTXD.US,D,20181206,000000,21.567,21.714,21.25,21.714,9755,0
FTXD.US,D,20181207,000000,21.567,21.665,21.567,21.665,823,0
FTXD.US,D,20181210,000000,20.922,20.922,20.721,20.876,15170,0
FTXD.US,D,20181211,000000,21.458,21.464,21.284,21.284,2784,0
FTXD.US,D,20181212,000000,21.38,21.637,21.38,21.637,2386,0
FTXD.US,D,20181213,000000,21.289,21.322,21.277,21.277,1836,0
FTXD.US,D,20181214,000000,20.936,21.266,20.896,20.896,2332,0
FTXD.US,D,20181217,000000,20.547,20.819,20.361,20.436,8702,0
FTXD.US,D,20181218,000000,20.673,20.682,20.673,20.682,713,0
FTXD.US,D,20181219,000000,20.756,20.756,20.263,20.263,1660,0
FTXD.US,D,20181220,000000,20.126,20.126,19.737,19.854,7234,0
FTXD.US,D,20181221,000000,19.93,19.93,19.378,19.378,2192,0
FTXD.US,D,20181224,000000,18.673,19.463,18.673,19.139,68508,0
FTXD.US,D,20181226,000000,19.023,19.853,19.023,19.678,4573,0
FTXD.US,D,20181227,000000,19.678,19.785,19.54,19.613,9478,0
FTXD.US,D,20181228,000000,20.027,20.165,20.027,20.165,1034,0
FTXD.US,D,20181231,000000,20.547,20.547,20.205,20.346,17300,0
FTXD.US,D,20190102,000000,20.341,20.479,20.244,20.361,163646,0
FTXD.US,D,20190103,000000,20.372,20.372,20.155,20.264,4985,0
FTXD.US,D,20190104,000000,20.506,20.631,20.506,20.619,1405,0
FTXD.US,D,20190107,000000,20.668,21.076,20.401,20.874,2863,0
FTXD.US,D,20190108,000000,20.866,21.027,20.801,21.027,5077,0
FTXD.US,D,20190109,000000,21.025,21.231,21.025,21.231,524,0
FTXD.US,D,20190110,000000,20.985,20.985,20.59,20.884,6559,0
FTXD.US,D,20190111,000000,21.161,21.161,20.929,20.989,2812,0
FTXD.US,D,20190114,000000,20.888,20.888,20.857,20.887,544,0
FTXD.US,D,20190116,000000,20.801,20.848,20.801,20.825,2363,0
FTXD.US,D,20190117,000000,20.958,21.053,20.948,21.004,4036,0
FTXD.US,D,20190118,000000,21.338,21.443,21.259,21.36,4637,0
FTXD.US,D,20190122,000000,20.995,21.353,20.995,20.997,9022,0
FTXD.US,D,20190123,000000,21.331,21.331,21.201,21.231,773,0
FTXD.US,D,20190125,000000,21.201,21.241,21.063,21.221,3414,0
FTXD.US,D,20190128,000000,20.841,21.054,20.841,20.908,3678,0
FTXD.US,D,20190129,000000,21.035,21.123,21.032,21.048,1309,0
FTXD.US,D,20190130,000000,20.918,21.193,20.918,21.113,11438,0
FTXD.US,D,20190131,000000,21.106,21.133,21.025,21.063,65323,0
FTXD.US,D,20190201,000000,21.181,21.181,21.181,21.181,265,0
FTXD.US,D,20190204,000000,21.063,21.241,21.063,21.223,997,0
FTXD.US,D,20190205,000000,21.279,21.455,21.279,21.357,17669,0
FTXD.US,D,20190206,000000,21.328,21.328,21.313,21.319,560,0
FTXD.US,D,20190208,000000,21.26,21.269,21.26,21.269,2375,0
FTXD.US,D,20190211,000000,21.279,21.279,21.279,21.279,318,0
FTXD.US,D,20190212,000000,21.631,21.631,21.592,21.608,1214,0
FTXD.US,D,20190213,000000,21.61,21.61,21.61,21.61,384,0
FTXD.US,D,20190214,000000,21.805,21.863,21.805,21.863,1183,0
FTXD.US,D,20190220,000000,21.854,21.904,21.844,21.894,5759,0
FTXD.US,D,20190221,000000,21.785,21.785,21.785,21.785,27296,0
FTXD.US,D,20190225,000000,21.811,21.811,21.671,21.671,6244,0
FTXD.US,D,20190227,000000,21.735,21.884,21.717,21.884,4209,0
FTXD.US,D,20190228,000000,21.805,21.933,21.805,21.913,390,0
FTXD.US,D,20190301,000000,21.824,21.824,21.765,21.765,1303,0
FTXD.US,D,20190304,000000,21.53,21.53,21.445,21.445,1334,0
FTXD.US,D,20190305,000000,21.676,21.698,21.676,21.698,398,0
FTXD.US,D,20190306,000000,21.651,21.651,21.553,21.553,5293,0
FTXD.US,D,20190307,000000,21.396,21.396,21.149,21.161,2158,0
FTXD.US,D,20190308,000000,20.933,20.976,20.933,20.976,1139,0
FTXD.US,D,20190311,000000,21.244,21.244,21.244,21.244,1345,0
FTXD.US,D,20190312,000000,21.221,21.221,21.191,21.191,32857,0
FTXD.US,D,20190313,000000,21.356,21.356,21.356,21.356,563,0
FTXD.US,D,20190315,000000,21.135,21.216,21.113,21.143,9626,0
FTXD.US,D,20190318,000000,21.289,21.355,21.289,21.355,1551,0
FTXD.US,D,20190319,000000,21.61,21.61,21.534,21.534,1048,0
FTXD.US,D,20190320,000000,21.299,21.299,21.299,21.299,207,0
FTXD.US,D,20190321,000000,21.351,21.435,21.351,21.435,533,0
FTXD.US,D,20190322,000000,21.426,21.553,21.296,21.296,435,0
FTXD.US,D,20190326,000000,21.54,21.547,21.534,21.547,1790,0
FTXD.US,D,20190328,000000,21.699,21.734,21.652,21.734,4661,0
FTXD.US,D,20190401,000000,21.935,21.935,21.935,21.935,229,0
FTXD.US,D,20190403,000000,21.973,21.973,21.797,21.797,609,0
FTXD.US,D,20190404,000000,21.934,21.934,21.872,21.914,5545,0
FTXD.US,D,20190405,000000,22.266,22.266,22.262,22.262,774,0
FTXD.US,D,20190408,000000,22.341,22.341,22.341,22.341,1759,0
FTXD.US,D,20190409,000000,22.235,22.237,22.208,22.208,2017,0
FTXD.US,D,20190410,000000,22.101,22.169,22.101,22.169,2466,0
FTXD.US,D,20190411,000000,22.287,22.311,22.227,22.227,1028,0
FTXD.US,D,20190412,000000,22.326,22.326,22.326,22.326,209,0
FTXD.US,D,20190415,000000,22.295,22.295,22.295,22.295,352,0
FTXD.US,D,20190416,000000,22.391,22.422,22.391,22.422,666,0
FTXD.US,D,20190417,000000,22.375,22.375,22.272,22.272,1281,0
FTXD.US,D,20190418,000000,22.32,22.32,22.303,22.303,569,0
FTXD.US,D,20190423,000000,22.051,22.355,22.051,22.287,55630,0
FTXD.US,D,20190424,000000,22.355,22.355,22.355,22.355,340,0
FTXD.US,D,20190425,000000,22.168,22.316,22.168,22.316,1498,0
FTXD.US,D,20190426,000000,22.168,22.168,22.11,22.11,308,0
FTXD.US,D,20190429,000000,22.138,22.138,22.138,22.138,100,0
FTXD.US,D,20190430,000000,22.224,22.224,22.224,22.224,1131,0
FTXD.US,D,20190501,000000,22.022,22.188,22.022,22.188,1229,0
FTXD.US,D,20190502,000000,22.003,22.051,21.931,22.051,1268,0
FTXD.US,D,20190503,000000,22.071,22.247,22.071,22.247,681,0
FTXD.US,D,20190507,000000,21.862,21.862,21.862,21.862,873,0
FTXD.US,D,20190509,000000,21.582,21.786,21.514,21.756,7852,0
FTXD.US,D,20190513,000000,21.133,21.143,21.019,21.019,3476,0
FTXD.US,D,20190514,000000,21.494,21.494,21.246,21.289,932,0
FTXD.US,D,20190516,000000,21.524,21.534,21.474,21.534,10548,0
FTXD.US,D,20190517,000000,21.543,21.543,21.543,21.543,201,0
FTXD.US,D,20190520,000000,21.284,21.386,21.284,21.386,601,0
FTXD.US,D,20190521,000000,21.638,21.638,21.638,21.638,153,0
FTXD.US,D,20190522,000000,21.524,21.524,21.524,21.524,184,0
FTXD.US,D,20190523,000000,21.242,21.25,21.242,21.25,346,0
FTXD.US,D,20190524,000000,21.289,21.309,21.289,21.309,406,0
FTXD.US,D,20190528,000000,20.075,21.534,20.075,21.445,523,0
FTXD.US,D,20190529,000000,21.309,21.309,20.726,20.78,7350,0
FTXD.US,D,20190530,000000,21.019,21.033,21.004,21.033,1381,0
FTXD.US,D,20190531,000000,20.672,20.721,20.622,20.721,13910,0
FTXD.US,D,20190603,000000,20.849,21.014,20.839,20.877,10640,0
FTXD.US,D,20190604,000000,21.259,21.299,21.197,21.299,8845,0
FTXD.US,D,20190605,000000,21.309,21.309,21.211,21.211,1441,0
FTXD.US,D,20190606,000000,21.221,21.435,21.221,21.371,2745,0
FTXD.US,D,20190607,000000,21.632,21.632,21.632,21.632,309,0
FTXD.US,D,20190610,000000,21.83,21.88,21.83,21.865,3365,0
FTXD.US,D,20190611,000000,21.592,21.865,21.592,21.835,614,0
FTXD.US,D,20190613,000000,22.017,22.017,22.017,22.017,128,0
FTXD.US,D,20190614,000000,22.061,22.061,21.941,22.012,407,0
FTXD.US,D,20190617,000000,21.934,21.934,21.864,21.934,817,0
FTXD.US,D,20190618,000000,22.209,22.209,22.071,22.071,437,0
FTXD.US,D,20190620,000000,22.139,22.169,22.091,22.091,1869,0
FTXD.US,D,20190621,000000,22.018,22.018,21.993,21.993,642,0
FTXD.US,D,20190624,000000,21.834,21.834,21.771,21.771,727,0
FTXD.US,D,20190627,000000,21.824,21.824,21.717,21.717,361,0
FTXD.US,D,20190701,000000,22.003,22.125,22.003,22.11,1107,0
FTXD.US,D,20190702,000000,21.93,21.965,21.93,21.965,3314,0
FTXD.US,D,20190705,000000,22.101,22.182,22.101,22.182,932,0
FTXD.US,D,20190709,000000,22.273,22.273,22.268,22.27,432,0
FTXD.US,D,20190710,000000,22.209,22.22,22.209,22.22,328,0
FTXD.US,D,20190711,000000,22.374,22.376,22.374,22.376,1101,0
FTXD.US,D,20190712,000000,22.394,22.72,22.394,22.681,1121,0
FTXD.US,D,20190715,000000,22.656,22.759,22.656,22.759,1652,0
FTXD.US,D,20190716,000000,22.631,22.631,22.591,22.591,523,0
FTXD.US,D,20190718,000000,22.419,22.513,22.419,22.493,12136,0
FTXD.US,D,20190719,000000,22.601,22.601,22.558,22.587,564,0
FTXD.US,D,20190722,000000,22.464,22.464,22.464,22.464,294,0
FTXD.US,D,20190723,000000,22.239,22.484,22.239,22.239,386,0
FTXD.US,D,20190724,000000,22.428,22.53,22.428,22.53,1220,0
FTXD.US,D,20190725,000000,22.357,22.357,22.312,22.312,448,0
FTXD.US,D,20190726,000000,22.432,22.513,22.432,22.513,1322,0
FTXD.US,D,20190729,000000,22.385,22.417,22.385,22.417,452,0
FTXD.US,D,20190731,000000,22.208,22.367,22.208,22.208,3939,0
FTXD.US,D,20190801,000000,22.324,22.324,21.775,21.775,1669,0
FTXD.US,D,20190805,000000,21.079,21.079,21.079,21.079,343,0
FTXD.US,D,20190806,000000,21.217,21.452,21.217,21.452,2501,0
FTXD.US,D,20190808,000000,21.77,21.77,21.74,21.74,478,0
FTXD.US,D,20190812,000000,21.717,21.717,21.484,21.484,670,0
FTXD.US,D,20190813,000000,22.046,22.046,22.046,22.046,702,0
FTXD.US,D,20190814,000000,21.532,21.532,21.345,21.345,2224,0
FTXD.US,D,20190816,000000,21.393,21.551,21.393,21.551,1279,0
FTXD.US,D,20190819,000000,21.924,21.924,21.924,21.924,399,0
FTXD.US,D,20190820,000000,21.904,21.904,21.844,21.874,1066,0
FTXD.US,D,20190821,000000,22.171,22.175,22.164,22.164,2284,0
FTXD.US,D,20190822,000000,22.322,22.365,22.317,22.365,1020,0
FTXD.US,D,20190823,000000,22.268,22.268,22.268,22.268,100,0
FTXD.US,D,20190826,000000,22.051,22.081,22.051,22.06,651,0
FTXD.US,D,20190827,000000,22.08,22.11,22.08,22.11,391,0
FTXD.US,D,20190828,000000,22.179,22.321,22.169,22.297,1964,0
FTXD.US,D,20190830,000000,22.611,22.611,22.307,22.307,2703,0
FTXD.US,D,20190903,000000,22.221,22.221,22.221,22.221,419,0
FTXD.US,D,20190905,000000,22.787,22.92,22.787,22.92,2316,0
FTXD.US,D,20190906,000000,22.994,23.059,22.956,22.985,4823,0
FTXD.US,D,20190909,000000,23.074,23.123,23.074,23.123,869,0
FTXD.US,D,20190910,000000,22.991,23.045,22.991,23.045,722,0
FTXD.US,D,20190911,000000,23.182,23.269,23.182,23.269,1549,0
FTXD.US,D,20190912,000000,23.329,23.329,23.25,23.25,1297,0
FTXD.US,D,20190913,000000,23.219,23.219,23.219,23.219,474,0
FTXD.US,D,20190916,000000,22.966,22.975,22.966,22.966,1662,0
FTXD.US,D,20190917,000000,23.069,23.069,23.069,23.069,358,0
FTXD.US,D,20190918,000000,23.103,23.103,22.995,22.995,3665,0
FTXD.US,D,20190919,000000,23.045,23.074,22.989,22.995,2411,0
FTXD.US,D,20190923,000000,23.081,23.081,23.045,23.045,1345,0
FTXD.US,D,20190924,000000,23.074,23.074,22.77,22.823,1553,0
FTXD.US,D,20190925,000000,22.896,22.896,22.896,22.896,711,0
FTXD.US,D,20190926,000000,22.734,22.734,22.734,22.734,203,0
FTXD.US,D,20190927,000000,22.62,22.916,22.62,22.808,5964,0
FTXD.US,D,20190930,000000,22.941,23.036,22.926,23.036,2851,0
FTXD.US,D,20191001,000000,22.925,22.925,22.921,22.921,1044,0
FTXD.US,D,20191002,000000,22.464,22.464,22.414,22.446,1091,0
FTXD.US,D,20191003,000000,22.35,22.41,22.35,22.41,1264,0
FTXD.US,D,20191004,000000,22.628,22.628,22.563,22.589,2489,0
FTXD.US,D,20191007,000000,22.61,22.61,22.552,22.61,989,0
FTXD.US,D,20191008,000000,22.522,22.523,22.522,22.523,308,0
FTXD.US,D,20191009,000000,22.765,22.765,22.765,22.765,100,0
FTXD.US,D,20191010,000000,22.887,22.961,22.887,22.961,550,0
FTXD.US,D,20191011,000000,23.285,23.311,23.277,23.277,761,0
FTXD.US,D,20191014,000000,23.174,23.177,23.174,23.177,573,0
FTXD.US,D,20191015,000000,23.283,23.283,23.283,23.283,244,0
FTXD.US,D,20191016,000000,23.355,23.355,23.281,23.321,25497,0
FTXD.US,D,20191017,000000,23.505,23.548,23.43,23.478,16299,0
FTXD.US,D,20191021,000000,23.478,23.517,23.478,23.517,563,0
FTXD.US,D,20191022,000000,23.692,23.708,23.636,23.676,1728,0
FTXD.US,D,20191023,000000,23.518,23.518,23.43,23.43,626,0
FTXD.US,D,20191024,000000,23.511,23.511,23.511,23.511,376,0
FTXD.US,D,20191025,000000,23.578,23.578,23.578,23.578,450,0
FTXD.US,D,20191028,000000,23.742,23.742,23.666,23.666,1301,0
FTXD.US,D,20191029,000000,23.478,23.518,23.474,23.518,3223,0
FTXD.US,D,20191030,000000,23.391,23.391,23.391,23.391,325,0
FTXD.US,D,20191101,000000,23.401,23.401,23.401,23.401,467,0
FTXD.US,D,20191105,000000,23.717,23.717,23.717,23.717,871,0
FTXD.US,D,20191107,000000,23.869,23.913,23.869,23.913,818,0
FTXD.US,D,20191111,000000,23.794,23.794,23.728,23.772,1086,0
FTXD.US,D,20191112,000000,23.726,23.726,23.726,23.726,451,0
FTXD.US,D,20191114,000000,23.97,24.03,23.894,23.923,3772,0
FTXD.US,D,20191118,000000,24.174,24.182,24.154,24.154,630,0
FTXD.US,D,20191120,000000,24.004,24.004,23.849,23.849,522,0
FTXD.US,D,20191121,000000,24.03,24.03,23.841,23.841,782,0
FTXD.US,D,20191122,000000,23.844,23.903,23.844,23.903,732,0
FTXD.US,D,20191125,000000,24.12,24.12,23.998,23.998,470,0
FTXD.US,D,20191126,000000,24.146,24.347,24.146,24.309,1835,0
FTXD.US,D,20191127,000000,24.389,24.389,24.349,24.357,494,0
FTXD.US,D,20191129,000000,24.28,24.28,24.21,24.21,256,0
FTXD.US,D,20191202,000000,24.602,24.602,24.06,24.07,2198,0
FTXD.US,D,20191203,000000,23.933,23.933,23.782,23.83,630,0
FTXD.US,D,20191204,000000,24.002,24.002,23.963,23.983,4300,0
FTXD.US,D,20191205,000000,23.954,23.956,23.903,23.943,2100,0
FTXD.US,D,20191206,000000,24.187,24.187,24.164,24.164,264,0
FTXD.US,D,20191209,000000,24.159,24.259,24.159,24.212,433,0
FTXD.US,D,20191210,000000,24.337,24.337,24.288,24.295,1627,0
FTXD.US,D,20191211,000000,24.249,24.319,24.249,24.319,190,0
FTXD.US,D,20191212,000000,24.318,24.493,24.318,24.493,700,0
FTXD.US,D,20191213,000000,24.327,24.335,24.327,24.335,205,0
FTXD.US,D,20191216,000000,24.44,24.456,24.365,24.365,1176,0
FTXD.US,D,20191217,000000,24.44,24.517,24.44,24.517,1086,0
FTXD.US,D,20191219,000000,24.549,24.565,24.549,24.565,147,0
FTXD.US,D,20191226,000000,24.599,24.599,24.503,24.549,3175,0
FTXD.US,D,20191227,000000,24.46,24.49,24.46,24.49,4534,0
FTXD.US,D,20191230,000000,24.421,24.421,24.363,24.363,455,0
FTXD.US,D,20191231,000000,24.371,24.371,24.361,24.361,405,0
FTXD.US,D,20200102,000000,24.292,24.316,24.292,24.316,252,0
FTXD.US,D,20200103,000000,24.163,24.233,24.163,24.213,111516,0
FTXD.US,D,20200106,000000,24.06,24.238,24.06,24.238,42813,0
FTXD.US,D,20200108,000000,24.074,24.302,24.074,24.273,1903,0
FTXD.US,D,20200110,000000,24.263,24.346,24.253,24.273,1538,0
FTXD.US,D,20200113,000000,24.293,24.331,24.292,24.321,1279,0
FTXD.US,D,20200114,000000,24.45,24.489,24.438,24.489,713,0
FTXD.US,D,20200115,000000,24.321,24.374,24.233,24.255,791,0
FTXD.US,D,20200116,000000,24.361,24.439,24.341,24.439,872,0
FTXD.US,D,20200121,000000,24.416,24.44,24.391,24.401,4164,0
FTXD.US,D,20200122,000000,24.47,24.49,24.391,24.411,4009,0
FTXD.US,D,20200123,000000,24.371,24.371,24.371,24.371,151,0
FTXD.US,D,20200124,000000,24.253,24.253,24.064,24.124,4730,0
FTXD.US,D,20200128,000000,24.08,24.25,24.08,24.25,100,0
FTXD.US,D,20200131,000000,23.814,23.814,23.439,23.439,153,0
FTXD.US,D,20200203,000000,23.598,23.598,23.378,23.378,143,0
FTXD.US,D,20200206,000000,24.044,24.153,24.016,24.016,1410,0
FTXD.US,D,20200207,000000,23.867,23.867,23.867,23.867,173,0
FTXD.US,D,20200210,000000,23.92,23.927,23.92,23.927,334,0
FTXD.US,D,20200212,000000,24.203,24.367,24.203,24.367,364,0
FTXD.US,D,20200218,000000,24.519,24.589,24.421,24.421,2743,0
FTXD.US,D,20200219,000000,24.627,24.627,24.627,24.627,231,0
FTXD.US,D,20200221,000000,24.529,24.529,24.43,24.43,926,0
FTXD.US,D,20200225,000000,23.884,23.941,23.186,23.186,26948,0
FTXD.US,D,20200227,000000,22.45,22.497,22.17,22.17,1748,0
FTXD.US,D,20200228,000000,21.356,21.638,21.356,21.638,1658,0
FTXD.US,D,20200302,000000,22.036,22.636,21.839,22.636,54780,0
FTXD.US,D,20200303,000000,22.997,22.997,22.106,22.106,5427,0
FTXD.US,D,20200309,000000,20.049,21.672,20.049,21.288,7454,0
FTXD.US,D,20200310,000000,21.789,21.878,20.95,21.878,1547,0
FTXD.US,D,20200311,000000,20.742,21.207,20.599,20.599,1177,0
FTXD.US,D,20200312,000000,18.3,19.011,18.3,18.543,2447,0
FTXD.US,D,20200313,000000,18.329,18.677,18.329,18.677,896,0
FTXD.US,D,20200316,000000,18.677,18.686,17.203,17.203,1942,0
FTXD.US,D,20200317,000000,17.202,18.202,16.996,18.202,2104,0
FTXD.US,D,20200318,000000,17.168,17.757,16.74,17.279,6162,0
FTXD.US,D,20200319,000000,17.292,17.9,17.292,17.715,1397,0
FTXD.US,D,20200320,000000,18.548,18.548,16.807,16.807,962,0
FTXD.US,D,20200323,000000,16.118,16.53,16.118,16.474,773,0
FTXD.US,D,20200324,000000,17.153,17.484,17.144,17.484,13415,0
FTXD.US,D,20200325,000000,17.15,17.826,16.946,17.623,6539,0
FTXD.US,D,20200326,000000,17.688,18.48,17.688,18.48,1344,0
FTXD.US,D,20200327,000000,18.005,18.094,17.847,17.847,660,0
FTXD.US,D,20200330,000000,18.128,18.268,18.128,18.268,821,0
FTXD.US,D,20200331,000000,18.272,18.272,18.025,18.025,2414,0
FTXD.US,D,20200401,000000,17.518,17.518,17.053,17.246,9806,0
FTXD.US,D,20200402,000000,17.251,17.251,17.053,17.053,844,0
FTXD.US,D,20200403,000000,16.984,17.16,16.984,17.16,551,0
FTXD.US,D,20200406,000000,18.044,18.641,18.044,18.641,4154,0
FTXD.US,D,20200407,000000,18.234,19.388,18.234,18.891,1691,0
FTXD.US,D,20200408,000000,19.323,19.323,19.319,19.319,293,0
FTXD.US,D,20200409,000000,19.719,19.749,19.611,19.749,1086,0
FTXD.US,D,20200413,000000,19.432,19.539,19.432,19.539,272,0
FTXD.US,D,20200414,000000,19.997,20.026,19.973,19.973,1462,0
FTXD.US,D,20200415,000000,19.531,19.719,19.531,19.611,7542,0
FTXD.US,D,20200416,000000,19.581,19.909,19.581,19.875,1330,0
FTXD.US,D,20200417,000000,20.791,20.791,20.322,20.442,1787,0
FTXD.US,D,20200420,000000,20.201,20.484,20.076,20.076,1980,0
FTXD.US,D,20200421,000000,19.879,19.928,19.759,19.759,2185,0
FTXD.US,D,20200423,000000,19.759,20.206,19.759,20.061,821,0
FTXD.US,D,20200424,000000,20.219,20.539,20.186,20.539,1657,0
FTXD.US,D,20200427,000000,20.86,21.187,20.771,21.134,4263,0
FTXD.US,D,20200428,000000,21.327,21.383,21.317,21.317,1223,0
FTXD.US,D,20200429,000000,21.501,21.501,21.501,21.501,176,0
FTXD.US,D,20200430,000000,21.317,21.319,20.989,20.989,1759,0
FTXD.US,D,20200501,000000,20.542,20.572,20.397,20.462,2027,0
FTXD.US,D,20200504,000000,20.517,20.707,20.517,20.707,341,0
FTXD.US,D,20200505,000000,21.029,21.069,20.772,20.811,1533,0
FTXD.US,D,20200506,000000,20.851,20.851,20.851,20.851,217,0
FTXD.US,D,20200507,000000,21.059,21.069,20.865,20.865,651,0
FTXD.US,D,20200513,000000,21.039,21.039,20.87,20.87,55189,0
FTXD.US,D,20200514,000000,20.741,20.87,20.741,20.816,3241,0
FTXD.US,D,20200515,000000,20.935,21.114,20.935,21.114,461,0
FTXD.US,D,20200518,000000,21.811,21.811,21.811,21.811,666,0
FTXD.US,D,20200519,000000,21.683,21.78,21.662,21.662,828,0
FTXD.US,D,20200520,000000,21.807,21.841,21.564,21.688,1731,0
FTXD.US,D,20200521,000000,21.722,21.939,21.693,21.939,982,0
FTXD.US,D,20200522,000000,21.921,22.019,21.722,22.019,1588,0
FTXD.US,D,20200527,000000,21.771,22.486,21.771,22.486,607,0
FTXD.US,D,20200528,000000,22.893,23.002,22.556,22.684,825,0
FTXD.US,D,20200529,000000,22.566,22.707,22.456,22.707,8807,0
FTXD.US,D,20200601,000000,22.882,22.882,22.785,22.785,634,0
FTXD.US,D,20200602,000000,22.803,23.222,22.803,23.222,517,0
FTXD.US,D,20200603,000000,23.517,23.552,23.479,23.552,473,0
FTXD.US,D,20200604,000000,23.597,23.597,23.429,23.473,958,0
FTXD.US,D,20200605,000000,24.796,24.796,23.775,24.062,3972,0
FTXD.US,D,20200608,000000,25.034,25.034,24.052,24.136,1335,0
FTXD.US,D,20200609,000000,23.477,23.807,23.477,23.807,3830,0
FTXD.US,D,20200610,000000,23.616,23.616,23.525,23.525,255,0
FTXD.US,D,20200612,000000,23.131,23.467,22.189,22.643,4595,0
FTXD.US,D,20200615,000000,22.853,22.853,22.645,22.696,4166,0
FTXD.US,D,20200617,000000,24.38,24.38,23.33,23.339,9394,0
FTXD.US,D,20200618,000000,23.249,23.269,23.19,23.19,657,0
FTXD.US,D,20200619,000000,23.243,23.243,22.954,22.954,419,0
FTXD.US,D,20200623,000000,23.418,23.419,23.332,23.332,2519,0
FTXD.US,D,20200624,000000,23.279,23.279,22.964,23.012,2405,0
FTXD.US,D,20200625,000000,22.743,23.042,22.693,23.042,1522,0
FTXD.US,D,20200626,000000,23.22,23.22,22.864,22.864,916,0
FTXD.US,D,20200629,000000,22.434,23.26,22.434,23.228,1097,0
FTXD.US,D,20200701,000000,23.376,23.514,23.376,23.514,219,0
FTXD.US,D,20200702,000000,23.778,23.778,23.579,23.579,440,0
FTXD.US,D,20200706,000000,23.861,23.871,23.861,23.871,493,0
FTXD.US,D,20200707,000000,23.897,23.897,23.888,23.897,662,0
FTXD.US,D,20200708,000000,23.977,23.977,23.818,23.919,587,0
FTXD.US,D,20200713,000000,24.136,24.136,23.759,23.759,446,0
FTXD.US,D,20200714,000000,23.927,24.132,23.927,24.132,283,0
FTXD.US,D,20200715,000000,24.171,24.316,24.171,24.316,990,0
FTXD.US,D,20200716,000000,24.236,24.375,24.236,24.315,1405,0
FTXD.US,D,20200717,000000,24.375,24.375,24.364,24.364,149,0
FTXD.US,D,20200720,000000,24.544,24.553,24.544,24.553,333,0
FTXD.US,D,20200721,000000,24.657,24.665,24.657,24.665,354,0
FTXD.US,D,20200722,000000,24.773,24.836,24.773,24.836,220,0
FTXD.US,D,20200723,000000,24.995,24.995,24.643,24.689,1406,0
FTXD.US,D,20200728,000000,24.981,24.981,24.701,24.701,1576,0
FTXD.US,D,20200730,000000,24.752,24.951,24.752,24.949,1161,0
FTXD.US,D,20200731,000000,24.911,24.934,24.703,24.934,13530,0
FTXD.US,D,20200803,000000,25.061,25.206,25.061,25.186,927,0
FTXD.US,D,20200804,000000,25.17,25.421,25.15,25.421,302,0
FTXD.US,D,20200805,000000,25.509,25.539,25.382,25.539,948,0
FTXD.US,D,20200806,000000,25.458,25.458,25.427,25.427,137,0
FTXD.US,D,20200811,000000,25.697,25.707,25.381,25.381,2154,0
FTXD.US,D,20200812,000000,25.509,25.677,25.469,25.677,1399,0
FTXD.US,D,20200813,000000,25.877,25.877,25.774,25.774,520,0
FTXD.US,D,20200814,000000,25.957,25.957,25.922,25.922,455,0
FTXD.US,D,20200817,000000,26.194,26.265,26.095,26.095,3323,0
FTXD.US,D,20200818,000000,26.248,26.315,26.183,26.183,1281,0
FTXD.US,D,20200819,000000,26.334,26.414,26.334,26.414,1182,0
FTXD.US,D,20200820,000000,26.265,26.293,26.137,26.137,695,0
FTXD.US,D,20200821,000000,26.116,26.116,26.116,26.116,217,0
FTXD.US,D,20200824,000000,26.377,26.377,26.325,26.325,385,0
FTXD.US,D,20200825,000000,26.225,26.225,26.225,26.225,479,0
FTXD.US,D,20200826,000000,26.623,26.623,26.623,26.623,374,0
FTXD.US,D,20200827,000000,26.673,26.763,26.603,26.763,2034,0
FTXD.US,D,20200831,000000,26.753,26.753,26.444,26.568,101305,0
FTXD.US,D,20200901,000000,26.842,26.921,26.72,26.803,4058,0
FTXD.US,D,20200902,000000,27.349,27.349,26.811,27.177,9045,0
FTXD.US,D,20200903,000000,26.414,27.018,26.345,26.345,1877,0
FTXD.US,D,20200904,000000,25.797,26.315,25.613,26.155,4310,0
FTXD.US,D,20200908,000000,25.669,25.907,25.523,25.523,2292,0
FTXD.US,D,20200909,000000,26.295,26.295,26.095,26.134,1627,0
FTXD.US,D,20200910,000000,26.628,26.644,25.997,26.019,16366,0
FTXD.US,D,20200911,000000,25.787,25.989,25.717,25.989,521,0
FTXD.US,D,20200914,000000,26.215,26.215,26.016,26.016,2332,0
FTXD.US,D,20200915,000000,26.324,26.324,26.324,26.324,340,0
FTXD.US,D,20200916,000000,26.285,26.285,26.007,26.016,3822,0
FTXD.US,D,20200917,000000,25.857,25.907,25.857,25.897,1225,0
FTXD.US,D,20200918,000000,26.046,26.046,25.868,25.868,299,0
FTXD.US,D,20200921,000000,25.369,25.727,25.259,25.727,2815,0
FTXD.US,D,20200922,000000,26.041,26.105,25.887,26.095,2030,0
FTXD.US,D,20200923,000000,26.395,26.395,25.559,25.559,2368,0
FTXD.US,D,20200924,000000,25.897,25.897,25.551,25.597,2783,0
FTXD.US,D,20200925,000000,25.677,25.907,25.663,25.907,696,0
FTXD.US,D,20200928,000000,26.504,26.504,26.256,26.256,313,0
FTXD.US,D,20200930,000000,26.644,26.714,26.554,26.714,1115,0
FTXD.US,D,20201001,000000,26.714,26.96,26.693,26.866,1410,0
FTXD.US,D,20201002,000000,26.669,26.704,26.669,26.704,553,0
FTXD.US,D,20201005,000000,26.973,27.203,26.973,27.203,613,0
FTXD.US,D,20201006,000000,27.122,27.122,26.588,26.588,1042,0
FTXD.US,D,20201007,000000,26.893,26.919,26.764,26.884,1304,0
FTXD.US,D,20201008,000000,27.302,27.302,27.124,27.188,1381,0
FTXD.US,D,20201009,000000,27.6,27.6,27.441,27.449,2779,0
FTXD.US,D,20201012,000000,27.67,27.919,27.67,27.804,5491,0
FTXD.US,D,20201014,000000,28.069,28.132,27.778,27.778,405,0
FTXD.US,D,20201015,000000,28.029,28.029,27.67,27.957,1531,0
FTXD.US,D,20201016,000000,28.039,28.039,27.894,27.894,831,0
FTXD.US,D,20201019,000000,27.889,27.889,27.473,27.52,1398,0
FTXD.US,D,20201020,000000,27.48,27.48,27.45,27.45,374,0
FTXD.US,D,20201021,000000,27.213,27.213,27.023,27.093,4157,0
FTXD.US,D,20201022,000000,27.146,27.146,27.068,27.068,412,0
FTXD.US,D,20201023,000000,27.153,27.153,27.153,27.153,233,0
FTXD.US,D,20201026,000000,26.784,26.886,26.784,26.834,522,0
FTXD.US,D,20201027,000000,26.981,26.981,26.79,26.79,372,0
FTXD.US,D,20201028,000000,26.405,26.405,26.27,26.27,973,0
FTXD.US,D,20201029,000000,26.245,26.276,26.007,26.041,5157,0
FTXD.US,D,20201030,000000,26.186,26.186,25.559,25.598,3277,0
FTXD.US,D,20201102,000000,25.927,26.067,25.807,25.917,826,0
FTXD.US,D,20201103,000000,26.504,26.844,26.504,26.844,1452,0
FTXD.US,D,20201104,000000,27.066,27.143,27.066,27.143,2144,0
FTXD.US,D,20201105,000000,27.445,27.495,27.425,27.466,1392,0
FTXD.US,D,20201106,000000,27.869,27.869,27.48,27.605,1561,0
FTXD.US,D,20201109,000000,27.45,27.45,26.931,26.931,473,0
FTXD.US,D,20201110,000000,26.893,26.952,26.893,26.952,1672,0
FTXD.US,D,20201111,000000,27.169,27.336,27.169,27.336,233,0
FTXD.US,D,20201112,000000,27.411,27.411,26.866,26.981,550,0
FTXD.US,D,20201113,000000,27.272,27.441,27.233,27.34,61983,0
FTXD.US,D,20201116,000000,27.659,27.904,27.659,27.784,1881,0
FTXD.US,D,20201117,000000,27.391,27.391,27.391,27.391,288,0
FTXD.US,D,20201118,000000,27.629,27.789,27.59,27.64,4774,0
FTXD.US,D,20201119,000000,27.395,27.869,27.331,27.758,2444,0
FTXD.US,D,20201120,000000,27.64,27.739,27.599,27.729,6615,0
FTXD.US,D,20201123,000000,27.819,28.089,27.813,28.089,1396,0
FTXD.US,D,20201124,000000,27.999,28.187,27.987,28.109,5770,0
FTXD.US,D,20201125,000000,28.195,28.327,28.1,28.265,5097,0
FTXD.US,D,20201127,000000,28.467,28.616,28.423,28.521,2804,0
FTXD.US,D,20201130,000000,28.536,28.536,28.048,28.352,17910,0
FTXD.US,D,20201201,000000,29.214,29.214,28.322,28.527,5948,0
FTXD.US,D,20201202,000000,28.307,28.417,28.216,28.417,4924,0
FTXD.US,D,20201203,000000,28.118,28.397,28.118,28.237,1651,0
FTXD.US,D,20201204,000000,28.217,28.477,28.207,28.477,1712,0
FTXD.US,D,20201207,000000,28.536,28.536,28.178,28.192,1454,0
FTXD.US,D,20201208,000000,28.237,28.296,28.237,28.296,2507,0
FTXD.US,D,20201209,000000,28.484,28.484,28.084,28.111,2449,0
FTXD.US,D,20201210,000000,28.113,28.202,28.113,28.194,1140,0
FTXD.US,D,20201211,000000,28.083,28.083,27.909,27.909,1928,0
FTXD.US,D,20201214,000000,27.68,28.29,27.68,28.187,1017,0
FTXD.US,D,20201215,000000,28.379,28.379,28.379,28.379,306,0
FTXD.US,D,20201216,000000,28.382,28.526,28.382,28.444,1725,0
FTXD.US,D,20201217,000000,28.631,28.631,28.631,28.631,676,0
FTXD.US,D,20201218,000000,28.543,28.606,28.478,28.594,1467,0
FTXD.US,D,20201221,000000,28.477,28.591,28.477,28.591,391,0
FTXD.US,D,20201222,000000,28.766,28.766,28.738,28.738,709,0
FTXD.US,D,20201223,000000,29.224,29.224,28.726,28.74,1919,0
FTXD.US,D,20201224,000000,28.72,28.72,28.72,28.72,6,0
FTXD.US,D,20201228,000000,28.476,28.479,28.437,28.437,685,0
FTXD.US,D,20201229,000000,28.434,28.434,28.434,28.434,195,0
FTXD.US,D,20201230,000000,28.376,28.376,28.176,28.287,1197,0
FTXD.US,D,20201231,000000,28.096,28.096,28.096,28.096,444,0
FTXD.US,D,20210104,000000,28.326,28.363,27.982,28.124,2799,0
FTXD.US,D,20210105,000000,28.283,28.366,28.186,28.366,1930,0
FTXD.US,D,20210106,000000,28.406,29.255,28.406,29.155,2608,0
FTXD.US,D,20210107,000000,29.605,29.605,29.605,29.605,570,0
FTXD.US,D,20210108,000000,29.796,29.914,29.715,29.914,11232,0
FTXD.US,D,20210111,000000,29.475,30.084,29.475,30.084,795,0
FTXD.US,D,20210112,000000,30.513,30.789,30.513,30.636,961,0
FTXD.US,D,20210113,000000,31.392,31.392,30.578,30.822,1404,0
FTXD.US,D,20210114,000000,30.822,30.822,30.632,30.702,1366,0
FTXD.US,D,20210115,000000,30.476,30.553,30.428,30.553,3961,0
FTXD.US,D,20210119,000000,30.294,30.642,30.294,30.642,1585,0
FTXD.US,D,20210120,000000,30.284,30.357,30.284,30.357,1535,0
FTXD.US,D,20210121,000000,30.516,30.652,30.516,30.521,1376,0
FTXD.US,D,20210122,000000,30.433,30.433,30.264,30.304,2960,0
FTXD.US,D,20210125,000000,30.523,30.523,30.234,30.234,1589,0
FTXD.US,D,20210126,000000,30.622,30.733,30.523,30.733,1139,0
FTXD.US,D,20210127,000000,30.732,30.732,30.304,30.363,1542,0
FTXD.US,D,20210128,000000,30.324,30.324,30.044,30.044,12296,0
FTXD.US,D,20210129,000000,30.063,30.063,29.305,29.438,5238,0
FTXD.US,D,20210201,000000,29.305,29.924,29.305,29.787,38672,0
FTXD.US,D,20210202,000000,29.195,30.104,29.195,30.061,1950,0
FTXD.US,D,20210203,000000,30.114,30.443,29.984,30.264,15211,0
FTXD.US,D,20210204,000000,30.413,30.937,30.413,30.937,7768,0
FTXD.US,D,20210205,000000,31.062,31.192,31.032,31.192,3906,0
FTXD.US,D,20210208,000000,31.322,31.511,31.322,31.466,4078,0
FTXD.US,D,20210209,000000,31.621,31.621,31.451,31.532,1509,0
FTXD.US,D,20210210,000000,31.282,31.621,31.212,31.621,1988,0
FTXD.US,D,20210211,000000,32.151,32.151,31.196,31.451,1876,0
FTXD.US,D,20210212,000000,31.471,31.951,31.202,31.731,4013,0
FTXD.US,D,20210216,000000,32.37,32.37,31.178,31.3,24405,0
FTXD.US,D,20210217,000000,31.861,31.861,30.932,31.002,53396,0
FTXD.US,D,20210218,000000,30.981,31.053,30.882,31.052,2355,0
FTXD.US,D,20210219,000000,31.412,31.521,31.287,31.382,3130,0
FTXD.US,D,20210222,000000,30.838,30.838,30.838,30.838,679,0
FTXD.US,D,20210223,000000,30.164,30.662,30.164,30.504,25307,0
FTXD.US,D,20210224,000000,30.264,30.264,29.994,30.164,19310,0
FTXD.US,D,20210225,000000,30.204,30.204,29.365,29.365,3463,0
FTXD.US,D,20210226,000000,29.849,29.849,29.445,29.575,5965,0
FTXD.US,D,20210301,000000,30.024,30.453,29.974,30.423,2705,0
FTXD.US,D,20210302,000000,30.453,30.453,29.705,29.715,14044,0
FTXD.US,D,20210303,000000,29.715,29.715,29.065,29.065,32927,0
FTXD.US,D,20210304,000000,29.19,29.19,28.366,28.466,15992,0
FTXD.US,D,20210305,000000,28.985,28.985,28.027,28.866,8848,0
FTXD.US,D,20210308,000000,29.435,29.455,29.015,29.015,2725,0
FTXD.US,D,20210309,000000,29.435,29.715,29.405,29.465,3153,0
FTXD.US,D,20210310,000000,29.765,30.004,29.459,29.944,38734,0
FTXD.US,D,20210311,000000,30.114,30.433,30.114,30.234,7494,0
FTXD.US,D,20210312,000000,30.314,30.533,30.294,30.483,5345,0
FTXD.US,D,20210315,000000,30.832,30.932,30.712,30.932,10299,0
FTXD.US,D,20210316,000000,30.942,30.952,30.701,30.813,5862,0
FTXD.US,D,20210317,000000,30.492,30.729,30.363,30.729,1455,0
FTXD.US,D,20210318,000000,30.553,30.706,30.453,30.453,4291,0
FTXD.US,D,20210319,000000,30.343,31.092,30.304,30.862,8602,0
FTXD.US,D,20210322,000000,31.122,31.156,31.035,31.14,2657,0
FTXD.US,D,20210323,000000,31.015,31.015,30.792,30.792,1918,0
FTXD.US,D,20210324,000000,30.064,30.094,28.886,28.886,11143,0
FTXD.US,D,20210325,000000,28.636,30.774,28.636,30.774,2460,0
FTXD.US,D,20210326,000000,31.293,31.666,30.903,31.333,4219,0
FTXD.US,D,20210329,000000,31.952,31.952,31.226,31.329,2636,0
FTXD.US,D,20210330,000000,31.472,31.572,31.472,31.572,2167,0
FTXD.US,D,20210331,000000,31.702,31.802,31.562,31.562,2812,0
FTXD.US,D,20210401,000000,31.992,31.992,31.507,31.662,2012,0
FTXD.US,D,20210405,000000,31.929,32.072,31.909,31.909,2086,0
FTXD.US,D,20210406,000000,31.963,32.142,31.82,31.82,249980,0
FTXD.US,D,20210407,000000,31.682,31.752,31.682,31.748,15006,0
FTXD.US,D,20210408,000000,32.012,32.012,31.604,31.678,27093,0
FTXD.US,D,20210409,000000,31.882,31.996,31.492,31.672,413199,0
FTXD.US,D,20210412,000000,31.692,31.772,31.118,31.304,289552,0
FTXD.US,D,20210413,000000,31.602,31.602,31.053,31.18,541,0
FTXD.US,D,20210414,000000,31.369,31.778,31.369,31.557,2969,0
FTXD.US,D,20210415,000000,31.552,31.682,31.552,31.682,1747,0
FTXD.US,D,20210416,000000,31.632,31.885,31.632,31.769,3432,0
FTXD.US,D,20210419,000000,32.228,32.23,32.228,32.23,646,0
FTXD.US,D,20210420,000000,32.192,32.192,31.403,31.639,4707,0
FTXD.US,D,20210422,000000,31.707,31.782,31.492,31.509,2123,0
FTXD.US,D,20210423,000000,31.512,31.677,31.423,31.635,2369,0
FTXD.US,D,20210426,000000,31.592,31.755,31.452,31.754,5023,0
FTXD.US,D,20210427,000000,32.222,32.227,32.075,32.075,2796,0
FTXD.US,D,20210428,000000,32.062,32.062,31.988,31.988,5725,0
FTXD.US,D,20210429,000000,31.778,31.972,31.778,31.957,1670,0
FTXD.US,D,20210430,000000,31.982,31.982,31.752,31.752,2867,0
FTXD.US,D,20210503,000000,31.882,32.217,31.882,31.972,2307,0
FTXD.US,D,20210504,000000,31.702,31.872,31.702,31.872,1883,0
FTXD.US,D,20210505,000000,31.833,31.962,31.833,31.938,1418,0
FTXD.US,D,20210506,000000,32.172,32.256,32.102,32.256,5959,0
FTXD.US,D,20210507,000000,32.262,32.646,32.262,32.616,9665,0
FTXD.US,D,20210510,000000,32.841,32.973,32.461,32.471,15061,0
FTXD.US,D,20210511,000000,31.952,32.062,31.662,31.802,2401,0
FTXD.US,D,20210512,000000,31.63,31.63,31.028,31.028,433,0
FTXD.US,D,20210513,000000,31.063,31.842,31.063,31.732,2113,0
FTXD.US,D,20210514,000000,31.842,32.108,31.842,32.032,5144,0
FTXD.US,D,20210517,000000,32.222,32.641,32.222,32.641,2565,0
FTXD.US,D,20210518,000000,32.559,32.561,32.431,32.526,804,0
FTXD.US,D,20210519,000000,32.099,32.099,31.64,31.64,1039,0
FTXD.US,D,20210520,000000,31.892,32.031,31.892,31.892,2386,0
FTXD.US,D,20210521,000000,32.311,32.311,32.142,32.172,2746,0
FTXD.US,D,20210524,000000,32.421,32.421,32.102,32.182,8405,0
FTXD.US,D,20210525,000000,32.441,32.727,32.341,32.696,972,0
FTXD.US,D,20210526,000000,33.58,33.6,33.4,33.588,3273,0
FTXD.US,D,20210527,000000,33.48,33.95,33.45,33.83,9038,0
FTXD.US,D,20210528,000000,33.91,33.91,33.118,33.118,880,0
FTXD.US,D,20210601,000000,33.59,33.72,33.35,33.71,7353,0
FTXD.US,D,20210602,000000,33.91,34.649,33.586,34.579,10028,0
FTXD.US,D,20210603,000000,34.259,34.259,33.77,33.95,10358,0
FTXD.US,D,20210604,000000,33.76,33.948,33.76,33.896,1899,0
FTXD.US,D,20210607,000000,34.229,34.599,34.222,34.569,9353,0
FTXD.US,D,20210608,000000,34.838,35.857,34.749,35.208,13900,0
FTXD.US,D,20210609,000000,34.988,35.418,34.898,34.898,9078,0
FTXD.US,D,20210610,000000,36.676,36.676,33.266,33.45,11555,0
FTXD.US,D,20210611,000000,33.31,33.865,33.31,33.865,5023,0
FTXD.US,D,20210614,000000,33.81,33.81,33.28,33.49,6049,0
FTXD.US,D,20210615,000000,33.4,33.4,32.937,33.34,9126,0
FTXD.US,D,20210616,000000,33.26,33.26,32.941,32.991,3022,0
FTXD.US,D,20210617,000000,33.04,33.182,33.011,33.031,3127,0
FTXD.US,D,20210618,000000,32.861,32.861,32.581,32.581,2439,0
FTXD.US,D,20210621,000000,32.911,32.941,32.831,32.881,6151,0
FTXD.US,D,20210622,000000,33.25,33.503,33.25,33.503,2155,0
FTXD.US,D,20210623,000000,33.53,33.59,33.524,33.54,857,0
FTXD.US,D,20210624,000000,33.6631,33.73,33.615,33.66,1786,0
FTXD.US,D,20210625,000000,33.77,33.8,33.67,33.67,4726,0
FTXD.US,D,20210628,000000,33.7201,33.96,33.72,33.94,5914,0
FTXD.US,D,20210629,000000,34.07,34.07,33.9384,33.9384,497,0
FTXD.US,D,20210630,000000,34.09,34.09,33.915,34.0105,10762,0
FTXD.US,D,20210701,000000,34.14,34.15,34.0327,34.0327,5620,0
FTXD.US,D,20210702,000000,34.05,34.25,34.05,34.25,1704,0
FTXD.US,D,20210706,000000,34.0126,34.0144,33.5947,33.7708,6148,0
FTXD.US,D,20210707,000000,33.66,33.835,33.65,33.7706,14675,0
FTXD.US,D,20210708,000000,33.254,33.4709,33.254,33.44,3762,0
FTXD.US,D,20210709,000000,33.95,34.0563,33.91,34.0563,20077,0
FTXD.US,D,20210712,000000,33.95,34.13,33.95,33.98,2855,0
FTXD.US,D,20210713,000000,33.8332,33.84,33.66,33.66,571,0
FTXD.US,D,20210714,000000,33.92,33.92,33.57,33.57,997,0
FTXD.US,D,20210715,000000,33.52,33.54,33.45,33.54,7680,0
FTXD.US,D,20210719,000000,33.14,33.25,33.13,33.24,9868,0
FTXD.US,D,20210720,000000,33.79,34.0891,33.77,34.0891,2014,0
FTXD.US,D,20210721,000000,34.105,34.1363,34.04,34.1363,864,0
FTXD.US,D,20210722,000000,34,34.08,33.98,34.04,7045,0
FTXD.US,D,20210723,000000,34.1901,34.57,34.1901,34.55,2508,0
FTXD.US,D,20210726,000000,34.565,34.57,34.55,34.57,1031,0
FTXD.US,D,20210727,000000,34.475,34.475,34.175,34.33,3734,0
FTXD.US,D,20210728,000000,34.285,34.285,34.11,34.14,2081,0
FTXD.US,D,20210729,000000,34.19,34.37,34.15,34.23,4323,0
FTXD.US,D,20210730,000000,34.1291,34.1291,34.0198,34.0198,538,0
FTXD.US,D,20210802,000000,34.04,34.06,33.92,33.92,9142,0
FTXD.US,D,20210803,000000,34.28,34.52,34.28,34.51,14488,0
FTXD.US,D,20210804,000000,34.284,34.284,33.99,34.03,167467,0
FTXD.US,D,20210805,000000,34.1,34.24,34.1,34.2195,2409,0
FTXD.US,D,20210806,000000,34.21,34.28,34.1,34.1,2626,0
FTXD.US,D,20210809,000000,34.1912,34.31,34.1664,34.1664,25534,0
FTXD.US,D,20210810,000000,34.39,34.78,34.39,34.6716,37725,0
FTXD.US,D,20210811,000000,34.9099,34.965,34.79,34.92,4434,0
FTXD.US,D,20210812,000000,35.025,35.025,34.72,34.9097,7674,0
FTXD.US,D,20210813,000000,34.8599,34.86,34.7901,34.8189,1622,0
FTXD.US,D,20210816,000000,34.95,35.1259,34.95,35.1259,862,0
FTXD.US,D,20210817,000000,34.8,34.8,34.41,34.41,1001,0
FTXD.US,D,20210818,000000,34.768,34.768,34.4811,34.4811,501,0
FTXD.US,D,20210819,000000,34.4585,34.6,34.4585,34.5551,2697,0
FTXD.US,D,20210820,000000,34.82,35.2,34.805,35.1694,7334,0
FTXD.US,D,20210823,000000,35.2,35.36,35.1948,35.23,8046,0
FTXD.US,D,20210824,000000,35.404,35.47,35.34,35.47,1418,0
FTXD.US,D,20210825,000000,36.16,36.2,36,36.1138,115440,0
FTXD.US,D,20210826,000000,36.11,36.11,35.625,35.78,7522,0
FTXD.US,D,20210827,000000,35.745,35.8117,35.6688,35.6688,3451,0
FTXD.US,D,20210830,000000,35.83,36.11,35.739,36.0398,3762,0
FTXD.US,D,20210831,000000,36,36.125,35.9503,35.9503,6254,0
FTXD.US,D,20210901,000000,36,36.005,35.82,35.84,6705,0
