<TICKER>,<PER>,<DATE>,<TIME>,<OPEN>,<HIGH>,<LOW>,<CLOSE>,<VOL>,<OPENINT>
FTXN.US,D,20161116,000000,19.311,19.311,19.202,19.202,8310,0
FTXN.US,D,20161117,000000,19.429,19.429,19.429,19.429,372,0
FTXN.US,D,20161121,000000,19.641,19.641,19.641,19.641,330,0
FTXN.US,D,20161123,000000,19.87,19.87,19.82,19.833,2246,0
FTXN.US,D,20161130,000000,20.107,20.239,19.996,20.239,2982,0
FTXN.US,D,20161201,000000,21.213,21.213,20.391,20.412,1653,0
FTXN.US,D,20161205,000000,20.717,20.717,20.717,20.717,2955,0
FTXN.US,D,20161206,000000,20.463,20.599,20.463,20.59,2201,0
FTXN.US,D,20161208,000000,20.625,20.648,20.625,20.648,1750,0
FTXN.US,D,20161212,000000,20.746,20.746,20.746,20.746,546,0
FTXN.US,D,20161213,000000,20.902,20.902,20.723,20.902,3810,0
FTXN.US,D,20161214,000000,21.122,21.122,21.122,21.122,461,0
FTXN.US,D,20161215,000000,20.414,20.515,20.414,20.515,600,0
FTXN.US,D,20161219,000000,20.866,20.866,20.454,20.51,8970,0
FTXN.US,D,20161220,000000,20.811,20.811,20.494,20.494,2205,0
FTXN.US,D,20161221,000000,20.558,20.558,20.486,20.486,574,0
FTXN.US,D,20161222,000000,20.575,20.575,20.566,20.566,252,0
FTXN.US,D,20161223,000000,20.74,20.74,20.74,20.74,437,0
FTXN.US,D,20161229,000000,20.319,20.319,20.193,20.193,351,0
FTXN.US,D,20170104,000000,20.494,20.593,20.494,20.593,589,0
FTXN.US,D,20170110,000000,20.135,20.135,20.021,20.021,3168,0
FTXN.US,D,20170117,000000,20.1,20.1,20.054,20.054,1790,0
FTXN.US,D,20170118,000000,20.073,20.073,20.073,20.073,925,0
FTXN.US,D,20170119,000000,20.073,20.073,20.047,20.047,437,0
FTXN.US,D,20170123,000000,19.787,19.787,19.787,19.787,2184,0
FTXN.US,D,20170126,000000,20.337,20.337,20.337,20.337,1010,0
FTXN.US,D,20170130,000000,19.677,19.677,19.677,19.677,763,0
FTXN.US,D,20170202,000000,19.548,19.559,19.537,19.537,611,0
FTXN.US,D,20170203,000000,19.787,19.787,19.764,19.764,502,0
FTXN.US,D,20170206,000000,19.506,19.506,19.506,19.506,982,0
FTXN.US,D,20170213,000000,19.669,19.722,19.669,19.709,4972,0
FTXN.US,D,20170214,000000,19.825,19.825,19.825,19.825,1244,0
FTXN.US,D,20170215,000000,19.825,19.825,19.781,19.781,1704,0
FTXN.US,D,20170216,000000,19.593,19.593,19.593,19.593,417,0
FTXN.US,D,20170221,000000,19.569,19.569,19.569,19.569,109,0
FTXN.US,D,20170222,000000,19.358,19.358,19.325,19.325,437,0
FTXN.US,D,20170223,000000,19.111,19.141,19.111,19.141,1636,0
FTXN.US,D,20170224,000000,19.036,19.036,19.036,19.036,1244,0
FTXN.US,D,20170301,000000,19.706,19.71,19.706,19.71,508,0
FTXN.US,D,20170303,000000,19.401,19.401,19.401,19.401,134,0
FTXN.US,D,20170306,000000,19.296,19.296,19.296,19.296,191,0
FTXN.US,D,20170308,000000,18.832,18.832,18.652,18.652,1033,0
FTXN.US,D,20170309,000000,18.469,18.469,18.443,18.443,245,0
FTXN.US,D,20170315,000000,18.838,18.882,18.838,18.882,749,0
FTXN.US,D,20170320,000000,18.681,18.681,18.681,18.681,486,0
FTXN.US,D,20170321,000000,18.582,18.582,18.582,18.582,109,0
FTXN.US,D,20170322,000000,18.469,18.478,18.469,18.478,763,0
FTXN.US,D,20170323,000000,18.435,18.645,18.416,18.645,1683,0
FTXN.US,D,20170327,000000,18.212,18.212,18.206,18.206,324,0
FTXN.US,D,20170328,000000,18.459,18.459,18.459,18.459,170,0
FTXN.US,D,20170329,000000,18.894,18.894,18.894,18.894,574,0
FTXN.US,D,20170403,000000,18.95,18.95,18.95,18.95,125,0
FTXN.US,D,20170406,000000,19.153,19.153,19.153,19.153,683,0
FTXN.US,D,20170407,000000,19.198,19.207,19.198,19.207,624,0
FTXN.US,D,20170419,000000,17.917,17.917,17.917,17.917,220,0
FTXN.US,D,20170424,000000,18.072,18.118,18.072,18.118,515,0
FTXN.US,D,20170426,000000,18.406,18.406,18.306,18.306,220,0
FTXN.US,D,20170428,000000,17.946,17.946,17.946,17.946,112,0
FTXN.US,D,20170501,000000,17.789,17.835,17.789,17.835,1164,0
FTXN.US,D,20170503,000000,17.633,17.633,17.607,17.607,1315,0
FTXN.US,D,20170504,000000,17.328,17.51,17.328,17.443,532,0
FTXN.US,D,20170505,000000,17.394,17.487,17.394,17.487,220,0
FTXN.US,D,20170508,000000,17.734,17.734,17.71,17.71,811,0
FTXN.US,D,20170509,000000,17.568,17.568,17.548,17.548,1628,0
FTXN.US,D,20170510,000000,17.734,17.928,17.734,17.928,1330,0
FTXN.US,D,20170511,000000,17.871,17.881,17.798,17.798,4563,0
FTXN.US,D,20170515,000000,17.986,17.986,17.986,17.986,244,0
FTXN.US,D,20170518,000000,17.578,17.578,17.578,17.578,1987,0
FTXN.US,D,20170522,000000,17.843,17.843,17.843,17.843,271,0
FTXN.US,D,20170523,000000,17.759,17.759,17.759,17.759,270,0
FTXN.US,D,20170524,000000,17.572,17.572,17.572,17.572,109,0
FTXN.US,D,20170525,000000,17.625,17.657,17.123,17.123,2441,0
FTXN.US,D,20170526,000000,17.043,17.076,17.043,17.076,976,0
FTXN.US,D,20170602,000000,16.592,16.592,16.582,16.582,9360,0
FTXN.US,D,20170605,000000,16.711,16.711,16.637,16.637,69952,0
FTXN.US,D,20170606,000000,16.606,16.73,16.555,16.73,15932,0
FTXN.US,D,20170608,000000,16.331,16.343,16.297,16.297,2565,0
FTXN.US,D,20170609,000000,16.371,16.767,16.371,16.767,3776,0
FTXN.US,D,20170613,000000,17.052,17.052,17.052,17.052,220,0
FTXN.US,D,20170614,000000,16.582,16.582,16.582,16.582,107,0
FTXN.US,D,20170616,000000,16.353,16.572,16.325,16.572,7871,0
FTXN.US,D,20170619,000000,16.611,16.611,16.582,16.582,5450,0
FTXN.US,D,20170620,000000,16.224,16.252,16.209,16.252,1203,0
FTXN.US,D,20170622,000000,16.093,16.093,16.093,16.093,561,0
FTXN.US,D,20170623,000000,15.89,16.139,15.89,16.093,7601,0
FTXN.US,D,20170626,000000,16.261,16.287,16.214,16.287,2056,0
FTXN.US,D,20170627,000000,16.309,16.309,16.309,16.309,1497,0
FTXN.US,D,20170630,000000,16.522,16.527,16.508,16.527,2897,0
FTXN.US,D,20170703,000000,16.812,16.812,16.812,16.812,107,0
FTXN.US,D,20170705,000000,16.518,16.518,16.445,16.445,389,0
FTXN.US,D,20170706,000000,16.306,16.306,16.306,16.306,182,0
FTXN.US,D,20170710,000000,16.399,16.399,16.374,16.399,4003,0
FTXN.US,D,20170712,000000,16.516,16.516,16.516,16.516,182,0
FTXN.US,D,20170713,000000,16.465,16.465,16.445,16.445,1788,0
FTXN.US,D,20170714,000000,16.518,16.546,16.518,16.538,11358,0
FTXN.US,D,20170717,000000,16.685,16.685,16.608,16.608,2012,0
FTXN.US,D,20170718,000000,16.685,16.685,16.488,16.491,2811,0
FTXN.US,D,20170719,000000,16.746,16.788,16.746,16.788,4448,0
FTXN.US,D,20170720,000000,16.879,16.879,16.739,16.739,3313,0
FTXN.US,D,20170721,000000,16.638,16.638,16.638,16.638,227,0
FTXN.US,D,20170724,000000,16.528,16.534,16.518,16.528,2209,0
FTXN.US,D,20170725,000000,16.879,16.898,16.826,16.871,4340,0
FTXN.US,D,20170726,000000,16.884,16.884,16.884,16.884,109,0
FTXN.US,D,20170727,000000,16.826,16.871,16.807,16.871,4795,0
FTXN.US,D,20170802,000000,16.927,16.927,16.927,16.927,107,0
FTXN.US,D,20170803,000000,16.57,16.57,16.57,16.57,187,0
FTXN.US,D,20170804,000000,16.685,16.685,16.685,16.685,369,0
FTXN.US,D,20170810,000000,16.129,16.139,16.12,16.12,1514,0
FTXN.US,D,20170811,000000,16.084,16.084,16.084,16.084,1084,0
FTXN.US,D,20170814,000000,16.055,16.12,16.055,16.12,760,0
FTXN.US,D,20170815,000000,15.947,15.947,15.947,15.947,297,0
FTXN.US,D,20170817,000000,15.576,15.576,15.576,15.576,538,0
FTXN.US,D,20170823,000000,15.661,15.661,15.661,15.661,952,0
FTXN.US,D,20170825,000000,15.872,15.872,15.863,15.863,2157,0
FTXN.US,D,20170901,000000,16.129,16.176,16.129,16.176,1679,0
FTXN.US,D,20170905,000000,16.084,16.084,16.084,16.084,123,0
FTXN.US,D,20170906,000000,16.361,16.361,16.349,16.349,270,0
FTXN.US,D,20170908,000000,16.297,16.297,16.297,16.297,219,0
FTXN.US,D,20170913,000000,16.721,16.721,16.721,16.721,755,0
FTXN.US,D,20170915,000000,16.778,16.778,16.778,16.778,107,0
FTXN.US,D,20170918,000000,16.908,16.927,16.908,16.927,323,0
FTXN.US,D,20170919,000000,17.052,17.052,17.027,17.027,245,0
FTXN.US,D,20170922,000000,17.198,17.22,17.198,17.22,1548,0
FTXN.US,D,20170926,000000,17.486,17.518,17.486,17.518,967,0
FTXN.US,D,20170927,000000,17.486,17.486,17.486,17.486,106,0
FTXN.US,D,20170929,000000,17.543,17.634,17.542,17.55,5081,0
FTXN.US,D,20171002,000000,17.527,17.634,17.527,17.617,27976,0
FTXN.US,D,20171003,000000,17.94,17.94,17.641,17.66,8279,0
FTXN.US,D,20171004,000000,17.579,17.677,17.573,17.597,18491,0
FTXN.US,D,20171005,000000,17.763,17.763,17.617,17.617,6263,0
FTXN.US,D,20171006,000000,17.515,17.515,17.446,17.506,3777,0
FTXN.US,D,20171009,000000,17.589,17.598,17.542,17.569,1816,0
FTXN.US,D,20171010,000000,17.702,17.717,17.569,17.569,24064,0
FTXN.US,D,20171011,000000,17.912,17.912,17.55,17.643,7259,0
FTXN.US,D,20171012,000000,17.468,17.608,17.466,17.562,4180,0
FTXN.US,D,20171013,000000,17.627,17.677,17.598,17.634,1522,0
FTXN.US,D,20171016,000000,17.737,17.737,17.55,17.55,1850,0
FTXN.US,D,20171017,000000,17.617,17.617,17.463,17.515,5098,0
FTXN.US,D,20171018,000000,17.542,17.542,17.486,17.486,2159,0
FTXN.US,D,20171019,000000,17.384,17.439,17.384,17.439,801,0
FTXN.US,D,20171020,000000,17.456,17.486,17.456,17.486,1311,0
FTXN.US,D,20171023,000000,17.359,17.359,17.332,17.332,664,0
FTXN.US,D,20171024,000000,17.403,17.406,17.336,17.406,5193,0
FTXN.US,D,20171025,000000,17.429,17.429,17.188,17.228,4795,0
FTXN.US,D,20171026,000000,17.336,17.336,17.198,17.244,2423,0
FTXN.US,D,20171030,000000,17.643,17.653,17.598,17.598,1441,0
FTXN.US,D,20171031,000000,17.697,17.717,17.617,17.717,3016,0
FTXN.US,D,20171101,000000,18.043,18.043,17.96,18.006,4664,0
FTXN.US,D,20171102,000000,18.045,18.108,17.97,18.026,3697,0
FTXN.US,D,20171103,000000,18.08,18.236,18.08,18.236,5532,0
FTXN.US,D,20171106,000000,18.358,18.497,18.358,18.497,901,0
FTXN.US,D,20171107,000000,18.454,18.512,18.452,18.485,2913,0
FTXN.US,D,20171108,000000,18.453,18.497,18.368,18.444,2092,0
FTXN.US,D,20171109,000000,18.304,18.444,18.246,18.444,2234,0
FTXN.US,D,20171110,000000,18.405,18.415,18.246,18.343,2019,0
FTXN.US,D,20171113,000000,18.368,18.368,18.231,18.231,1967,0
FTXN.US,D,20171114,000000,18.128,18.128,18.024,18.068,1831,0
FTXN.US,D,20171115,000000,17.991,17.991,17.977,17.977,1897,0
FTXN.US,D,20171116,000000,17.865,17.959,17.865,17.903,2333,0
FTXN.US,D,20171117,000000,18.004,18.004,18.004,18.004,546,0
FTXN.US,D,20171120,000000,18.041,18.07,18.024,18.053,2704,0
FTXN.US,D,20171121,000000,18.097,18.155,18.053,18.053,894,0
FTXN.US,D,20171122,000000,18.118,18.145,18.043,18.145,2101,0
FTXN.US,D,20171127,000000,18.138,18.138,18.014,18.053,1121,0
FTXN.US,D,20171128,000000,18.098,18.098,18.006,18.089,1772,0
FTXN.US,D,20171129,000000,18.014,18.111,17.96,18.111,506,0
FTXN.US,D,20171130,000000,18.247,18.453,18.247,18.434,3053,0
FTXN.US,D,20171201,000000,18.593,18.665,18.387,18.462,2219,0
FTXN.US,D,20171204,000000,18.704,18.742,18.497,18.497,9215,0
FTXN.US,D,20171205,000000,18.602,18.618,18.527,18.527,1323,0
FTXN.US,D,20171206,000000,18.295,18.322,18.266,18.322,3869,0
FTXN.US,D,20171207,000000,18.377,18.387,18.349,18.349,1664,0
FTXN.US,D,20171208,000000,18.405,18.586,18.405,18.586,2924,0
FTXN.US,D,20171211,000000,18.716,18.777,18.685,18.704,1735,0
FTXN.US,D,20171212,000000,18.685,18.69,18.618,18.69,1001,0
FTXN.US,D,20171213,000000,18.622,18.694,18.593,18.619,4479,0
FTXN.US,D,20171214,000000,18.675,18.675,18.593,18.593,1148,0
FTXN.US,D,20171215,000000,18.645,18.685,18.593,18.593,1600,0
FTXN.US,D,20171218,000000,18.675,18.843,18.675,18.78,3400,0
FTXN.US,D,20171219,000000,18.777,18.843,18.775,18.775,3259,0
FTXN.US,D,20171220,000000,18.926,18.926,18.742,18.742,821,0
FTXN.US,D,20171221,000000,19.332,19.573,19.332,19.573,1644,0
FTXN.US,D,20171222,000000,19.576,19.655,19.575,19.584,740,0
FTXN.US,D,20171226,000000,19.743,19.826,19.743,19.826,574,0
FTXN.US,D,20171227,000000,19.78,19.78,19.78,19.78,348,0
FTXN.US,D,20171228,000000,19.847,19.847,19.798,19.798,888,0
FTXN.US,D,20171229,000000,19.817,19.817,19.686,19.73,16465,0
FTXN.US,D,20180102,000000,19.95,20.089,19.95,19.95,27962,0
FTXN.US,D,20180103,000000,20.24,20.294,20.222,20.294,2645,0
FTXN.US,D,20180104,000000,20.35,20.35,20.234,20.311,2866,0
FTXN.US,D,20180105,000000,20.172,20.309,20.163,20.309,63443,0
FTXN.US,D,20180108,000000,20.225,20.36,20.225,20.34,16018,0
FTXN.US,D,20180109,000000,20.556,20.556,20.36,20.36,18061,0
FTXN.US,D,20180110,000000,20.449,20.454,20.276,20.417,21430,0
FTXN.US,D,20180111,000000,20.53,20.754,20.53,20.609,8748,0
FTXN.US,D,20180112,000000,20.809,20.932,20.809,20.907,3125,0
FTXN.US,D,20180116,000000,20.943,20.992,20.818,20.818,3525,0
FTXN.US,D,20180117,000000,20.854,20.967,20.733,20.911,1148,0
FTXN.US,D,20180118,000000,20.739,20.739,20.61,20.61,686,0
FTXN.US,D,20180119,000000,20.639,20.639,20.516,20.602,5013,0
FTXN.US,D,20180122,000000,20.714,20.917,20.714,20.917,3984,0
FTXN.US,D,20180123,000000,20.932,21.01,20.932,21.01,1000,0
FTXN.US,D,20180124,000000,20.956,20.956,20.751,20.869,1046,0
FTXN.US,D,20180125,000000,20.751,20.893,20.639,20.649,4664,0
FTXN.US,D,20180126,000000,20.993,20.993,20.703,20.703,2257,0
FTXN.US,D,20180129,000000,20.446,20.463,20.398,20.398,2243,0
FTXN.US,D,20180130,000000,20.05,20.05,19.857,19.857,18545,0
FTXN.US,D,20180131,000000,19.847,20.014,19.847,19.987,1063,0
FTXN.US,D,20180201,000000,20.009,20.009,19.742,19.931,1155,0
FTXN.US,D,20180202,000000,19.894,19.894,19.296,19.313,63525,0
FTXN.US,D,20180205,000000,19.136,19.136,18.342,18.679,37150,0
FTXN.US,D,20180206,000000,18.726,18.801,18.456,18.736,3534,0
FTXN.US,D,20180207,000000,18.548,18.548,18.548,18.548,63383,0
FTXN.US,D,20180208,000000,18.128,18.128,18.128,18.128,266,0
FTXN.US,D,20180209,000000,17.931,17.931,17.712,17.712,1811,0
FTXN.US,D,20180212,000000,18.249,18.309,18.21,18.21,723,0
FTXN.US,D,20180213,000000,18.157,18.157,18.157,18.157,307,0
FTXN.US,D,20180214,000000,17.96,18.184,17.96,18.184,993,0
FTXN.US,D,20180215,000000,18.277,18.446,18.277,18.379,2762,0
FTXN.US,D,20180216,000000,18.379,18.379,18.379,18.379,107,0
FTXN.US,D,20180220,000000,18.52,18.52,18.351,18.351,1765,0
FTXN.US,D,20180221,000000,18.202,18.21,18.119,18.119,1650,0
FTXN.US,D,20180222,000000,17.97,18.002,17.893,17.893,8391,0
FTXN.US,D,20180223,000000,18.138,18.174,18.138,18.165,1025,0
FTXN.US,D,20180226,000000,18.297,18.456,18.297,18.389,1343,0
FTXN.US,D,20180227,000000,18.332,18.408,18.332,18.408,3555,0
FTXN.US,D,20180228,000000,18.119,18.119,18.119,18.119,175,0
FTXN.US,D,20180301,000000,17.971,17.971,17.659,17.781,11305,0
FTXN.US,D,20180305,000000,17.8,18.263,17.8,18.263,1706,0
FTXN.US,D,20180308,000000,18.064,18.113,18.046,18.113,1699,0
FTXN.US,D,20180312,000000,18.447,18.447,18.447,18.447,118,0
FTXN.US,D,20180313,000000,18.447,18.447,18.437,18.437,3307,0
FTXN.US,D,20180314,000000,18.437,18.437,18.306,18.312,1942,0
FTXN.US,D,20180319,000000,18.184,18.184,18.184,18.184,386,0
FTXN.US,D,20180320,000000,18.481,18.529,18.361,18.456,4647,0
FTXN.US,D,20180321,000000,18.247,19.063,18.247,19.063,2512,0
FTXN.US,D,20180322,000000,18.507,18.894,18.395,18.846,4224,0
FTXN.US,D,20180323,000000,18.405,18.856,18.405,18.704,2392,0
FTXN.US,D,20180326,000000,18.849,18.849,18.849,18.849,294,0
FTXN.US,D,20180327,000000,19.025,19.025,18.677,18.677,927,0
FTXN.US,D,20180328,000000,18.846,18.93,18.846,18.93,770,0
FTXN.US,D,20180402,000000,18.198,18.198,18.02,18.104,13261,0
FTXN.US,D,20180403,000000,18.462,18.478,18.459,18.478,2614,0
FTXN.US,D,20180404,000000,18.321,18.522,18.321,18.522,649,0
FTXN.US,D,20180405,000000,19.211,19.221,19.136,19.156,4504,0
FTXN.US,D,20180406,000000,19.221,19.221,18.856,18.864,2216,0
FTXN.US,D,20180410,000000,19.474,19.697,19.417,19.697,716,0
FTXN.US,D,20180411,000000,19.91,19.91,19.902,19.902,1897,0
FTXN.US,D,20180412,000000,19.898,19.898,19.898,19.898,303,0
FTXN.US,D,20180413,000000,19.869,20.178,19.869,20.178,582,0
FTXN.US,D,20180416,000000,20.198,20.445,20.198,20.445,2506,0
FTXN.US,D,20180417,000000,20.647,20.735,20.647,20.728,2378,0
FTXN.US,D,20180418,000000,21.257,21.389,20.983,21.164,8689,0
FTXN.US,D,20180419,000000,21.211,21.252,21.118,21.206,3915,0
FTXN.US,D,20180420,000000,20.956,21.106,20.956,21.03,1439,0
FTXN.US,D,20180424,000000,21.351,21.484,20.999,21.061,61648,0
FTXN.US,D,20180425,000000,20.974,21.27,20.974,21.27,6211,0
FTXN.US,D,20180426,000000,21.418,21.616,21.417,21.545,32687,0
FTXN.US,D,20180427,000000,21.689,21.689,21.351,21.389,3518,0
FTXN.US,D,20180430,000000,21.671,21.699,21.464,21.464,5106,0
FTXN.US,D,20180501,000000,21.238,21.238,20.996,21.098,3413,0
FTXN.US,D,20180502,000000,21.493,21.84,21.493,21.736,47231,0
FTXN.US,D,20180503,000000,21.717,21.727,21.355,21.661,7724,0
FTXN.US,D,20180504,000000,21.868,22.15,21.792,22.036,25981,0
FTXN.US,D,20180507,000000,22.496,22.675,22.046,22.055,19671,0
FTXN.US,D,20180508,000000,22.224,22.299,21.689,22.205,32905,0
FTXN.US,D,20180509,000000,22.685,22.91,22.476,22.525,48278,0
FTXN.US,D,20180510,000000,22.935,22.935,22.553,22.694,27009,0
FTXN.US,D,20180511,000000,22.919,22.919,22.674,22.74,7648,0
FTXN.US,D,20180514,000000,22.854,23.049,22.854,23.033,31399,0
FTXN.US,D,20180515,000000,23.096,23.096,22.816,22.99,22525,0
FTXN.US,D,20180516,000000,23.154,23.154,22.779,23.063,102941,0
FTXN.US,D,20180517,000000,23.324,23.915,23.164,23.835,154787,0
FTXN.US,D,20180518,000000,24.128,24.128,23.567,23.567,49551,0
FTXN.US,D,20180521,000000,23.724,24.025,23.724,23.98,27432,0
FTXN.US,D,20180522,000000,24.196,24.287,23.533,23.595,198972,0
FTXN.US,D,20180523,000000,23.641,23.641,23.258,23.586,184459,0
FTXN.US,D,20180524,000000,23.398,23.511,23.04,23.304,94629,0
FTXN.US,D,20180525,000000,22.834,22.881,22.215,22.534,54917,0
FTXN.US,D,20180529,000000,22.271,22.749,22.271,22.675,106205,0
FTXN.US,D,20180530,000000,22.872,23.559,22.872,23.349,55282,0
FTXN.US,D,20180531,000000,23.623,23.623,23.249,23.249,51100,0
FTXN.US,D,20180601,000000,23.426,23.762,23.369,23.623,59603,0
FTXN.US,D,20180604,000000,23.81,23.906,23.372,23.539,19378,0
FTXN.US,D,20180605,000000,23.398,23.604,23.227,23.426,26035,0
FTXN.US,D,20180606,000000,23.567,23.619,23.033,23.239,75055,0
FTXN.US,D,20180607,000000,23.22,23.781,23.22,23.604,13003,0
FTXN.US,D,20180608,000000,23.82,23.82,23.406,23.515,9866,0
FTXN.US,D,20180611,000000,23.445,23.876,23.445,23.716,19299,0
FTXN.US,D,20180612,000000,23.604,23.669,23.258,23.267,110098,0
FTXN.US,D,20180613,000000,23.378,23.397,23.1,23.201,67325,0
FTXN.US,D,20180614,000000,23.52,23.52,23.004,23.049,13510,0
FTXN.US,D,20180615,000000,23,23,22.44,22.44,9797,0
FTXN.US,D,20180618,000000,22.882,23.152,22.881,22.9,6505,0
FTXN.US,D,20180619,000000,22.779,23.014,22.617,22.984,4474,0
FTXN.US,D,20180620,000000,23.146,23.378,22.965,23.21,11471,0
FTXN.US,D,20180621,000000,23.229,23.229,22.635,22.655,34753,0
FTXN.US,D,20180622,000000,23.04,23.596,23.04,23.267,4734,0
FTXN.US,D,20180625,000000,23.126,23.126,22.504,22.616,48145,0
FTXN.US,D,20180626,000000,22.449,22.881,22.449,22.861,9514,0
FTXN.US,D,20180627,000000,23.326,23.524,23.201,23.273,12231,0
FTXN.US,D,20180628,000000,23.258,23.258,22.872,23.096,9269,0
FTXN.US,D,20180629,000000,23.436,23.578,23.267,23.267,10507,0
FTXN.US,D,20180702,000000,23.136,23.136,22.798,22.89,6534,0
FTXN.US,D,20180703,000000,23.426,23.426,23.033,23.033,31798,0
FTXN.US,D,20180705,000000,23.173,23.173,22.927,23.049,5091,0
FTXN.US,D,20180706,000000,23.136,23.369,23.014,23.22,77747,0
FTXN.US,D,20180709,000000,23.467,23.83,23.467,23.829,34679,0
FTXN.US,D,20180710,000000,24.12,24.235,23.711,23.816,17968,0
FTXN.US,D,20180711,000000,23.502,23.68,23.014,23.102,16221,0
FTXN.US,D,20180712,000000,22.852,23.014,22.833,22.981,12488,0
FTXN.US,D,20180713,000000,22.9,23.228,22.9,23.065,2732,0
FTXN.US,D,20180716,000000,23.023,23.023,22.449,22.729,12747,0
FTXN.US,D,20180717,000000,22.788,22.824,22.562,22.732,8021,0
FTXN.US,D,20180718,000000,22.289,22.801,22.278,22.778,5909,0
FTXN.US,D,20180719,000000,22.935,22.935,22.815,22.881,1789,0
FTXN.US,D,20180720,000000,22.848,22.848,22.768,22.793,2382,0
FTXN.US,D,20180723,000000,22.843,22.843,22.719,22.759,2125,0
FTXN.US,D,20180724,000000,23.033,23.135,22.877,22.9,3406,0
FTXN.US,D,20180725,000000,23.033,23.096,22.984,23.023,11124,0
FTXN.US,D,20180726,000000,22.945,23.388,22.945,23.331,113840,0
FTXN.US,D,20180727,000000,23.464,23.481,23.106,23.234,44862,0
FTXN.US,D,20180730,000000,23.725,23.725,23.446,23.54,14036,0
FTXN.US,D,20180731,000000,23.502,23.725,23.455,23.633,11509,0
FTXN.US,D,20180801,000000,23.502,23.502,22.984,23.173,7327,0
FTXN.US,D,20180802,000000,22.884,23.077,22.884,22.955,42689,0
FTXN.US,D,20180803,000000,22.798,22.969,22.76,22.969,3947,0
FTXN.US,D,20180806,000000,23.077,23.295,23.077,23.136,18853,0
FTXN.US,D,20180807,000000,23.527,23.605,23.417,23.474,40307,0
FTXN.US,D,20180808,000000,23.204,23.239,23.136,23.21,3015,0
FTXN.US,D,20180809,000000,23.049,23.173,22.994,22.994,4112,0
FTXN.US,D,20180810,000000,22.935,23.146,22.928,23.146,4215,0
FTXN.US,D,20180813,000000,22.91,23.106,22.552,22.552,23498,0
FTXN.US,D,20180814,000000,22.645,22.831,22.602,22.691,58892,0
FTXN.US,D,20180815,000000,22.345,22.491,21.584,21.733,37636,0
FTXN.US,D,20180816,000000,21.744,21.904,21.734,21.767,146082,0
FTXN.US,D,20180817,000000,21.881,21.92,21.682,21.767,4145,0
FTXN.US,D,20180820,000000,21.715,22.241,21.715,22.103,70177,0
FTXN.US,D,20180821,000000,22.485,22.597,22.402,22.421,166363,0
FTXN.US,D,20180822,000000,22.824,22.945,22.824,22.862,3867,0
FTXN.US,D,20180823,000000,22.778,22.965,22.714,22.965,5078,0
FTXN.US,D,20180824,000000,23.173,23.446,23.173,23.183,23428,0
FTXN.US,D,20180827,000000,23.441,23.441,23.249,23.359,9251,0
FTXN.US,D,20180828,000000,23.54,23.54,23.217,23.277,19965,0
FTXN.US,D,20180829,000000,23.239,23.735,23.239,23.637,15218,0
FTXN.US,D,20180830,000000,23.708,23.745,23.483,23.624,3646,0
FTXN.US,D,20180831,000000,23.689,23.689,23.329,23.487,10151,0
FTXN.US,D,20180904,000000,23.483,23.672,23.418,23.438,8924,0
FTXN.US,D,20180905,000000,23.304,23.426,23.096,23.4,8293,0
FTXN.US,D,20180906,000000,23.624,23.624,22.833,22.838,3138,0
FTXN.US,D,20180907,000000,22.674,22.778,22.503,22.599,114838,0
FTXN.US,D,20180910,000000,22.815,22.927,22.666,22.713,5145,0
FTXN.US,D,20180911,000000,22.833,23.116,22.833,23.023,117353,0
FTXN.US,D,20180912,000000,23.267,23.331,23.023,23.154,61607,0
FTXN.US,D,20180913,000000,22.997,23.143,22.997,23.082,3382,0
FTXN.US,D,20180914,000000,23.096,23.183,23.096,23.154,33104,0
FTXN.US,D,20180917,000000,23.229,23.229,22.965,23.014,38275,0
FTXN.US,D,20180918,000000,23.305,23.37,23.164,23.22,13198,0
FTXN.US,D,20180919,000000,23.108,23.164,22.919,22.935,22625,0
FTXN.US,D,20180920,000000,23.014,23.014,22.832,22.88,9302,0
FTXN.US,D,20180921,000000,22.871,23.151,22.871,23.04,11867,0
FTXN.US,D,20180924,000000,23.681,23.681,23.446,23.588,4495,0
FTXN.US,D,20180925,000000,23.87,23.979,23.784,23.803,77139,0
FTXN.US,D,20180926,000000,23.85,23.85,23.561,23.588,15292,0
FTXN.US,D,20180927,000000,23.927,23.927,23.635,23.635,6435,0
FTXN.US,D,20180928,000000,23.617,23.899,23.588,23.607,20727,0
FTXN.US,D,20181001,000000,24.011,24.077,23.813,23.975,21706,0
FTXN.US,D,20181002,000000,23.813,24.02,23.701,23.965,9175,0
FTXN.US,D,20181003,000000,24.143,24.51,24.143,24.51,149188,0
FTXN.US,D,20181004,000000,24.625,24.625,24.087,24.211,24203,0
FTXN.US,D,20181005,000000,24.114,24.293,23.887,24.072,10070,0
FTXN.US,D,20181008,000000,23.999,24.053,23.672,23.956,25761,0
FTXN.US,D,20181009,000000,24.114,24.335,24.061,24.148,39660,0
FTXN.US,D,20181010,000000,23.879,23.879,23.123,23.123,32177,0
FTXN.US,D,20181011,000000,22.638,22.984,22.267,22.437,76850,0
FTXN.US,D,20181012,000000,22.899,22.899,22.362,22.739,18560,0
FTXN.US,D,20181015,000000,22.945,22.945,22.489,22.531,4603,0
FTXN.US,D,20181016,000000,22.63,22.798,22.63,22.798,7153,0
FTXN.US,D,20181017,000000,22.89,22.89,22.368,22.53,22996,0
FTXN.US,D,20181018,000000,22.181,22.483,22.127,22.135,100996,0
FTXN.US,D,20181019,000000,22.1,22.1,21.571,21.593,44332,0
FTXN.US,D,20181022,000000,21.495,21.495,21.213,21.441,20298,0
FTXN.US,D,20181023,000000,20.542,20.892,20.411,20.892,7678,0
FTXN.US,D,20181024,000000,21.136,21.136,20.286,20.286,30473,0
FTXN.US,D,20181025,000000,20.204,20.268,19.92,20.015,12640,0
FTXN.US,D,20181026,000000,19.815,20.081,19.487,19.883,53477,0
FTXN.US,D,20181029,000000,19.949,20.033,19.108,19.429,24456,0
FTXN.US,D,20181030,000000,19.204,19.742,19.204,19.742,89878,0
FTXN.US,D,20181031,000000,20.165,20.451,20.136,20.136,6076,0
FTXN.US,D,20181101,000000,20.128,20.462,20.036,20.326,5359,0
FTXN.US,D,20181102,000000,20.486,21.003,19.94,19.97,38972,0
FTXN.US,D,20181105,000000,20.081,20.387,20.081,20.194,10927,0
FTXN.US,D,20181106,000000,20.431,20.431,20.061,20.249,6410,0
FTXN.US,D,20181107,000000,20.683,20.683,20.416,20.656,6988,0
FTXN.US,D,20181108,000000,20.632,20.632,19.949,19.949,34050,0
FTXN.US,D,20181109,000000,19.514,20.033,19.514,19.973,5001,0
FTXN.US,D,20181112,000000,19.732,19.827,19.565,19.596,3551,0
FTXN.US,D,20181113,000000,19.336,19.336,18.761,18.893,29469,0
FTXN.US,D,20181114,000000,19.354,19.354,18.743,18.893,11099,0
FTXN.US,D,20181115,000000,18.685,19.27,18.685,19.27,23196,0
FTXN.US,D,20181116,000000,19.222,19.457,19.222,19.432,4791,0
FTXN.US,D,20181119,000000,19.194,19.413,19.027,19.156,10838,0
FTXN.US,D,20181120,000000,19.08,19.08,18.28,18.393,24452,0
FTXN.US,D,20181121,000000,18.584,18.919,18.515,18.799,27867,0
FTXN.US,D,20181123,000000,18.393,18.393,18.052,18.11,2549,0
FTXN.US,D,20181126,000000,18.166,18.547,18.166,18.505,20656,0
FTXN.US,D,20181127,000000,18.403,18.485,18.362,18.365,51964,0
FTXN.US,D,20181128,000000,18.345,18.693,18.166,18.656,271909,0
FTXN.US,D,20181129,000000,18.84,18.976,18.733,18.761,49081,0
FTXN.US,D,20181130,000000,18.525,18.682,18.495,18.618,30450,0
FTXN.US,D,20181203,000000,19.054,19.054,18.761,18.895,7978,0
FTXN.US,D,20181204,000000,18.926,18.942,18.383,18.383,9213,0
FTXN.US,D,20181206,000000,18.139,18.139,17.582,17.959,41591,0
FTXN.US,D,20181207,000000,18.29,18.485,17.85,17.85,3155,0
FTXN.US,D,20181210,000000,17.489,17.489,17.106,17.366,29633,0
FTXN.US,D,20181211,000000,17.572,17.611,17.279,17.491,38486,0
FTXN.US,D,20181212,000000,17.695,17.884,17.615,17.615,73930,0
FTXN.US,D,20181213,000000,17.469,17.648,17.308,17.464,60358,0
FTXN.US,D,20181214,000000,17.131,17.131,16.923,16.923,10089,0
FTXN.US,D,20181217,000000,16.8,16.959,16.451,16.536,22498,0
FTXN.US,D,20181218,000000,16.559,16.612,16.07,16.297,31863,0
FTXN.US,D,20181219,000000,16.431,16.572,15.939,16.031,32440,0
FTXN.US,D,20181220,000000,16.023,16.041,15.433,15.433,57616,0
FTXN.US,D,20181221,000000,15.357,15.701,15.205,15.264,34991,0
FTXN.US,D,20181224,000000,14.996,15.072,14.79,14.834,8868,0
FTXN.US,D,20181226,000000,14.892,15.604,14.596,15.604,30940,0
FTXN.US,D,20181227,000000,15.32,15.785,15.173,15.785,214490,0
FTXN.US,D,20181228,000000,15.755,15.86,15.471,15.509,18045,0
FTXN.US,D,20181231,000000,15.804,15.804,15.452,15.586,42779,0
FTXN.US,D,20190102,000000,15.291,16.062,15.291,15.985,5253,0
FTXN.US,D,20190103,000000,15.958,16.07,15.595,15.867,9270,0
FTXN.US,D,20190104,000000,16.46,16.46,16.279,16.46,2642,0
FTXN.US,D,20190107,000000,16.506,16.954,16.506,16.793,18394,0
FTXN.US,D,20190108,000000,17.087,17.087,16.931,16.944,4396,0
FTXN.US,D,20190109,000000,17.153,17.447,17.136,17.339,16433,0
FTXN.US,D,20190110,000000,17.295,17.399,17.192,17.399,2815,0
FTXN.US,D,20190111,000000,17.259,17.387,17.243,17.293,31645,0
FTXN.US,D,20190114,000000,17.029,17.392,17.029,17.295,7747,0
FTXN.US,D,20190115,000000,17.423,17.467,17.343,17.428,2579,0
FTXN.US,D,20190116,000000,17.334,17.544,17.314,17.419,7981,0
FTXN.US,D,20190117,000000,17.329,17.704,17.329,17.571,4769,0
FTXN.US,D,20190118,000000,17.77,17.875,17.77,17.875,6347,0
FTXN.US,D,20190122,000000,17.477,17.524,17.419,17.472,20770,0
FTXN.US,D,20190123,000000,17.343,17.381,17.097,17.178,9217,0
FTXN.US,D,20190124,000000,17.106,17.377,17.106,17.254,5697,0
FTXN.US,D,20190125,000000,17.487,17.648,17.487,17.524,113084,0
FTXN.US,D,20190128,000000,17.286,17.369,17.248,17.334,145216,0
FTXN.US,D,20190129,000000,17.467,17.561,17.43,17.544,4035,0
FTXN.US,D,20190130,000000,17.62,17.838,17.62,17.77,12152,0
FTXN.US,D,20190131,000000,17.942,17.961,17.75,17.75,10211,0
FTXN.US,D,20190201,000000,17.77,18.067,17.77,17.94,6337,0
FTXN.US,D,20190204,000000,17.83,17.941,17.79,17.941,4089,0
FTXN.US,D,20190205,000000,17.923,17.988,17.923,17.988,446,0
FTXN.US,D,20190206,000000,18.094,18.094,17.75,17.75,18186,0
FTXN.US,D,20190207,000000,17.328,17.328,17.146,17.153,4971,0
FTXN.US,D,20190208,000000,17.038,17.038,16.841,16.887,1811,0
FTXN.US,D,20190211,000000,17.119,17.291,17.119,17.249,2929,0
FTXN.US,D,20190212,000000,17.519,17.579,17.505,17.505,1354,0
FTXN.US,D,20190213,000000,17.789,17.789,17.789,17.789,853,0
FTXN.US,D,20190214,000000,17.79,17.902,17.752,17.902,14241,0
FTXN.US,D,20190215,000000,18.133,18.17,18.009,18.151,27227,0
FTXN.US,D,20190219,000000,18.198,18.293,18.198,18.235,5017,0
FTXN.US,D,20190220,000000,18.218,18.324,18.218,18.295,1495,0
FTXN.US,D,20190221,000000,17.979,18.009,17.86,17.865,105658,0
FTXN.US,D,20190222,000000,18.107,18.107,17.904,17.904,4886,0
FTXN.US,D,20190225,000000,17.989,18.013,17.933,18.005,3467,0
FTXN.US,D,20190226,000000,18.04,18.04,17.825,17.859,1195,0
FTXN.US,D,20190227,000000,17.804,17.884,17.804,17.865,1833,0
FTXN.US,D,20190228,000000,17.534,17.544,17.524,17.534,1017,0
FTXN.US,D,20190301,000000,17.534,17.923,17.534,17.919,2678,0
FTXN.US,D,20190304,000000,18.046,18.072,17.822,17.942,3401,0
FTXN.US,D,20190305,000000,17.961,17.97,17.851,17.941,1483,0
FTXN.US,D,20190306,000000,17.75,17.799,17.692,17.693,4809,0
FTXN.US,D,20190307,000000,17.581,17.684,17.572,17.572,17216,0
FTXN.US,D,20190308,000000,17.106,17.146,16.991,17.066,13769,0
FTXN.US,D,20190311,000000,17.416,17.416,17.382,17.382,830,0
FTXN.US,D,20190312,000000,17.477,17.691,17.477,17.608,1689,0
FTXN.US,D,20190313,000000,17.837,17.837,17.741,17.741,703,0
FTXN.US,D,20190314,000000,17.97,17.97,17.946,17.946,2384,0
FTXN.US,D,20190315,000000,17.866,17.932,17.866,17.9,1440,0
FTXN.US,D,20190318,000000,18.057,18.103,18.029,18.103,2539,0
FTXN.US,D,20190319,000000,18.157,18.202,18.157,18.189,782,0
FTXN.US,D,20190320,000000,18.058,18.397,18.058,18.397,1488,0
FTXN.US,D,20190321,000000,18.304,18.353,18.304,18.353,2966,0
FTXN.US,D,20190322,000000,18.045,18.419,17.991,18.031,3858,0
FTXN.US,D,20190325,000000,17.814,17.938,17.814,17.866,9050,0
FTXN.US,D,20190326,000000,18.073,18.208,18.073,18.208,1020,0
FTXN.US,D,20190327,000000,18.111,18.111,18.05,18.064,4917,0
FTXN.US,D,20190328,000000,18.016,18.079,18.016,18.079,1594,0
FTXN.US,D,20190329,000000,18.341,18.341,18.111,18.111,1814,0
FTXN.US,D,20190401,000000,18.249,18.284,18.249,18.271,3621,0
FTXN.US,D,20190402,000000,18.238,18.238,18.135,18.158,2559,0
FTXN.US,D,20190403,000000,18.158,18.158,17.891,17.891,2195,0
FTXN.US,D,20190404,000000,17.844,17.987,17.844,17.987,1181,0
FTXN.US,D,20190405,000000,17.986,18.483,17.986,18.483,3763,0
FTXN.US,D,20190408,000000,18.59,18.59,18.59,18.59,582,0
FTXN.US,D,20190409,000000,18.374,18.374,18.374,18.374,993,0
FTXN.US,D,20190410,000000,18.37,18.37,18.37,18.37,1351,0
FTXN.US,D,20190411,000000,18.428,18.428,18.168,18.228,3960,0
FTXN.US,D,20190412,000000,18.735,18.735,18.365,18.428,4859,0
FTXN.US,D,20190415,000000,18.313,18.35,18.158,18.262,6736,0
FTXN.US,D,20190416,000000,18.253,18.284,18.158,18.284,4666,0
FTXN.US,D,20190417,000000,18.281,18.295,18.214,18.214,3957,0
FTXN.US,D,20190418,000000,18.224,18.224,18.003,18.003,6226,0
FTXN.US,D,20190422,000000,18.186,18.444,18.186,18.37,3444,0
FTXN.US,D,20190423,000000,18.442,18.442,18.37,18.37,1747,0
FTXN.US,D,20190424,000000,18.168,18.294,18.14,18.14,8846,0
FTXN.US,D,20190425,000000,18.153,18.153,17.999,17.999,2180,0
FTXN.US,D,20190426,000000,17.929,17.929,17.713,17.853,11555,0
FTXN.US,D,20190429,000000,17.759,17.796,17.719,17.796,2332,0
FTXN.US,D,20190430,000000,17.9,17.9,17.642,17.642,3622,0
FTXN.US,D,20190501,000000,17.575,17.651,17.424,17.424,5866,0
FTXN.US,D,20190502,000000,17.193,17.193,16.936,17.047,14314,0
FTXN.US,D,20190503,000000,17.038,17.296,17.038,17.296,16579,0
FTXN.US,D,20190506,000000,17.136,17.246,17.136,17.246,1243,0
FTXN.US,D,20190507,000000,16.98,17.058,16.944,17.058,4705,0
FTXN.US,D,20190508,000000,17.087,17.316,17.087,17.26,1250,0
FTXN.US,D,20190509,000000,17.178,17.178,17.108,17.108,1941,0
FTXN.US,D,20190510,000000,17.222,17.222,17.183,17.183,3701,0
FTXN.US,D,20190513,000000,17.087,17.087,16.834,17,159443,0
FTXN.US,D,20190514,000000,17.122,17.358,17.122,17.236,3797,0
FTXN.US,D,20190515,000000,17.097,17.193,17.097,17.193,995,0
FTXN.US,D,20190516,000000,17.51,17.51,17.488,17.488,1110,0
FTXN.US,D,20190517,000000,17.45,17.45,17.208,17.208,5187,0
FTXN.US,D,20190520,000000,17.146,17.163,17.087,17.087,738,0
FTXN.US,D,20190521,000000,17.126,17.375,17.126,17.375,13939,0
FTXN.US,D,20190522,000000,17.231,17.231,17,17.051,1073,0
FTXN.US,D,20190523,000000,16.455,16.512,16.455,16.484,4275,0
FTXN.US,D,20190524,000000,16.426,16.445,16.389,16.445,1477,0
FTXN.US,D,20190528,000000,16.331,16.331,16.282,16.282,1325,0
FTXN.US,D,20190529,000000,16.101,16.101,16.081,16.081,2502,0
FTXN.US,D,20190530,000000,16.213,16.213,16.014,16.014,4600,0
FTXN.US,D,20190531,000000,15.785,15.959,15.785,15.857,158909,0
FTXN.US,D,20190603,000000,15.93,16.016,15.93,16.016,18219,0
FTXN.US,D,20190604,000000,16.129,16.341,16.129,16.275,4428,0
FTXN.US,D,20190605,000000,16.144,16.183,16.144,16.176,1862,0
FTXN.US,D,20190606,000000,16.225,16.384,16.225,16.384,1317,0
FTXN.US,D,20190607,000000,16.534,16.534,16.479,16.479,4754,0
FTXN.US,D,20190610,000000,16.465,16.53,16.347,16.374,1681,0
FTXN.US,D,20190611,000000,16.375,16.375,16.366,16.366,953,0
FTXN.US,D,20190612,000000,16.144,16.144,16.053,16.077,1808,0
FTXN.US,D,20190613,000000,16.192,16.192,16.191,16.191,463,0
FTXN.US,D,20190614,000000,16.08,16.08,16.028,16.028,1267,0
FTXN.US,D,20190617,000000,16.15,16.244,16.146,16.244,1628,0
FTXN.US,D,20190618,000000,16.428,16.428,16.357,16.409,4510,0
FTXN.US,D,20190619,000000,16.38,16.505,16.35,16.423,11505,0
FTXN.US,D,20190620,000000,16.767,16.804,16.727,16.748,6994,0
FTXN.US,D,20190621,000000,16.775,16.775,16.775,16.775,467,0
FTXN.US,D,20190624,000000,16.707,16.707,16.639,16.683,1983,0
FTXN.US,D,20190625,000000,16.619,16.619,16.509,16.511,107219,0
FTXN.US,D,20190626,000000,16.765,16.862,16.669,16.795,12695,0
FTXN.US,D,20190627,000000,16.765,16.765,16.618,16.618,2881,0
FTXN.US,D,20190628,000000,16.795,16.795,16.795,16.795,1015,0
FTXN.US,D,20190701,000000,17.044,17.137,16.935,16.935,1356,0
FTXN.US,D,20190702,000000,16.72,16.745,16.683,16.683,4552,0
FTXN.US,D,20190703,000000,16.756,16.785,16.756,16.785,589,0
FTXN.US,D,20190705,000000,16.765,16.795,16.765,16.785,824,0
FTXN.US,D,20190708,000000,16.736,16.836,16.736,16.836,1249,0
FTXN.US,D,20190709,000000,16.755,16.817,16.755,16.793,2001,0
FTXN.US,D,20190710,000000,16.878,17.043,16.878,17.043,1989,0
FTXN.US,D,20190711,000000,16.957,16.957,16.881,16.881,1445,0
FTXN.US,D,20190712,000000,16.981,17.005,16.948,17.005,27888,0
FTXN.US,D,20190715,000000,16.852,16.852,16.852,16.852,444,0
FTXN.US,D,20190716,000000,16.514,16.514,16.461,16.461,871,0
FTXN.US,D,20190717,000000,16.539,16.539,16.33,16.33,4030,0
FTXN.US,D,20190719,000000,16.259,16.296,16.259,16.296,1416,0
FTXN.US,D,20190722,000000,16.235,16.293,16.235,16.293,2465,0
FTXN.US,D,20190723,000000,16.312,16.312,16.253,16.292,1909,0
FTXN.US,D,20190724,000000,16.375,16.437,16.322,16.351,2747,0
FTXN.US,D,20190725,000000,16.118,16.119,16.09,16.119,1697,0
FTXN.US,D,20190726,000000,16.015,16.033,15.898,15.947,2375,0
FTXN.US,D,20190729,000000,15.762,15.861,15.762,15.861,2194,0
FTXN.US,D,20190730,000000,15.811,16.183,15.811,16.183,929,0
FTXN.US,D,20190731,000000,16.245,16.419,16.124,16.139,1944,0
FTXN.US,D,20190801,000000,16.042,16.061,15.901,15.901,1015,0
FTXN.US,D,20190802,000000,15.658,15.687,15.628,15.638,2971,0
FTXN.US,D,20190805,000000,15.244,15.301,15.184,15.184,3743,0
FTXN.US,D,20190806,000000,15.106,15.106,14.943,15.051,1438,0
FTXN.US,D,20190807,000000,14.814,15.069,14.771,15.069,5902,0
FTXN.US,D,20190808,000000,15.099,15.212,15.099,15.212,3907,0
FTXN.US,D,20190809,000000,15.301,15.301,15.18,15.204,1656,0
FTXN.US,D,20190812,000000,15.012,15.012,14.972,14.972,759,0
FTXN.US,D,20190814,000000,14.699,14.699,14.492,14.558,1710,0
FTXN.US,D,20190815,000000,14.447,14.474,14.328,14.474,8352,0
FTXN.US,D,20190816,000000,14.577,14.702,14.567,14.693,1055,0
FTXN.US,D,20190819,000000,14.818,14.992,14.818,14.992,726,0
FTXN.US,D,20190820,000000,14.906,14.93,14.896,14.911,1483,0
FTXN.US,D,20190821,000000,15.079,15.079,14.962,14.98,2730,0
FTXN.US,D,20190822,000000,15.04,15.04,14.933,14.933,507,0
FTXN.US,D,20190823,000000,14.727,14.732,14.23,14.279,3161,0
FTXN.US,D,20190826,000000,14.393,14.454,14.366,14.454,1176,0
FTXN.US,D,20190827,000000,14.348,14.348,14.279,14.279,774,0
FTXN.US,D,20190828,000000,14.454,14.626,14.454,14.626,786,0
FTXN.US,D,20190829,000000,14.693,14.842,14.693,14.842,1149,0
FTXN.US,D,20190830,000000,14.712,14.712,14.622,14.644,2964,0
FTXN.US,D,20190903,000000,14.377,14.539,14.377,14.539,1913,0
FTXN.US,D,20190904,000000,14.781,14.896,14.781,14.858,2495,0
FTXN.US,D,20190905,000000,15.059,15.234,15.059,15.148,3473,0
FTXN.US,D,20190906,000000,14.972,15.11,14.972,15.099,1051,0
FTXN.US,D,20190909,000000,15.391,15.581,15.391,15.581,2198,0
FTXN.US,D,20190910,000000,15.678,15.928,15.678,15.821,3003,0
FTXN.US,D,20190911,000000,15.83,15.832,15.627,15.782,3770,0
FTXN.US,D,20190912,000000,15.648,15.662,15.606,15.619,1607,0
FTXN.US,D,20190913,000000,15.716,15.716,15.716,15.716,464,0
FTXN.US,D,20190916,000000,16.544,16.615,16.331,16.571,3033,0
FTXN.US,D,20190917,000000,16.476,16.476,16.139,16.147,3677,0
FTXN.US,D,20190918,000000,16.085,16.085,16.053,16.053,573,0
FTXN.US,D,20190920,000000,16.062,16.062,16.038,16.038,764,0
FTXN.US,D,20190923,000000,16.042,16.052,16.038,16.052,547,0
FTXN.US,D,20190924,000000,16.047,16.047,15.648,15.772,2293,0
FTXN.US,D,20190925,000000,15.831,15.831,15.814,15.831,792,0
FTXN.US,D,20190926,000000,15.627,15.706,15.627,15.706,938,0
FTXN.US,D,20190927,000000,15.696,15.725,15.627,15.627,1130,0
FTXN.US,D,20191001,000000,15.537,15.537,15.275,15.307,899,0
FTXN.US,D,20191002,000000,14.926,14.995,14.926,14.985,822,0
FTXN.US,D,20191003,000000,14.755,14.975,14.755,14.975,3542,0
FTXN.US,D,20191004,000000,14.981,15.111,14.981,15.111,1005,0
FTXN.US,D,20191007,000000,15.134,15.17,15.025,15.025,6540,0
FTXN.US,D,20191008,000000,14.752,14.82,14.738,14.738,4052,0
FTXN.US,D,20191009,000000,14.801,14.869,14.801,14.83,491,0
FTXN.US,D,20191010,000000,14.889,14.889,14.889,14.889,383,0
FTXN.US,D,20191011,000000,15.121,15.197,15.121,15.197,397,0
FTXN.US,D,20191014,000000,14.965,14.965,14.965,14.965,173,0
FTXN.US,D,20191015,000000,15.111,15.259,15.063,15.145,2304,0
FTXN.US,D,20191017,000000,14.869,15.001,14.869,14.995,2132,0
FTXN.US,D,20191018,000000,14.963,14.965,14.926,14.965,530,0
FTXN.US,D,20191021,000000,15.01,15.093,15.01,15.093,580,0
FTXN.US,D,20191022,000000,15.268,15.481,15.268,15.317,2109,0
FTXN.US,D,20191023,000000,15.209,15.452,15.209,15.452,1799,0
FTXN.US,D,20191024,000000,15.365,15.373,15.365,15.373,266,0
FTXN.US,D,20191025,000000,15.471,15.602,15.471,15.602,548,0
FTXN.US,D,20191028,000000,15.762,15.762,15.501,15.501,232606,0
FTXN.US,D,20191029,000000,15.364,15.627,15.364,15.627,2021,0
FTXN.US,D,20191030,000000,15.501,15.501,15.364,15.364,617,0
FTXN.US,D,20191031,000000,15.083,15.189,15.083,15.189,10679,0
FTXN.US,D,20191101,000000,15.51,15.582,15.51,15.582,952,0
FTXN.US,D,20191104,000000,15.792,16.035,15.792,16.008,2079,0
FTXN.US,D,20191105,000000,15.879,15.957,15.879,15.957,970,0
FTXN.US,D,20191107,000000,15.806,15.826,15.792,15.811,3293,0
FTXN.US,D,20191114,000000,15.493,15.493,15.493,15.493,316,0
FTXN.US,D,20191115,000000,15.647,15.647,15.647,15.647,1054,0
FTXN.US,D,20191118,000000,15.467,15.467,15.393,15.398,734,0
FTXN.US,D,20191119,000000,15.225,15.239,15.16,15.16,3091,0
FTXN.US,D,20191120,000000,15.074,15.326,15.053,15.271,80969,0
FTXN.US,D,20191121,000000,15.393,15.476,15.393,15.476,1395,0
FTXN.US,D,20191122,000000,15.432,15.501,15.432,15.432,2001,0
FTXN.US,D,20191126,000000,15.317,15.422,15.286,15.297,10246,0
FTXN.US,D,20191127,000000,15.259,15.326,15.259,15.326,329,0
FTXN.US,D,20191202,000000,15.278,15.278,15.131,15.131,421,0
FTXN.US,D,20191203,000000,14.965,15.014,14.931,14.931,673,0
FTXN.US,D,20191204,000000,15.148,15.148,15.116,15.13,1525,0
FTXN.US,D,20191212,000000,15.52,15.686,15.52,15.662,2017,0
FTXN.US,D,20191213,000000,15.754,15.754,15.506,15.506,2364,0
FTXN.US,D,20191216,000000,15.789,15.804,15.775,15.804,2625,0
FTXN.US,D,20191217,000000,15.931,15.953,15.849,15.858,2051,0
FTXN.US,D,20191218,000000,15.897,15.996,15.897,15.962,10952,0
FTXN.US,D,20191219,000000,16,16.041,15.947,15.976,2334,0
FTXN.US,D,20191220,000000,16.024,16.101,16.024,16.048,2643,0
FTXN.US,D,20191223,000000,16.116,16.288,16.116,16.263,2402,0
FTXN.US,D,20191224,000000,16.297,16.309,16.213,16.213,1249,0
FTXN.US,D,20191226,000000,16.326,16.348,16.189,16.189,7097,0
FTXN.US,D,20191227,000000,16.179,16.179,16.062,16.062,1700,0
FTXN.US,D,20191230,000000,16.159,16.159,15.996,15.996,6368,0
FTXN.US,D,20191231,000000,16.011,16.141,15.996,16.091,4175,0
FTXN.US,D,20200102,000000,16.189,16.189,16.149,16.189,1690,0
FTXN.US,D,20200103,000000,16.082,16.096,16.082,16.096,1647,0
FTXN.US,D,20200106,000000,16.131,16.185,16.043,16.185,4997,0
FTXN.US,D,20200107,000000,16.063,16.082,16.063,16.082,560,0
FTXN.US,D,20200108,000000,16.073,16.073,15.907,15.942,369,0
FTXN.US,D,20200109,000000,15.996,16.023,15.72,16.023,2919,0
FTXN.US,D,20200110,000000,16.006,16.053,16.006,16.024,829,0
FTXN.US,D,20200113,000000,15.877,15.991,15.877,15.991,334,0
FTXN.US,D,20200114,000000,16.013,16.015,16.006,16.015,6743,0
FTXN.US,D,20200115,000000,15.957,15.967,15.819,15.819,1677,0
FTXN.US,D,20200116,000000,15.957,15.957,15.831,15.831,114,0
FTXN.US,D,20200117,000000,15.721,15.74,15.674,15.713,1233,0
FTXN.US,D,20200121,000000,15.674,15.674,15.312,15.365,2590,0
FTXN.US,D,20200122,000000,15.292,15.292,15.292,15.292,355,0
FTXN.US,D,20200123,000000,15.136,15.208,15.136,15.208,121,0
FTXN.US,D,20200124,000000,15.224,15.224,15.033,15.033,409,0
FTXN.US,D,20200127,000000,14.696,14.696,14.62,14.62,6051,0
FTXN.US,D,20200128,000000,14.799,14.799,14.714,14.714,2012,0
FTXN.US,D,20200129,000000,14.658,14.658,14.533,14.533,85298,0
FTXN.US,D,20200130,000000,14.395,14.444,14.237,14.444,433,0
FTXN.US,D,20200131,000000,14.267,14.3,14.211,14.255,10679,0
FTXN.US,D,20200203,000000,14.196,14.196,14.029,14.029,1733,0
FTXN.US,D,20200204,000000,14.19,14.19,14.08,14.08,2687,0
FTXN.US,D,20200205,000000,14.501,14.588,14.501,14.588,2869,0
FTXN.US,D,20200206,000000,14.53,14.55,14.498,14.498,4525,0
FTXN.US,D,20200207,000000,14.267,14.375,14.267,14.375,4189,0
FTXN.US,D,20200210,000000,14.326,14.326,14.199,14.22,1338,0
FTXN.US,D,20200211,000000,14.365,14.397,14.362,14.38,1824,0
FTXN.US,D,20200212,000000,14.681,14.681,14.53,14.554,1147,0
FTXN.US,D,20200213,000000,14.521,14.521,14.496,14.496,116,0
FTXN.US,D,20200214,000000,14.493,14.54,14.449,14.449,821,0
FTXN.US,D,20200218,000000,14.395,14.395,14.267,14.346,1304,0
FTXN.US,D,20200219,000000,14.435,14.541,14.435,14.515,989,0
FTXN.US,D,20200221,000000,14.336,14.395,14.336,14.395,715,0
FTXN.US,D,20200224,000000,13.789,13.789,13.752,13.755,1762,0
FTXN.US,D,20200225,000000,13.384,13.384,13.121,13.178,698,0
FTXN.US,D,20200226,000000,13.145,13.174,12.716,12.739,7646,0
FTXN.US,D,20200227,000000,12.277,12.47,11.993,11.993,2794,0
FTXN.US,D,20200228,000000,11.564,12.019,11.564,12.019,3473,0
FTXN.US,D,20200303,000000,12.266,12.297,11.965,11.965,11325,0
FTXN.US,D,20200305,000000,11.849,11.849,11.554,11.653,1224,0
FTXN.US,D,20200306,000000,11.302,11.302,10.92,10.929,7041,0
FTXN.US,D,20200309,000000,9.4481,9.554,9.1107,9.188,37791,0
FTXN.US,D,20200310,000000,9.749,9.749,9.1818,9.3725,36390,0
FTXN.US,D,20200311,000000,8.9293,8.9682,8.6363,8.7354,12243,0
FTXN.US,D,20200312,000000,7.9338,8.129,7.7296,7.8118,8802,0
FTXN.US,D,20200313,000000,7.9827,8.6171,7.8213,8.6171,16181,0
FTXN.US,D,20200316,000000,7.7777,8.5097,7.5542,7.6955,431927,0
FTXN.US,D,20200317,000000,7.6412,7.7582,7.4611,7.6021,114227,0
FTXN.US,D,20200318,000000,7.0714,7.0714,6.3252,6.4993,10811,0
FTXN.US,D,20200319,000000,6.7239,7.0849,6.4993,7.0849,20622,0
FTXN.US,D,20200320,000000,7.0752,7.3958,7.0572,7.2345,35031,0
FTXN.US,D,20200323,000000,7.0555,7.0555,6.597,6.6561,13669,0
FTXN.US,D,20200324,000000,7.3581,7.417,6.9872,7.417,27894,0
FTXN.US,D,20200325,000000,7.3581,8.2071,7.1998,7.9398,67547,0
FTXN.US,D,20200326,000000,7.7185,8.3533,7.7185,8.1295,20176,0
FTXN.US,D,20200327,000000,7.797,7.9631,7.7839,7.8115,29624,0
FTXN.US,D,20200330,000000,7.8946,7.9339,7.6992,7.836,16325,0
FTXN.US,D,20200331,000000,8.1589,8.1589,7.9102,7.9218,13941,0
FTXN.US,D,20200401,000000,7.797,7.797,7.4055,7.4055,10148,0
FTXN.US,D,20200402,000000,7.748,8.4132,7.6992,7.8966,19952,0
FTXN.US,D,20200403,000000,8.1394,8.1394,7.6307,7.8263,13536,0
FTXN.US,D,20200406,000000,7.9437,8.3282,7.9437,8.3282,5851,0
FTXN.US,D,20200407,000000,8.6578,8.9708,8.5662,8.5662,16699,0
FTXN.US,D,20200408,000000,8.8729,9.1876,8.7458,9.1876,26734,0
FTXN.US,D,20200409,000000,9.519,9.704,9.049,9.3339,32599,0
FTXN.US,D,20200413,000000,9.539,9.539,9.1567,9.2671,12163,0
FTXN.US,D,20200414,000000,9.2447,9.2643,9.1696,9.2157,27378,0
FTXN.US,D,20200415,000000,9.01,9.01,8.6089,8.7886,83625,0
FTXN.US,D,20200416,000000,8.7458,8.7458,8.5341,8.5341,69449,0
FTXN.US,D,20200417,000000,8.8876,9.3814,8.8876,9.3715,83169,0
FTXN.US,D,20200420,000000,8.9513,9.567,8.9513,9.3622,134778,0
FTXN.US,D,20200421,000000,9.0785,9.3715,8.8927,9.3035,74401,0
FTXN.US,D,20200422,000000,9.519,9.686,9.4089,9.539,29275,0
FTXN.US,D,20200423,000000,9.754,9.91,9.646,9.754,147843,0
FTXN.US,D,20200424,000000,9.911,9.911,9.632,9.823,29975,0
FTXN.US,D,20200427,000000,9.813,10.155,9.539,10.115,19841,0
FTXN.US,D,20200428,000000,10.291,10.36,10.067,10.237,34092,0
FTXN.US,D,20200429,000000,10.63,11.055,10.57,11.023,49504,0
FTXN.US,D,20200430,000000,11.016,11.221,10.692,11.032,56052,0
FTXN.US,D,20200501,000000,10.849,10.849,10.067,10.178,96082,0
FTXN.US,D,20200504,000000,10.037,10.555,10.027,10.555,18041,0
FTXN.US,D,20200505,000000,11.016,11.045,10.546,10.585,14633,0
FTXN.US,D,20200506,000000,10.707,10.707,10.251,10.28,7084,0
FTXN.US,D,20200507,000000,10.527,10.672,10.443,10.498,11798,0
FTXN.US,D,20200508,000000,10.82,11.016,10.722,11.004,45963,0
FTXN.US,D,20200511,000000,10.986,10.996,10.782,10.845,45448,0
FTXN.US,D,20200512,000000,11.025,11.025,10.692,10.692,24833,0
FTXN.US,D,20200513,000000,10.8,10.8,10.027,10.15,29050,0
FTXN.US,D,20200514,000000,9.881,10.213,9.636,10.103,27741,0
FTXN.US,D,20200515,000000,10.223,10.411,10.184,10.227,41148,0
FTXN.US,D,20200518,000000,10.899,11.124,10.79,11.064,33476,0
FTXN.US,D,20200519,000000,11.104,11.104,10.79,10.851,11049,0
FTXN.US,D,20200520,000000,11.045,11.226,11.045,11.142,18584,0
FTXN.US,D,20200521,000000,11.251,11.251,10.996,11.075,17074,0
FTXN.US,D,20200522,000000,10.918,11.032,10.79,11.032,16414,0
FTXN.US,D,20200526,000000,11.32,11.474,11.251,11.32,52324,0
FTXN.US,D,20200527,000000,11.484,11.484,11.114,11.446,10368,0
FTXN.US,D,20200528,000000,11.573,11.573,11.094,11.15,23566,0
FTXN.US,D,20200529,000000,11.016,11.053,10.722,11.053,24029,0
FTXN.US,D,20200601,000000,10.996,11.32,10.966,11.251,42853,0
FTXN.US,D,20200602,000000,11.437,11.583,11.417,11.573,14063,0
FTXN.US,D,20200603,000000,11.74,11.935,11.691,11.902,22924,0
FTXN.US,D,20200604,000000,11.749,12.023,11.749,11.935,24609,0
FTXN.US,D,20200605,000000,12.757,13,12.676,12.973,25790,0
FTXN.US,D,20200608,000000,13.461,13.852,13.217,13.843,33935,0
FTXN.US,D,20200609,000000,13.354,13.354,13.069,13.237,43437,0
FTXN.US,D,20200610,000000,12.963,12.963,12.453,12.698,9020,0
FTXN.US,D,20200611,000000,11.45,11.861,11.31,11.32,29285,0
FTXN.US,D,20200612,000000,11.758,11.817,11.251,11.604,11152,0
FTXN.US,D,20200615,000000,11.075,11.837,11.016,11.721,13353,0
FTXN.US,D,20200616,000000,12.141,12.213,11.691,12.036,6660,0
FTXN.US,D,20200617,000000,11.895,11.905,11.611,11.626,5555,0
FTXN.US,D,20200618,000000,11.553,11.721,11.533,11.627,5012,0
FTXN.US,D,20200619,000000,11.837,11.885,11.417,11.439,5651,0
FTXN.US,D,20200622,000000,11.33,11.407,11.201,11.33,5637,0
FTXN.US,D,20200623,000000,11.553,11.553,11.201,11.211,2951,0
FTXN.US,D,20200624,000000,10.918,11.025,10.609,10.609,15611,0
FTXN.US,D,20200625,000000,10.436,10.763,10.436,10.651,1725,0
FTXN.US,D,20200626,000000,10.358,10.397,10.183,10.183,8218,0
FTXN.US,D,20200629,000000,10.21,10.493,10.21,10.393,15525,0
FTXN.US,D,20200630,000000,10.407,10.663,10.24,10.663,11666,0
FTXN.US,D,20200701,000000,10.792,10.807,10.417,10.421,13164,0
FTXN.US,D,20200702,000000,10.713,10.807,10.644,10.723,20218,0
FTXN.US,D,20200706,000000,10.921,10.999,10.762,10.848,52887,0
FTXN.US,D,20200707,000000,10.693,10.881,10.653,10.653,19536,0
FTXN.US,D,20200708,000000,10.584,10.83,10.507,10.588,55286,0
FTXN.US,D,20200709,000000,10.644,10.644,10.161,10.161,13249,0
FTXN.US,D,20200710,000000,9.992,10.377,9.992,10.368,12876,0
FTXN.US,D,20200713,000000,10.417,10.456,10.166,10.166,4740,0
FTXN.US,D,20200714,000000,10.151,10.545,10.151,10.521,6995,0
FTXN.US,D,20200715,000000,10.802,10.847,10.604,10.847,5057,0
FTXN.US,D,20200716,000000,10.713,10.906,10.663,10.763,11994,0
FTXN.US,D,20200717,000000,10.832,10.921,10.574,10.574,11542,0
FTXN.US,D,20200720,000000,10.683,10.683,10.437,10.437,3930,0
FTXN.US,D,20200721,000000,10.535,11.118,10.535,11.003,15556,0
FTXN.US,D,20200722,000000,10.812,10.832,10.693,10.832,12403,0
FTXN.US,D,20200723,000000,10.817,11.019,10.817,10.989,13470,0
FTXN.US,D,20200724,000000,10.963,10.963,10.963,10.963,752,0
FTXN.US,D,20200727,000000,10.911,10.911,10.607,10.673,58915,0
FTXN.US,D,20200728,000000,10.624,10.841,10.624,10.646,6770,0
FTXN.US,D,20200729,000000,10.644,10.935,10.579,10.935,8646,0
FTXN.US,D,20200730,000000,10.783,10.783,10.497,10.639,2315,0
FTXN.US,D,20200731,000000,10.574,10.644,10.487,10.644,14029,0
FTXN.US,D,20200803,000000,10.759,10.969,10.759,10.899,4908,0
FTXN.US,D,20200804,000000,10.921,11.266,10.911,11.263,39264,0
FTXN.US,D,20200805,000000,11.452,11.472,11.345,11.429,49957,0
FTXN.US,D,20200806,000000,11.355,11.434,11.276,11.276,5567,0
FTXN.US,D,20200807,000000,11.206,11.541,11.206,11.541,1289,0
FTXN.US,D,20200810,000000,11.737,11.936,11.737,11.884,5350,0
FTXN.US,D,20200811,000000,12.064,12.094,11.66,11.66,14553,0
FTXN.US,D,20200812,000000,11.74,11.866,11.74,11.808,4965,0
FTXN.US,D,20200813,000000,11.571,11.571,11.501,11.55,1944,0
FTXN.US,D,20200814,000000,11.472,11.914,11.472,11.893,12011,0
FTXN.US,D,20200817,000000,11.946,11.946,11.735,11.813,3107,0
FTXN.US,D,20200818,000000,11.74,11.81,11.598,11.598,3767,0
FTXN.US,D,20200819,000000,11.561,11.63,11.541,11.543,1459,0
FTXN.US,D,20200820,000000,11.206,11.251,11.177,11.177,7307,0
FTXN.US,D,20200821,000000,11.216,11.216,10.989,11.039,9280,0
FTXN.US,D,20200824,000000,11.256,11.404,11.256,11.388,3391,0
FTXN.US,D,20200825,000000,11.444,11.444,11.316,11.359,3395,0
FTXN.US,D,20200826,000000,11.223,11.223,10.958,10.989,5202,0
FTXN.US,D,20200827,000000,11.039,11.128,11.039,11.108,15714,0
FTXN.US,D,20200828,000000,11.142,11.236,11.142,11.216,9579,0
FTXN.US,D,20200831,000000,11.236,11.256,10.91,10.945,7540,0
FTXN.US,D,20200901,000000,10.871,10.921,10.832,10.854,2758,0
FTXN.US,D,20200902,000000,10.713,10.733,10.594,10.644,4636,0
FTXN.US,D,20200903,000000,10.507,10.763,10.477,10.507,11275,0
FTXN.US,D,20200904,000000,10.4,10.545,10.4,10.537,2556,0
FTXN.US,D,20200908,000000,10.072,10.219,10.042,10.067,13486,0
FTXN.US,D,20200909,000000,10.101,10.22,10.101,10.218,6128,0
FTXN.US,D,20200910,000000,10.141,10.141,9.81,9.81,3724,0
FTXN.US,D,20200911,000000,9.796,9.865,9.767,9.786,5436,0
FTXN.US,D,20200914,000000,9.923,10.098,9.923,10.031,7143,0
FTXN.US,D,20200915,000000,10.052,10.072,9.945,9.945,3177,0
FTXN.US,D,20200916,000000,10.141,10.447,10.141,10.447,1421,0
FTXN.US,D,20200917,000000,10.288,10.315,10.22,10.315,2242,0
FTXN.US,D,20200918,000000,10.427,10.497,10.268,10.328,17375,0
FTXN.US,D,20200921,000000,10.002,10.081,9.943,10.062,2102,0
FTXN.US,D,20200922,000000,10.082,10.22,10.007,10.032,5558,0
FTXN.US,D,20200923,000000,10.022,10.062,9.618,9.618,7945,0
FTXN.US,D,20200924,000000,9.539,9.787,9.4789,9.579,10425,0
FTXN.US,D,20200925,000000,9.529,9.549,9.4562,9.519,4537,0
FTXN.US,D,20200928,000000,9.678,9.791,9.579,9.782,8748,0
FTXN.US,D,20200929,000000,9.47,9.4839,9.3001,9.4193,12899,0
FTXN.US,D,20200930,000000,9.4491,9.4591,9.2057,9.2604,7325,0
FTXN.US,D,20201001,000000,9.2181,9.2181,8.9822,8.9914,1218,0
FTXN.US,D,20201002,000000,8.8232,9.162,8.8232,9.1173,29715,0
FTXN.US,D,20201005,000000,9.2107,9.4392,9.2107,9.4392,4052,0
FTXN.US,D,20201006,000000,9.669,9.676,9.3282,9.3282,3511,0
FTXN.US,D,20201007,000000,9.4889,9.616,9.4859,9.612,9348,0
FTXN.US,D,20201008,000000,9.618,9.965,9.618,9.965,115595,0
FTXN.US,D,20201009,000000,10.105,10.105,9.827,9.897,6486,0
FTXN.US,D,20201012,000000,9.847,9.995,9.837,9.985,4427,0
FTXN.US,D,20201013,000000,9.965,9.975,9.837,9.859,11677,0
FTXN.US,D,20201014,000000,9.975,10.057,9.869,9.869,8632,0
FTXN.US,D,20201015,000000,9.945,10.04,9.925,10.04,7707,0
FTXN.US,D,20201016,000000,9.925,10.035,9.799,9.799,53200,0
FTXN.US,D,20201019,000000,9.814,9.907,9.669,9.675,2525,0
FTXN.US,D,20201020,000000,9.852,9.907,9.777,9.84,111999,0
FTXN.US,D,20201021,000000,9.817,9.897,9.7,9.7,7296,0
FTXN.US,D,20201022,000000,9.752,10.135,9.752,10.135,29732,0
FTXN.US,D,20201023,000000,10.175,10.184,10.035,10.055,9539,0
FTXN.US,D,20201026,000000,9.766,9.768,9.638,9.707,6692,0
FTXN.US,D,20201027,000000,9.539,9.648,9.539,9.638,23939,0
FTXN.US,D,20201028,000000,9.3894,9.4292,9.1809,9.1906,72507,0
FTXN.US,D,20201029,000000,9.0914,9.2814,8.9226,9.2814,3380,0
FTXN.US,D,20201030,000000,9.1014,9.1212,8.9751,9.0961,11584,0
FTXN.US,D,20201102,000000,9.0418,9.2891,9.0418,9.2436,5039,0
FTXN.US,D,20201103,000000,9.4392,9.4392,9.1113,9.1113,4650,0
FTXN.US,D,20201104,000000,9.161,9.2207,9.0518,9.0518,6612,0
FTXN.US,D,20201105,000000,9.2306,9.2559,9.0941,9.0941,6368,0
FTXN.US,D,20201106,000000,9.0617,9.2008,8.8331,8.9027,145973,0
FTXN.US,D,20201109,000000,9.549,9.935,9.549,9.807,6103,0
FTXN.US,D,20201110,000000,10.075,10.105,9.748,10.065,26553,0
FTXN.US,D,20201111,000000,10.214,10.326,10.131,10.184,15409,0
FTXN.US,D,20201112,000000,10.125,10.151,9.827,9.827,5118,0
FTXN.US,D,20201113,000000,9.965,10.263,9.965,10.263,2032,0
FTXN.US,D,20201116,000000,10.651,10.651,10.473,10.597,1048,0
FTXN.US,D,20201117,000000,10.403,10.761,10.403,10.731,10887,0
FTXN.US,D,20201118,000000,10.944,10.96,10.606,10.606,2287,0
FTXN.US,D,20201119,000000,10.601,10.827,10.483,10.827,10729,0
FTXN.US,D,20201120,000000,10.771,10.86,10.631,10.721,24255,0
FTXN.US,D,20201123,000000,10.93,11.475,10.93,11.475,23977,0
FTXN.US,D,20201124,000000,11.793,12.043,11.793,12.028,19225,0
FTXN.US,D,20201125,000000,12.053,12.053,11.778,11.862,12722,0
FTXN.US,D,20201127,000000,11.823,11.823,11.71,11.71,2406,0
FTXN.US,D,20201130,000000,11.695,11.695,11.198,11.198,7856,0
FTXN.US,D,20201201,000000,11.427,11.433,11.057,11.082,9159,0
FTXN.US,D,20201202,000000,10.9,11.585,10.9,11.313,42137,0
FTXN.US,D,20201203,000000,11.328,11.485,11.228,11.318,5819,0
FTXN.US,D,20201204,000000,11.699,12.021,11.699,11.998,5874,0
FTXN.US,D,20201207,000000,11.69,11.893,11.69,11.695,4770,0
FTXN.US,D,20201208,000000,11.645,11.921,11.645,11.858,13543,0
FTXN.US,D,20201209,000000,12.033,12.191,11.843,11.943,13524,0
FTXN.US,D,20201210,000000,12.346,12.583,12.321,12.569,23282,0
FTXN.US,D,20201211,000000,12.345,12.4,12.181,12.296,23479,0
FTXN.US,D,20201214,000000,12.599,12.599,11.933,11.933,16930,0
FTXN.US,D,20201215,000000,12.082,12.201,11.999,12.201,4409,0
FTXN.US,D,20201216,000000,12.311,12.311,11.983,11.983,13148,0
FTXN.US,D,20201217,000000,12.007,12.053,11.913,11.963,11611,0
FTXN.US,D,20201218,000000,11.953,11.953,11.853,11.853,1257,0
FTXN.US,D,20201221,000000,11.485,11.73,11.485,11.67,6521,0
FTXN.US,D,20201222,000000,11.705,11.755,11.535,11.555,9033,0
FTXN.US,D,20201223,000000,11.585,12.102,11.585,11.96,9563,0
FTXN.US,D,20201224,000000,11.823,11.823,11.763,11.783,13824,0
FTXN.US,D,20201228,000000,11.714,11.724,11.484,11.484,11434,0
FTXN.US,D,20201229,000000,11.376,11.406,11.307,11.342,5479,0
FTXN.US,D,20201230,000000,11.306,11.694,11.306,11.674,5780,0
FTXN.US,D,20201231,000000,11.654,11.654,11.53,11.576,21125,0
FTXN.US,D,20210104,000000,11.664,11.883,11.584,11.659,6841,0
FTXN.US,D,20210105,000000,11.744,12.545,11.744,12.252,20537,0
FTXN.US,D,20210106,000000,12.381,12.651,12.371,12.651,43773,0
FTXN.US,D,20210107,000000,12.78,13.034,12.75,12.95,27299,0
FTXN.US,D,20210108,000000,12.8,12.8,12.647,12.666,4913,0
FTXN.US,D,20210111,000000,12.312,13.048,12.312,13.032,17720,0
FTXN.US,D,20210112,000000,13.342,13.746,13.342,13.711,21862,0
FTXN.US,D,20210113,000000,13.806,13.806,13.522,13.646,9571,0
FTXN.US,D,20210114,000000,13.826,14.145,13.826,14.145,31070,0
FTXN.US,D,20210115,000000,14.045,14.045,13.862,13.885,38162,0
FTXN.US,D,20210119,000000,13.885,13.955,13.688,13.726,94596,0
FTXN.US,D,20210120,000000,13.766,13.766,13.337,13.468,25075,0
FTXN.US,D,20210121,000000,13.357,13.548,12.96,13.108,55805,0
FTXN.US,D,20210122,000000,12.89,13.163,12.79,13.163,6413,0
FTXN.US,D,20210125,000000,13.168,13.307,12.93,13.163,59225,0
FTXN.US,D,20210126,000000,13.218,13.37,12.799,12.799,7934,0
FTXN.US,D,20210127,000000,12.561,13.188,12.561,12.952,19405,0
FTXN.US,D,20210128,000000,13.008,13.059,12.88,12.998,1995,0
FTXN.US,D,20210129,000000,12.95,13.228,12.73,12.778,17707,0
FTXN.US,D,20210201,000000,13.078,13.108,12.8,12.983,10511,0
FTXN.US,D,20210202,000000,13.108,13.133,12.969,12.969,3037,0
FTXN.US,D,20210203,000000,13.068,13.507,13.068,13.447,5387,0
FTXN.US,D,20210204,000000,13.606,13.606,13.297,13.427,12420,0
FTXN.US,D,20210205,000000,13.601,13.646,13.462,13.462,4357,0
FTXN.US,D,20210208,000000,13.686,14.053,13.686,13.984,14599,0
FTXN.US,D,20210209,000000,13.985,13.985,13.756,13.861,2989,0
FTXN.US,D,20210210,000000,13.945,14.145,13.756,14.113,4164,0
FTXN.US,D,20210211,000000,14.194,14.194,13.696,13.841,34956,0
FTXN.US,D,20210212,000000,13.836,14.284,13.836,14.284,12080,0
FTXN.US,D,20210216,000000,14.782,14.821,14.489,14.684,24146,0
FTXN.US,D,20210217,000000,14.871,15.029,14.572,14.966,67228,0
FTXN.US,D,20210218,000000,14.901,14.901,14.294,14.294,132113,0
FTXN.US,D,20210219,000000,14.424,14.571,14.344,14.508,7665,0
FTXN.US,D,20210222,000000,14.662,15.13,14.662,14.764,55586,0
FTXN.US,D,20210223,000000,14.274,15.021,14.274,14.951,18387,0
FTXN.US,D,20210224,000000,15.19,15.718,15.051,15.579,22976,0
FTXN.US,D,20210225,000000,16.056,16.066,15.21,15.31,34165,0
FTXN.US,D,20210226,000000,15.12,15.15,14.532,14.911,39564,0
FTXN.US,D,20210301,000000,15.061,15.24,15.061,15.22,13210,0
FTXN.US,D,20210302,000000,15.36,15.484,15.22,15.22,19327,0
FTXN.US,D,20210303,000000,15.458,15.709,15.366,15.417,381680,0
FTXN.US,D,20210304,000000,15.489,16.146,15.439,15.898,196692,0
FTXN.US,D,20210305,000000,16.385,16.385,15.738,16.238,29838,0
FTXN.US,D,20210308,000000,16.296,16.321,15.968,16.136,257460,0
FTXN.US,D,20210309,000000,16.136,16.166,15.718,15.821,44499,0
FTXN.US,D,20210310,000000,15.808,16.525,15.752,16.491,201449,0
FTXN.US,D,20210311,000000,16.674,16.784,16.515,16.694,11059,0
FTXN.US,D,20210312,000000,16.754,16.754,16.48,16.59,15841,0
FTXN.US,D,20210315,000000,16.405,16.55,16.276,16.454,51117,0
FTXN.US,D,20210316,000000,16.355,16.355,15.98,16.101,287267,0
FTXN.US,D,20210317,000000,16.138,16.216,15.966,16.165,6315,0
FTXN.US,D,20210318,000000,16.076,16.076,15.21,15.265,15809,0
FTXN.US,D,20210319,000000,15.41,15.808,15.26,15.641,16942,0
FTXN.US,D,20210322,000000,15.609,15.609,15.336,15.447,17951,0
FTXN.US,D,20210323,000000,15.061,15.31,14.811,14.925,13894,0
FTXN.US,D,20210324,000000,15.18,15.489,15.18,15.265,12034,0
FTXN.US,D,20210325,000000,15.011,15.403,14.692,15.403,11425,0
FTXN.US,D,20210326,000000,15.858,16.047,15.71,16.047,10228,0
FTXN.US,D,20210329,000000,15.948,15.948,15.509,15.688,1628,0
FTXN.US,D,20210330,000000,15.469,15.539,15.429,15.459,3525,0
FTXN.US,D,20210331,000000,15.549,15.564,15.375,15.499,21507,0
FTXN.US,D,20210401,000000,15.709,16.127,15.679,16.097,12396,0
FTXN.US,D,20210405,000000,16.077,16.077,15.449,15.559,10729,0
FTXN.US,D,20210406,000000,15.579,15.957,15.579,15.586,19757,0
FTXN.US,D,20210407,000000,15.669,16.356,15.579,16.356,12691,0
FTXN.US,D,20210408,000000,15.629,15.629,15.2,15.395,14998,0
FTXN.US,D,20210409,000000,15.459,15.459,15.182,15.195,14189,0
FTXN.US,D,20210412,000000,15.29,15.439,14.871,14.871,8307,0
FTXN.US,D,20210413,000000,14.841,15.031,14.772,14.956,9488,0
FTXN.US,D,20210414,000000,15.15,15.858,15.15,15.544,29783,0
FTXN.US,D,20210415,000000,15.509,15.509,15.28,15.365,13094,0
FTXN.US,D,20210416,000000,15.419,15.419,15.103,15.103,6426,0
FTXN.US,D,20210419,000000,15.051,15.356,15.016,15.135,9196,0
FTXN.US,D,20210420,000000,15.16,15.16,14.612,14.697,3844,0
FTXN.US,D,20210421,000000,14.473,14.921,14.473,14.861,17010,0
FTXN.US,D,20210422,000000,14.873,14.913,14.705,14.717,7489,0
FTXN.US,D,20210423,000000,14.752,14.921,14.737,14.876,8193,0
FTXN.US,D,20210426,000000,14.821,15.249,14.821,15.18,11330,0
FTXN.US,D,20210427,000000,15.15,15.419,15.15,15.39,17749,0
FTXN.US,D,20210428,000000,15.539,16.027,15.539,15.916,19780,0
FTXN.US,D,20210429,000000,16.187,16.187,15.868,15.959,73153,0
FTXN.US,D,20210430,000000,15.773,15.773,15.459,15.494,18238,0
FTXN.US,D,20210503,000000,15.699,15.928,15.699,15.918,13120,0
FTXN.US,D,20210504,000000,15.978,15.978,15.718,15.898,11561,0
FTXN.US,D,20210505,000000,16.147,16.466,16.147,16.376,9028,0
FTXN.US,D,20210506,000000,16.536,16.536,15.978,16.336,51184,0
FTXN.US,D,20210507,000000,16.336,16.82,16.326,16.82,14756,0
FTXN.US,D,20210510,000000,17.164,17.224,16.7,16.7,27955,0
FTXN.US,D,20210511,000000,16.416,16.625,16.224,16.526,85178,0
FTXN.US,D,20210512,000000,16.715,17.074,16.446,16.461,22227,0
FTXN.US,D,20210513,000000,16.491,16.655,15.909,16.157,17273,0
FTXN.US,D,20210514,000000,16.326,16.887,16.326,16.865,117069,0
FTXN.US,D,20210517,000000,17.069,17.353,16.865,17.333,33098,0
FTXN.US,D,20210518,000000,17.453,17.463,17.074,17.094,41903,0
FTXN.US,D,20210519,000000,16.725,16.725,16.386,16.675,10276,0
FTXN.US,D,20210520,000000,16.546,16.744,16.356,16.683,13754,0
FTXN.US,D,20210521,000000,17.194,17.194,16.695,16.71,13539,0
FTXN.US,D,20210524,000000,16.895,16.895,16.441,16.84,561397,0
FTXN.US,D,20210525,000000,16.875,16.875,16.416,16.461,19350,0
FTXN.US,D,20210526,000000,16.446,16.765,16.446,16.735,10668,0
FTXN.US,D,20210527,000000,17.024,17.024,16.855,16.895,12665,0
FTXN.US,D,20210528,000000,17.094,17.094,16.855,16.954,8850,0
FTXN.US,D,20210601,000000,17.333,17.941,17.333,17.891,19424,0
FTXN.US,D,20210602,000000,18.101,18.528,17.881,18.36,31228,0
FTXN.US,D,20210603,000000,18.36,18.496,18.121,18.4,12207,0
FTXN.US,D,20210604,000000,18.597,18.597,18.171,18.444,14670,0
FTXN.US,D,20210607,000000,18.504,18.504,18.401,18.455,7727,0
FTXN.US,D,20210608,000000,18.151,18.629,18.151,18.536,28533,0
FTXN.US,D,20210609,000000,18.569,18.669,18.4,18.45,6437,0
FTXN.US,D,20210610,000000,18.669,18.693,18.081,18.35,13613,0
FTXN.US,D,20210611,000000,18.44,18.599,18.405,18.425,36920,0
FTXN.US,D,20210614,000000,18.41,18.719,18.151,18.22,32637,0
FTXN.US,D,20210615,000000,18.35,18.709,18.325,18.623,29757,0
FTXN.US,D,20210616,000000,18.609,18.708,18.33,18.559,224121,0
FTXN.US,D,20210617,000000,18.44,18.44,17.473,17.692,25439,0
FTXN.US,D,20210618,000000,17.433,17.592,17.283,17.374,10997,0
FTXN.US,D,20210621,000000,17.473,18.12,17.473,18.031,19508,0
FTXN.US,D,20210622,000000,18.061,18.156,17.856,18.101,132137,0
FTXN.US,D,20210623,000000,18.38,18.629,18.31,18.31,40551,0
FTXN.US,D,20210624,000000,18.41,18.655,18.3364,18.655,16440,0
FTXN.US,D,20210625,000000,18.65,18.83,18.63,18.77,227112,0
FTXN.US,D,20210628,000000,18.83,18.83,17.97,18.06,14572,0
FTXN.US,D,20210629,000000,18.26,18.3499,17.96,18.01,15313,0
FTXN.US,D,20210630,000000,18.2,18.36,18.16,18.27,11695,0
FTXN.US,D,20210701,000000,18.72,18.85,18.5001,18.74,27230,0
FTXN.US,D,20210702,000000,18.67,18.67,18.45,18.54,11842,0
FTXN.US,D,20210706,000000,18.225,18.3,17.88,18,87071,0
FTXN.US,D,20210707,000000,18.11,18.14,17.532,17.68,54726,0
FTXN.US,D,20210708,000000,17.28,17.9599,17.28,17.77,70549,0
FTXN.US,D,20210709,000000,18.02,18.17,17.9,18.12,6766,0
FTXN.US,D,20210712,000000,18.04,18.16,18,18.05,6951,0
FTXN.US,D,20210713,000000,17.98,18.05,17.79,17.8142,16454,0
FTXN.US,D,20210714,000000,17.94,18.06,17.16,17.23,28836,0
FTXN.US,D,20210715,000000,16.96,17.2708,16.8,16.85,17960,0
FTXN.US,D,20210716,000000,17.03,17.03,16.33,16.38,6848,0
FTXN.US,D,20210719,000000,15.88,15.88,15.53,15.72,60902,0
FTXN.US,D,20210720,000000,15.711,16.2,15.711,16.09,12306,0
FTXN.US,D,20210721,000000,16.48,16.85,16.48,16.67,30099,0
FTXN.US,D,20210722,000000,16.7,16.7,16.35,16.48,6769,0
FTXN.US,D,20210723,000000,16.64,16.64,16.14,16.34,25831,0
FTXN.US,D,20210726,000000,16.35,16.82,16.35,16.8,10006,0
FTXN.US,D,20210727,000000,16.68,16.68,16.25,16.41,19585,0
FTXN.US,D,20210728,000000,16.5,16.72,16.3,16.595,19745,0
FTXN.US,D,20210729,000000,16.75,16.78,16.491,16.65,13139,0
FTXN.US,D,20210730,000000,16.53,16.55,16.34,16.41,6200,0
FTXN.US,D,20210802,000000,16.45,16.77,16.12,16.21,18408,0
FTXN.US,D,20210803,000000,16.16,16.51,15.93,16.45,11237,0
FTXN.US,D,20210804,000000,16.08,16.38,15.97,15.97,19141,0
FTXN.US,D,20210805,000000,16.17,16.45,16.14,16.16,22541,0
FTXN.US,D,20210806,000000,16.4684,16.49,16.3125,16.32,26838,0
FTXN.US,D,20210809,000000,16.15,16.22,15.955,16.05,165927,0
FTXN.US,D,20210810,000000,16.225,16.53,16.18,16.5,9139,0
FTXN.US,D,20210811,000000,16.26,16.57,16.26,16.56,17417,0
FTXN.US,D,20210812,000000,16.63,16.63,16.325,16.6,20168,0
FTXN.US,D,20210813,000000,16.49,16.5,16.14,16.14,12632,0
FTXN.US,D,20210816,000000,15.99,15.99,15.7,15.76,40988,0
FTXN.US,D,20210817,000000,15.69,15.8558,15.69,15.7,3638,0
FTXN.US,D,20210818,000000,15.71,15.735,15.25,15.26,813885,0
FTXN.US,D,20210819,000000,15.04,15.08,14.7811,14.94,18226,0
FTXN.US,D,20210820,000000,14.86,14.975,14.77,14.97,22474,0
FTXN.US,D,20210823,000000,15.55,15.6039,15.48,15.59,7949,0
FTXN.US,D,20210824,000000,15.78,15.88,15.71,15.86,9084,0
FTXN.US,D,20210825,000000,15.85,16.212,15.84,16.1,210135,0
FTXN.US,D,20210826,000000,15.93,16.09,15.83,15.87,75104,0
FTXN.US,D,20210827,000000,16.02,16.6164,16.02,16.49,77452,0
FTXN.US,D,20210830,000000,16.52,16.53,16.36,16.37,353244,0
FTXN.US,D,20210831,000000,16.4,16.43,16.18,16.29,17024,0
FTXN.US,D,20210901,000000,16.225,16.31,16.19,16.29,6294,0
