<TICKER>,<PER>,<DATE>,<TIME>,<OPEN>,<HIGH>,<LOW>,<CLOSE>,<VOL>,<OPENINT>
FTXO.US,D,20161011,000000,18.268,18.268,18.181,18.181,3705,0
FTXO.US,D,20161013,000000,17.814,17.814,17.814,17.814,2805,0
FTXO.US,D,20161014,000000,17.912,17.912,17.912,17.912,2805,0
FTXO.US,D,20161017,000000,17.781,17.789,17.781,17.789,5610,0
FTXO.US,D,20161018,000000,17.939,17.948,17.939,17.948,5610,0
FTXO.US,D,20161019,000000,18.406,18.406,18.397,18.397,508,0
FTXO.US,D,20161020,000000,18.518,18.518,18.484,18.484,269,0
FTXO.US,D,20161025,000000,18.571,18.626,18.557,18.626,1013,0
FTXO.US,D,20161026,000000,18.645,18.778,18.645,18.778,448,0
FTXO.US,D,20161027,000000,19.606,19.606,18.75,18.943,1796,0
FTXO.US,D,20161028,000000,18.831,18.831,18.699,18.699,652,0
FTXO.US,D,20161102,000000,18.51,18.51,18.439,18.439,560,0
FTXO.US,D,20161103,000000,18.582,18.582,18.582,18.582,560,0
FTXO.US,D,20161108,000000,18.936,18.94,18.936,18.94,1739,0
FTXO.US,D,20161109,000000,19.956,19.956,19.928,19.928,1178,0
FTXO.US,D,20161110,000000,20.672,20.72,20.303,20.705,12196,0
FTXO.US,D,20161111,000000,21.577,21.577,20.574,20.961,3121,0
FTXO.US,D,20161114,000000,21.619,22.289,21.302,21.486,43463,0
FTXO.US,D,20161115,000000,23.322,23.322,21.096,21.543,21175,0
FTXO.US,D,20161116,000000,21.32,21.32,21.129,21.183,26306,0
FTXO.US,D,20161117,000000,21.379,21.55,21.363,21.49,174155,0
FTXO.US,D,20161118,000000,21.543,21.768,21.363,21.754,39558,0
FTXO.US,D,20161121,000000,22.149,22.149,21.498,21.684,40798,0
FTXO.US,D,20161122,000000,21.834,22.226,21.61,21.751,72844,0
FTXO.US,D,20161123,000000,21.817,21.924,21.817,21.896,8505,0
FTXO.US,D,20161125,000000,22.067,22.067,21.861,21.943,11419,0
FTXO.US,D,20161128,000000,21.692,21.692,21.557,21.557,1682,0
FTXO.US,D,20161129,000000,21.646,21.746,21.602,21.606,6239,0
FTXO.US,D,20161130,000000,21.951,22.268,21.951,22.058,4758,0
FTXO.US,D,20161201,000000,22.742,22.742,22.205,22.407,24781,0
FTXO.US,D,20161202,000000,22.129,22.318,22.129,22.217,3296,0
FTXO.US,D,20161205,000000,22.473,22.507,22.396,22.396,3960,0
FTXO.US,D,20161206,000000,23.08,23.08,22.484,22.802,7600,0
FTXO.US,D,20161207,000000,23.241,23.241,22.71,23.048,6500,0
FTXO.US,D,20161208,000000,23.137,23.474,23.123,23.403,9248,0
FTXO.US,D,20161209,000000,23.222,23.385,23.181,23.359,13346,0
FTXO.US,D,20161212,000000,23.293,23.368,22.975,23.029,6750,0
FTXO.US,D,20161213,000000,23.77,23.77,22.856,23.08,12540,0
FTXO.US,D,20161214,000000,23.599,23.599,22.841,23.088,4947,0
FTXO.US,D,20161215,000000,23.317,23.413,23.263,23.331,14752,0
FTXO.US,D,20161216,000000,23.279,23.422,23.048,23.048,7359,0
FTXO.US,D,20161219,000000,23.001,23.173,22.946,23.116,7912,0
FTXO.US,D,20161220,000000,23.421,23.562,23.421,23.548,7246,0
FTXO.US,D,20161221,000000,23.46,23.538,23.424,23.49,7233,0
FTXO.US,D,20161222,000000,23.755,23.755,23.419,23.493,5901,0
FTXO.US,D,20161223,000000,23.46,23.565,23.46,23.556,14475,0
FTXO.US,D,20161227,000000,23.612,23.666,23.593,23.657,37522,0
FTXO.US,D,20161228,000000,23.602,23.602,23.381,23.388,20476,0
FTXO.US,D,20161229,000000,23.907,23.907,23.098,23.1,6140,0
FTXO.US,D,20161230,000000,23.156,23.298,23.156,23.209,10646,0
FTXO.US,D,20170103,000000,23.657,23.709,23.243,23.289,37023,0
FTXO.US,D,20170104,000000,23.565,23.7,23.486,23.666,11404,0
FTXO.US,D,20170105,000000,23.755,23.977,23.129,23.28,19051,0
FTXO.US,D,20170106,000000,24.03,24.03,23.362,23.45,13412,0
FTXO.US,D,20170109,000000,23.397,23.397,23.165,23.298,9437,0
FTXO.US,D,20170110,000000,23.397,23.52,23.29,23.477,23020,0
FTXO.US,D,20170111,000000,23.824,23.824,23.272,23.546,51307,0
FTXO.US,D,20170112,000000,23.511,23.511,23.074,23.324,17294,0
FTXO.US,D,20170113,000000,23.298,23.887,23.298,23.565,20651,0
FTXO.US,D,20170117,000000,23.074,23.074,22.594,22.609,22041,0
FTXO.US,D,20170118,000000,22.816,22.916,22.638,22.916,15917,0
FTXO.US,D,20170119,000000,23.138,23.147,22.702,22.763,12211,0
FTXO.US,D,20170120,000000,23.209,23.209,22.868,22.976,22145,0
FTXO.US,D,20170123,000000,22.976,22.994,22.762,22.952,17398,0
FTXO.US,D,20170124,000000,23.174,23.334,22.952,23.29,98211,0
FTXO.US,D,20170125,000000,23.627,23.781,23.486,23.763,23201,0
FTXO.US,D,20170126,000000,23.781,23.941,23.731,23.861,19721,0
FTXO.US,D,20170127,000000,23.749,23.831,23.721,23.726,25154,0
FTXO.US,D,20170130,000000,23.511,23.511,23.272,23.486,5509,0
FTXO.US,D,20170131,000000,23.597,23.597,23.28,23.344,16692,0
FTXO.US,D,20170201,000000,23.843,23.843,23.371,23.406,16094,0
FTXO.US,D,20170202,000000,23.109,23.272,23.082,23.174,12095,0
FTXO.US,D,20170203,000000,23.433,23.781,23.393,23.773,23731,0
FTXO.US,D,20170206,000000,23.637,23.824,23.637,23.637,48860,0
FTXO.US,D,20170207,000000,23.995,23.995,23.486,23.546,18535,0
FTXO.US,D,20170208,000000,23.745,23.745,23.129,23.28,38722,0
FTXO.US,D,20170209,000000,23.45,23.755,23.359,23.691,27186,0
FTXO.US,D,20170210,000000,23.95,24.017,23.647,23.745,26891,0
FTXO.US,D,20170213,000000,24.136,24.196,24.02,24.02,27518,0
FTXO.US,D,20170214,000000,24.03,24.504,24.03,24.467,21646,0
FTXO.US,D,20170215,000000,24.756,24.756,24.443,24.653,34515,0
FTXO.US,D,20170216,000000,24.789,24.789,24.41,24.603,98353,0
FTXO.US,D,20170217,000000,24.299,24.486,24.274,24.449,13398,0
FTXO.US,D,20170221,000000,24.547,24.663,24.481,24.61,27715,0
FTXO.US,D,20170222,000000,24.54,24.653,24.496,24.575,24882,0
FTXO.US,D,20170223,000000,24.584,24.593,24.326,24.557,13030,0
FTXO.US,D,20170224,000000,24.357,24.371,24.217,24.281,12996,0
FTXO.US,D,20170227,000000,24.431,24.593,24.421,24.557,34184,0
FTXO.US,D,20170228,000000,24.458,24.486,24.317,24.449,9048,0
FTXO.US,D,20170301,000000,24.86,25.431,24.86,25.325,24190,0
FTXO.US,D,20170302,000000,25.308,25.308,24.672,24.672,79780,0
FTXO.US,D,20170303,000000,24.825,24.887,24.7,24.84,13989,0
FTXO.US,D,20170306,000000,24.636,24.742,24.454,24.684,19295,0
FTXO.US,D,20170307,000000,24.843,24.843,24.524,24.57,27950,0
FTXO.US,D,20170308,000000,24.96,24.96,24.514,24.514,167754,0
FTXO.US,D,20170309,000000,24.557,24.771,24.526,24.54,60247,0
FTXO.US,D,20170310,000000,24.746,24.746,24.199,24.421,375688,0
FTXO.US,D,20170313,000000,24.371,24.557,24.352,24.397,63257,0
FTXO.US,D,20170314,000000,24.335,24.387,24.037,24.362,261988,0
FTXO.US,D,20170315,000000,24.486,24.603,24.102,24.162,515437,0
FTXO.US,D,20170316,000000,24.326,24.458,24.227,24.289,25368,0
FTXO.US,D,20170317,000000,24.54,24.54,23.995,24.129,31855,0
FTXO.US,D,20170320,000000,24.154,24.154,23.814,23.814,160301,0
FTXO.US,D,20170321,000000,23.913,23.913,22.702,22.718,420636,0
FTXO.US,D,20170322,000000,22.494,22.925,22.093,22.735,6893329,0
FTXO.US,D,20170323,000000,22.76,23.164,22.608,22.808,3277130,0
FTXO.US,D,20170324,000000,22.959,23.019,22.632,22.856,9969360,0
FTXO.US,D,20170327,000000,22.423,22.732,22.091,22.708,1210206,0
FTXO.US,D,20170328,000000,22.715,23.207,22.702,23.098,464206,0
FTXO.US,D,20170329,000000,23.164,23.164,22.866,22.95,781074,0
FTXO.US,D,20170330,000000,23.342,23.528,22.982,23.467,885122,0
FTXO.US,D,20170331,000000,23.635,23.635,23.164,23.189,876269,0
FTXO.US,D,20170403,000000,23.251,23.251,22.788,23.09,436161,0
FTXO.US,D,20170404,000000,23.057,23.145,22.933,23.057,491727,0
FTXO.US,D,20170405,000000,23.216,23.403,22.76,22.76,193447,0
FTXO.US,D,20170406,000000,23.01,23.073,22.6,22.982,172118,0
FTXO.US,D,20170407,000000,22.691,23.01,22.691,22.866,160823,0
FTXO.US,D,20170410,000000,22.823,23.029,22.616,22.741,479293,0
FTXO.US,D,20170411,000000,22.608,22.741,22.387,22.741,250086,0
FTXO.US,D,20170412,000000,22.849,22.849,22.387,22.441,191959,0
FTXO.US,D,20170413,000000,22.556,22.608,22.064,22.064,207374,0
FTXO.US,D,20170417,000000,22.378,22.496,21.993,22.491,226962,0
FTXO.US,D,20170418,000000,22.191,22.434,22.001,22.223,385007,0
FTXO.US,D,20170419,000000,22.223,22.522,22.172,22.258,202692,0
FTXO.US,D,20170420,000000,22.316,22.725,22.316,22.672,145142,0
FTXO.US,D,20170421,000000,22.636,22.77,22.433,22.537,199537,0
FTXO.US,D,20170424,000000,23.039,23.309,23.019,23.107,138452,0
FTXO.US,D,20170425,000000,23.395,23.395,23.18,23.198,553372,0
FTXO.US,D,20170426,000000,23.27,23.512,23.08,23.332,341218,0
FTXO.US,D,20170427,000000,23.296,23.336,22.94,23.137,252581,0
FTXO.US,D,20170428,000000,23.288,23.288,22.841,22.866,137027,0
FTXO.US,D,20170501,000000,22.76,23.216,22.76,23.107,315469,0
FTXO.US,D,20170502,000000,23.08,23.09,22.823,22.967,138381,0
FTXO.US,D,20170503,000000,22.94,23.241,22.789,23.241,91287,0
FTXO.US,D,20170504,000000,23.537,23.537,23.215,23.27,206104,0
FTXO.US,D,20170505,000000,23.619,23.619,23.102,23.251,178499,0
FTXO.US,D,20170508,000000,23.18,23.36,23.18,23.332,104023,0
FTXO.US,D,20170509,000000,23.304,23.483,23.057,23.173,72681,0
FTXO.US,D,20170510,000000,23.251,23.251,23.064,23.251,274931,0
FTXO.US,D,20170511,000000,23.073,23.147,22.798,23.039,95659,0
FTXO.US,D,20170512,000000,22.959,22.959,22.626,22.894,109835,0
FTXO.US,D,20170515,000000,22.815,23.127,22.815,23.117,98903,0
FTXO.US,D,20170516,000000,23.173,23.247,23.039,23.233,214074,0
FTXO.US,D,20170517,000000,22.626,22.718,22.081,22.249,162674,0
FTXO.US,D,20170518,000000,22.045,22.482,22.045,22.378,109724,0
FTXO.US,D,20170519,000000,22.324,22.694,22.324,22.509,143229,0
FTXO.US,D,20170522,000000,22.519,22.68,22.414,22.576,71344,0
FTXO.US,D,20170523,000000,22.482,23.028,22.482,22.914,72020,0
FTXO.US,D,20170524,000000,22.779,22.936,22.691,22.798,69640,0
FTXO.US,D,20170525,000000,22.923,22.974,22.725,22.779,79934,0
FTXO.US,D,20170526,000000,22.751,22.821,22.672,22.672,79511,0
FTXO.US,D,20170530,000000,22.546,22.573,22.316,22.449,80725,0
FTXO.US,D,20170531,000000,22.405,22.405,21.993,22.232,55360,0
FTXO.US,D,20170601,000000,22.349,22.519,22.117,22.509,55054,0
FTXO.US,D,20170602,000000,22.332,22.475,22.177,22.297,125439,0
FTXO.US,D,20170605,000000,22.24,22.582,22.24,22.341,37419,0
FTXO.US,D,20170606,000000,22.191,22.326,22.053,22.214,63217,0
FTXO.US,D,20170607,000000,22.457,22.527,22.277,22.475,167352,0
FTXO.US,D,20170608,000000,22.582,23.18,22.521,22.959,46311,0
FTXO.US,D,20170609,000000,23.198,23.618,23.198,23.537,64349,0
FTXO.US,D,20170612,000000,23.61,23.743,23.395,23.573,50057,0
FTXO.US,D,20170613,000000,23.582,23.761,23.537,23.6,54461,0
FTXO.US,D,20170614,000000,23.484,23.645,23.127,23.619,66875,0
FTXO.US,D,20170615,000000,23.6,23.707,23.431,23.458,71799,0
FTXO.US,D,20170616,000000,23.68,23.68,23.322,23.422,59347,0
FTXO.US,D,20170619,000000,23.484,23.724,23.484,23.554,44345,0
FTXO.US,D,20170620,000000,23.4,23.467,23.26,23.288,87958,0
FTXO.US,D,20170621,000000,23.27,23.279,23.016,23.029,131062,0
FTXO.US,D,20170622,000000,23.161,23.161,22.764,22.862,116640,0
FTXO.US,D,20170623,000000,22.91,22.979,22.648,22.677,40395,0
FTXO.US,D,20170626,000000,22.648,22.936,22.648,22.82,85245,0
FTXO.US,D,20170627,000000,22.846,23.249,22.846,22.979,55352,0
FTXO.US,D,20170628,000000,23.312,23.439,23.259,23.359,64746,0
FTXO.US,D,20170629,000000,23.832,24.074,23.508,23.714,257081,0
FTXO.US,D,20170630,000000,23.779,23.822,23.596,23.688,34924,0
FTXO.US,D,20170703,000000,23.723,24.238,23.723,24.128,32081,0
FTXO.US,D,20170705,000000,24.263,24.263,23.937,24.11,124458,0
FTXO.US,D,20170706,000000,23.913,24.263,23.913,23.966,61425,0
FTXO.US,D,20170707,000000,24.235,24.235,23.869,24.055,138692,0
FTXO.US,D,20170710,000000,23.832,24.119,23.832,24.003,54284,0
FTXO.US,D,20170711,000000,23.93,24.018,23.861,23.913,48392,0
FTXO.US,D,20170712,000000,24.003,24.003,23.766,23.841,69609,0
FTXO.US,D,20170713,000000,23.822,24.018,23.813,23.984,71195,0
FTXO.US,D,20170714,000000,23.859,23.92,23.583,23.804,128663,0
FTXO.US,D,20170717,000000,23.939,23.939,23.688,23.813,69862,0
FTXO.US,D,20170718,000000,23.599,23.732,23.537,23.68,59988,0
FTXO.US,D,20170719,000000,23.796,23.822,23.547,23.68,104838,0
FTXO.US,D,20170720,000000,23.591,23.818,23.566,23.663,67779,0
FTXO.US,D,20170721,000000,23.671,23.671,23.473,23.498,44296,0
FTXO.US,D,20170724,000000,23.394,23.788,23.394,23.752,32273,0
FTXO.US,D,20170725,000000,23.975,24.298,23.975,24.11,73956,0
FTXO.US,D,20170726,000000,24.235,24.235,23.697,23.779,69279,0
FTXO.US,D,20170727,000000,23.859,23.896,23.6,23.723,45583,0
FTXO.US,D,20170728,000000,23.779,23.779,23.492,23.599,45711,0
FTXO.US,D,20170731,000000,23.813,23.921,23.691,23.841,39156,0
FTXO.US,D,20170801,000000,24.092,24.092,23.863,24.003,63348,0
FTXO.US,D,20170802,000000,24.137,24.137,23.905,24.032,43431,0
FTXO.US,D,20170803,000000,24.137,24.137,23.887,23.913,86723,0
FTXO.US,D,20170804,000000,24.122,24.352,24.122,24.18,73296,0
FTXO.US,D,20170807,000000,24.124,24.128,24.024,24.028,48665,0
FTXO.US,D,20170808,000000,24.017,24.431,24.017,24.064,87357,0
FTXO.US,D,20170809,000000,24.092,24.092,23.813,23.93,80982,0
FTXO.US,D,20170810,000000,23.618,23.742,23.349,23.359,36508,0
FTXO.US,D,20170811,000000,23.34,23.498,23.096,23.152,54846,0
FTXO.US,D,20170814,000000,23.23,23.68,23.23,23.581,39037,0
FTXO.US,D,20170815,000000,23.663,23.878,23.609,23.634,42696,0
FTXO.US,D,20170816,000000,23.688,23.744,23.476,23.545,61601,0
FTXO.US,D,20170817,000000,23.527,23.527,22.963,22.979,33245,0
FTXO.US,D,20170818,000000,22.88,23.177,22.88,22.989,54505,0
FTXO.US,D,20170821,000000,22.9,22.972,22.804,22.891,54264,0
FTXO.US,D,20170822,000000,22.929,23.184,22.929,23.161,84259,0
FTXO.US,D,20170823,000000,22.9,23.321,22.9,23.196,38173,0
FTXO.US,D,20170824,000000,23.195,23.286,23.189,23.23,30683,0
FTXO.US,D,20170825,000000,23.204,23.439,23.204,23.295,103173,0
FTXO.US,D,20170828,000000,23.42,23.42,23.07,23.161,141021,0
FTXO.US,D,20170829,000000,22.849,23.087,22.796,23.016,34077,0
FTXO.US,D,20170830,000000,23.134,23.22,23.063,23.134,75929,0
FTXO.US,D,20170831,000000,23.146,23.196,23.007,23.007,76994,0
FTXO.US,D,20170901,000000,23.096,23.367,23.096,23.204,79991,0
FTXO.US,D,20170905,000000,23.23,23.23,22.56,22.608,62226,0
FTXO.US,D,20170906,000000,22.73,22.788,22.541,22.657,89628,0
FTXO.US,D,20170907,000000,22.551,22.577,22.011,22.129,48090,0
FTXO.US,D,20170908,000000,22.167,22.4,22.112,22.261,52664,0
FTXO.US,D,20170911,000000,22.514,22.814,22.514,22.756,68526,0
FTXO.US,D,20170912,000000,22.775,23.301,22.775,23.178,29128,0
FTXO.US,D,20170913,000000,23.249,23.347,23.096,23.32,141302,0
FTXO.US,D,20170914,000000,23.439,23.439,23.159,23.17,40996,0
FTXO.US,D,20170915,000000,22.998,23.286,22.998,23.204,91914,0
FTXO.US,D,20170918,000000,23.239,23.651,23.239,23.599,56081,0
FTXO.US,D,20170919,000000,23.517,23.859,23.517,23.79,69905,0
FTXO.US,D,20170920,000000,23.706,24.119,23.599,23.994,165734,0
FTXO.US,D,20170921,000000,23.952,24.212,23.952,24.149,34014,0
FTXO.US,D,20170922,000000,23.933,24.157,23.933,24.133,78497,0
FTXO.US,D,20170925,000000,24.166,24.228,23.961,24.133,84436,0
FTXO.US,D,20170926,000000,24.115,24.249,24.109,24.2,46455,0
FTXO.US,D,20170927,000000,24.417,24.819,24.417,24.635,117811,0
FTXO.US,D,20170928,000000,24.679,24.717,24.51,24.679,66363,0
FTXO.US,D,20170929,000000,24.779,24.94,24.733,24.843,40531,0
FTXO.US,D,20171002,000000,24.951,25.005,24.718,24.978,187137,0
FTXO.US,D,20171003,000000,25.067,25.093,24.787,24.933,158695,0
FTXO.US,D,20171004,000000,24.951,24.951,24.698,24.698,47841,0
FTXO.US,D,20171005,000000,24.887,25.138,24.728,25.084,46207,0
FTXO.US,D,20171006,000000,25.228,25.257,24.987,25.12,64550,0
FTXO.US,D,20171009,000000,25.247,25.247,24.933,24.96,58294,0
FTXO.US,D,20171010,000000,25.158,25.177,24.942,25.111,66217,0
FTXO.US,D,20171011,000000,25.057,25.076,24.905,25.013,60393,0
FTXO.US,D,20171012,000000,25.049,25.076,24.717,24.754,53364,0
FTXO.US,D,20171013,000000,24.707,24.77,24.367,24.583,56294,0
FTXO.US,D,20171016,000000,24.707,24.816,24.654,24.77,40756,0
FTXO.US,D,20171017,000000,24.824,24.949,24.545,24.573,172247,0
FTXO.US,D,20171018,000000,24.67,24.77,24.643,24.726,64369,0
FTXO.US,D,20171019,000000,24.601,24.873,24.527,24.816,31383,0
FTXO.US,D,20171020,000000,25.111,25.221,25.041,25.194,47041,0
FTXO.US,D,20171023,000000,25.292,25.382,25.069,25.111,34966,0
FTXO.US,D,20171024,000000,25.292,25.42,25.255,25.292,33692,0
FTXO.US,D,20171025,000000,25.32,25.413,25.04,25.212,101757,0
FTXO.US,D,20171026,000000,25.221,25.524,25.221,25.437,62330,0
FTXO.US,D,20171027,000000,25.498,25.565,25.362,25.524,65272,0
FTXO.US,D,20171030,000000,25.446,25.491,25.239,25.338,30004,0
FTXO.US,D,20171031,000000,25.203,25.489,25.203,25.256,28524,0
FTXO.US,D,20171101,000000,25.398,25.524,25.261,25.263,70345,0
FTXO.US,D,20171102,000000,25.194,25.52,25.137,25.472,103039,0
FTXO.US,D,20171103,000000,25.58,25.58,25.283,25.454,110754,0
FTXO.US,D,20171106,000000,25.148,25.437,25.148,25.37,27530,0
FTXO.US,D,20171107,000000,25.349,25.349,24.679,24.735,77077,0
FTXO.US,D,20171108,000000,24.554,24.662,24.384,24.51,133979,0
FTXO.US,D,20171109,000000,24.527,24.573,24.113,24.331,399496,0
FTXO.US,D,20171110,000000,24.367,24.473,24.221,24.249,2135959,0
FTXO.US,D,20171113,000000,24.007,24.5,23.933,24.473,126857,0
FTXO.US,D,20171114,000000,24.268,24.608,24.268,24.554,53320,0
FTXO.US,D,20171115,000000,24.41,24.767,24.271,24.643,123785,0
FTXO.US,D,20171116,000000,24.978,24.978,24.583,24.601,58024,0
FTXO.US,D,20171117,000000,24.592,24.726,24.427,24.651,54298,0
FTXO.US,D,20171120,000000,24.596,24.833,24.554,24.816,78543,0
FTXO.US,D,20171121,000000,24.779,24.951,24.707,24.754,91006,0
FTXO.US,D,20171122,000000,24.942,24.942,24.693,24.708,47575,0
FTXO.US,D,20171124,000000,24.878,24.878,24.608,24.618,41666,0
FTXO.US,D,20171127,000000,24.625,24.726,24.554,24.601,41425,0
FTXO.US,D,20171128,000000,24.437,25.382,24.437,25.373,106003,0
FTXO.US,D,20171129,000000,25.534,26.302,25.534,26.145,95492,0
FTXO.US,D,20171130,000000,26.201,26.659,26.119,26.136,169146,0
FTXO.US,D,20171201,000000,26.408,26.408,25.42,26.164,76598,0
FTXO.US,D,20171204,000000,26.732,26.972,26.714,26.724,69868,0
FTXO.US,D,20171205,000000,26.948,26.948,26.31,26.408,35231,0
FTXO.US,D,20171206,000000,26.344,26.486,26.174,26.264,67572,0
FTXO.US,D,20171207,000000,26.302,26.481,26.142,26.344,102355,0
FTXO.US,D,20171208,000000,26.695,26.695,26.271,26.496,80945,0
FTXO.US,D,20171211,000000,26.695,26.695,26.245,26.335,50580,0
FTXO.US,D,20171212,000000,26.552,26.749,26.408,26.641,72439,0
FTXO.US,D,20171213,000000,26.83,26.83,26.264,26.267,68969,0
FTXO.US,D,20171214,000000,26.282,26.436,26.011,26.038,69972,0
FTXO.US,D,20171215,000000,25.975,26.667,25.975,26.418,72106,0
FTXO.US,D,20171218,000000,26.436,26.846,26.436,26.732,53918,0
FTXO.US,D,20171219,000000,26.957,26.957,26.667,26.687,172459,0
FTXO.US,D,20171220,000000,26.981,26.981,25.373,26.576,111449,0
FTXO.US,D,20171221,000000,26.75,27.022,26.743,26.887,118236,0
FTXO.US,D,20171222,000000,27.084,27.084,26.7,26.85,65600,0
FTXO.US,D,20171226,000000,26.743,26.937,26.568,26.628,29715,0
FTXO.US,D,20171227,000000,26.823,26.823,26.504,26.58,86835,0
FTXO.US,D,20171228,000000,26.553,26.75,26.553,26.75,118968,0
FTXO.US,D,20171229,000000,26.925,26.925,26.516,26.516,55467,0
FTXO.US,D,20180102,000000,26.679,26.706,26.461,26.607,92431,0
FTXO.US,D,20180103,000000,26.679,26.779,26.557,26.75,80520,0
FTXO.US,D,20180104,000000,26.96,27.237,26.901,26.929,80678,0
FTXO.US,D,20180105,000000,27.141,27.141,26.837,27.022,126866,0
FTXO.US,D,20180108,000000,27.075,27.075,26.85,26.995,235433,0
FTXO.US,D,20180109,000000,26.995,27.509,26.985,27.293,79580,0
FTXO.US,D,20180110,000000,27.367,27.908,27.367,27.627,198195,0
FTXO.US,D,20180111,000000,27.835,27.854,27.672,27.85,125113,0
FTXO.US,D,20180112,000000,28.034,28.051,27.864,28.051,150157,0
FTXO.US,D,20180116,000000,28.034,28.359,27.865,28.017,125019,0
FTXO.US,D,20180117,000000,27.997,28.124,27.701,28.07,75806,0
FTXO.US,D,20180118,000000,28.06,28.213,27.988,28.026,146652,0
FTXO.US,D,20180119,000000,28.204,28.357,28.026,28.339,61740,0
FTXO.US,D,20180122,000000,28.405,28.579,28.281,28.557,64088,0
FTXO.US,D,20180123,000000,28.541,28.734,28.395,28.62,82621,0
FTXO.US,D,20180124,000000,28.919,28.919,28.554,28.756,173966,0
FTXO.US,D,20180125,000000,29.038,29.038,28.576,28.684,227003,0
FTXO.US,D,20180126,000000,28.856,28.856,28.541,28.809,122566,0
FTXO.US,D,20180129,000000,28.856,29.017,28.764,28.793,89421,0
FTXO.US,D,20180130,000000,28.433,28.803,28.433,28.522,174971,0
FTXO.US,D,20180131,000000,28.758,28.793,28.457,28.541,90602,0
FTXO.US,D,20180201,000000,28.72,28.882,28.448,28.882,224968,0
FTXO.US,D,20180202,000000,28.72,28.973,28.386,28.485,128731,0
FTXO.US,D,20180205,000000,27.96,28.355,26.915,27.149,326358,0
FTXO.US,D,20180206,000000,26.598,27.689,26.435,27.554,280580,0
FTXO.US,D,20180207,000000,27.502,28.034,27.502,27.763,171846,0
FTXO.US,D,20180208,000000,27.882,27.882,26.553,26.553,118882,0
FTXO.US,D,20180209,000000,27.075,27.32,26.31,27.093,238125,0
FTXO.US,D,20180212,000000,27.463,27.762,27.153,27.463,289761,0
FTXO.US,D,20180213,000000,27.463,27.663,27.276,27.582,208317,0
FTXO.US,D,20180214,000000,27.636,28.416,27.636,28.373,113549,0
FTXO.US,D,20180215,000000,28.475,28.629,28.341,28.475,91673,0
FTXO.US,D,20180216,000000,28.495,28.743,28.386,28.549,162587,0
FTXO.US,D,20180220,000000,28.629,28.711,28.259,28.415,102903,0
FTXO.US,D,20180221,000000,28.287,29.008,28.287,28.639,208427,0
FTXO.US,D,20180222,000000,28.856,28.856,28.088,28.134,174657,0
FTXO.US,D,20180223,000000,28.287,28.602,28.221,28.602,192818,0
FTXO.US,D,20180226,000000,28.83,28.83,28.405,28.767,121489,0
FTXO.US,D,20180227,000000,28.891,29.04,28.405,28.405,165777,0
FTXO.US,D,20180228,000000,28.711,28.738,28.051,28.051,102943,0
FTXO.US,D,20180301,000000,27.864,28.259,27.699,27.839,109290,0
FTXO.US,D,20180302,000000,27.529,28.134,27.32,28.115,229098,0
FTXO.US,D,20180305,000000,28.051,28.551,27.659,28.448,85897,0
FTXO.US,D,20180306,000000,28.448,28.678,28.223,28.602,132533,0
FTXO.US,D,20180307,000000,28.405,28.684,28.296,28.62,91164,0
FTXO.US,D,20180308,000000,28.593,28.767,28.215,28.541,86093,0
FTXO.US,D,20180309,000000,28.629,29.108,28.629,29.064,64878,0
FTXO.US,D,20180312,000000,29.298,29.298,28.91,29.009,75952,0
FTXO.US,D,20180313,000000,29.198,29.198,28.631,28.72,150694,0
FTXO.US,D,20180314,000000,28.946,28.946,28.209,28.296,168566,0
FTXO.US,D,20180315,000000,28.485,28.485,28.142,28.269,159995,0
FTXO.US,D,20180316,000000,28.464,28.675,28.415,28.448,144541,0
FTXO.US,D,20180319,000000,28.287,28.415,27.925,28.188,141479,0
FTXO.US,D,20180320,000000,28.296,28.332,28.117,28.142,74030,0
FTXO.US,D,20180321,000000,28.341,28.504,27.997,28.259,55872,0
FTXO.US,D,20180322,000000,28.532,28.532,27.024,27.054,120042,0
FTXO.US,D,20180323,000000,27.046,27.234,26.059,26.138,120647,0
FTXO.US,D,20180326,000000,26.385,27.071,26.385,27.028,133565,0
FTXO.US,D,20180327,000000,27.028,27.2,26.157,26.34,88918,0
FTXO.US,D,20180328,000000,26.266,26.598,26.06,26.423,46776,0
FTXO.US,D,20180329,000000,26.684,26.91,26.431,26.738,85587,0
FTXO.US,D,20180402,000000,26.611,26.783,25.833,26.204,157868,0
FTXO.US,D,20180403,000000,26.52,26.579,26.167,26.548,152142,0
FTXO.US,D,20180404,000000,26.167,27.01,26.167,26.92,306957,0
FTXO.US,D,20180405,000000,27.118,27.25,26.981,27.128,128336,0
FTXO.US,D,20180406,000000,26.648,26.874,26.049,26.331,75730,0
FTXO.US,D,20180409,000000,26.313,27.09,26.313,26.479,191847,0
FTXO.US,D,20180410,000000,27.01,27.01,26.674,26.92,115570,0
FTXO.US,D,20180411,000000,26.674,26.87,26.607,26.674,64444,0
FTXO.US,D,20180412,000000,26.793,27.4,26.793,27.272,60098,0
FTXO.US,D,20180413,000000,27.427,27.427,26.498,26.619,88070,0
FTXO.US,D,20180416,000000,26.692,26.774,26.452,26.629,139167,0
FTXO.US,D,20180417,000000,26.974,26.974,26.103,26.238,110658,0
FTXO.US,D,20180418,000000,26.247,26.447,26.059,26.103,101346,0
FTXO.US,D,20180419,000000,26.023,26.65,26.02,26.611,129640,0
FTXO.US,D,20180420,000000,26.73,26.929,26.619,26.801,148328,0
FTXO.US,D,20180423,000000,26.811,27.01,26.756,26.937,71597,0
FTXO.US,D,20180424,000000,27.281,27.51,26.801,27.061,110831,0
FTXO.US,D,20180425,000000,27.154,27.281,26.793,27.09,163614,0
FTXO.US,D,20180426,000000,27.2,27.234,26.974,27.028,253031,0
FTXO.US,D,20180427,000000,26.947,27.32,26.947,27.281,88526,0
FTXO.US,D,20180430,000000,27.4,27.435,26.91,26.91,78842,0
FTXO.US,D,20180501,000000,27.018,27.099,26.638,27.018,198842,0
FTXO.US,D,20180502,000000,27.046,27.164,26.774,26.818,112596,0
FTXO.US,D,20180503,000000,26.573,26.892,26.23,26.592,141755,0
FTXO.US,D,20180504,000000,26.539,27.061,26.295,26.874,72163,0
FTXO.US,D,20180507,000000,26.981,27.146,26.801,27.001,76731,0
FTXO.US,D,20180508,000000,27.001,27.516,27.001,27.275,135928,0
FTXO.US,D,20180509,000000,27.526,27.812,27.331,27.687,84327,0
FTXO.US,D,20180510,000000,27.733,27.953,27.526,27.852,102445,0
FTXO.US,D,20180511,000000,27.733,28.006,27.733,27.872,47818,0
FTXO.US,D,20180514,000000,27.862,27.952,27.762,27.816,74079,0
FTXO.US,D,20180515,000000,27.959,28.106,27.816,27.941,123214,0
FTXO.US,D,20180516,000000,27.959,28.025,27.776,27.889,171059,0
FTXO.US,D,20180517,000000,27.752,27.978,27.714,27.941,136507,0
FTXO.US,D,20180518,000000,27.78,27.872,27.571,27.571,118693,0
FTXO.US,D,20180521,000000,27.733,27.733,27.552,27.581,76522,0
FTXO.US,D,20180522,000000,27.723,28.087,27.654,27.872,104662,0
FTXO.US,D,20180523,000000,27.78,27.834,27.452,27.634,195214,0
FTXO.US,D,20180524,000000,27.516,27.589,27.099,27.535,90683,0
FTXO.US,D,20180525,000000,27.355,27.473,27.29,27.364,63186,0
FTXO.US,D,20180529,000000,27.018,27.054,26.235,26.395,257553,0
FTXO.US,D,20180530,000000,26.784,26.956,26.546,26.855,178633,0
FTXO.US,D,20180531,000000,26.721,26.901,26.611,26.711,122215,0
FTXO.US,D,20180601,000000,27.001,27.234,26.991,27.041,106947,0
FTXO.US,D,20180604,000000,27.227,27.254,27.101,27.234,71141,0
FTXO.US,D,20180605,000000,27.264,27.264,26.966,27.09,70017,0
FTXO.US,D,20180606,000000,27.128,27.706,27.128,27.687,228491,0
FTXO.US,D,20180607,000000,27.897,27.916,27.516,27.697,117341,0
FTXO.US,D,20180608,000000,27.561,27.79,27.498,27.79,80395,0
FTXO.US,D,20180611,000000,27.852,27.937,27.489,27.526,216694,0
FTXO.US,D,20180612,000000,27.535,27.691,27.326,27.463,124561,0
FTXO.US,D,20180613,000000,27.644,27.771,27.254,27.381,97756,0
FTXO.US,D,20180614,000000,27.627,27.627,26.94,27.046,58884,0
FTXO.US,D,20180615,000000,26.784,27.131,26.624,27.023,141540,0
FTXO.US,D,20180618,000000,26.956,27.09,26.764,27.036,111870,0
FTXO.US,D,20180619,000000,26.629,27.13,26.629,27.085,212700,0
FTXO.US,D,20180620,000000,27.174,27.248,27.075,27.08,40475,0
FTXO.US,D,20180621,000000,26.999,27.209,26.809,27.044,165225,0
FTXO.US,D,20180622,000000,27.325,27.325,26.694,26.695,263421,0
FTXO.US,D,20180625,000000,26.763,26.763,26.278,26.546,158477,0
FTXO.US,D,20180626,000000,26.699,26.699,26.154,26.31,143793,0
FTXO.US,D,20180627,000000,26.291,26.405,25.853,25.93,145969,0
FTXO.US,D,20180628,000000,26.026,26.108,25.782,25.955,159196,0
FTXO.US,D,20180629,000000,26.127,26.428,25.881,25.881,139968,0
FTXO.US,D,20180702,000000,25.753,26.117,25.745,26.108,118016,0
FTXO.US,D,20180703,000000,26.127,26.318,25.927,25.927,43725,0
FTXO.US,D,20180705,000000,26.018,26.108,25.918,25.991,111339,0
FTXO.US,D,20180706,000000,25.999,26.253,25.801,26.173,88238,0
FTXO.US,D,20180709,000000,26.345,26.875,26.345,26.799,139419,0
FTXO.US,D,20180710,000000,26.809,26.916,26.414,26.527,124752,0
FTXO.US,D,20180711,000000,26.472,26.626,26.371,26.381,131236,0
FTXO.US,D,20180712,000000,26.626,26.626,25.971,26.182,139820,0
FTXO.US,D,20180713,000000,26.182,26.182,25.788,25.927,148577,0
FTXO.US,D,20180716,000000,25.999,26.409,25.999,26.371,114154,0
FTXO.US,D,20180717,000000,26.453,26.546,26.323,26.432,85760,0
FTXO.US,D,20180718,000000,26.371,26.768,26.371,26.727,145634,0
FTXO.US,D,20180719,000000,26.699,26.699,26.318,26.391,93965,0
FTXO.US,D,20180720,000000,26.336,26.639,26.31,26.536,75962,0
FTXO.US,D,20180723,000000,26.645,26.999,26.645,26.936,113724,0
FTXO.US,D,20180724,000000,26.908,27.012,26.702,26.763,188572,0
FTXO.US,D,20180725,000000,26.718,26.763,26.462,26.599,106612,0
FTXO.US,D,20180726,000000,26.599,26.89,26.599,26.71,129143,0
FTXO.US,D,20180727,000000,26.671,26.945,26.622,26.853,79825,0
FTXO.US,D,20180730,000000,26.969,27.086,26.853,26.853,122481,0
FTXO.US,D,20180731,000000,27.034,27.034,26.599,26.645,146115,0
FTXO.US,D,20180801,000000,26.69,27.006,26.676,26.799,825407,0
FTXO.US,D,20180802,000000,26.599,27.06,26.599,26.999,385366,0
FTXO.US,D,20180803,000000,26.927,27.079,26.886,26.96,119282,0
FTXO.US,D,20180806,000000,27.034,27.045,26.782,26.964,74048,0
FTXO.US,D,20180807,000000,26.881,27.216,26.881,27.034,186788,0
FTXO.US,D,20180808,000000,27.044,27.28,26.997,27.226,184842,0
FTXO.US,D,20180809,000000,27.145,27.263,27.016,27.089,84240,0
FTXO.US,D,20180810,000000,26.863,26.948,26.718,26.881,120960,0
FTXO.US,D,20180813,000000,26.791,26.979,26.599,26.626,179720,0
FTXO.US,D,20180814,000000,26.635,27.054,26.635,26.999,143007,0
FTXO.US,D,20180815,000000,26.772,26.898,26.628,26.727,87414,0
FTXO.US,D,20180816,000000,26.826,27.244,26.826,27.137,47456,0
FTXO.US,D,20180817,000000,26.979,27.212,26.979,27.209,122721,0
FTXO.US,D,20180820,000000,27.145,27.28,27.072,27.258,70898,0
FTXO.US,D,20180821,000000,27.271,27.637,27.271,27.469,77844,0
FTXO.US,D,20180822,000000,27.445,27.469,27.322,27.383,133213,0
FTXO.US,D,20180823,000000,27.46,27.46,27.114,27.173,244527,0
FTXO.US,D,20180824,000000,27.354,27.354,27.095,27.107,72253,0
FTXO.US,D,20180827,000000,27.373,27.507,27.233,27.335,131308,0
FTXO.US,D,20180828,000000,27.335,27.4,27.199,27.29,183298,0
FTXO.US,D,20180829,000000,27.391,27.391,27.014,27.137,78174,0
FTXO.US,D,20180830,000000,27.009,27.063,26.881,26.908,113058,0
FTXO.US,D,20180831,000000,26.936,26.96,26.745,26.959,276986,0
FTXO.US,D,20180904,000000,26.918,27.159,26.866,27.117,123474,0
FTXO.US,D,20180905,000000,27.163,27.28,27.098,27.189,100737,0
FTXO.US,D,20180906,000000,27.316,27.316,26.974,27.044,119004,0
FTXO.US,D,20180907,000000,27.034,27.06,26.846,26.979,143355,0
FTXO.US,D,20180910,000000,26.989,27.054,26.85,26.885,189884,0
FTXO.US,D,20180911,000000,27.026,27.089,26.826,26.936,62759,0
FTXO.US,D,20180912,000000,26.818,26.823,26.391,26.437,168628,0
FTXO.US,D,20180913,000000,26.453,26.568,26.117,26.127,59246,0
FTXO.US,D,20180914,000000,26.254,26.337,26.205,26.254,607423,0
FTXO.US,D,20180917,000000,26.401,26.401,26.077,26.154,470423,0
FTXO.US,D,20180918,000000,26.127,26.182,26.04,26.108,606118,0
FTXO.US,D,20180919,000000,26.154,26.601,26.154,26.538,665698,0
FTXO.US,D,20180920,000000,26.638,26.992,26.638,26.884,529791,0
FTXO.US,D,20180921,000000,26.867,26.968,26.748,26.765,526871,0
FTXO.US,D,20180924,000000,26.648,26.819,26.397,26.42,467609,0
FTXO.US,D,20180925,000000,26.49,26.548,26.31,26.337,840778,0
FTXO.US,D,20180926,000000,26.346,26.41,25.862,25.862,8806495,0
FTXO.US,D,20180927,000000,25.89,25.91,25.601,25.605,4141048,0
FTXO.US,D,20180928,000000,25.571,25.62,25.406,25.452,32088495,0
FTXO.US,D,20181001,000000,25.504,25.691,23.544,25.365,2431913,0
FTXO.US,D,20181002,000000,25.316,25.514,25.16,25.333,1248852,0
FTXO.US,D,20181003,000000,25.487,25.918,25.434,25.799,638544,0
FTXO.US,D,20181004,000000,25.751,26.296,25.751,25.97,583425,0
FTXO.US,D,20181005,000000,25.98,26.13,25.708,25.771,689870,0
FTXO.US,D,20181008,000000,25.771,26.099,25.699,26.026,401754,0
FTXO.US,D,20181009,000000,25.9,26.026,25.743,25.843,512672,0
FTXO.US,D,20181010,000000,25.843,26.103,25.387,25.396,582068,0
FTXO.US,D,20181011,000000,25.243,25.379,24.62,24.62,570848,0
FTXO.US,D,20181012,000000,24.903,24.903,23.69,24.163,521429,0
FTXO.US,D,20181015,000000,24.163,24.367,24.044,24.102,676045,0
FTXO.US,D,20181016,000000,24.172,24.238,23.846,24.214,449455,0
FTXO.US,D,20181017,000000,24.092,24.712,24.005,24.529,494948,0
FTXO.US,D,20181018,000000,24.512,24.612,24.017,24.063,701368,0
FTXO.US,D,20181019,000000,23.973,24.297,23.782,23.982,407170,0
FTXO.US,D,20181022,000000,24.044,24.12,23.262,23.29,223884,0
FTXO.US,D,20181023,000000,22.877,23.453,22.668,23.298,288748,0
FTXO.US,D,20181024,000000,23.29,23.29,22.477,22.531,664658,0
FTXO.US,D,20181025,000000,22.887,23.272,22.668,23.077,739274,0
FTXO.US,D,20181026,000000,22.758,23.105,22.649,22.887,351134,0
FTXO.US,D,20181029,000000,23.197,23.635,23.077,23.306,364710,0
FTXO.US,D,20181030,000000,23.334,23.645,23.134,23.626,456299,0
FTXO.US,D,20181031,000000,23.782,24.291,23.782,23.963,405781,0
FTXO.US,D,20181101,000000,24.073,24.2,23.973,24.111,248158,0
FTXO.US,D,20181102,000000,24.358,24.447,23.897,24.129,318146,0
FTXO.US,D,20181105,000000,24.12,24.367,24.111,24.257,228626,0
FTXO.US,D,20181106,000000,24.182,24.43,24.073,24.381,350028,0
FTXO.US,D,20181107,000000,24.419,24.585,24.054,24.494,596337,0
FTXO.US,D,20181108,000000,24.494,24.817,24.433,24.62,327405,0
FTXO.US,D,20181109,000000,24.457,24.774,24.393,24.522,262883,0
FTXO.US,D,20181112,000000,24.503,24.612,24.21,24.229,408632,0
FTXO.US,D,20181113,000000,24.348,24.666,24.266,24.419,340708,0
FTXO.US,D,20181114,000000,24.522,24.639,23.726,24.035,205449,0
FTXO.US,D,20181115,000000,23.755,24.45,23.664,24.41,461303,0
FTXO.US,D,20181116,000000,24.163,24.546,24.163,24.376,407553,0
FTXO.US,D,20181119,000000,24.376,24.626,24.182,24.41,196258,0
FTXO.US,D,20181120,000000,24.291,24.311,23.901,23.954,352677,0
FTXO.US,D,20181121,000000,23.973,24.281,23.735,23.927,190881,0
FTXO.US,D,20181123,000000,23.865,24.027,23.655,23.845,69866,0
FTXO.US,D,20181126,000000,24.018,24.471,24.018,24.358,194963,0
FTXO.US,D,20181127,000000,24.281,24.41,24.12,24.219,203101,0
FTXO.US,D,20181128,000000,24.291,24.512,23.951,24.439,300719,0
FTXO.US,D,20181129,000000,24.384,24.522,24.168,24.367,140143,0
FTXO.US,D,20181130,000000,24.348,24.712,24.348,24.585,190851,0
FTXO.US,D,20181203,000000,24.885,24.969,24.447,24.675,180422,0
FTXO.US,D,20181204,000000,24.41,24.522,23.233,23.399,428949,0
FTXO.US,D,20181206,000000,22.887,23.197,22.56,23.162,418142,0
FTXO.US,D,20181207,000000,23.096,23.399,22.641,22.797,221552,0
FTXO.US,D,20181210,000000,22.877,22.877,21.949,22.247,190696,0
FTXO.US,D,20181211,000000,22.405,22.585,21.873,21.939,272479,0
FTXO.US,D,20181212,000000,22.237,22.376,21.911,22.057,307944,0
FTXO.US,D,20181213,000000,22.066,22.119,21.527,21.59,274798,0
FTXO.US,D,20181214,000000,21.327,21.737,21.246,21.263,192805,0
FTXO.US,D,20181217,000000,21.289,21.545,21.043,21.134,177354,0
FTXO.US,D,20181218,000000,21.248,21.42,20.762,20.865,192690,0
FTXO.US,D,20181219,000000,20.829,21.098,20.278,20.408,370505,0
FTXO.US,D,20181220,000000,20.185,20.596,20.141,20.305,507270,0
FTXO.US,D,20181221,000000,20.213,20.633,19.943,19.99,506063,0
FTXO.US,D,20181224,000000,19.747,19.952,19.57,19.579,231796,0
FTXO.US,D,20181226,000000,19.633,20.511,19.401,20.511,382109,0
FTXO.US,D,20181227,000000,20.127,20.511,19.83,20.511,519048,0
FTXO.US,D,20181228,000000,20.586,20.855,20.479,20.576,530466,0
FTXO.US,D,20181231,000000,20.789,20.882,20.421,20.744,413470,0
FTXO.US,D,20190102,000000,20.484,21.152,20.484,21.115,282061,0
FTXO.US,D,20190103,000000,21.031,21.349,20.92,20.978,400771,0
FTXO.US,D,20190104,000000,21.331,21.729,21.331,21.628,314885,0
FTXO.US,D,20190107,000000,21.508,21.975,21.508,21.751,151643,0
FTXO.US,D,20190108,000000,21.843,21.852,21.51,21.843,137286,0
FTXO.US,D,20190109,000000,21.937,22.086,21.741,22.001,217381,0
FTXO.US,D,20190110,000000,21.852,22.048,21.713,21.937,257161,0
FTXO.US,D,20190111,000000,21.759,22.112,21.675,22.01,189054,0
FTXO.US,D,20190114,000000,21.88,22.311,21.805,22.18,87092,0
FTXO.US,D,20190115,000000,22.18,22.394,21.937,22.364,147728,0
FTXO.US,D,20190116,000000,22.495,22.983,22.495,22.906,150259,0
FTXO.US,D,20190117,000000,22.857,23.204,22.693,23.138,204225,0
FTXO.US,D,20190118,000000,23.372,23.677,23.109,23.652,164003,0
FTXO.US,D,20190122,000000,23.53,23.661,23.41,23.52,206930,0
FTXO.US,D,20190123,000000,23.635,23.698,23.382,23.586,100686,0
FTXO.US,D,20190124,000000,23.446,23.698,23.39,23.632,193531,0
FTXO.US,D,20190125,000000,23.744,23.977,23.715,23.847,180734,0
FTXO.US,D,20190128,000000,23.734,23.94,23.679,23.904,130474,0
FTXO.US,D,20190129,000000,23.913,24.033,23.799,23.799,156208,0
FTXO.US,D,20190130,000000,23.93,23.958,23.699,23.744,209201,0
FTXO.US,D,20190131,000000,23.595,23.661,23.138,23.456,171355,0
FTXO.US,D,20190201,000000,23.501,23.715,23.501,23.614,211766,0
FTXO.US,D,20190204,000000,23.661,23.818,23.511,23.818,122429,0
FTXO.US,D,20190205,000000,23.857,23.857,23.547,23.707,241166,0
FTXO.US,D,20190206,000000,23.632,23.782,23.569,23.698,193495,0
FTXO.US,D,20190207,000000,24.219,24.341,23.782,24.023,542540,0
FTXO.US,D,20190208,000000,23.967,23.967,23.539,23.795,65900,0
FTXO.US,D,20190211,000000,23.913,23.958,23.818,23.935,53181,0
FTXO.US,D,20190212,000000,24.21,24.361,24.162,24.258,120073,0
FTXO.US,D,20190213,000000,24.293,24.38,24.191,24.191,90130,0
FTXO.US,D,20190214,000000,24.006,24.08,23.791,23.949,137990,0
FTXO.US,D,20190215,000000,24.06,24.519,24.06,24.49,87419,0
FTXO.US,D,20190219,000000,24.387,24.733,24.351,24.675,162070,0
FTXO.US,D,20190220,000000,24.713,24.937,24.564,24.919,110033,0
FTXO.US,D,20190221,000000,24.928,24.937,24.694,24.769,65997,0
FTXO.US,D,20190222,000000,24.807,24.826,24.656,24.769,62536,0
FTXO.US,D,20190225,000000,24.966,25.036,24.777,24.788,98278,0
FTXO.US,D,20190226,000000,24.723,24.835,24.526,24.583,113903,0
FTXO.US,D,20190227,000000,24.603,24.838,24.536,24.817,90842,0
FTXO.US,D,20190228,000000,24.817,24.871,24.738,24.752,99141,0
FTXO.US,D,20190301,000000,24.947,25.103,24.704,24.854,82840,0
FTXO.US,D,20190304,000000,24.871,25.132,24.559,24.778,69717,0
FTXO.US,D,20190305,000000,24.798,24.854,24.414,24.769,117021,0
FTXO.US,D,20190306,000000,24.713,24.778,24.341,24.351,130133,0
FTXO.US,D,20190307,000000,24.351,24.351,23.857,23.996,149431,0
FTXO.US,D,20190308,000000,23.754,24.07,23.698,24.04,112462,0
FTXO.US,D,20190311,000000,24.154,24.277,24.026,24.191,98757,0
FTXO.US,D,20190312,000000,24.323,24.361,24.109,24.162,119032,0
FTXO.US,D,20190313,000000,24.238,24.452,24.162,24.361,52060,0
FTXO.US,D,20190314,000000,24.313,24.574,24.313,24.49,99109,0
FTXO.US,D,20190315,000000,24.545,24.666,24.45,24.509,79465,0
FTXO.US,D,20190318,000000,24.545,24.903,24.545,24.862,103028,0
FTXO.US,D,20190319,000000,25.058,25.058,24.333,24.37,109160,0
FTXO.US,D,20190320,000000,24.405,24.405,23.539,23.557,90169,0
FTXO.US,D,20190321,000000,23.484,23.484,23.107,23.156,146892,0
FTXO.US,D,20190322,000000,22.903,22.903,22.145,22.266,123054,0
FTXO.US,D,20190325,000000,22.246,22.509,22.074,22.22,257864,0
FTXO.US,D,20190326,000000,22.418,22.697,22.399,22.697,229328,0
FTXO.US,D,20190327,000000,22.641,22.743,22.481,22.659,84611,0
FTXO.US,D,20190328,000000,22.733,22.951,22.602,22.951,127732,0
FTXO.US,D,20190329,000000,23.22,23.22,22.792,22.819,440786,0
FTXO.US,D,20190401,000000,23.015,23.501,23.015,23.474,402737,0
FTXO.US,D,20190402,000000,23.456,23.689,23.352,23.511,363699,0
FTXO.US,D,20190403,000000,23.726,23.9,23.501,23.576,230504,0
FTXO.US,D,20190404,000000,23.576,23.922,23.53,23.829,185297,0
FTXO.US,D,20190405,000000,23.905,23.905,23.699,23.829,92419,0
FTXO.US,D,20190408,000000,23.8,23.929,23.752,23.887,183956,0
FTXO.US,D,20190409,000000,23.774,23.774,23.479,23.53,229903,0
FTXO.US,D,20190410,000000,23.484,23.699,23.333,23.689,163741,0
FTXO.US,D,20190411,000000,23.791,23.988,23.661,23.829,147557,0
FTXO.US,D,20190412,000000,24.101,24.408,23.887,24.26,109100,0
FTXO.US,D,20190415,000000,24.251,24.251,23.896,23.951,191791,0
FTXO.US,D,20190416,000000,23.942,24.349,23.877,24.316,128235,0
FTXO.US,D,20190417,000000,24.335,24.335,24.052,24.286,186331,0
FTXO.US,D,20190418,000000,24.286,24.316,24.062,24.129,88536,0
FTXO.US,D,20190422,000000,24.062,24.147,23.951,24.042,65161,0
FTXO.US,D,20190423,000000,24.091,24.438,23.922,24.418,93952,0
FTXO.US,D,20190424,000000,24.326,24.475,24.139,24.401,122945,0
FTXO.US,D,20190425,000000,24.286,24.539,24.147,24.344,71165,0
FTXO.US,D,20190426,000000,24.344,24.53,24.296,24.53,136684,0
FTXO.US,D,20190429,000000,24.558,24.98,24.558,24.822,75467,0
FTXO.US,D,20190430,000000,24.859,24.92,24.708,24.83,91563,0
FTXO.US,D,20190501,000000,24.867,24.989,24.494,24.539,231635,0
FTXO.US,D,20190502,000000,24.568,24.855,24.548,24.793,123912,0
FTXO.US,D,20190503,000000,24.905,25.066,24.867,25.045,56110,0
FTXO.US,D,20190506,000000,24.578,25.036,24.578,24.925,29559,0
FTXO.US,D,20190507,000000,24.643,24.68,24.326,24.446,202652,0
FTXO.US,D,20190508,000000,24.296,24.494,24.231,24.231,73254,0
FTXO.US,D,20190509,000000,24.025,24.297,23.839,24.241,30849,0
FTXO.US,D,20190510,000000,24.165,24.382,23.905,24.306,78735,0
FTXO.US,D,20190513,000000,23.913,23.922,23.362,23.437,320805,0
FTXO.US,D,20190514,000000,23.586,23.855,23.415,23.67,67785,0
FTXO.US,D,20190515,000000,23.456,23.456,23.045,23.288,97748,0
FTXO.US,D,20190516,000000,23.352,23.614,23.352,23.501,74143,0
FTXO.US,D,20190517,000000,23.296,23.699,23.289,23.418,61047,0
FTXO.US,D,20190520,000000,23.314,23.595,23.314,23.484,57736,0
FTXO.US,D,20190521,000000,23.624,23.726,23.597,23.67,28012,0
FTXO.US,D,20190522,000000,23.576,23.582,23.443,23.466,68290,0
FTXO.US,D,20190523,000000,23.142,23.156,22.874,23.055,103121,0
FTXO.US,D,20190524,000000,23.202,23.343,23.164,23.304,27392,0
FTXO.US,D,20190528,000000,23.23,23.296,22.96,22.96,30277,0
FTXO.US,D,20190529,000000,22.752,23.146,22.725,23.117,104913,0
FTXO.US,D,20190530,000000,23.212,23.288,22.618,22.725,50995,0
FTXO.US,D,20190531,000000,22.399,22.575,22.341,22.383,87300,0
FTXO.US,D,20190603,000000,22.351,22.743,22.351,22.649,84395,0
FTXO.US,D,20190604,000000,22.986,23.399,22.967,23.399,226228,0
FTXO.US,D,20190605,000000,23.269,23.44,23.107,23.371,114973,0
FTXO.US,D,20190606,000000,23.343,23.437,23.127,23.343,95513,0
FTXO.US,D,20190607,000000,23.23,23.269,23.093,23.146,57903,0
FTXO.US,D,20190610,000000,23.352,23.586,23.352,23.371,72792,0
FTXO.US,D,20190611,000000,23.624,23.775,23.457,23.566,32176,0
FTXO.US,D,20190612,000000,23.501,23.52,23.219,23.23,41707,0
FTXO.US,D,20190613,000000,23.304,23.474,23.23,23.239,20174,0
FTXO.US,D,20190614,000000,23.212,23.39,23.033,23.39,47039,0
FTXO.US,D,20190617,000000,23.372,23.503,23.013,23.043,28409,0
FTXO.US,D,20190618,000000,23.023,23.532,23.023,23.429,60573,0
FTXO.US,D,20190619,000000,23.503,23.73,23.22,23.22,79481,0
FTXO.US,D,20190620,000000,23.353,23.353,22.913,23.279,62034,0
FTXO.US,D,20190621,000000,23.269,23.467,23.269,23.296,203844,0
FTXO.US,D,20190624,000000,23.269,23.448,23.155,23.165,47151,0
FTXO.US,D,20190625,000000,23.165,23.195,22.853,23.097,99535,0
FTXO.US,D,20190626,000000,23.193,23.353,23.177,23.22,97297,0
FTXO.US,D,20190627,000000,23.279,23.55,23.279,23.476,39148,0
FTXO.US,D,20190628,000000,23.758,23.975,23.589,23.896,114576,0
FTXO.US,D,20190701,000000,24.201,24.343,23.975,24.118,73389,0
FTXO.US,D,20190702,000000,24.088,24.126,23.72,23.834,159373,0
FTXO.US,D,20190703,000000,23.928,24.039,23.844,24.031,24449,0
FTXO.US,D,20190705,000000,24.211,24.39,24.201,24.277,34256,0
FTXO.US,D,20190708,000000,24.098,24.195,23.965,24.031,34371,0
FTXO.US,D,20190709,000000,23.9,24.201,23.9,24.182,58384,0
FTXO.US,D,20190710,000000,24.163,24.163,23.882,23.91,50768,0
FTXO.US,D,20190711,000000,23.984,24.182,23.929,24.154,37086,0
FTXO.US,D,20190712,000000,24.22,24.325,24.136,24.315,38993,0
FTXO.US,D,20190715,000000,24.343,24.343,23.928,23.965,31795,0
FTXO.US,D,20190716,000000,23.975,24.088,23.85,23.965,59974,0
FTXO.US,D,20190717,000000,23.882,24.039,23.768,23.882,52686,0
FTXO.US,D,20190718,000000,23.843,24.201,23.824,24.069,43654,0
FTXO.US,D,20190719,000000,24.108,24.29,24.108,24.168,56622,0
FTXO.US,D,20190722,000000,24.136,24.172,24.039,24.145,80606,0
FTXO.US,D,20190723,000000,24.172,24.484,24.059,24.484,88004,0
FTXO.US,D,20190724,000000,24.372,24.899,24.372,24.88,58140,0
FTXO.US,D,20190725,000000,24.88,25.003,24.598,24.663,32635,0
FTXO.US,D,20190726,000000,24.71,25.096,24.71,25.069,39133,0
FTXO.US,D,20190729,000000,24.966,25.144,24.843,24.862,36705,0
FTXO.US,D,20190730,000000,24.635,25.031,24.579,25.031,20062,0
FTXO.US,D,20190731,000000,25.021,25.086,24.839,24.947,31227,0
FTXO.US,D,20190801,000000,24.909,24.948,23.863,23.91,302668,0
FTXO.US,D,20190802,000000,23.853,23.9,23.467,23.796,19874,0
FTXO.US,D,20190805,000000,23.344,23.344,22.793,22.958,41472,0
FTXO.US,D,20190806,000000,23.193,23.22,22.758,23.212,45503,0
FTXO.US,D,20190807,000000,22.713,22.808,22.402,22.749,58146,0
FTXO.US,D,20190808,000000,22.976,23.22,22.939,23.097,34441,0
FTXO.US,D,20190809,000000,23.088,23.155,22.826,23.117,79095,0
FTXO.US,D,20190812,000000,22.654,22.758,22.523,22.552,119497,0
FTXO.US,D,20190813,000000,22.452,23.106,22.43,22.803,94282,0
FTXO.US,D,20190814,000000,22.23,22.354,21.841,21.93,131163,0
FTXO.US,D,20190815,000000,22.022,22.073,21.741,21.816,52110,0
FTXO.US,D,20190816,000000,22.052,22.439,22.022,22.42,29659,0
FTXO.US,D,20190819,000000,22.826,22.826,22.607,22.654,25932,0
FTXO.US,D,20190820,000000,22.503,22.503,22.284,22.288,49518,0
FTXO.US,D,20190821,000000,22.43,22.444,22.334,22.392,30309,0
FTXO.US,D,20190822,000000,22.542,22.617,22.372,22.552,27146,0
FTXO.US,D,20190823,000000,22.449,22.617,21.778,21.863,28450,0
FTXO.US,D,20190826,000000,22.099,22.099,21.882,22.071,24459,0
FTXO.US,D,20190827,000000,22.117,22.126,21.732,21.863,26948,0
FTXO.US,D,20190828,000000,21.778,22.3,21.778,22.194,46768,0
FTXO.US,D,20190829,000000,22.439,22.698,22.439,22.627,24772,0
FTXO.US,D,20190830,000000,22.778,22.861,22.687,22.749,25632,0
FTXO.US,D,20190903,000000,22.533,22.533,22.156,22.312,21973,0
FTXO.US,D,20190904,000000,22.523,22.542,22.372,22.542,32336,0
FTXO.US,D,20190905,000000,22.91,23.329,22.91,23.145,28533,0
FTXO.US,D,20190906,000000,23.155,23.188,23.038,23.07,23830,0
FTXO.US,D,20190909,000000,23.353,23.984,23.296,23.9,20270,0
FTXO.US,D,20190910,000000,23.984,24.277,23.984,24.239,31792,0
FTXO.US,D,20190911,000000,24.305,24.372,24.059,24.372,33166,0
FTXO.US,D,20190912,000000,24.039,24.579,23.98,24.475,43516,0
FTXO.US,D,20190913,000000,24.701,24.88,24.607,24.73,39594,0
FTXO.US,D,20190916,000000,24.446,24.702,24.446,24.689,49400,0
FTXO.US,D,20190917,000000,24.607,24.607,24.261,24.503,41134,0
FTXO.US,D,20190918,000000,24.381,24.776,24.353,24.706,43420,0
FTXO.US,D,20190919,000000,24.663,24.767,24.481,24.487,147125,0
FTXO.US,D,20190920,000000,24.559,24.635,24.343,24.363,36600,0
FTXO.US,D,20190923,000000,24.172,24.484,24.172,24.418,18833,0
FTXO.US,D,20190924,000000,24.418,24.418,23.984,24.079,42238,0
FTXO.US,D,20190925,000000,24.108,24.494,24.108,24.426,259106,0
FTXO.US,D,20190926,000000,24.403,24.403,24.23,24.245,84398,0
FTXO.US,D,20190927,000000,24.468,24.677,24.287,24.421,59061,0
FTXO.US,D,20190930,000000,24.497,24.505,24.283,24.312,294328,0
FTXO.US,D,20191001,000000,24.517,24.583,23.717,23.727,132227,0
FTXO.US,D,20191002,000000,23.585,23.585,23.262,23.366,163270,0
FTXO.US,D,20191003,000000,23.3,23.394,22.91,23.384,103920,0
FTXO.US,D,20191004,000000,23.481,23.785,23.321,23.785,80625,0
FTXO.US,D,20191007,000000,23.68,23.905,23.68,23.68,47767,0
FTXO.US,D,20191008,000000,23.404,23.404,23.072,23.082,233305,0
FTXO.US,D,20191009,000000,23.291,23.314,23.127,23.233,52171,0
FTXO.US,D,20191010,000000,23.338,23.709,23.338,23.575,63264,0
FTXO.US,D,20191011,000000,24.013,24.279,23.993,23.993,65515,0
FTXO.US,D,20191014,000000,23.812,24.079,23.812,24.021,74257,0
FTXO.US,D,20191015,000000,24.049,24.561,24.049,24.449,58600,0
FTXO.US,D,20191016,000000,24.487,24.558,24.25,24.27,47098,0
FTXO.US,D,20191017,000000,24.431,24.431,24.124,24.221,38220,0
FTXO.US,D,20191018,000000,24.202,24.512,24.202,24.431,22666,0
FTXO.US,D,20191021,000000,24.649,24.876,24.649,24.811,60001,0
FTXO.US,D,20191022,000000,24.83,25.181,24.745,24.972,32393,0
FTXO.US,D,20191023,000000,24.896,25.057,24.896,25.043,26827,0
FTXO.US,D,20191024,000000,25.095,25.095,24.817,24.954,24297,0
FTXO.US,D,20191025,000000,24.906,25.266,24.866,25.244,11649,0
FTXO.US,D,20191028,000000,25.484,25.484,25.305,25.381,28246,0
FTXO.US,D,20191029,000000,25.324,25.532,25.324,25.467,35410,0
FTXO.US,D,20191030,000000,25.333,25.333,25.001,25.085,54966,0
FTXO.US,D,20191031,000000,25.001,25.001,24.583,24.791,42371,0
FTXO.US,D,20191101,000000,25.057,25.315,25.057,25.285,102906,0
FTXO.US,D,20191104,000000,25.6,25.846,25.6,25.824,32566,0
FTXO.US,D,20191105,000000,25.922,26.208,25.922,26.122,73780,0
FTXO.US,D,20191106,000000,26.056,26.093,25.905,26.017,27345,0
FTXO.US,D,20191107,000000,26.294,26.45,26.174,26.208,66650,0
FTXO.US,D,20191108,000000,26.159,26.279,26.066,26.229,39948,0
FTXO.US,D,20191111,000000,26.131,26.198,26.075,26.102,9410,0
FTXO.US,D,20191112,000000,26.112,26.217,26.013,26.078,17509,0
FTXO.US,D,20191113,000000,25.865,25.961,25.75,25.819,27333,0
FTXO.US,D,20191114,000000,25.722,25.8,25.676,25.79,22598,0
FTXO.US,D,20191115,000000,25.922,25.942,25.846,25.87,39425,0
FTXO.US,D,20191118,000000,25.846,25.951,25.792,25.898,9304,0
FTXO.US,D,20191119,000000,25.978,26.024,25.875,25.942,35879,0
FTXO.US,D,20191120,000000,25.79,25.899,25.629,25.8,35161,0
FTXO.US,D,20191121,000000,25.895,25.895,25.713,25.79,17948,0
FTXO.US,D,20191122,000000,25.828,26.012,25.828,26.012,161985,0
FTXO.US,D,20191125,000000,26.093,26.244,26.084,26.164,29970,0
FTXO.US,D,20191126,000000,26.159,26.159,25.955,26.023,19595,0
FTXO.US,D,20191127,000000,26.084,26.215,26.084,26.17,22821,0
FTXO.US,D,20191129,000000,26.14,26.235,26.057,26.057,12181,0
FTXO.US,D,20191202,000000,26.274,26.274,25.911,25.915,22547,0
FTXO.US,D,20191203,000000,25.58,25.58,25.333,25.553,17649,0
FTXO.US,D,20191204,000000,25.657,25.932,25.657,25.846,15276,0
FTXO.US,D,20191205,000000,25.942,26.013,25.895,25.962,20487,0
FTXO.US,D,20191206,000000,26.264,26.427,26.264,26.343,49678,0
FTXO.US,D,20191209,000000,26.304,26.457,26.304,26.359,31234,0
FTXO.US,D,20191210,000000,26.208,26.441,26.198,26.364,57401,0
FTXO.US,D,20191211,000000,26.438,26.462,26.235,26.235,234787,0
FTXO.US,D,20191212,000000,26.294,27.076,26.294,27.054,47076,0
FTXO.US,D,20191213,000000,27.018,27.066,26.707,26.796,27120,0
FTXO.US,D,20191216,000000,27.038,27.095,26.914,26.921,17102,0
FTXO.US,D,20191217,000000,26.98,27.191,26.914,27.141,34257,0
FTXO.US,D,20191218,000000,27.201,27.201,27.038,27.04,12014,0
FTXO.US,D,20191219,000000,27.056,27.066,26.934,26.965,12910,0
FTXO.US,D,20191220,000000,27.076,27.183,26.925,26.99,32344,0
FTXO.US,D,20191223,000000,27.048,27.048,26.904,26.924,11607,0
FTXO.US,D,20191224,000000,26.98,26.98,26.894,26.98,5892,0
FTXO.US,D,20191226,000000,26.98,27.158,26.98,27.104,8639,0
FTXO.US,D,20191227,000000,27.135,27.143,26.962,27.01,20761,0
FTXO.US,D,20191230,000000,27.135,27.135,26.919,26.943,29654,0
FTXO.US,D,20191231,000000,26.924,27.048,26.9,26.99,15447,0
FTXO.US,D,20200102,000000,27.085,27.135,26.894,27.135,46315,0
FTXO.US,D,20200103,000000,26.809,26.926,26.646,26.811,16508,0
FTXO.US,D,20200106,000000,26.521,26.607,26.436,26.587,109936,0
FTXO.US,D,20200107,000000,26.551,26.56,26.312,26.384,68929,0
FTXO.US,D,20200108,000000,26.367,26.687,26.367,26.56,119287,0
FTXO.US,D,20200109,000000,26.799,26.799,26.574,26.655,36272,0
FTXO.US,D,20200110,000000,26.674,26.674,26.362,26.396,51256,0
FTXO.US,D,20200113,000000,26.454,26.483,26.308,26.473,24590,0
FTXO.US,D,20200114,000000,26.56,26.761,26.541,26.568,15217,0
FTXO.US,D,20200115,000000,26.349,26.349,25.965,26.08,53791,0
FTXO.US,D,20200116,000000,26.186,26.358,26.186,26.34,61529,0
FTXO.US,D,20200117,000000,26.473,26.501,26.367,26.454,98967,0
FTXO.US,D,20200121,000000,26.262,26.426,26.176,26.186,28680,0
FTXO.US,D,20200122,000000,26.205,26.23,26.095,26.169,33305,0
FTXO.US,D,20200123,000000,26.09,26.202,25.85,26.154,51189,0
FTXO.US,D,20200124,000000,26.186,26.186,25.485,25.62,19616,0
FTXO.US,D,20200127,000000,25.065,25.362,25.053,25.243,20952,0
FTXO.US,D,20200128,000000,25.352,25.668,25.323,25.54,76001,0
FTXO.US,D,20200129,000000,25.564,25.649,25.238,25.253,288929,0
FTXO.US,D,20200130,000000,25.046,25.53,24.978,25.53,34353,0
FTXO.US,D,20200131,000000,25.342,25.342,24.953,25.027,371907,0
FTXO.US,D,20200203,000000,25.208,25.421,25.208,25.258,54585,0
FTXO.US,D,20200204,000000,25.64,25.764,25.64,25.669,47370,0
FTXO.US,D,20200205,000000,25.984,26.231,25.984,26.189,31678,0
FTXO.US,D,20200206,000000,26.358,26.358,25.984,25.984,31390,0
FTXO.US,D,20200207,000000,25.832,25.937,25.754,25.87,49161,0
FTXO.US,D,20200210,000000,25.794,25.845,25.682,25.845,40876,0
FTXO.US,D,20200211,000000,26.003,26.166,26.003,26.022,15284,0
FTXO.US,D,20200212,000000,26.252,26.358,26.042,26.092,20736,0
FTXO.US,D,20200213,000000,25.946,26.178,25.946,26.178,26057,0
FTXO.US,D,20200214,000000,26.176,26.176,25.96,26.052,27211,0
FTXO.US,D,20200218,000000,25.766,25.937,25.48,25.65,8843,0
FTXO.US,D,20200219,000000,25.804,25.946,25.754,25.893,16311,0
FTXO.US,D,20200220,000000,25.804,26.129,25.804,26.09,26492,0
FTXO.US,D,20200221,000000,25.918,25.918,25.601,25.725,11635,0
FTXO.US,D,20200224,000000,24.913,25.046,24.77,24.888,23274,0
FTXO.US,D,20200225,000000,24.951,24.951,23.753,23.916,54333,0
FTXO.US,D,20200226,000000,23.983,24.088,23.474,23.474,211900,0
FTXO.US,D,20200227,000000,22.881,23.342,22.422,22.422,211941,0
FTXO.US,D,20200228,000000,21.828,22,21.282,21.733,83550,0
FTXO.US,D,20200302,000000,21.828,22.806,21.471,22.806,47304,0
FTXO.US,D,20200303,000000,22.737,23.015,21.597,21.803,70172,0
FTXO.US,D,20200304,000000,22.058,22.278,21.511,22.26,74617,0
FTXO.US,D,20200305,000000,21.511,21.511,20.809,21.052,91507,0
FTXO.US,D,20200306,000000,20.017,20.603,19.702,20.055,114074,0
FTXO.US,D,20200309,000000,18.017,18.486,16.886,17.058,196999,0
FTXO.US,D,20200310,000000,17.939,18.331,17.106,18.313,117275,0
FTXO.US,D,20200311,000000,17.594,17.863,16.839,17.093,78077,0
FTXO.US,D,20200312,000000,15.555,16.741,14.961,15.382,184570,0
FTXO.US,D,20200313,000000,16.569,17.176,15.889,17.176,50553,0
FTXO.US,D,20200316,000000,14.54,15.776,14.54,14.808,104551,0
FTXO.US,D,20200317,000000,15.238,15.716,14.347,15.612,187970,0
FTXO.US,D,20200318,000000,14.549,14.845,13.42,14.165,65644,0
FTXO.US,D,20200319,000000,13.975,15.109,13.331,14.906,86827,0
FTXO.US,D,20200320,000000,15.094,15.094,14.126,14.213,41343,0
FTXO.US,D,20200323,000000,14.098,14.156,12.806,13.008,178561,0
FTXO.US,D,20200324,000000,13.883,14.625,13.879,14.584,83334,0
FTXO.US,D,20200325,000000,14.788,15.459,14.117,14.861,128459,0
FTXO.US,D,20200326,000000,15.154,16.429,15.154,16.307,184367,0
FTXO.US,D,20200327,000000,15.492,16.215,15.444,15.713,109980,0
FTXO.US,D,20200330,000000,15.743,15.743,15.212,15.677,200459,0
FTXO.US,D,20200331,000000,15.522,15.733,14.885,15.087,116683,0
FTXO.US,D,20200401,000000,14.238,14.333,13.833,13.988,118661,0
FTXO.US,D,20200402,000000,13.871,14.623,13.871,14.281,83625,0
FTXO.US,D,20200403,000000,14.218,14.315,13.513,13.671,123899,0
FTXO.US,D,20200406,000000,14.48,15.039,14.42,14.952,169723,0
FTXO.US,D,20200407,000000,16.004,16.215,15.28,15.367,143525,0
FTXO.US,D,20200408,000000,15.676,16.235,15.464,16.148,181760,0
FTXO.US,D,20200409,000000,16.872,17.606,16.785,17.417,245753,0
FTXO.US,D,20200413,000000,17.501,17.501,16.487,16.647,96864,0
FTXO.US,D,20200414,000000,17.047,17.047,16.004,16.239,52186,0
FTXO.US,D,20200415,000000,15.472,15.472,15.154,15.199,101209,0
FTXO.US,D,20200416,000000,15.299,15.299,14.411,14.56,87402,0
FTXO.US,D,20200417,000000,15.338,16.014,15.299,15.933,122277,0
FTXO.US,D,20200420,000000,15.464,16.148,15.377,15.864,100551,0
FTXO.US,D,20200421,000000,15.29,15.598,15.086,15.264,164857,0
FTXO.US,D,20200422,000000,15.608,15.628,15.251,15.318,64231,0
FTXO.US,D,20200423,000000,15.377,15.84,15.377,15.497,129077,0
FTXO.US,D,20200424,000000,15.723,15.985,15.425,15.844,104500,0
FTXO.US,D,20200427,000000,16.118,16.922,16.024,16.815,169481,0
FTXO.US,D,20200428,000000,17.413,17.702,17.056,17.123,79879,0
FTXO.US,D,20200429,000000,17.77,18.212,17.578,18.002,73625,0
FTXO.US,D,20200430,000000,17.683,17.683,17.259,17.394,59844,0
FTXO.US,D,20200501,000000,16.862,16.872,16.439,16.577,139076,0
FTXO.US,D,20200504,000000,16.206,16.494,16.178,16.458,23820,0
FTXO.US,D,20200505,000000,16.766,16.95,16.245,16.256,49627,0
FTXO.US,D,20200506,000000,16.419,16.439,15.878,15.967,53695,0
FTXO.US,D,20200507,000000,16.168,16.63,16.153,16.153,26373,0
FTXO.US,D,20200508,000000,16.64,16.766,16.525,16.707,28434,0
FTXO.US,D,20200511,000000,16.439,16.439,16.065,16.165,39011,0
FTXO.US,D,20200512,000000,16.245,16.338,15.454,15.467,46386,0
FTXO.US,D,20200513,000000,15.173,15.406,14.575,14.712,39930,0
FTXO.US,D,20200514,000000,14.42,15.308,14.169,15.221,48931,0
FTXO.US,D,20200515,000000,15.106,15.221,14.942,15.04,55499,0
FTXO.US,D,20200518,000000,15.694,16.351,15.694,16.264,54969,0
FTXO.US,D,20200519,000000,16.034,16.206,15.646,15.646,72781,0
FTXO.US,D,20200520,000000,16.034,16.215,16.034,16.172,59664,0
FTXO.US,D,20200521,000000,16.053,16.322,16.053,16.112,42496,0
FTXO.US,D,20200522,000000,16.004,16.148,15.84,15.955,35116,0
FTXO.US,D,20200526,000000,16.65,17.452,16.65,17.218,47035,0
FTXO.US,D,20200527,000000,18.098,18.339,17.644,18.334,146929,0
FTXO.US,D,20200528,000000,18.561,18.561,17.712,17.722,52749,0
FTXO.US,D,20200529,000000,17.491,17.615,17.23,17.366,42647,0
FTXO.US,D,20200601,000000,17.644,17.799,17.481,17.646,31231,0
FTXO.US,D,20200602,000000,17.857,18.012,17.596,17.709,24051,0
FTXO.US,D,20200603,000000,18.205,18.754,18.205,18.613,85017,0
FTXO.US,D,20200604,000000,18.63,19.325,18.514,19.325,162229,0
FTXO.US,D,20200605,000000,20.917,21.032,20.151,20.212,50777,0
FTXO.US,D,20200608,000000,20.781,20.946,20.453,20.859,66404,0
FTXO.US,D,20200609,000000,20.376,20.628,20.028,20.375,131525,0
FTXO.US,D,20200610,000000,20.299,20.299,19.169,19.198,35795,0
FTXO.US,D,20200611,000000,17.877,18.258,17.393,17.435,60700,0
FTXO.US,D,20200612,000000,18.195,18.195,17.546,18.107,26819,0
FTXO.US,D,20200615,000000,17.403,18.425,17.307,18.355,41546,0
FTXO.US,D,20200616,000000,19.267,19.267,18.644,18.822,44187,0
FTXO.US,D,20200617,000000,18.832,18.832,18.311,18.343,31600,0
FTXO.US,D,20200618,000000,18.098,18.59,18.098,18.312,27265,0
FTXO.US,D,20200619,000000,18.436,18.436,17.828,18.202,12747,0
FTXO.US,D,20200622,000000,18.031,18.243,18.031,18.078,22721,0
FTXO.US,D,20200623,000000,18.311,18.399,18.031,18.031,32219,0
FTXO.US,D,20200624,000000,17.732,17.837,17.133,17.139,109340,0
FTXO.US,D,20200625,000000,17.006,17.719,17.006,17.692,133705,0
FTXO.US,D,20200626,000000,17.368,17.368,16.566,16.577,37986,0
FTXO.US,D,20200629,000000,16.84,17.153,16.751,16.91,29058,0
FTXO.US,D,20200630,000000,16.889,17.456,16.821,17.336,67422,0
FTXO.US,D,20200701,000000,17.349,17.349,16.741,16.781,35896,0
FTXO.US,D,20200702,000000,17.368,17.406,16.694,16.729,51960,0
FTXO.US,D,20200706,000000,17.221,17.378,16.811,16.959,38881,0
FTXO.US,D,20200707,000000,16.654,16.664,16.351,16.396,32802,0
FTXO.US,D,20200708,000000,16.391,16.605,16.221,16.484,32681,0
FTXO.US,D,20200709,000000,16.44,16.44,15.873,15.926,72496,0
FTXO.US,D,20200710,000000,15.942,16.714,15.942,16.702,51938,0
FTXO.US,D,20200713,000000,16.919,17.162,16.557,16.919,56776,0
FTXO.US,D,20200714,000000,16.781,16.909,16.479,16.641,99785,0
FTXO.US,D,20200715,000000,17.074,17.456,16.987,17.398,377896,0
FTXO.US,D,20200716,000000,17.105,17.67,17.094,17.41,53846,0
FTXO.US,D,20200717,000000,17.368,17.466,16.996,16.996,25007,0
FTXO.US,D,20200720,000000,16.879,16.889,16.732,16.761,27804,0
FTXO.US,D,20200721,000000,17.074,17.509,17.006,17.505,23248,0
FTXO.US,D,20200722,000000,17.349,17.446,17.221,17.368,28361,0
FTXO.US,D,20200723,000000,17.387,17.739,17.387,17.67,23145,0
FTXO.US,D,20200724,000000,17.778,17.817,17.592,17.604,34984,0
FTXO.US,D,20200727,000000,17.456,17.456,17.162,17.221,32526,0
FTXO.US,D,20200728,000000,17.274,17.279,17.094,17.124,25873,0
FTXO.US,D,20200729,000000,17.094,17.768,17.084,17.739,24708,0
FTXO.US,D,20200730,000000,17.329,17.385,16.996,17.375,18986,0
FTXO.US,D,20200731,000000,17.378,17.378,17.046,17.283,31525,0
FTXO.US,D,20200803,000000,17.349,17.406,17.236,17.241,31262,0
FTXO.US,D,20200804,000000,17.241,17.241,17.065,17.123,11494,0
FTXO.US,D,20200805,000000,17.25,17.497,17.25,17.497,16687,0
FTXO.US,D,20200806,000000,17.396,17.514,17.299,17.349,15031,0
FTXO.US,D,20200807,000000,17.25,17.924,17.25,17.922,22842,0
FTXO.US,D,20200810,000000,18.129,18.394,18.114,18.173,12424,0
FTXO.US,D,20200811,000000,18.578,18.999,18.558,18.608,51081,0
FTXO.US,D,20200812,000000,19.019,19.019,18.227,18.532,28485,0
FTXO.US,D,20200813,000000,18.432,18.432,18.168,18.227,113929,0
FTXO.US,D,20200814,000000,18.109,18.476,18.109,18.336,16788,0
FTXO.US,D,20200817,000000,18.266,18.266,17.977,17.991,26839,0
FTXO.US,D,20200818,000000,17.994,17.994,17.554,17.555,10000,0
FTXO.US,D,20200819,000000,17.719,17.837,17.596,17.596,21088,0
FTXO.US,D,20200820,000000,17.387,17.436,17.211,17.258,24066,0
FTXO.US,D,20200821,000000,17.221,17.32,17.046,17.123,42240,0
FTXO.US,D,20200824,000000,17.339,17.759,17.186,17.759,27040,0
FTXO.US,D,20200825,000000,18.07,18.07,17.684,17.836,11474,0
FTXO.US,D,20200826,000000,17.817,17.817,17.505,17.505,25742,0
FTXO.US,D,20200827,000000,17.485,17.944,17.485,17.892,17250,0
FTXO.US,D,20200828,000000,18.08,18.08,17.826,17.904,20498,0
FTXO.US,D,20200831,000000,17.895,17.895,17.607,17.621,53173,0
FTXO.US,D,20200901,000000,17.505,17.759,17.387,17.554,13483,0
FTXO.US,D,20200902,000000,17.611,17.856,17.51,17.825,9437,0
FTXO.US,D,20200903,000000,17.895,18.364,17.739,17.76,19712,0
FTXO.US,D,20200904,000000,18.227,18.247,17.807,18.167,24072,0
FTXO.US,D,20200908,000000,17.924,17.924,17.426,17.524,20078,0
FTXO.US,D,20200909,000000,17.611,17.611,17.299,17.47,34378,0
FTXO.US,D,20200910,000000,17.582,17.729,17.157,17.157,53144,0
FTXO.US,D,20200911,000000,17.094,17.319,17.064,17.289,13379,0
FTXO.US,D,20200914,000000,17.495,17.856,17.495,17.681,30279,0
FTXO.US,D,20200915,000000,17.495,17.514,17.279,17.287,9179,0
FTXO.US,D,20200916,000000,17.289,17.771,17.255,17.504,16242,0
FTXO.US,D,20200917,000000,17.201,17.456,17.201,17.395,9142,0
FTXO.US,D,20200918,000000,17.336,17.452,17.231,17.309,10438,0
FTXO.US,D,20200921,000000,16.996,17.101,16.484,16.646,39580,0
FTXO.US,D,20200922,000000,16.664,16.724,16.146,16.187,23149,0
FTXO.US,D,20200923,000000,16.479,16.479,15.836,15.836,17453,0
FTXO.US,D,20200924,000000,16.022,16.143,15.695,15.854,24043,0
FTXO.US,D,20200925,000000,15.755,16.096,15.755,16.088,19601,0
FTXO.US,D,20200928,000000,16.396,16.748,16.396,16.612,40898,0
FTXO.US,D,20200929,000000,16.593,16.593,16.248,16.446,32852,0
FTXO.US,D,20200930,000000,16.554,16.83,16.524,16.675,62072,0
FTXO.US,D,20201001,000000,16.822,16.822,16.564,16.702,11845,0
FTXO.US,D,20201002,000000,16.356,17.135,16.356,17.101,58764,0
FTXO.US,D,20201005,000000,17.434,17.747,17.434,17.737,39544,0
FTXO.US,D,20201006,000000,17.848,18.368,17.657,17.699,21206,0
FTXO.US,D,20201007,000000,17.924,18.331,17.924,18.225,10763,0
FTXO.US,D,20201008,000000,18.289,18.444,18.2,18.438,15176,0
FTXO.US,D,20201009,000000,18.544,18.544,18.18,18.279,7808,0
FTXO.US,D,20201012,000000,18.269,18.501,18.269,18.457,10800,0
FTXO.US,D,20201013,000000,18.388,18.388,17.875,17.943,15180,0
FTXO.US,D,20201014,000000,17.994,17.994,17.666,17.666,8517,0
FTXO.US,D,20201015,000000,17.501,18.043,17.501,18.029,23171,0
FTXO.US,D,20201016,000000,18.091,18.2,17.865,18.067,10223,0
FTXO.US,D,20201019,000000,18.19,18.26,17.903,17.903,14344,0
FTXO.US,D,20201020,000000,18.081,18.554,18.081,18.312,18942,0
FTXO.US,D,20201021,000000,18.378,18.409,18.269,18.274,5417,0
FTXO.US,D,20201022,000000,18.26,19.039,18.26,19.019,10764,0
FTXO.US,D,20201023,000000,19.215,19.412,18.969,19.225,12816,0
FTXO.US,D,20201026,000000,19.029,19.029,18.674,18.801,12074,0
FTXO.US,D,20201027,000000,18.752,18.752,18.18,18.18,82867,0
FTXO.US,D,20201028,000000,17.747,18.111,17.747,17.824,25230,0
FTXO.US,D,20201029,000000,17.707,18.279,17.54,18.22,37818,0
FTXO.US,D,20201030,000000,18.111,18.516,18.091,18.498,41801,0
FTXO.US,D,20201102,000000,18.614,19.068,18.614,19.01,43222,0
FTXO.US,D,20201103,000000,19.403,19.659,19.373,19.571,177373,0
FTXO.US,D,20201104,000000,19.048,19.048,18.269,18.269,356167,0
FTXO.US,D,20201105,000000,18.418,19.215,18.418,19.098,50955,0
FTXO.US,D,20201106,000000,19.315,19.315,18.684,18.752,12592,0
FTXO.US,D,20201109,000000,20.379,21.868,20.379,21.489,78882,0
FTXO.US,D,20201110,000000,21.571,21.745,21.277,21.5,29536,0
FTXO.US,D,20201111,000000,21.671,21.671,20.863,21.049,419538,0
FTXO.US,D,20201112,000000,20.665,20.773,20.347,20.606,105600,0
FTXO.US,D,20201113,000000,20.971,21.257,20.823,21.148,101428,0
FTXO.US,D,20201116,000000,21.868,22.025,21.661,21.882,45801,0
FTXO.US,D,20201117,000000,21.523,21.848,21.296,21.786,36415,0
FTXO.US,D,20201118,000000,21.87,22.114,21.494,21.494,76899,0
FTXO.US,D,20201119,000000,21.474,21.591,21.177,21.563,18364,0
FTXO.US,D,20201120,000000,21.426,21.434,21.237,21.386,129908,0
FTXO.US,D,20201123,000000,21.641,21.789,21.611,21.708,190024,0
FTXO.US,D,20201124,000000,22.144,22.785,22.144,22.775,117187,0
FTXO.US,D,20201125,000000,22.528,22.528,22.179,22.45,41524,0
FTXO.US,D,20201127,000000,22.45,22.45,21.957,22.07,10203,0
FTXO.US,D,20201130,000000,22.015,22.055,21.464,21.464,20739,0
FTXO.US,D,20201201,000000,21.918,22.222,21.918,22.066,24578,0
FTXO.US,D,20201202,000000,22.21,22.45,22.084,22.398,65158,0
FTXO.US,D,20201203,000000,22.489,22.686,22.352,22.578,16299,0
FTXO.US,D,20201204,000000,22.755,22.978,22.735,22.898,8976,0
FTXO.US,D,20201207,000000,22.583,22.844,22.583,22.761,14710,0
FTXO.US,D,20201208,000000,22.646,22.706,22.587,22.706,22745,0
FTXO.US,D,20201209,000000,22.805,22.933,22.627,22.784,20997,0
FTXO.US,D,20201210,000000,22.528,22.933,22.528,22.91,14362,0
FTXO.US,D,20201211,000000,22.686,22.725,22.506,22.637,21106,0
FTXO.US,D,20201214,000000,22.953,22.953,22.43,22.479,24433,0
FTXO.US,D,20201215,000000,22.686,22.953,22.568,22.887,45144,0
FTXO.US,D,20201216,000000,22.893,22.996,22.726,22.989,21027,0
FTXO.US,D,20201217,000000,23.001,23.021,22.712,22.972,45199,0
FTXO.US,D,20201218,000000,22.963,22.963,22.45,22.581,423337,0
FTXO.US,D,20201221,000000,22.735,22.923,22.499,22.856,30150,0
FTXO.US,D,20201222,000000,22.913,22.973,22.725,22.725,24593,0
FTXO.US,D,20201223,000000,23.224,23.466,23.119,23.431,19808,0
FTXO.US,D,20201224,000000,23.505,23.505,23.1,23.296,5919,0
FTXO.US,D,20201228,000000,23.466,23.555,23.366,23.445,15979,0
FTXO.US,D,20201229,000000,23.524,23.524,23.058,23.152,63978,0
FTXO.US,D,20201230,000000,23.197,23.476,23.197,23.476,221137,0
FTXO.US,D,20201231,000000,23.446,23.664,23.284,23.619,92070,0
FTXO.US,D,20210104,000000,23.753,23.783,23.163,23.534,230897,0
FTXO.US,D,20210105,000000,23.534,23.962,23.436,23.749,136628,0
FTXO.US,D,20210106,000000,24.419,25.81,24.419,25.547,133089,0
FTXO.US,D,20210107,000000,26.207,26.471,26.147,26.147,40440,0
FTXO.US,D,20210108,000000,26.267,26.267,25.512,25.953,160114,0
FTXO.US,D,20210111,000000,25.661,26.383,25.541,26.366,46564,0
FTXO.US,D,20210112,000000,26.604,26.934,26.376,26.833,258168,0
FTXO.US,D,20210113,000000,26.784,26.784,26.396,26.631,99315,0
FTXO.US,D,20210114,000000,26.813,27.26,26.793,27.172,69642,0
FTXO.US,D,20210115,000000,26.913,26.913,26.37,26.513,121576,0
FTXO.US,D,20210119,000000,26.574,26.798,26.52,26.798,85629,0
FTXO.US,D,20210120,000000,26.734,26.734,26.337,26.494,52354,0
FTXO.US,D,20210121,000000,26.535,26.567,25.968,26.084,55968,0
FTXO.US,D,20210122,000000,25.959,26.327,25.959,26.327,34572,0
FTXO.US,D,20210125,000000,26.108,26.197,25.581,26.167,62550,0
FTXO.US,D,20210126,000000,26.287,26.287,25.858,25.858,35507,0
FTXO.US,D,20210127,000000,25.423,25.423,24.946,24.958,134882,0
FTXO.US,D,20210128,000000,25.343,25.601,25.234,25.542,66837,0
FTXO.US,D,20210129,000000,25.601,25.691,24.822,24.945,184875,0
FTXO.US,D,20210201,000000,25.036,25.398,24.886,25.373,44862,0
FTXO.US,D,20210202,000000,25.772,26.207,25.641,26.084,74780,0
FTXO.US,D,20210203,000000,26.048,26.366,26.018,26.341,45802,0
FTXO.US,D,20210204,000000,26.505,27.161,26.505,27.039,48829,0
FTXO.US,D,20210205,000000,27.26,27.269,26.952,27.039,19031,0
FTXO.US,D,20210208,000000,27.26,27.568,27.168,27.568,37675,0
FTXO.US,D,20210209,000000,27.568,27.787,27.38,27.773,41042,0
FTXO.US,D,20210210,000000,27.896,28.144,27.694,27.781,40781,0
FTXO.US,D,20210211,000000,27.817,27.955,27.32,27.646,36020,0
FTXO.US,D,20210212,000000,27.658,28.134,27.658,27.995,59171,0
FTXO.US,D,20210216,000000,28.363,28.979,28.353,28.892,61468,0
FTXO.US,D,20210217,000000,28.711,29.108,28.707,28.939,45039,0
FTXO.US,D,20210218,000000,28.741,28.82,28.353,28.666,36909,0
FTXO.US,D,20210219,000000,28.87,29.595,28.87,29.555,81831,0
FTXO.US,D,20210222,000000,29.445,30.33,29.445,30.141,152859,0
FTXO.US,D,20210223,000000,30.31,30.538,30.032,30.469,84684,0
FTXO.US,D,20210224,000000,30.787,31.522,30.732,31.502,103532,0
FTXO.US,D,20210225,000000,31.86,31.86,30.576,30.628,376105,0
FTXO.US,D,20210226,000000,30.578,30.578,29.555,29.814,206654,0
FTXO.US,D,20210301,000000,30.538,30.985,30.38,30.785,137879,0
FTXO.US,D,20210302,000000,30.698,30.787,30.37,30.405,263832,0
FTXO.US,D,20210303,000000,30.757,31.216,30.459,30.479,177793,0
FTXO.US,D,20210304,000000,30.419,30.897,29.58,30.171,224563,0
FTXO.US,D,20210305,000000,30.847,30.985,29.595,30.887,260385,0
FTXO.US,D,20210308,000000,31.224,32.048,31.179,31.542,421648,0
FTXO.US,D,20210309,000000,31.264,31.288,30.414,30.874,213871,0
FTXO.US,D,20210310,000000,30.827,31.522,30.827,31.483,114723,0
FTXO.US,D,20210311,000000,31.562,31.81,31.269,31.659,203607,0
FTXO.US,D,20210312,000000,32.138,32.377,31.949,32.22,116539,0
FTXO.US,D,20210315,000000,32.357,32.357,31.542,31.924,102738,0
FTXO.US,D,20210316,000000,31.899,31.899,31.194,31.512,68935,0
FTXO.US,D,20210317,000000,31.791,31.85,31.411,31.736,30925,0
FTXO.US,D,20210318,000000,32.148,33.222,31.85,32.019,79764,0
FTXO.US,D,20210319,000000,31.731,31.999,31.008,31.701,106580,0
FTXO.US,D,20210322,000000,31.562,31.562,30.698,30.812,133461,0
FTXO.US,D,20210323,000000,30.628,30.916,29.754,29.942,322860,0
FTXO.US,D,20210324,000000,30.221,30.688,29.67,29.67,46303,0
FTXO.US,D,20210325,000000,29.356,30.7,29.127,30.54,70902,0
FTXO.US,D,20210326,000000,30.998,31.287,30.55,31.006,80146,0
FTXO.US,D,20210329,000000,30.61,30.779,29.834,30.272,35507,0
FTXO.US,D,20210330,000000,30.65,31.406,30.59,31.237,225081,0
FTXO.US,D,20210331,000000,31.187,31.406,30.889,31.047,331175,0
FTXO.US,D,20210401,000000,31.028,31.287,30.939,31.287,67162,0
FTXO.US,D,20210405,000000,31.576,31.685,31.192,31.423,98149,0
FTXO.US,D,20210406,000000,31.297,31.685,31.237,31.507,80851,0
FTXO.US,D,20210407,000000,31.466,31.715,31.177,31.217,41477,0
FTXO.US,D,20210408,000000,31.148,31.596,30.717,31.52,138247,0
FTXO.US,D,20210409,000000,31.755,31.883,31.585,31.839,108349,0
FTXO.US,D,20210412,000000,32.073,32.387,31.993,32.092,117435,0
FTXO.US,D,20210413,000000,32.073,32.073,31.436,31.605,62191,0
FTXO.US,D,20210414,000000,31.715,32.143,31.369,31.516,161003,0
FTXO.US,D,20210415,000000,31.805,31.805,30.913,31.386,114669,0
FTXO.US,D,20210416,000000,31.576,31.675,31.436,31.608,95274,0
FTXO.US,D,20210419,000000,31.516,31.889,31.187,31.292,41574,0
FTXO.US,D,20210420,000000,31.138,31.138,29.983,30.203,54750,0
FTXO.US,D,20210421,000000,30.092,30.998,29.814,30.988,58830,0
FTXO.US,D,20210422,000000,31.028,31.028,30.351,30.393,115649,0
FTXO.US,D,20210423,000000,30.371,31.436,30.252,31.277,26072,0
FTXO.US,D,20210426,000000,31.536,32.004,31.536,31.656,174583,0
FTXO.US,D,20210427,000000,31.685,31.954,31.61,31.934,73701,0
FTXO.US,D,20210428,000000,32.093,32.123,31.824,31.845,106179,0
FTXO.US,D,20210429,000000,32.223,32.452,31.954,32.243,51813,0
FTXO.US,D,20210430,000000,32.024,32.287,31.709,31.735,49193,0
FTXO.US,D,20210503,000000,32.093,32.18,31.581,31.771,61540,0
FTXO.US,D,20210504,000000,31.516,32.123,31.187,32.123,33292,0
FTXO.US,D,20210505,000000,32.282,32.571,31.874,32.312,138241,0
FTXO.US,D,20210506,000000,32.392,32.491,31.854,32.452,67078,0
FTXO.US,D,20210507,000000,32.034,32.57,31.834,32.559,26566,0
FTXO.US,D,20210510,000000,32.77,32.919,32.193,32.193,106223,0
FTXO.US,D,20210511,000000,31.834,32.447,31.665,31.864,75098,0
FTXO.US,D,20210512,000000,32.223,32.302,31.128,31.237,91927,0
FTXO.US,D,20210513,000000,31.367,32.422,31.23,32.262,135081,0
FTXO.US,D,20210514,000000,32.501,32.9,32.243,32.832,49851,0
FTXO.US,D,20210517,000000,32.661,33.009,32.452,32.989,94725,0
FTXO.US,D,20210518,000000,33.039,33.268,32.521,32.551,119454,0
FTXO.US,D,20210519,000000,32.014,32.472,31.645,32.422,79692,0
FTXO.US,D,20210520,000000,32.551,32.571,32.068,32.432,52807,0
FTXO.US,D,20210521,000000,32.561,32.944,32.526,32.71,56439,0
FTXO.US,D,20210524,000000,32.73,32.8,32.412,32.641,56321,0
FTXO.US,D,20210525,000000,32.755,33.119,32.153,32.173,59107,0
FTXO.US,D,20210526,000000,32.362,32.671,32.103,32.631,30015,0
FTXO.US,D,20210527,000000,33.059,33.16,32.861,33.16,32088,0
FTXO.US,D,20210528,000000,33.258,33.258,32.72,32.959,46289,0
FTXO.US,D,20210601,000000,33.248,33.462,33.208,33.338,45200,0
FTXO.US,D,20210602,000000,33.487,33.487,33.044,33.119,64464,0
FTXO.US,D,20210603,000000,33.079,33.397,32.949,33.178,42688,0
FTXO.US,D,20210604,000000,33.228,33.228,32.78,33.148,53409,0
FTXO.US,D,20210607,000000,33.268,33.308,33.049,33.178,34261,0
FTXO.US,D,20210608,000000,32.989,33.029,32.618,32.989,49784,0
FTXO.US,D,20210609,000000,32.82,32.82,32.412,32.511,40872,0
FTXO.US,D,20210610,000000,32.91,32.915,31.824,31.824,38548,0
FTXO.US,D,20210611,000000,31.954,32.162,31.695,31.854,112126,0
FTXO.US,D,20210614,000000,31.854,31.964,31.187,31.317,163020,0
FTXO.US,D,20210615,000000,31.426,32.043,31.277,31.785,187224,0
FTXO.US,D,20210616,000000,31.655,32.073,31.177,31.944,41103,0
FTXO.US,D,20210617,000000,32.173,32.173,30.411,30.421,93603,0
FTXO.US,D,20210618,000000,30.053,30.053,29.416,29.515,90249,0
FTXO.US,D,20210621,000000,29.854,30.491,29.794,30.491,72499,0
FTXO.US,D,20210622,000000,30.481,30.64,30.053,30.471,77402,0
FTXO.US,D,20210623,000000,30.56,30.859,30.545,30.62,30158,0
FTXO.US,D,20210624,000000,30.86,31.239,30.679,31.13,29155,0
FTXO.US,D,20210625,000000,31.24,31.6743,31.1081,31.58,219632,0
FTXO.US,D,20210628,000000,31.55,31.55,30.94,31.1099,367102,0
FTXO.US,D,20210629,000000,31.39,31.395,30.73,30.86,188836,0
FTXO.US,D,20210630,000000,30.79,31.11,30.79,31.03,71455,0
FTXO.US,D,20210701,000000,31.13,31.34,31,31.27,34425,0
FTXO.US,D,20210702,000000,31.33,31.33,30.9768,31.08,53269,0
FTXO.US,D,20210706,000000,31,31,30.105,30.29,52449,0
FTXO.US,D,20210707,000000,30.05,30.39,29.91,30.21,71572,0
FTXO.US,D,20210708,000000,29.52,29.9,29.32,29.55,76908,0
FTXO.US,D,20210709,000000,30.17,30.775,30.17,30.76,56342,0
FTXO.US,D,20210712,000000,30.51,31.09,30.3247,31,53254,0
FTXO.US,D,20210713,000000,30.98,30.98,30.29,30.41,98501,0
FTXO.US,D,20210714,000000,30.44,30.845,29.895,30.26,458040,0
FTXO.US,D,20210715,000000,30.03,30.65,30.03,30.51,244908,0
FTXO.US,D,20210716,000000,30.62,30.62,29.54,29.59,215184,0
FTXO.US,D,20210719,000000,28.89,29.1121,28.4337,28.6,139745,0
FTXO.US,D,20210720,000000,28.57,29.908,28.57,29.49,40787,0
FTXO.US,D,20210721,000000,29.73,30.361,29.73,30.18,31608,0
FTXO.US,D,20210722,000000,30.13,30.13,29.585,29.72,36560,0
FTXO.US,D,20210723,000000,30.04,30.23,29.695,29.8,45307,0
FTXO.US,D,20210726,000000,29.74,30.26,29.74,30.09,25131,0
FTXO.US,D,20210727,000000,29.81,30.1,29.72,29.92,133393,0
FTXO.US,D,20210728,000000,30.08,30.67,29.981,30.4,37908,0
FTXO.US,D,20210729,000000,30.58,30.8099,30.372,30.53,28229,0
FTXO.US,D,20210730,000000,30.32,30.705,30.01,30.0905,34790,0
FTXO.US,D,20210802,000000,30.13,30.7087,29.94,29.95,49772,0
FTXO.US,D,20210803,000000,30.08,30.55,29.54,30.5,33285,0
FTXO.US,D,20210804,000000,30.11,30.6636,30.11,30.32,361791,0
FTXO.US,D,20210805,000000,30.68,30.9,30.58,30.89,36552,0
FTXO.US,D,20210806,000000,31.35,31.8999,31.31,31.7,196758,0
FTXO.US,D,20210809,000000,31.48,31.97,31.3806,31.63,68189,0
FTXO.US,D,20210810,000000,31.64,32.12,31.4804,31.99,112230,0
FTXO.US,D,20210811,000000,32.11,32.56,31.92,32.55,261684,0
FTXO.US,D,20210812,000000,32.63,32.63,32.31,32.51,49501,0
FTXO.US,D,20210813,000000,32.61,32.61,32.07,32.16,86397,0
FTXO.US,D,20210816,000000,31.96,31.96,31.53,31.89,53441,0
FTXO.US,D,20210817,000000,31.66,31.8,31.01,31.33,29198,0
FTXO.US,D,20210818,000000,31.25,31.6,30.98,31.005,23194,0
FTXO.US,D,20210819,000000,30.6,30.9166,30.32,30.54,34279,0
FTXO.US,D,20210820,000000,30.61,30.98,30.5,30.98,45960,0
FTXO.US,D,20210823,000000,31.2,31.42,31.2,31.38,33705,0
FTXO.US,D,20210824,000000,31.44,31.7552,31.44,31.7156,38286,0
FTXO.US,D,20210825,000000,31.82,32.48,31.789,32.21,67104,0
FTXO.US,D,20210826,000000,32.23,32.36,31.78,31.85,53593,0
FTXO.US,D,20210827,000000,31.97,32.5,31.97,32.5,59993,0
FTXO.US,D,20210830,000000,32.52,32.52,31.8,31.8,28174,0
FTXO.US,D,20210831,000000,31.85,32.125,31.755,31.9,50772,0
FTXO.US,D,20210901,000000,32,32,31.51,31.61,27398,0
