<TICKER>,<PER>,<DATE>,<TIME>,<OPEN>,<HIGH>,<LOW>,<CLOSE>,<VOL>,<OPENINT>
GXTG.US,D,20191105,000000,25.906,25.906,25.698,25.698,2515,0
GXTG.US,D,20191106,000000,25.509,25.509,25.509,25.509,164,0
GXTG.US,D,20191107,000000,25.853,25.885,25.808,25.885,926,0
GXTG.US,D,20191108,000000,25.739,25.739,25.739,25.739,446,0
GXTG.US,D,20191111,000000,25.681,25.768,25.681,25.768,3387,0
GXTG.US,D,20191112,000000,25.765,25.765,25.575,25.609,2310,0
GXTG.US,D,20191118,000000,25.926,25.926,25.891,25.891,1299,0
GXTG.US,D,20191119,000000,25.817,25.852,25.739,25.852,4074,0
GXTG.US,D,20191120,000000,25.837,25.837,25.704,25.704,2120,0
GXTG.US,D,20191125,000000,26.123,26.213,26.123,26.213,1047,0
GXTG.US,D,20191126,000000,26.223,26.285,26.223,26.285,523,0
GXTG.US,D,20191127,000000,26.439,26.44,26.403,26.403,316,0
GXTG.US,D,20191129,000000,26.391,26.391,26.391,26.391,442,0
GXTG.US,D,20191202,000000,25.975,25.975,25.941,25.956,1111,0
GXTG.US,D,20191203,000000,25.827,25.886,25.827,25.886,1617,0
GXTG.US,D,20191204,000000,26.163,26.163,26.053,26.053,567,0
GXTG.US,D,20191205,000000,26.103,26.103,26.103,26.103,179,0
GXTG.US,D,20191209,000000,26.272,26.509,26.104,26.104,6004,0
GXTG.US,D,20191210,000000,26.193,26.193,26.079,26.079,2088,0
GXTG.US,D,20191211,000000,27.341,27.341,26.034,26.172,929,0
GXTG.US,D,20191212,000000,26.381,26.464,26.381,26.464,317,0
GXTG.US,D,20191213,000000,26.529,26.609,26.529,26.562,3369,0
GXTG.US,D,20191216,000000,26.788,26.788,26.763,26.763,566,0
GXTG.US,D,20191217,000000,26.809,26.853,26.809,26.821,449,0
GXTG.US,D,20191218,000000,26.848,26.856,26.816,26.816,12143,0
GXTG.US,D,20191219,000000,26.985,27.005,26.941,26.941,1162,0
GXTG.US,D,20191220,000000,27.055,27.055,26.995,27.034,1263,0
GXTG.US,D,20191223,000000,27.078,27.154,27.075,27.108,1675,0
GXTG.US,D,20191224,000000,27.144,27.144,27.05,27.106,563,0
GXTG.US,D,20191227,000000,27.252,27.361,27.252,27.276,2952,0
GXTG.US,D,20191230,000000,27.341,27.341,27.341,27.341,284,0
GXTG.US,D,20191231,000000,27.044,27.098,27.044,27.098,221,0
GXTG.US,D,20200102,000000,27.49,27.584,27.49,27.584,239,0
GXTG.US,D,20200103,000000,27.362,27.401,27.361,27.361,690,0
GXTG.US,D,20200106,000000,27.154,27.362,27.154,27.362,567,0
GXTG.US,D,20200107,000000,27.54,27.61,27.482,27.55,2026,0
GXTG.US,D,20200109,000000,27.823,27.868,27.823,27.839,5225,0
GXTG.US,D,20200114,000000,28.321,28.38,28.319,28.319,332,0
GXTG.US,D,20200115,000000,28.474,28.483,28.34,28.34,4840,0
GXTG.US,D,20200116,000000,28.522,28.568,28.522,28.568,109,0
GXTG.US,D,20200117,000000,28.613,28.642,28.613,28.642,2911,0
GXTG.US,D,20200121,000000,28.484,28.513,28.444,28.464,11358,0
GXTG.US,D,20200122,000000,28.628,28.701,28.522,28.522,3306,0
GXTG.US,D,20200123,000000,28.384,28.494,28.384,28.494,689,0
GXTG.US,D,20200124,000000,28.691,28.691,28.182,28.182,1335,0
GXTG.US,D,20200127,000000,27.52,27.587,27.271,27.543,4949,0
GXTG.US,D,20200129,000000,28.076,28.076,27.99,27.99,2016,0
GXTG.US,D,20200130,000000,27.788,27.788,27.492,27.669,1873,0
GXTG.US,D,20200131,000000,27.351,27.351,27.234,27.234,775,0
GXTG.US,D,20200203,000000,27.64,27.678,27.64,27.658,591,0
GXTG.US,D,20200205,000000,28.625,28.625,28.424,28.424,5625,0
GXTG.US,D,20200206,000000,28.682,28.682,28.562,28.617,5835,0
GXTG.US,D,20200207,000000,28.404,28.425,28.265,28.278,1113,0
GXTG.US,D,20200210,000000,28.265,29.017,28.245,28.489,3421,0
GXTG.US,D,20200211,000000,28.79,28.845,28.78,28.79,1671,0
GXTG.US,D,20200212,000000,29.119,29.149,29.049,29.149,7193,0
GXTG.US,D,20200213,000000,29.039,29.083,29.039,29.079,1550,0
GXTG.US,D,20200214,000000,29.158,29.158,29.129,29.129,75723,0
GXTG.US,D,20200218,000000,29.158,29.158,28.99,29.079,75852,0
GXTG.US,D,20200219,000000,29.407,29.437,29.297,29.387,5682,0
GXTG.US,D,20200220,000000,29.566,29.586,29.139,29.389,37062,0
GXTG.US,D,20200221,000000,28.951,28.97,28.9,28.92,1744,0
GXTG.US,D,20200224,000000,27.828,27.858,27.768,27.782,1791,0
GXTG.US,D,20200225,000000,27.699,27.699,27.174,27.174,592,0
GXTG.US,D,20200226,000000,27.321,27.321,27.104,27.104,957,0
GXTG.US,D,20200227,000000,26.378,26.776,25.971,26.092,4219,0
GXTG.US,D,20200228,000000,25.078,25.902,25.078,25.867,2679,0
GXTG.US,D,20200302,000000,25.754,26.625,25.754,26.625,4085,0
GXTG.US,D,20200303,000000,26.605,27.164,25.872,26.1,5789,0
GXTG.US,D,20200304,000000,26.418,26.945,26.418,26.915,8095,0
GXTG.US,D,20200305,000000,26.507,26.637,26.12,26.325,2812,0
GXTG.US,D,20200306,000000,25.644,26.001,25.409,25.794,1973,0
GXTG.US,D,20200309,000000,19.637,24.439,19.637,23.967,4433,0
GXTG.US,D,20200310,000000,24.374,24.82,24.025,24.82,7404,0
GXTG.US,D,20200311,000000,23.837,23.927,23.386,23.66,1914,0
GXTG.US,D,20200312,000000,21.464,21.832,21.375,21.39,2847,0
GXTG.US,D,20200313,000000,21.395,22.556,21.395,22.522,2164,0
GXTG.US,D,20200316,000000,20.948,20.958,19.778,19.778,2815,0
GXTG.US,D,20200317,000000,19.789,20.592,19.789,20.592,809,0
GXTG.US,D,20200318,000000,19.885,19.885,18.139,18.997,2414,0
GXTG.US,D,20200319,000000,19.37,19.668,19.37,19.668,391,0
GXTG.US,D,20200320,000000,20.382,20.382,19.259,19.259,3163,0
GXTG.US,D,20200323,000000,19.142,19.142,18.863,18.863,2094,0
GXTG.US,D,20200324,000000,20.621,20.9,20.402,20.9,904,0
GXTG.US,D,20200325,000000,21.335,22.188,21.332,21.545,928,0
GXTG.US,D,20200326,000000,21.971,22.546,21.971,22.416,749,0
GXTG.US,D,20200327,000000,21.872,21.921,21.872,21.921,451,0
GXTG.US,D,20200331,000000,22.288,22.288,21.897,21.897,898,0
GXTG.US,D,20200401,000000,21.316,21.435,20.964,20.964,912,0
GXTG.US,D,20200402,000000,21.196,21.196,21.196,21.196,344,0
GXTG.US,D,20200403,000000,21.322,21.322,20.829,20.93,685,0
GXTG.US,D,20200406,000000,22.11,22.44,22.11,22.44,1448,0
GXTG.US,D,20200407,000000,23.291,23.291,22.542,22.542,6079,0
GXTG.US,D,20200408,000000,22.834,23.082,22.834,23.082,1290,0
GXTG.US,D,20200409,000000,23.529,23.581,23.529,23.581,434,0
GXTG.US,D,20200413,000000,23.479,23.528,23.46,23.46,1352,0
GXTG.US,D,20200414,000000,24.005,24.26,24.005,24.26,865,0
GXTG.US,D,20200415,000000,23.489,23.737,23.489,23.731,464,0
GXTG.US,D,20200416,000000,24.115,24.115,23.788,24.054,1700,0
GXTG.US,D,20200417,000000,24.446,24.663,24.437,24.663,1647,0
GXTG.US,D,20200420,000000,24.185,24.185,24.185,24.185,1508,0
GXTG.US,D,20200421,000000,24.324,24.324,23.807,23.86,4342,0
GXTG.US,D,20200423,000000,24.74,24.87,24.619,24.619,1247,0
GXTG.US,D,20200427,000000,25.565,25.674,25.449,25.61,2556,0
GXTG.US,D,20200428,000000,25.599,25.743,25.451,25.451,550,0
GXTG.US,D,20200429,000000,26.167,26.308,26.167,26.308,645,0
GXTG.US,D,20200430,000000,26.087,26.21,25.843,25.843,274,0
GXTG.US,D,20200501,000000,25.118,25.118,25.014,25.014,186,0
GXTG.US,D,20200504,000000,24.82,25.505,24.82,25.35,1472,0
GXTG.US,D,20200505,000000,25.996,26.06,25.85,25.85,2065,0
GXTG.US,D,20200506,000000,26.08,26.13,25.971,26.021,1146,0
GXTG.US,D,20200507,000000,26.815,27.093,26.646,26.646,2052,0
GXTG.US,D,20200508,000000,26.932,27.158,26.885,27.158,896,0
GXTG.US,D,20200511,000000,27.331,27.48,27.331,27.48,379,0
GXTG.US,D,20200512,000000,27.49,27.52,26.798,26.798,1486,0
GXTG.US,D,20200513,000000,26.418,26.657,26.298,26.535,3264,0
GXTG.US,D,20200514,000000,26.309,26.529,26.309,26.529,503,0
GXTG.US,D,20200515,000000,26.595,26.805,26.595,26.748,1048,0
GXTG.US,D,20200518,000000,27.48,27.748,27.48,27.66,864,0
GXTG.US,D,20200519,000000,27.798,28.057,27.595,27.595,3281,0
GXTG.US,D,20200520,000000,28.097,28.275,28.077,28.152,5127,0
GXTG.US,D,20200521,000000,28.057,28.225,27.788,28.007,3803,0
GXTG.US,D,20200522,000000,27.802,28.235,27.802,28.053,6759,0
GXTG.US,D,20200526,000000,28.844,28.94,28.592,28.592,12410,0
GXTG.US,D,20200527,000000,28.255,28.403,28.245,28.403,1301,0
GXTG.US,D,20200528,000000,28.88,28.88,28.474,28.474,1340,0
GXTG.US,D,20200529,000000,28.474,28.891,27.004,28.891,5340,0
GXTG.US,D,20200601,000000,29.049,29.407,29.049,29.399,3062,0
GXTG.US,D,20200602,000000,29.536,29.724,29.536,29.71,2635,0
GXTG.US,D,20200603,000000,30.037,30.12,30.037,30.09,719,0
GXTG.US,D,20200604,000000,30.17,30.17,29.675,29.775,1603,0
GXTG.US,D,20200605,000000,30.042,30.399,30.042,30.332,2245,0
GXTG.US,D,20200609,000000,30.38,30.579,30.38,30.467,1105,0
GXTG.US,D,20200610,000000,30.667,30.667,30.572,30.598,3783,0
GXTG.US,D,20200612,000000,29.754,29.754,29.064,29.426,2932,0
GXTG.US,D,20200615,000000,29.446,29.923,29.298,29.808,1882,0
GXTG.US,D,20200616,000000,30.657,30.657,30.315,30.315,547,0
GXTG.US,D,20200617,000000,30.608,30.667,30.598,30.618,2805,0
GXTG.US,D,20200619,000000,30.847,31.173,30.549,30.575,2773,0
GXTG.US,D,20200622,000000,30.797,31.006,30.797,30.996,1098,0
GXTG.US,D,20200623,000000,31.372,31.462,31.332,31.332,6837,0
GXTG.US,D,20200624,000000,31.243,31.243,30.36,30.589,1976,0
GXTG.US,D,20200626,000000,30.34,30.529,30.34,30.394,16055,0
GXTG.US,D,20200629,000000,32.659,32.659,30.344,30.344,4430,0
GXTG.US,D,20200630,000000,30.721,31.03,30.643,31.03,2626,0
GXTG.US,D,20200701,000000,31.298,31.349,29.877,31.297,57975,0
GXTG.US,D,20200702,000000,31.655,31.655,31.625,31.625,554,0
GXTG.US,D,20200706,000000,31.595,32.659,31.595,32.489,2299,0
GXTG.US,D,20200707,000000,33.622,33.622,32.381,32.381,2541,0
GXTG.US,D,20200708,000000,33.523,33.523,32.619,32.867,4187,0
GXTG.US,D,20200709,000000,33.083,33.083,32.922,32.97,2325,0
GXTG.US,D,20200710,000000,33.036,33.036,32.937,33.007,2439,0
GXTG.US,D,20200713,000000,33.285,33.642,32.473,32.473,2717,0
GXTG.US,D,20200714,000000,32.251,32.543,32.251,32.543,580,0
GXTG.US,D,20200715,000000,32.961,33.116,32.961,33.096,3462,0
GXTG.US,D,20200716,000000,32.888,32.888,32.414,32.414,2560,0
GXTG.US,D,20200717,000000,32.441,32.589,32.441,32.589,733,0
GXTG.US,D,20200720,000000,33.321,33.37,33.321,33.363,958,0
GXTG.US,D,20200721,000000,33.612,33.612,33.276,33.276,4824,0
GXTG.US,D,20200722,000000,32.539,33.563,32.539,33.25,3081,0
GXTG.US,D,20200723,000000,33.553,33.553,33.003,33.003,568,0
GXTG.US,D,20200724,000000,32.46,32.46,32.46,32.46,547,0
GXTG.US,D,20200727,000000,32.788,33.146,32.629,33.146,5601,0
GXTG.US,D,20200728,000000,33.046,33.066,32.858,32.858,2439,0
GXTG.US,D,20200729,000000,33.394,33.563,33.34,33.563,897,0
GXTG.US,D,20200730,000000,33.285,33.345,33.285,33.345,804,0
GXTG.US,D,20200731,000000,33.642,33.752,33.414,33.571,4146,0
GXTG.US,D,20200803,000000,34.646,34.646,34.333,34.477,7322,0
GXTG.US,D,20200804,000000,35.123,35.123,34.326,34.437,7498,0
GXTG.US,D,20200805,000000,34.969,35.212,34.969,35.053,6409,0
GXTG.US,D,20200806,000000,35.063,35.203,34.954,35.124,5998,0
GXTG.US,D,20200807,000000,35.123,35.123,34.884,34.884,4033,0
GXTG.US,D,20200810,000000,34.974,34.974,34.616,34.616,2286,0
GXTG.US,D,20200811,000000,34.606,34.909,34.477,34.477,30465,0
GXTG.US,D,20200812,000000,34.536,35.063,34.536,34.924,23057,0
GXTG.US,D,20200813,000000,35.013,35.123,34.902,34.902,3119,0
GXTG.US,D,20200814,000000,34.934,34.934,34.716,34.73,3177,0
GXTG.US,D,20200817,000000,35.063,35.312,35.063,35.283,2377,0
GXTG.US,D,20200818,000000,35.67,35.67,35.244,35.399,23502,0
GXTG.US,D,20200819,000000,35.51,35.67,35.326,35.52,12003,0
GXTG.US,D,20200820,000000,35.421,35.421,34.974,35.173,2323,0
GXTG.US,D,20200821,000000,35.102,35.133,35.031,35.123,3508,0
GXTG.US,D,20200824,000000,35.67,35.67,35.371,35.431,3964,0
GXTG.US,D,20200825,000000,35.6,35.858,35.52,35.858,3968,0
GXTG.US,D,20200826,000000,35.838,36.236,35.838,36.092,5454,0
GXTG.US,D,20200827,000000,36.394,36.394,35.967,36.027,11085,0
GXTG.US,D,20200828,000000,36.166,36.166,36.034,36.127,11784,0
GXTG.US,D,20200831,000000,36.077,37.418,35.967,36.067,49829,0
GXTG.US,D,20200901,000000,36.246,36.295,36.017,36.166,8766,0
GXTG.US,D,20200902,000000,36.653,36.733,35.997,36.107,4295,0
GXTG.US,D,20200903,000000,35.878,36.067,34.548,34.843,25908,0
GXTG.US,D,20200904,000000,34.726,34.726,32.917,34.308,22737,0
GXTG.US,D,20200908,000000,33.98,33.98,32.816,32.858,7477,0
GXTG.US,D,20200909,000000,33.335,33.717,33.335,33.516,8470,0
GXTG.US,D,20200910,000000,33.483,33.91,32.976,33.173,3186,0
GXTG.US,D,20200911,000000,33.056,33.235,32.768,32.818,2355,0
GXTG.US,D,20200914,000000,33.265,33.538,33.265,33.538,2219,0
GXTG.US,D,20200915,000000,34.358,34.358,33.851,33.97,3940,0
GXTG.US,D,20200916,000000,34.199,34.437,34.079,34.079,1606,0
GXTG.US,D,20200917,000000,33.881,33.881,33.652,33.763,1951,0
GXTG.US,D,20200918,000000,34.02,34.02,33.76,33.76,884,0
GXTG.US,D,20200921,000000,33.473,33.473,32.788,33.292,4389,0
GXTG.US,D,20200922,000000,33.245,33.635,33.205,33.635,913,0
GXTG.US,D,20200923,000000,33.642,33.642,32.804,32.804,982,0
GXTG.US,D,20200924,000000,32.539,32.589,32.222,32.493,9211,0
GXTG.US,D,20200925,000000,32.659,33.096,32.659,33.053,1862,0
GXTG.US,D,20200928,000000,33.652,33.652,33.225,33.285,9126,0
GXTG.US,D,20200929,000000,33.677,33.677,33.677,33.677,594,0
GXTG.US,D,20200930,000000,33.712,33.95,33.593,33.743,21898,0
GXTG.US,D,20201001,000000,34.03,34.15,34.001,34.15,805,0
GXTG.US,D,20201002,000000,33.414,33.974,33.414,33.717,7428,0
GXTG.US,D,20201005,000000,34.015,34.581,34.015,34.576,1492,0
GXTG.US,D,20201006,000000,34.827,35.053,34.313,34.313,2330,0
GXTG.US,D,20201007,000000,34.835,35.282,34.835,35.189,14092,0
GXTG.US,D,20201008,000000,35.769,36.017,35.52,35.934,2906,0
GXTG.US,D,20201009,000000,36.444,36.574,36.345,36.504,3976,0
GXTG.US,D,20201012,000000,36.703,37.138,36.703,36.96,4689,0
GXTG.US,D,20201013,000000,36.941,36.961,36.861,36.946,889,0
GXTG.US,D,20201014,000000,36.871,36.871,36.513,36.513,4350,0
GXTG.US,D,20201015,000000,36.017,36.077,35.61,36.03,2741,0
GXTG.US,D,20201016,000000,36.251,36.325,36.1,36.1,923,0
GXTG.US,D,20201019,000000,36.364,36.504,36.364,36.504,681,0
GXTG.US,D,20201020,000000,36.454,36.454,36.195,36.195,9226,0
GXTG.US,D,20201021,000000,36.285,36.285,35.977,35.977,3567,0
GXTG.US,D,20201022,000000,36.047,36.117,36.047,36.065,1699,0
GXTG.US,D,20201023,000000,35.957,36.135,35.957,36.103,1776,0
GXTG.US,D,20201026,000000,39.593,39.713,35.263,35.361,9596,0
GXTG.US,D,20201027,000000,35.789,35.817,35.739,35.798,2195,0
GXTG.US,D,20201028,000000,34.979,34.979,34.721,34.742,1898,0
GXTG.US,D,20201029,000000,34.964,35.341,34.884,35.341,2884,0
GXTG.US,D,20201030,000000,34.884,34.884,33.942,34.167,5871,0
GXTG.US,D,20201102,000000,34.746,34.974,34.617,34.974,1941,0
GXTG.US,D,20201103,000000,35.183,35.62,35.183,35.62,1020,0
GXTG.US,D,20201104,000000,36.068,36.623,35.917,36.434,3946,0
GXTG.US,D,20201105,000000,37.423,38.243,37.423,38.243,1883,0
GXTG.US,D,20201106,000000,39.028,39.852,38.521,39.256,25319,0
GXTG.US,D,20201109,000000,41.879,41.879,39.073,39.136,17879,0
GXTG.US,D,20201110,000000,38.988,38.988,37.458,37.785,7625,0
GXTG.US,D,20201111,000000,38.362,38.421,37.885,38.282,4524,0
GXTG.US,D,20201112,000000,38.272,38.669,38.039,38.039,10553,0
GXTG.US,D,20201113,000000,38.431,38.46,38.354,38.445,3633,0
GXTG.US,D,20201116,000000,38.938,38.938,38.412,38.631,32827,0
GXTG.US,D,20201117,000000,38.491,38.859,38.485,38.794,6756,0
GXTG.US,D,20201118,000000,39.063,39.063,38.621,38.621,9159,0
GXTG.US,D,20201119,000000,38.501,38.819,38.501,38.749,3288,0
GXTG.US,D,20201120,000000,38.918,39.296,38.918,39.068,22453,0
GXTG.US,D,20201123,000000,39.246,39.454,39.226,39.334,11278,0
GXTG.US,D,20201124,000000,39.743,40.557,39.743,40.339,9946,0
GXTG.US,D,20201125,000000,40.18,40.469,40.11,40.434,4111,0
GXTG.US,D,20201127,000000,40.736,41.66,40.736,41.521,17515,0
GXTG.US,D,20201130,000000,41.73,42.307,41.094,42.217,20979,0
GXTG.US,D,20201201,000000,43.528,43.528,41.929,41.929,10112,0
GXTG.US,D,20201202,000000,41.84,42.153,41.343,42.153,3859,0
GXTG.US,D,20201203,000000,42.336,42.853,42.336,42.704,6546,0
GXTG.US,D,20201204,000000,42.893,43.428,42.893,42.942,10664,0
GXTG.US,D,20201207,000000,42.903,43.231,42.903,43.041,16551,0
GXTG.US,D,20201208,000000,43.141,43.434,43.056,43.413,6970,0
GXTG.US,D,20201209,000000,43.071,43.658,42.107,42.426,25295,0
GXTG.US,D,20201210,000000,42.008,43.248,41.993,43.248,5904,0
GXTG.US,D,20201211,000000,42.982,42.982,42.495,42.823,5246,0
GXTG.US,D,20201214,000000,43.091,43.666,42.982,42.982,9179,0
GXTG.US,D,20201215,000000,43.27,43.459,42.972,43.459,12580,0
GXTG.US,D,20201216,000000,44.849,44.849,43.797,43.876,13598,0
GXTG.US,D,20201217,000000,43.955,44.105,43.849,43.992,9203,0
GXTG.US,D,20201218,000000,44.055,44.324,44.055,44.204,6189,0
GXTG.US,D,20201221,000000,44.899,44.899,43.717,44.343,9750,0
GXTG.US,D,20201222,000000,44.612,45.088,44.587,44.909,11656,0
GXTG.US,D,20201223,000000,45.605,45.605,44.711,45.208,20724,0
GXTG.US,D,20201224,000000,45.128,45.128,44.449,44.621,6658,0
GXTG.US,D,20201228,000000,45.108,45.143,44.324,44.324,13726,0
GXTG.US,D,20201229,000000,44.145,44.276,43.221,43.583,13482,0
GXTG.US,D,20201230,000000,43.798,44.327,43.798,44.214,7155,0
GXTG.US,D,20201231,000000,44.895,44.895,43.603,43.647,8604,0
GXTG.US,D,20210104,000000,45.334,45.334,44.229,44.496,21295,0
GXTG.US,D,20210105,000000,44.526,45.635,44.516,45.618,6186,0
GXTG.US,D,20210106,000000,45.654,46.871,45.654,46.213,10989,0
GXTG.US,D,20210107,000000,46.093,47.719,46.093,47.538,42553,0
GXTG.US,D,20210108,000000,47.679,47.969,47.24,47.605,13169,0
GXTG.US,D,20210111,000000,47.081,47.924,46.751,47.486,9876,0
GXTG.US,D,20210112,000000,47.759,48.198,47.689,48.198,16551,0
GXTG.US,D,20210113,000000,48.188,49.182,48.188,48.742,32446,0
GXTG.US,D,20210114,000000,49.516,50.793,49.516,50.533,46819,0
GXTG.US,D,20210115,000000,51.082,51.871,49.895,50.216,29222,0
GXTG.US,D,20210119,000000,51.781,51.781,49.996,51.067,39622,0
GXTG.US,D,20210120,000000,51.372,51.721,51.062,51.461,24842,0
GXTG.US,D,20210121,000000,51.93,51.93,50.534,50.964,28844,0
GXTG.US,D,20210122,000000,51.621,51.621,49.945,50.868,20064,0
GXTG.US,D,20210125,000000,50.992,51.278,49.431,50.294,26753,0
GXTG.US,D,20210126,000000,50.623,50.873,50.284,50.374,19739,0
GXTG.US,D,20210127,000000,49.785,50.263,48.648,49.327,54954,0
GXTG.US,D,20210128,000000,49.366,50.32,49.366,49.805,17702,0
GXTG.US,D,20210129,000000,49.855,49.855,48.348,48.667,140352,0
GXTG.US,D,20210201,000000,48.957,49.775,48.897,49.735,13167,0
GXTG.US,D,20210202,000000,50.563,52.639,50.563,52.389,31734,0
GXTG.US,D,20210203,000000,54.295,54.475,53.657,53.826,45340,0
GXTG.US,D,20210204,000000,54.076,54.495,53.507,54.335,47977,0
GXTG.US,D,20210205,000000,54.794,54.908,54.006,54.693,27237,0
GXTG.US,D,20210208,000000,55.822,57.289,55.403,57.289,162566,0
GXTG.US,D,20210209,000000,59.085,61.236,58.377,60.592,130571,0
GXTG.US,D,20210210,000000,63.197,66.3,60.964,65.133,129414,0
GXTG.US,D,20210211,000000,65.073,65.073,57.589,57.878,265031,0
GXTG.US,D,20210212,000000,56.631,58.962,55.633,57.02,129003,0
GXTG.US,D,20210216,000000,58.267,58.666,57.579,58.497,62579,0
GXTG.US,D,20210217,000000,57.928,57.928,55.962,56.67,49213,0
GXTG.US,D,20210218,000000,56.88,56.88,54.755,54.774,73781,0
GXTG.US,D,20210219,000000,55.253,56.172,54.994,55.712,39310,0
GXTG.US,D,20210222,000000,54.884,54.894,53.497,53.507,36866,0
GXTG.US,D,20210223,000000,51.891,52.457,48.667,52.36,86263,0
GXTG.US,D,20210224,000000,52.419,53.337,51.84,53.128,28224,0
GXTG.US,D,20210225,000000,53.138,53.517,50.558,50.693,34112,0
GXTG.US,D,20210226,000000,50.633,51.23,49.496,50.354,89574,0
GXTG.US,D,20210301,000000,51.541,52.218,51.412,52.09,97335,0
GXTG.US,D,20210302,000000,52.2,52.27,51.392,51.392,16511,0
GXTG.US,D,20210303,000000,51.262,51.262,49.234,49.366,40616,0
GXTG.US,D,20210304,000000,48.727,49.047,46.462,47.097,129665,0
GXTG.US,D,20210305,000000,47.39,47.56,44.699,47.55,50111,0
GXTG.US,D,20210308,000000,47.121,47.58,45.923,45.923,26827,0
GXTG.US,D,20210309,000000,47.49,48.717,47.49,48.468,21395,0
GXTG.US,D,20210310,000000,49.456,49.456,47.969,48.16,57358,0
GXTG.US,D,20210311,000000,49.226,50.371,49.226,50.364,29572,0
GXTG.US,D,20210312,000000,49.565,50.015,48.947,50.015,32611,0
GXTG.US,D,20210315,000000,49.935,50.623,49.695,50.514,13976,0
GXTG.US,D,20210316,000000,50.893,50.893,49.705,49.99,19217,0
GXTG.US,D,20210317,000000,49.506,50.751,49.126,50.406,17561,0
GXTG.US,D,20210318,000000,49.995,49.995,48.308,48.308,25792,0
GXTG.US,D,20210319,000000,48.637,49.296,48.47,49.186,36700,0
GXTG.US,D,20210322,000000,50.384,50.384,49.086,49.326,25682,0
GXTG.US,D,20210323,000000,48.917,49.037,48.012,48.158,40243,0
GXTG.US,D,20210324,000000,48.218,48.218,46.529,46.529,32851,0
GXTG.US,D,20210325,000000,46.103,46.851,45.574,46.756,26736,0
GXTG.US,D,20210326,000000,47.131,47.27,46.14,47.27,18070,0
GXTG.US,D,20210329,000000,46.801,46.985,46.135,46.389,16143,0
GXTG.US,D,20210330,000000,45.833,46.763,45.788,46.522,14883,0
GXTG.US,D,20210331,000000,47.001,47.989,47.001,47.823,16766,0
GXTG.US,D,20210401,000000,48.697,49.256,48.518,48.807,21099,0
GXTG.US,D,20210405,000000,49.585,49.585,48.906,49.076,16097,0
GXTG.US,D,20210406,000000,49.236,49.754,49.156,49.221,12328,0
GXTG.US,D,20210407,000000,49.036,49.074,48.498,48.577,10889,0
GXTG.US,D,20210408,000000,48.827,49.396,48.827,49.241,9767,0
GXTG.US,D,20210409,000000,48.987,49.316,48.907,49.316,15033,0
GXTG.US,D,20210412,000000,49.186,49.186,48.328,48.625,14871,0
GXTG.US,D,20210413,000000,48.677,49.635,48.677,49.605,18247,0
GXTG.US,D,20210414,000000,49.705,50.004,49.286,49.326,20928,0
GXTG.US,D,20210415,000000,49.575,49.895,49.575,49.865,29813,0
GXTG.US,D,20210416,000000,49.925,49.925,49.176,49.296,19844,0
GXTG.US,D,20210419,000000,49.196,49.526,48.789,49.076,11207,0
GXTG.US,D,20210420,000000,48.857,49.096,47.967,48.209,17834,0
GXTG.US,D,20210421,000000,47.899,48.837,47.719,48.797,14091,0
GXTG.US,D,20210422,000000,49.296,49.763,48.77,49.038,17347,0
GXTG.US,D,20210423,000000,48.957,49.895,48.957,49.855,10486,0
GXTG.US,D,20210426,000000,50.024,50.813,50.024,50.803,14532,0
GXTG.US,D,20210427,000000,50.893,50.893,50.354,50.484,13944,0
GXTG.US,D,20210428,000000,50.394,50.693,50.154,50.603,15740,0
GXTG.US,D,20210429,000000,50.943,50.943,49.568,50.124,8728,0
GXTG.US,D,20210430,000000,49.745,49.905,49.156,49.426,30519,0
GXTG.US,D,20210503,000000,49.605,49.605,48.498,48.498,10801,0
GXTG.US,D,20210504,000000,48.238,48.238,46.861,47.31,30642,0
GXTG.US,D,20210505,000000,47.759,47.799,47.003,47.25,19651,0
GXTG.US,D,20210506,000000,46.951,46.951,46.033,46.272,63429,0
GXTG.US,D,20210507,000000,46.791,47.63,46.791,47.34,18292,0
GXTG.US,D,20210510,000000,47.33,47.33,45.963,46.003,17304,0
GXTG.US,D,20210511,000000,44.376,45.903,44.017,45.744,15448,0
GXTG.US,D,20210512,000000,44.955,45.452,44.412,44.496,12673,0
GXTG.US,D,20210513,000000,44.496,44.708,43.513,43.917,17909,0
GXTG.US,D,20210514,000000,44.157,45.474,44.157,45.294,10278,0
GXTG.US,D,20210517,000000,45.364,45.364,44.905,45.13,4971,0
GXTG.US,D,20210518,000000,45.284,46.123,45.284,45.835,15364,0
GXTG.US,D,20210519,000000,44.796,45.444,44.796,45.354,8525,0
GXTG.US,D,20210520,000000,45.943,46.741,45.943,46.642,27660,0
GXTG.US,D,20210521,000000,46.851,46.961,46.564,46.682,12595,0
GXTG.US,D,20210524,000000,46.851,47.19,46.851,46.911,18638,0
GXTG.US,D,20210525,000000,47.28,47.41,47.081,47.27,7895,0
GXTG.US,D,20210526,000000,47.52,47.889,47.4,47.79,6046,0
GXTG.US,D,20210527,000000,47.999,48.078,47.686,47.949,14042,0
GXTG.US,D,20210528,000000,48.208,48.697,48.188,48.408,40889,0
GXTG.US,D,20210601,000000,49.067,49.086,48.218,48.662,10212,0
GXTG.US,D,20210602,000000,48.568,48.725,48.428,48.637,8428,0
GXTG.US,D,20210603,000000,48.647,48.647,48.059,48.188,8595,0
GXTG.US,D,20210604,000000,48.597,48.666,48.538,48.568,5839,0
GXTG.US,D,20210607,000000,48.807,49.236,48.503,49.067,10718,0
GXTG.US,D,20210608,000000,49.526,49.526,48.857,49.33,4928,0
GXTG.US,D,20210609,000000,49.555,49.725,49.266,49.406,10774,0
GXTG.US,D,20210610,000000,49.575,49.895,49.396,49.895,20385,0
GXTG.US,D,20210611,000000,49.995,50.264,49.895,50.194,11605,0
GXTG.US,D,20210614,000000,50.374,50.613,50.374,50.469,12916,0
GXTG.US,D,20210615,000000,50.793,50.793,49.935,49.945,47203,0
GXTG.US,D,20210616,000000,50.034,50.034,49.218,49.526,9698,0
GXTG.US,D,20210617,000000,49.725,50.283,49.725,50.199,5821,0
GXTG.US,D,20210618,000000,50.254,50.274,49.885,50.144,8330,0
GXTG.US,D,20210621,000000,50.144,50.454,49.633,50.454,64055,0
GXTG.US,D,20210622,000000,50.134,50.472,50.064,50.472,10180,0
GXTG.US,D,20210623,000000,50.633,51.112,50.633,51.002,10942,0
GXTG.US,D,20210624,000000,51.262,51.691,51.262,51.691,14008,0
GXTG.US,D,20210625,000000,51.861,51.861,51.411,51.751,19600,0
GXTG.US,D,20210628,000000,52.08,52.25,51.98,52.15,14005,0
GXTG.US,D,20210629,000000,52.3,52.303,51.76,52.119,14657,0
GXTG.US,D,20210630,000000,52.21,52.21,51.62,51.62,5681,0
GXTG.US,D,20210701,000000,51.63,51.919,51.46,51.725,7373,0
GXTG.US,D,20210702,000000,51.91,51.91,51.43,51.645,9479,0
GXTG.US,D,20210706,000000,51.66,51.675,51.11,51.405,9475,0
GXTG.US,D,20210707,000000,51.87,52,51.07,51.3805,11735,0
GXTG.US,D,20210708,000000,50.46,50.92,50.39,50.82,13131,0
GXTG.US,D,20210709,000000,51.23,51.63,51,51.555,16371,0
GXTG.US,D,20210712,000000,51.85,52.03,51.5301,51.79,4515,0
GXTG.US,D,20210713,000000,51.61,51.8299,51.12,51.12,6520,0
GXTG.US,D,20210714,000000,51.51,51.51,50.4,50.42,13705,0
GXTG.US,D,20210715,000000,50.3,50.39,49.6565,49.7963,10028,0
GXTG.US,D,20210716,000000,49.89,50.08,49.2323,49.375,6746,0
GXTG.US,D,20210719,000000,48.77,49.22,48.3,48.82,19946,0
GXTG.US,D,20210720,000000,49.17,50.2477,48.91,50.12,27000,0
GXTG.US,D,20210721,000000,50.5,50.98,50.5,50.98,5949,0
GXTG.US,D,20210722,000000,51.04,51.04,50.75,50.81,9902,0
GXTG.US,D,20210723,000000,51.12,51.12,50.316,50.6524,14783,0
GXTG.US,D,20210726,000000,50.65,50.6839,50.25,50.54,16658,0
GXTG.US,D,20210727,000000,50.16,50.16,48.842,49.42,10807,0
GXTG.US,D,20210728,000000,49.84,50.8899,49.84,50.8233,23356,0
GXTG.US,D,20210729,000000,51.15,51.39,50.9001,50.99,25449,0
GXTG.US,D,20210730,000000,50.5,50.875,50.475,50.63,16952,0
GXTG.US,D,20210802,000000,50.96,51.2973,50.89,50.98,13115,0
GXTG.US,D,20210803,000000,50.89,50.89,50.145,50.46,9282,0
GXTG.US,D,20210804,000000,50.85,51.21,50.85,50.995,9934,0
GXTG.US,D,20210805,000000,51.16,52,51.15,51.9737,14937,0
GXTG.US,D,20210806,000000,51.99,51.99,51.5304,51.66,17165,0
GXTG.US,D,20210809,000000,51.69,52.0299,51.69,51.8644,6494,0
GXTG.US,D,20210810,000000,52,52.031,51.39,51.59,7000,0
GXTG.US,D,20210811,000000,51.73,51.95,51.44,51.678,13117,0
GXTG.US,D,20210812,000000,51.66,51.75,51.43,51.74,9957,0
GXTG.US,D,20210813,000000,51.62,51.7,51.2919,51.46,10139,0
GXTG.US,D,20210816,000000,51.13,51.13,50.32,50.62,13400,0
GXTG.US,D,20210817,000000,50.06,50.07,49.54,49.945,10213,0
GXTG.US,D,20210818,000000,50.19,50.5896,50.14,50.2522,11314,0
GXTG.US,D,20210819,000000,49.78,50.005,49.59,49.66,8341,0
GXTG.US,D,20210820,000000,49.55,50.33,49.55,50.299,8043,0
GXTG.US,D,20210823,000000,50.78,51.64,50.78,51.535,12136,0
GXTG.US,D,20210824,000000,51.86,52.44,51.79,52.242,9826,0
GXTG.US,D,20210825,000000,52.24,52.5,52.24,52.44,7854,0
GXTG.US,D,20210826,000000,52.51,52.56,51.71,51.71,6606,0
GXTG.US,D,20210827,000000,51.92,52.929,51.92,52.78,14985,0
GXTG.US,D,20210830,000000,53.1,53.3,52.79,53.125,13471,0
GXTG.US,D,20210831,000000,53.1,53.225,52.926,53.07,4116,0
GXTG.US,D,20210901,000000,53.15,53.86,53.1499,53.7282,12292,0
