<TICKER>,<PER>,<DATE>,<TIME>,<OPEN>,<HIGH>,<LOW>,<CLOSE>,<VOL>,<OPENINT>
IBTD.US,D,20200303,000000,25.282,25.282,25.225,25.262,2707,0
IBTD.US,D,20200306,000000,25.412,25.412,25.382,25.382,159,0
IBTD.US,D,20200309,000000,25.532,25.552,25.482,25.482,7379,0
IBTD.US,D,20200310,000000,25.452,25.452,25.452,25.452,100,0
IBTD.US,D,20200311,000000,25.362,25.362,25.312,25.312,600,0
IBTD.US,D,20200312,000000,25.372,25.372,25.372,25.372,1907,0
IBTD.US,D,20200313,000000,25.352,27.855,25.292,25.292,380316,0
IBTD.US,D,20200316,000000,25.482,25.502,25.422,25.432,31166,0
IBTD.US,D,20200317,000000,25.447,25.447,25.324,25.324,537,0
IBTD.US,D,20200318,000000,25.302,25.362,25.193,25.235,5367,0
IBTD.US,D,20200319,000000,25.262,25.354,25.262,25.337,4748,0
IBTD.US,D,20200320,000000,25.366,25.502,25.366,25.452,2709,0
IBTD.US,D,20200323,000000,25.692,25.692,25.552,25.562,3164,0
IBTD.US,D,20200324,000000,25.522,25.522,25.452,25.457,5529,0
IBTD.US,D,20200325,000000,25.522,25.522,25.462,25.492,859,0
IBTD.US,D,20200327,000000,25.541,25.602,25.541,25.602,2076,0
IBTD.US,D,20200330,000000,25.642,25.715,25.588,25.602,52834,0
IBTD.US,D,20200331,000000,25.672,25.672,25.627,25.627,3465,0
IBTD.US,D,20200401,000000,25.627,25.661,25.627,25.632,895,0
IBTD.US,D,20200402,000000,25.662,25.662,25.627,25.627,1406,0
IBTD.US,D,20200403,000000,25.672,25.682,25.572,25.632,1014,0
IBTD.US,D,20200406,000000,25.672,25.672,25.582,25.587,458,0
IBTD.US,D,20200407,000000,25.622,25.622,25.562,25.562,129,0
IBTD.US,D,20200408,000000,25.602,25.602,25.552,25.577,589,0
IBTD.US,D,20200409,000000,25.622,25.632,25.607,25.607,416,0
IBTD.US,D,20200413,000000,25.622,25.622,25.572,25.597,774,0
IBTD.US,D,20200414,000000,25.642,25.642,25.627,25.627,339,0
IBTD.US,D,20200416,000000,25.642,25.692,25.642,25.657,2698,0
IBTD.US,D,20200417,000000,25.682,25.682,25.647,25.647,1318,0
IBTD.US,D,20200420,000000,25.672,25.672,25.647,25.647,972,0
IBTD.US,D,20200421,000000,25.682,25.682,25.657,25.657,463,0
IBTD.US,D,20200422,000000,25.627,25.652,25.627,25.637,805,0
IBTD.US,D,20200427,000000,25.602,25.617,25.602,25.617,366,0
IBTD.US,D,20200428,000000,25.602,25.652,25.602,25.637,643,0
IBTD.US,D,20200429,000000,25.682,25.682,25.682,25.682,331,0
IBTD.US,D,20200430,000000,25.622,25.682,25.622,25.647,4757,0
IBTD.US,D,20200501,000000,25.652,25.652,25.637,25.637,310,0
IBTD.US,D,20200504,000000,25.662,25.662,25.652,25.652,844,0
IBTD.US,D,20200505,000000,25.652,25.652,25.642,25.642,358,0
IBTD.US,D,20200506,000000,25.622,25.657,25.622,25.652,2748,0
IBTD.US,D,20200508,000000,25.677,25.712,25.677,25.677,1293,0
IBTD.US,D,20200511,000000,25.672,25.672,25.667,25.667,378,0
IBTD.US,D,20200513,000000,25.672,25.712,25.672,25.682,837,0
IBTD.US,D,20200514,000000,25.712,25.722,25.662,25.697,1837,0
IBTD.US,D,20200515,000000,25.662,25.702,25.662,25.692,1365,0
IBTD.US,D,20200518,000000,25.742,25.742,25.662,25.662,4204,0
IBTD.US,D,20200519,000000,25.667,25.682,25.667,25.677,2570,0
IBTD.US,D,20200521,000000,25.682,25.682,25.672,25.672,1049,0
IBTD.US,D,20200522,000000,25.692,25.692,25.687,25.687,497,0
IBTD.US,D,20200526,000000,25.652,25.652,25.652,25.652,208,0
IBTD.US,D,20200527,000000,25.677,25.692,25.661,25.667,5499,0
IBTD.US,D,20200528,000000,25.672,25.672,25.672,25.672,362,0
IBTD.US,D,20200529,000000,25.672,25.702,25.672,25.687,1212,0
IBTD.US,D,20200601,000000,25.666,25.686,25.666,25.686,685,0
IBTD.US,D,20200602,000000,25.696,25.696,25.676,25.676,3315,0
IBTD.US,D,20200603,000000,25.671,25.671,25.643,25.643,4042,0
IBTD.US,D,20200604,000000,25.656,25.656,25.641,25.641,743,0
IBTD.US,D,20200605,000000,25.626,25.626,25.621,25.626,1465,0
IBTD.US,D,20200608,000000,25.616,25.636,25.616,25.626,576,0
IBTD.US,D,20200609,000000,25.641,25.656,25.641,25.656,348,0
IBTD.US,D,20200610,000000,25.661,25.687,25.661,25.687,1146,0
IBTD.US,D,20200611,000000,25.696,25.696,25.666,25.671,314,0
IBTD.US,D,20200612,000000,25.686,25.686,25.671,25.671,300,0
IBTD.US,D,20200615,000000,25.696,25.696,25.696,25.696,215,0
IBTD.US,D,20200616,000000,25.676,25.676,25.656,25.665,928,0
IBTD.US,D,20200617,000000,25.686,25.686,25.656,25.671,1118,0
IBTD.US,D,20200618,000000,25.686,25.686,25.671,25.671,1621,0
IBTD.US,D,20200619,000000,25.686,25.686,25.676,25.676,264,0
IBTD.US,D,20200622,000000,25.696,25.696,25.676,25.676,2810,0
IBTD.US,D,20200623,000000,25.666,25.686,25.666,25.681,633,0
IBTD.US,D,20200624,000000,25.686,25.686,25.686,25.686,2458,0
IBTD.US,D,20200625,000000,25.691,25.691,25.686,25.686,304,0
IBTD.US,D,20200626,000000,25.706,25.716,25.703,25.703,400,0
IBTD.US,D,20200629,000000,25.716,25.716,25.711,25.711,227,0
IBTD.US,D,20200630,000000,25.726,25.726,25.711,25.711,407,0
IBTD.US,D,20200702,000000,25.696,25.706,25.696,25.706,185,0
IBTD.US,D,20200706,000000,25.706,25.706,25.696,25.696,927,0
IBTD.US,D,20200707,000000,25.696,25.696,25.696,25.696,322,0
IBTD.US,D,20200708,000000,25.716,25.716,25.701,25.706,786,0
IBTD.US,D,20200709,000000,25.716,25.716,25.706,25.706,261,0
IBTD.US,D,20200710,000000,25.711,25.711,25.701,25.701,494,0
IBTD.US,D,20200713,000000,25.706,25.706,25.706,25.706,454,0
IBTD.US,D,20200714,000000,25.716,25.716,25.703,25.703,134,0
IBTD.US,D,20200716,000000,25.726,25.726,25.706,25.716,1833,0
IBTD.US,D,20200720,000000,25.716,25.716,25.711,25.711,1141,0
IBTD.US,D,20200721,000000,25.716,25.726,25.716,25.716,4418,0
IBTD.US,D,20200722,000000,25.726,25.726,25.711,25.711,14648,0
IBTD.US,D,20200723,000000,25.726,25.726,25.711,25.711,311,0
IBTD.US,D,20200724,000000,25.716,25.716,25.706,25.716,373,0
IBTD.US,D,20200727,000000,25.706,25.716,25.706,25.711,1647,0
IBTD.US,D,20200728,000000,25.726,25.726,25.716,25.716,379,0
IBTD.US,D,20200730,000000,25.746,25.746,25.726,25.736,927,0
IBTD.US,D,20200731,000000,25.746,25.746,25.746,25.746,264,0
IBTD.US,D,20200803,000000,25.74,25.75,25.74,25.75,304,0
IBTD.US,D,20200804,000000,25.76,25.76,25.75,25.75,368,0
IBTD.US,D,20200805,000000,25.76,25.76,25.745,25.745,1030,0
IBTD.US,D,20200806,000000,25.76,25.76,25.745,25.745,1354,0
IBTD.US,D,20200807,000000,25.75,25.75,25.73,25.735,766,0
IBTD.US,D,20200810,000000,25.73,25.73,25.73,25.73,237,0
IBTD.US,D,20200811,000000,25.72,25.72,25.71,25.71,2483,0
IBTD.US,D,20200812,000000,25.71,25.71,25.7,25.7,7387,0
IBTD.US,D,20200813,000000,25.71,25.71,25.695,25.695,955,0
IBTD.US,D,20200814,000000,25.71,25.72,25.71,25.71,5951,0
IBTD.US,D,20200817,000000,25.72,25.72,25.71,25.71,12014,0
IBTD.US,D,20200818,000000,25.71,25.73,25.7,25.715,13012,0
IBTD.US,D,20200819,000000,25.73,25.73,25.71,25.71,858,0
IBTD.US,D,20200820,000000,25.72,25.73,25.71,25.72,1699,0
IBTD.US,D,20200821,000000,25.73,25.73,25.72,25.72,497,0
IBTD.US,D,20200824,000000,25.72,25.72,25.7,25.71,3426,0
IBTD.US,D,20200825,000000,25.71,25.71,25.7,25.71,1224,0
IBTD.US,D,20200826,000000,25.72,25.72,25.71,25.71,1006,0
IBTD.US,D,20200827,000000,25.74,25.74,25.7,25.705,6313,0
IBTD.US,D,20200828,000000,25.725,25.73,25.725,25.725,1055,0
IBTD.US,D,20200831,000000,25.72,25.734,25.72,25.73,540,0
IBTD.US,D,20200901,000000,25.73,25.73,25.716,25.72,467,0
IBTD.US,D,20200902,000000,25.73,25.73,25.71,25.715,888,0
IBTD.US,D,20200903,000000,25.73,25.73,25.72,25.72,335,0
IBTD.US,D,20200904,000000,25.71,25.71,25.695,25.695,748,0
IBTD.US,D,20200908,000000,25.7,25.72,25.7,25.705,2380,0
IBTD.US,D,20200909,000000,25.69,25.71,25.69,25.71,969,0
IBTD.US,D,20200910,000000,25.71,25.71,25.71,25.71,543,0
IBTD.US,D,20200911,000000,25.73,25.73,25.7,25.72,591,0
IBTD.US,D,20200914,000000,25.73,25.73,25.715,25.715,226,0
IBTD.US,D,20200915,000000,25.73,25.73,25.7,25.72,1409,0
IBTD.US,D,20200916,000000,25.73,25.73,25.71,25.71,85109,0
IBTD.US,D,20200917,000000,25.71,25.73,25.71,25.715,1046,0
IBTD.US,D,20200918,000000,25.72,25.73,25.72,25.73,860,0
IBTD.US,D,20200921,000000,25.73,25.73,25.717,25.717,268,0
IBTD.US,D,20200922,000000,25.73,25.73,25.71,25.71,690,0
IBTD.US,D,20200924,000000,25.72,25.72,25.72,25.72,532,0
IBTD.US,D,20200925,000000,25.73,25.73,25.72,25.72,445,0
IBTD.US,D,20200928,000000,25.72,25.72,25.72,25.72,500,0
IBTD.US,D,20200929,000000,25.73,25.73,25.72,25.72,5154,0
IBTD.US,D,20200930,000000,25.72,25.72,25.715,25.715,421,0
IBTD.US,D,20201001,000000,25.72,25.72,25.715,25.715,703,0
IBTD.US,D,20201002,000000,25.71,25.72,25.7,25.71,1015,0
IBTD.US,D,20201005,000000,25.69,25.7,25.69,25.695,4853,0
IBTD.US,D,20201007,000000,25.695,25.695,25.695,25.695,258,0
IBTD.US,D,20201008,000000,25.699,25.7,25.69,25.7,3098,0
IBTD.US,D,20201009,000000,25.699,25.7,25.69,25.69,4234,0
IBTD.US,D,20201012,000000,25.71,25.71,25.705,25.705,468,0
IBTD.US,D,20201013,000000,25.71,25.71,25.7,25.7,261,0
IBTD.US,D,20201014,000000,25.709,25.71,25.705,25.705,953,0
IBTD.US,D,20201016,000000,25.71,25.72,25.7,25.7,914,0
IBTD.US,D,20201019,000000,25.69,25.71,25.69,25.7,18185,0
IBTD.US,D,20201020,000000,25.704,25.71,25.69,25.7,3444,0
IBTD.US,D,20201021,000000,25.7,25.7,25.695,25.695,1371,0
IBTD.US,D,20201022,000000,25.695,25.7,25.68,25.69,1583,0
IBTD.US,D,20201023,000000,25.7,25.7,25.68,25.69,4488,0
IBTD.US,D,20201026,000000,25.7,25.7,25.69,25.7,2389,0
IBTD.US,D,20201027,000000,25.696,25.7,25.696,25.7,275,0
IBTD.US,D,20201028,000000,25.7,25.71,25.7,25.7,348,0
IBTD.US,D,20201029,000000,25.7,25.7,25.699,25.7,4682,0
IBTD.US,D,20201030,000000,25.699,25.7,25.695,25.695,3592,0
IBTD.US,D,20201102,000000,25.69,25.698,25.68,25.68,1024,0
IBTD.US,D,20201104,000000,25.7,25.7,25.695,25.695,581,0
IBTD.US,D,20201106,000000,25.69,25.69,25.67,25.68,2929,0
IBTD.US,D,20201109,000000,25.65,25.66,25.65,25.66,1239,0
IBTD.US,D,20201110,000000,25.66,25.67,25.65,25.65,377,0
IBTD.US,D,20201112,000000,25.661,25.67,25.66,25.67,3634,0
IBTD.US,D,20201113,000000,25.66,25.665,25.66,25.665,260,0
IBTD.US,D,20201116,000000,25.66,25.67,25.66,25.67,324,0
IBTD.US,D,20201117,000000,25.68,25.68,25.67,25.67,1216,0
IBTD.US,D,20201118,000000,25.66,25.68,25.66,25.67,789,0
IBTD.US,D,20201119,000000,25.68,25.68,25.67,25.67,273,0
IBTD.US,D,20201120,000000,25.68,25.68,25.67,25.68,425,0
IBTD.US,D,20201123,000000,25.69,25.69,25.67,25.675,775,0
IBTD.US,D,20201124,000000,25.69,25.69,25.67,25.68,1581,0
IBTD.US,D,20201125,000000,25.69,25.69,25.68,25.68,218,0
IBTD.US,D,20201127,000000,25.69,25.69,25.69,25.69,357,0
IBTD.US,D,20201130,000000,25.7,25.7,25.69,25.69,786,0
IBTD.US,D,20201201,000000,25.67,25.67,25.66,25.665,6493,0
IBTD.US,D,20201202,000000,25.67,25.67,25.67,25.67,381,0
IBTD.US,D,20201203,000000,25.67,25.68,25.67,25.68,449,0
IBTD.US,D,20201204,000000,25.67,25.67,25.67,25.67,122,0
IBTD.US,D,20201207,000000,25.69,25.69,25.68,25.68,59381,0
IBTD.US,D,20201208,000000,25.67,25.685,25.67,25.685,7152,0
IBTD.US,D,20201209,000000,25.67,25.68,25.67,25.675,3753,0
IBTD.US,D,20201210,000000,25.68,25.685,25.68,25.685,287,0
IBTD.US,D,20201215,000000,25.7,25.7,25.7,25.7,193,0
IBTD.US,D,20201216,000000,25.69,25.71,25.69,25.7,618,0
IBTD.US,D,20201217,000000,25.69,25.71,25.69,25.695,2826,0
IBTD.US,D,20201218,000000,25.705,25.705,25.7,25.7,824,0
IBTD.US,D,20201221,000000,25.7,25.7,25.695,25.695,896,0
IBTD.US,D,20201222,000000,25.69,25.71,25.69,25.7,1774,0
IBTD.US,D,20201223,000000,25.7,25.71,25.69,25.7,731,0
IBTD.US,D,20201224,000000,25.706,25.706,25.7,25.7,337,0
IBTD.US,D,20201229,000000,25.7,25.7,25.7,25.7,539,0
IBTD.US,D,20201230,000000,25.69,25.72,25.69,25.7,530,0
IBTD.US,D,20201231,000000,25.71,25.71,25.7,25.7,734,0
IBTD.US,D,20210104,000000,25.7,25.705,25.7,25.705,1257,0
IBTD.US,D,20210105,000000,25.71,25.71,25.705,25.705,423,0
IBTD.US,D,20210106,000000,25.685,25.685,25.685,25.685,267,0
IBTD.US,D,20210107,000000,25.69,25.69,25.67,25.685,796,0
IBTD.US,D,20210108,000000,25.68,25.69,25.68,25.68,21238,0
IBTD.US,D,20210111,000000,25.67,25.68,25.67,25.675,1263,0
IBTD.US,D,20210112,000000,25.66,25.68,25.66,25.675,5009,0
IBTD.US,D,20210113,000000,25.68,25.69,25.67,25.68,423580,0
IBTD.US,D,20210114,000000,25.68,25.685,25.67,25.68,843,0
IBTD.US,D,20210115,000000,25.695,25.7,25.69,25.69,39703,0
IBTD.US,D,20210119,000000,25.69,25.7,25.69,25.695,701507,0
IBTD.US,D,20210120,000000,25.695,25.7,25.695,25.695,32007,0
IBTD.US,D,20210121,000000,25.7,25.71,25.69,25.7,271774,0
IBTD.US,D,20210122,000000,25.709,25.71,25.69,25.7,55926,0
IBTD.US,D,20210125,000000,25.71,25.71,25.7,25.705,1140,0
IBTD.US,D,20210126,000000,25.705,25.71,25.703,25.705,1303,0
IBTD.US,D,20210127,000000,25.71,25.71,25.7,25.705,2645,0
IBTD.US,D,20210128,000000,25.708,25.71,25.7,25.7,2257,0
IBTD.US,D,20210129,000000,25.69,25.71,25.69,25.705,3091,0
IBTD.US,D,20210201,000000,25.699,25.7,25.695,25.695,1152,0
IBTD.US,D,20210202,000000,25.69,25.7,25.68,25.695,40945,0
IBTD.US,D,20210203,000000,25.69,25.7,25.69,25.69,2651,0
IBTD.US,D,20210204,000000,25.7,25.7,25.69,25.69,4263,0
IBTD.US,D,20210205,000000,25.7,25.7,25.69,25.695,2903,0
IBTD.US,D,20210208,000000,25.697,25.697,25.695,25.695,3429,0
IBTD.US,D,20210209,000000,25.695,25.7,25.695,25.695,2239,0
IBTD.US,D,20210210,000000,25.693,25.7,25.693,25.695,1712,0
IBTD.US,D,20210211,000000,25.7,25.7,25.69,25.695,7744,0
IBTD.US,D,20210212,000000,25.69,25.7,25.69,25.695,8932,0
IBTD.US,D,20210216,000000,25.69,25.69,25.68,25.68,18709,0
IBTD.US,D,20210217,000000,25.69,25.71,25.685,25.69,13352,0
IBTD.US,D,20210218,000000,25.7,25.7,25.69,25.695,10359,0
IBTD.US,D,20210219,000000,25.7,25.7,25.69,25.69,1738,0
IBTD.US,D,20210222,000000,25.69,25.69,25.68,25.685,2547,0
IBTD.US,D,20210223,000000,25.69,25.695,25.683,25.685,10294,0
IBTD.US,D,20210224,000000,25.68,25.69,25.68,25.68,12473,0
IBTD.US,D,20210225,000000,25.655,25.655,25.63,25.635,17101,0
IBTD.US,D,20210226,000000,25.64,25.664,25.64,25.664,991,0
IBTD.US,D,20210301,000000,25.66,25.665,25.66,25.665,272,0
IBTD.US,D,20210302,000000,25.668,25.68,25.668,25.67,1672,0
IBTD.US,D,20210303,000000,25.67,25.67,25.65,25.655,8090,0
IBTD.US,D,20210304,000000,25.66,25.66,25.64,25.65,40483,0
IBTD.US,D,20210305,000000,25.63,25.65,25.63,25.65,2054,0
IBTD.US,D,20210308,000000,25.631,25.631,25.63,25.63,12078,0
IBTD.US,D,20210309,000000,25.65,25.65,25.62,25.64,7404,0
IBTD.US,D,20210310,000000,25.65,25.65,25.64,25.645,3042,0
IBTD.US,D,20210311,000000,25.654,25.66,25.65,25.655,2258,0
IBTD.US,D,20210312,000000,25.64,25.65,25.63,25.64,6143,0
IBTD.US,D,20210315,000000,25.645,25.65,25.645,25.645,3887,0
IBTD.US,D,20210316,000000,25.646,25.65,25.646,25.65,2930,0
IBTD.US,D,20210317,000000,25.65,25.67,25.64,25.665,7697,0
IBTD.US,D,20210318,000000,25.64,25.66,25.64,25.65,16354,0
IBTD.US,D,20210319,000000,25.67,25.67,25.65,25.655,2779,0
IBTD.US,D,20210322,000000,25.66,25.66,25.654,25.655,3894,0
IBTD.US,D,20210323,000000,25.655,25.66,25.65,25.66,1772,0
IBTD.US,D,20210324,000000,25.65,25.66,25.65,25.66,800,0
IBTD.US,D,20210325,000000,25.67,25.674,25.66,25.674,7375,0
IBTD.US,D,20210326,000000,25.67,25.67,25.66,25.665,2146,0
IBTD.US,D,20210329,000000,25.665,25.67,25.66,25.66,5460,0
IBTD.US,D,20210330,000000,25.66,25.66,25.655,25.655,1070,0
IBTD.US,D,20210331,000000,25.66,25.66,25.64,25.65,3716,0
IBTD.US,D,20210401,000000,25.65,25.65,25.645,25.645,4868,0
IBTD.US,D,20210405,000000,25.64,25.64,25.62,25.635,2337,0
IBTD.US,D,20210406,000000,25.649,25.65,25.645,25.645,4761,0
IBTD.US,D,20210407,000000,25.66,25.66,25.64,25.65,780,0
IBTD.US,D,20210408,000000,25.65,25.65,25.64,25.65,1554,0
IBTD.US,D,20210409,000000,25.65,25.65,25.64,25.65,3395,0
IBTD.US,D,20210412,000000,25.63,25.64,25.63,25.64,10947,0
IBTD.US,D,20210413,000000,25.641,25.65,25.64,25.65,8545,0
IBTD.US,D,20210414,000000,25.65,25.65,25.643,25.645,2398,0
IBTD.US,D,20210415,000000,25.64,25.655,25.64,25.655,5315,0
IBTD.US,D,20210416,000000,25.65,25.655,25.65,25.65,3526,0
IBTD.US,D,20210419,000000,25.65,25.659,25.65,25.65,948,0
IBTD.US,D,20210420,000000,25.65,25.67,25.65,25.665,58188,0
IBTD.US,D,20210421,000000,25.655,25.66,25.655,25.66,870,0
IBTD.US,D,20210422,000000,25.66,25.67,25.65,25.655,19781,0
IBTD.US,D,20210423,000000,25.66,25.66,25.655,25.655,4662,0
IBTD.US,D,20210426,000000,25.65,25.65,25.645,25.645,1659,0
IBTD.US,D,20210427,000000,25.65,25.65,25.64,25.645,4431,0
IBTD.US,D,20210428,000000,25.645,25.68,25.64,25.65,21144,0
IBTD.US,D,20210429,000000,25.65,25.66,25.645,25.65,6381,0
IBTD.US,D,20210430,000000,25.655,25.66,25.655,25.655,1847,0
IBTD.US,D,20210503,000000,25.65,25.659,25.65,25.65,2965,0
IBTD.US,D,20210504,000000,25.655,25.66,25.65,25.65,9360,0
IBTD.US,D,20210505,000000,25.655,25.66,25.655,25.655,7333,0
IBTD.US,D,20210506,000000,25.66,25.66,25.655,25.655,910,0
IBTD.US,D,20210507,000000,25.67,25.67,25.66,25.665,39770,0
IBTD.US,D,20210510,000000,25.66,25.67,25.66,25.66,6113,0
IBTD.US,D,20210511,000000,25.66,25.66,25.655,25.655,13030,0
IBTD.US,D,20210512,000000,25.65,25.65,25.64,25.65,1086,0
IBTD.US,D,20210513,000000,25.655,25.66,25.655,25.655,5047,0
IBTD.US,D,20210514,000000,25.67,25.67,25.66,25.66,7628,0
IBTD.US,D,20210517,000000,25.66,25.66,25.655,25.655,1722,0
IBTD.US,D,20210518,000000,25.656,25.66,25.655,25.66,658,0
IBTD.US,D,20210519,000000,25.667,25.669,25.655,25.655,2931,0
IBTD.US,D,20210520,000000,25.67,25.67,25.66,25.66,1040,0
IBTD.US,D,20210521,000000,25.66,25.66,25.655,25.655,2089,0
IBTD.US,D,20210524,000000,25.65,25.669,25.65,25.66,861,0
IBTD.US,D,20210525,000000,25.67,25.67,25.665,25.665,872,0
IBTD.US,D,20210526,000000,25.68,25.68,25.67,25.67,2479,0
IBTD.US,D,20210527,000000,25.67,25.68,25.666,25.67,1428,0
IBTD.US,D,20210528,000000,25.67,25.68,25.67,25.67,7005,0
IBTD.US,D,20210601,000000,25.666,25.67,25.66,25.665,23014,0
IBTD.US,D,20210602,000000,25.67,25.67,25.665,25.665,2210,0
IBTD.US,D,20210603,000000,25.67,25.67,25.655,25.655,2950,0
IBTD.US,D,20210604,000000,25.67,25.67,25.665,25.665,10932,0
IBTD.US,D,20210607,000000,25.67,25.67,25.66,25.66,1294,0
IBTD.US,D,20210608,000000,25.67,25.67,25.66,25.665,2441,0
IBTD.US,D,20210609,000000,25.666,25.666,25.665,25.665,461,0
IBTD.US,D,20210610,000000,25.665,25.67,25.665,25.665,2083,0
IBTD.US,D,20210611,000000,25.669,25.67,25.665,25.665,12452,0
IBTD.US,D,20210614,000000,25.665,25.665,25.65,25.66,953,0
IBTD.US,D,20210615,000000,25.66,25.66,25.655,25.655,759514,0
IBTD.US,D,20210616,000000,25.65,25.66,25.635,25.635,3924,0
IBTD.US,D,20210617,000000,25.631,25.64,25.625,25.625,1899,0
IBTD.US,D,20210618,000000,25.61,25.61,25.59,25.605,1458,0
IBTD.US,D,20210621,000000,25.6,25.61,25.6,25.61,6208,0
IBTD.US,D,20210622,000000,25.62,25.62,25.615,25.615,1386,0
IBTD.US,D,20210623,000000,25.62,25.62,25.6,25.61,4015,0
IBTD.US,D,20210624,000000,25.615,25.615,25.6,25.61,1366,0
IBTD.US,D,20210625,000000,25.62,25.62,25.605,25.605,909,0
IBTD.US,D,20210628,000000,25.615,25.619,25.615,25.615,728,0
IBTD.US,D,20210629,000000,25.62,25.62,25.615,25.615,7422,0
IBTD.US,D,20210630,000000,25.61,25.62,25.61,25.617,5857,0
IBTD.US,D,20210701,000000,25.62,25.62,25.615,25.615,4595,0
IBTD.US,D,20210702,000000,25.628,25.63,25.623,25.63,2170,0
IBTD.US,D,20210706,000000,25.64,25.64,25.635,25.635,3974,0
IBTD.US,D,20210707,000000,25.636,25.65,25.636,25.64,4551,0
IBTD.US,D,20210708,000000,25.655,25.6599,25.65,25.655,8264,0
IBTD.US,D,20210709,000000,25.646,25.646,25.64,25.645,1430,0
IBTD.US,D,20210712,000000,25.65,25.65,25.63,25.635,12307,0
IBTD.US,D,20210713,000000,25.623,25.625,25.623,25.625,681,0
IBTD.US,D,20210714,000000,25.635,25.64,25.635,25.635,814,0
IBTD.US,D,20210715,000000,25.644,25.644,25.635,25.635,3299,0
IBTD.US,D,20210716,000000,25.64,25.64,25.63,25.635,7046,0
IBTD.US,D,20210719,000000,25.64,25.645,25.64,25.645,320,0
IBTD.US,D,20210720,000000,25.655,25.66,25.65,25.655,1504500,0
IBTD.US,D,20210721,000000,25.64,25.655,25.64,25.645,5031,0
IBTD.US,D,20210722,000000,25.65,25.66,25.64,25.65,630364,0
IBTD.US,D,20210723,000000,25.655,25.66,25.655,25.655,10595,0
IBTD.US,D,20210726,000000,25.66,25.66,25.66,25.66,1317,0
IBTD.US,D,20210727,000000,25.65,25.669,25.65,25.66,1033,0
IBTD.US,D,20210728,000000,25.67,25.67,25.65,25.67,6859,0
IBTD.US,D,20210729,000000,25.664,25.669,25.66,25.66,5696,0
IBTD.US,D,20210730,000000,25.665,25.665,25.663,25.665,519,0
IBTD.US,D,20210802,000000,25.67,25.68,25.67,25.67,3706,0
IBTD.US,D,20210803,000000,25.6798,25.6798,25.66,25.67,6741,0
IBTD.US,D,20210804,000000,25.68,25.68,25.665,25.68,7509,0
IBTD.US,D,20210805,000000,25.66,25.66,25.645,25.65,12693,0
IBTD.US,D,20210806,000000,25.649,25.649,25.64,25.645,936,0
IBTD.US,D,20210809,000000,25.66,25.66,25.6417,25.645,12664,0
IBTD.US,D,20210810,000000,25.633,25.64,25.633,25.635,26824,0
IBTD.US,D,20210811,000000,25.639,25.65,25.639,25.65,24783,0
IBTD.US,D,20210812,000000,25.6451,25.6476,25.6302,25.635,1840,0
IBTD.US,D,20210813,000000,25.649,25.649,25.6412,25.645,4187,0
IBTD.US,D,20210816,000000,25.6576,25.66,25.65,25.65,642,0
IBTD.US,D,20210817,000000,25.64,25.645,25.64,25.645,1852,0
IBTD.US,D,20210818,000000,25.65,25.65,25.64,25.65,4034,0
IBTD.US,D,20210819,000000,25.65,25.66,25.65,25.66,2754,0
IBTD.US,D,20210820,000000,25.65,25.66,25.65,25.65,2970,0
IBTD.US,D,20210823,000000,25.6359,25.65,25.6359,25.645,2213,0
IBTD.US,D,20210824,000000,25.66,25.66,25.6356,25.645,2964,0
IBTD.US,D,20210825,000000,25.659,25.66,25.645,25.6578,16511,0
IBTD.US,D,20210826,000000,25.645,25.6576,25.6389,25.65,23081,0
IBTD.US,D,20210827,000000,25.65,25.67,25.65,25.67,4233,0
IBTD.US,D,20210830,000000,25.66,25.68,25.66,25.68,1295,0
IBTD.US,D,20210831,000000,25.665,25.67,25.665,25.67,574,0
IBTD.US,D,20210901,000000,25.65,25.67,25.65,25.655,4490,0
