<TICKER>,<PER>,<DATE>,<TIME>,<OPEN>,<HIGH>,<LOW>,<CLOSE>,<VOL>,<OPENINT>
IBTE.US,D,20200302,000000,25.26,25.26,25.26,25.26,4412,0
IBTE.US,D,20200303,000000,25.363,25.43,25.33,25.42,2806,0
IBTE.US,D,20200306,000000,25.606,25.61,25.566,25.566,557,0
IBTE.US,D,20200309,000000,25.75,25.75,25.68,25.68,10468,0
IBTE.US,D,20200310,000000,25.64,25.64,25.64,25.64,200,0
IBTE.US,D,20200311,000000,25.55,25.55,25.49,25.49,716,0
IBTE.US,D,20200312,000000,25.61,25.61,25.61,25.61,1916,0
IBTE.US,D,20200313,000000,25.53,26.87,25.46,25.46,303285,0
IBTE.US,D,20200316,000000,25.68,25.74,25.62,25.74,26907,0
IBTE.US,D,20200317,000000,25.67,25.67,25.464,25.464,426,0
IBTE.US,D,20200318,000000,25.447,25.59,25.29,25.345,3814,0
IBTE.US,D,20200319,000000,25.4,25.53,25.4,25.421,2407,0
IBTE.US,D,20200320,000000,25.541,25.66,25.541,25.625,475,0
IBTE.US,D,20200323,000000,25.68,25.802,25.68,25.802,725,0
IBTE.US,D,20200324,000000,25.77,25.77,25.66,25.66,2813,0
IBTE.US,D,20200325,000000,25.71,25.71,25.673,25.673,682,0
IBTE.US,D,20200326,000000,25.75,25.78,25.71,25.71,470,0
IBTE.US,D,20200327,000000,25.749,25.815,25.749,25.815,442,0
IBTE.US,D,20200330,000000,25.88,25.885,25.82,25.84,3922,0
IBTE.US,D,20200331,000000,25.91,25.91,25.85,25.85,1149,0
IBTE.US,D,20200401,000000,25.9,25.9,25.85,25.86,1148,0
IBTE.US,D,20200402,000000,25.89,25.89,25.845,25.845,1439,0
IBTE.US,D,20200403,000000,25.91,25.91,25.85,25.85,905,0
IBTE.US,D,20200406,000000,25.79,25.8,25.79,25.8,198,0
IBTE.US,D,20200407,000000,25.81,25.81,25.74,25.74,100,0
IBTE.US,D,20200408,000000,25.8,25.8,25.75,25.77,440,0
IBTE.US,D,20200409,000000,25.83,25.85,25.815,25.815,731,0
IBTE.US,D,20200413,000000,25.83,25.84,25.77,25.8,607,0
IBTE.US,D,20200414,000000,25.85,25.85,25.825,25.825,192,0
IBTE.US,D,20200416,000000,25.87,25.89,25.87,25.885,1213,0
IBTE.US,D,20200417,000000,25.92,25.92,25.87,25.87,1011,0
IBTE.US,D,20200420,000000,25.89,25.9,25.87,25.88,735,0
IBTE.US,D,20200421,000000,25.93,25.93,25.895,25.895,368,0
IBTE.US,D,20200422,000000,25.89,25.89,25.865,25.865,586,0
IBTE.US,D,20200424,000000,25.83,25.89,25.83,25.84,758,0
IBTE.US,D,20200428,000000,25.83,25.88,25.83,25.865,895,0
IBTE.US,D,20200430,000000,25.86,25.93,25.86,25.875,4521,0
IBTE.US,D,20200504,000000,25.88,25.88,25.865,25.865,559,0
IBTE.US,D,20200505,000000,25.88,25.88,25.87,25.87,170,0
IBTE.US,D,20200506,000000,25.87,25.87,25.849,25.86,2079,0
IBTE.US,D,20200508,000000,25.94,25.96,25.915,25.915,1163,0
IBTE.US,D,20200511,000000,25.91,25.91,25.88,25.88,298,0
IBTE.US,D,20200513,000000,25.91,25.95,25.91,25.92,652,0
IBTE.US,D,20200514,000000,25.969,25.969,25.925,25.925,1230,0
IBTE.US,D,20200515,000000,25.91,25.94,25.91,25.932,418,0
IBTE.US,D,20200518,000000,25.93,25.95,25.875,25.875,3378,0
IBTE.US,D,20200522,000000,25.927,25.93,25.925,25.925,373,0
IBTE.US,D,20200527,000000,25.93,25.93,25.91,25.91,957,0
IBTE.US,D,20200528,000000,25.9,25.92,25.9,25.91,1587,0
IBTE.US,D,20200529,000000,25.92,25.945,25.92,25.945,877,0
IBTE.US,D,20200602,000000,25.91,25.91,25.91,25.91,233,0
IBTE.US,D,20200603,000000,25.87,25.87,25.859,25.859,3205,0
IBTE.US,D,20200604,000000,25.839,25.843,25.839,25.843,388,0
IBTE.US,D,20200605,000000,25.79,25.79,25.78,25.79,950,0
IBTE.US,D,20200608,000000,25.78,25.81,25.78,25.8,524,0
IBTE.US,D,20200609,000000,25.835,25.86,25.835,25.86,299,0
IBTE.US,D,20200611,000000,25.93,25.93,25.905,25.905,455,0
IBTE.US,D,20200612,000000,25.92,25.92,25.905,25.905,235,0
IBTE.US,D,20200615,000000,25.92,25.92,25.9,25.9,591,0
IBTE.US,D,20200616,000000,25.9,25.9,25.88,25.89,654,0
IBTE.US,D,20200617,000000,25.91,25.91,25.895,25.895,904,0
IBTE.US,D,20200619,000000,25.9,25.92,25.9,25.905,1160,0
IBTE.US,D,20200622,000000,25.92,25.92,25.9,25.9,1235,0
IBTE.US,D,20200623,000000,25.91,25.91,25.89,25.905,2356,0
IBTE.US,D,20200624,000000,25.91,25.92,25.91,25.92,911,0
IBTE.US,D,20200625,000000,25.925,25.925,25.92,25.92,203,0
IBTE.US,D,20200626,000000,25.95,25.95,25.94,25.94,232,0
IBTE.US,D,20200630,000000,25.97,25.97,25.955,25.955,263,0
IBTE.US,D,20200702,000000,25.94,25.96,25.94,25.96,145,0
IBTE.US,D,20200706,000000,25.94,25.94,25.93,25.94,528,0
IBTE.US,D,20200707,000000,25.94,25.95,25.94,25.95,264,0
IBTE.US,D,20200708,000000,25.93,25.96,25.93,25.95,641,0
IBTE.US,D,20200709,000000,25.97,25.97,25.96,25.96,167,0
IBTE.US,D,20200710,000000,25.964,25.964,25.945,25.945,2281,0
IBTE.US,D,20200713,000000,25.94,25.95,25.94,25.95,1407,0
IBTE.US,D,20200715,000000,25.95,25.955,25.95,25.955,1014,0
IBTE.US,D,20200716,000000,25.96,25.966,25.96,25.965,1545,0
IBTE.US,D,20200717,000000,25.96,25.96,25.96,25.96,1511,0
IBTE.US,D,20200720,000000,25.96,25.96,25.955,25.96,836,0
IBTE.US,D,20200721,000000,25.965,25.97,25.965,25.97,195,0
IBTE.US,D,20200723,000000,25.97,25.97,25.97,25.97,449,0
IBTE.US,D,20200724,000000,25.98,25.98,25.96,25.96,627,0
IBTE.US,D,20200727,000000,25.97,25.97,25.94,25.95,544,0
IBTE.US,D,20200728,000000,25.98,25.98,25.975,25.975,296,0
IBTE.US,D,20200729,000000,25.97,25.99,25.97,25.99,594,0
IBTE.US,D,20200730,000000,26.01,26.01,25.99,26.01,728,0
IBTE.US,D,20200731,000000,26.02,26.02,26.02,26.02,201,0
IBTE.US,D,20200803,000000,26.01,26.01,26.005,26.005,232,0
IBTE.US,D,20200804,000000,26.03,26.03,26.02,26.02,282,0
IBTE.US,D,20200805,000000,26,26.007,26,26,1164,0
IBTE.US,D,20200806,000000,26.02,26.02,26,26,655,0
IBTE.US,D,20200807,000000,26.01,26.01,25.99,25.99,586,0
IBTE.US,D,20200810,000000,25.98,25.98,25.98,25.98,178,0
IBTE.US,D,20200812,000000,25.94,25.94,25.94,25.94,292,0
IBTE.US,D,20200813,000000,25.94,25.94,25.92,25.92,712,0
IBTE.US,D,20200814,000000,25.94,25.94,25.94,25.94,1044,0
IBTE.US,D,20200817,000000,25.96,25.96,25.94,25.94,299,0
IBTE.US,D,20200818,000000,25.96,25.96,25.955,25.955,381,0
IBTE.US,D,20200819,000000,25.97,25.97,25.95,25.95,465,0
IBTE.US,D,20200820,000000,25.96,25.97,25.96,25.96,1026,0
IBTE.US,D,20200821,000000,25.97,25.97,25.96,25.96,254,0
IBTE.US,D,20200824,000000,25.96,25.96,25.94,25.95,475,0
IBTE.US,D,20200825,000000,25.94,25.94,25.94,25.94,2537,0
IBTE.US,D,20200826,000000,25.95,25.95,25.94,25.94,500,0
IBTE.US,D,20200827,000000,25.97,25.97,25.93,25.93,1667,0
IBTE.US,D,20200828,000000,25.965,25.97,25.96,25.96,896,0
IBTE.US,D,20200901,000000,25.96,25.97,25.96,25.96,458,0
IBTE.US,D,20200902,000000,25.95,25.97,25.95,25.96,4287,0
IBTE.US,D,20200903,000000,25.98,25.98,25.97,25.97,197,0
IBTE.US,D,20200904,000000,25.95,25.95,25.94,25.94,838,0
IBTE.US,D,20200908,000000,25.96,25.96,25.945,25.945,3875,0
IBTE.US,D,20200909,000000,25.94,25.945,25.94,25.945,1670,0
IBTE.US,D,20200911,000000,25.964,25.964,25.964,25.964,239,0
IBTE.US,D,20200914,000000,25.97,25.97,25.955,25.955,170,0
IBTE.US,D,20200915,000000,25.955,25.96,25.95,25.95,278,0
IBTE.US,D,20200916,000000,25.96,25.96,25.95,25.95,30486,0
IBTE.US,D,20200917,000000,25.96,25.97,25.95,25.95,657,0
IBTE.US,D,20200918,000000,25.96,25.96,25.95,25.95,401,0
IBTE.US,D,20200921,000000,25.97,25.97,25.955,25.955,4055,0
IBTE.US,D,20200922,000000,25.97,25.97,25.96,25.96,338,0
IBTE.US,D,20200923,000000,25.96,25.96,25.96,25.96,278,0
IBTE.US,D,20200925,000000,25.98,25.98,25.97,25.97,353,0
IBTE.US,D,20200928,000000,25.97,25.97,25.97,25.97,396,0
IBTE.US,D,20200929,000000,25.98,25.98,25.97,25.97,4011,0
IBTE.US,D,20200930,000000,25.97,25.97,25.96,25.96,330,0
IBTE.US,D,20201002,000000,25.95,25.95,25.94,25.95,1074,0
IBTE.US,D,20201005,000000,25.92,25.92,25.917,25.917,2481,0
IBTE.US,D,20201007,000000,25.92,25.92,25.91,25.91,265,0
IBTE.US,D,20201008,000000,25.92,25.92,25.92,25.92,335,0
IBTE.US,D,20201009,000000,25.91,25.91,25.91,25.91,447,0
IBTE.US,D,20201012,000000,25.93,25.93,25.925,25.925,313,0
IBTE.US,D,20201013,000000,25.94,25.94,25.935,25.935,207,0
IBTE.US,D,20201014,000000,25.94,25.95,25.94,25.94,453,0
IBTE.US,D,20201015,000000,25.95,25.95,25.93,25.93,600,0
IBTE.US,D,20201016,000000,25.94,25.94,25.93,25.93,428,0
IBTE.US,D,20201019,000000,25.919,25.93,25.919,25.92,1045,0
IBTE.US,D,20201020,000000,25.93,25.93,25.915,25.915,137,0
IBTE.US,D,20201021,000000,25.92,25.92,25.91,25.91,1277,0
IBTE.US,D,20201022,000000,25.89,25.895,25.89,25.895,500,0
IBTE.US,D,20201023,000000,25.896,25.9,25.896,25.9,855,0
IBTE.US,D,20201026,000000,25.92,25.92,25.91,25.915,376,0
IBTE.US,D,20201027,000000,25.93,25.93,25.925,25.925,691,0
IBTE.US,D,20201028,000000,25.93,25.94,25.925,25.925,581,0
IBTE.US,D,20201030,000000,25.91,25.91,25.905,25.905,1028,0
IBTE.US,D,20201102,000000,25.91,25.91,25.89,25.89,1038,0
IBTE.US,D,20201103,000000,25.88,25.89,25.88,25.88,801,0
IBTE.US,D,20201104,000000,25.92,25.92,25.92,25.92,254,0
IBTE.US,D,20201105,000000,25.91,25.915,25.91,25.915,267,0
IBTE.US,D,20201106,000000,25.886,25.895,25.886,25.895,344,0
IBTE.US,D,20201109,000000,25.87,25.87,25.849,25.855,1319,0
IBTE.US,D,20201110,000000,25.85,25.85,25.84,25.84,284,0
IBTE.US,D,20201112,000000,25.88,25.88,25.875,25.875,529,0
IBTE.US,D,20201113,000000,25.87,25.87,25.865,25.865,186,0
IBTE.US,D,20201116,000000,25.86,25.87,25.86,25.87,1414,0
IBTE.US,D,20201117,000000,25.89,25.89,25.88,25.88,937,0
IBTE.US,D,20201119,000000,25.89,25.89,25.88,25.88,224,0
IBTE.US,D,20201120,000000,25.89,25.89,25.89,25.89,297,0
IBTE.US,D,20201123,000000,25.88,25.885,25.88,25.885,224,0
IBTE.US,D,20201124,000000,25.88,25.89,25.88,25.885,611,0
IBTE.US,D,20201130,000000,25.92,25.92,25.91,25.91,615,0
IBTE.US,D,20201202,000000,25.849,25.849,25.84,25.84,309,0
IBTE.US,D,20201203,000000,25.855,25.865,25.85,25.865,6187,0
IBTE.US,D,20201204,000000,25.85,25.85,25.83,25.843,3022,0
IBTE.US,D,20201207,000000,25.87,25.87,25.865,25.865,53830,0
IBTE.US,D,20201208,000000,25.86,25.87,25.86,25.86,7244,0
IBTE.US,D,20201209,000000,25.85,25.855,25.85,25.855,452,0
IBTE.US,D,20201210,000000,25.86,25.87,25.86,25.87,189,0
IBTE.US,D,20201214,000000,25.9,25.9,25.89,25.895,886,0
IBTE.US,D,20201215,000000,25.89,25.89,25.89,25.89,718,0
IBTE.US,D,20201216,000000,25.89,25.9,25.88,25.89,1409,0
IBTE.US,D,20201217,000000,25.89,25.89,25.875,25.877,595,0
IBTE.US,D,20201218,000000,25.87,25.87,25.87,25.87,1,0
IBTE.US,D,20201221,000000,25.89,25.89,25.88,25.88,951,0
IBTE.US,D,20201222,000000,25.881,25.9,25.88,25.89,1674,0
IBTE.US,D,20201223,000000,25.89,25.89,25.88,25.885,358,0
IBTE.US,D,20201224,000000,25.896,25.896,25.89,25.89,208,0
IBTE.US,D,20201229,000000,25.895,25.895,25.895,25.895,414,0
IBTE.US,D,20201230,000000,25.88,25.895,25.88,25.895,142,0
IBTE.US,D,20201231,000000,25.91,25.91,25.89,25.905,1522,0
IBTE.US,D,20210104,000000,25.891,25.905,25.89,25.905,405,0
IBTE.US,D,20210105,000000,25.92,25.92,25.895,25.895,2208,0
IBTE.US,D,20210106,000000,25.88,25.88,25.86,25.86,2733,0
IBTE.US,D,20210107,000000,25.85,25.85,25.85,25.85,379,0
IBTE.US,D,20210108,000000,25.839,25.84,25.83,25.835,3832,0
IBTE.US,D,20210111,000000,25.83,25.83,25.83,25.83,287,0
IBTE.US,D,20210112,000000,25.81,25.83,25.81,25.83,606,0
IBTE.US,D,20210113,000000,25.835,25.85,25.835,25.84,12878,0
IBTE.US,D,20210114,000000,25.86,25.86,25.83,25.84,1110,0
IBTE.US,D,20210115,000000,25.86,25.87,25.85,25.86,2569,0
IBTE.US,D,20210119,000000,25.855,25.865,25.855,25.865,497,0
IBTE.US,D,20210120,000000,25.86,25.87,25.86,25.87,605,0
IBTE.US,D,20210121,000000,25.88,25.88,25.87,25.87,1190,0
IBTE.US,D,20210122,000000,25.877,25.88,25.87,25.88,30788,0
IBTE.US,D,20210126,000000,25.89,25.89,25.885,25.885,220,0
IBTE.US,D,20210127,000000,25.9,25.9,25.89,25.89,886,0
IBTE.US,D,20210128,000000,25.89,25.89,25.879,25.88,4504,0
IBTE.US,D,20210129,000000,25.89,25.89,25.875,25.885,6192,0
IBTE.US,D,20210201,000000,25.89,25.89,25.875,25.88,4224,0
IBTE.US,D,20210202,000000,25.87,25.88,25.865,25.865,83815,0
IBTE.US,D,20210203,000000,25.865,25.87,25.86,25.865,3048,0
IBTE.US,D,20210204,000000,25.86,25.87,25.86,25.86,6872,0
IBTE.US,D,20210205,000000,25.875,25.88,25.86,25.86,7732,0
IBTE.US,D,20210208,000000,25.87,25.87,25.855,25.855,7115,0
IBTE.US,D,20210209,000000,25.86,25.86,25.855,25.855,3739,0
IBTE.US,D,20210210,000000,25.86,25.88,25.86,25.87,4356,0
IBTE.US,D,20210211,000000,25.88,25.88,25.87,25.87,864,0
IBTE.US,D,20210212,000000,25.865,25.87,25.86,25.865,14081,0
IBTE.US,D,20210216,000000,25.85,25.85,25.825,25.825,8673,0
IBTE.US,D,20210217,000000,25.83,25.84,25.83,25.835,1900,0
IBTE.US,D,20210218,000000,25.849,25.85,25.836,25.84,4174,0
IBTE.US,D,20210219,000000,25.84,25.84,25.83,25.83,3192,0
IBTE.US,D,20210222,000000,25.825,25.83,25.82,25.825,2644,0
IBTE.US,D,20210223,000000,25.84,25.84,25.825,25.825,1908,0
IBTE.US,D,20210224,000000,25.82,25.82,25.81,25.815,17521,0
IBTE.US,D,20210225,000000,25.77,25.77,25.705,25.705,17400,0
IBTE.US,D,20210226,000000,25.71,25.759,25.71,25.759,2031,0
IBTE.US,D,20210301,000000,25.74,25.76,25.74,25.76,429,0
IBTE.US,D,20210302,000000,25.78,25.78,25.77,25.77,4005,0
IBTE.US,D,20210303,000000,25.76,25.76,25.73,25.74,1545,0
IBTE.US,D,20210304,000000,25.76,25.76,25.72,25.724,6997,0
IBTE.US,D,20210305,000000,25.719,25.74,25.719,25.72,3863,0
IBTE.US,D,20210308,000000,25.71,25.71,25.685,25.685,1600,0
IBTE.US,D,20210309,000000,25.7,25.7,25.7,25.7,877,0
IBTE.US,D,20210310,000000,25.71,25.729,25.7,25.72,4675,0
IBTE.US,D,20210311,000000,25.73,25.74,25.72,25.73,8960,0
IBTE.US,D,20210312,000000,25.7,25.7,25.699,25.7,5003,0
IBTE.US,D,20210315,000000,25.71,25.71,25.7,25.705,2594,0
IBTE.US,D,20210316,000000,25.72,25.72,25.7,25.705,5327,0
IBTE.US,D,20210317,000000,25.706,25.73,25.696,25.73,924,0
IBTE.US,D,20210318,000000,25.69,25.71,25.685,25.71,15584,0
IBTE.US,D,20210319,000000,25.705,25.71,25.705,25.705,660,0
IBTE.US,D,20210322,000000,25.715,25.72,25.715,25.715,1984,0
IBTE.US,D,20210324,000000,25.73,25.74,25.73,25.74,1790,0
IBTE.US,D,20210325,000000,25.73,25.745,25.73,25.745,2177,0
IBTE.US,D,20210326,000000,25.721,25.735,25.721,25.735,298,0
IBTE.US,D,20210329,000000,25.73,25.73,25.72,25.72,10534,0
IBTE.US,D,20210330,000000,25.71,25.71,25.705,25.71,3775,0
IBTE.US,D,20210331,000000,25.71,25.71,25.7,25.7,1479,0
IBTE.US,D,20210401,000000,25.705,25.71,25.705,25.705,1674,0
IBTE.US,D,20210405,000000,25.67,25.685,25.67,25.685,1373,0
IBTE.US,D,20210406,000000,25.705,25.71,25.705,25.71,359,0
IBTE.US,D,20210407,000000,25.73,25.73,25.715,25.715,512,0
IBTE.US,D,20210408,000000,25.726,25.74,25.72,25.73,10142,0
IBTE.US,D,20210409,000000,25.7,25.71,25.7,25.71,3609,0
IBTE.US,D,20210413,000000,25.71,25.73,25.705,25.725,2132,0
IBTE.US,D,20210414,000000,25.72,25.72,25.7,25.715,2038,0
IBTE.US,D,20210415,000000,25.731,25.75,25.73,25.74,15508,0
IBTE.US,D,20210416,000000,25.73,25.74,25.73,25.73,2164,0
IBTE.US,D,20210419,000000,25.73,25.74,25.73,25.735,422,0
IBTE.US,D,20210420,000000,25.75,25.75,25.75,25.75,340,0
IBTE.US,D,20210421,000000,25.75,25.76,25.744,25.755,8530,0
IBTE.US,D,20210422,000000,25.745,25.76,25.745,25.755,2724,0
IBTE.US,D,20210426,000000,25.735,25.735,25.735,25.735,1876,0
IBTE.US,D,20210427,000000,25.729,25.73,25.72,25.72,7138,0
IBTE.US,D,20210428,000000,25.725,25.735,25.725,25.735,657,0
IBTE.US,D,20210429,000000,25.725,25.74,25.725,25.735,2859,0
IBTE.US,D,20210430,000000,25.738,25.74,25.735,25.735,5738,0
IBTE.US,D,20210503,000000,25.73,25.75,25.72,25.74,4886,0
IBTE.US,D,20210504,000000,25.75,25.75,25.74,25.745,616,0
IBTE.US,D,20210505,000000,25.75,25.76,25.75,25.755,5268,0
IBTE.US,D,20210506,000000,25.76,25.76,25.755,25.755,441,0
IBTE.US,D,20210507,000000,25.78,25.78,25.775,25.775,44092,0
IBTE.US,D,20210510,000000,25.775,25.775,25.763,25.765,473,0
IBTE.US,D,20210511,000000,25.769,25.769,25.757,25.76,3001,0
IBTE.US,D,20210512,000000,25.72,25.74,25.72,25.735,3347,0
IBTE.US,D,20210513,000000,25.745,25.75,25.745,25.745,402,0
IBTE.US,D,20210514,000000,25.75,25.755,25.75,25.755,3544,0
IBTE.US,D,20210517,000000,25.75,25.755,25.75,25.755,570,0
IBTE.US,D,20210518,000000,25.755,25.76,25.755,25.755,6357,0
IBTE.US,D,20210519,000000,25.76,25.767,25.74,25.74,865,0
IBTE.US,D,20210520,000000,25.76,25.76,25.76,25.76,2098,0
IBTE.US,D,20210521,000000,25.755,25.755,25.755,25.755,1716,0
IBTE.US,D,20210524,000000,25.77,25.77,25.765,25.765,2988,0
IBTE.US,D,20210525,000000,25.78,25.78,25.78,25.78,554,0
IBTE.US,D,20210526,000000,25.772,25.775,25.772,25.775,1399,0
IBTE.US,D,20210527,000000,25.771,25.779,25.77,25.779,1353,0
IBTE.US,D,20210601,000000,25.765,25.77,25.765,25.765,225,0
IBTE.US,D,20210602,000000,25.78,25.78,25.765,25.765,3213,0
IBTE.US,D,20210603,000000,25.76,25.76,25.745,25.745,2090,0
IBTE.US,D,20210604,000000,25.777,25.777,25.77,25.77,1000,0
IBTE.US,D,20210608,000000,25.775,25.775,25.77,25.775,1027,0
IBTE.US,D,20210609,000000,25.79,25.79,25.78,25.78,558,0
IBTE.US,D,20210611,000000,25.78,25.785,25.78,25.785,1101,0
IBTE.US,D,20210615,000000,25.76,25.765,25.76,25.765,1275,0
IBTE.US,D,20210616,000000,25.73,25.73,25.705,25.705,728,0
IBTE.US,D,20210617,000000,25.705,25.71,25.695,25.695,477,0
IBTE.US,D,20210621,000000,25.655,25.67,25.655,25.67,541,0
IBTE.US,D,20210622,000000,25.69,25.69,25.69,25.69,162,0
IBTE.US,D,20210623,000000,25.695,25.695,25.675,25.675,1862,0
IBTE.US,D,20210624,000000,25.68,25.68,25.67,25.67,398,0
IBTE.US,D,20210629,000000,25.676,25.68,25.676,25.676,196,0
IBTE.US,D,20210630,000000,25.685,25.69,25.681,25.681,1206,0
IBTE.US,D,20210701,000000,25.66,25.675,25.66,25.675,533,0
IBTE.US,D,20210702,000000,25.68,25.695,25.68,25.695,270,0
IBTE.US,D,20210706,000000,25.72,25.72,25.715,25.72,623,0
IBTE.US,D,20210707,000000,25.725,25.725,25.725,25.725,1381,0
IBTE.US,D,20210708,000000,25.748,25.76,25.748,25.755,6219,0
IBTE.US,D,20210712,000000,25.73,25.73,25.715,25.715,3697,0
IBTE.US,D,20210714,000000,25.72,25.72,25.715,25.715,293,0
IBTE.US,D,20210715,000000,25.725,25.725,25.715,25.72,802,0
IBTE.US,D,20210716,000000,25.715,25.715,25.715,25.715,243,0
IBTE.US,D,20210720,000000,25.78,25.78,25.76,25.765,513138,0
IBTE.US,D,20210721,000000,25.755,25.76,25.74,25.745,409802,0
IBTE.US,D,20210722,000000,25.76,25.77,25.755,25.755,227621,0
IBTE.US,D,20210723,000000,25.76,25.76,25.755,25.755,537,0
IBTE.US,D,20210726,000000,25.755,25.755,25.755,25.755,333,0
IBTE.US,D,20210727,000000,25.77,25.77,25.76,25.765,3620,0
IBTE.US,D,20210728,000000,25.765,25.765,25.75,25.765,3283,0
IBTE.US,D,20210729,000000,25.757,25.77,25.757,25.76,2143,0
IBTE.US,D,20210730,000000,25.78,25.78,25.7724,25.7784,41890,0
IBTE.US,D,20210802,000000,25.7888,25.8,25.7801,25.785,2638,0
IBTE.US,D,20210803,000000,25.785,25.8,25.785,25.785,8466,0
IBTE.US,D,20210804,000000,25.805,25.805,25.775,25.775,2940,0
IBTE.US,D,20210805,000000,25.759,25.76,25.74,25.75,7086,0
IBTE.US,D,20210806,000000,25.74,25.74,25.735,25.735,8399,0
IBTE.US,D,20210809,000000,25.74,25.74,25.7198,25.7198,3322,0
IBTE.US,D,20210810,000000,25.7185,25.7185,25.705,25.705,1730,0
IBTE.US,D,20210811,000000,25.71,25.7278,25.71,25.715,7095,0
IBTE.US,D,20210812,000000,25.72,25.73,25.71,25.715,37211,0
IBTE.US,D,20210813,000000,25.7299,25.7299,25.725,25.725,2206,0
IBTE.US,D,20210816,000000,25.75,25.76,25.74,25.74,3578,0
IBTE.US,D,20210817,000000,25.74,25.75,25.73,25.735,3411,0
IBTE.US,D,20210818,000000,25.735,25.74,25.7202,25.725,1825,0
IBTE.US,D,20210819,000000,25.735,25.74,25.725,25.725,9083,0
IBTE.US,D,20210820,000000,25.7299,25.7299,25.725,25.725,4034,0
IBTE.US,D,20210823,000000,25.729,25.729,25.725,25.725,1436,0
IBTE.US,D,20210824,000000,25.72,25.73,25.72,25.725,27564,0
IBTE.US,D,20210825,000000,25.72,25.72,25.715,25.715,2032,0
IBTE.US,D,20210826,000000,25.7199,25.72,25.715,25.72,23476,0
IBTE.US,D,20210827,000000,25.735,25.745,25.73,25.745,2257,0
IBTE.US,D,20210830,000000,25.745,25.76,25.74,25.755,4123,0
IBTE.US,D,20210831,000000,25.75,25.76,25.75,25.755,7325,0
IBTE.US,D,20210901,000000,25.741,25.75,25.741,25.745,1364,0
