<TICKER>,<PER>,<DATE>,<TIME>,<OPEN>,<HIGH>,<LOW>,<CLOSE>,<VOL>,<OPENINT>
IBTG.US,D,20200302,000000,25.331,25.331,25.256,25.256,11934,0
IBTG.US,D,20200303,000000,25.391,25.59,25.371,25.5,5414,0
IBTG.US,D,20200304,000000,25.53,25.53,25.53,25.53,600,0
IBTG.US,D,20200305,000000,25.62,25.62,25.62,25.62,300,0
IBTG.US,D,20200306,000000,25.88,25.88,25.766,25.766,1247,0
IBTG.US,D,20200309,000000,26.11,26.11,25.93,25.93,8429,0
IBTG.US,D,20200310,000000,25.855,25.9,25.69,25.69,6315,0
IBTG.US,D,20200311,000000,25.75,25.75,25.56,25.56,57930,0
IBTG.US,D,20200312,000000,25.7,25.845,25.321,25.451,28277,0
IBTG.US,D,20200313,000000,25.471,26,25.381,25.432,311099,0
IBTG.US,D,20200316,000000,25.72,25.84,25.66,25.8,23473,0
IBTG.US,D,20200317,000000,25.745,25.77,25.411,25.411,5242,0
IBTG.US,D,20200318,000000,25.331,25.411,25.111,25.206,7271,0
IBTG.US,D,20200319,000000,25.271,25.421,25.251,25.251,3953,0
IBTG.US,D,20200320,000000,25.421,25.6,25.421,25.6,4605,0
IBTG.US,D,20200323,000000,25.87,25.93,25.87,25.93,1087,0
IBTG.US,D,20200324,000000,25.78,25.79,25.74,25.758,3115,0
IBTG.US,D,20200325,000000,25.82,25.82,25.76,25.785,23133,0
IBTG.US,D,20200327,000000,25.929,26.026,25.929,26.026,454,0
IBTG.US,D,20200330,000000,26.13,27.714,26.042,26.06,256686,0
IBTG.US,D,20200331,000000,26.15,26.16,26.111,26.12,5540,0
IBTG.US,D,20200401,000000,26.17,28.154,26.07,26.112,106885,0
IBTG.US,D,20200402,000000,26.14,26.14,26.095,26.095,1608,0
IBTG.US,D,20200403,000000,26.07,26.23,26.07,26.128,2277,0
IBTG.US,D,20200406,000000,26.01,26.031,26.01,26.01,638,0
IBTG.US,D,20200407,000000,25.97,25.97,25.93,25.93,278,0
IBTG.US,D,20200408,000000,25.94,25.98,25.93,25.94,2701,0
IBTG.US,D,20200409,000000,26,26.03,25.993,26.007,1311,0
IBTG.US,D,20200413,000000,25.95,25.95,25.95,25.95,539,0
IBTG.US,D,20200414,000000,26.04,26.04,26.006,26.006,494,0
IBTG.US,D,20200415,000000,26.18,26.18,26.14,26.159,932,0
IBTG.US,D,20200416,000000,26.18,26.2,26.14,26.155,1647,0
IBTG.US,D,20200417,000000,26.19,26.19,26.12,26.12,905,0
IBTG.US,D,20200420,000000,26.14,26.17,26.14,26.155,3490,0
IBTG.US,D,20200421,000000,26.23,26.23,26.195,26.195,490,0
IBTG.US,D,20200422,000000,26.16,26.16,26.138,26.138,1032,0
IBTG.US,D,20200424,000000,26.17,26.17,26.14,26.14,754,0
IBTG.US,D,20200427,000000,26.09,26.1,26.05,26.065,860,0
IBTG.US,D,20200428,000000,26.08,26.14,26.08,26.14,631,0
IBTG.US,D,20200429,000000,26.12,26.19,26.12,26.146,1456,0
IBTG.US,D,20200430,000000,26.19,26.19,26.114,26.114,2010,0
IBTG.US,D,20200501,000000,26.16,26.16,26.114,26.114,284,0
IBTG.US,D,20200504,000000,26.13,26.13,26.12,26.12,798,0
IBTG.US,D,20200505,000000,26.13,26.13,26.125,26.125,529,0
IBTG.US,D,20200506,000000,26.07,26.08,26.055,26.075,2221,0
IBTG.US,D,20200507,000000,26.07,26.2,26.07,26.189,983,0
IBTG.US,D,20200508,000000,26.2,26.2,26.146,26.146,592,0
IBTG.US,D,20200511,000000,26.13,26.13,26.1,26.1,841,0
IBTG.US,D,20200512,000000,26.14,26.14,26.14,26.14,222,0
IBTG.US,D,20200513,000000,26.17,26.21,26.17,26.18,1054,0
IBTG.US,D,20200514,000000,26.23,26.23,26.205,26.205,1574,0
IBTG.US,D,20200515,000000,26.17,26.2,26.17,26.195,584,0
IBTG.US,D,20200518,000000,26.17,26.19,26.095,26.095,3444,0
IBTG.US,D,20200521,000000,26.155,26.17,26.148,26.15,1731,0
IBTG.US,D,20200522,000000,26.19,26.19,26.175,26.175,1247,0
IBTG.US,D,20200526,000000,26.11,26.16,26.11,26.155,609,0
IBTG.US,D,20200527,000000,26.176,26.18,26.17,26.17,631,0
IBTG.US,D,20200528,000000,26.17,26.17,26.15,26.15,716,0
IBTG.US,D,20200529,000000,26.18,26.196,26.18,26.196,1176,0
IBTG.US,D,20200601,000000,26.19,26.19,26.185,26.185,487,0
IBTG.US,D,20200603,000000,26.09,26.09,26.065,26.065,1398,0
IBTG.US,D,20200605,000000,25.9,25.921,25.9,25.921,681,0
IBTG.US,D,20200608,000000,25.9,25.95,25.9,25.95,780,0
IBTG.US,D,20200609,000000,26.002,26.02,25.996,26.005,685,0
IBTG.US,D,20200610,000000,26.095,26.14,26.095,26.14,565,0
IBTG.US,D,20200611,000000,26.2,26.2,26.166,26.166,564,0
IBTG.US,D,20200612,000000,26.17,26.18,26.145,26.145,1019,0
IBTG.US,D,20200616,000000,26.16,26.16,26.104,26.115,3989,0
IBTG.US,D,20200617,000000,26.14,26.14,26.11,26.129,1205,0
IBTG.US,D,20200618,000000,26.17,26.17,26.15,26.15,613,0
IBTG.US,D,20200619,000000,26.16,26.16,26.16,26.16,266,0
IBTG.US,D,20200622,000000,26.18,26.18,26.15,26.15,1609,0
IBTG.US,D,20200623,000000,26.14,26.16,26.14,26.15,556,0
IBTG.US,D,20200624,000000,26.17,26.19,26.17,26.175,484,0
IBTG.US,D,20200625,000000,26.2,26.2,26.174,26.174,727,0
IBTG.US,D,20200626,000000,26.23,26.23,26.22,26.22,677,0
IBTG.US,D,20200630,000000,26.26,26.26,26.225,26.225,574,0
IBTG.US,D,20200702,000000,26.21,26.225,26.2,26.225,831,0
IBTG.US,D,20200706,000000,26.19,26.2,26.19,26.2,749,0
IBTG.US,D,20200708,000000,26.22,26.24,26.21,26.225,1483,0
IBTG.US,D,20200709,000000,26.24,26.27,26.24,26.27,638,0
IBTG.US,D,20200710,000000,26.27,26.28,26.225,26.225,2424,0
IBTG.US,D,20200713,000000,26.22,26.249,26.22,26.249,567,0
IBTG.US,D,20200715,000000,26.25,26.27,26.25,26.27,1014,0
IBTG.US,D,20200716,000000,26.29,26.29,26.26,26.26,1864,0
IBTG.US,D,20200717,000000,26.26,26.26,26.26,26.26,270,0
IBTG.US,D,20200720,000000,26.27,26.27,26.25,26.26,1499,0
IBTG.US,D,20200721,000000,26.276,26.29,26.276,26.28,30207,0
IBTG.US,D,20200723,000000,26.29,26.31,26.285,26.285,18757,0
IBTG.US,D,20200724,000000,26.3,26.3,26.289,26.289,2710,0
IBTG.US,D,20200727,000000,26.29,26.29,26.26,26.26,1077,0
IBTG.US,D,20200728,000000,26.3,26.31,26.29,26.31,2396,0
IBTG.US,D,20200729,000000,26.31,26.33,26.31,26.33,587,0
IBTG.US,D,20200730,000000,26.36,26.36,26.34,26.36,1618,0
IBTG.US,D,20200731,000000,26.36,26.38,26.36,26.37,696,0
IBTG.US,D,20200803,000000,26.33,26.35,26.33,26.35,547,0
IBTG.US,D,20200804,000000,26.39,26.4,26.39,26.4,578,0
IBTG.US,D,20200805,000000,26.36,26.37,26.355,26.355,934,0
IBTG.US,D,20200806,000000,26.4,26.4,26.365,26.365,794,0
IBTG.US,D,20200807,000000,26.37,26.37,26.34,26.34,1841,0
IBTG.US,D,20200810,000000,26.37,26.37,26.32,26.32,781,0
IBTG.US,D,20200811,000000,26.26,26.28,26.245,26.28,516,0
IBTG.US,D,20200812,000000,26.23,26.24,26.22,26.235,4495,0
IBTG.US,D,20200813,000000,26.24,26.24,26.195,26.2,1743,0
IBTG.US,D,20200814,000000,26.23,26.24,26.23,26.24,1699,0
IBTG.US,D,20200817,000000,26.24,26.27,26.24,26.25,607,0
IBTG.US,D,20200818,000000,26.28,26.28,26.265,26.265,652,0
IBTG.US,D,20200819,000000,26.28,26.28,26.25,26.25,795,0
IBTG.US,D,20200820,000000,26.29,26.3,26.27,26.285,1475,0
IBTG.US,D,20200821,000000,26.3,26.3,26.29,26.29,443,0
IBTG.US,D,20200824,000000,26.29,26.29,26.26,26.26,1082,0
IBTG.US,D,20200826,000000,26.22,26.245,26.22,26.245,699,0
IBTG.US,D,20200827,000000,26.25,26.25,26.22,26.22,2116,0
IBTG.US,D,20200828,000000,26.27,26.27,26.25,26.25,717,0
IBTG.US,D,20200831,000000,26.28,26.29,26.265,26.265,675,0
IBTG.US,D,20200901,000000,26.28,26.285,26.28,26.285,338,0
IBTG.US,D,20200902,000000,26.28,26.3,26.28,26.295,897,0
IBTG.US,D,20200903,000000,26.34,26.35,26.333,26.333,749,0
IBTG.US,D,20200904,000000,26.28,26.28,26.23,26.23,1252,0
IBTG.US,D,20200908,000000,26.28,26.29,26.28,26.28,2471,0
IBTG.US,D,20200909,000000,26.265,26.265,26.255,26.261,996,0
IBTG.US,D,20200910,000000,26.26,26.28,26.25,26.28,659,0
IBTG.US,D,20200911,000000,26.3,26.3,26.28,26.3,463,0
IBTG.US,D,20200914,000000,26.31,26.31,26.29,26.29,397,0
IBTG.US,D,20200915,000000,26.28,26.29,26.28,26.285,606,0
IBTG.US,D,20200916,000000,26.31,26.31,26.27,26.27,731,0
IBTG.US,D,20200917,000000,26.29,26.29,26.275,26.275,850,0
IBTG.US,D,20200918,000000,26.28,26.28,26.26,26.26,636,0
IBTG.US,D,20200921,000000,26.301,26.31,26.28,26.28,711,0
IBTG.US,D,20200922,000000,26.28,26.3,26.28,26.29,1224,0
IBTG.US,D,20200923,000000,26.28,26.28,26.27,26.27,508,0
IBTG.US,D,20200924,000000,26.28,26.3,26.28,26.29,511,0
IBTG.US,D,20200925,000000,26.32,26.32,26.3,26.3,1192,0
IBTG.US,D,20200928,000000,26.31,26.31,26.308,26.308,856,0
IBTG.US,D,20200929,000000,26.33,26.33,26.32,26.32,6258,0
IBTG.US,D,20200930,000000,26.29,26.3,26.28,26.28,1139,0
IBTG.US,D,20201001,000000,26.24,26.3,26.24,26.29,10868,0
IBTG.US,D,20201002,000000,26.28,26.28,26.26,26.27,924,0
IBTG.US,D,20201005,000000,26.22,26.22,26.19,26.19,528,0
IBTG.US,D,20201006,000000,26.205,26.23,26.205,26.218,8304,0
IBTG.US,D,20201007,000000,26.2,26.2,26.17,26.17,850,0
IBTG.US,D,20201008,000000,26.2,26.205,26.2,26.205,261,0
IBTG.US,D,20201009,000000,26.2,26.21,26.18,26.19,2360,0
IBTG.US,D,20201012,000000,26.2,26.2,26.18,26.18,820,0
IBTG.US,D,20201013,000000,26.25,26.25,26.24,26.24,324,0
IBTG.US,D,20201014,000000,26.25,26.25,26.245,26.245,936,0
IBTG.US,D,20201015,000000,26.25,26.25,26.217,26.23,1332,0
IBTG.US,D,20201016,000000,26.22,26.23,26.22,26.22,1743,0
IBTG.US,D,20201019,000000,26.19,26.209,26.19,26.2,1113,0
IBTG.US,D,20201020,000000,26.2,26.21,26.17,26.18,22025,0
IBTG.US,D,20201021,000000,26.16,26.17,26.16,26.16,543,0
IBTG.US,D,20201022,000000,26.124,26.14,26.115,26.115,9744,0
IBTG.US,D,20201023,000000,26.14,26.14,26.12,26.13,1352,0
IBTG.US,D,20201026,000000,26.17,26.18,26.165,26.165,1653,0
IBTG.US,D,20201027,000000,26.2,26.2,26.2,26.2,640,0
IBTG.US,D,20201028,000000,26.215,26.215,26.2,26.2,2819,0
IBTG.US,D,20201102,000000,26.13,26.13,26.105,26.105,1061,0
IBTG.US,D,20201103,000000,26.085,26.09,26.07,26.085,643,0
IBTG.US,D,20201104,000000,26.18,26.2,26.18,26.2,1044,0
IBTG.US,D,20201105,000000,26.21,26.21,26.19,26.195,933,0
IBTG.US,D,20201106,000000,26.131,26.16,26.131,26.15,1131,0
IBTG.US,D,20201109,000000,26.041,26.047,26.01,26.047,3094,0
IBTG.US,D,20201110,000000,26.03,26.03,26.006,26.01,878,0
IBTG.US,D,20201111,000000,26.02,26.02,26.02,26.02,530,0
IBTG.US,D,20201112,000000,26.08,26.1,26.07,26.1,1092,0
IBTG.US,D,20201113,000000,26.08,26.1,26.08,26.08,523,0
IBTG.US,D,20201116,000000,26.08,26.08,26.07,26.08,577,0
IBTG.US,D,20201117,000000,26.12,26.12,26.11,26.115,2215,0
IBTG.US,D,20201118,000000,26.11,26.11,26.1,26.105,1840,0
IBTG.US,D,20201119,000000,26.13,26.13,26.12,26.12,1510,0
IBTG.US,D,20201120,000000,26.14,26.15,26.13,26.14,1324,0
IBTG.US,D,20201123,000000,26.11,26.13,26.11,26.12,2550,0
IBTG.US,D,20201124,000000,26.11,26.11,26.11,26.11,1187,0
IBTG.US,D,20201125,000000,26.135,26.135,26.12,26.12,1030,0
IBTG.US,D,20201130,000000,26.16,26.16,26.15,26.155,1104,0
IBTG.US,D,20201201,000000,26.08,26.08,26.05,26.07,2743,0
IBTG.US,D,20201202,000000,26.05,26.061,26.05,26.061,839,0
IBTG.US,D,20201203,000000,26.07,26.1,26.07,26.1,2915,0
IBTG.US,D,20201204,000000,26.04,26.06,26.04,26.06,406,0
IBTG.US,D,20201207,000000,26.1,26.11,26.1,26.1,1147,0
IBTG.US,D,20201208,000000,26.13,26.13,26.11,26.11,755,0
IBTG.US,D,20201209,000000,26.085,26.09,26.08,26.09,767,0
IBTG.US,D,20201210,000000,26.11,26.12,26.09,26.12,409,0
IBTG.US,D,20201211,000000,26.159,26.16,26.155,26.155,838,0
IBTG.US,D,20201214,000000,26.16,26.17,26.155,26.155,922,0
IBTG.US,D,20201215,000000,26.15,26.15,26.14,26.145,2146,0
IBTG.US,D,20201216,000000,26.12,26.15,26.12,26.14,1444,0
IBTG.US,D,20201217,000000,26.17,26.17,26.13,26.135,1436,0
IBTG.US,D,20201218,000000,26.149,26.149,26.13,26.13,942,0
IBTG.US,D,20201221,000000,26.13,26.13,26.13,26.13,246,0
IBTG.US,D,20201222,000000,26.15,26.16,26.15,26.155,1637,0
IBTG.US,D,20201223,000000,26.13,26.14,26.125,26.14,1563,0
IBTG.US,D,20201224,000000,26.14,26.16,26.14,26.15,745,0
IBTG.US,D,20201228,000000,26.155,26.155,26.155,26.155,421,0
IBTG.US,D,20201229,000000,26.155,26.17,26.15,26.16,1447,0
IBTG.US,D,20201230,000000,26.15,26.165,26.15,26.165,312,0
IBTG.US,D,20201231,000000,26.19,26.19,26.175,26.18,1918,0
IBTG.US,D,20210104,000000,26.2,26.2,26.17,26.186,825,0
IBTG.US,D,20210105,000000,26.18,26.19,26.155,26.165,3298,0
IBTG.US,D,20210106,000000,26.07,26.085,26.069,26.085,4225,0
IBTG.US,D,20210107,000000,26.05,26.06,26.04,26.045,2188,0
IBTG.US,D,20210108,000000,26.02,26.03,26.005,26.005,5250,0
IBTG.US,D,20210111,000000,25.99,25.99,25.975,25.98,4922,0
IBTG.US,D,20210112,000000,25.96,25.98,25.93,25.979,7056,0
IBTG.US,D,20210113,000000,26,26.03,25.999,26.01,13171,0
IBTG.US,D,20210114,000000,26.03,26.03,26,26,1819,0
IBTG.US,D,20210115,000000,26.02,26.05,26.02,26.041,3214,0
IBTG.US,D,20210119,000000,26.03,26.06,26.03,26.05,189221,0
IBTG.US,D,20210120,000000,26.04,26.055,26.04,26.055,8778,0
IBTG.US,D,20210121,000000,26.04,26.06,26.04,26.05,90698,0
IBTG.US,D,20210122,000000,26.06,26.075,26.06,26.07,58253,0
IBTG.US,D,20210125,000000,26.12,26.12,26.105,26.105,902,0
IBTG.US,D,20210126,000000,26.109,26.11,26.105,26.105,1481,0
IBTG.US,D,20210127,000000,26.135,26.135,26.12,26.12,2302,0
IBTG.US,D,20210128,000000,26.095,26.095,26.08,26.085,6347,0
IBTG.US,D,20210129,000000,26.07,26.09,26.07,26.07,2274,0
IBTG.US,D,20210201,000000,26.085,26.085,26.08,26.08,2708,0
IBTG.US,D,20210202,000000,26.04,26.05,26.04,26.05,657,0
IBTG.US,D,20210203,000000,26.04,26.04,26.02,26.03,2564,0
IBTG.US,D,20210204,000000,26.02,26.03,26.02,26.03,1356,0
IBTG.US,D,20210205,000000,26.035,26.04,26.015,26.015,3474,0
IBTG.US,D,20210208,000000,26.01,26.02,26.005,26.005,3394,0
IBTG.US,D,20210209,000000,26.02,26.02,26.01,26.01,646,0
IBTG.US,D,20210210,000000,26.03,26.044,26.03,26.04,824,0
IBTG.US,D,20210211,000000,26.04,26.04,26.035,26.035,957,0
IBTG.US,D,20210212,000000,26,26.001,25.995,25.995,1550,0
IBTG.US,D,20210216,000000,25.95,25.95,25.9,25.9,1648,0
IBTG.US,D,20210217,000000,25.88,25.91,25.88,25.9,1698,0
IBTG.US,D,20210218,000000,25.905,25.92,25.9,25.91,2786,0
IBTG.US,D,20210219,000000,25.88,25.88,25.87,25.87,741,0
IBTG.US,D,20210222,000000,25.85,25.85,25.845,25.845,1027,0
IBTG.US,D,20210224,000000,25.82,25.834,25.82,25.834,1661,0
IBTG.US,D,20210225,000000,25.699,25.699,25.56,25.56,22311,0
IBTG.US,D,20210226,000000,25.569,25.7,25.569,25.689,1948,0
IBTG.US,D,20210301,000000,25.7,25.7,25.69,25.69,586,0
IBTG.US,D,20210302,000000,25.74,25.75,25.74,25.75,597,0
IBTG.US,D,20210303,000000,25.67,25.672,25.655,25.672,31061,0
IBTG.US,D,20210304,000000,25.69,25.7,25.61,25.61,3606,0
IBTG.US,D,20210305,000000,25.6,25.6,25.59,25.59,354,0
IBTG.US,D,20210308,000000,25.51,25.51,25.5,25.5,652,0
IBTG.US,D,20210310,000000,25.58,25.6,25.57,25.595,2214,0
IBTG.US,D,20210311,000000,25.61,25.63,25.606,25.61,9180,0
IBTG.US,D,20210312,000000,25.53,25.53,25.51,25.525,1915,0
IBTG.US,D,20210315,000000,25.54,25.55,25.54,25.54,1042,0
IBTG.US,D,20210316,000000,25.57,25.57,25.55,25.55,3229,0
IBTG.US,D,20210317,000000,25.52,25.58,25.519,25.58,1241,0
IBTG.US,D,20210318,000000,25.46,25.5,25.46,25.5,6294,0
IBTG.US,D,20210319,000000,25.48,25.48,25.47,25.475,330,0
IBTG.US,D,20210322,000000,25.51,25.51,25.509,25.51,3180,0
IBTG.US,D,20210323,000000,25.54,25.565,25.54,25.565,480,0
IBTG.US,D,20210324,000000,25.54,25.58,25.54,25.58,2757,0
IBTG.US,D,20210325,000000,25.57,25.585,25.57,25.575,534,0
IBTG.US,D,20210326,000000,25.54,25.55,25.535,25.535,12985,0
IBTG.US,D,20210329,000000,25.52,25.52,25.49,25.492,10896,0
IBTG.US,D,20210330,000000,25.45,25.475,25.45,25.475,1588,0
IBTG.US,D,20210331,000000,25.47,25.47,25.43,25.45,2602,0
IBTG.US,D,20210401,000000,25.47,25.48,25.47,25.47,2211,0
IBTG.US,D,20210405,000000,25.43,25.44,25.43,25.435,1251,0
IBTG.US,D,20210406,000000,25.49,25.52,25.49,25.52,856,0
IBTG.US,D,20210407,000000,25.55,25.55,25.52,25.52,706,0
IBTG.US,D,20210408,000000,25.56,25.57,25.556,25.56,2336,0
IBTG.US,D,20210409,000000,25.51,25.54,25.51,25.53,2042,0
IBTG.US,D,20210412,000000,25.506,25.506,25.5,25.503,675,0
IBTG.US,D,20210413,000000,25.54,25.57,25.53,25.565,2314,0
IBTG.US,D,20210414,000000,25.54,25.545,25.53,25.545,1082,0
IBTG.US,D,20210415,000000,25.629,25.629,25.61,25.61,903,0
IBTG.US,D,20210416,000000,25.59,25.59,25.58,25.58,744,0
IBTG.US,D,20210419,000000,25.55,25.592,25.55,25.58,2513,0
IBTG.US,D,20210420,000000,25.605,25.63,25.6,25.625,135165,0
IBTG.US,D,20210421,000000,25.61,25.63,25.61,25.625,3980,0
IBTG.US,D,20210422,000000,25.62,25.634,25.605,25.625,60434,0
IBTG.US,D,20210423,000000,25.6,25.61,25.6,25.605,874,0
IBTG.US,D,20210426,000000,25.6,25.605,25.585,25.585,8265,0
IBTG.US,D,20210427,000000,25.545,25.545,25.545,25.545,638,0
IBTG.US,D,20210428,000000,25.549,25.575,25.548,25.575,1269,0
IBTG.US,D,20210429,000000,25.553,25.565,25.553,25.565,3448,0
IBTG.US,D,20210430,000000,25.56,25.587,25.56,25.587,641,0
IBTG.US,D,20210503,000000,25.591,25.61,25.59,25.605,614,0
IBTG.US,D,20210504,000000,25.625,25.64,25.615,25.615,98041,0
IBTG.US,D,20210505,000000,25.64,25.65,25.639,25.65,697,0
IBTG.US,D,20210506,000000,25.665,25.665,25.655,25.655,512,0
IBTG.US,D,20210507,000000,25.701,25.701,25.69,25.69,183,0
IBTG.US,D,20210510,000000,25.675,25.675,25.67,25.675,276,0
IBTG.US,D,20210512,000000,25.58,25.6,25.571,25.58,2928,0
IBTG.US,D,20210513,000000,25.615,25.625,25.615,25.625,7517,0
IBTG.US,D,20210514,000000,25.62,25.63,25.62,25.63,3645,0
IBTG.US,D,20210517,000000,25.63,25.63,25.625,25.625,221,0
IBTG.US,D,20210518,000000,25.63,25.64,25.63,25.64,558,0
IBTG.US,D,20210519,000000,25.65,25.65,25.59,25.59,342,0
IBTG.US,D,20210520,000000,25.64,25.64,25.635,25.635,3180,0
IBTG.US,D,20210521,000000,25.63,25.63,25.629,25.63,438,0
IBTG.US,D,20210524,000000,25.659,25.66,25.65,25.65,611,0
IBTG.US,D,20210525,000000,25.68,25.7,25.68,25.7,625,0
IBTG.US,D,20210526,000000,25.695,25.7,25.684,25.684,2054,0
IBTG.US,D,20210527,000000,25.651,25.666,25.651,25.666,1726,0
IBTG.US,D,20210601,000000,25.67,25.67,25.66,25.66,233,0
IBTG.US,D,20210603,000000,25.64,25.64,25.62,25.62,1983,0
IBTG.US,D,20210608,000000,25.715,25.72,25.71,25.72,261,0
IBTG.US,D,20210609,000000,25.745,25.745,25.74,25.745,649,0
IBTG.US,D,20210610,000000,25.759,25.771,25.759,25.771,218,0
IBTG.US,D,20210611,000000,25.74,25.75,25.74,25.745,942,0
IBTG.US,D,20210617,000000,25.575,25.59,25.575,25.58,498,0
IBTG.US,D,20210618,000000,25.56,25.59,25.56,25.59,5596,0
IBTG.US,D,20210621,000000,25.555,25.583,25.555,25.583,330,0
IBTG.US,D,20210623,000000,25.62,25.62,25.585,25.585,1266,0
IBTG.US,D,20210624,000000,25.59,25.59,25.585,25.585,457,0
IBTG.US,D,20210629,000000,25.6,25.6,25.6,25.6,196,0
IBTG.US,D,20210630,000000,25.63,25.63,25.609,25.609,366,0
IBTG.US,D,20210701,000000,25.565,25.585,25.565,25.585,483,0
IBTG.US,D,20210702,000000,25.6,25.63,25.6,25.63,335,0
IBTG.US,D,20210706,000000,25.695,25.695,25.69,25.695,669,0
IBTG.US,D,20210707,000000,25.715,25.715,25.715,25.715,883,0
IBTG.US,D,20210708,000000,25.76,25.77,25.76,25.765,740,0
IBTG.US,D,20210709,000000,25.72,25.72,25.715,25.715,138,0
IBTG.US,D,20210712,000000,25.69,25.695,25.69,25.695,1025,0
IBTG.US,D,20210713,000000,25.685,25.685,25.645,25.645,293,0
IBTG.US,D,20210714,000000,25.7,25.71,25.7,25.705,331,0
IBTG.US,D,20210715,000000,25.699,25.725,25.699,25.725,656,0
IBTG.US,D,20210716,000000,25.71,25.725,25.71,25.725,409,0
IBTG.US,D,20210720,000000,25.84,25.84,25.835,25.835,282,0
IBTG.US,D,20210721,000000,25.795,25.795,25.775,25.775,257,0
IBTG.US,D,20210722,000000,25.81,25.82,25.81,25.815,6554,0
IBTG.US,D,20210726,000000,25.8,25.8,25.795,25.795,324,0
IBTG.US,D,20210727,000000,25.82,25.83,25.82,25.825,3478,0
IBTG.US,D,20210729,000000,25.805,25.805,25.805,25.805,961,0
IBTG.US,D,20210730,000000,25.84,25.845,25.84,25.84,667,0
IBTG.US,D,20210802,000000,25.86,25.89,25.86,25.8866,1760,0
IBTG.US,D,20210804,000000,25.855,25.875,25.855,25.875,1377,0
IBTG.US,D,20210805,000000,25.81,25.82,25.81,25.815,2769,0
IBTG.US,D,20210806,000000,25.765,25.77,25.755,25.755,4548,0
IBTG.US,D,20210809,000000,25.73,25.735,25.7283,25.7283,1346,0
IBTG.US,D,20210810,000000,25.73,25.73,25.695,25.695,1504,0
IBTG.US,D,20210811,000000,25.7032,25.72,25.7032,25.72,307,0
IBTG.US,D,20210812,000000,25.7176,25.7176,25.69,25.695,839,0
IBTG.US,D,20210817,000000,25.78,25.78,25.76,25.76,316,0
IBTG.US,D,20210820,000000,25.76,25.76,25.744,25.744,324,0
IBTG.US,D,20210824,000000,25.74,25.7412,25.735,25.735,1969,0
IBTG.US,D,20210826,000000,25.7088,25.7088,25.695,25.695,2644,0
IBTG.US,D,20210827,000000,25.7213,25.745,25.7213,25.745,365,0
IBTG.US,D,20210830,000000,25.765,25.775,25.765,25.775,1877,0
IBTG.US,D,20210831,000000,25.77,25.775,25.77,25.77,645,0
