<TICKER>,<PER>,<DATE>,<TIME>,<OPEN>,<HIGH>,<LOW>,<CLOSE>,<VOL>,<OPENINT>
IBTH.US,D,20200302,000000,25.43,25.43,25.37,25.37,2707,0
IBTH.US,D,20200303,000000,25.42,25.7,25.42,25.64,7721,0
IBTH.US,D,20200304,000000,25.68,25.68,25.59,25.59,4313,0
IBTH.US,D,20200305,000000,25.71,25.71,25.71,25.71,801,0
IBTH.US,D,20200306,000000,26.02,26.02,25.92,25.927,2649,0
IBTH.US,D,20200309,000000,26.369,26.369,26.169,26.169,12990,0
IBTH.US,D,20200310,000000,26.07,26.119,25.86,25.86,7226,0
IBTH.US,D,20200311,000000,25.95,25.95,25.77,25.77,16855,0
IBTH.US,D,20200312,000000,25.78,26.04,25.7,25.74,36298,0
IBTH.US,D,20200313,000000,25.57,25.7,25.55,25.58,9697,0
IBTH.US,D,20200316,000000,25.58,25.89,25.425,25.425,6027,0
IBTH.US,D,20200317,000000,25.58,25.86,25.52,25.52,5016,0
IBTH.US,D,20200318,000000,25.4,25.4,25.4,25.4,1101,0
IBTH.US,D,20200319,000000,25.35,25.35,25.35,25.35,1506,0
IBTH.US,D,20200320,000000,25.63,25.685,25.59,25.685,316,0
IBTH.US,D,20200323,000000,26,26,26,26,117,0
IBTH.US,D,20200324,000000,25.98,25.98,25.98,25.98,117,0
IBTH.US,D,20200330,000000,26.349,27.583,26.163,26.174,290835,0
IBTH.US,D,20200331,000000,26.229,26.309,26.229,26.237,2995,0
IBTH.US,D,20200401,000000,26.319,27.804,26.289,26.289,85468,0
IBTH.US,D,20200402,000000,26.289,26.289,26.249,26.274,1756,0
IBTH.US,D,20200403,000000,26.259,26.388,26.209,26.279,1286,0
IBTH.US,D,20200406,000000,26.279,26.279,26.169,26.169,983,0
IBTH.US,D,20200408,000000,26.045,26.057,26.045,26.057,257,0
IBTH.US,D,20200409,000000,26.144,26.159,26.09,26.109,1544,0
IBTH.US,D,20200413,000000,26.119,26.119,26.06,26.06,1296,0
IBTH.US,D,20200414,000000,26.09,26.099,26.09,26.099,677,0
IBTH.US,D,20200415,000000,26.189,26.279,26.189,26.279,952,0
IBTH.US,D,20200416,000000,26.299,26.359,26.289,26.289,2536,0
IBTH.US,D,20200417,000000,26.339,26.339,26.259,26.264,632,0
IBTH.US,D,20200420,000000,26.289,26.314,26.289,26.314,1121,0
IBTH.US,D,20200421,000000,26.359,26.387,26.349,26.368,611,0
IBTH.US,D,20200422,000000,26.259,26.269,26.259,26.269,602,0
IBTH.US,D,20200423,000000,26.259,26.269,26.259,26.269,646,0
IBTH.US,D,20200424,000000,26.279,26.348,26.269,26.314,729,0
IBTH.US,D,20200427,000000,26.244,26.249,26.189,26.199,1210,0
IBTH.US,D,20200428,000000,26.229,26.299,26.229,26.299,808,0
IBTH.US,D,20200429,000000,26.299,26.349,26.274,26.294,1248,0
IBTH.US,D,20200430,000000,26.299,26.329,26.262,26.262,1273,0
IBTH.US,D,20200501,000000,26.269,26.269,26.239,26.249,880,0
IBTH.US,D,20200504,000000,26.229,26.279,26.219,26.269,884,0
IBTH.US,D,20200505,000000,26.199,26.254,26.199,26.254,603,0
IBTH.US,D,20200506,000000,26.149,26.199,26.149,26.194,888,0
IBTH.US,D,20200507,000000,26.299,26.339,26.299,26.324,1009,0
IBTH.US,D,20200511,000000,26.229,26.229,26.212,26.212,333,0
IBTH.US,D,20200512,000000,26.259,26.264,26.259,26.264,322,0
IBTH.US,D,20200513,000000,26.349,26.349,26.319,26.319,404,0
IBTH.US,D,20200514,000000,26.379,26.379,26.344,26.344,715,0
IBTH.US,D,20200518,000000,26.219,26.219,26.214,26.214,212,0
IBTH.US,D,20200519,000000,26.279,26.279,26.266,26.266,372,0
IBTH.US,D,20200521,000000,26.269,26.278,26.269,26.278,375,0
IBTH.US,D,20200522,000000,26.319,26.319,26.314,26.314,302,0
IBTH.US,D,20200526,000000,26.259,26.274,26.259,26.274,200,0
IBTH.US,D,20200527,000000,26.239,26.279,26.239,26.279,352,0
IBTH.US,D,20200528,000000,26.289,26.289,26.269,26.269,459,0
IBTH.US,D,20200601,000000,26.289,26.309,26.289,26.308,523,0
IBTH.US,D,20200602,000000,26.279,26.279,26.259,26.259,570,0
IBTH.US,D,20200603,000000,26.189,26.189,26.154,26.154,687,0
IBTH.US,D,20200604,000000,26.099,26.099,26.082,26.082,642,0
IBTH.US,D,20200605,000000,25.93,25.968,25.9,25.968,862,0
IBTH.US,D,20200608,000000,25.98,25.985,25.98,25.985,471,0
IBTH.US,D,20200609,000000,26.07,26.07,26.065,26.065,413,0
IBTH.US,D,20200610,000000,26.179,26.224,26.179,26.224,536,0
IBTH.US,D,20200612,000000,26.279,26.279,26.239,26.239,464,0
IBTH.US,D,20200616,000000,26.249,26.249,26.199,26.204,2163,0
IBTH.US,D,20200617,000000,26.189,26.229,26.189,26.223,515,0
IBTH.US,D,20200618,000000,26.289,26.289,26.254,26.254,707,0
IBTH.US,D,20200622,000000,26.269,26.269,26.249,26.249,539,0
IBTH.US,D,20200623,000000,26.229,26.244,26.229,26.244,1539,0
IBTH.US,D,20200624,000000,26.279,26.284,26.275,26.284,473,0
IBTH.US,D,20200626,000000,26.349,26.349,26.339,26.339,212,0
IBTH.US,D,20200630,000000,26.379,26.379,26.329,26.329,298,0
IBTH.US,D,20200702,000000,26.318,26.324,26.318,26.324,655,0
IBTH.US,D,20200708,000000,26.339,26.339,26.334,26.334,1055,0
IBTH.US,D,20200709,000000,26.344,26.388,26.344,26.388,558,0
IBTH.US,D,20200710,000000,26.398,26.408,26.344,26.344,1080,0
IBTH.US,D,20200713,000000,26.329,26.329,26.329,26.329,1203,0
IBTH.US,D,20200714,000000,26.408,26.408,26.369,26.369,446,0
IBTH.US,D,20200715,000000,26.379,26.393,26.369,26.393,989,0
IBTH.US,D,20200716,000000,26.408,26.408,26.388,26.388,1543,0
IBTH.US,D,20200717,000000,26.379,26.379,26.379,26.379,1454,0
IBTH.US,D,20200720,000000,26.379,26.388,26.379,26.383,786,0
IBTH.US,D,20200721,000000,26.408,26.428,26.408,26.408,59609,0
IBTH.US,D,20200722,000000,26.428,26.428,26.409,26.409,8218,0
IBTH.US,D,20200723,000000,26.428,26.438,26.423,26.423,16109,0
IBTH.US,D,20200724,000000,26.438,26.443,26.427,26.427,3810,0
IBTH.US,D,20200727,000000,26.408,26.408,26.388,26.388,566,0
IBTH.US,D,20200728,000000,26.418,26.444,26.418,26.444,677,0
IBTH.US,D,20200729,000000,26.448,26.468,26.443,26.468,542,0
IBTH.US,D,20200730,000000,26.498,26.518,26.488,26.508,3512,0
IBTH.US,D,20200731,000000,26.528,26.528,26.517,26.517,523,0
IBTH.US,D,20200803,000000,26.468,26.493,26.468,26.493,338,0
IBTH.US,D,20200804,000000,26.543,26.543,26.538,26.538,404,0
IBTH.US,D,20200805,000000,26.508,26.508,26.498,26.498,511,0
IBTH.US,D,20200806,000000,26.558,26.558,26.513,26.513,800,0
IBTH.US,D,20200807,000000,26.538,26.538,26.477,26.477,1604,0
IBTH.US,D,20200810,000000,26.508,26.508,26.448,26.448,573,0
IBTH.US,D,20200811,000000,26.369,26.369,26.359,26.359,442,0
IBTH.US,D,20200812,000000,26.329,26.349,26.319,26.329,1507,0
IBTH.US,D,20200813,000000,26.269,26.279,26.269,26.279,1183,0
IBTH.US,D,20200814,000000,26.329,26.329,26.314,26.314,755,0
IBTH.US,D,20200817,000000,26.359,26.359,26.349,26.349,352,0
IBTH.US,D,20200818,000000,26.379,26.379,26.369,26.369,267,0
IBTH.US,D,20200819,000000,26.364,26.364,26.349,26.349,366,0
IBTH.US,D,20200820,000000,26.398,26.408,26.398,26.408,829,0
IBTH.US,D,20200824,000000,26.408,26.418,26.385,26.385,865,0
IBTH.US,D,20200825,000000,26.339,26.347,26.339,26.347,401,0
IBTH.US,D,20200826,000000,26.319,26.359,26.319,26.339,567,0
IBTH.US,D,20200827,000000,26.329,26.339,26.299,26.299,1765,0
IBTH.US,D,20200831,000000,26.379,26.379,26.369,26.379,811,0
IBTH.US,D,20200901,000000,26.369,26.369,26.369,26.369,342,0
IBTH.US,D,20200903,000000,26.468,26.468,26.453,26.453,709,0
IBTH.US,D,20200904,000000,26.379,26.379,26.329,26.329,707,0
IBTH.US,D,20200908,000000,26.379,26.388,26.379,26.388,689,0
IBTH.US,D,20200909,000000,26.369,26.369,26.369,26.369,631,0
IBTH.US,D,20200910,000000,26.369,26.388,26.369,26.388,549,0
IBTH.US,D,20200911,000000,26.398,26.418,26.398,26.418,493,0
IBTH.US,D,20200914,000000,26.418,26.418,26.399,26.399,438,0
IBTH.US,D,20200915,000000,26.398,26.398,26.393,26.398,1190,0
IBTH.US,D,20200916,000000,26.428,26.428,26.379,26.379,884,0
IBTH.US,D,20200917,000000,26.408,26.408,26.408,26.408,521,0
IBTH.US,D,20200918,000000,26.398,26.398,26.398,26.398,237,0
IBTH.US,D,20200921,000000,26.428,26.428,26.406,26.406,418,0
IBTH.US,D,20200922,000000,26.408,26.428,26.398,26.398,1042,0
IBTH.US,D,20200923,000000,26.388,26.388,26.379,26.379,506,0
IBTH.US,D,20200924,000000,26.408,26.418,26.398,26.418,884,0
IBTH.US,D,20200925,000000,26.438,26.438,26.414,26.428,1146,0
IBTH.US,D,20200929,000000,26.458,26.458,26.438,26.438,593,0
IBTH.US,D,20200930,000000,26.388,26.408,26.388,26.398,1586,0
IBTH.US,D,20201001,000000,26.349,26.418,26.349,26.418,1831,0
IBTH.US,D,20201005,000000,26.309,26.309,26.309,26.309,423,0
IBTH.US,D,20201006,000000,26.319,26.319,26.319,26.319,4005,0
IBTH.US,D,20201007,000000,26.269,26.269,26.269,26.269,773,0
IBTH.US,D,20201008,000000,26.279,26.289,26.279,26.289,347,0
IBTH.US,D,20201009,000000,26.299,26.299,26.269,26.269,1640,0
IBTH.US,D,20201012,000000,26.259,26.259,26.259,26.259,575,0
IBTH.US,D,20201014,000000,26.344,26.344,26.344,26.344,679,0
IBTH.US,D,20201015,000000,26.345,26.359,26.314,26.329,864,0
IBTH.US,D,20201016,000000,26.329,26.339,26.309,26.309,1608,0
IBTH.US,D,20201019,000000,26.279,26.289,26.279,26.289,744,0
IBTH.US,D,20201020,000000,26.278,26.289,26.245,26.249,25494,0
IBTH.US,D,20201021,000000,26.229,26.229,26.229,26.229,519,0
IBTH.US,D,20201022,000000,26.177,26.189,26.177,26.179,10689,0
IBTH.US,D,20201023,000000,26.169,26.169,26.169,26.169,535,0
IBTH.US,D,20201026,000000,26.229,26.249,26.229,26.234,1271,0
IBTH.US,D,20201027,000000,26.269,26.274,26.269,26.274,679,0
IBTH.US,D,20201028,000000,26.289,26.289,26.274,26.274,424,0
IBTH.US,D,20201030,000000,26.159,26.159,26.159,26.159,797,0
IBTH.US,D,20201102,000000,26.169,26.169,26.139,26.143,1415,0
IBTH.US,D,20201103,000000,26.109,26.119,26.099,26.099,684,0
IBTH.US,D,20201104,000000,26.269,26.274,26.269,26.274,599,0
IBTH.US,D,20201105,000000,26.289,26.289,26.259,26.269,879,0
IBTH.US,D,20201106,000000,26.189,26.212,26.189,26.208,1228,0
IBTH.US,D,20201109,000000,26.03,26.062,26.03,26.062,686,0
IBTH.US,D,20201110,000000,26.02,26.02,26.007,26.007,689,0
IBTH.US,D,20201111,000000,26.01,26.025,26.01,26.025,551,0
IBTH.US,D,20201112,000000,26.099,26.139,26.095,26.139,1420,0
IBTH.US,D,20201113,000000,26.129,26.129,26.114,26.114,469,0
IBTH.US,D,20201116,000000,26.109,26.109,26.109,26.109,368,0
IBTH.US,D,20201117,000000,26.139,26.159,26.139,26.159,1324,0
IBTH.US,D,20201118,000000,26.149,26.159,26.134,26.134,1760,0
IBTH.US,D,20201119,000000,26.159,26.179,26.159,26.164,1470,0
IBTH.US,D,20201120,000000,26.199,26.199,26.194,26.194,1173,0
IBTH.US,D,20201123,000000,26.159,26.159,26.159,26.159,606,0
IBTH.US,D,20201124,000000,26.159,26.159,26.139,26.149,2962,0
IBTH.US,D,20201125,000000,26.199,26.199,26.159,26.159,1085,0
IBTH.US,D,20201127,000000,26.189,26.199,26.189,26.199,594,0
IBTH.US,D,20201130,000000,26.199,26.199,26.194,26.194,1066,0
IBTH.US,D,20201201,000000,26.06,26.06,26.06,26.06,704,0
IBTH.US,D,20201202,000000,26.06,26.07,26.06,26.07,895,0
IBTH.US,D,20201203,000000,26.099,26.119,26.099,26.119,1027,0
IBTH.US,D,20201207,000000,26.109,26.129,26.109,26.109,536,0
IBTH.US,D,20201208,000000,26.139,26.139,26.139,26.139,689,0
IBTH.US,D,20201210,000000,26.119,26.119,26.119,26.119,611,0
IBTH.US,D,20201211,000000,26.189,26.189,26.189,26.189,846,0
IBTH.US,D,20201214,000000,26.199,26.199,26.184,26.184,966,0
IBTH.US,D,20201215,000000,26.169,26.169,26.149,26.149,2268,0
IBTH.US,D,20201216,000000,26.129,26.159,26.129,26.159,1230,0
IBTH.US,D,20201217,000000,26.139,26.139,26.139,26.139,696,0
IBTH.US,D,20201218,000000,26.159,26.159,26.134,26.134,1008,0
IBTH.US,D,20201222,000000,26.159,26.169,26.159,26.169,907,0
IBTH.US,D,20201223,000000,26.128,26.134,26.127,26.134,1403,0
IBTH.US,D,20201224,000000,26.129,26.154,26.129,26.149,562,0
IBTH.US,D,20201228,000000,26.139,26.159,26.139,26.159,378,0
IBTH.US,D,20201229,000000,26.168,26.179,26.168,26.169,1140,0
IBTH.US,D,20201230,000000,26.179,26.179,26.169,26.169,517,0
IBTH.US,D,20201231,000000,26.189,26.199,26.189,26.189,2647,0
IBTH.US,D,20210104,000000,26.199,26.199,26.199,26.199,535,0
IBTH.US,D,20210105,000000,26.179,26.179,26.142,26.159,4090,0
IBTH.US,D,20210106,000000,26.03,26.03,26.03,26.03,349,0
IBTH.US,D,20210107,000000,25.98,26,25.98,25.995,562,0
IBTH.US,D,20210108,000000,25.94,25.94,25.94,25.94,725,0
IBTH.US,D,20210111,000000,25.91,25.91,25.9,25.9,960,0
IBTH.US,D,20210112,000000,25.85,25.91,25.85,25.899,796,0
IBTH.US,D,20210113,000000,25.93,25.965,25.93,25.954,902,0
IBTH.US,D,20210114,000000,25.97,25.97,25.93,25.93,1033,0
IBTH.US,D,20210115,000000,25.99,26,25.986,25.986,1363,0
IBTH.US,D,20210119,000000,25.971,26,25.97,26,235546,0
IBTH.US,D,20210120,000000,26,26.005,25.99,26.005,8780,0
IBTH.US,D,20210121,000000,25.976,26,25.97,25.99,77715,0
IBTH.US,D,20210122,000000,26.01,26.02,26.01,26.015,3412,0
IBTH.US,D,20210125,000000,26.035,26.079,26.035,26.075,4929,0
IBTH.US,D,20210126,000000,26.07,26.089,26.07,26.075,3688,0
IBTH.US,D,20210128,000000,26.045,26.05,26.04,26.05,1517,0
IBTH.US,D,20210129,000000,26.02,26.03,26.01,26.025,570,0
IBTH.US,D,20210201,000000,26.025,26.025,26.025,26.025,619,0
IBTH.US,D,20210202,000000,25.98,25.985,25.98,25.985,258,0
IBTH.US,D,20210203,000000,25.98,25.98,25.955,25.956,6232,0
IBTH.US,D,20210204,000000,25.93,25.96,25.93,25.96,815,0
IBTH.US,D,20210205,000000,25.955,25.955,25.93,25.93,1783,0
IBTH.US,D,20210208,000000,25.93,25.93,25.927,25.927,489,0
IBTH.US,D,20210209,000000,25.92,25.935,25.92,25.935,328,0
IBTH.US,D,20210211,000000,25.99,25.99,25.965,25.965,983,0
IBTH.US,D,20210212,000000,25.92,25.92,25.91,25.92,1437,0
IBTH.US,D,20210216,000000,25.79,25.79,25.78,25.78,590,0
IBTH.US,D,20210217,000000,25.78,25.78,25.775,25.775,345,0
IBTH.US,D,20210218,000000,25.78,25.79,25.78,25.79,877,0
IBTH.US,D,20210219,000000,25.703,25.703,25.703,25.703,260,0
IBTH.US,D,20210222,000000,25.7,25.7,25.685,25.685,316,0
IBTH.US,D,20210223,000000,25.705,25.71,25.701,25.701,2261,0
IBTH.US,D,20210224,000000,25.65,25.68,25.65,25.665,577,0
IBTH.US,D,20210225,000000,25.525,25.525,25.35,25.35,560,0
IBTH.US,D,20210226,000000,25.37,25.515,25.37,25.492,1511,0
IBTH.US,D,20210302,000000,25.54,25.561,25.54,25.561,751,0
IBTH.US,D,20210304,000000,25.48,25.48,25.367,25.367,382,0
IBTH.US,D,20210308,000000,25.25,25.25,25.243,25.243,806,0
IBTH.US,D,20210309,000000,25.3,25.33,25.3,25.33,2289,0
IBTH.US,D,20210310,000000,25.35,25.38,25.35,25.37,3019,0
IBTH.US,D,20210312,000000,25.24,25.26,25.24,25.255,1763,0
IBTH.US,D,20210316,000000,25.3,25.3,25.279,25.28,2101,0
IBTH.US,D,20210317,000000,25.23,25.28,25.219,25.28,1109,0
IBTH.US,D,20210318,000000,25.13,25.18,25.13,25.175,20266,0
IBTH.US,D,20210319,000000,25.155,25.17,25.15,25.15,368,0
IBTH.US,D,20210322,000000,25.2,25.21,25.2,25.2,3601,0
IBTH.US,D,20210323,000000,25.24,25.29,25.24,25.29,2896,0
IBTH.US,D,20210324,000000,25.26,25.309,25.26,25.309,329,0
IBTH.US,D,20210325,000000,25.3,25.32,25.295,25.295,2631,0
IBTH.US,D,20210326,000000,25.27,25.27,25.24,25.24,1806,0
IBTH.US,D,20210329,000000,25.24,25.24,25.179,25.181,11217,0
IBTH.US,D,20210330,000000,25.12,25.152,25.11,25.152,1402,0
IBTH.US,D,20210331,000000,25.15,25.15,25.123,25.123,3682,0
IBTH.US,D,20210401,000000,25.17,25.18,25.17,25.175,1665,0
IBTH.US,D,20210405,000000,25.12,25.14,25.12,25.125,2399,0
IBTH.US,D,20210406,000000,25.21,25.24,25.21,25.23,2387,0
IBTH.US,D,20210407,000000,25.27,25.27,25.23,25.23,395,0
IBTH.US,D,20210408,000000,25.27,25.294,25.27,25.29,1795,0
IBTH.US,D,20210409,000000,25.24,25.26,25.24,25.245,2158,0
IBTH.US,D,20210412,000000,25.215,25.22,25.21,25.218,571,0
IBTH.US,D,20210413,000000,25.25,25.295,25.25,25.295,1829,0
IBTH.US,D,20210414,000000,25.27,25.28,25.265,25.275,9381,0
IBTH.US,D,20210415,000000,25.4,25.4,25.371,25.371,180,0
IBTH.US,D,20210416,000000,25.35,25.35,25.33,25.33,4559,0
IBTH.US,D,20210419,000000,25.32,25.34,25.32,25.32,6675,0
IBTH.US,D,20210420,000000,25.33,25.4,25.33,25.38,645210,0
IBTH.US,D,20210421,000000,25.39,25.39,25.36,25.385,15877,0
IBTH.US,D,20210422,000000,25.385,25.39,25.33,25.385,203145,0
IBTH.US,D,20210423,000000,25.38,25.38,25.345,25.365,16770,0
IBTH.US,D,20210426,000000,25.355,25.37,25.34,25.345,9924,0
IBTH.US,D,20210427,000000,25.32,25.33,25.285,25.285,6514,0
IBTH.US,D,20210428,000000,25.29,25.32,25.26,25.315,14920,0
IBTH.US,D,20210429,000000,25.23,25.3,25.23,25.295,8106,0
IBTH.US,D,20210430,000000,25.29,25.315,25.285,25.315,4147,0
IBTH.US,D,20210503,000000,25.3,25.37,25.3,25.345,6880,0
IBTH.US,D,20210504,000000,25.405,25.405,25.36,25.36,1330,0
IBTH.US,D,20210505,000000,25.375,25.4,25.375,25.4,2899,0
IBTH.US,D,20210507,000000,25.49,25.5,25.43,25.43,2585,0
IBTH.US,D,20210510,000000,25.44,25.445,25.4,25.405,13236,0
IBTH.US,D,20210511,000000,25.38,25.39,25.38,25.38,6664,0
IBTH.US,D,20210512,000000,25.3,25.31,25.29,25.29,14588,0
IBTH.US,D,20210513,000000,25.32,25.345,25.32,25.345,972,0
IBTH.US,D,20210514,000000,25.37,25.37,25.34,25.37,2940,0
IBTH.US,D,20210517,000000,25.37,25.37,25.35,25.355,5269,0
IBTH.US,D,20210518,000000,25.36,25.37,25.355,25.37,2141,0
IBTH.US,D,20210519,000000,25.365,25.399,25.31,25.31,9418,0
IBTH.US,D,20210520,000000,25.35,25.385,25.35,25.385,2230,0
IBTH.US,D,20210521,000000,25.4,25.4,25.38,25.385,7668,0
IBTH.US,D,20210524,000000,25.399,25.42,25.399,25.405,3295,0
IBTH.US,D,20210525,000000,25.445,25.475,25.445,25.475,778,0
IBTH.US,D,20210526,000000,25.475,25.475,25.45,25.45,4135,0
IBTH.US,D,20210527,000000,25.415,25.42,25.408,25.42,9771,0
IBTH.US,D,20210528,000000,25.435,25.445,25.435,25.435,4095,0
IBTH.US,D,20210601,000000,25.38,25.41,25.38,25.41,1902,0
IBTH.US,D,20210602,000000,25.43,25.44,25.42,25.43,5327,0
IBTH.US,D,20210603,000000,25.389,25.389,25.37,25.37,1019,0
IBTH.US,D,20210604,000000,25.451,25.479,25.45,25.47,3593,0
IBTH.US,D,20210607,000000,25.45,25.455,25.45,25.455,1009,0
IBTH.US,D,20210608,000000,25.51,25.51,25.505,25.505,614,0
IBTH.US,D,20210609,000000,25.56,25.56,25.55,25.555,5029,0
IBTH.US,D,20210610,000000,25.56,25.6,25.56,25.6,427,0
IBTH.US,D,20210611,000000,25.57,25.57,25.57,25.57,1126,0
IBTH.US,D,20210614,000000,25.537,25.537,25.505,25.505,574,0
IBTH.US,D,20210615,000000,25.51,25.51,25.502,25.505,3562,0
IBTH.US,D,20210616,000000,25.52,25.53,25.343,25.347,9806,0
IBTH.US,D,20210617,000000,25.37,25.415,25.37,25.391,1619,0
IBTH.US,D,20210618,000000,25.33,25.45,25.33,25.445,7449,0
IBTH.US,D,20210621,000000,25.38,25.415,25.38,25.415,1990,0
IBTH.US,D,20210622,000000,25.43,25.455,25.43,25.455,3594,0
IBTH.US,D,20210623,000000,25.43,25.46,25.415,25.415,8732,0
IBTH.US,D,20210624,000000,25.43,25.43,25.41,25.41,2770,0
IBTH.US,D,20210625,000000,25.425,25.425,25.36,25.375,3555,0
IBTH.US,D,20210628,000000,25.43,25.44,25.425,25.425,5837,0
IBTH.US,D,20210629,000000,25.42,25.44,25.42,25.435,2301,0
IBTH.US,D,20210630,000000,25.47,25.48,25.456,25.456,3552,0
IBTH.US,D,20210701,000000,25.43,25.4499,25.421,25.4374,1246,0
IBTH.US,D,20210702,000000,25.485,25.51,25.485,25.505,8405,0
IBTH.US,D,20210706,000000,25.61,25.61,25.6,25.6,854,0
IBTH.US,D,20210707,000000,25.61,25.64,25.61,25.6356,1455,0
IBTH.US,D,20210708,000000,25.715,25.715,25.686,25.695,554,0
IBTH.US,D,20210709,000000,25.63,25.64,25.619,25.619,1477,0
IBTH.US,D,20210712,000000,25.63,25.63,25.6,25.605,821,0
IBTH.US,D,20210713,000000,25.61,25.61,25.545,25.545,2677,0
IBTH.US,D,20210714,000000,25.59,25.625,25.59,25.625,1303,0
IBTH.US,D,20210715,000000,25.635,25.675,25.619,25.675,1056,0
IBTH.US,D,20210716,000000,25.65,25.665,25.65,25.665,866,0
IBTH.US,D,20210719,000000,25.79,25.83,25.79,25.8,1556,0
IBTH.US,D,20210720,000000,25.885,25.89,25.795,25.81,287783,0
IBTH.US,D,20210721,000000,25.735,25.735,25.715,25.715,773,0
IBTH.US,D,20210722,000000,25.755,25.787,25.75,25.77,132639,0
IBTH.US,D,20210723,000000,25.71,25.71,25.71,25.71,644,0
IBTH.US,D,20210727,000000,25.8,25.8,25.79,25.795,2550,0
IBTH.US,D,20210728,000000,25.7499,25.805,25.7499,25.805,881,0
IBTH.US,D,20210729,000000,25.759,25.76,25.755,25.755,3011,0
IBTH.US,D,20210730,000000,25.815,25.82,25.8,25.805,52590,0
IBTH.US,D,20210802,000000,25.82,25.9,25.82,25.865,1293,0
IBTH.US,D,20210803,000000,25.8798,25.88,25.8724,25.875,5034,0
IBTH.US,D,20210804,000000,25.93,25.93,25.84,25.8485,1889,0
IBTH.US,D,20210805,000000,25.79,25.79,25.775,25.775,7523,0
IBTH.US,D,20210806,000000,25.71,25.71,25.6865,25.6865,2716,0
IBTH.US,D,20210809,000000,25.7176,25.7176,25.6568,25.6568,3718,0
IBTH.US,D,20210810,000000,25.651,25.651,25.615,25.615,45999,0
IBTH.US,D,20210811,000000,25.63,25.66,25.625,25.645,17852,0
IBTH.US,D,20210812,000000,25.62,25.6377,25.615,25.615,3199,0
IBTH.US,D,20210813,000000,25.645,25.685,25.645,25.685,2124,0
IBTH.US,D,20210816,000000,25.77,25.77,25.735,25.735,2587,0
IBTH.US,D,20210817,000000,25.73,25.73,25.715,25.715,1225,0
IBTH.US,D,20210818,000000,25.72,25.72,25.6974,25.6974,8393,0
IBTH.US,D,20210819,000000,25.74,25.74,25.7284,25.7284,6101,0
IBTH.US,D,20210820,000000,25.73,25.73,25.6928,25.7041,3296,0
IBTH.US,D,20210823,000000,25.7,25.725,25.7,25.725,1681,0
IBTH.US,D,20210824,000000,25.72,25.72,25.68,25.68,23413,0
IBTH.US,D,20210825,000000,25.67,25.67,25.621,25.621,2800,0
IBTH.US,D,20210826,000000,25.61,25.6276,25.5924,25.6169,4126,0
IBTH.US,D,20210827,000000,25.6199,25.68,25.6,25.68,3607,0
IBTH.US,D,20210830,000000,25.7,25.725,25.7,25.725,1238,0
IBTH.US,D,20210831,000000,25.715,25.715,25.705,25.705,2364,0
IBTH.US,D,20210901,000000,25.71,25.71,25.69,25.695,7283,0
