<TICKER>,<PER>,<DATE>,<TIME>,<OPEN>,<HIGH>,<LOW>,<CLOSE>,<VOL>,<OPENINT>
IBTI.US,D,20200302,000000,25.531,25.531,25.491,25.491,702,0
IBTI.US,D,20200303,000000,25.75,25.88,25.71,25.71,14797,0
IBTI.US,D,20200304,000000,25.74,25.74,25.7,25.7,5316,0
IBTI.US,D,20200305,000000,25.84,25.89,25.84,25.89,902,0
IBTI.US,D,20200306,000000,26.219,26.219,26.123,26.123,5477,0
IBTI.US,D,20200309,000000,26.638,26.638,26.403,26.403,11334,0
IBTI.US,D,20200310,000000,26.259,26.368,26,26,7974,0
IBTI.US,D,20200311,000000,26.119,26.129,25.85,25.91,17151,0
IBTI.US,D,20200312,000000,25.99,26.134,25.72,25.72,26281,0
IBTI.US,D,20200313,000000,25.571,25.75,25.551,25.575,5516,0
IBTI.US,D,20200316,000000,25.97,26.124,25.92,26.124,22612,0
IBTI.US,D,20200317,000000,25.75,25.75,25.591,25.591,6018,0
IBTI.US,D,20200318,000000,25.451,25.451,25.153,25.183,3390,0
IBTI.US,D,20200319,000000,25.391,25.521,25.351,25.351,6238,0
IBTI.US,D,20200320,000000,25.68,25.72,25.68,25.72,2427,0
IBTI.US,D,20200323,000000,26.139,26.169,26.139,26.169,722,0
IBTI.US,D,20200325,000000,25.96,25.97,25.96,25.97,400,0
IBTI.US,D,20200327,000000,26.189,26.308,26.189,26.308,186,0
IBTI.US,D,20200330,000000,26.498,26.615,26.324,26.324,244189,0
IBTI.US,D,20200331,000000,26.448,26.598,26.393,26.393,5510,0
IBTI.US,D,20200401,000000,26.538,28.044,26.474,26.474,85451,0
IBTI.US,D,20200402,000000,26.518,26.518,26.438,26.464,1629,0
IBTI.US,D,20200403,000000,26.478,26.618,26.428,26.488,2106,0
IBTI.US,D,20200406,000000,26.373,26.418,26.308,26.353,1105,0
IBTI.US,D,20200408,000000,26.249,26.249,26.239,26.239,413,0
IBTI.US,D,20200409,000000,26.318,26.318,26.268,26.283,1332,0
IBTI.US,D,20200415,000000,26.498,26.498,26.491,26.491,531,0
IBTI.US,D,20200416,000000,26.538,26.538,26.512,26.512,454,0
IBTI.US,D,20200417,000000,26.558,26.558,26.457,26.457,760,0
IBTI.US,D,20200420,000000,26.498,26.518,26.498,26.518,758,0
IBTI.US,D,20200421,000000,26.598,26.598,26.578,26.593,336,0
IBTI.US,D,20200424,000000,26.548,26.558,26.533,26.533,457,0
IBTI.US,D,20200427,000000,26.448,26.458,26.448,26.458,581,0
IBTI.US,D,20200429,000000,26.558,26.558,26.468,26.494,847,0
IBTI.US,D,20200430,000000,26.578,26.578,26.467,26.488,2773,0
IBTI.US,D,20200504,000000,26.453,26.468,26.453,26.463,446,0
IBTI.US,D,20200505,000000,26.468,26.468,26.448,26.448,433,0
IBTI.US,D,20200506,000000,26.353,26.368,26.353,26.368,571,0
IBTI.US,D,20200507,000000,26.518,26.518,26.506,26.508,1149,0
IBTI.US,D,20200508,000000,26.498,26.498,26.498,26.498,424,0
IBTI.US,D,20200511,000000,26.378,26.378,26.369,26.369,327,0
IBTI.US,D,20200512,000000,26.418,26.453,26.418,26.453,258,0
IBTI.US,D,20200513,000000,26.528,26.528,26.498,26.498,292,0
IBTI.US,D,20200518,000000,26.378,26.378,26.368,26.368,220,0
IBTI.US,D,20200521,000000,26.448,26.448,26.448,26.448,373,0
IBTI.US,D,20200522,000000,26.508,26.508,26.493,26.493,273,0
IBTI.US,D,20200526,000000,26.438,26.443,26.438,26.443,201,0
IBTI.US,D,20200528,000000,26.458,26.458,26.438,26.438,455,0
IBTI.US,D,20200529,000000,26.523,26.528,26.518,26.528,955,0
IBTI.US,D,20200601,000000,26.488,26.493,26.478,26.493,592,0
IBTI.US,D,20200603,000000,26.328,26.328,26.313,26.313,1636,0
IBTI.US,D,20200604,000000,26.216,26.224,26.216,26.224,1546,0
IBTI.US,D,20200608,000000,26.109,26.149,26.109,26.116,700,0
IBTI.US,D,20200609,000000,26.209,26.209,26.204,26.204,412,0
IBTI.US,D,20200610,000000,26.307,26.382,26.307,26.382,428,0
IBTI.US,D,20200612,000000,26.458,26.458,26.413,26.413,416,0
IBTI.US,D,20200616,000000,26.383,26.383,26.337,26.353,3221,0
IBTI.US,D,20200617,000000,26.338,26.388,26.338,26.382,726,0
IBTI.US,D,20200618,000000,26.443,26.443,26.433,26.433,556,0
IBTI.US,D,20200622,000000,26.438,26.438,26.418,26.427,765,0
IBTI.US,D,20200623,000000,26.398,26.408,26.398,26.408,290,0
IBTI.US,D,20200624,000000,26.468,26.468,26.463,26.463,326,0
IBTI.US,D,20200626,000000,26.548,26.548,26.537,26.537,205,0
IBTI.US,D,20200630,000000,26.578,26.578,26.518,26.528,957,0
IBTI.US,D,20200702,000000,26.478,26.488,26.478,26.488,646,0
IBTI.US,D,20200708,000000,26.518,26.518,26.508,26.512,871,0
IBTI.US,D,20200709,000000,26.528,26.528,26.528,26.528,577,0
IBTI.US,D,20200710,000000,26.598,26.598,26.528,26.528,1053,0
IBTI.US,D,20200713,000000,26.518,26.518,26.518,26.518,1114,0
IBTI.US,D,20200715,000000,26.548,26.588,26.548,26.548,1308,0
IBTI.US,D,20200717,000000,26.568,26.568,26.567,26.567,229,0
IBTI.US,D,20200720,000000,26.563,26.578,26.563,26.573,689,0
IBTI.US,D,20200721,000000,26.598,26.618,26.598,26.606,60311,0
IBTI.US,D,20200722,000000,26.608,26.608,26.606,26.606,2272,0
IBTI.US,D,20200723,000000,26.628,26.648,26.628,26.628,15835,0
IBTI.US,D,20200724,000000,26.628,26.628,26.623,26.623,231,0
IBTI.US,D,20200727,000000,26.618,26.618,26.578,26.578,856,0
IBTI.US,D,20200728,000000,26.618,26.647,26.618,26.647,692,0
IBTI.US,D,20200729,000000,26.648,26.668,26.648,26.668,595,0
IBTI.US,D,20200730,000000,26.708,26.718,26.698,26.713,2735,0
IBTI.US,D,20200731,000000,26.728,26.728,26.727,26.727,515,0
IBTI.US,D,20200803,000000,26.678,26.678,26.678,26.678,524,0
IBTI.US,D,20200804,000000,26.758,26.768,26.758,26.768,290,0
IBTI.US,D,20200805,000000,26.728,26.728,26.698,26.698,734,0
IBTI.US,D,20200806,000000,26.768,26.768,26.718,26.718,702,0
IBTI.US,D,20200807,000000,26.698,26.698,26.672,26.672,832,0
IBTI.US,D,20200810,000000,26.708,26.708,26.638,26.638,698,0
IBTI.US,D,20200811,000000,26.538,26.582,26.518,26.578,1048,0
IBTI.US,D,20200812,000000,26.498,26.52,26.468,26.52,2161,0
IBTI.US,D,20200813,000000,26.448,26.448,26.433,26.433,1018,0
IBTI.US,D,20200814,000000,26.488,26.498,26.468,26.468,820,0
IBTI.US,D,20200817,000000,26.508,26.508,26.508,26.508,284,0
IBTI.US,D,20200819,000000,26.528,26.528,26.514,26.514,360,0
IBTI.US,D,20200820,000000,26.578,26.588,26.578,26.588,981,0
IBTI.US,D,20200824,000000,26.588,26.598,26.558,26.558,612,0
IBTI.US,D,20200826,000000,26.468,26.498,26.468,26.498,563,0
IBTI.US,D,20200827,000000,26.478,26.478,26.418,26.418,1826,0
IBTI.US,D,20200831,000000,26.518,26.528,26.518,26.528,667,0
IBTI.US,D,20200901,000000,26.518,26.538,26.5,26.538,4221,0
IBTI.US,D,20200902,000000,26.578,26.578,26.568,26.568,395,0
IBTI.US,D,20200903,000000,26.628,26.628,26.628,26.628,734,0
IBTI.US,D,20200904,000000,26.538,26.538,26.488,26.488,716,0
IBTI.US,D,20200908,000000,26.538,26.548,26.528,26.528,711,0
IBTI.US,D,20200909,000000,26.528,26.528,26.518,26.518,475,0
IBTI.US,D,20200914,000000,26.578,26.578,26.558,26.558,429,0
IBTI.US,D,20200915,000000,26.548,26.557,26.548,26.557,449,0
IBTI.US,D,20200916,000000,26.588,26.588,26.543,26.543,651,0
IBTI.US,D,20200917,000000,26.568,26.568,26.548,26.548,407,0
IBTI.US,D,20200918,000000,26.558,26.558,26.528,26.528,241,0
IBTI.US,D,20200921,000000,26.598,26.598,26.568,26.568,351,0
IBTI.US,D,20200922,000000,26.578,26.598,26.568,26.568,853,0
IBTI.US,D,20200923,000000,26.548,26.548,26.548,26.548,481,0
IBTI.US,D,20200924,000000,26.568,26.588,26.568,26.578,433,0
IBTI.US,D,20200925,000000,26.608,26.608,26.588,26.598,978,0
IBTI.US,D,20200928,000000,26.598,26.598,26.598,26.598,1245,0
IBTI.US,D,20200929,000000,26.638,26.638,26.608,26.608,468,0
IBTI.US,D,20200930,000000,26.558,26.558,26.548,26.552,902,0
IBTI.US,D,20201001,000000,26.498,26.568,26.498,26.568,1935,0
IBTI.US,D,20201005,000000,26.438,26.438,26.438,26.438,422,0
IBTI.US,D,20201007,000000,26.398,26.398,26.378,26.378,679,0
IBTI.US,D,20201008,000000,26.408,26.418,26.408,26.418,262,0
IBTI.US,D,20201009,000000,26.438,26.438,26.398,26.402,1285,0
IBTI.US,D,20201012,000000,26.388,26.388,26.388,26.388,504,0
IBTI.US,D,20201015,000000,26.498,26.508,26.458,26.468,995,0
IBTI.US,D,20201016,000000,26.458,26.478,26.448,26.448,2170,0
IBTI.US,D,20201019,000000,26.408,26.427,26.408,26.418,664,0
IBTI.US,D,20201020,000000,26.398,26.408,26.358,26.368,23903,0
IBTI.US,D,20201021,000000,26.348,26.358,26.343,26.343,472,0
IBTI.US,D,20201022,000000,26.288,26.298,26.286,26.298,4336,0
IBTI.US,D,20201023,000000,26.268,26.268,26.268,26.268,405,0
IBTI.US,D,20201026,000000,26.358,26.368,26.358,26.368,1173,0
IBTI.US,D,20201030,000000,26.358,26.368,26.358,26.368,379,0
IBTI.US,D,20201102,000000,26.278,26.278,26.24,26.24,1480,0
IBTI.US,D,20201103,000000,26.219,26.219,26.189,26.205,641,0
IBTI.US,D,20201104,000000,26.378,26.388,26.378,26.383,517,0
IBTI.US,D,20201105,000000,26.418,26.418,26.368,26.392,844,0
IBTI.US,D,20201106,000000,26.298,26.328,26.298,26.328,1117,0
IBTI.US,D,20201109,000000,26.119,26.119,26.119,26.119,615,0
IBTI.US,D,20201110,000000,26.109,26.109,26.088,26.096,640,0
IBTI.US,D,20201111,000000,26.089,26.109,26.089,26.109,535,0
IBTI.US,D,20201112,000000,26.199,26.199,26.189,26.199,1262,0
IBTI.US,D,20201113,000000,26.229,26.229,26.224,26.224,461,0
IBTI.US,D,20201116,000000,26.209,26.219,26.204,26.204,679,0
IBTI.US,D,20201117,000000,26.249,26.268,26.249,26.259,850,0
IBTI.US,D,20201118,000000,26.249,26.259,26.239,26.249,1680,0
IBTI.US,D,20201119,000000,26.288,26.288,26.268,26.268,1264,0
IBTI.US,D,20201120,000000,26.288,26.303,26.288,26.303,1072,0
IBTI.US,D,20201123,000000,26.259,26.278,26.259,26.268,965,0
IBTI.US,D,20201124,000000,26.239,26.239,26.239,26.239,578,0
IBTI.US,D,20201125,000000,26.278,26.278,26.249,26.249,1428,0
IBTI.US,D,20201130,000000,26.298,26.308,26.298,26.298,744,0
IBTI.US,D,20201201,000000,26.149,26.172,26.149,26.172,603,0
IBTI.US,D,20201202,000000,26.139,26.148,26.129,26.148,738,0
IBTI.US,D,20201203,000000,26.199,26.199,26.179,26.179,787,0
IBTI.US,D,20201207,000000,26.189,26.192,26.189,26.189,546,0
IBTI.US,D,20201208,000000,26.219,26.219,26.209,26.209,644,0
IBTI.US,D,20201210,000000,26.199,26.225,26.189,26.225,365,0
IBTI.US,D,20201211,000000,26.268,26.278,26.268,26.273,789,0
IBTI.US,D,20201214,000000,26.278,26.278,26.263,26.263,848,0
IBTI.US,D,20201215,000000,26.244,26.249,26.229,26.244,1851,0
IBTI.US,D,20201216,000000,26.209,26.239,26.209,26.23,667,0
IBTI.US,D,20201217,000000,26.229,26.229,26.219,26.219,683,0
IBTI.US,D,20201218,000000,26.239,26.239,26.209,26.209,564,0
IBTI.US,D,20201222,000000,26.239,26.249,26.239,26.249,842,0
IBTI.US,D,20201223,000000,26.189,26.205,26.189,26.205,1584,0
IBTI.US,D,20201224,000000,26.219,26.224,26.219,26.224,997,0
IBTI.US,D,20201228,000000,26.229,26.229,26.229,26.229,271,0
IBTI.US,D,20201229,000000,26.248,26.249,26.239,26.239,1107,0
IBTI.US,D,20201230,000000,26.229,26.229,26.229,26.229,106,0
IBTI.US,D,20201231,000000,26.268,26.278,26.263,26.263,2496,0
IBTI.US,D,20210104,000000,26.273,26.273,26.271,26.271,415,0
IBTI.US,D,20210105,000000,26.259,26.259,26.219,26.229,1994,0
IBTI.US,D,20210107,000000,26.03,26.04,26.03,26.03,1681,0
IBTI.US,D,20210108,000000,25.971,25.971,25.965,25.965,602,0
IBTI.US,D,20210111,000000,25.939,25.94,25.925,25.925,3740,0
IBTI.US,D,20210112,000000,25.86,25.919,25.86,25.919,2532,0
IBTI.US,D,20210113,000000,25.94,26,25.94,25.985,499276,0
IBTI.US,D,20210114,000000,26,26,25.95,25.95,16392,0
IBTI.US,D,20210115,000000,26.02,26.03,26.011,26.015,3255,0
IBTI.US,D,20210119,000000,25.99,26.03,25.98,26.025,191710,0
IBTI.US,D,20210120,000000,26.01,26.03,26.01,26.03,144261,0
IBTI.US,D,20210121,000000,26,26.03,25.99,26.011,76269,0
IBTI.US,D,20210122,000000,26.049,26.049,26.045,26.045,462,0
IBTI.US,D,20210125,000000,26.079,26.119,26.079,26.114,691,0
IBTI.US,D,20210126,000000,26.109,26.129,26.108,26.119,2667,0
IBTI.US,D,20210127,000000,26.169,26.169,26.14,26.14,462,0
IBTI.US,D,20210128,000000,26.104,26.104,26.084,26.099,4061,0
IBTI.US,D,20210129,000000,26.05,26.069,26.05,26.054,694,0
IBTI.US,D,20210201,000000,26.05,26.05,26.05,26.05,550,0
IBTI.US,D,20210202,000000,25.99,26.009,25.99,26.009,516,0
IBTI.US,D,20210203,000000,25.97,25.99,25.96,25.97,1256,0
IBTI.US,D,20210204,000000,25.95,25.97,25.95,25.965,1517,0
IBTI.US,D,20210205,000000,25.97,25.97,25.93,25.93,2830,0
IBTI.US,D,20210208,000000,25.91,25.94,25.91,25.932,542,0
IBTI.US,D,20210209,000000,25.97,25.97,25.94,25.945,411,0
IBTI.US,D,20210210,000000,25.98,26,25.98,26,1186,0
IBTI.US,D,20210211,000000,25.999,25.999,25.985,25.985,1052,0
IBTI.US,D,20210212,000000,25.93,25.93,25.915,25.915,1746,0
IBTI.US,D,20210216,000000,25.79,25.79,25.755,25.755,528,0
IBTI.US,D,20210217,000000,25.76,25.79,25.76,25.772,2244,0
IBTI.US,D,20210218,000000,25.77,25.785,25.77,25.775,2694,0
IBTI.US,D,20210219,000000,25.73,25.73,25.7,25.7,681,0
IBTI.US,D,20210222,000000,25.71,25.71,25.67,25.67,1258,0
IBTI.US,D,20210224,000000,25.63,25.65,25.63,25.65,894,0
IBTI.US,D,20210225,000000,25.41,25.43,25.33,25.33,6146,0
IBTI.US,D,20210226,000000,25.34,25.49,25.335,25.49,1232,0
IBTI.US,D,20210301,000000,25.47,25.47,25.46,25.46,805,0
IBTI.US,D,20210302,000000,25.53,25.53,25.53,25.53,500,0
IBTI.US,D,20210303,000000,25.4,25.42,25.4,25.42,1365,0
IBTI.US,D,20210304,000000,25.45,25.45,25.312,25.312,553,0
IBTI.US,D,20210305,000000,25.29,25.29,25.285,25.285,260,0
IBTI.US,D,20210308,000000,25.19,25.19,25.19,25.19,454,0
IBTI.US,D,20210310,000000,25.3,25.331,25.3,25.331,1860,0
IBTI.US,D,20210311,000000,25.33,25.33,25.33,25.33,603,0
IBTI.US,D,20210312,000000,25.2,25.2,25.18,25.19,2007,0
IBTI.US,D,20210315,000000,25.21,25.22,25.21,25.21,731,0
IBTI.US,D,20210316,000000,25.24,25.24,25.21,25.215,3695,0
IBTI.US,D,20210317,000000,25.16,25.205,25.13,25.205,2308,0
IBTI.US,D,20210318,000000,25.03,25.08,25.03,25.08,22575,0
IBTI.US,D,20210319,000000,25.07,25.07,25.045,25.052,294,0
IBTI.US,D,20210322,000000,25.12,25.13,25.115,25.115,3174,0
IBTI.US,D,20210323,000000,25.162,25.219,25.162,25.219,270,0
IBTI.US,D,20210324,000000,25.185,25.24,25.185,25.24,580,0
IBTI.US,D,20210325,000000,25.23,25.25,25.225,25.225,386,0
IBTI.US,D,20210326,000000,25.17,25.17,25.158,25.158,304,0
IBTI.US,D,20210329,000000,25.13,25.13,25.086,25.095,1162,0
IBTI.US,D,20210330,000000,25.03,25.05,25.03,25.05,800,0
IBTI.US,D,20210331,000000,25.07,25.07,25.01,25.01,6838,0
IBTI.US,D,20210401,000000,25.11,25.11,25.1,25.1,1035,0
IBTI.US,D,20210406,000000,25.13,25.17,25.13,25.155,483,0
IBTI.US,D,20210407,000000,25.19,25.2,25.15,25.15,541,0
IBTI.US,D,20210408,000000,25.2,25.22,25.2,25.22,1406,0
IBTI.US,D,20210409,000000,25.19,25.19,25.17,25.17,498,0
IBTI.US,D,20210412,000000,25.15,25.15,25.145,25.145,434,0
IBTI.US,D,20210413,000000,25.18,25.24,25.18,25.23,2224,0
IBTI.US,D,20210414,000000,25.18,25.21,25.18,25.21,1544,0
IBTI.US,D,20210415,000000,25.34,25.34,25.322,25.322,793,0
IBTI.US,D,20210416,000000,25.28,25.29,25.275,25.275,589,0
IBTI.US,D,20210419,000000,25.26,25.282,25.26,25.26,1746,0
IBTI.US,D,20210420,000000,25.31,25.34,25.305,25.328,550469,0
IBTI.US,D,20210421,000000,25.319,25.33,25.31,25.33,7696,0
IBTI.US,D,20210422,000000,25.335,25.34,25.275,25.335,205620,0
IBTI.US,D,20210423,000000,25.315,25.32,25.31,25.31,844,0
IBTI.US,D,20210426,000000,25.3,25.32,25.29,25.29,4235,0
IBTI.US,D,20210427,000000,25.27,25.27,25.215,25.215,1729,0
IBTI.US,D,20210428,000000,25.225,25.251,25.185,25.245,5262,0
IBTI.US,D,20210429,000000,25.15,25.217,25.15,25.215,4430,0
IBTI.US,D,20210430,000000,25.215,25.24,25.215,25.235,1265,0
IBTI.US,D,20210503,000000,25.22,25.29,25.22,25.263,2699,0
IBTI.US,D,20210504,000000,25.339,25.339,25.285,25.285,1553,0
IBTI.US,D,20210505,000000,25.295,25.32,25.29,25.32,1059,0
IBTI.US,D,20210506,000000,25.34,25.34,25.325,25.325,754,0
IBTI.US,D,20210507,000000,25.38,25.41,25.336,25.345,2703,0
IBTI.US,D,20210510,000000,25.36,25.36,25.31,25.31,11369,0
IBTI.US,D,20210511,000000,25.29,25.29,25.285,25.285,3093,0
IBTI.US,D,20210512,000000,25.2,25.219,25.17,25.187,4172,0
IBTI.US,D,20210513,000000,25.22,25.25,25.22,25.25,1759,0
IBTI.US,D,20210514,000000,25.29,25.29,25.25,25.27,8036,0
IBTI.US,D,20210517,000000,25.27,25.28,25.263,25.27,2870,0
IBTI.US,D,20210518,000000,25.265,25.277,25.25,25.277,2174,0
IBTI.US,D,20210519,000000,25.29,25.299,25.21,25.21,2337,0
IBTI.US,D,20210520,000000,25.275,25.3,25.27,25.289,3370,0
IBTI.US,D,20210521,000000,25.3,25.3,25.275,25.29,1848,0
IBTI.US,D,20210524,000000,25.299,25.33,25.299,25.31,6616,0
IBTI.US,D,20210525,000000,25.356,25.385,25.35,25.385,1475,0
IBTI.US,D,20210526,000000,25.389,25.39,25.36,25.36,3452,0
IBTI.US,D,20210527,000000,25.3,25.321,25.3,25.321,2633,0
IBTI.US,D,20210528,000000,25.32,25.345,25.32,25.345,1304,0
IBTI.US,D,20210601,000000,25.27,25.32,25.27,25.31,2403,0
IBTI.US,D,20210602,000000,25.32,25.34,25.32,25.33,3506,0
IBTI.US,D,20210603,000000,25.285,25.285,25.265,25.27,2790,0
IBTI.US,D,20210604,000000,25.37,25.387,25.365,25.38,2136,0
IBTI.US,D,20210607,000000,25.37,25.37,25.36,25.369,850,0
IBTI.US,D,20210609,000000,25.49,25.494,25.47,25.49,3882,0
IBTI.US,D,20210610,000000,25.48,25.541,25.48,25.541,405,0
IBTI.US,D,20210611,000000,25.53,25.53,25.5,25.512,2723,0
IBTI.US,D,20210614,000000,25.475,25.475,25.44,25.44,567,0
IBTI.US,D,20210615,000000,25.45,25.45,25.436,25.445,1632,0
IBTI.US,D,20210616,000000,25.47,25.47,25.275,25.275,6198,0
IBTI.US,D,20210617,000000,25.31,25.365,25.31,25.336,2046,0
IBTI.US,D,20210618,000000,25.3,25.43,25.3,25.425,3475,0
IBTI.US,D,20210621,000000,25.365,25.384,25.365,25.384,730,0
IBTI.US,D,20210622,000000,25.39,25.42,25.39,25.415,2364,0
IBTI.US,D,20210623,000000,25.415,25.415,25.375,25.375,1015,0
IBTI.US,D,20210624,000000,25.385,25.385,25.375,25.375,1478,0
IBTI.US,D,20210625,000000,25.33,25.335,25.319,25.335,1512,0
IBTI.US,D,20210628,000000,25.39,25.4,25.39,25.395,1227,0
IBTI.US,D,20210629,000000,25.385,25.4,25.38,25.398,2795,0
IBTI.US,D,20210630,000000,25.44,25.46,25.432,25.432,2195,0
IBTI.US,D,20210701,000000,25.435,25.435,25.39,25.4104,2670,0
IBTI.US,D,20210702,000000,25.44,25.49,25.44,25.49,17384,0
IBTI.US,D,20210706,000000,25.605,25.605,25.5998,25.605,1342,0
IBTI.US,D,20210707,000000,25.6461,25.6461,25.62,25.6461,878,0
IBTI.US,D,20210708,000000,25.7199,25.7199,25.705,25.705,742,0
IBTI.US,D,20210709,000000,25.635,25.635,25.62,25.62,332,0
IBTI.US,D,20210712,000000,25.61,25.61,25.6,25.61,1249,0
IBTI.US,D,20210713,000000,25.62,25.62,25.545,25.545,2797,0
IBTI.US,D,20210714,000000,25.615,25.635,25.615,25.635,1531,0
IBTI.US,D,20210715,000000,25.65,25.695,25.64,25.695,1676,0
IBTI.US,D,20210716,000000,25.685,25.69,25.67,25.69,1091,0
IBTI.US,D,20210719,000000,25.84,25.87,25.84,25.8495,1243,0
IBTI.US,D,20210720,000000,25.915,25.921,25.835,25.855,649480,0
IBTI.US,D,20210721,000000,25.775,25.775,25.735,25.735,1491,0
IBTI.US,D,20210722,000000,25.775,25.824,25.775,25.79,282275,0
IBTI.US,D,20210723,000000,25.72,25.765,25.72,25.7638,52158,0
IBTI.US,D,20210726,000000,25.77,25.77,25.755,25.755,1445,0
IBTI.US,D,20210727,000000,25.82,25.82,25.82,25.82,1219,0
IBTI.US,D,20210728,000000,25.79,25.835,25.78,25.835,1303,0
IBTI.US,D,20210729,000000,25.775,25.7841,25.77,25.7841,4224,0
IBTI.US,D,20210730,000000,25.82,25.85,25.82,25.835,25571,0
IBTI.US,D,20210802,000000,25.89,25.9111,25.89,25.8978,1628,0
IBTI.US,D,20210803,000000,25.92,25.93,25.905,25.915,12250,0
IBTI.US,D,20210804,000000,25.89,25.89,25.885,25.885,352,0
IBTI.US,D,20210805,000000,25.82,25.82,25.8,25.8071,919,0
IBTI.US,D,20210806,000000,25.725,25.73,25.705,25.705,4992,0
IBTI.US,D,20210809,000000,25.73,25.73,25.6601,25.6645,1802,0
IBTI.US,D,20210810,000000,25.655,25.661,25.625,25.625,10546,0
IBTI.US,D,20210811,000000,25.61,25.6532,25.61,25.6532,600,0
IBTI.US,D,20210812,000000,25.6311,25.6476,25.61,25.625,1635,0
IBTI.US,D,20210813,000000,25.65,25.715,25.65,25.715,366,0
IBTI.US,D,20210817,000000,25.77,25.77,25.77,25.77,393,0
IBTI.US,D,20210819,000000,25.7819,25.7819,25.775,25.775,239,0
IBTI.US,D,20210820,000000,25.76,25.7699,25.74,25.7438,902,0
IBTI.US,D,20210823,000000,25.74,25.765,25.74,25.765,198,0
IBTI.US,D,20210824,000000,25.73,25.73,25.71,25.71,525,0
IBTI.US,D,20210825,000000,25.655,25.655,25.635,25.635,210,0
IBTI.US,D,20210826,000000,25.6499,25.6499,25.635,25.635,1843,0
IBTI.US,D,20210827,000000,25.63,25.705,25.63,25.705,2201,0
IBTI.US,D,20210830,000000,25.73,25.755,25.73,25.755,2193,0
IBTI.US,D,20210831,000000,25.75,25.75,25.72,25.72,570,0
