<TICKER>,<PER>,<DATE>,<TIME>,<OPEN>,<HIGH>,<LOW>,<CLOSE>,<VOL>,<OPENINT>
IBTJ.US,D,20200302,000000,25.462,25.462,25.402,25.402,804,0
IBTJ.US,D,20200303,000000,25.422,25.826,25.422,25.641,16866,0
IBTJ.US,D,20200304,000000,25.701,25.701,25.661,25.661,704,0
IBTJ.US,D,20200305,000000,25.791,25.864,25.791,25.864,550,0
IBTJ.US,D,20200306,000000,26.279,26.299,26.169,26.171,6226,0
IBTJ.US,D,20200309,000000,26.797,26.797,26.538,26.538,16372,0
IBTJ.US,D,20200310,000000,26.354,26.489,26.049,26.049,22086,0
IBTJ.US,D,20200311,000000,26.149,26.149,25.9,25.9,16361,0
IBTJ.US,D,20200312,000000,26.099,26.189,25.741,25.778,32557,0
IBTJ.US,D,20200313,000000,25.671,27.773,25.502,25.502,326075,0
IBTJ.US,D,20200316,000000,25.989,26.175,25.871,26.175,15777,0
IBTJ.US,D,20200317,000000,26.059,26.069,25.581,25.581,4939,0
IBTJ.US,D,20200318,000000,25.263,25.502,24.984,25.131,24392,0
IBTJ.US,D,20200319,000000,25.104,25.414,25.104,25.134,8211,0
IBTJ.US,D,20200320,000000,25.591,25.771,25.581,25.771,2936,0
IBTJ.US,D,20200323,000000,26.079,26.219,26.079,26.194,2722,0
IBTJ.US,D,20200324,000000,26.009,26.019,25.914,25.984,3184,0
IBTJ.US,D,20200325,000000,26.109,26.109,25.949,25.949,2064,0
IBTJ.US,D,20200326,000000,26.089,26.089,26.069,26.069,616,0
IBTJ.US,D,20200327,000000,26.181,26.354,26.181,26.333,522,0
IBTJ.US,D,20200330,000000,26.538,26.737,26.336,26.336,254127,0
IBTJ.US,D,20200331,000000,26.479,26.627,26.453,26.469,7689,0
IBTJ.US,D,20200401,000000,26.588,27.156,26.479,26.523,91092,0
IBTJ.US,D,20200402,000000,26.598,26.598,26.498,26.498,1287,0
IBTJ.US,D,20200403,000000,26.558,26.657,26.524,26.538,3954,0
IBTJ.US,D,20200406,000000,26.489,26.489,26.369,26.429,1056,0
IBTJ.US,D,20200407,000000,26.419,26.419,26.199,26.284,1484,0
IBTJ.US,D,20200408,000000,26.234,26.299,26.234,26.249,601,0
IBTJ.US,D,20200409,000000,26.289,26.339,26.254,26.275,2229,0
IBTJ.US,D,20200413,000000,26.219,26.289,26.219,26.219,1507,0
IBTJ.US,D,20200414,000000,26.289,26.289,26.239,26.272,2925,0
IBTJ.US,D,20200415,000000,26.538,26.541,26.538,26.541,544,0
IBTJ.US,D,20200416,000000,26.598,26.598,26.568,26.575,1501,0
IBTJ.US,D,20200417,000000,26.617,26.617,26.508,26.508,1582,0
IBTJ.US,D,20200420,000000,26.548,26.588,26.548,26.583,3772,0
IBTJ.US,D,20200421,000000,26.727,26.727,26.667,26.682,777,0
IBTJ.US,D,20200422,000000,26.602,26.607,26.583,26.583,983,0
IBTJ.US,D,20200424,000000,26.617,26.627,26.607,26.617,1115,0
IBTJ.US,D,20200427,000000,26.518,26.528,26.469,26.469,4346,0
IBTJ.US,D,20200428,000000,26.489,26.574,26.489,26.574,643,0
IBTJ.US,D,20200429,000000,26.558,26.637,26.538,26.569,1194,0
IBTJ.US,D,20200430,000000,26.574,26.617,26.5,26.5,932,0
IBTJ.US,D,20200501,000000,26.518,26.548,26.508,26.52,2155,0
IBTJ.US,D,20200504,000000,26.517,26.517,26.487,26.508,646,0
IBTJ.US,D,20200505,000000,26.506,26.508,26.482,26.498,679,0
IBTJ.US,D,20200506,000000,26.349,26.389,26.349,26.38,1051,0
IBTJ.US,D,20200507,000000,26.379,26.538,26.379,26.533,905,0
IBTJ.US,D,20200508,000000,26.518,26.518,26.454,26.454,877,0
IBTJ.US,D,20200511,000000,26.419,26.419,26.364,26.364,1248,0
IBTJ.US,D,20200512,000000,26.409,26.449,26.409,26.449,227,0
IBTJ.US,D,20200513,000000,26.508,26.568,26.508,26.528,1117,0
IBTJ.US,D,20200514,000000,26.578,26.627,26.573,26.573,1827,0
IBTJ.US,D,20200515,000000,26.538,26.568,26.538,26.543,526,0
IBTJ.US,D,20200518,000000,26.369,26.369,26.369,26.369,301,0
IBTJ.US,D,20200520,000000,26.389,26.455,26.389,26.455,497,0
IBTJ.US,D,20200521,000000,26.469,26.479,26.469,26.479,615,0
IBTJ.US,D,20200522,000000,26.513,26.528,26.513,26.528,624,0
IBTJ.US,D,20200526,000000,26.459,26.459,26.459,26.459,435,0
IBTJ.US,D,20200527,000000,26.518,26.518,26.474,26.474,396,0
IBTJ.US,D,20200528,000000,26.498,26.508,26.454,26.454,11307,0
IBTJ.US,D,20200529,000000,26.518,26.547,26.508,26.547,1120,0
IBTJ.US,D,20200601,000000,26.494,26.515,26.494,26.515,464,0
IBTJ.US,D,20200602,000000,26.479,26.479,26.459,26.474,878,0
IBTJ.US,D,20200603,000000,26.309,26.329,26.304,26.304,1906,0
IBTJ.US,D,20200605,000000,25.999,26.049,25.979,26.049,1031,0
IBTJ.US,D,20200608,000000,26.019,26.079,26.019,26.079,757,0
IBTJ.US,D,20200609,000000,26.199,26.204,26.169,26.179,680,0
IBTJ.US,D,20200610,000000,26.274,26.379,26.274,26.379,550,0
IBTJ.US,D,20200611,000000,26.503,26.508,26.499,26.499,407,0
IBTJ.US,D,20200612,000000,26.469,26.469,26.434,26.434,637,0
IBTJ.US,D,20200616,000000,26.394,26.394,26.329,26.359,3371,0
IBTJ.US,D,20200617,000000,26.379,26.398,26.349,26.398,1234,0
IBTJ.US,D,20200618,000000,26.464,26.489,26.464,26.464,790,0
IBTJ.US,D,20200619,000000,26.459,26.47,26.459,26.47,315,0
IBTJ.US,D,20200622,000000,26.508,26.508,26.449,26.449,1604,0
IBTJ.US,D,20200623,000000,26.439,26.439,26.409,26.434,1164,0
IBTJ.US,D,20200624,000000,26.498,26.507,26.498,26.498,473,0
IBTJ.US,D,20200625,000000,26.528,26.538,26.498,26.498,1199,0
IBTJ.US,D,20200626,000000,26.598,26.598,26.578,26.578,805,0
IBTJ.US,D,20200629,000000,26.588,26.605,26.588,26.605,299,0
IBTJ.US,D,20200630,000000,26.627,26.627,26.548,26.548,675,0
IBTJ.US,D,20200702,000000,26.518,26.543,26.518,26.543,968,0
IBTJ.US,D,20200706,000000,26.479,26.49,26.479,26.49,924,0
IBTJ.US,D,20200707,000000,26.568,26.568,26.568,26.568,443,0
IBTJ.US,D,20200708,000000,26.558,26.568,26.532,26.548,1586,0
IBTJ.US,D,20200709,000000,26.578,26.637,26.578,26.637,663,0
IBTJ.US,D,20200710,000000,26.657,26.657,26.578,26.578,2323,0
IBTJ.US,D,20200713,000000,26.548,26.612,26.548,26.612,1469,0
IBTJ.US,D,20200715,000000,26.598,26.637,26.598,26.637,991,0
IBTJ.US,D,20200716,000000,26.667,26.667,26.627,26.627,1657,0
IBTJ.US,D,20200717,000000,26.617,26.617,26.607,26.607,270,0
IBTJ.US,D,20200720,000000,26.647,26.647,26.617,26.627,1459,0
IBTJ.US,D,20200721,000000,26.652,26.677,26.652,26.661,39776,0
IBTJ.US,D,20200722,000000,26.697,26.697,26.667,26.667,16479,0
IBTJ.US,D,20200723,000000,26.697,26.717,26.697,26.702,15999,0
IBTJ.US,D,20200724,000000,26.697,26.697,26.692,26.692,504,0
IBTJ.US,D,20200727,000000,26.697,26.697,26.637,26.637,1062,0
IBTJ.US,D,20200728,000000,26.697,26.717,26.687,26.716,999,0
IBTJ.US,D,20200729,000000,26.707,26.742,26.707,26.742,1027,0
IBTJ.US,D,20200730,000000,26.787,26.797,26.767,26.792,4637,0
IBTJ.US,D,20200731,000000,26.787,26.801,26.787,26.801,701,0
IBTJ.US,D,20200803,000000,26.747,26.757,26.737,26.757,2066,0
IBTJ.US,D,20200804,000000,26.826,26.856,26.826,26.856,731,0
IBTJ.US,D,20200805,000000,26.767,26.787,26.767,26.767,1142,0
IBTJ.US,D,20200806,000000,26.846,26.846,26.792,26.792,774,0
IBTJ.US,D,20200807,000000,26.787,26.787,26.737,26.737,1279,0
IBTJ.US,D,20200810,000000,26.777,26.777,26.697,26.697,831,0
IBTJ.US,D,20200811,000000,26.578,26.616,26.558,26.616,716,0
IBTJ.US,D,20200812,000000,26.508,26.55,26.498,26.523,2705,0
IBTJ.US,D,20200813,000000,26.528,26.528,26.449,26.459,2081,0
IBTJ.US,D,20200814,000000,26.508,26.518,26.479,26.479,1764,0
IBTJ.US,D,20200817,000000,26.528,26.548,26.528,26.528,538,0
IBTJ.US,D,20200818,000000,26.578,26.588,26.568,26.568,649,0
IBTJ.US,D,20200819,000000,26.607,26.607,26.538,26.538,803,0
IBTJ.US,D,20200820,000000,26.622,26.627,26.598,26.612,1548,0
IBTJ.US,D,20200821,000000,26.647,26.647,26.637,26.637,434,0
IBTJ.US,D,20200824,000000,26.637,26.637,26.607,26.607,1622,0
IBTJ.US,D,20200826,000000,26.489,26.489,26.489,26.489,562,0
IBTJ.US,D,20200827,000000,26.439,26.439,26.429,26.429,3803,0
IBTJ.US,D,20200828,000000,26.489,26.489,26.429,26.454,898,0
IBTJ.US,D,20200831,000000,26.489,26.533,26.479,26.489,1254,0
IBTJ.US,D,20200902,000000,26.578,26.598,26.578,26.598,815,0
IBTJ.US,D,20200903,000000,26.647,26.657,26.642,26.652,958,0
IBTJ.US,D,20200904,000000,26.548,26.558,26.498,26.498,1946,0
IBTJ.US,D,20200908,000000,26.568,26.568,26.543,26.543,2812,0
IBTJ.US,D,20200909,000000,26.518,26.528,26.498,26.522,1549,0
IBTJ.US,D,20200910,000000,26.479,26.559,26.479,26.559,550,0
IBTJ.US,D,20200911,000000,26.568,26.589,26.568,26.588,555,0
IBTJ.US,D,20200914,000000,26.607,26.607,26.568,26.569,579,0
IBTJ.US,D,20200915,000000,26.558,26.578,26.558,26.568,865,0
IBTJ.US,D,20200916,000000,26.607,26.607,26.548,26.548,922,0
IBTJ.US,D,20200917,000000,26.598,26.598,26.558,26.558,1057,0
IBTJ.US,D,20200918,000000,26.568,26.568,26.538,26.538,635,0
IBTJ.US,D,20200921,000000,26.617,26.617,26.588,26.588,566,0
IBTJ.US,D,20200922,000000,26.598,26.607,26.586,26.586,1227,0
IBTJ.US,D,20200923,000000,26.558,26.558,26.558,26.558,499,0
IBTJ.US,D,20200924,000000,26.578,26.607,26.578,26.607,548,0
IBTJ.US,D,20200925,000000,26.637,26.637,26.611,26.622,1011,0
IBTJ.US,D,20200928,000000,26.617,26.617,26.617,26.617,845,0
IBTJ.US,D,20200929,000000,26.657,26.657,26.637,26.637,7286,0
IBTJ.US,D,20200930,000000,26.568,26.578,26.558,26.568,1231,0
IBTJ.US,D,20201001,000000,26.508,26.588,26.508,26.588,1547,0
IBTJ.US,D,20201002,000000,26.563,26.563,26.538,26.558,2460,0
IBTJ.US,D,20201005,000000,26.459,26.459,26.394,26.394,1122,0
IBTJ.US,D,20201006,000000,26.459,26.459,26.455,26.455,2196,0
IBTJ.US,D,20201007,000000,26.409,26.409,26.409,26.409,839,0
IBTJ.US,D,20201008,000000,26.409,26.409,26.409,26.409,286,0
IBTJ.US,D,20201009,000000,26.404,26.439,26.397,26.399,3011,0
IBTJ.US,D,20201012,000000,26.419,26.419,26.399,26.399,812,0
IBTJ.US,D,20201013,000000,26.489,26.489,26.489,26.489,316,0
IBTJ.US,D,20201014,000000,26.508,26.508,26.498,26.498,931,0
IBTJ.US,D,20201015,000000,26.518,26.518,26.459,26.472,1246,0
IBTJ.US,D,20201016,000000,26.469,26.469,26.449,26.449,1721,0
IBTJ.US,D,20201019,000000,26.399,26.419,26.397,26.416,1208,0
IBTJ.US,D,20201020,000000,26.379,26.399,26.339,26.354,26322,0
IBTJ.US,D,20201021,000000,26.319,26.339,26.319,26.339,615,0
IBTJ.US,D,20201022,000000,26.249,26.259,26.239,26.249,8346,0
IBTJ.US,D,20201023,000000,26.249,26.259,26.24,26.259,1355,0
IBTJ.US,D,20201026,000000,26.339,26.357,26.329,26.339,1548,0
IBTJ.US,D,20201027,000000,26.379,26.389,26.379,26.389,497,0
IBTJ.US,D,20201028,000000,26.424,26.424,26.394,26.394,412,0
IBTJ.US,D,20201102,000000,26.249,26.249,26.209,26.209,1571,0
IBTJ.US,D,20201103,000000,26.179,26.179,26.149,26.16,649,0
IBTJ.US,D,20201104,000000,26.369,26.389,26.36,26.389,762,0
IBTJ.US,D,20201105,000000,26.409,26.409,26.379,26.385,1087,0
IBTJ.US,D,20201106,000000,26.279,26.309,26.279,26.294,1242,0
IBTJ.US,D,20201109,000000,26.084,26.09,26.039,26.09,1772,0
IBTJ.US,D,20201110,000000,26.049,26.049,26.015,26.015,952,0
IBTJ.US,D,20201111,000000,26.039,26.064,26.039,26.064,539,0
IBTJ.US,D,20201112,000000,26.139,26.209,26.129,26.209,1326,0
IBTJ.US,D,20201113,000000,26.179,26.189,26.179,26.179,562,0
IBTJ.US,D,20201116,000000,26.169,26.169,26.159,26.163,569,0
IBTJ.US,D,20201117,000000,26.219,26.228,26.209,26.228,1529,0
IBTJ.US,D,20201118,000000,26.219,26.229,26.204,26.219,1829,0
IBTJ.US,D,20201119,000000,26.259,26.269,26.249,26.259,2181,0
IBTJ.US,D,20201120,000000,26.269,26.299,26.269,26.294,1318,0
IBTJ.US,D,20201123,000000,26.244,26.244,26.239,26.244,872,0
IBTJ.US,D,20201124,000000,26.209,26.209,26.18,26.199,1404,0
IBTJ.US,D,20201125,000000,26.239,26.239,26.204,26.204,1159,0
IBTJ.US,D,20201130,000000,26.264,26.294,26.264,26.264,1415,0
IBTJ.US,D,20201201,000000,26.099,26.099,26.099,26.099,838,0
IBTJ.US,D,20201202,000000,26.069,26.069,26.054,26.069,839,0
IBTJ.US,D,20201203,000000,26.089,26.129,26.089,26.119,1218,0
IBTJ.US,D,20201204,000000,26.019,26.035,26.019,26.035,477,0
IBTJ.US,D,20201207,000000,26.109,26.119,26.109,26.109,1186,0
IBTJ.US,D,20201208,000000,26.164,26.164,26.139,26.139,961,0
IBTJ.US,D,20201209,000000,26.099,26.102,26.099,26.102,790,0
IBTJ.US,D,20201210,000000,26.129,26.159,26.109,26.159,503,0
IBTJ.US,D,20201211,000000,26.209,26.212,26.209,26.212,659,0
IBTJ.US,D,20201214,000000,26.219,26.219,26.199,26.199,870,0
IBTJ.US,D,20201215,000000,26.174,26.188,26.154,26.179,1427,0
IBTJ.US,D,20201216,000000,26.139,26.179,26.139,26.159,1033,0
IBTJ.US,D,20201217,000000,26.209,26.209,26.139,26.139,1099,0
IBTJ.US,D,20201218,000000,26.169,26.169,26.124,26.124,1592,0
IBTJ.US,D,20201222,000000,26.169,26.179,26.165,26.179,1952,0
IBTJ.US,D,20201223,000000,26.119,26.129,26.096,26.129,2429,0
IBTJ.US,D,20201224,000000,26.129,26.179,26.129,26.145,874,0
IBTJ.US,D,20201228,000000,26.129,26.169,26.129,26.169,571,0
IBTJ.US,D,20201229,000000,26.168,26.179,26.164,26.169,1408,0
IBTJ.US,D,20201230,000000,26.149,26.179,26.149,26.179,251,0
IBTJ.US,D,20201231,000000,26.209,26.209,26.179,26.194,3340,0
IBTJ.US,D,20210104,000000,26.169,26.209,26.169,26.2,1081,0
IBTJ.US,D,20210105,000000,26.169,26.169,26.129,26.149,1374,0
IBTJ.US,D,20210106,000000,25.959,25.99,25.959,25.99,703,0
IBTJ.US,D,20210107,000000,25.899,25.919,25.899,25.909,867,0
IBTJ.US,D,20210108,000000,25.849,25.849,25.839,25.839,2036,0
IBTJ.US,D,20210111,000000,25.809,25.809,25.779,25.779,4400,0
IBTJ.US,D,20210112,000000,25.699,25.799,25.699,25.789,1382,0
IBTJ.US,D,20210113,000000,25.819,25.889,25.809,25.863,19848,0
IBTJ.US,D,20210114,000000,25.869,25.869,25.799,25.799,1520,0
IBTJ.US,D,20210115,000000,25.879,25.889,25.869,25.879,3023,0
IBTJ.US,D,20210119,000000,25.859,25.889,25.859,25.889,248818,0
IBTJ.US,D,20210120,000000,25.879,25.889,25.869,25.889,10424,0
IBTJ.US,D,20210121,000000,25.859,25.879,25.849,25.864,88636,0
IBTJ.US,D,20210122,000000,25.889,25.904,25.889,25.904,613,0
IBTJ.US,D,20210125,000000,25.989,25.998,25.989,25.998,724,0
IBTJ.US,D,20210126,000000,25.999,26.009,25.999,25.999,1009,0
IBTJ.US,D,20210127,000000,26.029,26.029,26.029,26.029,657,0
IBTJ.US,D,20210128,000000,25.989,25.989,25.949,25.973,2201,0
IBTJ.US,D,20210129,000000,25.919,25.949,25.919,25.919,136732,0
IBTJ.US,D,20210201,000000,25.919,25.939,25.919,25.934,1642,0
IBTJ.US,D,20210202,000000,25.869,25.869,25.849,25.865,991,0
IBTJ.US,D,20210203,000000,25.839,25.839,25.809,25.814,849,0
IBTJ.US,D,20210204,000000,25.789,25.809,25.789,25.809,1259,0
IBTJ.US,D,20210205,000000,25.808,25.809,25.754,25.754,2515,0
IBTJ.US,D,20210208,000000,25.779,25.779,25.759,25.759,441,0
IBTJ.US,D,20210209,000000,25.809,25.809,25.769,25.779,446,0
IBTJ.US,D,20210210,000000,25.819,25.843,25.819,25.839,854,0
IBTJ.US,D,20210211,000000,25.839,25.849,25.819,25.824,1616,0
IBTJ.US,D,20210212,000000,25.769,25.769,25.739,25.744,1952,0
IBTJ.US,D,20210216,000000,25.589,25.589,25.552,25.552,927,0
IBTJ.US,D,20210217,000000,25.559,25.609,25.559,25.579,1832,0
IBTJ.US,D,20210218,000000,25.578,25.589,25.569,25.579,5993,0
IBTJ.US,D,20210219,000000,25.519,25.519,25.469,25.479,900,0
IBTJ.US,D,20210222,000000,25.469,25.469,25.444,25.444,470,0
IBTJ.US,D,20210224,000000,25.399,25.427,25.399,25.427,482,0
IBTJ.US,D,20210225,000000,25.24,25.24,25.09,25.09,17635,0
IBTJ.US,D,20210226,000000,25.145,25.315,25.12,25.291,2952,0
IBTJ.US,D,20210301,000000,25.22,25.26,25.22,25.25,6291,0
IBTJ.US,D,20210302,000000,25.3,25.309,25.3,25.309,595,0
IBTJ.US,D,20210303,000000,25.165,25.18,25.165,25.18,1342,0
IBTJ.US,D,20210304,000000,25.21,25.21,25.066,25.066,1270,0
IBTJ.US,D,20210308,000000,24.94,24.94,24.94,24.94,2676,0
IBTJ.US,D,20210310,000000,25.065,25.1,25.06,25.1,2209,0
IBTJ.US,D,20210311,000000,25.08,25.13,25.08,25.103,11605,0
IBTJ.US,D,20210312,000000,24.92,24.95,24.92,24.93,2865,0
IBTJ.US,D,20210315,000000,24.96,24.96,24.952,24.952,869,0
IBTJ.US,D,20210316,000000,24.98,24.98,24.955,24.955,994,0
IBTJ.US,D,20210317,000000,24.88,24.93,24.859,24.93,1411,0
IBTJ.US,D,20210318,000000,24.74,24.78,24.74,24.78,6520,0
IBTJ.US,D,20210319,000000,24.73,24.765,24.72,24.76,2314,0
IBTJ.US,D,20210322,000000,24.825,24.83,24.82,24.83,591,0
IBTJ.US,D,20210323,000000,24.88,24.95,24.88,24.95,273,0
IBTJ.US,D,20210324,000000,24.9,24.978,24.9,24.978,1517,0
IBTJ.US,D,20210325,000000,24.995,24.995,24.945,24.945,2083,0
IBTJ.US,D,20210326,000000,24.88,24.89,24.878,24.878,567,0
IBTJ.US,D,20210329,000000,24.84,24.85,24.78,24.797,2308,0
IBTJ.US,D,20210330,000000,24.72,24.76,24.72,24.76,1581,0
IBTJ.US,D,20210331,000000,24.75,24.78,24.71,24.743,8831,0
IBTJ.US,D,20210401,000000,24.8,24.84,24.8,24.84,3604,0
IBTJ.US,D,20210405,000000,24.775,24.775,24.77,24.77,300,0
IBTJ.US,D,20210406,000000,24.87,24.889,24.87,24.88,743,0
IBTJ.US,D,20210407,000000,24.9,24.91,24.86,24.87,550,0
IBTJ.US,D,20210408,000000,24.92,24.953,24.92,24.953,3048,0
IBTJ.US,D,20210409,000000,24.905,24.92,24.89,24.891,1656,0
IBTJ.US,D,20210412,000000,24.866,24.88,24.866,24.875,537,0
IBTJ.US,D,20210413,000000,24.91,24.97,24.91,24.965,2802,0
IBTJ.US,D,20210414,000000,24.92,24.94,24.92,24.94,1582,0
IBTJ.US,D,20210415,000000,25.1,25.1,25.08,25.08,984,0
IBTJ.US,D,20210416,000000,25.04,25.04,25.025,25.025,600,0
IBTJ.US,D,20210419,000000,25.019,25.03,25.005,25.005,1691,0
IBTJ.US,D,20210420,000000,25.054,25.1,25.04,25.08,145761,0
IBTJ.US,D,20210421,000000,25.055,25.086,25.055,25.086,3135,0
IBTJ.US,D,20210422,000000,25.09,25.107,25.06,25.095,66770,0
IBTJ.US,D,20210423,000000,25.09,25.09,25.075,25.075,1073,0
IBTJ.US,D,20210426,000000,25.065,25.065,25.05,25.055,3553,0
IBTJ.US,D,20210427,000000,25.01,25.03,24.955,24.955,650,0
IBTJ.US,D,20210428,000000,24.945,24.99,24.93,24.99,612,0
IBTJ.US,D,20210429,000000,24.942,24.945,24.942,24.945,1107,0
IBTJ.US,D,20210430,000000,24.95,24.97,24.95,24.97,913,0
IBTJ.US,D,20210503,000000,24.971,24.989,24.971,24.989,852,0
IBTJ.US,D,20210504,000000,25.079,25.079,25.02,25.02,738,0
IBTJ.US,D,20210505,000000,25.029,25.052,25.029,25.052,1194,0
IBTJ.US,D,20210506,000000,25.08,25.08,25.07,25.07,413,0
IBTJ.US,D,20210507,000000,25.14,25.14,25.07,25.075,1402,0
IBTJ.US,D,20210510,000000,25.04,25.04,25.03,25.031,316,0
IBTJ.US,D,20210512,000000,24.89,24.89,24.884,24.89,2004,0
IBTJ.US,D,20210513,000000,24.92,24.967,24.92,24.967,1246,0
IBTJ.US,D,20210514,000000,24.995,25.01,24.97,25.01,5777,0
IBTJ.US,D,20210517,000000,25.009,25.009,24.99,25,389,0
IBTJ.US,D,20210518,000000,24.99,24.997,24.98,24.997,388,0
IBTJ.US,D,20210519,000000,25,25,24.925,24.925,737,0
IBTJ.US,D,20210520,000000,25.02,25.02,25.01,25.01,3746,0
IBTJ.US,D,20210521,000000,25,25.02,25,25.02,380,0
IBTJ.US,D,20210524,000000,25.045,25.045,25.04,25.04,690,0
IBTJ.US,D,20210525,000000,25.1,25.13,25.1,25.13,582,0
IBTJ.US,D,20210526,000000,25.12,25.12,25.094,25.094,1551,0
IBTJ.US,D,20210527,000000,25.017,25.05,25.017,25.05,1457,0
IBTJ.US,D,20210601,000000,25.03,25.03,25.025,25.025,798,0
IBTJ.US,D,20210603,000000,25.01,25.01,24.99,24.99,1754,0
IBTJ.US,D,20210608,000000,25.17,25.17,25.17,25.17,326,0
IBTJ.US,D,20210609,000000,25.24,25.245,25.22,25.245,1107,0
IBTJ.US,D,20210610,000000,25.24,25.32,25.24,25.32,469,0
IBTJ.US,D,20210611,000000,25.271,25.287,25.27,25.287,925,0
IBTJ.US,D,20210614,000000,25.24,25.24,25.205,25.205,379,0
IBTJ.US,D,20210615,000000,25.2,25.21,25.2,25.21,138,0
IBTJ.US,D,20210616,000000,25.035,25.05,25.035,25.035,873,0
IBTJ.US,D,20210617,000000,25.105,25.17,25.105,25.116,1842,0
IBTJ.US,D,20210618,000000,25.195,25.235,25.185,25.235,28144,0
IBTJ.US,D,20210621,000000,25.165,25.19,25.165,25.175,373,0
IBTJ.US,D,20210622,000000,25.19,25.215,25.19,25.215,2313,0
IBTJ.US,D,20210623,000000,25.205,25.205,25.165,25.165,529,0
IBTJ.US,D,20210624,000000,25.189,25.189,25.165,25.165,685,0
IBTJ.US,D,20210625,000000,25.115,25.115,25.1,25.115,402,0
IBTJ.US,D,20210628,000000,25.18,25.19,25.18,25.19,258,0
IBTJ.US,D,20210629,000000,25.19,25.195,25.19,25.195,203,0
IBTJ.US,D,20210630,000000,25.265,25.265,25.233,25.233,372,0
IBTJ.US,D,20210701,000000,25.185,25.205,25.18,25.205,641,0
IBTJ.US,D,20210702,000000,25.24,25.29,25.24,25.29,317,0
IBTJ.US,D,20210706,000000,25.325,25.415,25.325,25.415,1421,0
IBTJ.US,D,20210708,000000,25.525,25.5598,25.525,25.535,1585,0
IBTJ.US,D,20210709,000000,25.439,25.44,25.439,25.44,784,0
IBTJ.US,D,20210712,000000,25.407,25.415,25.407,25.415,859,0
IBTJ.US,D,20210713,000000,25.435,25.435,25.345,25.345,1226,0
IBTJ.US,D,20210714,000000,25.4,25.45,25.4,25.445,839,0
IBTJ.US,D,20210715,000000,25.46,25.5377,25.46,25.5377,746,0
IBTJ.US,D,20210716,000000,25.49,25.53,25.49,25.53,979,0
IBTJ.US,D,20210719,000000,25.71,25.72,25.71,25.7193,729,0
IBTJ.US,D,20210720,000000,25.72,25.72,25.705,25.705,677,0
IBTJ.US,D,20210721,000000,25.6,25.6,25.5724,25.5724,369,0
IBTJ.US,D,20210722,000000,25.64,25.64,25.635,25.635,650,0
IBTJ.US,D,20210726,000000,25.58,25.6,25.58,25.585,449,0
IBTJ.US,D,20210727,000000,25.67,25.675,25.67,25.675,377,0
IBTJ.US,D,20210728,000000,25.645,25.69,25.645,25.69,362,0
IBTJ.US,D,20210802,000000,25.76,25.785,25.76,25.7669,2665,0
IBTJ.US,D,20210804,000000,25.86,25.86,25.73,25.765,2266,0
IBTJ.US,D,20210805,000000,25.68,25.6888,25.675,25.6763,1834,0
IBTJ.US,D,20210806,000000,25.555,25.555,25.5478,25.5478,574,0
IBTJ.US,D,20210809,000000,25.515,25.515,25.5109,25.5109,1250,0
IBTJ.US,D,20210810,000000,25.502,25.502,25.465,25.465,1171,0
IBTJ.US,D,20210811,000000,25.472,25.4946,25.472,25.4946,334,0
IBTJ.US,D,20210812,000000,25.455,25.4876,25.455,25.465,1115,0
IBTJ.US,D,20210816,000000,25.66,25.69,25.635,25.635,1092,0
IBTJ.US,D,20210817,000000,25.64,25.64,25.625,25.625,333,0
IBTJ.US,D,20210819,000000,25.655,25.655,25.649,25.655,472,0
IBTJ.US,D,20210820,000000,25.639,25.639,25.6219,25.6219,530,0
IBTJ.US,D,20210823,000000,25.621,25.6369,25.62,25.6369,546,0
IBTJ.US,D,20210824,000000,25.62,25.62,25.575,25.575,1801,0
IBTJ.US,D,20210826,000000,25.4601,25.5,25.46,25.4926,664,0
IBTJ.US,D,20210827,000000,25.5,25.565,25.5,25.565,2091,0
IBTJ.US,D,20210830,000000,25.59,25.615,25.59,25.615,1896,0
IBTJ.US,D,20210831,000000,25.61,25.61,25.575,25.575,8100,0
IBTJ.US,D,20210901,000000,25.589,25.589,25.575,25.575,729,0
