<TICKER>,<PER>,<DATE>,<TIME>,<OPEN>,<HIGH>,<LOW>,<CLOSE>,<VOL>,<OPENINT>
IDLB.US,D,20151113,000000,21.282,21.282,21.282,21.282,1493,0
IDLB.US,D,20151123,000000,21.751,21.751,21.751,21.751,456,0
IDLB.US,D,20151124,000000,21.647,21.788,21.647,21.788,24259,0
IDLB.US,D,20151125,000000,21.725,21.788,21.725,21.788,58638,0
IDLB.US,D,20151130,000000,21.751,21.751,21.699,21.743,29435,0
IDLB.US,D,20151201,000000,21.892,21.917,21.892,21.917,5045400,0
IDLB.US,D,20151202,000000,21.91,21.91,21.744,21.778,20425,0
IDLB.US,D,20151203,000000,21.717,21.733,21.647,21.647,2258,0
IDLB.US,D,20151204,000000,21.751,21.874,21.725,21.77,41967,0
IDLB.US,D,20151207,000000,21.674,21.743,21.63,21.63,58294,0
IDLB.US,D,20151208,000000,21.422,21.499,21.351,21.37,180327,0
IDLB.US,D,20151209,000000,21.491,21.516,21.204,21.248,7588,0
IDLB.US,D,20151210,000000,21.332,21.341,21.248,21.248,3794,0
IDLB.US,D,20151211,000000,20.95,21.135,20.899,20.918,88302,0
IDLB.US,D,20151214,000000,21.092,21.179,20.885,21.179,97177,0
IDLB.US,D,20151215,000000,21.188,21.188,21.083,21.154,15524,0
IDLB.US,D,20151216,000000,21.232,21.917,20.935,21.459,108652,0
IDLB.US,D,20151217,000000,21.379,21.45,21.195,21.195,48634,0
IDLB.US,D,20151218,000000,21.174,21.294,21.174,21.235,112472,0
IDLB.US,D,20151221,000000,21.327,21.354,21.128,21.25,9050,0
IDLB.US,D,20151222,000000,21.275,21.453,21.181,21.453,106194,0
IDLB.US,D,20151223,000000,21.453,21.677,21.435,21.677,237426,0
IDLB.US,D,20151224,000000,21.589,21.607,21.335,21.344,96943,0
IDLB.US,D,20151228,000000,21.462,21.512,21.235,21.382,175487,0
IDLB.US,D,20151229,000000,21.669,21.748,21.581,21.581,189348,0
IDLB.US,D,20151230,000000,21.654,21.703,21.556,21.556,24993,0
IDLB.US,D,20151231,000000,21.564,21.589,21.495,21.495,573,0
IDLB.US,D,20160104,000000,20.77,21.174,20.727,21.032,14576,0
IDLB.US,D,20160105,000000,21.065,21.065,20.999,20.999,3637,0
IDLB.US,D,20160106,000000,20.849,20.849,20.605,20.605,13616,0
IDLB.US,D,20160107,000000,20.628,20.699,20.289,20.562,919,0
IDLB.US,D,20160108,000000,20.605,20.605,20.082,20.082,36215,0
IDLB.US,D,20160111,000000,20.368,20.368,20.054,20.16,22683,0
IDLB.US,D,20160112,000000,20.289,20.289,20.133,20.152,1489,0
IDLB.US,D,20160113,000000,20.315,20.437,20.097,20.218,9001,0
IDLB.US,D,20160114,000000,20.071,20.178,20.021,20.169,3146,0
IDLB.US,D,20160115,000000,19.783,19.783,19.488,19.741,2217,0
IDLB.US,D,20160119,000000,19.918,19.918,19.654,19.662,5957,0
IDLB.US,D,20160120,000000,19.286,19.34,19.008,19.147,20195,0
IDLB.US,D,20160121,000000,19.207,19.575,19.198,19.356,7802,0
IDLB.US,D,20160122,000000,19.881,20.011,19.793,20.011,40716,0
IDLB.US,D,20160125,000000,19.766,19.861,19.741,19.861,36015,0
IDLB.US,D,20160126,000000,19.934,20.125,19.934,20.125,29447,0
IDLB.US,D,20160127,000000,19.988,20.218,19.935,20.152,6349,0
IDLB.US,D,20160128,000000,20.15,20.192,19.951,20.021,10319,0
IDLB.US,D,20160129,000000,20.412,20.42,20.412,20.42,2321,0
IDLB.US,D,20160201,000000,20.377,20.39,20.264,20.333,15493,0
IDLB.US,D,20160202,000000,20.213,20.28,19.976,19.994,6675,0
IDLB.US,D,20160203,000000,20.133,20.218,19.967,20.192,33127,0
IDLB.US,D,20160204,000000,20.246,20.491,20.246,20.472,6762,0
IDLB.US,D,20160208,000000,19.637,19.637,19.608,19.608,1052,0
IDLB.US,D,20160209,000000,19.818,19.881,19.549,19.758,16443,0
IDLB.US,D,20160210,000000,19.758,19.758,19.549,19.567,4629,0
IDLB.US,D,20160211,000000,19.46,19.46,19.13,19.277,11093,0
IDLB.US,D,20160212,000000,19.383,19.383,19.383,19.383,2078,0
IDLB.US,D,20160216,000000,19.575,19.671,19.575,19.627,5957,0
IDLB.US,D,20160217,000000,19.889,20.062,19.889,20.062,5198,0
IDLB.US,D,20160218,000000,20.082,20.082,20.082,20.082,1131,0
IDLB.US,D,20160222,000000,20.306,20.306,20.187,20.187,1148,0
IDLB.US,D,20160223,000000,20.12,20.228,20.021,20.021,53576,0
IDLB.US,D,20160224,000000,19.943,20.152,19.838,20.152,9733,0
IDLB.US,D,20160225,000000,20.062,20.297,20.059,20.297,4446,0
IDLB.US,D,20160226,000000,20.152,20.152,20.142,20.142,4211,0
IDLB.US,D,20160301,000000,20.306,20.611,20.306,20.43,2687,0
IDLB.US,D,20160302,000000,20.482,20.682,20.482,20.682,12685,0
IDLB.US,D,20160303,000000,20.664,20.706,20.647,20.693,5317,0
IDLB.US,D,20160304,000000,20.989,20.989,20.849,20.89,26825,0
IDLB.US,D,20160307,000000,20.849,20.849,20.807,20.807,4529,0
IDLB.US,D,20160308,000000,20.865,20.865,20.611,20.611,1126,0
IDLB.US,D,20160309,000000,20.699,20.749,20.699,20.749,273,0
IDLB.US,D,20160311,000000,21.266,21.314,21.266,21.304,19894,0
IDLB.US,D,20160314,000000,21.093,21.294,21.093,21.294,1249,0
IDLB.US,D,20160315,000000,21.102,21.102,21.102,21.102,438,0
IDLB.US,D,20160316,000000,21.108,21.147,20.952,21.118,12605,0
IDLB.US,D,20160317,000000,21.28,21.335,21.242,21.327,2632,0
IDLB.US,D,20160318,000000,21.373,21.373,21.321,21.321,1092,0
IDLB.US,D,20160321,000000,21.462,21.478,21.321,21.321,4708,0
IDLB.US,D,20160322,000000,21.485,21.528,21.314,21.344,10335,0
IDLB.US,D,20160323,000000,21.242,21.401,21.185,21.185,4470,0
IDLB.US,D,20160324,000000,21.266,21.294,21.128,21.137,28973,0
IDLB.US,D,20160328,000000,21.581,21.581,21.266,21.266,454,0
IDLB.US,D,20160329,000000,21.242,21.72,21.242,21.72,2212,0
IDLB.US,D,20160330,000000,21.773,21.792,21.773,21.783,1489,0
IDLB.US,D,20160331,000000,21.599,21.642,21.453,21.571,38744,0
IDLB.US,D,20160401,000000,21.075,21.343,21.075,21.342,21675,0
IDLB.US,D,20160404,000000,21.47,21.495,21.137,21.19,11156,0
IDLB.US,D,20160405,000000,20.989,20.989,20.779,20.789,12376,0
IDLB.US,D,20160406,000000,21.093,21.147,21.016,21.147,3638,0
IDLB.US,D,20160407,000000,21.174,21.19,20.961,21.19,19839,0
IDLB.US,D,20160408,000000,21.435,21.503,21.304,21.47,42135,0
IDLB.US,D,20160411,000000,21.523,21.523,21.417,21.417,6494,0
IDLB.US,D,20160412,000000,21.56,21.612,21.495,21.599,13307,0
IDLB.US,D,20160413,000000,21.783,21.947,21.783,21.931,4052,0
IDLB.US,D,20160414,000000,21.818,21.818,21.818,21.818,229,0
IDLB.US,D,20160415,000000,21.888,21.931,21.888,21.905,3024,0
IDLB.US,D,20160419,000000,22.284,22.411,22.284,22.411,649,0
IDLB.US,D,20160420,000000,22.319,22.585,22.287,22.287,90379,0
IDLB.US,D,20160421,000000,22.366,22.375,22.272,22.315,6544,0
IDLB.US,D,20160422,000000,22.071,22.223,22.071,22.189,1465,0
IDLB.US,D,20160425,000000,22.112,22.227,22.105,22.218,2212,0
IDLB.US,D,20160426,000000,22.278,22.278,22.089,22.227,3291,0
IDLB.US,D,20160427,000000,22.287,22.315,22.089,22.315,1259,0
IDLB.US,D,20160428,000000,22.13,22.199,21.983,22.14,2119,0
IDLB.US,D,20160429,000000,22.054,22.079,21.956,22.071,37396,0
IDLB.US,D,20160502,000000,22.245,22.33,22.183,22.33,59073,0
IDLB.US,D,20160503,000000,22.14,22.14,22.14,22.14,1148,0
IDLB.US,D,20160504,000000,21.751,21.905,21.564,21.625,74218,0
IDLB.US,D,20160505,000000,21.589,21.833,21.589,21.792,3386,0
IDLB.US,D,20160506,000000,21.878,21.878,21.878,21.878,910,0
IDLB.US,D,20160509,000000,21.642,21.783,21.581,21.783,14208,0
IDLB.US,D,20160510,000000,21.895,22.079,21.895,22.062,5097,0
IDLB.US,D,20160511,000000,22.021,22.054,21.748,21.748,3184,0
IDLB.US,D,20160512,000000,22.027,22.027,21.809,21.833,31665,0
IDLB.US,D,20160513,000000,21.756,21.756,21.52,21.528,16337,0
IDLB.US,D,20160516,000000,21.689,21.72,21.589,21.72,10804,0
IDLB.US,D,20160517,000000,21.655,21.713,21.655,21.713,3934,0
IDLB.US,D,20160518,000000,21.599,21.756,21.495,21.495,14330,0
IDLB.US,D,20160519,000000,21.425,21.47,21.314,21.47,81614,0
IDLB.US,D,20160520,000000,21.634,21.634,21.556,21.564,2927,0
IDLB.US,D,20160523,000000,21.65,21.72,21.599,21.642,78655,0
IDLB.US,D,20160524,000000,21.766,21.766,21.738,21.738,1611,0
IDLB.US,D,20160525,000000,21.809,21.895,21.809,21.895,1070,0
IDLB.US,D,20160526,000000,22.021,22.044,21.921,21.921,17418,0
IDLB.US,D,20160527,000000,22.001,22.001,21.931,21.931,2468,0
IDLB.US,D,20160531,000000,21.956,21.956,21.921,21.921,1374,0
IDLB.US,D,20160601,000000,21.913,21.913,21.869,21.874,3439,0
IDLB.US,D,20160602,000000,21.878,21.888,21.783,21.824,1952,0
IDLB.US,D,20160603,000000,21.992,22.112,21.965,22.097,16633,0
IDLB.US,D,20160606,000000,22.35,22.35,22.245,22.249,2212,0
IDLB.US,D,20160607,000000,22.449,22.507,22.385,22.394,19470,0
IDLB.US,D,20160608,000000,22.575,22.575,22.411,22.497,1533,0
IDLB.US,D,20160609,000000,22.283,22.283,22.176,22.218,16037,0
IDLB.US,D,20160610,000000,21.921,21.921,21.792,21.792,454,0
IDLB.US,D,20160613,000000,21.581,21.599,21.425,21.564,877,0
IDLB.US,D,20160614,000000,21.285,21.285,21.164,21.25,7035,0
IDLB.US,D,20160615,000000,21.387,21.537,21.387,21.528,2308,0
IDLB.US,D,20160617,000000,21.334,21.343,21.241,21.334,7101,0
IDLB.US,D,20160620,000000,21.99,21.99,21.99,21.99,682,0
IDLB.US,D,20160621,000000,21.989,22.11,21.989,22.11,3877,0
IDLB.US,D,20160622,000000,22.041,22.051,22.041,22.041,547,0
IDLB.US,D,20160627,000000,20.701,20.748,20.666,20.666,1702,0
IDLB.US,D,20160628,000000,21.064,21.204,21.064,21.204,1816,0
IDLB.US,D,20160629,000000,21.558,21.583,21.479,21.548,1218,0
IDLB.US,D,20160630,000000,21.534,21.534,21.486,21.486,4539,0
IDLB.US,D,20160701,000000,21.74,21.74,21.715,21.715,909,0
IDLB.US,D,20160705,000000,21.417,21.417,21.417,21.417,374,0
IDLB.US,D,20160706,000000,21.303,21.303,21.264,21.283,2529,0
IDLB.US,D,20160707,000000,21.513,21.529,21.443,21.529,17343,0
IDLB.US,D,20160708,000000,21.609,21.732,21.609,21.728,1230,0
IDLB.US,D,20160711,000000,21.998,22.003,21.957,21.962,2262,0
IDLB.US,D,20160712,000000,22.147,22.208,22.147,22.198,7376,0
IDLB.US,D,20160713,000000,22.11,22.11,22.11,22.11,568,0
IDLB.US,D,20160714,000000,22.183,22.297,22.175,22.261,4651,0
IDLB.US,D,20160715,000000,22.11,22.11,21.979,22.06,4165,0
IDLB.US,D,20160718,000000,22.055,22.055,22.055,22.055,361,0
IDLB.US,D,20160719,000000,21.966,22.025,21.855,21.883,2539,0
IDLB.US,D,20160720,000000,22.166,22.191,22.118,22.183,20165,0
IDLB.US,D,20160721,000000,21.927,21.989,21.927,21.989,740,0
IDLB.US,D,20160722,000000,22.025,22.081,21.927,22.077,7670,0
IDLB.US,D,20160725,000000,21.91,21.91,21.91,21.91,1361,0
IDLB.US,D,20160726,000000,22.226,22.261,22.175,22.252,8191,0
IDLB.US,D,20160728,000000,22.195,22.297,22.11,22.297,10953,0
IDLB.US,D,20160729,000000,22.438,22.588,22.438,22.512,3098,0
IDLB.US,D,20160801,000000,22.455,22.455,22.438,22.438,1248,0
IDLB.US,D,20160802,000000,22.455,22.455,22.191,22.198,8123,0
IDLB.US,D,20160803,000000,22.183,22.208,22.183,22.208,500,0
IDLB.US,D,20160804,000000,22.128,22.138,22.118,22.118,1248,0
IDLB.US,D,20160805,000000,22.191,22.191,22.175,22.175,5069,0
IDLB.US,D,20160808,000000,22.358,22.358,22.306,22.35,774,0
IDLB.US,D,20160809,000000,22.376,22.438,22.35,22.438,1248,0
IDLB.US,D,20160810,000000,22.686,22.712,22.668,22.712,4766,0
IDLB.US,D,20160811,000000,22.835,22.843,22.773,22.819,909,0
IDLB.US,D,20160812,000000,22.792,22.802,22.792,22.802,270,0
IDLB.US,D,20160815,000000,22.848,22.888,22.848,22.88,1117,0
IDLB.US,D,20160816,000000,22.783,22.792,22.783,22.792,2179,0
IDLB.US,D,20160817,000000,22.606,22.606,22.509,22.543,13200,0
IDLB.US,D,20160818,000000,22.659,22.659,22.597,22.597,13344,0
IDLB.US,D,20160819,000000,22.464,22.57,22.464,22.57,13531,0
IDLB.US,D,20160822,000000,22.395,22.588,22.395,22.588,5242,0
IDLB.US,D,20160823,000000,22.764,22.764,22.764,22.764,112,0
IDLB.US,D,20160824,000000,22.792,22.802,22.634,22.668,5263,0
IDLB.US,D,20160826,000000,22.792,22.792,22.358,22.358,2610,0
IDLB.US,D,20160829,000000,22.472,22.534,22.472,22.516,740,0
IDLB.US,D,20160830,000000,22.422,22.472,22.412,22.438,48227,0
IDLB.US,D,20160831,000000,22.287,22.367,22.287,22.35,21078,0
IDLB.US,D,20160901,000000,22.468,22.516,22.438,22.447,14969,0
IDLB.US,D,20160902,000000,22.659,22.659,22.588,22.588,856,0
IDLB.US,D,20160907,000000,23.116,23.116,23.012,23.089,3779,0
IDLB.US,D,20160908,000000,23.047,23.08,23.012,23.012,15824,0
IDLB.US,D,20160909,000000,22.703,22.739,22.651,22.651,12476,0
IDLB.US,D,20160912,000000,22.455,22.472,22.376,22.386,6354,0
IDLB.US,D,20160913,000000,22.431,22.431,22.138,22.191,13833,0
IDLB.US,D,20160914,000000,22.287,22.287,22.175,22.175,14847,0
IDLB.US,D,20160915,000000,22.235,22.422,22.235,22.422,4009,0
IDLB.US,D,20160916,000000,22.219,22.254,22.185,22.185,772,0
IDLB.US,D,20160919,000000,22.458,22.512,22.424,22.433,6563,0
IDLB.US,D,20160920,000000,22.502,22.581,22.458,22.537,11089,0
IDLB.US,D,20160921,000000,22.777,22.855,22.609,22.847,19686,0
IDLB.US,D,20160922,000000,23.183,23.183,23.183,23.183,338,0
IDLB.US,D,20160923,000000,23.034,23.069,22.978,23.06,13330,0
IDLB.US,D,20160926,000000,22.83,22.892,22.772,22.874,8203,0
IDLB.US,D,20160927,000000,22.97,23.024,22.908,23.015,733,0
IDLB.US,D,20160928,000000,23.121,23.121,23.121,23.121,3415,0
IDLB.US,D,20160929,000000,23.043,23.051,22.83,22.834,10749,0
IDLB.US,D,20160930,000000,22.822,22.988,22.822,22.988,4967,0
IDLB.US,D,20161003,000000,22.884,23.051,22.874,23.039,33631,0
IDLB.US,D,20161004,000000,23.043,23.043,22.796,22.796,7910,0
IDLB.US,D,20161005,000000,22.936,22.936,22.786,22.814,2150,0
IDLB.US,D,20161006,000000,22.66,22.688,22.563,22.568,5889,0
IDLB.US,D,20161007,000000,22.502,22.502,22.414,22.489,1260,0
IDLB.US,D,20161011,000000,22.449,22.493,22.263,22.323,5430,0
IDLB.US,D,20161012,000000,22.332,22.332,22.254,22.254,25717,0
IDLB.US,D,20161013,000000,22.299,22.299,22.299,22.299,166,0
IDLB.US,D,20161014,000000,22.352,22.36,22.352,22.36,6647,0
IDLB.US,D,20161017,000000,22.254,22.254,22.254,22.254,246,0
IDLB.US,D,20161019,000000,22.49,22.657,22.49,22.644,6699,0
IDLB.US,D,20161020,000000,22.609,22.609,22.503,22.537,8384,0
IDLB.US,D,20161024,000000,22.466,22.466,22.433,22.466,2058,0
IDLB.US,D,20161025,000000,22.388,22.493,22.378,22.378,58756,0
IDLB.US,D,20161026,000000,22.388,22.44,22.332,22.44,623,0
IDLB.US,D,20161027,000000,22.337,22.396,22.337,22.388,16938,0
IDLB.US,D,20161028,000000,22.299,22.342,22.268,22.272,8146,0
IDLB.US,D,20161031,000000,22.316,22.352,22.2,22.347,25542,0
IDLB.US,D,20161101,000000,22.378,22.388,22.193,22.21,16671,0
IDLB.US,D,20161102,000000,22.219,22.289,22.14,22.21,9286,0
IDLB.US,D,20161103,000000,22.352,22.36,22.13,22.159,19652,0
IDLB.US,D,20161104,000000,22.096,22.111,22.069,22.069,454,0
IDLB.US,D,20161107,000000,22.2,22.2,22.2,22.2,322,0
IDLB.US,D,20161110,000000,21.742,21.911,21.732,21.911,1121,0
IDLB.US,D,20161114,000000,21.47,21.478,21.438,21.478,2796,0
IDLB.US,D,20161115,000000,21.548,21.619,21.408,21.619,21437,0
IDLB.US,D,20161116,000000,21.558,21.565,21.424,21.495,18104,0
IDLB.US,D,20161117,000000,21.662,21.662,21.583,21.583,1090,0
IDLB.US,D,20161118,000000,21.381,21.381,21.381,21.381,280,0
IDLB.US,D,20161121,000000,21.591,21.609,21.565,21.565,2739,0
IDLB.US,D,20161122,000000,21.706,21.706,21.644,21.671,17374,0
IDLB.US,D,20161123,000000,21.583,21.644,21.543,21.636,24389,0
IDLB.US,D,20161125,000000,21.601,21.626,21.601,21.626,444,0
IDLB.US,D,20161128,000000,21.653,21.662,21.619,21.653,4209,0
IDLB.US,D,20161129,000000,21.619,21.777,21.619,21.764,1277,0
IDLB.US,D,20161130,000000,21.751,21.751,21.688,21.688,4061,0
IDLB.US,D,20161201,000000,21.609,21.636,21.361,21.424,22968,0
IDLB.US,D,20161202,000000,21.565,21.565,21.548,21.548,19084,0
IDLB.US,D,20161205,000000,21.636,21.696,21.538,21.696,25552,0
IDLB.US,D,20161206,000000,21.723,21.751,21.591,21.742,16581,0
IDLB.US,D,20161207,000000,21.76,21.918,21.76,21.83,4873,0
IDLB.US,D,20161208,000000,21.893,22.009,21.893,22.009,3626,0
IDLB.US,D,20161209,000000,21.945,21.971,21.83,21.963,6514,0
IDLB.US,D,20161212,000000,21.963,21.963,21.945,21.945,7200,0
IDLB.US,D,20161213,000000,22.2,22.21,22.2,22.2,1083,0
IDLB.US,D,20161214,000000,22.009,22.193,21.764,21.764,7846,0
IDLB.US,D,20161215,000000,21.646,21.822,21.644,21.822,8090,0
IDLB.US,D,20161216,000000,21.808,21.808,21.633,21.633,4361,0
IDLB.US,D,20161219,000000,21.844,21.889,21.699,21.699,26938,0
IDLB.US,D,20161220,000000,21.772,21.907,21.772,21.889,45652,0
IDLB.US,D,20161221,000000,21.879,21.897,21.746,21.861,29143,0
IDLB.US,D,20161222,000000,21.853,21.853,21.69,21.813,6945,0
IDLB.US,D,20161223,000000,21.818,21.879,21.818,21.879,1061,0
IDLB.US,D,20161227,000000,21.907,21.916,21.897,21.916,1516,0
IDLB.US,D,20161228,000000,21.781,21.889,21.709,21.709,4518,0
IDLB.US,D,20161229,000000,21.736,21.736,21.726,21.726,9066,0
IDLB.US,D,20161230,000000,21.736,21.897,21.736,21.87,21642,0
IDLB.US,D,20170103,000000,21.924,21.997,21.924,21.997,3391,0
IDLB.US,D,20170104,000000,22.024,22.04,21.987,22.04,10348,0
IDLB.US,D,20170105,000000,22.39,22.521,22.343,22.343,18352,0
IDLB.US,D,20170109,000000,22.343,22.442,22.218,22.426,3838,0
IDLB.US,D,20170111,000000,22.176,22.426,22.176,22.353,1936,0
IDLB.US,D,20170112,000000,22.521,22.53,22.368,22.53,5405,0
IDLB.US,D,20170113,000000,22.622,22.622,22.622,22.622,267,0
IDLB.US,D,20170118,000000,22.604,22.604,22.567,22.604,785,0
IDLB.US,D,20170119,000000,22.389,22.389,22.389,22.389,3113,0
IDLB.US,D,20170120,000000,22.333,22.442,22.289,22.289,5194,0
IDLB.US,D,20170123,000000,22.317,22.323,22.317,22.323,4331,0
IDLB.US,D,20170124,000000,22.451,22.512,22.263,22.263,13405,0
IDLB.US,D,20170125,000000,22.512,22.631,22.505,22.512,3189,0
IDLB.US,D,20170126,000000,22.71,22.72,22.505,22.72,13236,0
IDLB.US,D,20170127,000000,22.701,22.701,22.505,22.612,1912,0
IDLB.US,D,20170131,000000,22.622,22.622,22.622,22.622,14469,0
IDLB.US,D,20170201,000000,22.692,22.701,22.612,22.612,2005,0
IDLB.US,D,20170202,000000,22.649,22.692,22.521,22.53,7501,0
IDLB.US,D,20170203,000000,22.575,22.649,22.575,22.649,2092,0
IDLB.US,D,20170206,000000,22.549,22.692,22.544,22.544,6789,0
IDLB.US,D,20170207,000000,22.549,22.549,22.477,22.496,6653,0
IDLB.US,D,20170208,000000,22.53,22.82,22.521,22.802,18163,0
IDLB.US,D,20170209,000000,22.684,22.684,22.627,22.657,3261,0
IDLB.US,D,20170210,000000,22.684,22.692,22.684,22.692,2232,0
IDLB.US,D,20170213,000000,22.82,22.82,22.747,22.82,6155,0
IDLB.US,D,20170214,000000,22.773,22.943,22.764,22.943,4559,0
IDLB.US,D,20170216,000000,22.943,22.943,22.811,22.82,4428,0
IDLB.US,D,20170221,000000,22.969,22.969,22.96,22.969,379,0
IDLB.US,D,20170222,000000,22.82,22.881,22.792,22.881,4041,0
IDLB.US,D,20170223,000000,22.952,23.069,22.89,22.969,3458,0
IDLB.US,D,20170224,000000,22.935,22.935,22.802,22.827,1481,0
IDLB.US,D,20170227,000000,22.906,22.952,22.802,22.925,15718,0
IDLB.US,D,20170228,000000,22.96,22.96,22.754,22.773,16711,0
IDLB.US,D,20170301,000000,22.948,22.948,22.871,22.871,26924,0
IDLB.US,D,20170302,000000,22.82,22.844,22.72,22.773,5711,0
IDLB.US,D,20170303,000000,22.612,22.657,22.604,22.631,4172,0
IDLB.US,D,20170306,000000,22.747,22.754,22.739,22.754,1090,0
IDLB.US,D,20170307,000000,22.827,22.827,22.649,22.783,13992,0
IDLB.US,D,20170308,000000,22.639,22.701,22.567,22.667,22929,0
IDLB.US,D,20170309,000000,22.692,22.692,22.692,22.692,267,0
IDLB.US,D,20170310,000000,22.827,22.906,22.754,22.811,9499,0
IDLB.US,D,20170313,000000,22.89,23.014,22.861,22.906,34719,0
IDLB.US,D,20170315,000000,22.827,23.077,22.827,23.077,3261,0
IDLB.US,D,20170316,000000,23.256,23.256,23.201,23.201,1090,0
IDLB.US,D,20170317,000000,23.198,23.242,23.198,23.242,621,0
IDLB.US,D,20170320,000000,23.257,23.395,23.226,23.377,1165,0
IDLB.US,D,20170321,000000,23.519,23.519,23.18,23.18,5004,0
IDLB.US,D,20170322,000000,23.126,23.322,23.089,23.322,8890,0
IDLB.US,D,20170324,000000,23.491,23.538,23.377,23.51,12496,0
IDLB.US,D,20170327,000000,23.422,23.422,23.422,23.422,1661,0
IDLB.US,D,20170328,000000,23.582,23.626,23.51,23.626,72257,0
IDLB.US,D,20170329,000000,23.449,23.456,23.412,23.412,18824,0
IDLB.US,D,20170330,000000,23.403,23.45,23.339,23.339,7177,0
IDLB.US,D,20170331,000000,23.349,23.465,23.275,23.465,5069,0
IDLB.US,D,20170403,000000,23.377,23.554,23.349,23.554,34184,0
IDLB.US,D,20170404,000000,23.465,23.468,23.368,23.386,5289,0
IDLB.US,D,20170406,000000,23.313,23.377,23.25,23.271,27734,0
IDLB.US,D,20170407,000000,23.289,23.431,23.289,23.431,6196,0
IDLB.US,D,20170410,000000,23.349,23.386,23.233,23.386,19224,0
IDLB.US,D,20170411,000000,23.468,23.472,23.349,23.349,13928,0
IDLB.US,D,20170412,000000,23.358,23.412,23.339,23.412,11887,0
IDLB.US,D,20170413,000000,23.437,23.563,23.403,23.545,6470,0
IDLB.US,D,20170418,000000,23.465,23.51,23.456,23.51,1695,0
IDLB.US,D,20170419,000000,23.563,23.563,23.403,23.403,39803,0
IDLB.US,D,20170420,000000,23.618,23.618,23.563,23.582,28955,0
IDLB.US,D,20170421,000000,23.554,23.563,23.55,23.554,3187,0
IDLB.US,D,20170424,000000,24.004,24.004,23.903,23.931,15459,0
IDLB.US,D,20170425,000000,24.118,24.162,24.012,24.012,29910,0
IDLB.US,D,20170426,000000,23.975,24.1,23.958,24.1,4650,0
IDLB.US,D,20170427,000000,23.958,24.118,23.958,24.118,3875,0
IDLB.US,D,20170428,000000,23.807,23.807,23.807,23.807,20429,0
IDLB.US,D,20170501,000000,23.995,24.26,23.94,24.055,24272,0
IDLB.US,D,20170502,000000,24.317,24.317,24.172,24.244,21361,0
IDLB.US,D,20170503,000000,24.155,24.305,24.146,24.288,14887,0
IDLB.US,D,20170504,000000,24.234,24.308,24.209,24.297,161534,0
IDLB.US,D,20170505,000000,24.268,24.613,24.244,24.603,1797,0
IDLB.US,D,20170508,000000,24.565,24.603,24.424,24.603,4530,0
IDLB.US,D,20170509,000000,24.531,24.639,24.459,24.639,19728,0
IDLB.US,D,20170510,000000,24.545,24.728,24.442,24.728,4675,0
IDLB.US,D,20170511,000000,24.483,24.613,24.483,24.613,7489,0
IDLB.US,D,20170512,000000,24.502,24.558,24.502,24.558,15903,0
IDLB.US,D,20170515,000000,24.7,24.851,24.664,24.71,7434,0
IDLB.US,D,20170516,000000,24.819,24.834,24.791,24.828,27862,0
IDLB.US,D,20170517,000000,24.745,24.781,24.664,24.664,29556,0
IDLB.US,D,20170519,000000,25.014,25.127,24.986,25.118,2869,0
IDLB.US,D,20170522,000000,25.118,25.21,25.056,25.201,35789,0
IDLB.US,D,20170523,000000,25.091,25.226,25.083,25.226,12725,0
IDLB.US,D,20170524,000000,25.186,25.201,25.048,25.17,13647,0
IDLB.US,D,20170525,000000,25.196,25.226,25.146,25.175,149295,0
IDLB.US,D,20170526,000000,25.014,25.293,25.014,25.293,2603,0
IDLB.US,D,20170530,000000,25.175,25.175,25.136,25.136,3667,0
IDLB.US,D,20170531,000000,25.246,25.37,25.246,25.255,22337,0
IDLB.US,D,20170601,000000,25.37,25.417,25.37,25.417,12708,0
IDLB.US,D,20170602,000000,25.548,25.818,25.539,25.818,10357,0
IDLB.US,D,20170606,000000,25.718,25.79,25.648,25.79,57472,0
IDLB.US,D,20170607,000000,25.613,25.613,25.605,25.605,2349,0
IDLB.US,D,20170608,000000,25.494,25.619,25.494,25.539,31410,0
IDLB.US,D,20170609,000000,25.201,25.482,25.201,25.482,4248,0
IDLB.US,D,20170612,000000,25.351,25.398,25.351,25.398,1274,0
IDLB.US,D,20170613,000000,25.514,25.514,25.504,25.504,9190,0
IDLB.US,D,20170614,000000,25.677,25.79,25.657,25.79,7419,0
IDLB.US,D,20170615,000000,25.272,25.514,25.264,25.514,28931,0
IDLB.US,D,20170616,000000,25.494,25.606,25.466,25.606,5381,0
IDLB.US,D,20170619,000000,25.664,25.664,25.664,25.664,2768,0
IDLB.US,D,20170620,000000,25.489,25.489,25.359,25.377,20494,0
IDLB.US,D,20170621,000000,25.359,25.387,25.351,25.387,2871,0
IDLB.US,D,20170622,000000,25.416,25.416,25.351,25.369,4320,0
IDLB.US,D,20170623,000000,25.514,25.514,25.425,25.425,7099,0
IDLB.US,D,20170626,000000,25.64,25.64,25.406,25.416,9816,0
IDLB.US,D,20170627,000000,25.315,25.351,25.296,25.296,5944,0
IDLB.US,D,20170628,000000,25.387,25.504,25.387,25.504,1527,0
IDLB.US,D,20170629,000000,25.277,25.277,25.142,25.197,44685,0
IDLB.US,D,20170630,000000,25.233,25.315,25.233,25.287,12407,0
IDLB.US,D,20170703,000000,25.287,25.287,25.269,25.269,335,0
IDLB.US,D,20170705,000000,25.151,25.171,25.035,25.035,5007,0
IDLB.US,D,20170706,000000,25.07,25.07,24.943,25.061,9033,0
IDLB.US,D,20170707,000000,25.008,25.18,24.972,25.18,34049,0
IDLB.US,D,20170710,000000,25.215,25.223,25.052,25.171,21537,0
IDLB.US,D,20170711,000000,25.142,25.142,24.963,25.026,42731,0
IDLB.US,D,20170712,000000,25.225,25.225,25.142,25.171,16418,0
IDLB.US,D,20170713,000000,25.223,25.359,25.188,25.269,21218,0
IDLB.US,D,20170714,000000,25.369,25.377,25.359,25.359,1803,0
IDLB.US,D,20170717,000000,25.416,25.435,25.416,25.435,674,0
IDLB.US,D,20170718,000000,25.588,25.588,25.494,25.494,5714,0
IDLB.US,D,20170719,000000,25.74,25.812,25.659,25.776,17631,0
IDLB.US,D,20170720,000000,25.725,25.785,25.686,25.73,4660,0
IDLB.US,D,20170721,000000,25.597,25.699,25.597,25.621,13555,0
IDLB.US,D,20170724,000000,25.776,25.776,25.578,25.76,14309,0
IDLB.US,D,20170725,000000,25.84,25.84,25.621,25.621,9031,0
IDLB.US,D,20170726,000000,25.597,25.724,25.597,25.724,1313,0
IDLB.US,D,20170727,000000,25.686,26.075,25.686,25.812,4880,0
IDLB.US,D,20170728,000000,25.84,25.84,25.75,25.75,1340,0
IDLB.US,D,20170731,000000,25.832,25.876,25.74,25.832,51275,0
IDLB.US,D,20170801,000000,25.938,26.03,25.904,26.02,52653,0
IDLB.US,D,20170802,000000,26.02,26.049,26.02,26.049,2288,0
IDLB.US,D,20170803,000000,26.056,26.075,25.935,26.049,6507,0
IDLB.US,D,20170804,000000,26.002,26.002,25.894,25.938,443,0
IDLB.US,D,20170807,000000,25.921,26.001,25.921,25.995,1328,0
IDLB.US,D,20170808,000000,26.03,26.03,25.804,25.812,13001,0
IDLB.US,D,20170809,000000,25.81,25.81,25.702,25.783,5812,0
IDLB.US,D,20170810,000000,25.711,25.711,25.578,25.64,23579,0
IDLB.US,D,20170811,000000,25.607,25.683,25.443,25.659,28003,0
IDLB.US,D,20170814,000000,25.702,25.832,25.702,25.832,2066,0
IDLB.US,D,20170815,000000,25.669,25.711,25.669,25.71,1827,0
IDLB.US,D,20170816,000000,25.72,25.746,25.72,25.746,6920,0
IDLB.US,D,20170817,000000,25.73,25.74,25.679,25.679,11496,0
IDLB.US,D,20170821,000000,25.606,25.724,25.588,25.724,10885,0
IDLB.US,D,20170822,000000,25.776,25.894,25.739,25.894,10901,0
IDLB.US,D,20170823,000000,25.808,25.82,25.649,25.793,10151,0
IDLB.US,D,20170824,000000,25.669,25.794,25.669,25.794,3440,0
IDLB.US,D,20170825,000000,25.785,25.912,25.702,25.912,60645,0
IDLB.US,D,20170828,000000,25.889,25.911,25.848,25.911,15916,0
IDLB.US,D,20170829,000000,25.76,25.885,25.741,25.832,37561,0
IDLB.US,D,20170830,000000,25.812,25.832,25.74,25.832,5494,0
IDLB.US,D,20170831,000000,25.849,26.049,25.804,26.049,21326,0
IDLB.US,D,20170901,000000,26.029,26.029,26.016,26.018,727,0
IDLB.US,D,20170905,000000,25.794,25.84,25.64,25.74,11401,0
IDLB.US,D,20170906,000000,25.84,25.904,25.74,25.876,32751,0
IDLB.US,D,20170907,000000,25.999,26.201,25.999,26.201,12659,0
IDLB.US,D,20170908,000000,26.193,26.237,26.11,26.11,2586,0
IDLB.US,D,20170911,000000,26.237,26.237,26.11,26.11,21380,0
IDLB.US,D,20170912,000000,26.092,26.3,26.092,26.291,38560,0
IDLB.US,D,20170913,000000,26.092,26.211,26.002,26.11,4883,0
IDLB.US,D,20170914,000000,26.002,26.128,25.993,26.119,9492,0
IDLB.US,D,20170915,000000,26.03,26.03,25.93,25.93,1605,0
IDLB.US,D,20170918,000000,26.312,26.312,26.049,26.175,10349,0
IDLB.US,D,20170919,000000,26.228,26.247,26.228,26.247,391,0
IDLB.US,D,20170920,000000,26.256,26.257,26.101,26.101,1239,0
IDLB.US,D,20170921,000000,25.938,26.04,25.93,26.04,21608,0
IDLB.US,D,20170922,000000,26.02,26.076,25.966,26.076,16961,0
IDLB.US,D,20170925,000000,25.984,26.002,25.921,25.984,12496,0
IDLB.US,D,20170926,000000,25.958,25.958,25.84,25.876,30065,0
IDLB.US,D,20170927,000000,25.832,25.832,25.739,25.749,6181,0
IDLB.US,D,20170928,000000,25.975,26.048,25.885,26.02,8378,0
IDLB.US,D,20170929,000000,26.03,26.129,26.03,26.129,623,0
IDLB.US,D,20171002,000000,26.066,26.121,26.002,26.121,70472,0
IDLB.US,D,20171003,000000,26.111,26.185,26.066,26.066,88410,0
IDLB.US,D,20171004,000000,26.111,26.166,26.066,26.166,48105,0
IDLB.US,D,20171005,000000,26.166,26.238,26.085,26.228,11707,0
IDLB.US,D,20171006,000000,26.04,26.124,26.04,26.053,1170,0
IDLB.US,D,20171009,000000,26.151,26.151,26.122,26.122,524,0
IDLB.US,D,20171010,000000,26.284,26.393,26.284,26.393,1732,0
IDLB.US,D,20171011,000000,26.356,26.375,26.347,26.347,26187,0
IDLB.US,D,20171013,000000,26.593,26.692,26.593,26.692,919,0
IDLB.US,D,20171016,000000,26.629,26.664,26.598,26.598,4815,0
IDLB.US,D,20171017,000000,26.593,26.6,26.456,26.593,1862,0
IDLB.US,D,20171018,000000,26.52,26.738,26.511,26.683,442436,0
IDLB.US,D,20171019,000000,26.565,26.61,26.547,26.584,7333,0
IDLB.US,D,20171020,000000,26.629,26.629,26.629,26.629,474,0
IDLB.US,D,20171023,000000,26.629,26.629,26.511,26.52,53453,0
IDLB.US,D,20171024,000000,26.52,26.639,26.492,26.639,11598,0
IDLB.US,D,20171025,000000,26.475,26.475,26.393,26.41,3955,0
IDLB.US,D,20171026,000000,26.584,26.584,26.483,26.483,21672,0
IDLB.US,D,20171027,000000,26.547,26.629,26.53,26.629,989,0
IDLB.US,D,20171030,000000,26.61,26.666,26.501,26.666,29510,0
IDLB.US,D,20171031,000000,26.643,26.643,26.643,26.643,661,0
IDLB.US,D,20171101,000000,26.81,26.841,26.728,26.733,20942,0
IDLB.US,D,20171102,000000,26.683,26.748,26.683,26.728,12846,0
IDLB.US,D,20171103,000000,26.748,26.771,26.738,26.765,16174,0
IDLB.US,D,20171106,000000,26.756,26.892,26.748,26.773,9339,0
IDLB.US,D,20171107,000000,26.863,26.863,26.756,26.765,22817,0
IDLB.US,D,20171108,000000,26.863,26.903,26.845,26.901,3979,0
IDLB.US,D,20171109,000000,26.674,26.72,26.646,26.72,14726,0
IDLB.US,D,20171110,000000,26.738,26.853,26.71,26.845,13804,0
IDLB.US,D,20171113,000000,26.565,26.683,26.565,26.644,3301,0
IDLB.US,D,20171114,000000,26.586,26.72,26.586,26.72,3220,0
IDLB.US,D,20171115,000000,26.483,26.593,26.415,26.584,16459,0
IDLB.US,D,20171116,000000,26.815,26.901,26.782,26.873,5350,0
IDLB.US,D,20171117,000000,26.692,26.7,26.647,26.687,6727,0
IDLB.US,D,20171120,000000,26.728,26.838,26.728,26.81,4643,0
IDLB.US,D,20171121,000000,26.845,26.918,26.81,26.918,69740,0
IDLB.US,D,20171122,000000,26.904,26.979,26.901,26.936,14621,0
IDLB.US,D,20171127,000000,27.183,27.183,26.946,27.054,15978,0
IDLB.US,D,20171128,000000,27.027,27.073,27.017,27.063,8408,0
IDLB.US,D,20171129,000000,27.083,27.145,27.026,27.073,33777,0
IDLB.US,D,20171130,000000,27.135,27.3,27.135,27.209,12257,0
IDLB.US,D,20171201,000000,27.027,27.083,26.965,27.017,13085,0
IDLB.US,D,20171204,000000,27.017,27.145,27.017,27.027,2806,0
IDLB.US,D,20171205,000000,27.227,27.227,26.979,26.979,4916,0
IDLB.US,D,20171206,000000,26.873,26.936,26.845,26.901,69768,0
IDLB.US,D,20171207,000000,26.965,27.054,26.956,26.99,32540,0
IDLB.US,D,20171208,000000,27.054,27.057,26.999,27.027,5404,0
IDLB.US,D,20171211,000000,27.085,27.218,27.085,27.145,7077,0
IDLB.US,D,20171212,000000,27.058,27.117,26.973,27.117,17165,0
IDLB.US,D,20171213,000000,27.126,27.428,27.109,27.29,22305,0
IDLB.US,D,20171214,000000,27.392,27.392,27.199,27.329,29759,0
IDLB.US,D,20171215,000000,27.199,27.256,27.199,27.232,6122,0
IDLB.US,D,20171218,000000,27.485,27.485,27.403,27.403,3646,0
IDLB.US,D,20171219,000000,27.369,27.568,27.357,27.357,11880,0
IDLB.US,D,20171220,000000,27.432,27.432,27.31,27.403,19537,0
IDLB.US,D,20171221,000000,27.393,27.485,27.361,27.361,4020,0
IDLB.US,D,20171222,000000,27.266,27.505,27.266,27.505,54429,0
IDLB.US,D,20171226,000000,27.641,27.641,27.413,27.413,9535,0
IDLB.US,D,20171227,000000,27.485,27.603,27.485,27.596,6322,0
IDLB.US,D,20171228,000000,27.669,27.752,27.669,27.724,11579,0
IDLB.US,D,20171229,000000,27.747,27.844,27.66,27.712,1703,0
IDLB.US,D,20180102,000000,27.76,27.926,27.724,27.835,27248,0
IDLB.US,D,20180103,000000,27.973,28.072,27.954,28.072,3163,0
IDLB.US,D,20180104,000000,28.284,28.284,28.173,28.221,2439,0
IDLB.US,D,20180105,000000,28.279,28.284,28.231,28.275,1726,0
IDLB.US,D,20180108,000000,28.338,28.338,28.338,28.338,117,0
IDLB.US,D,20180109,000000,28.338,28.424,28.304,28.376,11250,0
IDLB.US,D,20180110,000000,28.45,28.45,28.339,28.405,10423,0
IDLB.US,D,20180112,000000,28.459,28.689,28.459,28.68,13799,0
IDLB.US,D,20180116,000000,28.653,28.827,28.58,28.658,40970,0
IDLB.US,D,20180117,000000,28.676,28.766,28.676,28.766,2048,0
IDLB.US,D,20180118,000000,28.541,28.653,28.541,28.589,2989,0
IDLB.US,D,20180119,000000,28.855,28.863,28.708,28.763,10015,0
IDLB.US,D,20180122,000000,28.744,28.85,28.718,28.846,7990,0
IDLB.US,D,20180123,000000,29.002,29.002,28.919,28.973,6206,0
IDLB.US,D,20180124,000000,29.296,29.426,29.186,29.251,7250,0
IDLB.US,D,20180125,000000,29.276,29.3,29.021,29.039,3086,0
IDLB.US,D,20180129,000000,29.223,29.241,29.012,29.138,6665,0
IDLB.US,D,20180130,000000,28.983,28.983,28.808,28.817,11179,0
IDLB.US,D,20180131,000000,28.964,29.047,28.941,28.964,40786,0
IDLB.US,D,20180201,000000,28.944,29.019,28.924,28.936,46581,0
IDLB.US,D,20180202,000000,28.676,28.676,28.55,28.55,7959,0
IDLB.US,D,20180205,000000,28.137,28.137,27.483,27.483,10706,0
IDLB.US,D,20180206,000000,27.385,27.779,27.199,27.779,4269,0
IDLB.US,D,20180207,000000,27.466,27.678,27.466,27.608,12424,0
IDLB.US,D,20180209,000000,27.101,27.177,26.501,26.942,6830,0
IDLB.US,D,20180212,000000,27.227,27.33,27.227,27.274,7655,0
IDLB.US,D,20180213,000000,27.218,27.237,27.182,27.199,1906,0
IDLB.US,D,20180214,000000,27.374,27.564,27.357,27.564,9907,0
IDLB.US,D,20180215,000000,27.814,27.862,27.799,27.862,2206,0
IDLB.US,D,20180216,000000,28.01,28.01,28.01,28.01,190,0
IDLB.US,D,20180220,000000,28.054,28.054,27.991,28.018,3308,0
IDLB.US,D,20180221,000000,28,28,27.982,27.982,616,0
IDLB.US,D,20180222,000000,28.027,28.027,27.967,27.967,1126,0
IDLB.US,D,20180223,000000,28.01,28.116,28,28.116,523,0
IDLB.US,D,20180226,000000,28.231,28.256,28.182,28.246,1430,0
IDLB.US,D,20180227,000000,28.137,28.137,27.935,27.991,2046,0
IDLB.US,D,20180228,000000,27.89,27.89,27.817,27.817,616,0
IDLB.US,D,20180301,000000,27.622,27.631,27.432,27.432,811,0
IDLB.US,D,20180302,000000,27.357,27.531,27.35,27.531,7111,0
IDLB.US,D,20180305,000000,27.578,27.596,27.531,27.596,5124,0
IDLB.US,D,20180306,000000,27.769,27.88,27.76,27.852,6558,0
IDLB.US,D,20180307,000000,27.755,27.771,27.687,27.771,4979,0
IDLB.US,D,20180309,000000,28.089,28.119,28.089,28.116,499,0
IDLB.US,D,20180312,000000,28.182,28.182,28.156,28.156,10745,0
IDLB.US,D,20180313,000000,28.265,28.275,28.072,28.082,3744,0
IDLB.US,D,20180314,000000,28.1,28.142,27.945,28.027,13482,0
IDLB.US,D,20180315,000000,28.173,28.182,28.141,28.154,1392,0
IDLB.US,D,20180316,000000,28.064,28.064,28.018,28.047,15387,0
IDLB.US,D,20180319,000000,27.835,27.835,27.799,27.806,3086,0
IDLB.US,D,20180320,000000,27.844,27.844,27.844,27.844,1781,0
IDLB.US,D,20180321,000000,27.743,27.84,27.743,27.84,1142,0
IDLB.US,D,20180322,000000,27.779,27.779,27.529,27.612,2903,0
IDLB.US,D,20180323,000000,27.475,27.475,27.319,27.319,5209,0
IDLB.US,D,20180326,000000,27.273,27.479,27.273,27.479,1609,0
IDLB.US,D,20180327,000000,27.743,27.743,27.509,27.509,6098,0
IDLB.US,D,20180328,000000,27.421,27.602,27.421,27.509,4368,0
IDLB.US,D,20180329,000000,27.826,27.964,27.826,27.954,5213,0
IDLB.US,D,20180402,000000,27.612,27.612,27.208,27.208,13933,0
IDLB.US,D,20180403,000000,27.596,27.646,27.521,27.646,2336,0
IDLB.US,D,20180404,000000,27.484,27.543,27.368,27.543,4765,0
IDLB.US,D,20180405,000000,27.801,27.801,27.766,27.766,470,0
IDLB.US,D,20180406,000000,27.844,27.844,27.567,27.641,2230,0
IDLB.US,D,20180409,000000,27.89,27.89,27.89,27.89,243,0
IDLB.US,D,20180410,000000,27.973,28.028,27.935,27.973,3890,0
IDLB.US,D,20180412,000000,27.835,27.908,27.835,27.908,1559,0
IDLB.US,D,20180413,000000,27.898,27.898,27.831,27.892,6011,0
IDLB.US,D,20180417,000000,28.154,28.239,28.128,28.239,2690,0
IDLB.US,D,20180419,000000,28.275,28.275,28.182,28.182,1627,0
IDLB.US,D,20180420,000000,28.154,28.173,28.11,28.11,913,0
IDLB.US,D,20180423,000000,27.964,28.072,27.954,28.072,1809,0
IDLB.US,D,20180424,000000,28.045,28.054,27.935,27.985,10166,0
IDLB.US,D,20180425,000000,27.935,27.935,27.868,27.872,1107,0
IDLB.US,D,20180426,000000,28.242,28.308,28.118,28.246,2512,0
IDLB.US,D,20180427,000000,28.163,28.386,28.101,28.353,3629,0
IDLB.US,D,20180430,000000,28.163,28.302,28.092,28.211,2145,0
IDLB.US,D,20180501,000000,28.082,28.128,28.082,28.128,620,0
IDLB.US,D,20180502,000000,28.221,28.238,27.982,28,15021,0
IDLB.US,D,20180503,000000,27.945,28.231,27.945,28.231,19417,0
IDLB.US,D,20180504,000000,28.072,28.128,27.991,28.101,3002,0
IDLB.US,D,20180507,000000,28.182,28.33,28.072,28.11,6423,0
IDLB.US,D,20180508,000000,28.146,28.433,28.146,28.211,8446,0
IDLB.US,D,20180509,000000,28.256,28.284,28.221,28.263,6341,0
IDLB.US,D,20180510,000000,28.607,28.607,28.201,28.447,5873,0
IDLB.US,D,20180511,000000,28.599,28.607,28.442,28.581,9316,0
IDLB.US,D,20180514,000000,28.581,28.662,28.515,28.58,4653,0
IDLB.US,D,20180515,000000,28.11,28.294,28.11,28.294,717,0
IDLB.US,D,20180516,000000,28.211,28.321,28.211,28.312,794,0
IDLB.US,D,20180517,000000,28.424,28.442,28.34,28.34,1161,0
IDLB.US,D,20180518,000000,28.339,28.468,28.192,28.192,5987,0
IDLB.US,D,20180521,000000,28.357,28.442,28.357,28.442,1619,0
IDLB.US,D,20180522,000000,28.415,28.681,28.376,28.681,4539,0
IDLB.US,D,20180523,000000,28.128,28.321,28.072,28.225,4514,0
IDLB.US,D,20180524,000000,28.01,28.275,28.01,28.11,3511,0
IDLB.US,D,20180525,000000,28.01,28.01,28.01,28.01,267,0
IDLB.US,D,20180529,000000,27.707,27.799,27.687,27.705,1810,0
IDLB.US,D,20180531,000000,28.101,28.101,27.87,27.922,2617,0
IDLB.US,D,20180601,000000,27.964,28.178,27.964,28.032,24309,0
IDLB.US,D,20180604,000000,28.42,28.42,28.173,28.173,847,0
IDLB.US,D,20180605,000000,28.192,28.225,28.182,28.218,1707,0
IDLB.US,D,20180606,000000,28.386,28.386,28.265,28.275,3236,0
IDLB.US,D,20180607,000000,28.339,28.339,28.206,28.312,822,0
IDLB.US,D,20180608,000000,28.154,28.299,28.154,28.299,1692,0
IDLB.US,D,20180611,000000,28.433,28.524,28.433,28.478,7260,0
IDLB.US,D,20180612,000000,28.433,28.551,28.256,28.256,12312,0
IDLB.US,D,20180613,000000,28.469,28.478,28.41,28.415,1682,0
IDLB.US,D,20180614,000000,28.405,28.405,28.294,28.294,657,0
IDLB.US,D,20180615,000000,28.173,28.173,28.018,28.023,1021,0
IDLB.US,D,20180618,000000,27.991,27.991,27.816,27.824,1069,0
IDLB.US,D,20180619,000000,27.627,27.627,27.46,27.508,4501,0
IDLB.US,D,20180620,000000,27.731,27.749,27.563,27.563,5153,0
IDLB.US,D,20180621,000000,27.508,27.554,27.441,27.47,14723,0
IDLB.US,D,20180622,000000,27.888,27.888,27.757,27.796,4910,0
IDLB.US,D,20180625,000000,27.615,27.656,27.405,27.405,4826,0
IDLB.US,D,20180626,000000,27.479,27.524,27.434,27.498,1196,0
IDLB.US,D,20180627,000000,27.563,27.563,27.172,27.172,4974,0
IDLB.US,D,20180628,000000,27.124,27.124,27.124,27.124,123,0
IDLB.US,D,20180629,000000,27.45,27.45,27.45,27.45,515,0
IDLB.US,D,20180702,000000,26.968,27.05,26.846,27.05,923,0
IDLB.US,D,20180703,000000,27.143,27.153,26.976,26.976,4493,0
IDLB.US,D,20180705,000000,27.133,27.133,26.983,27.048,4050,0
IDLB.US,D,20180706,000000,27.195,27.195,27.106,27.124,3297,0
IDLB.US,D,20180709,000000,27.386,27.428,27.386,27.395,1832,0
IDLB.US,D,20180710,000000,27.508,27.508,27.413,27.413,895,0
IDLB.US,D,20180711,000000,27.237,27.302,27.045,27.045,6765,0
IDLB.US,D,20180712,000000,27.069,27.165,27.059,27.111,5632,0
IDLB.US,D,20180713,000000,27.294,27.294,27.133,27.237,496,0
IDLB.US,D,20180716,000000,27.266,27.266,27.237,27.237,5462,0
IDLB.US,D,20180718,000000,27.246,27.487,27.246,27.487,4589,0
IDLB.US,D,20180719,000000,27.266,27.358,27.246,27.246,3133,0
IDLB.US,D,20180720,000000,27.417,27.417,27.417,27.417,797,0
IDLB.US,D,20180723,000000,27.302,27.441,27.274,27.434,25947,0
IDLB.US,D,20180724,000000,27.508,27.508,27.405,27.405,1879,0
IDLB.US,D,20180725,000000,27.553,27.684,27.553,27.617,1206,0
IDLB.US,D,20180726,000000,27.656,27.656,27.656,27.656,314,0
IDLB.US,D,20180727,000000,27.699,27.806,27.699,27.806,351,0
IDLB.US,D,20180731,000000,27.544,27.721,27.544,27.632,2269,0
IDLB.US,D,20180801,000000,27.434,27.434,27.415,27.415,3844,0
IDLB.US,D,20180802,000000,27.351,27.351,27.269,27.321,4457,0
IDLB.US,D,20180803,000000,27.237,27.386,27.237,27.386,2049,0
IDLB.US,D,20180806,000000,27.172,27.302,27.172,27.248,2791,0
IDLB.US,D,20180807,000000,27.46,27.479,27.46,27.479,1041,0
IDLB.US,D,20180808,000000,27.19,27.392,27.19,27.392,3006,0
IDLB.US,D,20180810,000000,27.05,27.05,26.987,26.987,848,0
IDLB.US,D,20180813,000000,26.959,26.959,26.707,26.707,2035,0
IDLB.US,D,20180814,000000,26.79,26.79,26.781,26.781,335,0
IDLB.US,D,20180815,000000,26.367,26.367,26.345,26.363,4344,0
IDLB.US,D,20180816,000000,26.391,26.544,26.391,26.518,3363,0
IDLB.US,D,20180817,000000,26.446,26.772,26.446,26.651,5418,0
IDLB.US,D,20180820,000000,26.874,26.883,26.752,26.752,2675,0
IDLB.US,D,20180821,000000,27.022,27.022,26.846,26.968,1364,0
IDLB.US,D,20180822,000000,27.133,27.133,27.133,27.133,372,0
IDLB.US,D,20180823,000000,27.05,27.05,27.003,27.013,2274,0
IDLB.US,D,20180824,000000,27.143,27.223,27.124,27.124,4240,0
IDLB.US,D,20180827,000000,27.47,27.524,27.425,27.519,4200,0
IDLB.US,D,20180828,000000,27.488,27.498,27.439,27.488,2536,0
IDLB.US,D,20180829,000000,27.386,27.554,27.386,27.554,2190,0
IDLB.US,D,20180831,000000,27.189,27.189,27.189,27.189,152,0
IDLB.US,D,20180904,000000,27.041,27.074,26.936,26.936,5823,0
IDLB.US,D,20180905,000000,26.772,26.772,26.725,26.745,6577,0
IDLB.US,D,20180906,000000,26.735,26.735,26.735,26.735,552,0
IDLB.US,D,20180907,000000,26.502,26.697,26.502,26.633,2504,0
IDLB.US,D,20180911,000000,26.623,26.735,26.623,26.735,1644,0
IDLB.US,D,20180912,000000,26.603,26.745,26.603,26.745,1440,0
IDLB.US,D,20180913,000000,26.915,26.915,26.915,26.915,665,0
IDLB.US,D,20180914,000000,26.92,27.069,26.883,26.883,592,0
IDLB.US,D,20180917,000000,27.209,27.209,27.032,27.124,2317,0
IDLB.US,D,20180918,000000,27.376,27.427,27.218,27.311,4715,0
IDLB.US,D,20180919,000000,27.386,27.479,27.341,27.341,33544,0
IDLB.US,D,20180920,000000,27.656,27.666,27.498,27.498,838,0
IDLB.US,D,20180924,000000,27.684,27.684,27.479,27.6,2751,0
IDLB.US,D,20180925,000000,27.787,27.787,27.608,27.608,1500,0
IDLB.US,D,20180926,000000,27.554,27.899,27.554,27.899,4189,0
IDLB.US,D,20181001,000000,27.667,27.684,27.508,27.508,5028,0
IDLB.US,D,20181002,000000,27.357,27.385,27.357,27.385,684,0
IDLB.US,D,20181003,000000,27.47,27.488,27.265,27.32,2205,0
IDLB.US,D,20181004,000000,26.996,27.011,26.996,27.001,761,0
IDLB.US,D,20181005,000000,26.751,26.851,26.751,26.851,6065,0
IDLB.US,D,20181008,000000,26.502,26.502,26.502,26.502,564,0
IDLB.US,D,20181009,000000,26.479,26.684,26.479,26.667,5763,0
IDLB.US,D,20181010,000000,26.162,26.162,26.125,26.125,1029,0
IDLB.US,D,20181011,000000,25.837,25.837,25.574,25.574,537,0
IDLB.US,D,20181012,000000,25.937,25.937,25.657,25.852,6888,0
IDLB.US,D,20181015,000000,25.852,25.872,25.713,25.713,9589,0
IDLB.US,D,20181016,000000,26.06,26.162,25.994,25.994,4886,0
IDLB.US,D,20181017,000000,26.06,26.06,26.05,26.05,256,0
IDLB.US,D,20181019,000000,25.852,25.852,25.837,25.845,685,0
IDLB.US,D,20181022,000000,25.827,25.827,25.602,25.602,5906,0
IDLB.US,D,20181023,000000,25.014,25.19,25.014,25.172,900,0
IDLB.US,D,20181024,000000,25.236,25.236,24.993,24.993,2787,0
IDLB.US,D,20181025,000000,25.04,25.04,24.947,24.947,1631,0
IDLB.US,D,20181026,000000,24.762,24.836,24.585,24.631,2535,0
IDLB.US,D,20181029,000000,24.836,24.836,24.667,24.667,5139,0
IDLB.US,D,20181030,000000,24.742,24.78,24.644,24.645,4034,0
IDLB.US,D,20181031,000000,25.18,25.18,25.18,25.18,142,0
IDLB.US,D,20181101,000000,25.182,25.439,25.162,25.177,6993,0
IDLB.US,D,20181102,000000,25.593,25.619,25.452,25.619,18828,0
IDLB.US,D,20181105,000000,25.517,25.652,25.461,25.461,1822,0
IDLB.US,D,20181106,000000,25.534,25.534,25.534,25.534,575,0
IDLB.US,D,20181107,000000,26.003,26.119,26.003,26.003,4954,0
IDLB.US,D,20181108,000000,25.891,26.06,25.891,26.003,3653,0
IDLB.US,D,20181109,000000,25.732,25.732,25.732,25.732,1116,0
IDLB.US,D,20181112,000000,25.283,25.283,25.283,25.283,2821,0
IDLB.US,D,20181113,000000,25.182,25.544,25.182,25.444,15425,0
IDLB.US,D,20181114,000000,25.657,25.677,25.416,25.416,1599,0
IDLB.US,D,20181115,000000,25.236,25.53,25.236,25.466,6968,0
IDLB.US,D,20181116,000000,25.487,25.492,25.479,25.483,2893,0
IDLB.US,D,20181119,000000,25.368,25.497,25.358,25.497,1881,0
IDLB.US,D,20181120,000000,25.172,25.21,24.98,25.104,30967,0
IDLB.US,D,20181121,000000,25.255,25.376,25.255,25.349,18306,0
IDLB.US,D,20181126,000000,25.502,25.502,25.502,25.502,132,0
IDLB.US,D,20181127,000000,25.487,25.487,25.368,25.368,502,0
IDLB.US,D,20181128,000000,25.629,25.667,25.564,25.564,2040,0
IDLB.US,D,20181129,000000,25.593,25.857,25.593,25.693,3616,0
IDLB.US,D,20181203,000000,25.891,26.087,25.817,26.06,50339,0
IDLB.US,D,20181204,000000,25.544,25.544,25.526,25.544,5733,0
IDLB.US,D,20181206,000000,25.09,25.19,24.861,25.19,543077,0
IDLB.US,D,20181207,000000,25.283,25.283,24.871,24.975,49266,0
IDLB.US,D,20181210,000000,24.852,24.909,24.574,24.909,45798,0
IDLB.US,D,20181211,000000,25.022,25.022,24.762,24.762,53596,0
IDLB.US,D,20181212,000000,25.283,25.283,25.166,25.244,4123,0
IDLB.US,D,20181213,000000,25.226,25.228,25.018,25.19,23496,0
IDLB.US,D,20181214,000000,24.919,24.919,24.857,24.857,1341,0
IDLB.US,D,20181217,000000,24.706,24.802,24.498,24.503,9663,0
IDLB.US,D,20181218,000000,24.8,24.8,24.695,24.695,6580,0
IDLB.US,D,20181219,000000,24.89,24.919,24.594,24.632,5342,0
IDLB.US,D,20181220,000000,24.474,24.489,24.264,24.417,7640,0
IDLB.US,D,20181221,000000,24.238,24.321,23.775,23.775,12860,0
IDLB.US,D,20181224,000000,23.762,23.762,23.762,23.762,261,0
IDLB.US,D,20181226,000000,23.789,24.286,23.789,24.286,6137,0
IDLB.US,D,20181227,000000,24.089,24.305,23.902,24.305,50999,0
IDLB.US,D,20181228,000000,24.25,24.522,24.25,24.503,9135,0
IDLB.US,D,20181231,000000,24.278,24.278,24.278,24.278,4469,0
IDLB.US,D,20190102,000000,24.232,24.448,24.232,24.306,1983,0
IDLB.US,D,20190103,000000,24.195,24.334,24.192,24.334,6801,0
IDLB.US,D,20190104,000000,24.498,24.869,24.498,24.834,11710,0
IDLB.US,D,20190107,000000,24.917,24.983,24.907,24.923,13542,0
IDLB.US,D,20190108,000000,24.955,24.996,24.955,24.996,2918,0
IDLB.US,D,20190109,000000,25.457,25.48,25.417,25.417,4817,0
IDLB.US,D,20190110,000000,25.377,25.471,25.236,25.339,5695,0
IDLB.US,D,20190111,000000,25.171,25.171,25.171,25.171,109,0
IDLB.US,D,20190114,000000,25.119,25.119,25.075,25.075,850,0
IDLB.US,D,20190115,000000,25.274,25.387,25.274,25.345,1748,0
IDLB.US,D,20190116,000000,25.489,25.509,25.311,25.41,1044,0
IDLB.US,D,20190117,000000,25.453,25.453,25.265,25.265,896,0
IDLB.US,D,20190118,000000,25.643,25.802,25.643,25.741,2105,0
IDLB.US,D,20190122,000000,25.536,25.536,25.283,25.417,2128,0
IDLB.US,D,20190123,000000,25.451,25.595,25.377,25.377,7226,0
IDLB.US,D,20190124,000000,25.489,25.687,25.48,25.553,4876,0
IDLB.US,D,20190125,000000,25.821,25.866,25.716,25.72,1926,0
IDLB.US,D,20190128,000000,25.706,25.745,25.611,25.745,4796,0
IDLB.US,D,20190129,000000,25.764,25.866,25.764,25.866,1423,0
IDLB.US,D,20190130,000000,25.725,26.1,25.725,26.1,2651,0
IDLB.US,D,20190131,000000,25.961,25.961,25.764,25.821,18592,0
IDLB.US,D,20190201,000000,25.851,25.887,25.772,25.857,4875,0
IDLB.US,D,20190204,000000,25.811,25.942,25.772,25.942,6866,0
IDLB.US,D,20190205,000000,26.092,26.093,26.046,26.046,6221,0
IDLB.US,D,20190206,000000,25.957,26.1,25.84,25.856,5886,0
IDLB.US,D,20190207,000000,25.631,25.716,25.576,25.716,6264,0
IDLB.US,D,20190208,000000,25.402,25.471,25.397,25.471,13195,0
IDLB.US,D,20190211,000000,25.556,25.556,25.407,25.407,5423,0
IDLB.US,D,20190212,000000,25.68,25.716,25.68,25.716,763,0
IDLB.US,D,20190213,000000,25.84,25.898,25.764,25.764,11418,0
IDLB.US,D,20190214,000000,25.755,25.87,25.735,25.802,8410,0
IDLB.US,D,20190215,000000,25.876,26.046,25.876,25.989,8217,0
IDLB.US,D,20190219,000000,26.1,26.251,26.064,26.251,52824,0
IDLB.US,D,20190220,000000,26.318,26.432,26.308,26.308,39548,0
IDLB.US,D,20190221,000000,26.196,26.223,26.177,26.205,69528,0
IDLB.US,D,20190222,000000,26.28,26.327,26.28,26.318,21945,0
IDLB.US,D,20190225,000000,26.412,26.412,26.355,26.355,10473,0
IDLB.US,D,20190226,000000,26.468,26.495,26.422,26.495,6463,0
IDLB.US,D,20190227,000000,26.504,26.504,26.355,26.355,11292,0
IDLB.US,D,20190228,000000,26.309,26.309,26.309,26.309,287,0
IDLB.US,D,20190301,000000,26.412,26.412,26.233,26.233,38281,0
IDLB.US,D,20190304,000000,26.553,26.558,26.298,26.327,38301,0
IDLB.US,D,20190305,000000,26.27,26.344,26.223,26.342,61013,0
IDLB.US,D,20190306,000000,26.308,26.308,26.223,26.261,30973,0
IDLB.US,D,20190307,000000,26.036,26.1,26.024,26.1,4916,0
IDLB.US,D,20190308,000000,25.725,25.933,25.725,25.831,5098,0
IDLB.US,D,20190311,000000,26.036,26.153,26.036,26.064,39922,0
IDLB.US,D,20190312,000000,26.14,26.14,26.11,26.11,1925,0
IDLB.US,D,20190313,000000,26.393,26.393,26.243,26.343,7982,0
IDLB.US,D,20190314,000000,26.148,26.186,26.148,26.186,2034,0
IDLB.US,D,20190315,000000,26.495,26.577,26.403,26.477,22979,0
IDLB.US,D,20190318,000000,26.686,26.686,26.543,26.543,12247,0
IDLB.US,D,20190319,000000,26.668,26.668,26.515,26.533,22826,0
IDLB.US,D,20190320,000000,26.505,26.675,26.449,26.553,23501,0
IDLB.US,D,20190321,000000,26.535,26.614,26.535,26.614,6212,0
IDLB.US,D,20190322,000000,26.437,26.437,26.261,26.327,92012,0
IDLB.US,D,20190325,000000,26.228,26.266,26.205,26.205,80553,0
IDLB.US,D,20190326,000000,26.515,26.533,26.432,26.432,77766,0
IDLB.US,D,20190327,000000,26.337,26.397,26.337,26.397,4864,0
IDLB.US,D,20190328,000000,26.215,26.34,26.215,26.298,4096,0
IDLB.US,D,20190329,000000,26.422,26.44,26.347,26.384,3203,0
IDLB.US,D,20190401,000000,26.628,26.7,26.628,26.684,26224,0
IDLB.US,D,20190402,000000,26.575,26.646,26.533,26.582,17456,0
IDLB.US,D,20190403,000000,26.751,26.836,26.751,26.795,180425,0
IDLB.US,D,20190404,000000,26.694,26.694,26.666,26.694,23266,0
IDLB.US,D,20190405,000000,26.675,26.675,26.656,26.675,5027,0
IDLB.US,D,20190408,000000,26.618,26.649,26.599,26.646,45400,0
IDLB.US,D,20190409,000000,26.522,26.589,26.522,26.589,1921,0
IDLB.US,D,20190410,000000,26.646,26.656,26.646,26.656,21206,0
IDLB.US,D,20190411,000000,26.599,26.599,26.495,26.582,39345,0
IDLB.US,D,20190412,000000,26.731,26.763,26.731,26.733,4195,0
IDLB.US,D,20190415,000000,26.863,26.863,26.78,26.78,4525,0
IDLB.US,D,20190416,000000,26.836,26.87,26.817,26.87,2227,0
IDLB.US,D,20190417,000000,26.827,26.827,26.827,26.827,256,0
IDLB.US,D,20190418,000000,26.722,26.731,26.675,26.713,74079,0
IDLB.US,D,20190422,000000,26.638,26.693,26.638,26.656,95960,0
IDLB.US,D,20190423,000000,26.638,26.725,26.638,26.713,19895,0
IDLB.US,D,20190424,000000,26.543,26.553,26.468,26.468,27551,0
IDLB.US,D,20190425,000000,26.486,26.519,26.486,26.515,102454,0
IDLB.US,D,20190426,000000,26.543,26.599,26.543,26.548,41398,0
IDLB.US,D,20190429,000000,26.656,26.76,26.646,26.703,179042,0
IDLB.US,D,20190430,000000,26.638,26.698,26.618,26.661,12240,0
IDLB.US,D,20190501,000000,26.703,26.744,26.572,26.572,12107,0
IDLB.US,D,20190502,000000,26.578,26.578,26.412,26.448,5929,0
IDLB.US,D,20190503,000000,26.608,26.628,26.572,26.603,8555,0
IDLB.US,D,20190506,000000,26.337,26.468,26.327,26.448,3662,0
IDLB.US,D,20190507,000000,26.243,26.277,26.233,26.233,2006,0
IDLB.US,D,20190508,000000,26.205,26.223,26.186,26.223,2623,0
IDLB.US,D,20190509,000000,25.83,25.913,25.82,25.913,63920,0
IDLB.US,D,20190510,000000,25.97,26.129,25.865,26.129,14665,0
IDLB.US,D,20190513,000000,25.611,25.611,25.611,25.611,25731,0
IDLB.US,D,20190514,000000,25.744,25.851,25.744,25.848,40131,0
IDLB.US,D,20190515,000000,25.82,25.83,25.781,25.83,6358,0
IDLB.US,D,20190516,000000,26.073,26.158,26.064,26.143,36297,0
IDLB.US,D,20190517,000000,25.923,25.961,25.923,25.932,1424,0
IDLB.US,D,20190520,000000,25.734,25.941,25.734,25.941,6652,0
IDLB.US,D,20190521,000000,25.839,25.839,25.839,25.839,921,0
IDLB.US,D,20190522,000000,25.855,25.875,25.855,25.875,38268,0
IDLB.US,D,20190523,000000,25.648,25.781,25.648,25.669,8725,0
IDLB.US,D,20190524,000000,25.97,26.025,25.885,25.97,38306,0
IDLB.US,D,20190528,000000,25.917,25.923,25.913,25.914,3776,0
IDLB.US,D,20190529,000000,25.585,25.603,25.535,25.603,10854,0
IDLB.US,D,20190530,000000,25.679,25.679,25.649,25.679,53819,0
IDLB.US,D,20190531,000000,25.518,25.678,25.508,25.575,4478,0
IDLB.US,D,20190603,000000,25.726,25.726,25.726,25.726,894,0
IDLB.US,D,20190604,000000,25.894,25.904,25.894,25.904,6591,0
IDLB.US,D,20190605,000000,25.998,25.998,25.998,25.998,6306,0
IDLB.US,D,20190606,000000,26.054,26.109,26.035,26.035,3364,0
IDLB.US,D,20190607,000000,26.347,26.422,26.308,26.422,11539,0
IDLB.US,D,20190610,000000,26.572,26.572,26.365,26.453,4075,0
IDLB.US,D,20190611,000000,26.525,26.525,26.453,26.453,1179,0
IDLB.US,D,20190612,000000,26.347,26.393,26.347,26.347,6397,0
IDLB.US,D,20190613,000000,26.384,26.43,26.28,26.366,6904,0
IDLB.US,D,20190614,000000,26.233,26.233,26.186,26.186,43161,0
IDLB.US,D,20190617,000000,26.214,26.242,26.177,26.242,2181,0
IDLB.US,D,20190618,000000,26.347,26.432,26.347,26.407,53228,0
IDLB.US,D,20190619,000000,26.412,26.646,26.412,26.599,16556,0
IDLB.US,D,20190620,000000,26.769,26.841,26.741,26.788,43413,0
IDLB.US,D,20190621,000000,26.722,26.722,26.608,26.713,67852,0
IDLB.US,D,20190624,000000,26.847,26.847,26.703,26.703,14481,0
IDLB.US,D,20190625,000000,26.817,26.817,26.541,26.541,13940,0
IDLB.US,D,20190626,000000,26.684,26.684,26.58,26.632,37706,0
IDLB.US,D,20190627,000000,26.589,26.617,26.589,26.607,25010,0
IDLB.US,D,20190628,000000,26.665,26.734,26.665,26.734,3543,0
IDLB.US,D,20190701,000000,26.912,26.912,26.77,26.877,50388,0
IDLB.US,D,20190702,000000,26.865,26.96,26.865,26.903,26485,0
IDLB.US,D,20190703,000000,27.112,27.112,27.112,27.112,153,0
IDLB.US,D,20190708,000000,26.722,26.723,26.722,26.723,679,0
IDLB.US,D,20190709,000000,26.617,26.617,26.617,26.617,632,0
IDLB.US,D,20190710,000000,26.78,26.78,26.684,26.731,48657,0
IDLB.US,D,20190711,000000,26.919,26.919,26.646,26.684,9767,0
IDLB.US,D,20190712,000000,26.694,26.78,26.694,26.77,15611,0
IDLB.US,D,20190715,000000,26.808,26.808,26.751,26.751,6264,0
IDLB.US,D,20190716,000000,26.722,26.722,26.67,26.67,2850,0
IDLB.US,D,20190717,000000,26.607,26.661,26.607,26.661,4962,0
IDLB.US,D,20190718,000000,26.493,26.646,26.483,26.646,18654,0
IDLB.US,D,20190719,000000,26.627,26.712,26.627,26.712,2033,0
IDLB.US,D,20190722,000000,26.561,26.561,26.531,26.531,13630,0
IDLB.US,D,20190723,000000,26.607,26.665,26.607,26.655,13385,0
IDLB.US,D,20190724,000000,26.741,26.741,26.741,26.741,275,0
IDLB.US,D,20190725,000000,26.589,26.589,26.551,26.561,84259,0
IDLB.US,D,20190726,000000,26.512,26.512,26.474,26.474,2148,0
IDLB.US,D,20190729,000000,26.483,26.512,26.483,26.512,53231,0
IDLB.US,D,20190730,000000,26.355,26.355,26.265,26.265,24578,0
IDLB.US,D,20190731,000000,26.353,26.353,26.085,26.085,2159,0
IDLB.US,D,20190801,000000,26.093,26.291,26.075,26.075,10122,0
IDLB.US,D,20190802,000000,25.854,25.963,25.854,25.906,1645,0
IDLB.US,D,20190805,000000,25.464,25.464,25.321,25.331,34475,0
IDLB.US,D,20190806,000000,25.492,25.549,25.464,25.549,1740,0
IDLB.US,D,20190807,000000,25.53,25.692,25.473,25.684,12950,0
IDLB.US,D,20190808,000000,25.847,26.026,25.808,25.923,36337,0
IDLB.US,D,20190809,000000,25.751,25.81,25.702,25.731,13286,0
IDLB.US,D,20190812,000000,25.616,25.675,25.482,25.482,10365,0
IDLB.US,D,20190814,000000,25.235,25.238,25.1,25.1,8084,0
IDLB.US,D,20190815,000000,25.188,25.196,25.091,25.12,11363,0
IDLB.US,D,20190816,000000,25.311,25.464,25.311,25.446,13955,0
IDLB.US,D,20190819,000000,25.599,25.636,25.59,25.59,1641,0
IDLB.US,D,20190820,000000,25.608,25.625,25.57,25.578,7612,0
IDLB.US,D,20190821,000000,25.702,25.761,25.702,25.721,9430,0
IDLB.US,D,20190822,000000,25.676,25.684,25.608,25.616,13218,0
IDLB.US,D,20190823,000000,25.616,25.751,25.398,25.398,24539,0
IDLB.US,D,20190826,000000,25.446,25.563,25.446,25.563,14784,0
IDLB.US,D,20190827,000000,25.63,25.641,25.63,25.641,781,0
IDLB.US,D,20190828,000000,25.502,25.581,25.502,25.581,52988,0
IDLB.US,D,20190830,000000,25.794,25.794,25.794,25.794,153,0
IDLB.US,D,20190903,000000,25.702,25.702,25.702,25.702,2860,0
IDLB.US,D,20190904,000000,25.951,26.018,25.932,25.932,22496,0
IDLB.US,D,20190905,000000,26.161,26.17,26.065,26.065,9603,0
IDLB.US,D,20190906,000000,26.161,26.208,26.161,26.189,1025,0
IDLB.US,D,20190909,000000,26.237,26.237,26.18,26.198,13794,0
IDLB.US,D,20190910,000000,26.151,26.252,26.12,26.131,6792,0
IDLB.US,D,20190911,000000,26.303,26.347,26.303,26.347,40169,0
IDLB.US,D,20190912,000000,26.503,26.589,26.502,26.589,15845,0
IDLB.US,D,20190916,000000,26.513,26.513,26.493,26.493,8977,0
IDLB.US,D,20190917,000000,26.57,26.57,26.531,26.57,10118,0
IDLB.US,D,20190918,000000,26.551,26.57,26.458,26.458,4690,0
IDLB.US,D,20190919,000000,26.722,26.722,26.694,26.703,16940,0
IDLB.US,D,20190920,000000,26.65,26.655,26.642,26.642,5388,0
IDLB.US,D,20190923,000000,26.598,26.598,26.482,26.53,13335,0
IDLB.US,D,20190924,000000,26.618,26.63,26.54,26.569,4190,0
IDLB.US,D,20190925,000000,26.482,26.5,26.396,26.5,4650,0
IDLB.US,D,20190926,000000,26.54,26.555,26.54,26.555,25544,0
IDLB.US,D,20190927,000000,26.472,26.472,26.299,26.357,41491,0
IDLB.US,D,20190930,000000,26.444,26.472,26.425,26.444,10215,0
IDLB.US,D,20191001,000000,26.29,26.314,26.29,26.314,926,0
IDLB.US,D,20191002,000000,25.933,25.971,25.924,25.971,16065,0
IDLB.US,D,20191003,000000,26.039,26.127,26.039,26.095,1692,0
IDLB.US,D,20191004,000000,26.203,26.25,26.194,26.242,24730,0
IDLB.US,D,20191007,000000,26.27,26.27,26.213,26.213,10253,0
IDLB.US,D,20191008,000000,26.029,26.139,26.029,26.139,1250,0
IDLB.US,D,20191009,000000,26.155,26.184,26.135,26.184,2432,0
IDLB.US,D,20191010,000000,26.203,26.26,26.203,26.232,28799,0
IDLB.US,D,20191011,000000,26.617,26.617,26.617,26.617,6037,0
IDLB.US,D,20191015,000000,26.781,26.781,26.781,26.781,1089,0
IDLB.US,D,20191016,000000,26.723,26.748,26.695,26.748,895,0
IDLB.US,D,20191017,000000,26.849,26.849,26.732,26.781,18656,0
IDLB.US,D,20191018,000000,26.695,26.773,26.695,26.732,26521,0
IDLB.US,D,20191021,000000,26.887,26.941,26.887,26.897,940,0
IDLB.US,D,20191022,000000,26.964,26.964,26.878,26.885,14827,0
IDLB.US,D,20191023,000000,26.878,26.878,26.878,26.878,3051,0
IDLB.US,D,20191024,000000,26.905,26.953,26.905,26.953,901,0
IDLB.US,D,20191025,000000,26.905,26.905,26.878,26.905,4419,0
IDLB.US,D,20191028,000000,26.964,26.992,26.935,26.935,29845,0
IDLB.US,D,20191029,000000,26.905,26.99,26.905,26.935,9887,0
IDLB.US,D,20191030,000000,26.905,26.935,26.887,26.935,3952,0
IDLB.US,D,20191031,000000,26.915,27.014,26.915,26.959,2620,0
IDLB.US,D,20191101,000000,27.341,27.341,27.186,27.249,4061,0
IDLB.US,D,20191104,000000,27.321,27.341,27.302,27.311,17823,0
IDLB.US,D,20191105,000000,27.273,27.273,27.215,27.258,3374,0
IDLB.US,D,20191106,000000,27.297,27.297,27.225,27.273,22423,0
IDLB.US,D,20191107,000000,27.388,27.429,27.378,27.378,26253,0
IDLB.US,D,20191108,000000,27.225,27.292,27.225,27.273,12075,0
IDLB.US,D,20191111,000000,27.273,27.273,27.253,27.253,3468,0
IDLB.US,D,20191112,000000,27.263,27.263,27.263,27.263,2465,0
IDLB.US,D,20191113,000000,27.167,27.196,27.147,27.147,16772,0
IDLB.US,D,20191114,000000,27.108,27.117,27.06,27.117,227952,0
IDLB.US,D,20191115,000000,27.341,27.341,27.321,27.321,3704,0
IDLB.US,D,20191118,000000,27.253,27.44,27.253,27.393,2598,0
IDLB.US,D,20191119,000000,27.398,27.398,27.378,27.378,696,0
IDLB.US,D,20191120,000000,27.302,27.366,27.253,27.282,8312,0
IDLB.US,D,20191121,000000,27.225,27.225,27.186,27.223,1554,0
IDLB.US,D,20191122,000000,27.186,27.273,27.157,27.253,28075,0
IDLB.US,D,20191125,000000,27.398,27.398,27.394,27.394,792,0
IDLB.US,D,20191126,000000,27.398,27.446,27.382,27.428,26315,0
IDLB.US,D,20191127,000000,27.476,27.49,27.412,27.49,4642,0
IDLB.US,D,20191129,000000,27.388,27.388,27.388,27.388,515,0
IDLB.US,D,20191202,000000,27.253,27.253,27.095,27.138,870,0
IDLB.US,D,20191203,000000,26.974,27.1,26.974,27.085,5924,0
IDLB.US,D,20191204,000000,27.337,27.337,27.311,27.311,1364,0
IDLB.US,D,20191205,000000,27.302,27.341,27.253,27.33,30230,0
IDLB.US,D,20191206,000000,27.398,27.557,27.398,27.518,2690,0
IDLB.US,D,20191209,000000,27.428,27.456,27.408,27.408,10313,0
IDLB.US,D,20191210,000000,27.307,27.418,27.307,27.408,10851,0
IDLB.US,D,20191211,000000,27.437,27.553,27.437,27.553,22383,0
IDLB.US,D,20191212,000000,27.669,27.672,27.495,27.672,36255,0
IDLB.US,D,20191213,000000,27.669,27.708,27.669,27.708,24259,0
IDLB.US,D,20191216,000000,27.824,27.881,27.824,27.881,9408,0
IDLB.US,D,20191217,000000,27.814,27.834,27.814,27.834,2003,0
IDLB.US,D,20191218,000000,27.717,27.731,27.669,27.731,46094,0
IDLB.US,D,20191219,000000,27.708,27.717,27.64,27.717,12380,0
IDLB.US,D,20191220,000000,27.794,27.827,27.746,27.794,33047,0
IDLB.US,D,20191223,000000,27.979,27.979,27.794,27.794,27360,0
IDLB.US,D,20191226,000000,27.879,27.883,27.861,27.883,776,0
IDLB.US,D,20191227,000000,28.066,28.066,27.871,27.974,15365,0
IDLB.US,D,20191230,000000,27.955,27.955,27.848,27.848,334,0
IDLB.US,D,20200102,000000,27.998,28.033,27.988,28.033,2984,0
IDLB.US,D,20200103,000000,27.745,27.94,27.745,27.764,5847,0
IDLB.US,D,20200106,000000,27.764,27.794,27.716,27.794,3072,0
IDLB.US,D,20200107,000000,27.755,27.848,27.755,27.848,1629,0
IDLB.US,D,20200108,000000,27.844,27.844,27.764,27.787,3548,0
IDLB.US,D,20200109,000000,27.79,27.867,27.789,27.867,1275,0
IDLB.US,D,20200110,000000,27.88,27.88,27.755,27.843,5537,0
IDLB.US,D,20200113,000000,27.834,27.993,27.834,27.993,941,0
IDLB.US,D,20200114,000000,27.92,27.94,27.911,27.92,12666,0
IDLB.US,D,20200115,000000,27.988,28.034,27.949,28.028,8061,0
IDLB.US,D,20200116,000000,28.183,28.183,28.046,28.107,26721,0
IDLB.US,D,20200121,000000,27.979,27.979,27.949,27.949,9768,0
IDLB.US,D,20200122,000000,28.056,28.056,27.969,28.018,11261,0
IDLB.US,D,20200123,000000,27.881,27.925,27.804,27.925,1346,0
IDLB.US,D,20200124,000000,27.94,27.94,27.852,27.877,49106,0
IDLB.US,D,20200127,000000,27.354,27.354,27.296,27.306,5625,0
IDLB.US,D,20200129,000000,27.56,27.56,27.433,27.433,5425,0
IDLB.US,D,20200130,000000,27.159,27.467,27.159,27.467,4987,0
IDLB.US,D,20200131,000000,27.286,27.286,27.032,27.084,16217,0
IDLB.US,D,20200203,000000,27.227,27.286,27.149,27.183,868,0
IDLB.US,D,20200204,000000,27.51,27.622,27.51,27.54,14625,0
IDLB.US,D,20200205,000000,27.735,27.779,27.735,27.779,192,0
IDLB.US,D,20200206,000000,27.794,27.834,27.755,27.812,2298,0
IDLB.US,D,20200207,000000,27.608,27.608,27.608,27.608,131,0
IDLB.US,D,20200210,000000,27.569,27.652,27.569,27.652,5397,0
IDLB.US,D,20200211,000000,27.794,27.804,27.794,27.804,475,0
IDLB.US,D,20200212,000000,27.794,27.829,27.774,27.829,6590,0
IDLB.US,D,20200213,000000,27.628,27.716,27.608,27.692,10582,0
IDLB.US,D,20200214,000000,27.618,27.618,27.618,27.618,217,0
IDLB.US,D,20200218,000000,27.497,27.569,27.383,27.462,11931,0
IDLB.US,D,20200219,000000,27.51,27.525,27.51,27.525,4219,0
IDLB.US,D,20200220,000000,27.335,27.335,27.159,27.159,661,0
IDLB.US,D,20200221,000000,27.066,27.101,27.051,27.101,4212,0
IDLB.US,D,20200224,000000,26.276,26.276,26.086,26.086,5894,0
IDLB.US,D,20200225,000000,26.056,26.096,25.833,25.859,10032,0
IDLB.US,D,20200226,000000,25.95,26.066,25.881,25.881,3942,0
IDLB.US,D,20200227,000000,25.489,25.666,25.098,25.098,2220,0
IDLB.US,D,20200228,000000,24.514,24.758,24.504,24.633,5503,0
IDLB.US,D,20200302,000000,25.128,25.326,25.079,25.326,1381,0
IDLB.US,D,20200303,000000,25.676,25.676,25.079,25.254,9242,0
IDLB.US,D,20200304,000000,25.442,25.775,25.442,25.775,2816,0
IDLB.US,D,20200305,000000,25.249,25.306,25.249,25.306,230,0
IDLB.US,D,20200306,000000,24.855,24.855,24.759,24.789,20953,0
IDLB.US,D,20200309,000000,23.813,23.813,23.451,23.469,3194,0
IDLB.US,D,20200310,000000,23.518,23.743,23.508,23.538,2253,0
IDLB.US,D,20200311,000000,23.362,23.372,23.043,23.043,3093,0
IDLB.US,D,20200312,000000,20.992,21.216,20.347,20.659,11506,0
IDLB.US,D,20200313,000000,21.089,21.616,20.591,21.616,7650,0
IDLB.US,D,20200316,000000,19.538,19.625,19.43,19.439,15868,0
IDLB.US,D,20200317,000000,19.889,20.444,19.845,20.37,12340,0
IDLB.US,D,20200318,000000,19.81,19.914,19.42,19.585,3518,0
IDLB.US,D,20200319,000000,20.06,20.143,19.586,19.819,7321,0
IDLB.US,D,20200320,000000,20.308,20.308,19.41,19.657,30438,0
IDLB.US,D,20200323,000000,19.337,19.432,18.038,18.883,26377,0
IDLB.US,D,20200324,000000,20.358,20.358,20.073,20.073,5318,0
IDLB.US,D,20200325,000000,20.546,21.136,20.546,20.92,6253,0
IDLB.US,D,20200326,000000,21.815,21.883,21.735,21.815,12461,0
IDLB.US,D,20200327,000000,21.352,21.716,21.352,21.539,9705,0
IDLB.US,D,20200330,000000,21.765,21.903,21.755,21.903,1566,0
IDLB.US,D,20200331,000000,21.893,21.893,21.637,21.778,6767,0
IDLB.US,D,20200401,000000,21.166,21.166,20.92,20.92,8526,0
IDLB.US,D,20200402,000000,21.186,21.186,21.077,21.087,3943,0
IDLB.US,D,20200403,000000,20.654,20.717,20.605,20.717,6203,0
IDLB.US,D,20200406,000000,21.47,21.599,21.46,21.589,9521,0
IDLB.US,D,20200407,000000,21.922,21.952,21.922,21.952,915,0
IDLB.US,D,20200408,000000,21.952,22.051,21.815,21.992,15637,0
IDLB.US,D,20200409,000000,22.532,22.532,22.365,22.425,1043,0
IDLB.US,D,20200413,000000,22.335,22.335,22.277,22.325,1629,0
IDLB.US,D,20200414,000000,22.719,22.799,22.709,22.739,3123,0
IDLB.US,D,20200415,000000,22.179,22.412,22.179,22.237,5130,0
IDLB.US,D,20200416,000000,22.198,22.237,22.119,22.179,4126,0
IDLB.US,D,20200417,000000,22.602,22.602,22.473,22.572,21085,0
IDLB.US,D,20200420,000000,22.585,22.585,22.496,22.496,103,0
IDLB.US,D,20200421,000000,22.266,22.266,22.051,22.12,3952,0
IDLB.US,D,20200422,000000,22.395,22.478,22.395,22.478,4898,0
IDLB.US,D,20200423,000000,22.795,22.795,22.512,22.532,1305,0
IDLB.US,D,20200424,000000,22.592,22.734,22.592,22.734,1160,0
IDLB.US,D,20200427,000000,22.839,22.956,22.839,22.956,6591,0
IDLB.US,D,20200428,000000,23.288,23.298,23.142,23.192,6891,0
IDLB.US,D,20200429,000000,23.595,23.676,23.595,23.676,28012,0
IDLB.US,D,20200430,000000,23.338,23.348,23.152,23.152,690,0
IDLB.US,D,20200501,000000,22.819,22.848,22.69,22.69,250276,0
IDLB.US,D,20200504,000000,22.68,22.745,22.562,22.745,5897,0
IDLB.US,D,20200505,000000,22.906,22.906,22.896,22.901,2446,0
IDLB.US,D,20200511,000000,23.318,23.378,23.318,23.378,280,0
IDLB.US,D,20200512,000000,23.423,23.461,23.197,23.197,3500,0
IDLB.US,D,20200513,000000,23.202,23.202,23.006,23.006,1970,0
IDLB.US,D,20200514,000000,22.651,22.896,22.651,22.896,676,0
IDLB.US,D,20200515,000000,22.819,22.896,22.819,22.896,3063,0
IDLB.US,D,20200519,000000,23.448,23.448,23.448,23.448,205,0
IDLB.US,D,20200522,000000,23.343,23.418,23.343,23.418,364,0
IDLB.US,D,20200526,000000,24.057,24.085,24.057,24.085,5271,0
IDLB.US,D,20200527,000000,24.039,24.049,24.039,24.049,229,0
IDLB.US,D,20200528,000000,24.215,24.352,24.215,24.342,1188,0
IDLB.US,D,20200529,000000,24.165,24.367,24.125,24.367,1517,0
IDLB.US,D,20200601,000000,24.734,24.734,24.686,24.686,307,0
IDLB.US,D,20200602,000000,24.992,25.002,24.912,24.912,2304,0
IDLB.US,D,20200604,000000,25.237,25.237,25.208,25.208,205,0
IDLB.US,D,20200608,000000,25.759,25.781,25.759,25.781,103,0
IDLB.US,D,20200609,000000,25.434,25.647,25.434,25.647,5752,0
IDLB.US,D,20200610,000000,25.709,25.729,25.572,25.631,8784,0
IDLB.US,D,20200611,000000,25.067,25.067,24.696,24.696,1942,0
IDLB.US,D,20200612,000000,24.736,24.736,24.479,24.569,519,0
IDLB.US,D,20200615,000000,24.736,24.736,24.736,24.736,366,0
IDLB.US,D,20200616,000000,24.962,25.078,24.962,24.968,6872,0
IDLB.US,D,20200617,000000,25.139,25.139,25.088,25.123,880,0
IDLB.US,D,20200618,000000,24.962,25.021,24.942,25.021,1357,0
IDLB.US,D,20200619,000000,25.012,25.012,24.922,24.922,308,0
IDLB.US,D,20200622,000000,25.037,25.037,24.988,24.998,1269,0
IDLB.US,D,20200623,000000,25.195,25.224,25.195,25.224,319,0
IDLB.US,D,20200624,000000,24.918,24.918,24.535,24.535,1028,0
IDLB.US,D,20200625,000000,24.682,24.859,24.663,24.859,246,0
IDLB.US,D,20200626,000000,24.595,24.595,24.525,24.525,222,0
IDLB.US,D,20200629,000000,24.485,24.655,24.485,24.655,813,0
IDLB.US,D,20200630,000000,24.447,24.595,24.447,24.595,1870,0
IDLB.US,D,20200701,000000,24.495,24.697,24.495,24.697,763,0
IDLB.US,D,20200708,000000,24.948,25.066,24.948,25.066,4067,0
IDLB.US,D,20200710,000000,24.85,24.998,24.85,24.998,534,0
IDLB.US,D,20200713,000000,25.336,25.336,25.336,25.336,270,0
IDLB.US,D,20200716,000000,25.322,25.322,25.282,25.292,474,0
IDLB.US,D,20200723,000000,25.589,25.589,25.421,25.426,4565,0
IDLB.US,D,20200729,000000,25.806,25.806,25.806,25.806,209,0
IDLB.US,D,20200730,000000,25.519,25.519,25.302,25.302,508,0
IDLB.US,D,20200731,000000,25.205,25.205,25.163,25.163,880,0
IDLB.US,D,20200803,000000,25.352,25.499,25.352,25.499,406,0
IDLB.US,D,20200805,000000,25.993,25.993,25.993,25.993,358,0
IDLB.US,D,20200806,000000,25.854,25.943,25.854,25.943,555,0
IDLB.US,D,20200807,000000,25.902,25.951,25.902,25.951,188,0
IDLB.US,D,20200810,000000,26.081,26.1,26.081,26.1,309,0
IDLB.US,D,20200811,000000,26.327,26.357,26.1,26.1,2603,0
IDLB.US,D,20200812,000000,26.503,26.681,26.503,26.668,1276,0
IDLB.US,D,20200813,000000,26.543,26.583,26.484,26.583,538,0
IDLB.US,D,20200817,000000,26.583,26.618,26.396,26.618,5246,0
IDLB.US,D,20200818,000000,26.494,26.494,26.484,26.484,5705,0
IDLB.US,D,20200819,000000,26.573,26.573,26.445,26.445,207,0
IDLB.US,D,20200820,000000,26.307,26.307,26.307,26.307,113,0
IDLB.US,D,20200821,000000,26.229,26.229,26.229,26.229,495,0
IDLB.US,D,20200824,000000,26.533,26.533,26.533,26.533,409,0
IDLB.US,D,20200826,000000,26.707,26.72,26.681,26.705,1213,0
IDLB.US,D,20200827,000000,26.426,26.426,26.425,26.425,203,0
IDLB.US,D,20200831,000000,26.573,26.573,26.573,26.573,205,0
IDLB.US,D,20200901,000000,26.533,26.588,26.533,26.555,406,0
IDLB.US,D,20200903,000000,26.71,26.71,26.229,26.284,2947,0
IDLB.US,D,20200904,000000,26.258,26.368,26.229,26.368,1904,0
IDLB.US,D,20200911,000000,26.406,26.411,26.337,26.411,656,0
IDLB.US,D,20200914,000000,26.583,26.65,26.583,26.65,203,0
IDLB.US,D,20200915,000000,26.73,26.752,26.671,26.752,2671,0
IDLB.US,D,20200921,000000,26.392,26.392,26.392,26.392,103,0
IDLB.US,D,20200924,000000,26.136,26.217,26.136,26.197,533,0
IDLB.US,D,20200925,000000,26.068,26.235,26.068,26.235,556,0
IDLB.US,D,20200930,000000,26.52,26.52,26.52,26.52,206,0
IDLB.US,D,20201001,000000,26.619,26.619,26.58,26.619,3531,0
IDLB.US,D,20201002,000000,26.619,26.619,26.619,26.619,269,0
IDLB.US,D,20201005,000000,26.797,26.965,26.797,26.965,203,0
IDLB.US,D,20201007,000000,26.737,26.737,26.737,26.737,124,0
IDLB.US,D,20201013,000000,26.944,26.979,26.944,26.979,391,0
IDLB.US,D,20201016,000000,26.719,26.719,26.69,26.69,536,0
IDLB.US,D,20201023,000000,26.636,26.688,26.636,26.688,104,0
IDLB.US,D,20201028,000000,25.882,25.882,25.815,25.815,326,0
IDLB.US,D,20201103,000000,26.402,26.461,26.392,26.402,815,0
IDLB.US,D,20201109,000000,28.008,28.011,28.008,28.011,246,0
IDLB.US,D,20201111,000000,27.761,27.761,27.761,27.761,110,0
IDLB.US,D,20201113,000000,27.88,27.906,27.88,27.906,170,0
IDLB.US,D,20201118,000000,28.107,28.107,28.087,28.107,511,0
IDLB.US,D,20201119,000000,28.097,28.13,28.097,28.117,645,0
IDLB.US,D,20201123,000000,28.342,28.342,28.215,28.215,340,0
IDLB.US,D,20201201,000000,28.422,28.592,28.422,28.592,1218,0
IDLB.US,D,20201202,000000,28.461,28.461,28.461,28.461,233,0
IDLB.US,D,20201209,000000,28.698,28.698,28.607,28.607,465,0
IDLB.US,D,20201211,000000,28.698,28.796,28.698,28.796,1,0
IDLB.US,D,20201215,000000,28.875,28.974,28.875,28.974,1472,0
IDLB.US,D,20201216,000000,28.973,29.085,28.973,29.085,461,0
IDLB.US,D,20201217,000000,29.215,29.215,29.202,29.202,137,0
IDLB.US,D,20201218,000000,29.15,29.216,29.15,29.216,277,0
IDLB.US,D,20201221,000000,28.695,28.695,28.695,28.695,581,0
IDLB.US,D,20201222,000000,28.616,28.725,28.596,28.725,1893,0
IDLB.US,D,20201224,000000,28.932,28.932,28.932,28.932,2,0
IDLB.US,D,20201228,000000,29.19,29.19,29.135,29.135,878,0
IDLB.US,D,20201230,000000,29.556,29.556,29.556,29.556,3,0
IDLB.US,D,20201231,000000,29.626,29.626,29.626,29.626,4,0
IDLB.US,D,20210104,000000,29.329,29.329,29.329,29.329,145,0
IDLB.US,D,20210105,000000,29.596,29.749,29.596,29.749,1758,0
IDLB.US,D,20210106,000000,29.586,29.873,29.586,29.853,562,0
IDLB.US,D,20210107,000000,29.853,29.903,29.853,29.903,235,0
IDLB.US,D,20210108,000000,30.041,30.041,29.962,29.962,207,0
IDLB.US,D,20210112,000000,29.685,29.985,29.685,29.985,735,0
IDLB.US,D,20210114,000000,30.101,30.101,30.073,30.077,304,0
IDLB.US,D,20210115,000000,29.725,29.725,29.725,29.725,258,0
IDLB.US,D,20210119,000000,29.576,29.576,29.576,29.576,272,0
IDLB.US,D,20210120,000000,29.695,29.695,29.695,29.695,104,0
IDLB.US,D,20210121,000000,29.794,29.972,29.794,29.972,1994,0
IDLB.US,D,20210126,000000,30.032,30.051,29.834,30.051,2869,0
IDLB.US,D,20210127,000000,29.675,29.675,29.546,29.546,419,0
IDLB.US,D,20210128,000000,29.616,29.737,29.616,29.737,197,0
IDLB.US,D,20210201,000000,29.527,29.527,29.299,29.299,1621,0
IDLB.US,D,20210202,000000,29.626,29.66,29.626,29.66,137,0
IDLB.US,D,20210203,000000,29.655,29.655,29.655,29.655,135,0
IDLB.US,D,20210209,000000,29.952,30.146,29.952,30.146,576,0
IDLB.US,D,20210211,000000,30.17,30.17,30.17,30.17,149,0
IDLB.US,D,20210216,000000,30.23,30.239,30.23,30.239,1081,0
IDLB.US,D,20210217,000000,29.982,29.997,29.982,29.992,546,0
IDLB.US,D,20210218,000000,29.908,29.908,29.876,29.908,445,0
IDLB.US,D,20210219,000000,29.982,30,29.913,29.992,902,0
IDLB.US,D,20210224,000000,29.645,29.71,29.645,29.71,177,0
IDLB.US,D,20210225,000000,29.507,29.507,29.507,29.507,160,0
IDLB.US,D,20210226,000000,28.948,28.952,28.948,28.952,2905,0
IDLB.US,D,20210301,000000,29.309,29.338,29.309,29.338,326,0
IDLB.US,D,20210303,000000,29.111,29.124,29.111,29.124,190,0
IDLB.US,D,20210304,000000,28.893,28.893,28.814,28.814,331,0
IDLB.US,D,20210311,000000,29.418,29.571,29.418,29.571,863,0
IDLB.US,D,20210316,000000,29.764,29.764,29.764,29.764,221,0
IDLB.US,D,20210319,000000,29.957,30.001,29.939,29.939,622,0
IDLB.US,D,20210322,000000,29.903,30.03,29.903,30.03,694,0
IDLB.US,D,20210329,000000,29.853,30.052,29.853,30.002,671,0
IDLB.US,D,20210401,000000,29.921,29.971,29.921,29.971,377,0
IDLB.US,D,20210405,000000,30.142,30.151,30.142,30.151,624,0
IDLB.US,D,20210413,000000,30.39,30.465,30.39,30.465,301,0
IDLB.US,D,20210415,000000,30.559,30.679,30.559,30.634,516,0
IDLB.US,D,20210422,000000,30.609,30.609,30.55,30.55,109,0
IDLB.US,D,20210423,000000,30.739,30.844,30.739,30.844,984,0
IDLB.US,D,20210430,000000,30.321,30.321,30.235,30.235,106,0
IDLB.US,D,20210504,000000,30.191,30.191,30.072,30.072,587,0
IDLB.US,D,20210510,000000,30.967,30.967,30.967,30.967,514,0
IDLB.US,D,20210511,000000,30.37,30.37,30.37,30.37,208,0
IDLB.US,D,20210512,000000,29.743,29.784,29.743,29.784,111,0
IDLB.US,D,20210513,000000,29.952,29.952,29.933,29.933,1033,0
IDLB.US,D,20210514,000000,30.41,30.43,30.41,30.43,2223,0
IDLB.US,D,20210521,000000,30.609,30.609,30.609,30.609,531,0
IDLB.US,D,20210528,000000,30.838,30.838,30.788,30.788,1133,0
IDLB.US,D,20210610,000000,31.017,31.106,31.017,31.106,538,0
IDLB.US,D,20210616,000000,31.077,31.077,31.007,31.061,1322,0
IDLB.US,D,20210617,000000,30.853,30.853,30.838,30.838,398,0
IDLB.US,D,20210618,000000,30.453,30.51,30.453,30.453,203,0
IDLB.US,D,20210622,000000,30.83,30.8419,30.83,30.8419,1127,0
IDLB.US,D,20210624,000000,30.79,30.9,30.79,30.9,770,0
IDLB.US,D,20210708,000000,30.43,30.5036,30.43,30.5036,241,0
IDLB.US,D,20210709,000000,30.85,30.9054,30.85,30.9054,192,0
IDLB.US,D,20210715,000000,30.89,30.915,30.88,30.915,402,0
IDLB.US,D,20210716,000000,30.8,30.8,30.8,30.8,204,0
IDLB.US,D,20210719,000000,30.29,30.3415,30.29,30.3415,743,0
IDLB.US,D,20210720,000000,30.35,30.59,30.35,30.59,422,0
IDLB.US,D,20210722,000000,30.86,30.97,30.86,30.97,837,0
IDLB.US,D,20210723,000000,31.16,31.16,31.16,31.16,486,0
IDLB.US,D,20210727,000000,30.83,30.9344,30.83,30.9344,201,0
IDLB.US,D,20210802,000000,31.45,31.45,31.2473,31.2473,795,0
IDLB.US,D,20210803,000000,31.28,31.3722,31.28,31.3722,313,0
IDLB.US,D,20210809,000000,31.33,31.33,31.33,31.33,355,0
IDLB.US,D,20210818,000000,31.23,31.29,31.205,31.205,3474,0
IDLB.US,D,20210820,000000,30.99,31.1446,30.99,31.1446,168,0
IDLB.US,D,20210827,000000,31.52,31.6553,31.52,31.6553,498,0
IDLB.US,D,20210830,000000,31.58,31.655,31.57,31.57,315,0
IDLB.US,D,20210901,000000,31.83,31.83,31.83,31.83,159,0
