<TICKER>,<PER>,<DATE>,<TIME>,<OPEN>,<HIGH>,<LOW>,<CLOSE>,<VOL>,<OPENINT>
IHYF.US,D,20201209,000000,25.044,25.044,24.999,24.999,422,0
IHYF.US,D,20210113,000000,25.251,25.271,25.251,25.256,549,0
IHYF.US,D,20210114,000000,25.331,25.331,25.296,25.296,139,0
IHYF.US,D,20210115,000000,25.331,25.331,25.296,25.296,113,0
IHYF.US,D,20210119,000000,25.36,25.36,25.342,25.342,120,0
IHYF.US,D,20210120,000000,25.4,25.41,25.4,25.41,206,0
IHYF.US,D,20210121,000000,25.4,25.4,25.365,25.365,129,0
IHYF.US,D,20210122,000000,25.292,25.36,25.292,25.341,413,0
IHYF.US,D,20210125,000000,25.36,25.36,25.337,25.337,250,0
IHYF.US,D,20210126,000000,25.351,25.351,25.317,25.317,132,0
IHYF.US,D,20210127,000000,25.282,25.282,25.207,25.207,138,0
IHYF.US,D,20210128,000000,25.36,25.36,25.277,25.277,302,0
IHYF.US,D,20210129,000000,25.282,25.282,25.276,25.276,114,0
IHYF.US,D,20210201,000000,25.312,25.36,25.312,25.347,365,0
IHYF.US,D,20210202,000000,25.356,25.38,25.347,25.347,521,0
IHYF.US,D,20210204,000000,25.41,25.41,25.405,25.405,362,0
IHYF.US,D,20210205,000000,25.46,25.46,25.425,25.425,302,0
IHYF.US,D,20210208,000000,25.45,25.49,25.45,25.47,478,0
IHYF.US,D,20210209,000000,25.45,25.51,25.45,25.475,398,0
IHYF.US,D,20210210,000000,25.48,25.48,25.47,25.47,7860,0
IHYF.US,D,20210211,000000,25.49,25.505,25.49,25.505,7992,0
IHYF.US,D,20210212,000000,25.55,25.555,25.55,25.555,7865,0
IHYF.US,D,20210218,000000,25.49,25.51,25.49,25.51,7877,0
IHYF.US,D,20210219,000000,25.5,25.5,25.49,25.49,7862,0
IHYF.US,D,20210222,000000,25.46,25.465,25.46,25.465,1333,0
IHYF.US,D,20210223,000000,25.47,25.51,25.47,25.51,486,0
IHYF.US,D,20210224,000000,25.46,25.5,25.46,25.5,1217,0
IHYF.US,D,20210226,000000,25.36,25.36,25.356,25.356,9740,0
IHYF.US,D,20210301,000000,25.45,25.46,25.405,25.405,10499,0
IHYF.US,D,20210302,000000,25.4,25.44,25.4,25.415,259917,0
IHYF.US,D,20210303,000000,25.4,25.4,25.395,25.395,8016,0
IHYF.US,D,20210304,000000,25.271,25.346,25.271,25.346,5527,0
IHYF.US,D,20210305,000000,25.41,25.41,25.271,25.356,11644,0
IHYF.US,D,20210308,000000,25.37,25.37,25.269,25.269,870,0
IHYF.US,D,20210310,000000,25.331,25.331,25.316,25.316,674,0
IHYF.US,D,20210312,000000,25.39,25.39,25.37,25.37,6437,0
IHYF.US,D,20210316,000000,25.356,25.356,25.336,25.336,7906,0
IHYF.US,D,20210317,000000,25.331,25.341,25.331,25.341,743,0
IHYF.US,D,20210318,000000,25.251,25.261,25.216,25.216,5228,0
IHYF.US,D,20210319,000000,25.261,25.291,25.211,25.246,4302,0
IHYF.US,D,20210322,000000,25.221,25.221,25.201,25.206,371,0
IHYF.US,D,20210323,000000,25.211,25.211,25.203,25.203,105,0
IHYF.US,D,20210324,000000,25.256,25.256,25.256,25.256,154,0
IHYF.US,D,20210325,000000,25.276,25.351,25.261,25.351,1189,0
IHYF.US,D,20210326,000000,25.36,25.361,25.34,25.361,9136,0
IHYF.US,D,20210329,000000,25.316,25.316,25.316,25.316,108,0
IHYF.US,D,20210330,000000,25.31,25.311,25.262,25.286,154753,0
IHYF.US,D,20210401,000000,25.419,25.43,25.405,25.405,1728,0
IHYF.US,D,20210405,000000,25.44,25.47,25.44,25.455,1012,0
IHYF.US,D,20210406,000000,25.41,25.43,25.41,25.43,457,0
IHYF.US,D,20210407,000000,25.49,25.51,25.45,25.51,2551,0
IHYF.US,D,20210408,000000,25.54,25.55,25.51,25.55,2487,0
IHYF.US,D,20210412,000000,25.48,25.52,25.48,25.52,457,0
IHYF.US,D,20210413,000000,25.46,25.515,25.46,25.515,758,0
IHYF.US,D,20210414,000000,25.52,25.54,25.52,25.52,2548,0
IHYF.US,D,20210415,000000,25.535,25.535,25.52,25.53,1169,0
IHYF.US,D,20210416,000000,25.521,25.57,25.521,25.57,522,0
IHYF.US,D,20210419,000000,25.48,25.48,25.48,25.48,398,0
IHYF.US,D,20210420,000000,25.401,25.42,25.4,25.41,1411,0
IHYF.US,D,20210421,000000,25.42,25.48,25.42,25.475,245,0
IHYF.US,D,20210422,000000,25.42,25.42,25.415,25.415,166,0
IHYF.US,D,20210423,000000,25.53,25.53,25.53,25.53,1467,0
IHYF.US,D,20210426,000000,25.51,25.51,25.495,25.495,255,0
IHYF.US,D,20210427,000000,25.51,25.51,25.485,25.485,102,0
IHYF.US,D,20210428,000000,25.51,25.51,25.485,25.485,935,0
IHYF.US,D,20210429,000000,25.5,25.535,25.5,25.535,294,0
IHYF.US,D,20210430,000000,25.53,25.53,25.495,25.495,1776,0
IHYF.US,D,20210504,000000,25.52,25.52,25.515,25.515,1481,0
IHYF.US,D,20210505,000000,25.54,25.56,25.49,25.515,899,0
IHYF.US,D,20210507,000000,25.6,25.649,25.6,25.614,6757,0
IHYF.US,D,20210511,000000,25.54,25.54,25.525,25.525,1526,0
IHYF.US,D,20210512,000000,25.44,25.44,25.39,25.39,518,0
IHYF.US,D,20210513,000000,25.5,25.5,25.485,25.485,751,0
IHYF.US,D,20210514,000000,25.56,25.56,25.505,25.505,500,0
IHYF.US,D,20210517,000000,25.52,25.52,25.515,25.515,217,0
IHYF.US,D,20210518,000000,25.5,25.5,25.465,25.465,186,0
IHYF.US,D,20210520,000000,25.54,25.54,25.485,25.485,576,0
IHYF.US,D,20210524,000000,25.58,25.58,25.555,25.555,592,0
IHYF.US,D,20210525,000000,25.53,25.53,25.515,25.515,2088,0
IHYF.US,D,20210527,000000,25.57,25.57,25.565,25.565,627,0
IHYF.US,D,20210601,000000,25.6,25.61,25.5881,25.5881,3514,0
IHYF.US,D,20210602,000000,25.61,25.61,25.595,25.595,3294,0
IHYF.US,D,20210607,000000,25.69,25.69,25.675,25.675,570,0
IHYF.US,D,20210608,000000,25.73,25.73,25.705,25.705,256,0
IHYF.US,D,20210609,000000,25.75,25.75,25.715,25.715,379,0
IHYF.US,D,20210610,000000,25.81,25.81,25.78,25.78,712,0
IHYF.US,D,20210611,000000,25.79,25.79,25.775,25.775,563,0
IHYF.US,D,20210614,000000,25.79,25.79,25.785,25.785,352,0
IHYF.US,D,20210615,000000,25.8,25.8,25.765,25.765,354,0
IHYF.US,D,20210616,000000,25.79,25.79,25.735,25.735,3093,0
IHYF.US,D,20210617,000000,25.755,25.76,25.705,25.755,726,0
IHYF.US,D,20210621,000000,25.73,25.73,25.67,25.695,4991,0
IHYF.US,D,20210623,000000,25.67,25.7,25.67,25.675,2152,0
IHYF.US,D,20210624,000000,25.7,25.74,25.6901,25.715,2275,0
IHYF.US,D,20210628,000000,25.74,25.74,25.725,25.725,125,0
IHYF.US,D,20210630,000000,25.8,25.81,25.77,25.785,726,0
IHYF.US,D,20210702,000000,25.84,25.855,25.84,25.855,4037,0
IHYF.US,D,20210706,000000,25.81,25.8722,25.81,25.8722,1228,0
IHYF.US,D,20210707,000000,25.85,25.89,25.85,25.885,623,0
IHYF.US,D,20210708,000000,25.88,25.88,25.845,25.845,617,0
IHYF.US,D,20210709,000000,25.9,25.9,25.895,25.895,424,0
IHYF.US,D,20210713,000000,25.87,25.87,25.835,25.835,565,0
IHYF.US,D,20210714,000000,25.84,25.84,25.825,25.825,909,0
IHYF.US,D,20210715,000000,25.801,25.83,25.801,25.805,1381,0
IHYF.US,D,20210721,000000,25.759,25.759,25.71,25.72,207,0
IHYF.US,D,20210726,000000,25.73,25.745,25.73,25.745,875,0
IHYF.US,D,20210727,000000,25.69,25.725,25.69,25.725,788,0
IHYF.US,D,20210728,000000,25.69,25.735,25.69,25.735,1320,0
IHYF.US,D,20210729,000000,25.77,25.77,25.745,25.745,1812,0
IHYF.US,D,20210730,000000,25.73,25.735,25.73,25.735,401,0
IHYF.US,D,20210802,000000,25.74,25.74,25.705,25.705,912,0
IHYF.US,D,20210803,000000,25.77,25.77,25.75,25.75,2328,0
IHYF.US,D,20210804,000000,25.74,25.74,25.7,25.7,602,0
IHYF.US,D,20210805,000000,25.69,25.7054,25.69,25.7054,211,0
IHYF.US,D,20210809,000000,25.68,25.68,25.67,25.67,177,0
IHYF.US,D,20210811,000000,25.67,25.67,25.645,25.645,1138,0
IHYF.US,D,20210816,000000,25.655,25.69,25.655,25.69,283,0
IHYF.US,D,20210817,000000,25.62,25.66,25.62,25.66,502,0
IHYF.US,D,20210819,000000,25.68,25.68,25.655,25.655,4051,0
IHYF.US,D,20210820,000000,25.709,25.709,25.66,25.695,355,0
IHYF.US,D,20210823,000000,25.65,25.65,25.615,25.615,238,0
IHYF.US,D,20210827,000000,25.77,25.77,25.74,25.74,692,0
IHYF.US,D,20210830,000000,25.8,25.8,25.775,25.775,1185,0
IHYF.US,D,20210831,000000,25.79,25.79,25.775,25.775,1889,0
IHYF.US,D,20210901,000000,25.79,25.79,25.785,25.785,549,0
