<TICKER>,<PER>,<DATE>,<TIME>,<OPEN>,<HIGH>,<LOW>,<CLOSE>,<VOL>,<OPENINT>
INFR.US,D,20170106,000000,21.994,21.994,21.994,21.994,870,0
INFR.US,D,20170109,000000,21.975,22.024,21.808,21.808,7905,0
INFR.US,D,20170110,000000,21.774,21.774,21.774,21.774,120,0
INFR.US,D,20170111,000000,21.877,22.068,21.763,22.059,1389,0
INFR.US,D,20170112,000000,21.904,21.946,21.904,21.946,308,0
INFR.US,D,20170113,000000,22.164,22.164,22.031,22.068,2179,0
INFR.US,D,20170117,000000,22.136,22.336,22.136,22.145,2356,0
INFR.US,D,20170118,000000,22.031,22.031,22.031,22.031,121,0
INFR.US,D,20170119,000000,22.102,22.102,22.102,22.102,892,0
INFR.US,D,20170120,000000,22.466,22.466,22.012,22.012,1077,0
INFR.US,D,20170123,000000,22.024,22.173,22.024,22.173,1638,0
INFR.US,D,20170124,000000,22.319,22.319,22.319,22.319,346,0
INFR.US,D,20170125,000000,22.279,22.449,22.279,22.405,12465,0
INFR.US,D,20170126,000000,22.333,22.346,22.255,22.327,5118,0
INFR.US,D,20170127,000000,22.241,22.336,22.172,22.206,2604,0
INFR.US,D,20170130,000000,21.886,21.886,21.886,21.886,1206,0
INFR.US,D,20170131,000000,22.059,22.173,22.037,22.173,6396,0
INFR.US,D,20170201,000000,22.145,22.145,21.945,22.11,4424,0
INFR.US,D,20170202,000000,22.164,22.182,22.164,22.173,348,0
INFR.US,D,20170203,000000,23.252,23.252,22.346,22.346,694,0
INFR.US,D,20170207,000000,22.243,22.243,22.243,22.243,234,0
INFR.US,D,20170208,000000,22.346,22.458,22.346,22.458,1389,0
INFR.US,D,20170209,000000,22.561,22.561,22.561,22.561,1203,0
INFR.US,D,20170213,000000,22.648,22.67,22.618,22.67,711,0
INFR.US,D,20170215,000000,22.595,22.595,22.554,22.554,627,0
INFR.US,D,20170216,000000,22.674,22.674,22.674,22.674,811,0
INFR.US,D,20170221,000000,22.648,22.785,22.641,22.785,1547,0
INFR.US,D,20170222,000000,22.708,22.759,22.708,22.759,277,0
INFR.US,D,20170223,000000,22.801,22.801,22.783,22.801,920,0
INFR.US,D,20170227,000000,22.777,22.777,22.777,22.777,120,0
INFR.US,D,20170228,000000,22.879,22.879,22.879,22.879,691,0
INFR.US,D,20170301,000000,22.897,22.931,22.858,22.931,1403,0
INFR.US,D,20170302,000000,22.809,22.809,22.809,22.809,120,0
INFR.US,D,20170303,000000,22.777,22.854,22.777,22.854,4165,0
INFR.US,D,20170306,000000,22.733,22.879,22.733,22.879,646,0
INFR.US,D,20170308,000000,22.759,22.759,22.655,22.655,931,0
INFR.US,D,20170309,000000,22.699,22.699,22.575,22.626,4496,0
INFR.US,D,20170310,000000,22.74,22.769,22.671,22.769,8314,0
INFR.US,D,20170313,000000,22.801,22.801,22.764,22.764,464,0
INFR.US,D,20170315,000000,22.674,22.674,22.674,22.674,1621,0
INFR.US,D,20170317,000000,23.096,23.096,23.041,23.041,1280,0
INFR.US,D,20170320,000000,23.029,23.037,22.986,23.001,804,0
INFR.US,D,20170323,000000,23.203,23.203,23.203,23.203,299,0
INFR.US,D,20170324,000000,23.279,23.279,23.26,23.26,378,0
INFR.US,D,20170327,000000,23.27,23.321,23.27,23.321,1234,0
INFR.US,D,20170328,000000,23.442,23.442,23.442,23.442,120,0
INFR.US,D,20170329,000000,23.39,23.39,23.39,23.39,1190,0
INFR.US,D,20170330,000000,23.27,23.27,23.27,23.27,142,0
INFR.US,D,20170331,000000,23.408,23.443,23.408,23.443,633,0
INFR.US,D,20170403,000000,23.364,23.364,23.253,23.355,1598,0
INFR.US,D,20170405,000000,23.545,23.545,23.545,23.545,120,0
INFR.US,D,20170407,000000,23.7,23.7,23.7,23.7,820,0
INFR.US,D,20170411,000000,23.728,23.728,23.727,23.727,577,0
INFR.US,D,20170413,000000,23.753,23.753,23.578,23.578,21482,0
INFR.US,D,20170417,000000,23.719,23.719,23.71,23.71,5251,0
INFR.US,D,20170418,000000,23.796,23.796,23.622,23.667,1081,0
INFR.US,D,20170419,000000,23.622,23.622,23.448,23.51,1622,0
INFR.US,D,20170420,000000,23.604,23.839,23.566,23.622,3632,0
INFR.US,D,20170421,000000,23.533,23.533,23.533,23.533,118,0
INFR.US,D,20170425,000000,23.883,23.883,23.8,23.873,1716,0
INFR.US,D,20170426,000000,23.686,23.686,23.686,23.686,313,0
INFR.US,D,20170427,000000,23.857,23.857,23.857,23.857,825,0
INFR.US,D,20170501,000000,23.883,23.883,23.883,23.883,237,0
INFR.US,D,20170503,000000,23.996,24.005,23.996,24.005,1991,0
INFR.US,D,20170504,000000,24.005,24.056,23.917,24.056,750,0
INFR.US,D,20170505,000000,25.222,25.222,24.101,24.273,2891,0
INFR.US,D,20170508,000000,24.223,24.223,24.156,24.156,1519,0
INFR.US,D,20170510,000000,24.138,24.138,24.134,24.134,638,0
INFR.US,D,20170511,000000,24.022,24.056,23.977,24.056,1942,0
INFR.US,D,20170515,000000,24.317,24.317,24.281,24.281,1213,0
INFR.US,D,20170517,000000,24.143,24.143,24.143,24.143,290,0
INFR.US,D,20170518,000000,24.188,24.273,24.171,24.273,949,0
INFR.US,D,20170519,000000,24.441,24.441,24.432,24.432,824,0
INFR.US,D,20170523,000000,24.728,24.728,24.728,24.728,496,0
INFR.US,D,20170526,000000,24.874,24.874,24.834,24.834,777,0
INFR.US,D,20170530,000000,24.995,24.995,24.995,24.995,147,0
INFR.US,D,20170531,000000,25.066,25.066,24.964,25.03,1787,0
INFR.US,D,20170601,000000,25.149,25.239,25.083,25.239,902,0
INFR.US,D,20170602,000000,25.342,25.358,25.309,25.309,2726,0
INFR.US,D,20170605,000000,25.318,25.318,25.138,25.318,2221,0
INFR.US,D,20170606,000000,25.245,25.245,25.245,25.245,595,0
INFR.US,D,20170607,000000,25.177,25.178,25,25.04,5270,0
INFR.US,D,20170608,000000,25.169,25.169,24.986,24.986,675,0
INFR.US,D,20170612,000000,25.03,25.03,24.961,25.011,2054,0
INFR.US,D,20170613,000000,25.116,25.14,25.116,25.14,429,0
INFR.US,D,20170614,000000,25.113,25.113,25.011,25.011,834,0
INFR.US,D,20170615,000000,25.03,25.159,24.928,25.159,6289,0
INFR.US,D,20170619,000000,25.352,25.352,25.335,25.335,1629,0
INFR.US,D,20170620,000000,25.092,25.092,25.047,25.056,1135,0
INFR.US,D,20170621,000000,25.03,25.03,25.03,25.03,799,0
INFR.US,D,20170623,000000,25.1,25.1,25.045,25.057,1639,0
INFR.US,D,20170626,000000,25.185,25.194,25.149,25.159,1176,0
INFR.US,D,20170627,000000,25.1,25.1,25.02,25.02,1248,0
INFR.US,D,20170628,000000,25.159,25.159,25.159,25.159,768,0
INFR.US,D,20170629,000000,24.908,24.908,24.786,24.786,824,0
INFR.US,D,20170630,000000,24.84,24.865,24.8,24.865,1770,0
INFR.US,D,20170703,000000,24.786,24.786,24.786,24.786,233,0
INFR.US,D,20170706,000000,24.569,24.569,24.56,24.56,878,0
INFR.US,D,20170707,000000,24.525,24.544,24.525,24.544,658,0
INFR.US,D,20170710,000000,24.664,24.718,24.664,24.718,294,0
INFR.US,D,20170711,000000,24.594,24.594,24.563,24.563,471,0
INFR.US,D,20170712,000000,24.89,24.917,24.82,24.917,1455,0
INFR.US,D,20170713,000000,24.916,24.916,24.675,24.8,3285,0
INFR.US,D,20170714,000000,24.942,24.942,24.752,24.752,1014,0
INFR.US,D,20170718,000000,24.8,24.8,24.734,24.8,2362,0
INFR.US,D,20170719,000000,24.594,25.14,24.564,24.786,1092,0
INFR.US,D,20170720,000000,24.644,24.644,24.644,24.644,116,0
INFR.US,D,20170721,000000,25.255,25.273,25.018,25.273,1278,0
INFR.US,D,20170724,000000,25.206,25.215,25.196,25.215,1491,0
INFR.US,D,20170725,000000,24.88,25.248,24.88,25.248,1389,0
INFR.US,D,20170726,000000,25.293,25.397,25.293,25.397,343243,0
INFR.US,D,20170727,000000,25.239,25.241,25.066,25.241,488,0
INFR.US,D,20170728,000000,25.133,25.293,24.932,25.293,2373,0
INFR.US,D,20170731,000000,25.274,25.405,25.274,25.405,1311,0
INFR.US,D,20170801,000000,25.415,25.521,25.241,25.483,6144,0
INFR.US,D,20170802,000000,25.434,25.521,25.434,25.521,1338,0
INFR.US,D,20170803,000000,25.542,25.542,25.542,25.542,242,0
INFR.US,D,20170804,000000,25.59,25.633,25.581,25.581,4723,0
INFR.US,D,20170807,000000,25.757,25.765,25.757,25.765,509,0
INFR.US,D,20170808,000000,25.652,25.977,25.652,25.854,4369,0
INFR.US,D,20170809,000000,25.835,25.861,25.78,25.844,4152,0
INFR.US,D,20170810,000000,25.722,25.747,25.434,25.491,1240,0
INFR.US,D,20170811,000000,25.67,26.266,25.652,25.854,4688,0
INFR.US,D,20170814,000000,25.607,25.841,25.607,25.841,2478,0
INFR.US,D,20170815,000000,25.555,25.732,25.546,25.546,1308,0
INFR.US,D,20170816,000000,25.555,25.897,25.555,25.81,1590,0
INFR.US,D,20170817,000000,25.87,25.87,25.493,25.493,1053,0
INFR.US,D,20170818,000000,25.582,25.582,25.582,25.582,230,0
INFR.US,D,20170821,000000,25.713,25.713,25.624,25.624,702,0
INFR.US,D,20170822,000000,25.652,26.012,25.652,25.757,998,0
INFR.US,D,20170823,000000,25.679,26.036,25.679,25.801,1486,0
INFR.US,D,20170824,000000,25.801,26.003,25.801,26.003,571,0
INFR.US,D,20170825,000000,26.163,26.163,25.87,25.87,2272,0
INFR.US,D,20170828,000000,25.87,25.87,25.87,25.87,230,0
INFR.US,D,20170829,000000,26.08,26.08,25.854,25.854,693,0
INFR.US,D,20170830,000000,25.784,25.96,25.757,25.784,3498,0
INFR.US,D,20170831,000000,26.172,26.195,25.984,25.984,1047,0
INFR.US,D,20170901,000000,26.23,26.32,25.984,25.984,1525,0
INFR.US,D,20170905,000000,26.027,26.027,25.887,25.887,799,0
INFR.US,D,20170906,000000,26.37,26.37,26.027,26.027,911,0
INFR.US,D,20170907,000000,26.185,26.408,26.175,26.175,2598,0
INFR.US,D,20170908,000000,26.185,26.185,26.185,26.185,230,0
INFR.US,D,20170911,000000,26.325,26.633,26.325,26.37,1059,0
INFR.US,D,20170912,000000,26.202,26.202,26.202,26.202,230,0
INFR.US,D,20170913,000000,26.08,26.334,26.003,26.003,7247,0
INFR.US,D,20170914,000000,25.861,26.175,25.861,26.061,892,0
INFR.US,D,20170915,000000,26.212,26.212,26.126,26.126,418,0
INFR.US,D,20170918,000000,26.36,26.36,26.003,26.003,2317,0
INFR.US,D,20170919,000000,26.321,26.334,26.08,26.08,812,0
INFR.US,D,20170920,000000,26.08,26.329,26.045,26.045,830,0
INFR.US,D,20170921,000000,26.492,26.492,25.915,25.915,1053,0
INFR.US,D,20170922,000000,25.906,26.202,25.87,25.87,737,0
INFR.US,D,20170925,000000,25.801,26.1,25.801,25.854,1185,0
INFR.US,D,20170926,000000,25.835,26.037,25.819,25.819,2750,0
INFR.US,D,20170927,000000,25.747,25.982,25.722,25.722,2853,0
INFR.US,D,20170928,000000,25.624,25.854,25.624,25.844,6290,0
INFR.US,D,20170929,000000,25.984,26.053,25.784,25.784,5271,0
INFR.US,D,20171002,000000,25.722,25.978,25.713,25.978,5124,0
INFR.US,D,20171003,000000,25.697,25.977,25.452,25.784,5174,0
INFR.US,D,20171004,000000,25.793,25.828,25.793,25.828,596,0
INFR.US,D,20171005,000000,25.718,25.819,25.634,25.733,733,0
INFR.US,D,20171006,000000,25.747,26.185,25.747,26.185,2832,0
INFR.US,D,20171009,000000,25.794,25.794,25.489,25.777,663,0
INFR.US,D,20171010,000000,25.553,25.627,25.537,25.627,1455,0
INFR.US,D,20171011,000000,26.187,26.187,26.187,26.187,565,0
INFR.US,D,20171012,000000,25.305,26.321,25.253,26.321,818,0
INFR.US,D,20171013,000000,26.258,26.29,26.214,26.268,707,0
INFR.US,D,20171016,000000,26.126,26.172,26.126,26.172,235,0
INFR.US,D,20171017,000000,25.976,26.06,25.941,25.941,1301,0
INFR.US,D,20171018,000000,25.933,26.118,25.933,26.118,1207,0
INFR.US,D,20171019,000000,25.904,25.977,25.858,25.858,908,0
INFR.US,D,20171020,000000,26.081,26.383,25.984,25.984,769,0
INFR.US,D,20171023,000000,25.897,26.295,25.897,26.118,2208,0
INFR.US,D,20171024,000000,25.844,26.138,25.844,26.128,935,0
INFR.US,D,20171025,000000,26.258,26.258,25.746,25.746,2244,0
INFR.US,D,20171026,000000,26.091,26.091,25.994,26.046,1117,0
INFR.US,D,20171027,000000,25.88,26.012,25.537,25.994,1892,0
INFR.US,D,20171030,000000,25.936,25.936,25.936,25.936,356,0
INFR.US,D,20171101,000000,26.177,26.224,26.177,26.204,1660,0
INFR.US,D,20171102,000000,25.669,26.028,25.669,26.028,2875,0
INFR.US,D,20171103,000000,25.711,26.154,25.711,26.154,1673,0
INFR.US,D,20171107,000000,26.224,26.231,26.224,26.231,672,0
INFR.US,D,20171108,000000,26.163,26.163,26.163,26.163,762,0
INFR.US,D,20171109,000000,25.978,26.062,25.978,26.062,5805,0
INFR.US,D,20171113,000000,26.1,26.154,26.1,26.154,4418,0
INFR.US,D,20171114,000000,26.038,26.038,26.038,26.038,455,0
INFR.US,D,20171116,000000,26.172,26.172,26.172,26.172,509,0
INFR.US,D,20171117,000000,25.879,25.88,25.879,25.88,1695,0
INFR.US,D,20171120,000000,25.65,25.65,25.589,25.589,234,0
INFR.US,D,20171124,000000,25.448,25.879,25.44,25.879,2056,0
INFR.US,D,20171201,000000,26.335,26.335,26.302,26.302,924,0
INFR.US,D,20171204,000000,26.363,26.363,26.363,26.363,335,0
INFR.US,D,20171206,000000,26.054,26.054,26.054,26.054,227,0
INFR.US,D,20171207,000000,26.146,26.327,26.146,26.275,897,0
INFR.US,D,20171208,000000,26.268,26.268,26.172,26.172,2824,0
INFR.US,D,20171213,000000,26.038,26.038,26.038,26.038,118,0
INFR.US,D,20171214,000000,26.31,26.31,26.31,26.31,425,0
INFR.US,D,20171215,000000,26.258,26.258,26.258,26.258,198,0
INFR.US,D,20171219,000000,26.204,26.204,26.204,26.204,234,0
INFR.US,D,20171221,000000,25.697,25.774,25.66,25.774,1136,0
INFR.US,D,20171222,000000,25.95,25.95,25.95,25.95,209,0
INFR.US,D,20171228,000000,26.116,26.116,26.026,26.026,474,0
INFR.US,D,20171229,000000,26.044,26.162,26.044,26.162,781,0
INFR.US,D,20180102,000000,26.115,26.195,26.115,26.195,2069,0
INFR.US,D,20180104,000000,26.336,26.345,26.285,26.311,714,0
INFR.US,D,20180105,000000,26.227,26.227,26.227,26.227,653,0
INFR.US,D,20180109,000000,26.267,26.327,26.267,26.311,3839,0
INFR.US,D,20180110,000000,25.716,26.185,25.716,25.805,4628,0
INFR.US,D,20180111,000000,26.152,26.162,25.893,25.893,1092,0
INFR.US,D,20180112,000000,25.635,26.262,25.635,26.01,1792,0
INFR.US,D,20180116,000000,26.327,26.327,26.327,26.327,439,0
INFR.US,D,20180117,000000,26.302,26.302,26.203,26.203,853,0
INFR.US,D,20180118,000000,26.089,26.089,26.089,26.089,305,0
INFR.US,D,20180119,000000,26.327,26.327,26.171,26.171,478,0
INFR.US,D,20180122,000000,26.345,26.345,26.336,26.345,1055,0
INFR.US,D,20180123,000000,26.331,26.331,26.331,26.331,583,0
INFR.US,D,20180124,000000,26.355,26.533,26.355,26.533,357,0
INFR.US,D,20180125,000000,26.657,26.666,26.345,26.414,2634,0
INFR.US,D,20180126,000000,26.496,26.496,26.257,26.257,757,0
INFR.US,D,20180130,000000,26.089,26.089,25.972,25.972,467,0
INFR.US,D,20180131,000000,26.247,26.247,26.195,26.195,225,0
INFR.US,D,20180201,000000,26.134,26.134,26.069,26.069,1229,0
INFR.US,D,20180202,000000,25.726,25.726,25.562,25.608,1279,0
INFR.US,D,20180205,000000,25.353,25.459,25.121,25.121,1584,0
INFR.US,D,20180206,000000,24.705,24.811,24.456,24.768,3795,0
INFR.US,D,20180207,000000,24.839,24.931,24.839,24.931,445,0
INFR.US,D,20180208,000000,24.475,24.625,24.475,24.558,1260,0
INFR.US,D,20180209,000000,24.155,24.155,24.046,24.046,492,0
INFR.US,D,20180212,000000,24.012,24.829,24.012,24.829,3623,0
INFR.US,D,20180214,000000,24.98,24.98,24.98,24.98,172,0
INFR.US,D,20180215,000000,25.014,25.133,24.856,24.954,699,0
INFR.US,D,20180220,000000,24.792,24.792,24.792,24.792,154,0
INFR.US,D,20180221,000000,24.776,25.156,24.776,25.075,620,0
INFR.US,D,20180222,000000,25.06,25.06,24.668,24.668,538,0
INFR.US,D,20180223,000000,25.07,25.07,25.07,25.07,113,0
INFR.US,D,20180226,000000,25.23,25.23,25.23,25.23,124,0
INFR.US,D,20180227,000000,25.331,25.331,25.331,25.331,396,0
INFR.US,D,20180228,000000,24.237,24.651,24.237,24.651,293,0
INFR.US,D,20180301,000000,24.831,24.831,24.484,24.484,993,0
INFR.US,D,20180302,000000,24.444,24.571,24.444,24.571,571,0
INFR.US,D,20180305,000000,24.604,24.604,24.562,24.562,665,0
INFR.US,D,20180306,000000,24.734,24.734,24.615,24.615,485,0
INFR.US,D,20180307,000000,24.848,24.848,24.848,24.848,305,0
INFR.US,D,20180308,000000,24.676,24.676,24.676,24.676,225,0
INFR.US,D,20180309,000000,24.527,24.811,24.527,24.792,2437,0
INFR.US,D,20180312,000000,24.839,25.353,24.771,25.353,593,0
INFR.US,D,20180313,000000,24.934,24.934,24.934,24.934,444,0
INFR.US,D,20180314,000000,24.865,24.865,24.865,24.865,395,0
INFR.US,D,20180315,000000,25.281,25.281,25.281,25.281,139,0
INFR.US,D,20180316,000000,24.844,24.844,24.844,24.844,250,0
INFR.US,D,20180321,000000,24.421,24.421,24.403,24.403,705,0
INFR.US,D,20180322,000000,24.766,24.766,24.74,24.74,650,0
INFR.US,D,20180323,000000,24.504,24.504,24.504,24.504,268,0
INFR.US,D,20180327,000000,24.332,24.332,24.234,24.315,676,0
INFR.US,D,20180328,000000,24.412,24.421,24.403,24.403,519,0
INFR.US,D,20180329,000000,24.527,24.601,24.498,24.568,1338,0
INFR.US,D,20180402,000000,24.328,24.714,24.102,24.102,2887,0
INFR.US,D,20180403,000000,24.278,24.323,23.961,24.259,1572,0
INFR.US,D,20180404,000000,24.259,24.498,24.25,24.498,1260,0
INFR.US,D,20180405,000000,24.671,24.671,24.671,24.671,564,0
INFR.US,D,20180409,000000,24.949,24.949,24.672,24.729,534,0
INFR.US,D,20180410,000000,24.745,24.745,24.745,24.745,659,0
INFR.US,D,20180411,000000,24.762,24.762,24.664,24.762,1136,0
INFR.US,D,20180412,000000,24.648,24.648,24.585,24.585,1660,0
INFR.US,D,20180413,000000,24.664,24.729,24.62,24.672,2237,0
INFR.US,D,20180416,000000,24.788,24.996,24.69,24.996,3247,0
INFR.US,D,20180417,000000,24.826,25.058,24.826,25.058,2923,0
INFR.US,D,20180418,000000,25.137,25.165,25.086,25.137,1905,0
INFR.US,D,20180419,000000,24.968,25.319,24.817,24.897,4295,0
INFR.US,D,20180420,000000,24.78,24.788,24.709,24.78,1717,0
INFR.US,D,20180423,000000,24.604,24.672,24.604,24.672,2080,0
INFR.US,D,20180425,000000,24.753,24.762,24.753,24.762,375,0
INFR.US,D,20180426,000000,24.753,24.835,24.745,24.807,2578,0
INFR.US,D,20180427,000000,24.889,24.978,24.889,24.978,1584,0
INFR.US,D,20180430,000000,24.978,25.012,24.835,24.835,1860,0
INFR.US,D,20180501,000000,24.773,25.254,24.773,24.826,2421,0
INFR.US,D,20180502,000000,24.931,24.978,24.922,24.978,1099,0
INFR.US,D,20180503,000000,24.745,25.086,24.714,25.073,1960,0
INFR.US,D,20180504,000000,24.889,25.155,24.889,25.137,1537,0
INFR.US,D,20180507,000000,25.119,25.524,25.119,25.254,2915,0
INFR.US,D,20180509,000000,24.959,24.959,24.897,24.943,3330,0
INFR.US,D,20180510,000000,25.148,25.165,25.148,25.165,619,0
INFR.US,D,20180511,000000,25.211,25.603,25.211,25.211,1595,0
INFR.US,D,20180514,000000,25.281,25.299,25.281,25.299,346,0
INFR.US,D,20180515,000000,25.032,25.032,24.88,24.968,1279,0
INFR.US,D,20180516,000000,24.78,25.032,24.729,24.985,1999,0
INFR.US,D,20180517,000000,24.749,24.931,24.749,24.905,2010,0
INFR.US,D,20180518,000000,24.762,24.78,24.762,24.78,407,0
INFR.US,D,20180521,000000,24.835,24.853,24.835,24.853,402,0
INFR.US,D,20180522,000000,24.949,24.949,24.949,24.949,6150,0
INFR.US,D,20180523,000000,24.78,24.807,24.78,24.807,6086,0
INFR.US,D,20180524,000000,24.88,24.88,24.672,24.672,1482,0
INFR.US,D,20180529,000000,24.451,24.495,24.451,24.495,1342,0
INFR.US,D,20180530,000000,24.492,25.103,24.492,25.103,2403,0
INFR.US,D,20180531,000000,24.719,24.719,24.688,24.688,398,0
INFR.US,D,20180604,000000,24.835,24.853,24.835,24.853,334,0
INFR.US,D,20180605,000000,24.63,24.753,24.63,24.753,1292,0
INFR.US,D,20180606,000000,24.762,24.826,24.762,24.826,1288,0
INFR.US,D,20180607,000000,24.585,24.69,24.577,24.69,1789,0
INFR.US,D,20180608,000000,24.511,24.585,24.511,24.585,264,0
INFR.US,D,20180611,000000,24.54,24.729,24.54,24.63,1494,0
INFR.US,D,20180612,000000,24.788,24.853,24.762,24.807,1390,0
INFR.US,D,20180613,000000,24.889,24.889,24.889,24.889,287,0
INFR.US,D,20180614,000000,24.845,24.906,24.845,24.906,460,0
INFR.US,D,20180615,000000,24.835,24.87,24.835,24.87,449,0
INFR.US,D,20180618,000000,24.762,24.897,24.753,24.897,1166,0
INFR.US,D,20180619,000000,24.719,24.788,24.719,24.788,2104,0
INFR.US,D,20180620,000000,24.88,24.897,24.872,24.897,782,0
INFR.US,D,20180621,000000,24.672,24.853,24.424,24.672,1135,0
INFR.US,D,20180622,000000,24.817,25.032,24.817,24.853,1796,0
INFR.US,D,20180625,000000,24.672,24.941,24.459,24.897,3092,0
INFR.US,D,20180626,000000,24.664,26.21,24.664,24.788,5391,0
INFR.US,D,20180627,000000,24.817,25.003,24.817,24.942,2224,0
INFR.US,D,20180628,000000,24.88,25.953,24.858,24.87,1966,0
INFR.US,D,20180629,000000,24.978,25.344,24.925,25.344,2623,0
INFR.US,D,20180702,000000,25.119,25.42,25.095,25.119,1532,0
INFR.US,D,20180703,000000,25.344,25.344,25.254,25.254,238,0
INFR.US,D,20180705,000000,25.369,25.415,25.369,25.397,2251,0
INFR.US,D,20180706,000000,25.524,25.835,25.524,25.763,3360,0
INFR.US,D,20180709,000000,25.566,25.638,25.566,25.638,560,0
INFR.US,D,20180710,000000,25.349,25.611,25.349,25.611,1112,0
INFR.US,D,20180711,000000,25.44,25.44,25.44,25.44,188,0
INFR.US,D,20180712,000000,25.484,25.531,25.44,25.467,999,0
INFR.US,D,20180713,000000,25.575,25.619,25.557,25.575,781,0
INFR.US,D,20180716,000000,25.463,25.463,25.44,25.44,325,0
INFR.US,D,20180717,000000,25.44,25.484,25.44,25.44,658,0
INFR.US,D,20180718,000000,25.323,25.815,25.323,25.349,1669,0
INFR.US,D,20180719,000000,25.357,25.44,25.357,25.439,1100,0
INFR.US,D,20180720,000000,25.393,25.638,25.393,25.638,687,0
INFR.US,D,20180723,000000,25.421,26.509,25.393,25.44,4566,0
INFR.US,D,20180724,000000,25.349,25.531,25.331,25.531,1085,0
INFR.US,D,20180725,000000,25.331,26.058,25.331,26.027,1566,0
INFR.US,D,20180726,000000,25.121,25.649,25.121,25.649,1352,0
INFR.US,D,20180727,000000,25.83,25.865,25.83,25.865,5028,0
INFR.US,D,20180730,000000,25.721,26.012,25.668,25.668,665,0
INFR.US,D,20180801,000000,25.559,25.559,25.559,25.559,2120,0
INFR.US,D,20180802,000000,25.44,25.504,25.394,25.484,1902,0
INFR.US,D,20180803,000000,25.557,25.666,25.557,25.666,552,0
INFR.US,D,20180806,000000,25.666,25.765,25.666,25.676,1245,0
INFR.US,D,20180807,000000,25.775,26.177,25.775,26.177,3287,0
INFR.US,D,20180808,000000,25.738,25.784,25.698,25.784,1065,0
INFR.US,D,20180809,000000,25.666,26.174,25.648,25.711,2067,0
INFR.US,D,20180810,000000,25.711,25.711,25.484,25.484,1539,0
INFR.US,D,20180813,000000,25.257,25.349,25.257,25.34,2356,0
INFR.US,D,20180814,000000,25.331,25.811,25.331,25.811,295,0
INFR.US,D,20180815,000000,25.219,25.219,25.077,25.129,2413,0
INFR.US,D,20180816,000000,25.121,25.214,25.121,25.214,447,0
INFR.US,D,20180817,000000,25.285,25.788,25.285,25.788,318,0
INFR.US,D,20180820,000000,25.214,25.547,25.214,25.547,1581,0
INFR.US,D,20180821,000000,25.393,25.484,25.365,25.475,2494,0
INFR.US,D,20180822,000000,25.327,25.327,25.327,25.327,375,0
INFR.US,D,20180823,000000,25.365,25.557,25.365,25.557,552,0
INFR.US,D,20180827,000000,25.738,25.738,25.531,25.547,944,0
INFR.US,D,20180828,000000,25.516,25.516,25.516,25.516,186,0
INFR.US,D,20180829,000000,25.494,25.731,25.494,25.731,412,0
INFR.US,D,20180830,000000,25.393,25.393,25.393,25.393,262,0
INFR.US,D,20180831,000000,25.365,25.365,25.285,25.285,242,0
INFR.US,D,20180904,000000,25.194,25.402,25.185,25.402,830,0
INFR.US,D,20180905,000000,25.304,25.304,25.304,25.304,186,0
INFR.US,D,20180906,000000,25.197,25.275,25.197,25.275,804,0
INFR.US,D,20180907,000000,25.121,25.154,25.121,25.122,1609,0
INFR.US,D,20180910,000000,25.44,25.44,25.177,25.177,662,0
INFR.US,D,20180911,000000,25.096,25.304,25.096,25.101,551,0
INFR.US,D,20180912,000000,25.185,25.249,25.185,25.249,1080,0
INFR.US,D,20180913,000000,25.275,25.365,25.266,25.365,914,0
INFR.US,D,20180914,000000,25.294,25.294,25.294,25.294,680,0
INFR.US,D,20180917,000000,25.323,25.375,25.323,25.375,221,0
INFR.US,D,20180918,000000,25.411,25.522,25.395,25.522,1162,0
INFR.US,D,20180919,000000,25.314,25.314,25.314,25.314,316,0
INFR.US,D,20180920,000000,25.232,25.349,25.232,25.349,444,0
INFR.US,D,20180921,000000,25.34,25.34,25.34,25.34,221,0
INFR.US,D,20180924,000000,25.331,25.331,25.214,25.214,897,0
INFR.US,D,20180925,000000,25.402,25.411,25.167,25.214,2870,0
INFR.US,D,20180927,000000,24.905,25.003,24.905,25.003,730,0
INFR.US,D,20180928,000000,24.949,25.012,24.921,25.012,1146,0
INFR.US,D,20181001,000000,24.977,25.257,24.977,25.121,882,0
INFR.US,D,20181003,000000,25.393,25.393,25.104,25.104,675,0
INFR.US,D,20181004,000000,24.868,24.868,24.868,24.868,166,0
INFR.US,D,20181005,000000,25.194,25.194,24.733,24.977,1336,0
INFR.US,D,20181008,000000,25.087,25.087,24.897,24.921,1466,0
INFR.US,D,20181009,000000,24.907,24.907,24.907,24.907,2217,0
INFR.US,D,20181010,000000,24.897,24.897,24.897,24.897,1389,0
INFR.US,D,20181011,000000,24.539,24.539,24.456,24.456,494,0
INFR.US,D,20181012,000000,24.52,24.52,24.183,24.202,1692,0
INFR.US,D,20181015,000000,24.219,24.384,24.193,24.384,513,0
INFR.US,D,20181016,000000,24.777,24.93,24.604,24.749,3358,0
INFR.US,D,20181017,000000,24.649,24.649,24.649,24.649,113,0
INFR.US,D,20181018,000000,24.557,24.557,24.475,24.475,500,0
INFR.US,D,20181019,000000,24.637,24.665,24.637,24.665,1219,0
INFR.US,D,20181022,000000,24.696,24.696,24.568,24.665,602,0
INFR.US,D,20181023,000000,24.319,24.465,24.301,24.465,2097,0
INFR.US,D,20181024,000000,24.51,24.52,24.365,24.365,940,0
INFR.US,D,20181025,000000,24.283,24.346,23.99,24.319,2460,0
INFR.US,D,20181026,000000,23.956,24.058,23.918,24.058,798,0
INFR.US,D,20181029,000000,24.219,24.219,24.219,24.219,386,0
INFR.US,D,20181031,000000,24.113,24.174,24.113,24.174,298,0
INFR.US,D,20181101,000000,24.245,24.346,24.245,24.345,1273,0
INFR.US,D,20181102,000000,24.304,24.304,24.273,24.273,555,0
INFR.US,D,20181105,000000,24.377,24.53,24.377,24.53,1210,0
INFR.US,D,20181107,000000,25.023,25.023,25.023,25.023,110,0
INFR.US,D,20181108,000000,24.732,24.732,24.732,24.732,149,0
INFR.US,D,20181109,000000,25.097,25.259,24.878,25.234,1028,0
INFR.US,D,20181112,000000,24.612,24.758,24.612,24.683,388,0
INFR.US,D,20181113,000000,24.675,24.712,24.412,24.585,77546,0
INFR.US,D,20181114,000000,24.683,24.683,24.319,24.622,9184,0
INFR.US,D,20181115,000000,24.604,24.604,24.604,24.604,267,0
INFR.US,D,20181116,000000,24.681,24.767,24.482,24.585,905,0
INFR.US,D,20181120,000000,24.823,24.823,24.712,24.712,233,0
INFR.US,D,20181123,000000,24.657,24.657,24.183,24.565,328,0
INFR.US,D,20181126,000000,24.784,24.784,24.751,24.751,379,0
INFR.US,D,20181127,000000,24.784,24.784,24.784,24.784,329,0
INFR.US,D,20181128,000000,24.761,24.958,24.758,24.958,439,0
INFR.US,D,20181130,000000,24.897,24.977,24.897,24.977,219,0
INFR.US,D,20181204,000000,25.187,25.187,24.958,24.958,241,0
INFR.US,D,20181206,000000,24.859,25.013,24.793,25.013,860,0
INFR.US,D,20181207,000000,25.181,25.19,25.042,25.042,683,0
INFR.US,D,20181210,000000,24.89,24.89,24.712,24.859,765,0
INFR.US,D,20181211,000000,25.044,25.044,25.003,25.003,922,0
INFR.US,D,20181212,000000,25.216,25.216,25.216,25.216,152,0
INFR.US,D,20181213,000000,25.206,25.206,25.206,25.206,841,0
INFR.US,D,20181217,000000,25.023,25.023,24.649,24.649,865,0
INFR.US,D,20181218,000000,24.74,24.74,24.604,24.604,342,0
INFR.US,D,20181219,000000,24.7,24.777,24.604,24.604,1103,0
INFR.US,D,20181220,000000,24.557,24.588,24.463,24.482,1282,0
INFR.US,D,20181221,000000,24.52,24.52,24.127,24.165,798,0
INFR.US,D,20181224,000000,24.121,24.121,23.615,23.615,612,0
INFR.US,D,20181226,000000,23.708,23.727,23.321,23.727,1489,0
INFR.US,D,20181227,000000,23.45,24.104,23.445,24.104,1683,0
INFR.US,D,20181228,000000,24.273,24.538,24.253,24.299,3052,0
INFR.US,D,20181231,000000,24.296,24.313,24.296,24.313,830,0
INFR.US,D,20190102,000000,24.195,24.622,24.195,24.622,1258,0
INFR.US,D,20190103,000000,24.41,24.455,24.363,24.363,654,0
INFR.US,D,20190104,000000,25.037,25.037,25.037,25.037,424,0
INFR.US,D,20190108,000000,24.991,25.056,24.942,25.056,650,0
INFR.US,D,20190109,000000,25.126,25.126,24.812,24.812,1137,0
INFR.US,D,20190110,000000,25.325,25.331,25.325,25.331,326,0
INFR.US,D,20190111,000000,25.284,25.306,25.266,25.266,486,0
INFR.US,D,20190114,000000,25.257,25.285,25.257,25.285,978,0
INFR.US,D,20190116,000000,25.249,25.275,25.249,25.275,542,0
INFR.US,D,20190117,000000,25.654,25.654,25.387,25.442,766,0
INFR.US,D,20190118,000000,25.571,25.571,25.571,25.571,841,0
INFR.US,D,20190122,000000,25.64,25.654,25.603,25.603,483,0
INFR.US,D,20190123,000000,25.589,25.589,25.589,25.589,116,0
INFR.US,D,20190124,000000,25.683,25.683,25.683,25.683,662,0
INFR.US,D,20190125,000000,25.728,25.959,25.561,25.866,1601,0
INFR.US,D,20190129,000000,25.894,25.967,25.894,25.967,5232,0
INFR.US,D,20190130,000000,25.969,26.106,25.969,26.106,534,0
INFR.US,D,20190131,000000,26.145,26.3,26.145,26.3,573,0
INFR.US,D,20190201,000000,26.304,26.304,26.304,26.304,437,0
INFR.US,D,20190204,000000,26.234,26.3,26.188,26.3,1236,0
INFR.US,D,20190205,000000,26.29,26.29,26.29,26.29,184,0
INFR.US,D,20190206,000000,26.145,26.216,26.145,26.216,271,0
INFR.US,D,20190207,000000,26.248,26.248,26.234,26.234,1315,0
INFR.US,D,20190208,000000,26.209,26.437,26.209,26.402,912,0
INFR.US,D,20190211,000000,26.329,26.329,26.153,26.153,972,0
INFR.US,D,20190212,000000,26.058,26.058,26.058,26.058,154,0
INFR.US,D,20190213,000000,25.756,26.244,25.756,26.244,1897,0
INFR.US,D,20190214,000000,26.216,26.374,26.216,26.374,1284,0
INFR.US,D,20190215,000000,26.558,26.558,26.511,26.52,390,0
INFR.US,D,20190219,000000,26.492,26.64,26.492,26.64,513,0
INFR.US,D,20190220,000000,26.695,26.695,26.649,26.649,1105,0
INFR.US,D,20190221,000000,26.699,26.699,26.621,26.624,647,0
INFR.US,D,20190225,000000,27.075,27.075,27.075,27.075,254,0
INFR.US,D,20190226,000000,27.019,27.102,27.019,27.102,648,0
INFR.US,D,20190227,000000,27.156,27.204,27.156,27.204,434,0
INFR.US,D,20190228,000000,26.908,26.908,26.908,26.908,350,0
INFR.US,D,20190304,000000,26.824,26.824,26.824,26.824,108,0
INFR.US,D,20190306,000000,26.89,26.89,26.89,26.89,369,0
INFR.US,D,20190307,000000,27.016,27.019,26.955,26.955,399,0
INFR.US,D,20190308,000000,26.88,26.88,26.87,26.87,879,0
INFR.US,D,20190311,000000,27.082,27.156,27.048,27.156,1361,0
INFR.US,D,20190312,000000,27.294,27.6,27.266,27.286,2070,0
INFR.US,D,20190314,000000,27.342,27.342,27.342,27.342,276,0
INFR.US,D,20190318,000000,27.631,27.631,27.628,27.628,614,0
INFR.US,D,20190319,000000,27.58,27.598,27.508,27.508,694,0
INFR.US,D,20190320,000000,27.452,27.636,27.452,27.636,1158,0
INFR.US,D,20190321,000000,27.729,27.729,27.267,27.57,6321,0
INFR.US,D,20190322,000000,27.678,27.678,27.597,27.597,522,0
INFR.US,D,20190325,000000,27.397,27.444,27.397,27.444,1366,0
INFR.US,D,20190326,000000,28.154,28.154,27.664,27.69,28930,0
INFR.US,D,20190327,000000,27.757,27.801,27.608,27.609,3460,0
INFR.US,D,20190328,000000,27.664,27.693,27.216,27.434,1101,0
INFR.US,D,20190329,000000,27.613,27.613,27.57,27.57,1362,0
INFR.US,D,20190401,000000,27.462,27.553,27.462,27.516,1382,0
INFR.US,D,20190402,000000,27.491,27.491,27.468,27.468,929,0
INFR.US,D,20190403,000000,27.618,27.642,27.553,27.553,1303,0
INFR.US,D,20190404,000000,27.249,27.664,27.249,27.416,2534,0
INFR.US,D,20190405,000000,27.258,27.412,27.258,27.412,781,0
INFR.US,D,20190408,000000,27.566,27.566,27.275,27.35,675,0
INFR.US,D,20190410,000000,27.21,27.418,27.202,27.418,553,0
INFR.US,D,20190412,000000,27.399,27.399,27.356,27.356,2014,0
INFR.US,D,20190415,000000,27.341,27.341,27.23,27.23,1393,0
INFR.US,D,20190416,000000,27.497,27.875,27.327,27.327,26789,0
INFR.US,D,20190417,000000,27.377,27.377,27.377,27.377,188,0
INFR.US,D,20190418,000000,27.312,27.369,27.291,27.303,1875,0
INFR.US,D,20190422,000000,27.303,27.303,27.303,27.303,206,0
INFR.US,D,20190425,000000,27.164,27.164,27.164,27.164,107,0
INFR.US,D,20190429,000000,27.553,27.553,27.553,27.553,269,0
INFR.US,D,20190430,000000,27.437,27.581,27.437,27.581,1224,0
INFR.US,D,20190501,000000,27.917,27.926,27.64,27.64,1150,0
INFR.US,D,20190502,000000,27.769,27.89,27.481,27.89,2720,0
INFR.US,D,20190503,000000,27.794,27.852,27.126,27.562,2877,0
INFR.US,D,20190506,000000,27.471,27.804,27.471,27.778,780,0
INFR.US,D,20190507,000000,27.685,27.685,27.685,27.685,237,0
INFR.US,D,20190508,000000,27.359,27.438,27.359,27.424,2810,0
INFR.US,D,20190509,000000,27.248,27.524,27.103,27.248,2060,0
INFR.US,D,20190510,000000,27.08,27.844,27.08,27.844,913,0
INFR.US,D,20190514,000000,27.74,27.74,27.74,27.74,107,0
INFR.US,D,20190515,000000,27.274,27.274,27.274,27.274,166,0
INFR.US,D,20190516,000000,27.814,27.814,27.814,27.814,435,0
INFR.US,D,20190517,000000,27.632,27.632,27.632,27.632,362,0
INFR.US,D,20190520,000000,27.673,27.833,27.673,27.833,2095,0
INFR.US,D,20190521,000000,27.458,27.458,27.458,27.458,319,0
INFR.US,D,20190523,000000,27.21,27.21,27.21,27.21,240,0
INFR.US,D,20190529,000000,27.394,27.394,27.394,27.394,259,0
INFR.US,D,20190530,000000,27.861,27.861,27.634,27.634,541,0
INFR.US,D,20190531,000000,27.527,27.527,27.527,27.527,110,0
INFR.US,D,20190605,000000,27.861,28.335,27.861,28.335,1002,0
INFR.US,D,20190610,000000,28.734,28.734,28.561,28.687,900,0
INFR.US,D,20190611,000000,28.612,28.622,28.612,28.622,442,0
INFR.US,D,20190612,000000,28.568,28.66,28.568,28.66,1491,0
INFR.US,D,20190613,000000,28.581,28.678,28.571,28.571,3049,0
INFR.US,D,20190614,000000,28.538,28.678,28.409,28.409,750,0
INFR.US,D,20190617,000000,28.92,29.188,28.455,29.188,3696,0
INFR.US,D,20190619,000000,28.782,28.89,28.678,28.678,3086,0
INFR.US,D,20190621,000000,29.078,29.091,28.834,28.834,2280,0
INFR.US,D,20190624,000000,29.198,29.198,28.863,28.863,762,0
INFR.US,D,20190625,000000,28.523,29.041,28.523,29.039,2179,0
INFR.US,D,20190627,000000,28.131,28.289,28.131,28.289,946,0
INFR.US,D,20190705,000000,29.105,29.105,29.105,29.105,177,0
INFR.US,D,20190708,000000,29.105,29.105,28.905,28.905,475,0
INFR.US,D,20190709,000000,27.994,28.679,27.994,28.679,557,0
INFR.US,D,20190710,000000,28.858,28.858,28.858,28.858,462,0
INFR.US,D,20190711,000000,29.455,29.455,29.455,29.455,187,0
INFR.US,D,20190717,000000,29.051,29.051,28.866,28.866,638,0
INFR.US,D,20190718,000000,28.91,28.91,28.69,28.69,425,0
INFR.US,D,20190719,000000,29.37,29.37,28.848,28.848,4059,0
INFR.US,D,20190722,000000,28.361,28.361,28.361,28.361,857,0
INFR.US,D,20190723,000000,28.881,29.597,28.835,28.958,7949,0
INFR.US,D,20190729,000000,28.722,28.722,28.633,28.633,232,0
INFR.US,D,20190730,000000,28.126,28.643,27.942,28.643,753,0
INFR.US,D,20190731,000000,28.203,28.203,28.203,28.203,136,0
INFR.US,D,20190801,000000,28.694,28.694,28.13,28.13,612,0
INFR.US,D,20190802,000000,28.76,28.76,28.178,28.178,1197,0
INFR.US,D,20190806,000000,27.773,27.773,27.283,27.602,1708,0
INFR.US,D,20190807,000000,27.5,27.5,27.5,27.5,108,0
INFR.US,D,20190809,000000,28.769,28.769,28.769,28.769,265,0
INFR.US,D,20190812,000000,28.254,28.421,28.254,28.421,303,0
INFR.US,D,20190813,000000,28.121,28.121,27.932,27.932,1761,0
INFR.US,D,20190814,000000,28.247,28.247,28.247,28.247,539,0
INFR.US,D,20190815,000000,28.242,28.342,28.234,28.328,2424,0
INFR.US,D,20190816,000000,28.647,28.732,28.647,28.732,571,0
INFR.US,D,20190820,000000,28.696,28.696,28.27,28.27,3135,0
INFR.US,D,20190821,000000,28.238,28.238,28.111,28.111,465,0
INFR.US,D,20190822,000000,28.28,29.202,27.562,28.14,31065,0
INFR.US,D,20190823,000000,27.848,28.881,27.773,28.449,56208,0
INFR.US,D,20190826,000000,28.108,29.155,27.753,27.753,47764,0
INFR.US,D,20190827,000000,28.3,28.627,28.137,28.516,25531,0
INFR.US,D,20190828,000000,28.163,28.481,28.022,28.337,18121,0
INFR.US,D,20190829,000000,28.365,28.712,28.147,28.675,64289,0
INFR.US,D,20190830,000000,28.608,28.881,28.583,28.881,2450,0
INFR.US,D,20190903,000000,28.9,28.976,28.845,28.845,769,0
INFR.US,D,20190904,000000,28.524,29.634,28.258,28.93,30107,0
INFR.US,D,20190905,000000,29.332,29.709,28.956,29.024,61104,0
INFR.US,D,20190906,000000,29.268,29.268,28.816,29.117,2820,0
INFR.US,D,20190909,000000,29.226,29.226,29.136,29.226,719,0
INFR.US,D,20190910,000000,28.808,28.808,28.76,28.788,799,0
INFR.US,D,20190912,000000,28.742,28.788,28.742,28.788,592,0
INFR.US,D,20190913,000000,29.048,29.117,28.961,29.07,1316,0
INFR.US,D,20190916,000000,28.467,29.127,28.392,28.9,24608,0
INFR.US,D,20190917,000000,28.93,29.149,28.48,28.742,53286,0
INFR.US,D,20190923,000000,28.627,28.703,28.618,28.627,1950,0
INFR.US,D,20190924,000000,29.164,29.595,29.164,29.467,3112,0
INFR.US,D,20190925,000000,29.694,29.694,29.694,29.694,341,0
INFR.US,D,20190926,000000,29.688,29.688,29.108,29.108,3270,0
INFR.US,D,20190927,000000,29.479,29.479,29.479,29.479,117,0
INFR.US,D,20190930,000000,29.437,29.503,29.024,29.205,28927,0
INFR.US,D,20191001,000000,29.259,29.462,28.647,29.127,30757,0
INFR.US,D,20191003,000000,28.886,28.909,28.886,28.909,4573,0
INFR.US,D,20191004,000000,28.553,29.502,28.553,29.108,3510,0
INFR.US,D,20191007,000000,29.164,29.164,29.164,29.164,600,0
INFR.US,D,20191008,000000,29.333,29.333,29.333,29.333,274,0
INFR.US,D,20191009,000000,29.033,29.485,28.585,29.059,22683,0
INFR.US,D,20191010,000000,29.19,29.19,29.19,29.19,1064,0
INFR.US,D,20191011,000000,29.482,29.482,29.482,29.482,194,0
INFR.US,D,20191014,000000,29.494,29.494,29.236,29.236,1284,0
INFR.US,D,20191015,000000,28.777,29.95,28.502,29.343,52009,0
INFR.US,D,20191016,000000,29.136,29.202,28.928,29.099,9009,0
INFR.US,D,20191017,000000,29.017,29.017,29.017,29.017,258,0
INFR.US,D,20191021,000000,28.947,29.202,28.947,28.947,791,0
INFR.US,D,20191022,000000,29.212,29.676,29.108,29.297,5273,0
INFR.US,D,20191023,000000,29.329,29.679,29.329,29.679,944,0
INFR.US,D,20191024,000000,29.706,29.706,29.706,29.706,320,0
INFR.US,D,20191028,000000,29.524,29.524,29.521,29.521,248,0
INFR.US,D,20191029,000000,29.486,29.486,29.042,29.108,5531,0
INFR.US,D,20191030,000000,29.117,29.117,29.117,29.117,166,0
INFR.US,D,20191031,000000,29.588,29.588,29.241,29.241,819,0
INFR.US,D,20191101,000000,29.269,29.842,29.269,29.842,543,0
INFR.US,D,20191104,000000,29.469,29.469,29.469,29.469,325,0
INFR.US,D,20191105,000000,29.202,29.469,29.202,29.469,2685,0
INFR.US,D,20191107,000000,29.202,29.202,28.848,29.064,11555,0
INFR.US,D,20191108,000000,28.663,29.134,28.634,29.015,30077,0
INFR.US,D,20191112,000000,28.985,29.079,28.862,28.867,21590,0
INFR.US,D,20191114,000000,28.862,28.862,28.862,28.862,324,0
INFR.US,D,20191115,000000,28.926,28.926,28.926,28.926,221,0
INFR.US,D,20191118,000000,28.921,29.274,28.921,29.274,137,0
INFR.US,D,20191119,000000,29.251,29.863,29.079,29.353,19008,0
INFR.US,D,20191120,000000,29.363,29.631,28.978,29.363,26746,0
INFR.US,D,20191121,000000,29.343,29.45,29.207,29.207,319,0
INFR.US,D,20191122,000000,29.248,29.687,28.957,28.961,21116,0
INFR.US,D,20191125,000000,29.146,29.486,29.103,29.108,19948,0
INFR.US,D,20191126,000000,29.117,29.589,29.042,29.444,15745,0
INFR.US,D,20191127,000000,29.136,29.534,29.05,29.444,25071,0
INFR.US,D,20191129,000000,29.136,29.749,28.95,29.353,31050,0
INFR.US,D,20191202,000000,29.099,29.099,28.975,28.975,1130,0
INFR.US,D,20191203,000000,28.777,28.843,28.777,28.843,583,0
INFR.US,D,20191204,000000,28.739,29.05,28.739,28.965,12814,0
INFR.US,D,20191205,000000,28.908,29.256,28.828,29.15,30335,0
INFR.US,D,20191206,000000,28.985,29.657,28.786,29.084,32553,0
INFR.US,D,20191209,000000,29.155,29.155,29.084,29.084,326,0
INFR.US,D,20191210,000000,28.918,28.948,28.913,28.948,1269,0
INFR.US,D,20191211,000000,28.918,29.357,28.918,29.164,13011,0
INFR.US,D,20191213,000000,29.192,29.202,29.183,29.183,587,0
INFR.US,D,20191217,000000,29.629,29.681,29.629,29.681,160,0
INFR.US,D,20191218,000000,29.524,30.094,29.524,29.884,1954,0
INFR.US,D,20191219,000000,29.571,29.858,29.544,29.858,10525,0
INFR.US,D,20191220,000000,29.534,29.77,29.534,29.77,1373,0
INFR.US,D,20191223,000000,29.779,30.155,29.644,29.899,24360,0
INFR.US,D,20191224,000000,30.031,30.234,29.869,29.869,268,0
INFR.US,D,20191226,000000,29.783,29.997,29.783,29.783,2508,0
INFR.US,D,20191227,000000,30.085,30.436,29.935,30.436,54280,0
INFR.US,D,20191230,000000,30.293,30.293,30.15,30.15,684,0
INFR.US,D,20191231,000000,30.224,30.224,29.992,29.992,522,0
INFR.US,D,20200102,000000,30.189,30.277,30.189,30.226,476,0
INFR.US,D,20200103,000000,30.061,30.226,29.946,29.946,2666,0
INFR.US,D,20200106,000000,30.046,30.046,29.803,29.926,1020,0
INFR.US,D,20200108,000000,30.049,30.408,30.049,30.21,871,0
INFR.US,D,20200109,000000,30.361,30.398,30.104,30.104,1616,0
INFR.US,D,20200110,000000,29.94,30.445,29.94,30.16,12977,0
INFR.US,D,20200113,000000,30.388,30.388,30.17,30.383,5688,0
INFR.US,D,20200114,000000,30.664,30.828,30.065,30.608,4381,0
INFR.US,D,20200115,000000,30.797,30.797,30.574,30.593,775,0
INFR.US,D,20200116,000000,30.95,31.171,30.767,30.821,1903,0
INFR.US,D,20200117,000000,31.562,31.562,31.322,31.322,365,0
INFR.US,D,20200121,000000,31.189,31.532,31.189,31.447,2568,0
INFR.US,D,20200122,000000,31.322,31.322,30.757,31.019,1215,0
INFR.US,D,20200123,000000,30.841,31.228,30.841,31.084,681,0
INFR.US,D,20200124,000000,31.393,31.393,31.393,31.393,998,0
INFR.US,D,20200127,000000,31.228,31.372,31.169,31.372,405,0
INFR.US,D,20200128,000000,31.361,31.422,31.235,31.422,1211,0
INFR.US,D,20200131,000000,31.416,31.416,31.114,31.146,483,0
INFR.US,D,20200203,000000,31.142,31.449,31.142,31.374,898,0
INFR.US,D,20200204,000000,31.369,31.572,31.24,31.403,6665,0
INFR.US,D,20200206,000000,31.742,31.95,31.649,31.751,4238,0
INFR.US,D,20200207,000000,31.598,31.777,31.457,31.671,1993,0
INFR.US,D,20200210,000000,31.55,31.565,31.55,31.565,555,0
INFR.US,D,20200211,000000,31.666,32.122,31.666,32.122,9180,0
INFR.US,D,20200212,000000,31.831,32.006,31.788,31.788,2378,0
INFR.US,D,20200213,000000,31.778,31.863,31.626,31.626,742,0
INFR.US,D,20200214,000000,31.918,32.207,31.889,31.889,5213,0
INFR.US,D,20200218,000000,32.104,32.236,32.013,32.013,1715,0
INFR.US,D,20200219,000000,32.458,32.458,32.298,32.298,546,0
INFR.US,D,20200220,000000,32.094,32.094,31.701,32.074,5627,0
INFR.US,D,20200221,000000,31.569,32.217,31.569,31.988,7644,0
INFR.US,D,20200224,000000,31.218,31.331,30.994,31.331,6780,0
INFR.US,D,20200225,000000,30.922,31.06,30.628,30.907,3386,0
INFR.US,D,20200226,000000,30.504,31.114,30.504,30.797,2806,0
INFR.US,D,20200227,000000,30.637,30.647,29.904,30.122,6650,0
INFR.US,D,20200228,000000,28.263,28.571,28.083,28.571,5193,0
INFR.US,D,20200302,000000,29.336,29.485,29.336,29.423,2485,0
INFR.US,D,20200303,000000,29.691,29.798,29.218,29.359,5168,0
INFR.US,D,20200305,000000,30.075,30.324,30.075,30.324,1096,0
INFR.US,D,20200306,000000,29.36,29.784,29.36,29.588,1598,0
INFR.US,D,20200309,000000,27.388,28.303,27.388,27.446,1904,0
INFR.US,D,20200310,000000,27.341,27.341,26.322,26.992,8510,0
INFR.US,D,20200311,000000,25.484,27.694,25.484,25.58,15385,0
INFR.US,D,20200312,000000,23.999,25.219,22.486,25.075,16579,0
INFR.US,D,20200313,000000,24.428,24.428,22.875,24.306,19044,0
INFR.US,D,20200316,000000,20.618,23.962,20.618,22.686,3294,0
INFR.US,D,20200317,000000,22.76,23.228,22.469,23.228,17650,0
INFR.US,D,20200318,000000,23.085,23.124,21.673,21.673,7346,0
INFR.US,D,20200319,000000,21.637,22.156,21.466,21.752,7249,0
INFR.US,D,20200320,000000,21.762,22.199,21.561,21.632,18665,0
INFR.US,D,20200323,000000,21.789,21.826,20.722,20.748,16462,0
INFR.US,D,20200324,000000,20.461,21.618,20.409,21.618,3213,0
INFR.US,D,20200325,000000,21.674,23.431,21.664,23.431,762,0
INFR.US,D,20200326,000000,23.33,23.703,22.666,23.28,10952,0
INFR.US,D,20200327,000000,24.144,24.274,23.952,23.952,7777,0
INFR.US,D,20200331,000000,24.094,24.094,23.961,24.045,990,0
INFR.US,D,20200401,000000,23.304,23.771,22.97,23.338,6697,0
INFR.US,D,20200402,000000,23.323,23.698,22.618,22.857,4237,0
INFR.US,D,20200403,000000,23.333,23.333,22.159,22.517,1120,0
INFR.US,D,20200407,000000,24.371,24.807,23.999,24.26,2514,0
INFR.US,D,20200408,000000,23.651,24.871,23.651,24.5,901,0
INFR.US,D,20200409,000000,24.736,25.628,24.524,25.019,2354,0
INFR.US,D,20200413,000000,25.978,25.978,24.707,25.318,887,0
INFR.US,D,20200414,000000,25.369,25.493,25.082,25.359,2075,0
INFR.US,D,20200415,000000,24.726,24.852,24.413,24.572,2556,0
INFR.US,D,20200416,000000,24.629,24.765,24.514,24.514,2180,0
INFR.US,D,20200417,000000,24.495,25.024,24.381,25.024,19970,0
INFR.US,D,20200420,000000,24.861,25.034,24.766,24.766,1712,0
INFR.US,D,20200421,000000,24.372,24.372,23.949,23.949,551,0
INFR.US,D,20200422,000000,24.573,24.871,24.376,24.563,8569,0
INFR.US,D,20200423,000000,24.429,24.602,24.429,24.602,4294,0
INFR.US,D,20200424,000000,24.338,24.659,24.338,24.559,1078,0
INFR.US,D,20200427,000000,25.078,25.078,25.019,25.019,960,0
INFR.US,D,20200428,000000,25.428,25.529,25.235,25.235,1688,0
INFR.US,D,20200429,000000,25.359,25.706,25.284,25.557,1150,0
INFR.US,D,20200430,000000,25.216,25.216,25.119,25.119,1047,0
INFR.US,D,20200501,000000,24.724,24.871,24.402,24.554,854,0
INFR.US,D,20200504,000000,24.659,24.659,24.659,24.659,856,0
INFR.US,D,20200505,000000,24.976,24.976,24.514,24.74,764,0
INFR.US,D,20200507,000000,24.607,24.607,24.39,24.39,995,0
INFR.US,D,20200508,000000,24.647,24.89,24.647,24.89,954,0
INFR.US,D,20200511,000000,24.966,24.966,24.961,24.966,875,0
INFR.US,D,20200512,000000,25.063,25.063,24.707,24.822,431,0
INFR.US,D,20200514,000000,23.68,24.409,23.68,24.24,3832,0
INFR.US,D,20200515,000000,24.137,24.245,24.058,24.135,4922,0
INFR.US,D,20200519,000000,25.049,25.049,25.024,25.024,247,0
INFR.US,D,20200520,000000,25.005,25.473,25.004,25.279,866,0
INFR.US,D,20200526,000000,25.848,26.119,25.783,25.783,633,0
INFR.US,D,20200527,000000,26.09,26.09,25.927,25.937,555,0
INFR.US,D,20200528,000000,25.984,26.306,25.984,26.306,411,0
INFR.US,D,20200529,000000,26.334,26.334,26.012,26.291,688,0
INFR.US,D,20200601,000000,26.572,26.626,26.451,26.626,376,0
INFR.US,D,20200602,000000,27.165,27.376,26.942,27.252,17780,0
INFR.US,D,20200603,000000,27.577,27.728,27.478,27.478,677,0
INFR.US,D,20200604,000000,27.483,27.483,27.275,27.275,207,0
INFR.US,D,20200605,000000,27.847,27.886,27.602,27.602,751,0
INFR.US,D,20200608,000000,27.899,27.929,27.899,27.929,202,0
INFR.US,D,20200610,000000,27.272,27.562,27.223,27.562,7730,0
INFR.US,D,20200611,000000,26.618,26.618,25.887,26.101,1593,0
INFR.US,D,20200612,000000,27.002,27.002,26.408,26.491,894,0
INFR.US,D,20200615,000000,26.036,26.586,26.036,26.586,531,0
INFR.US,D,20200616,000000,27.079,27.079,26.881,27.012,1759,0
INFR.US,D,20200617,000000,26.765,26.944,26.56,26.797,468,0
INFR.US,D,20200618,000000,26.502,26.625,26.445,26.538,376,0
INFR.US,D,20200619,000000,26.718,26.718,26.367,26.367,577,0
INFR.US,D,20200622,000000,26.359,26.512,26.359,26.429,968,0
INFR.US,D,20200623,000000,26.464,26.464,26.398,26.398,396,0
INFR.US,D,20200624,000000,26.004,26.104,25.971,26.06,4246,0
INFR.US,D,20200625,000000,25.927,25.99,25.763,25.99,543,0
INFR.US,D,20200626,000000,25.726,25.81,25.726,25.726,628,0
INFR.US,D,20200702,000000,26.538,26.594,26.408,26.594,725,0
INFR.US,D,20200706,000000,26.527,26.527,26.445,26.445,208,0
INFR.US,D,20200708,000000,26.311,26.655,26.176,26.43,761,0
INFR.US,D,20200709,000000,26.425,26.425,26.425,26.425,580,0
INFR.US,D,20200710,000000,26.149,26.392,26.075,26.075,1430,0
INFR.US,D,20200713,000000,26.521,26.521,26.095,26.195,1064,0
INFR.US,D,20200714,000000,26.316,26.435,26.049,26.289,2122,0
INFR.US,D,20200715,000000,26.922,26.956,26.922,26.922,1288,0
INFR.US,D,20200716,000000,26.435,26.675,26.435,26.675,379,0
INFR.US,D,20200717,000000,26.727,27.214,26.727,26.946,405,0
INFR.US,D,20200720,000000,26.757,27.292,26.757,27.044,849,0
INFR.US,D,20200721,000000,27.118,27.118,26.64,26.64,450,0
INFR.US,D,20200722,000000,26.513,27.115,26.494,27.003,1107,0
INFR.US,D,20200723,000000,26.869,26.88,26.757,26.88,769,0
INFR.US,D,20200724,000000,27.195,27.195,26.761,26.761,709,0
INFR.US,D,20200728,000000,26.939,26.939,26.878,26.878,251,0
INFR.US,D,20200729,000000,26.757,27.283,26.757,27.079,1318,0
INFR.US,D,20200803,000000,26.398,26.398,26.358,26.398,747,0
INFR.US,D,20200805,000000,27.263,27.263,26.863,26.863,314,0
INFR.US,D,20200806,000000,26.898,26.898,26.898,26.898,286,0
INFR.US,D,20200811,000000,27.866,27.866,27.398,27.398,248,0
INFR.US,D,20200814,000000,27.34,27.34,27.34,27.34,440,0
INFR.US,D,20200817,000000,27.788,27.826,27.169,27.492,4335,0
INFR.US,D,20200820,000000,26.849,26.849,26.849,26.849,6223,0
INFR.US,D,20200821,000000,26.845,27.078,26.845,27.078,564,0
INFR.US,D,20200824,000000,27.418,27.418,27.418,27.418,554,0
INFR.US,D,20200828,000000,27.368,27.368,27.115,27.115,165,0
INFR.US,D,20200903,000000,27.155,27.292,27.155,27.155,2593,0
INFR.US,D,20200908,000000,27.078,27.078,26.811,26.811,856,0
INFR.US,D,20200910,000000,27.15,27.15,27.15,27.15,124,0
INFR.US,D,20200911,000000,27.262,27.262,27.165,27.165,383,0
INFR.US,D,20200915,000000,27.816,27.816,27.427,27.427,517,0
INFR.US,D,20200916,000000,27.778,27.778,27.594,27.756,1274,0
INFR.US,D,20200917,000000,27.214,27.507,27.214,27.507,1873,0
INFR.US,D,20200918,000000,27.573,27.573,27.439,27.439,743,0
INFR.US,D,20200921,000000,26.757,26.757,26.373,26.417,1673,0
INFR.US,D,20200922,000000,26.31,26.353,26.31,26.328,1203,0
INFR.US,D,20200923,000000,26.485,26.485,26.368,26.368,134,0
INFR.US,D,20200924,000000,26.43,26.453,26.367,26.453,683,0
INFR.US,D,20200925,000000,26.289,26.328,26.289,26.328,260,0
INFR.US,D,20200928,000000,26.922,27.069,26.883,26.973,4103,0
INFR.US,D,20201001,000000,27.049,27.049,26.801,26.98,1771,0
INFR.US,D,20201002,000000,26.922,27.292,26.922,27.257,1685,0
INFR.US,D,20201005,000000,27.388,27.418,27.283,27.326,20238,0
INFR.US,D,20201006,000000,27.263,27.398,27.263,27.263,2487,0
INFR.US,D,20201007,000000,27.379,27.588,27.378,27.583,1152,0
INFR.US,D,20201008,000000,27.674,27.9,27.674,27.771,2957,0
INFR.US,D,20201009,000000,27.595,27.64,27.595,27.64,1017,0
INFR.US,D,20201012,000000,27.813,27.813,27.796,27.796,272,0
INFR.US,D,20201013,000000,27.605,27.648,27.605,27.648,519,0
INFR.US,D,20201014,000000,27.654,27.654,27.654,27.654,443,0
INFR.US,D,20201015,000000,27.301,27.508,27.301,27.508,14565,0
INFR.US,D,20201016,000000,27.399,27.466,27.305,27.37,14829,0
INFR.US,D,20201019,000000,27.468,27.468,27.468,27.468,232,0
INFR.US,D,20201021,000000,27.292,27.321,27.283,27.321,744,0
INFR.US,D,20201022,000000,27.301,27.459,27.047,27.159,10437,0
INFR.US,D,20201023,000000,27.008,27.296,27.008,27.263,3042,0
INFR.US,D,20201026,000000,26.958,27.106,26.853,27.005,4318,0
INFR.US,D,20201027,000000,26.851,26.851,26.748,26.748,796,0
INFR.US,D,20201028,000000,25.96,26.057,25.917,25.917,570,0
INFR.US,D,20201030,000000,25.755,25.773,25.689,25.705,1386,0
INFR.US,D,20201102,000000,26.106,26.401,26.106,26.165,1885,0
INFR.US,D,20201103,000000,26.401,27.011,26.401,27.011,1303,0
INFR.US,D,20201104,000000,26.938,27.194,26.938,27.106,2390,0
INFR.US,D,20201105,000000,27.36,27.36,27.35,27.35,505,0
INFR.US,D,20201106,000000,27.263,27.263,27.263,27.263,697,0
INFR.US,D,20201109,000000,28.242,28.38,28.213,28.213,1208,0
INFR.US,D,20201110,000000,28.517,28.663,28.517,28.659,1008,0
INFR.US,D,20201111,000000,28.688,28.737,28.663,28.737,762,0
INFR.US,D,20201113,000000,28.556,28.796,28.556,28.579,1761,0
INFR.US,D,20201116,000000,28.887,28.938,28.74,28.74,555,0
INFR.US,D,20201117,000000,28.828,29.214,28.828,28.938,1789,0
INFR.US,D,20201118,000000,28.928,28.928,28.551,28.611,1553,0
INFR.US,D,20201119,000000,28.35,28.68,28.35,28.68,1995,0
INFR.US,D,20201120,000000,28.673,28.673,28.668,28.668,310,0
INFR.US,D,20201123,000000,28.839,28.874,28.704,28.874,2007,0
INFR.US,D,20201124,000000,29.173,29.291,29.173,29.241,1898,0
INFR.US,D,20201125,000000,29.017,29.022,28.977,29.022,613,0
INFR.US,D,20201127,000000,29.045,29.045,28.979,28.979,374,0
INFR.US,D,20201130,000000,28.884,28.884,28.4,28.4,852,0
INFR.US,D,20201201,000000,28.311,28.86,28.311,28.739,5747,0
INFR.US,D,20201202,000000,28.732,28.845,28.732,28.845,203,0
INFR.US,D,20201203,000000,28.943,28.943,28.856,28.856,231,0
INFR.US,D,20201204,000000,29.009,29.012,28.948,29.012,314,0
INFR.US,D,20201207,000000,28.908,28.972,28.85,28.867,1481,0
INFR.US,D,20201208,000000,28.915,29.065,28.816,28.909,1690,0
INFR.US,D,20201209,000000,28.967,29.07,28.915,29.07,643,0
INFR.US,D,20201210,000000,28.943,28.987,28.943,28.987,439,0
INFR.US,D,20201211,000000,28.86,28.987,28.859,28.971,1072,0
INFR.US,D,20201214,000000,28.782,28.782,28.782,28.782,37,0
INFR.US,D,20201215,000000,28.958,29.051,28.958,29.051,2069,0
INFR.US,D,20201216,000000,29.143,29.143,28.925,29.017,1240,0
INFR.US,D,20201217,000000,29.181,29.181,29.126,29.153,860,0
INFR.US,D,20201218,000000,28.841,28.91,28.841,28.91,312,0
INFR.US,D,20201221,000000,28.487,28.487,28.085,28.319,2528,0
INFR.US,D,20201222,000000,28.467,28.467,28.37,28.37,235,0
INFR.US,D,20201223,000000,28.606,28.606,28.606,28.606,1,0
INFR.US,D,20201224,000000,28.487,28.772,28.487,28.772,729,0
INFR.US,D,20201228,000000,29.019,29.019,28.899,28.899,325,0
INFR.US,D,20201229,000000,29.096,29.096,29.096,29.096,66,0
INFR.US,D,20201230,000000,29.243,29.243,29.129,29.129,251,0
INFR.US,D,20210104,000000,29.392,29.392,28.86,28.928,1181,0
INFR.US,D,20210105,000000,28.516,29.091,28.516,29.091,2724,0
INFR.US,D,20210106,000000,29.548,29.924,29.548,29.914,10661,0
INFR.US,D,20210107,000000,29.775,29.775,29.342,29.539,4994,0
INFR.US,D,20210108,000000,29.746,29.825,29.746,29.765,970,0
INFR.US,D,20210111,000000,29.765,29.825,29.605,29.697,4574,0
INFR.US,D,20210112,000000,29.648,29.702,29.648,29.702,445,0
INFR.US,D,20210113,000000,29.706,29.706,29.706,29.706,317,0
INFR.US,D,20210114,000000,29.489,29.998,29.489,29.998,13087,0
INFR.US,D,20210115,000000,29.854,29.854,29.725,29.725,921,0
INFR.US,D,20210119,000000,29.785,29.864,29.785,29.864,601,0
INFR.US,D,20210120,000000,29.234,29.686,29.234,29.667,622,0
INFR.US,D,20210121,000000,29.352,29.569,29.352,29.539,3753,0
INFR.US,D,20210122,000000,29.26,29.299,29.26,29.299,429,0
INFR.US,D,20210125,000000,29.342,29.489,29.273,29.303,2283,0
INFR.US,D,20210126,000000,29.392,29.392,29.259,29.259,1043,0
INFR.US,D,20210127,000000,29.018,29.018,28.486,28.643,8012,0
INFR.US,D,20210128,000000,29.028,29.189,28.821,28.821,2264,0
INFR.US,D,20210129,000000,28.535,28.535,28.471,28.491,1117,0
INFR.US,D,20210201,000000,28.663,29.332,28.663,28.934,32784,0
INFR.US,D,20210202,000000,28.958,29.046,28.95,29.046,1300,0
INFR.US,D,20210203,000000,29.15,29.283,29.15,29.283,897,0
INFR.US,D,20210204,000000,29.283,29.307,29.038,29.307,22937,0
INFR.US,D,20210205,000000,29.775,29.952,29.451,29.693,4817,0
INFR.US,D,20210208,000000,29.884,29.884,29.353,29.358,5538,0
INFR.US,D,20210209,000000,29.352,29.582,29.352,29.582,1138,0
INFR.US,D,20210211,000000,29.904,29.904,29.594,29.594,1563,0
INFR.US,D,20210212,000000,29.524,29.746,29.524,29.691,1246,0
INFR.US,D,20210216,000000,30.002,30.002,29.539,29.564,12777,0
INFR.US,D,20210217,000000,29.483,29.483,29.481,29.481,296,0
INFR.US,D,20210218,000000,29.322,29.362,29.322,29.362,704,0
INFR.US,D,20210219,000000,29.406,29.45,29.401,29.45,842,0
INFR.US,D,20210222,000000,29.349,29.509,29.349,29.509,858,0
INFR.US,D,20210223,000000,29.608,29.608,29.362,29.382,780,0
INFR.US,D,20210224,000000,29.668,29.755,29.668,29.755,835,0
INFR.US,D,20210225,000000,29.962,29.962,29.365,29.365,73824,0
INFR.US,D,20210226,000000,29.293,29.372,29.008,29.175,2895,0
INFR.US,D,20210301,000000,29.352,29.441,29.332,29.435,4045,0
INFR.US,D,20210302,000000,29.234,29.337,29.234,29.337,484,0
INFR.US,D,20210303,000000,29.096,29.185,29.008,29.164,5721,0
INFR.US,D,20210304,000000,29.18,29.18,28.801,28.864,2413,0
INFR.US,D,20210305,000000,28.868,29.145,28.752,29.126,3924,0
INFR.US,D,20210308,000000,29.185,29.774,29.185,29.554,6835,0
INFR.US,D,20210309,000000,29.598,30.189,29.598,30.007,22990,0
INFR.US,D,20210310,000000,29.992,30.12,29.816,30.12,11580,0
INFR.US,D,20210311,000000,30.091,30.534,30.091,30.356,15182,0
INFR.US,D,20210312,000000,29.983,30.514,29.983,30.297,15736,0
INFR.US,D,20210315,000000,29.706,30.373,29.706,30.373,2803,0
INFR.US,D,20210316,000000,30.218,30.464,30.218,30.415,2784,0
INFR.US,D,20210317,000000,30.101,30.573,30.091,30.573,10017,0
INFR.US,D,20210318,000000,30.159,30.317,30.103,30.135,2071,0
INFR.US,D,20210319,000000,29.864,30.375,29.864,30.375,3823,0
INFR.US,D,20210322,000000,30.78,30.78,30.338,30.338,2469,0
INFR.US,D,20210323,000000,30.268,30.573,30.012,30.081,5442,0
INFR.US,D,20210324,000000,29.942,30.454,29.942,30.307,4599,0
INFR.US,D,20210325,000000,30.071,30.661,30.048,30.534,4320,0
INFR.US,D,20210326,000000,30.357,30.711,30.357,30.711,60884,0
INFR.US,D,20210329,000000,30.573,30.79,30.541,30.79,2864,0
INFR.US,D,20210330,000000,30.514,30.558,30.287,30.445,5533,0
INFR.US,D,20210331,000000,30.996,30.996,30.318,30.484,5337,0
INFR.US,D,20210401,000000,31.223,31.223,30.445,30.602,8362,0
INFR.US,D,20210405,000000,31.251,31.567,30.78,30.897,10387,0
INFR.US,D,20210406,000000,30.77,30.828,30.716,30.76,3980,0
INFR.US,D,20210407,000000,30.683,30.77,30.636,30.735,1566,0
INFR.US,D,20210408,000000,30.691,30.691,30.691,30.691,291,0
INFR.US,D,20210412,000000,30.804,30.917,30.804,30.829,3097,0
INFR.US,D,20210413,000000,30.809,30.898,30.72,30.884,20052,0
INFR.US,D,20210414,000000,30.809,31.086,30.809,30.958,6738,0
INFR.US,D,20210415,000000,30.869,31.264,30.869,31.086,8667,0
INFR.US,D,20210416,000000,31.088,31.254,31.067,31.254,5273,0
INFR.US,D,20210419,000000,31.432,31.432,31.05,31.124,3114,0
INFR.US,D,20210420,000000,30.928,30.978,30.889,30.948,2386,0
INFR.US,D,20210421,000000,31.077,31.253,31.077,31.253,4327,0
INFR.US,D,20210422,000000,31.215,31.413,30.987,31.042,7813,0
INFR.US,D,20210423,000000,31.067,31.432,31.065,31.378,5025,0
INFR.US,D,20210426,000000,31.61,31.61,31.205,31.271,19917,0
INFR.US,D,20210427,000000,31.146,31.185,31.121,31.14,1019,0
INFR.US,D,20210428,000000,31.373,31.373,31.146,31.146,1304,0
INFR.US,D,20210429,000000,31.155,31.155,31.007,31.115,1259,0
INFR.US,D,20210430,000000,31.096,31.096,31.047,31.096,1150,0
INFR.US,D,20210503,000000,30.997,31.383,30.997,31.383,1819,0
INFR.US,D,20210504,000000,31.033,31.116,31.017,31.116,1212,0
INFR.US,D,20210505,000000,31.185,31.278,31.185,31.278,620,0
INFR.US,D,20210506,000000,31.719,31.719,31.314,31.609,3686,0
INFR.US,D,20210507,000000,31.927,31.927,31.699,31.917,3874,0
INFR.US,D,20210510,000000,31.887,32.095,31.887,31.986,2233,0
INFR.US,D,20210511,000000,31.551,31.561,31.462,31.561,1773,0
INFR.US,D,20210512,000000,32.253,32.253,31.047,31.076,5882,0
INFR.US,D,20210513,000000,30.987,31.324,30.987,31.268,2529,0
INFR.US,D,20210514,000000,31.195,31.709,31.195,31.634,3887,0
INFR.US,D,20210517,000000,32.322,32.322,31.457,31.467,3055,0
INFR.US,D,20210518,000000,32.006,32.006,31.413,31.413,1570,0
INFR.US,D,20210519,000000,31.126,31.343,31.117,31.165,1713,0
INFR.US,D,20210520,000000,31.343,31.384,31.343,31.384,471,0
INFR.US,D,20210521,000000,31.877,31.877,31.281,31.353,652,0
INFR.US,D,20210524,000000,31.937,31.937,31.447,31.447,859,0
INFR.US,D,20210525,000000,31.383,31.383,31.283,31.283,357,0
INFR.US,D,20210526,000000,31.155,31.521,31.155,31.477,1608,0
INFR.US,D,20210527,000000,31.432,31.511,31.403,31.45,1300,0
INFR.US,D,20210528,000000,31.867,31.867,31.53,31.53,871,0
INFR.US,D,20210601,000000,31.62,31.62,31.467,31.467,555,0
INFR.US,D,20210602,000000,31.581,31.709,31.581,31.648,818,0
INFR.US,D,20210603,000000,31.689,31.689,31.61,31.61,264,0
INFR.US,D,20210607,000000,32.223,32.223,31.838,31.848,888,0
INFR.US,D,20210608,000000,31.764,31.838,31.764,31.778,506,0
INFR.US,D,20210609,000000,31.887,31.887,31.749,31.807,819,0
INFR.US,D,20210610,000000,31.877,31.897,31.81,31.81,3701,0
INFR.US,D,20210611,000000,32.134,32.134,31.937,31.937,676,0
INFR.US,D,20210614,000000,31.937,31.937,31.937,31.937,146,0
INFR.US,D,20210615,000000,32.016,32.026,31.946,31.946,1530,0
INFR.US,D,20210616,000000,32.016,32.075,31.756,31.756,845,0
INFR.US,D,20210617,000000,31.472,31.739,31.462,31.462,1321,0
INFR.US,D,20210618,000000,30.968,31.027,30.867,30.867,719,0
INFR.US,D,20210621,000000,30.602,31.205,30.602,31.185,3374,0
INFR.US,D,20210622,000000,31.007,31.086,31.007,31.086,532,0
INFR.US,D,20210623,000000,30.859,30.877,30.839,30.839,1721,0
INFR.US,D,20210624,000000,30.814,30.948,30.804,30.948,2450,0
INFR.US,D,20210625,000000,31.007,31.017,31,31,2975,0
INFR.US,D,20210628,000000,30.938,30.978,30.917,30.917,1338,0
INFR.US,D,20210629,000000,30.898,30.898,30.767,30.782,3849,0
INFR.US,D,20210630,000000,30.602,30.621,30.552,30.621,968,0
INFR.US,D,20210701,000000,30.73,30.809,30.73,30.801,1845,0
INFR.US,D,20210702,000000,30.824,30.869,30.824,30.869,588,0
INFR.US,D,20210706,000000,30.76,30.76,30.76,30.76,289,0
INFR.US,D,20210707,000000,31.086,31.225,31.086,31.096,3219,0
INFR.US,D,20210708,000000,30.73,30.76,30.73,30.76,1144,0
INFR.US,D,20210709,000000,31.04,31.04,31.04,31.04,327,0
INFR.US,D,20210712,000000,30.94,30.985,30.8914,30.985,1590,0
INFR.US,D,20210713,000000,30.925,30.99,30.8001,30.8828,1398,0
INFR.US,D,20210714,000000,30.99,31.02,30.9,30.9,1709,0
INFR.US,D,20210719,000000,30.83,30.83,30.137,30.21,3202,0
INFR.US,D,20210720,000000,30.36,30.4499,30.302,30.35,1653,0
INFR.US,D,20210721,000000,30.51,30.69,30.51,30.645,5338,0
INFR.US,D,20210722,000000,30.8386,30.8386,30.78,30.78,717,0
INFR.US,D,20210723,000000,30.89,31.005,30.89,31.005,299,0
INFR.US,D,20210726,000000,30.96,31.01,30.9,30.985,4132,0
INFR.US,D,20210727,000000,31.04,31.05,30.9956,30.9956,2066,0
INFR.US,D,20210728,000000,30.915,31.02,30.85,31.02,731,0
INFR.US,D,20210729,000000,31.14,31.27,31.06,31.1264,2618,0
INFR.US,D,20210802,000000,31.065,31.065,31,31,1449,0
INFR.US,D,20210803,000000,30.99,31.11,30.93,31.11,1687,0
INFR.US,D,20210804,000000,31.02,31.02,30.985,30.985,599,0
INFR.US,D,20210805,000000,31.14,31.19,31.02,31.02,1501,0
INFR.US,D,20210809,000000,32,32,31.0309,31.0309,1556,0
INFR.US,D,20210810,000000,30.87,31.08,30.87,31.065,3032,0
INFR.US,D,20210811,000000,31.1598,31.3,31.1598,31.3,1401,0
INFR.US,D,20210812,000000,31.93,31.93,31.27,31.315,1073,0
INFR.US,D,20210813,000000,31.32,31.41,31.32,31.3781,5991,0
INFR.US,D,20210816,000000,31.415,31.4196,31.415,31.4196,275,0
INFR.US,D,20210817,000000,31.0016,31.17,31.0016,31.17,434,0
INFR.US,D,20210818,000000,31.32,31.381,31.32,31.35,5970,0
INFR.US,D,20210819,000000,31.2499,31.2499,31.1483,31.1483,946,0
INFR.US,D,20210820,000000,31.24,31.3505,31.22,31.3505,1046,0
INFR.US,D,20210823,000000,31.79,31.79,31.37,31.435,1084,0
INFR.US,D,20210824,000000,31.26,31.28,31.26,31.28,469,0
INFR.US,D,20210825,000000,31.1143,31.2816,31.0924,31.2816,1136,0
INFR.US,D,20210826,000000,30.9901,31.13,30.9901,31.08,606,0
INFR.US,D,20210827,000000,31.3353,31.3353,31.28,31.28,332,0
INFR.US,D,20210830,000000,31.21,31.25,31.21,31.24,481,0
INFR.US,D,20210831,000000,31.2601,31.3099,31.2601,31.2799,2792,0
INFR.US,D,20210901,000000,31.54,31.72,31.54,31.695,320,0
