<TICKER>,<PER>,<DATE>,<TIME>,<OPEN>,<HIGH>,<LOW>,<CLOSE>,<VOL>,<OPENINT>
ISDX.US,D,20180914,000000,23.407,23.497,23.407,23.497,323,0
ISDX.US,D,20180918,000000,24.103,24.103,24.103,24.103,213,0
ISDX.US,D,20181001,000000,24.094,24.094,24.094,24.094,149,0
ISDX.US,D,20181011,000000,23.127,23.127,22.614,22.614,967,0
ISDX.US,D,20181016,000000,22.957,22.957,22.957,22.957,323,0
ISDX.US,D,20181024,000000,22.057,22.057,22.057,22.057,110,0
ISDX.US,D,20181026,000000,22.047,22.047,21.637,21.822,326,0
ISDX.US,D,20181031,000000,22.157,22.177,22.157,22.177,752,0
ISDX.US,D,20181106,000000,22.392,22.392,22.392,22.392,212,0
ISDX.US,D,20181120,000000,21.88,21.88,21.749,21.749,645,0
ISDX.US,D,20181211,000000,21.637,21.637,21.637,21.637,213,0
ISDX.US,D,20181224,000000,20.896,20.896,20.896,20.896,211,0
ISDX.US,D,20190104,000000,21.366,21.366,21.366,21.366,109,0
ISDX.US,D,20190123,000000,21.366,22.088,21.366,22.003,320,0
ISDX.US,D,20190315,000000,23.244,23.244,23.244,23.244,425,0
ISDX.US,D,20190319,000000,23.366,23.459,23.366,23.459,1165,0
ISDX.US,D,20190401,000000,23.459,23.459,23.459,23.459,396,0
ISDX.US,D,20190411,000000,23.724,23.724,23.724,23.724,108,0
ISDX.US,D,20190415,000000,23.733,23.855,23.733,23.855,318,0
ISDX.US,D,20190501,000000,23.658,23.658,23.658,23.658,1697,0
ISDX.US,D,20190502,000000,23.487,23.546,23.421,23.546,67874,0
ISDX.US,D,20190503,000000,23.639,23.639,23.629,23.629,798,0
ISDX.US,D,20190506,000000,23.289,23.366,23.289,23.366,607,0
ISDX.US,D,20190509,000000,22.784,22.784,22.784,22.784,274,0
ISDX.US,D,20190510,000000,22.818,22.978,22.818,22.978,7753,0
ISDX.US,D,20190517,000000,22.949,22.949,22.949,22.949,8975,0
ISDX.US,D,20190520,000000,22.808,22.836,22.808,22.836,1157,0
ISDX.US,D,20190522,000000,22.855,22.855,22.855,22.855,5599,0
ISDX.US,D,20190523,000000,22.704,22.704,22.544,22.544,371,0
ISDX.US,D,20190524,000000,22.771,22.771,22.771,22.771,210,0
ISDX.US,D,20190528,000000,22.836,22.836,22.685,22.685,2383,0
ISDX.US,D,20190603,000000,22.544,22.544,22.544,22.544,166,0
ISDX.US,D,20190604,000000,22.828,22.828,22.828,22.828,142,0
ISDX.US,D,20190610,000000,23.289,23.289,23.272,23.272,3446,0
ISDX.US,D,20190611,000000,23.376,23.376,23.376,23.376,3223,0
ISDX.US,D,20190613,000000,23.205,23.445,23.205,23.445,6634,0
ISDX.US,D,20190614,000000,23.215,23.215,23.121,23.121,9651,0
ISDX.US,D,20190617,000000,23.121,23.121,23.094,23.094,8599,0
ISDX.US,D,20190618,000000,23.336,23.441,23.336,23.441,7889,0
ISDX.US,D,20190619,000000,23.421,23.421,23.414,23.414,6056,0
ISDX.US,D,20190620,000000,23.763,23.763,23.639,23.705,65796,0
ISDX.US,D,20190624,000000,23.677,23.733,23.668,23.733,918,0
ISDX.US,D,20190626,000000,23.62,23.62,23.62,23.62,6427,0
ISDX.US,D,20190701,000000,24.028,24.028,23.866,23.981,39756,0
ISDX.US,D,20190702,000000,23.981,23.981,23.828,23.856,10657,0
ISDX.US,D,20190703,000000,23.981,23.981,23.981,23.981,190,0
ISDX.US,D,20190705,000000,23.819,23.819,23.819,23.819,3887733,0
ISDX.US,D,20190708,000000,23.753,23.763,23.705,23.714,38180,0
ISDX.US,D,20190709,000000,23.598,23.601,23.598,23.601,7541,0
ISDX.US,D,20190710,000000,23.695,23.743,23.693,23.695,4098,0
ISDX.US,D,20190711,000000,23.695,23.717,23.668,23.668,4155,0
ISDX.US,D,20190712,000000,23.695,23.772,23.695,23.772,3844,0
ISDX.US,D,20190715,000000,23.819,23.819,23.757,23.791,2356,0
ISDX.US,D,20190716,000000,23.733,23.733,23.648,23.673,7328,0
ISDX.US,D,20190717,000000,23.63,23.653,23.615,23.625,5515,0
ISDX.US,D,20190718,000000,23.495,23.502,23.495,23.495,11188,0
ISDX.US,D,20190719,000000,23.62,23.679,23.62,23.624,6499,0
ISDX.US,D,20190722,000000,23.705,23.705,23.653,23.686,4284,0
ISDX.US,D,20190723,000000,23.772,23.801,23.754,23.763,12378,0
ISDX.US,D,20190724,000000,23.791,23.796,23.772,23.792,3426,0
ISDX.US,D,20190725,000000,23.668,23.673,23.555,23.573,5309,0
ISDX.US,D,20190726,000000,23.658,23.658,23.648,23.651,3849,0
ISDX.US,D,20190729,000000,23.639,23.655,23.619,23.63,5701,0
ISDX.US,D,20190730,000000,23.467,23.467,23.402,23.419,4596,0
ISDX.US,D,20190731,000000,23.476,23.476,23.231,23.231,10494,0
ISDX.US,D,20190801,000000,23.231,23.359,23.189,23.189,3808,0
ISDX.US,D,20190802,000000,22.879,22.879,22.765,22.822,14244,0
ISDX.US,D,20190805,000000,22.442,22.442,22.309,22.309,8362,0
ISDX.US,D,20190806,000000,22.498,22.498,22.328,22.347,5944,0
ISDX.US,D,20190807,000000,22.396,22.577,22.381,22.528,11154,0
ISDX.US,D,20190808,000000,22.822,22.822,22.748,22.748,49505,0
ISDX.US,D,20190809,000000,22.613,22.671,22.557,22.66,7489,0
ISDX.US,D,20190812,000000,22.547,22.547,22.386,22.442,4788,0
ISDX.US,D,20190813,000000,22.547,22.557,22.538,22.557,9172,0
ISDX.US,D,20190814,000000,22.146,22.176,22.082,22.097,7417,0
ISDX.US,D,20190815,000000,22.092,22.136,22.07,22.092,43692,0
ISDX.US,D,20190816,000000,22.347,22.351,22.29,22.328,9865,0
ISDX.US,D,20190819,000000,22.581,22.581,22.523,22.538,7161,0
ISDX.US,D,20190820,000000,22.423,22.445,22.413,22.439,4035,0
ISDX.US,D,20190821,000000,22.586,22.65,22.586,22.605,9800,0
ISDX.US,D,20190822,000000,22.605,22.65,22.506,22.508,13042,0
ISDX.US,D,20190823,000000,22.391,22.423,22.252,22.304,11072,0
ISDX.US,D,20190826,000000,22.318,22.43,22.318,22.347,5507,0
ISDX.US,D,20190827,000000,22.48,22.48,22.338,22.46,15907,0
ISDX.US,D,20190828,000000,22.396,22.538,22.396,22.451,7715,0
ISDX.US,D,20190829,000000,22.67,22.708,22.66,22.708,9486,0
ISDX.US,D,20190830,000000,22.802,22.802,22.688,22.758,2545,0
ISDX.US,D,20190903,000000,22.66,22.67,22.496,22.64,104448,0
ISDX.US,D,20190904,000000,22.954,23.05,22.954,23.05,7604,0
ISDX.US,D,20190905,000000,23.259,23.26,23.202,23.202,8664,0
ISDX.US,D,20190906,000000,23.27,23.364,23.27,23.296,6406,0
ISDX.US,D,20190909,000000,23.374,23.403,23.324,23.324,29787,0
ISDX.US,D,20190910,000000,23.439,23.555,23.439,23.486,4814,0
ISDX.US,D,20190911,000000,23.601,23.648,23.591,23.625,13293,0
ISDX.US,D,20190912,000000,23.658,23.794,23.658,23.772,86819,0
ISDX.US,D,20190913,000000,23.924,23.924,23.895,23.895,2883,0
ISDX.US,D,20190916,000000,23.838,23.848,23.81,23.848,4210,0
ISDX.US,D,20190917,000000,23.782,23.867,23.782,23.838,7113,0
ISDX.US,D,20190918,000000,23.83,23.83,23.705,23.705,10718,0
ISDX.US,D,20190919,000000,23.935,23.946,23.791,23.791,8992,0
ISDX.US,D,20190920,000000,23.935,23.935,23.886,23.886,2764,0
ISDX.US,D,20190923,000000,23.675,23.761,23.58,23.656,29405,0
ISDX.US,D,20190924,000000,23.771,23.771,23.599,23.599,15553,0
ISDX.US,D,20190925,000000,23.473,23.574,23.473,23.565,4479,0
ISDX.US,D,20190926,000000,23.662,23.666,23.605,23.619,21937,0
ISDX.US,D,20190927,000000,23.599,23.654,23.483,23.483,5396,0
ISDX.US,D,20190930,000000,23.58,23.58,23.502,23.502,9389,0
ISDX.US,D,20191001,000000,23.512,23.512,23.283,23.301,7786,0
ISDX.US,D,20191002,000000,22.995,22.995,22.811,22.911,11570,0
ISDX.US,D,20191003,000000,22.739,22.956,22.739,22.921,8176,0
ISDX.US,D,20191004,000000,22.995,23.094,22.995,23.094,22549,0
ISDX.US,D,20191007,000000,23.157,23.217,23.128,23.128,7029,0
ISDX.US,D,20191008,000000,22.896,22.939,22.872,22.872,7628,0
ISDX.US,D,20191009,000000,22.956,23.015,22.956,22.989,6771,0
ISDX.US,D,20191010,000000,23.005,23.147,23.005,23.138,5021,0
ISDX.US,D,20191011,000000,23.532,23.675,23.532,23.641,595,0
ISDX.US,D,20191014,000000,23.512,23.552,23.483,23.552,11913,0
ISDX.US,D,20191015,000000,23.589,23.764,23.589,23.704,12909,0
ISDX.US,D,20191016,000000,23.713,23.767,23.713,23.723,5796,0
ISDX.US,D,20191017,000000,23.876,23.876,23.781,23.809,7449,0
ISDX.US,D,20191018,000000,23.785,23.79,23.723,23.752,4560,0
ISDX.US,D,20191021,000000,23.895,23.959,23.886,23.905,55753,0
ISDX.US,D,20191022,000000,23.915,23.981,23.905,23.915,6648,0
ISDX.US,D,20191023,000000,23.945,23.966,23.945,23.952,2638,0
ISDX.US,D,20191024,000000,24,24.019,23.935,24.019,6264,0
ISDX.US,D,20191025,000000,24.061,24.061,24.029,24.038,5364,0
ISDX.US,D,20191028,000000,24.144,24.162,24.117,24.117,4834,0
ISDX.US,D,20191029,000000,24.048,24.145,24.048,24.097,17212,0
ISDX.US,D,20191030,000000,24.067,24.145,24.057,24.145,4859,0
ISDX.US,D,20191031,000000,24,24.025,23.962,23.99,17218,0
ISDX.US,D,20191101,000000,24.297,24.307,24.289,24.307,5332,0
ISDX.US,D,20191104,000000,24.497,24.51,24.479,24.506,16781,0
ISDX.US,D,20191105,000000,24.489,24.535,24.489,24.535,19769,0
ISDX.US,D,20191106,000000,24.54,24.54,24.46,24.497,8617,0
ISDX.US,D,20191107,000000,24.652,24.652,24.373,24.373,4486,0
ISDX.US,D,20191108,000000,24.535,24.545,24.497,24.516,24068,0
ISDX.US,D,20191111,000000,24.545,24.565,24.516,24.516,4598,0
ISDX.US,D,20191112,000000,24.598,24.609,24.535,24.555,3945,0
ISDX.US,D,20191113,000000,24.46,24.489,24.451,24.489,18876,0
ISDX.US,D,20191114,000000,24.422,24.432,24.393,24.422,61255,0
ISDX.US,D,20191115,000000,24.555,24.652,24.555,24.642,16514,0
ISDX.US,D,20191118,000000,24.479,24.583,24.475,24.575,8131,0
ISDX.US,D,20191119,000000,24.555,24.555,24.497,24.497,16670,0
ISDX.US,D,20191120,000000,24.364,24.421,24.249,24.297,10156,0
ISDX.US,D,20191121,000000,24.316,24.316,24.269,24.279,31823,0
ISDX.US,D,20191122,000000,24.333,24.382,24.316,24.325,5745,0
ISDX.US,D,20191125,000000,24.506,24.535,24.497,24.516,6257,0
ISDX.US,D,20191126,000000,24.516,24.555,24.497,24.55,6972,0
ISDX.US,D,20191127,000000,24.575,24.588,24.546,24.588,4955,0
ISDX.US,D,20191129,000000,24.473,24.473,24.432,24.441,4249,0
ISDX.US,D,20191202,000000,24.307,24.325,24.239,24.297,10483,0
ISDX.US,D,20191203,000000,24.107,24.153,24.107,24.153,5823,0
ISDX.US,D,20191204,000000,24.354,24.402,24.354,24.364,6990,0
ISDX.US,D,20191205,000000,24.354,24.364,24.334,24.364,5784,0
ISDX.US,D,20191206,000000,24.623,24.623,24.555,24.584,2420,0
ISDX.US,D,20191209,000000,24.555,24.623,24.516,24.535,11383,0
ISDX.US,D,20191210,000000,24.506,24.506,24.489,24.497,10688,0
ISDX.US,D,20191211,000000,24.555,24.671,24.555,24.671,12038,0
ISDX.US,D,20191212,000000,24.852,24.852,24.756,24.775,16334,0
ISDX.US,D,20191213,000000,25.015,25.061,24.987,25.023,8093,0
ISDX.US,D,20191216,000000,25.293,25.32,25.274,25.274,2667,0
ISDX.US,D,20191217,000000,25.215,25.246,25.196,25.196,5472,0
ISDX.US,D,20191218,000000,25.136,25.154,25.128,25.154,3283,0
ISDX.US,D,20191219,000000,25.139,25.149,25.139,25.139,20772,0
ISDX.US,D,20191220,000000,25.215,25.254,25.196,25.215,2991,0
ISDX.US,D,20191223,000000,25.186,25.227,25.176,25.224,8678,0
ISDX.US,D,20191224,000000,25.169,25.205,25.169,25.169,4566,0
ISDX.US,D,20191226,000000,25.303,25.321,25.264,25.302,11749,0
ISDX.US,D,20191227,000000,25.321,25.398,25.321,25.388,5749,0
ISDX.US,D,20191230,000000,25.359,25.359,25.215,25.215,4087,0
ISDX.US,D,20191231,000000,25.215,25.224,25.169,25.215,18598,0
ISDX.US,D,20200102,000000,25.388,25.417,25.349,25.407,9433,0
ISDX.US,D,20200103,000000,25.176,25.274,25.1,25.1,19687,0
ISDX.US,D,20200106,000000,25.274,25.285,25.254,25.269,120545,0
ISDX.US,D,20200107,000000,25.274,25.303,25.225,25.234,13921,0
ISDX.US,D,20200108,000000,25.234,25.34,25.234,25.281,6301,0
ISDX.US,D,20200109,000000,25.283,25.296,25.234,25.274,7358,0
ISDX.US,D,20200110,000000,25.274,25.321,25.224,25.224,8067,0
ISDX.US,D,20200113,000000,25.303,25.369,25.283,25.34,10939,0
ISDX.US,D,20200114,000000,25.34,25.407,25.331,25.378,7805,0
ISDX.US,D,20200115,000000,25.427,25.454,25.359,25.359,5926,0
ISDX.US,D,20200116,000000,25.476,25.514,25.447,25.476,6075,0
ISDX.US,D,20200117,000000,25.571,25.581,25.543,25.561,4305,0
ISDX.US,D,20200121,000000,25.533,25.533,25.369,25.369,11222,0
ISDX.US,D,20200122,000000,25.466,25.466,25.375,25.388,6321,0
ISDX.US,D,20200123,000000,25.205,25.249,25.163,25.249,17584,0
ISDX.US,D,20200124,000000,25.316,25.316,25.129,25.129,10712,0
ISDX.US,D,20200127,000000,24.695,24.695,24.668,24.668,10323,0
ISDX.US,D,20200128,000000,24.772,24.877,24.772,24.841,8892,0
ISDX.US,D,20200129,000000,24.907,24.907,24.841,24.887,9080,0
ISDX.US,D,20200130,000000,24.629,24.763,24.522,24.763,8330,0
ISDX.US,D,20200131,000000,24.446,24.456,24.263,24.311,12613,0
ISDX.US,D,20200203,000000,24.485,24.485,24.398,24.451,16007,0
ISDX.US,D,20200204,000000,24.822,24.841,24.772,24.792,4851,0
ISDX.US,D,20200205,000000,25.05,25.05,25.04,25.04,6926,0
ISDX.US,D,20200206,000000,25.12,25.176,25.06,25.08,14357,0
ISDX.US,D,20200207,000000,24.892,24.917,24.763,24.802,6592,0
ISDX.US,D,20200210,000000,24.851,24.851,24.792,24.832,7614,0
ISDX.US,D,20200211,000000,25.1,25.1,25.014,25.014,14495,0
ISDX.US,D,20200212,000000,25.139,25.151,25.1,25.11,22534,0
ISDX.US,D,20200213,000000,24.966,25.05,24.961,24.976,3556,0
ISDX.US,D,20200214,000000,24.971,24.971,24.877,24.927,8779,0
ISDX.US,D,20200218,000000,24.841,24.877,24.792,24.812,11686,0
ISDX.US,D,20200219,000000,24.897,24.93,24.877,24.93,12377,0
ISDX.US,D,20200220,000000,24.705,24.715,24.668,24.705,5554,0
ISDX.US,D,20200221,000000,24.629,24.705,24.599,24.599,13126,0
ISDX.US,D,20200224,000000,23.743,23.772,23.638,23.638,27158,0
ISDX.US,D,20200225,000000,23.705,23.705,23.236,23.244,28471,0
ISDX.US,D,20200226,000000,23.502,23.504,23.254,23.349,5400,0
ISDX.US,D,20200227,000000,22.868,23.071,22.636,22.666,15302,0
ISDX.US,D,20200228,000000,21.81,22.195,21.743,22.195,23092,0
ISDX.US,D,20200302,000000,22.234,22.646,22.155,22.646,12606,0
ISDX.US,D,20200303,000000,22.781,22.96,22.319,22.463,14522,0
ISDX.US,D,20200304,000000,22.849,23.11,22.763,23.11,51246,0
ISDX.US,D,20200305,000000,22.656,22.754,22.435,22.522,55952,0
ISDX.US,D,20200306,000000,22.117,22.195,22.041,22.135,58529,0
ISDX.US,D,20200309,000000,20.483,20.718,20.107,20.107,50314,0
ISDX.US,D,20200310,000000,20.78,20.78,20.031,20.53,28883,0
ISDX.US,D,20200311,000000,20.127,20.127,19.53,19.674,84433,0
ISDX.US,D,20200312,000000,18.26,18.26,17.413,17.492,341533,0
ISDX.US,D,20200313,000000,18.355,18.423,17.279,18.333,89109,0
ISDX.US,D,20200316,000000,17.181,17.181,16.148,16.383,193993,0
ISDX.US,D,20200317,000000,16.518,17.116,16.298,16.988,31349,0
ISDX.US,D,20200318,000000,16.221,17.056,15.449,15.864,51849,0
ISDX.US,D,20200319,000000,16.211,16.442,16.142,16.293,13572,0
ISDX.US,D,20200320,000000,16.595,16.739,16.047,16.076,54830,0
ISDX.US,D,20200323,000000,16.113,16.113,15.597,15.79,406014,0
ISDX.US,D,20200324,000000,16.899,17.2,16.783,17.124,15814,0
ISDX.US,D,20200325,000000,17.375,18.085,17.318,17.852,162961,0
ISDX.US,D,20200326,000000,18.135,18.533,18.115,18.456,15511,0
ISDX.US,D,20200327,000000,17.833,18.212,17.735,17.862,9074,0
ISDX.US,D,20200330,000000,18.018,18.259,17.842,18.259,17254,0
ISDX.US,D,20200331,000000,18.095,18.392,18.095,18.217,11579,0
ISDX.US,D,20200401,000000,17.667,17.722,17.53,17.54,8925,0
ISDX.US,D,20200402,000000,17.599,17.97,17.599,17.89,9177,0
ISDX.US,D,20200403,000000,17.649,17.649,17.41,17.494,6282,0
ISDX.US,D,20200406,000000,18.135,18.533,18.125,18.492,118811,0
ISDX.US,D,20200407,000000,19.088,19.088,18.637,18.637,12870,0
ISDX.US,D,20200408,000000,18.601,18.883,18.601,18.873,22896,0
ISDX.US,D,20200409,000000,19.116,19.35,19.039,19.258,118367,0
ISDX.US,D,20200413,000000,19.213,19.213,18.95,19.058,39401,0
ISDX.US,D,20200414,000000,19.422,19.456,19.301,19.35,18011,0
ISDX.US,D,20200415,000000,18.785,18.785,18.639,18.669,39144,0
ISDX.US,D,20200416,000000,18.601,18.671,18.464,18.671,17837,0
ISDX.US,D,20200417,000000,19.088,19.272,19.058,19.262,11505,0
ISDX.US,D,20200420,000000,19.194,19.203,19.155,19.155,4971,0
ISDX.US,D,20200421,000000,18.592,18.592,18.436,18.459,9920,0
ISDX.US,D,20200422,000000,18.748,18.795,18.728,18.776,15949,0
ISDX.US,D,20200423,000000,18.99,19.145,18.785,18.855,37183,0
ISDX.US,D,20200424,000000,18.883,19.098,18.855,19.042,56073,0
ISDX.US,D,20200427,000000,19.185,19.389,19.185,19.379,27753,0
ISDX.US,D,20200428,000000,19.505,19.64,19.505,19.631,17889,0
ISDX.US,D,20200429,000000,19.914,20.193,19.914,20.168,8845,0
ISDX.US,D,20200430,000000,19.846,19.904,19.661,19.753,21409,0
ISDX.US,D,20200501,000000,19.398,19.398,19.203,19.34,13315,0
ISDX.US,D,20200504,000000,19.062,19.203,19,19.203,13807,0
ISDX.US,D,20200505,000000,19.461,19.461,19.306,19.34,12510,0
ISDX.US,D,20200506,000000,19.272,19.281,19.165,19.165,5467,0
ISDX.US,D,20200507,000000,19.398,19.505,19.389,19.427,5786,0
ISDX.US,D,20200508,000000,19.738,19.738,19.69,19.731,10083,0
ISDX.US,D,20200511,000000,19.641,19.729,19.641,19.71,11540,0
ISDX.US,D,20200512,000000,19.768,19.768,19.574,19.574,7221,0
ISDX.US,D,20200513,000000,19.35,19.35,19.135,19.168,7688,0
ISDX.US,D,20200514,000000,18.785,19,18.629,19,15627,0
ISDX.US,D,20200515,000000,19.058,19.223,19,19.223,5332,0
ISDX.US,D,20200518,000000,19.651,19.914,19.651,19.909,9624,0
ISDX.US,D,20200519,000000,19.816,19.914,19.758,19.758,26825,0
ISDX.US,D,20200520,000000,20.108,20.108,20.031,20.031,8653,0
ISDX.US,D,20200521,000000,20.041,20.068,19.911,19.911,2320,0
ISDX.US,D,20200522,000000,19.787,19.831,19.729,19.831,3645,0
ISDX.US,D,20200526,000000,20.449,20.506,20.409,20.409,104740,0
ISDX.US,D,20200527,000000,20.584,20.71,20.584,20.71,3920,0
ISDX.US,D,20200528,000000,20.949,21.051,20.85,20.85,5397,0
ISDX.US,D,20200529,000000,20.624,20.759,20.584,20.759,5731,0
ISDX.US,D,20200601,000000,21.089,21.192,21.089,21.192,1530,0
ISDX.US,D,20200602,000000,21.372,21.499,21.372,21.499,26368,0
ISDX.US,D,20200603,000000,21.791,22.064,21.781,22.043,21304,0
ISDX.US,D,20200604,000000,21.912,22.014,21.907,21.975,1996,0
ISDX.US,D,20200605,000000,22.48,22.52,22.47,22.47,4976,0
ISDX.US,D,20200608,000000,22.704,22.749,22.588,22.675,10201,0
ISDX.US,D,20200609,000000,22.451,22.52,22.432,22.485,9760,0
ISDX.US,D,20200610,000000,22.344,22.442,22.344,22.403,17150,0
ISDX.US,D,20200611,000000,21.625,21.625,20.994,20.994,6714,0
ISDX.US,D,20200612,000000,21.509,21.509,21.061,21.294,20814,0
ISDX.US,D,20200615,000000,20.818,21.363,20.818,21.308,11929,0
ISDX.US,D,20200616,000000,21.917,21.917,21.586,21.673,16846,0
ISDX.US,D,20200617,000000,21.791,21.791,21.678,21.678,5241,0
ISDX.US,D,20200618,000000,21.576,21.645,21.537,21.537,2154,0
ISDX.US,D,20200619,000000,21.781,21.781,21.49,21.49,14521,0
ISDX.US,D,20200622,000000,21.515,21.647,21.496,21.647,38840,0
ISDX.US,D,20200623,000000,21.915,21.915,21.779,21.779,4988,0
ISDX.US,D,20200624,000000,21.515,21.515,21.083,21.211,3140,0
ISDX.US,D,20200625,000000,21.279,21.329,21.23,21.329,6916,0
ISDX.US,D,20200626,000000,21.269,21.269,20.987,20.987,164445,0
ISDX.US,D,20200629,000000,21.034,21.226,21.034,21.211,6189,0
ISDX.US,D,20200630,000000,21.093,21.294,21.093,21.294,6903,0
ISDX.US,D,20200701,000000,21.277,21.277,21.211,21.248,5456,0
ISDX.US,D,20200702,000000,21.652,21.652,21.515,21.542,4317,0
ISDX.US,D,20200706,000000,21.826,21.826,21.7,21.749,6046,0
ISDX.US,D,20200707,000000,21.562,21.597,21.41,21.41,9017,0
ISDX.US,D,20200708,000000,21.426,21.546,21.412,21.546,5607,0
ISDX.US,D,20200709,000000,21.466,21.466,21.201,21.211,30310,0
ISDX.US,D,20200710,000000,21.289,21.491,21.289,21.491,3147,0
ISDX.US,D,20200713,000000,21.759,21.808,21.446,21.446,6339,0
ISDX.US,D,20200714,000000,21.505,21.812,21.505,21.812,12908,0
ISDX.US,D,20200715,000000,22.189,22.214,22.091,22.149,3986,0
ISDX.US,D,20200716,000000,22.081,22.13,22.043,22.067,10480,0
ISDX.US,D,20200717,000000,22.091,22.162,22.071,22.162,7766,0
ISDX.US,D,20200720,000000,22.159,22.209,22.139,22.209,4188,0
ISDX.US,D,20200721,000000,22.345,22.427,22.326,22.326,557639,0
ISDX.US,D,20200722,000000,22.326,22.326,22.285,22.285,5606,0
ISDX.US,D,20200723,000000,22.277,22.375,22.277,22.316,10122,0
ISDX.US,D,20200724,000000,22.063,22.149,22.063,22.11,9405,0
ISDX.US,D,20200727,000000,22.287,22.378,22.287,22.369,7112,0
ISDX.US,D,20200728,000000,22.229,22.306,22.229,22.262,7453,0
ISDX.US,D,20200729,000000,22.248,22.453,22.248,22.449,12497,0
ISDX.US,D,20200730,000000,21.974,22.071,21.799,22.071,8014,0
ISDX.US,D,20200731,000000,21.856,21.856,21.406,21.524,9925,0
ISDX.US,D,20200803,000000,21.729,21.92,21.729,21.92,3038,0
ISDX.US,D,20200804,000000,22.043,22.159,22.043,22.159,62617,0
ISDX.US,D,20200805,000000,22.472,22.551,22.453,22.481,5269,0
ISDX.US,D,20200806,000000,22.44,22.477,22.375,22.477,6431,0
ISDX.US,D,20200807,000000,22.209,22.326,22.199,22.326,8174,0
ISDX.US,D,20200810,000000,22.542,22.551,22.492,22.551,7366,0
ISDX.US,D,20200811,000000,23.03,23.109,22.825,22.834,11081,0
ISDX.US,D,20200812,000000,23.226,23.343,23.226,23.274,3672,0
ISDX.US,D,20200813,000000,23.137,23.182,23.049,23.049,7709,0
ISDX.US,D,20200814,000000,22.883,22.933,22.864,22.864,10876,0
ISDX.US,D,20200817,000000,23.01,23.08,23.01,23.05,5413,0
ISDX.US,D,20200818,000000,23.06,23.06,22.961,22.98,10986,0
ISDX.US,D,20200819,000000,23.08,23.08,22.883,22.883,5363,0
ISDX.US,D,20200820,000000,22.618,22.737,22.59,22.737,26049,0
ISDX.US,D,20200821,000000,22.492,22.566,22.326,22.566,73666,0
ISDX.US,D,20200824,000000,22.805,22.882,22.805,22.844,7045,0
ISDX.US,D,20200825,000000,22.913,22.913,22.784,22.913,4228,0
ISDX.US,D,20200826,000000,22.883,23.015,22.883,23.011,5725,0
ISDX.US,D,20200827,000000,22.864,22.864,22.727,22.834,4651,0
ISDX.US,D,20200828,000000,22.913,22.997,22.903,22.997,2232,0
ISDX.US,D,20200831,000000,22.903,22.951,22.822,22.822,2697,0
ISDX.US,D,20200901,000000,22.717,22.834,22.717,22.794,7671,0
ISDX.US,D,20200902,000000,22.951,23.01,22.913,23.01,13116,0
ISDX.US,D,20200903,000000,22.971,22.971,22.59,22.59,14211,0
ISDX.US,D,20200904,000000,22.59,22.825,22.59,22.825,4514,0
ISDX.US,D,20200908,000000,22.522,22.628,22.404,22.404,22510,0
ISDX.US,D,20200909,000000,22.805,22.893,22.785,22.864,12102,0
ISDX.US,D,20200910,000000,23.03,23.03,22.587,22.587,51060,0
ISDX.US,D,20200911,000000,22.785,22.874,22.707,22.806,14560,0
ISDX.US,D,20200914,000000,23.01,23.01,22.933,22.971,23438,0
ISDX.US,D,20200915,000000,23.187,23.187,22.923,23.036,14647,0
ISDX.US,D,20200916,000000,23.08,23.176,23.06,23.07,42194,0
ISDX.US,D,20200917,000000,22.893,23.031,22.893,23.031,6690,0
ISDX.US,D,20200918,000000,22.941,22.967,22.806,22.806,3707,0
ISDX.US,D,20200921,000000,22.689,22.689,21.902,22.107,44059,0
ISDX.US,D,20200922,000000,22.158,22.198,21.961,22.148,11852,0
ISDX.US,D,20200923,000000,22.256,22.256,21.853,21.863,10855,0
ISDX.US,D,20200924,000000,21.715,22.01,21.715,21.862,10905,0
ISDX.US,D,20200925,000000,21.627,21.883,21.627,21.873,9817,0
ISDX.US,D,20200928,000000,22.158,22.238,22.158,22.188,16100,0
ISDX.US,D,20200929,000000,22.198,22.198,22.07,22.131,5281,0
ISDX.US,D,20200930,000000,22.143,22.168,22.105,22.105,3587,0
ISDX.US,D,20201001,000000,22.118,22.138,22.011,22.099,7407,0
ISDX.US,D,20201002,000000,21.942,22.128,21.942,22.128,4349,0
ISDX.US,D,20201005,000000,22.365,22.473,22.365,22.473,5522,0
ISDX.US,D,20201006,000000,22.591,22.591,22.523,22.582,9515,0
ISDX.US,D,20201007,000000,22.582,22.65,22.562,22.65,6802,0
ISDX.US,D,20201008,000000,22.729,22.848,22.709,22.848,35368,0
ISDX.US,D,20201009,000000,22.936,22.965,22.936,22.965,3963,0
ISDX.US,D,20201012,000000,22.906,23.009,22.896,22.98,8305,0
ISDX.US,D,20201013,000000,22.699,22.699,22.65,22.66,9040,0
ISDX.US,D,20201014,000000,22.798,22.798,22.533,22.572,21804,0
ISDX.US,D,20201015,000000,22.178,22.409,22.178,22.409,6101,0
ISDX.US,D,20201016,000000,22.503,22.552,22.493,22.503,6055,0
ISDX.US,D,20201019,000000,22.601,22.64,22.404,22.409,10616,0
ISDX.US,D,20201020,000000,22.591,22.699,22.542,22.61,11890,0
ISDX.US,D,20201021,000000,22.533,22.64,22.513,22.513,8268,0
ISDX.US,D,20201022,000000,22.443,22.601,22.443,22.483,16697,0
ISDX.US,D,20201023,000000,22.739,22.739,22.591,22.699,6199,0
ISDX.US,D,20201026,000000,22.473,22.473,22.178,22.318,6902,0
ISDX.US,D,20201027,000000,22.208,22.208,22.041,22.041,6646,0
ISDX.US,D,20201028,000000,21.44,21.49,21.272,21.292,12764,0
ISDX.US,D,20201029,000000,21.282,21.44,21.282,21.438,3019,0
ISDX.US,D,20201030,000000,21.302,21.302,21.155,21.218,14185,0
ISDX.US,D,20201102,000000,21.627,21.647,21.538,21.538,9836,0
ISDX.US,D,20201103,000000,22.128,22.256,22.128,22.178,11811,0
ISDX.US,D,20201104,000000,22.443,22.453,22.298,22.298,1474,0
ISDX.US,D,20201105,000000,22.591,22.798,22.591,22.744,3323,0
ISDX.US,D,20201106,000000,22.867,22.867,22.729,22.729,6298,0
ISDX.US,D,20201109,000000,24.185,24.185,23.841,23.841,16416,0
ISDX.US,D,20201110,000000,24.185,24.382,24.127,24.305,15122,0
ISDX.US,D,20201111,000000,24.422,24.451,24.387,24.387,4576,0
ISDX.US,D,20201112,000000,24.185,24.234,23.89,23.959,7629,0
ISDX.US,D,20201113,000000,24.214,24.362,24.214,24.362,6397,0
ISDX.US,D,20201116,000000,24.835,24.835,24.707,24.795,11889,0
ISDX.US,D,20201117,000000,24.717,24.943,24.717,24.943,8460,0
ISDX.US,D,20201118,000000,24.953,25.066,24.765,24.808,36233,0
ISDX.US,D,20201119,000000,24.708,24.874,24.708,24.874,4799,0
ISDX.US,D,20201120,000000,24.874,24.933,24.874,24.933,1739,0
ISDX.US,D,20201123,000000,25.109,25.169,25.07,25.14,8629,0
ISDX.US,D,20201124,000000,25.524,25.789,25.524,25.769,3400,0
ISDX.US,D,20201125,000000,25.631,25.75,25.621,25.711,128256,0
ISDX.US,D,20201127,000000,25.769,25.769,25.73,25.73,2526,0
ISDX.US,D,20201130,000000,25.385,25.385,25.134,25.134,6241,0
ISDX.US,D,20201201,000000,25.562,25.706,25.562,25.651,4889,0
ISDX.US,D,20201202,000000,25.721,25.848,25.721,25.843,8283,0
ISDX.US,D,20201203,000000,26.016,26.133,26.006,26.006,7885,0
ISDX.US,D,20201204,000000,26.428,26.487,26.419,26.448,5073,0
ISDX.US,D,20201207,000000,26.34,26.419,26.251,26.281,11888,0
ISDX.US,D,20201208,000000,26.331,26.35,26.291,26.291,9214,0
ISDX.US,D,20201209,000000,26.567,26.567,26.311,26.359,46738,0
ISDX.US,D,20201210,000000,26.301,26.567,26.301,26.527,11883,0
ISDX.US,D,20201211,000000,26.379,26.379,26.271,26.34,7564,0
ISDX.US,D,20201214,000000,26.587,26.587,26.389,26.399,25203,0
ISDX.US,D,20201215,000000,26.597,26.725,26.597,26.725,2753,0
ISDX.US,D,20201216,000000,26.764,26.784,26.714,26.784,16807,0
ISDX.US,D,20201217,000000,26.93,26.94,26.901,26.901,9066,0
ISDX.US,D,20201218,000000,26.862,26.862,26.754,26.754,34606,0
ISDX.US,D,20201221,000000,26.052,26.343,25.953,26.299,9304,0
ISDX.US,D,20201222,000000,26.161,26.2,26.091,26.141,15880,0
ISDX.US,D,20201223,000000,26.457,26.581,26.457,26.546,8748,0
ISDX.US,D,20201224,000000,26.615,26.694,26.571,26.654,18722,0
ISDX.US,D,20201228,000000,26.941,26.941,26.764,26.799,9473,0
ISDX.US,D,20201229,000000,27.069,27.069,26.902,26.919,5110,0
ISDX.US,D,20201230,000000,27.109,27.138,27.069,27.069,4844,0
ISDX.US,D,20201231,000000,26.96,26.96,26.882,26.95,2493,0
ISDX.US,D,20210104,000000,27.405,27.418,26.921,26.99,26643,0
ISDX.US,D,20210105,000000,27.188,27.543,27.188,27.533,139986,0
ISDX.US,D,20210106,000000,27.929,28.087,27.929,27.939,44901,0
ISDX.US,D,20210107,000000,28.126,28.175,28.087,28.156,6642,0
ISDX.US,D,20210108,000000,28.339,28.363,28.136,28.356,4693,0
ISDX.US,D,20210111,000000,27.839,28.087,27.839,27.988,18969,0
ISDX.US,D,20210112,000000,28.027,28.205,27.997,28.205,14885,0
ISDX.US,D,20210113,000000,28.166,28.195,28.096,28.096,14628,0
ISDX.US,D,20210114,000000,28.244,28.512,28.244,28.442,39793,0
ISDX.US,D,20210115,000000,27.731,27.997,27.731,27.948,9184,0
ISDX.US,D,20210119,000000,27.929,28.087,27.919,28.017,14754,0
ISDX.US,D,20210120,000000,28.185,28.312,28.146,28.312,23475,0
ISDX.US,D,20210121,000000,28.324,28.324,28.205,28.323,12123,0
ISDX.US,D,20210122,000000,28.027,28.037,27.958,28.017,8014,0
ISDX.US,D,20210125,000000,27.82,27.91,27.771,27.91,15787,0
ISDX.US,D,20210126,000000,28.027,28.027,27.889,27.889,21454,0
ISDX.US,D,20210127,000000,27.267,27.484,27.148,27.17,15155,0
ISDX.US,D,20210128,000000,27.395,27.613,27.385,27.455,21791,0
ISDX.US,D,20210129,000000,27.227,27.227,26.764,26.849,17934,0
ISDX.US,D,20210201,000000,27.148,27.219,27.05,27.219,10430,0
ISDX.US,D,20210202,000000,27.484,27.523,27.455,27.523,7379,0
ISDX.US,D,20210203,000000,27.711,27.746,27.681,27.746,9520,0
ISDX.US,D,20210204,000000,27.671,27.761,27.623,27.742,7833,0
ISDX.US,D,20210205,000000,27.899,28.017,27.869,27.948,7336,0
ISDX.US,D,20210208,000000,28.166,28.304,28.166,28.246,2802,0
ISDX.US,D,20210209,000000,28.195,28.373,28.175,28.319,16131,0
ISDX.US,D,20210210,000000,28.452,28.452,28.205,28.344,5943,0
ISDX.US,D,20210211,000000,28.422,28.452,28.334,28.442,13850,0
ISDX.US,D,20210212,000000,28.373,28.57,28.373,28.512,5716,0
ISDX.US,D,20210216,000000,28.817,28.896,28.798,28.817,12466,0
ISDX.US,D,20210217,000000,28.66,28.728,28.64,28.718,9529,0
ISDX.US,D,20210218,000000,28.521,28.55,28.373,28.482,7653,0
ISDX.US,D,20210219,000000,28.65,28.788,28.65,28.758,8025,0
ISDX.US,D,20210222,000000,28.698,29.025,28.67,28.847,3463,0
ISDX.US,D,20210223,000000,28.452,28.907,28.452,28.896,8366,0
ISDX.US,D,20210224,000000,28.817,29.232,28.778,29.193,16889,0
ISDX.US,D,20210225,000000,29.163,29.163,28.64,28.689,51871,0
ISDX.US,D,20210226,000000,28.432,28.452,28.215,28.234,9547,0
ISDX.US,D,20210301,000000,28.738,28.8,28.708,28.749,4079,0
ISDX.US,D,20210302,000000,28.718,28.847,28.67,28.774,37679,0
ISDX.US,D,20210303,000000,28.798,28.995,28.768,28.768,13135,0
ISDX.US,D,20210304,000000,28.916,29.035,28.382,28.718,12660,0
ISDX.US,D,20210305,000000,28.748,28.893,28.6,28.886,14240,0
ISDX.US,D,20210308,000000,28.86,29.084,28.86,28.946,8161,0
ISDX.US,D,20210309,000000,29.143,29.301,29.143,29.193,25908,0
ISDX.US,D,20210310,000000,29.281,29.386,29.281,29.381,12449,0
ISDX.US,D,20210311,000000,29.617,29.617,29.587,29.607,2532,0
ISDX.US,D,20210312,000000,29.558,29.696,29.529,29.696,2884,0
ISDX.US,D,20210315,000000,29.716,29.726,29.597,29.726,16758,0
ISDX.US,D,20210316,000000,29.805,29.805,29.677,29.736,7660,0
ISDX.US,D,20210317,000000,29.558,29.874,29.558,29.874,6246,0
ISDX.US,D,20210318,000000,29.805,29.923,29.519,29.558,6976,0
ISDX.US,D,20210319,000000,29.419,29.765,29.419,29.652,9643,0
ISDX.US,D,20210322,000000,29.577,29.657,29.577,29.602,11400,0
ISDX.US,D,20210323,000000,29.24,29.24,28.919,28.962,11432,0
ISDX.US,D,20210324,000000,28.952,29.081,28.877,28.877,13433,0
ISDX.US,D,20210325,000000,28.822,29.11,28.723,29.11,10039,0
ISDX.US,D,20210326,000000,29.299,29.557,29.279,29.495,13352,0
ISDX.US,D,20210329,000000,29.299,29.458,29.299,29.438,60619,0
ISDX.US,D,20210330,000000,29.325,29.438,29.325,29.412,102251,0
ISDX.US,D,20210331,000000,29.429,29.458,29.379,29.379,3200,0
ISDX.US,D,20210401,000000,29.468,29.607,29.423,29.567,12372,0
ISDX.US,D,20210405,000000,29.994,30.094,29.955,30.089,24468,0
ISDX.US,D,20210406,000000,29.845,29.925,29.757,29.796,841192,0
ISDX.US,D,20210407,000000,29.935,29.965,29.905,29.935,9121,0
ISDX.US,D,20210408,000000,29.836,29.984,29.826,29.965,13634,0
ISDX.US,D,20210409,000000,29.856,29.915,29.855,29.914,2287,0
ISDX.US,D,20210412,000000,29.915,29.915,29.736,29.836,8169,0
ISDX.US,D,20210413,000000,29.885,29.959,29.885,29.945,7063,0
ISDX.US,D,20210414,000000,30.054,30.221,30.054,30.104,4131,0
ISDX.US,D,20210415,000000,30.273,30.332,30.273,30.322,35019,0
ISDX.US,D,20210416,000000,30.441,30.491,30.441,30.488,9072,0
ISDX.US,D,20210419,000000,30.451,30.451,30.352,30.451,7709,0
ISDX.US,D,20210420,000000,30.124,30.124,29.667,29.773,13123,0
ISDX.US,D,20210421,000000,29.667,30.034,29.667,30.033,13309,0
ISDX.US,D,20210422,000000,29.955,30.044,29.845,29.875,14019,0
ISDX.US,D,20210423,000000,30.114,30.181,30.104,30.181,4419,0
ISDX.US,D,20210426,000000,30.273,30.352,30.273,30.325,16129,0
ISDX.US,D,20210427,000000,30.223,30.257,30.203,30.257,5425,0
ISDX.US,D,20210428,000000,30.253,30.451,30.253,30.367,10344,0
ISDX.US,D,20210429,000000,30.441,30.441,30.143,30.315,4836,0
ISDX.US,D,20210430,000000,30.173,30.208,29.895,30.074,38962,0
ISDX.US,D,20210503,000000,30.228,30.302,30.228,30.273,8967,0
ISDX.US,D,20210504,000000,29.984,30.004,29.885,29.955,9208,0
ISDX.US,D,20210505,000000,30.493,30.521,30.465,30.465,45226,0
ISDX.US,D,20210506,000000,30.59,30.839,30.481,30.812,5137,0
ISDX.US,D,20210507,000000,31.107,31.233,31.097,31.233,13872,0
ISDX.US,D,20210510,000000,31.494,31.494,31.226,31.226,13684,0
ISDX.US,D,20210511,000000,30.719,30.888,30.719,30.859,9982,0
ISDX.US,D,20210512,000000,30.61,30.719,30.402,30.412,4415,0
ISDX.US,D,20210513,000000,30.451,30.451,30.253,30.431,6911,0
ISDX.US,D,20210514,000000,30.784,31.007,30.784,31.007,7402,0
ISDX.US,D,20210517,000000,30.809,31.007,30.799,31.007,9467,0
ISDX.US,D,20210518,000000,31.077,31.137,31.037,31.037,4856,0
ISDX.US,D,20210519,000000,30.58,30.67,30.457,30.67,5303,0
ISDX.US,D,20210520,000000,30.839,30.868,30.71,30.868,4846,0
ISDX.US,D,20210521,000000,30.888,30.888,30.779,30.849,60358,0
ISDX.US,D,20210524,000000,31.017,31.156,31.007,31.067,9185,0
ISDX.US,D,20210525,000000,31.086,31.086,30.928,30.938,7743,0
ISDX.US,D,20210526,000000,30.878,30.998,30.878,30.988,4013,0
ISDX.US,D,20210527,000000,31.147,31.206,31.007,31.007,5091,0
ISDX.US,D,20210528,000000,31.266,31.355,31.266,31.305,6685,0
ISDX.US,D,20210601,000000,31.593,31.683,31.593,31.683,34990,0
ISDX.US,D,20210602,000000,31.792,31.802,31.733,31.787,15615,0
ISDX.US,D,20210603,000000,31.571,31.678,31.514,31.643,187110,0
ISDX.US,D,20210604,000000,31.891,32.04,31.862,31.981,24301,0
ISDX.US,D,20210607,000000,32.03,32.055,31.991,32.001,9324,0
ISDX.US,D,20210608,000000,31.991,32.03,31.881,31.921,21631,0
ISDX.US,D,20210609,000000,31.872,31.911,31.812,31.832,120786,0
ISDX.US,D,20210610,000000,31.931,31.931,31.852,31.852,18600,0
ISDX.US,D,20210611,000000,31.991,32.021,31.901,31.972,4993,0
ISDX.US,D,20210614,000000,31.971,32.011,31.931,32.011,5920,0
ISDX.US,D,20210615,000000,31.936,32.021,31.931,32.021,4267,0
ISDX.US,D,20210616,000000,31.911,31.971,31.733,31.733,9494,0
ISDX.US,D,20210617,000000,31.415,31.415,31.137,31.296,13393,0
ISDX.US,D,20210618,000000,30.729,30.729,30.57,30.64,5670,0
ISDX.US,D,20210621,000000,30.77,31.098,30.71,31.089,21508,0
ISDX.US,D,20210622,000000,30.99,31.14,30.97,31.02,9267,0
ISDX.US,D,20210623,000000,31.1192,31.1192,30.95,30.99,7423,0
ISDX.US,D,20210624,000000,31.22,31.29,31.22,31.29,5960,0
ISDX.US,D,20210625,000000,31.31,31.35,31.24,31.24,13038,0
ISDX.US,D,20210628,000000,31.21,31.21,31,31.06,194372,0
ISDX.US,D,20210629,000000,31.02,31.04,30.95,31.01,7875,0
ISDX.US,D,20210630,000000,30.85,30.85,30.73,30.81,17678,0
ISDX.US,D,20210701,000000,30.87,31.14,30.85,31.14,25094,0
ISDX.US,D,20210702,000000,31,31.22,30.9,31.22,282542,0
ISDX.US,D,20210706,000000,31.11,31.11,30.63,30.65,21008,0
ISDX.US,D,20210707,000000,30.87,30.87,30.695,30.799,8582,0
ISDX.US,D,20210708,000000,30.26,30.44,30.2,30.33,9410,0
ISDX.US,D,20210709,000000,30.75,31.05,30.75,31.05,7980,0
ISDX.US,D,20210712,000000,31.065,31.065,31.02,31.05,6356,0
ISDX.US,D,20210713,000000,30.96,30.97,30.87,30.87,6376,0
ISDX.US,D,20210714,000000,31,31.02,30.92,30.99,5358,0
ISDX.US,D,20210715,000000,30.66,30.72,30.5634,30.605,13441,0
ISDX.US,D,20210716,000000,30.5199,30.54,30.36,30.37,3369,0
ISDX.US,D,20210719,000000,29.79,29.8,29.472,29.52,9301,0
ISDX.US,D,20210720,000000,29.74,29.97,29.74,29.9,7130,0
ISDX.US,D,20210721,000000,30.24,30.41,30.24,30.41,9422,0
ISDX.US,D,20210722,000000,30.3,30.37,30.29,30.37,2060,0
ISDX.US,D,20210723,000000,30.54,30.54,30.43,30.47,5011,0
ISDX.US,D,20210726,000000,30.48,30.68,30.48,30.68,4095,0
ISDX.US,D,20210727,000000,30.46,30.52,30.41,30.511,6244,0
ISDX.US,D,20210728,000000,30.65,30.71,30.65,30.65,2011,0
ISDX.US,D,20210729,000000,31.04,31.07,31.02,31.02,35721,0
ISDX.US,D,20210730,000000,30.9,30.94,30.69,30.7,18990,0
ISDX.US,D,20210802,000000,31.06,31.06,30.835,30.87,3399,0
ISDX.US,D,20210803,000000,31.03,31.19,31.03,31.19,5376,0
ISDX.US,D,20210804,000000,31.12,31.12,30.96,31.01,3923,0
ISDX.US,D,20210805,000000,31.1003,31.1003,31.03,31.065,4773,0
ISDX.US,D,20210806,000000,31.05,31.05,30.965,30.99,5936,0
ISDX.US,D,20210809,000000,30.91,30.95,30.87,30.95,3979,0
ISDX.US,D,20210810,000000,30.92,31.03,30.91,31.03,6699,0
ISDX.US,D,20210811,000000,31.19,31.29,31.19,31.21,5110,0
ISDX.US,D,20210812,000000,31.165,31.2,31.165,31.189,1846,0
ISDX.US,D,20210813,000000,31.19,31.3,31.19,31.22,7449,0
ISDX.US,D,20210816,000000,30.99,31.079,30.9611,31.079,4861,0
ISDX.US,D,20210817,000000,30.7565,30.79,30.64,30.79,9753,0
ISDX.US,D,20210818,000000,30.74,30.75,30.54,30.54,3901,0
ISDX.US,D,20210819,000000,30.16,30.18,30.02,30.12,5619,0
ISDX.US,D,20210820,000000,29.93,30.19,29.84,30.19,8169,0
ISDX.US,D,20210823,000000,30.32,30.56,30.32,30.56,12728,0
ISDX.US,D,20210824,000000,30.61,30.78,30.61,30.74,7375,0
ISDX.US,D,20210825,000000,30.69,30.88,30.6479,30.88,6225,0
ISDX.US,D,20210826,000000,30.63,30.66,30.515,30.57,4783,0
ISDX.US,D,20210827,000000,30.86,30.94,30.86,30.93,6187,0
ISDX.US,D,20210830,000000,30.95,30.96,30.92,30.93,2996,0
ISDX.US,D,20210831,000000,30.86,30.92,30.84,30.92,4923,0
ISDX.US,D,20210901,000000,31.011,31.14,31.01,31.02,2947,0
