<TICKER>,<PER>,<DATE>,<TIME>,<OPEN>,<HIGH>,<LOW>,<CLOSE>,<VOL>,<OPENINT>
IUS.US,D,20180913,000000,23.877,23.877,23.877,23.877,103,0
IUS.US,D,20180918,000000,23.972,24.067,23.972,24.067,532,0
IUS.US,D,20180919,000000,24.016,24.016,24.016,24.016,102,0
IUS.US,D,20181002,000000,24.132,24.132,24.132,24.132,102,0
IUS.US,D,20181011,000000,22.873,22.902,22.619,22.902,1486,0
IUS.US,D,20181015,000000,22.902,23.017,22.892,23.017,635,0
IUS.US,D,20181016,000000,23.187,23.187,23.187,23.187,319,0
IUS.US,D,20181023,000000,22.712,22.712,22.475,22.475,212,0
IUS.US,D,20181025,000000,22.552,22.552,22.552,22.552,212,0
IUS.US,D,20181105,000000,22.761,22.761,22.761,22.761,314,0
IUS.US,D,20181107,000000,23.072,23.196,23.072,23.19,635,0
IUS.US,D,20181114,000000,22.666,22.666,22.666,22.666,102,0
IUS.US,D,20181119,000000,22.666,22.666,22.666,22.666,102,0
IUS.US,D,20181120,000000,22.147,22.147,22.147,22.147,102,0
IUS.US,D,20181206,000000,22.383,22.383,22.147,22.23,1059,0
IUS.US,D,20181217,000000,21.67,21.67,21.433,21.433,313,0
IUS.US,D,20181231,000000,20.796,20.796,20.796,20.796,101,0
IUS.US,D,20190103,000000,20.635,20.635,20.635,20.635,101,0
IUS.US,D,20190107,000000,21.113,21.113,21.113,21.113,101,0
IUS.US,D,20190109,000000,21.59,21.59,21.59,21.59,101,0
IUS.US,D,20190111,000000,21.59,21.59,21.59,21.59,101,0
IUS.US,D,20190115,000000,21.59,21.59,21.59,21.59,211,0
IUS.US,D,20190117,000000,21.59,21.59,21.59,21.59,101,0
IUS.US,D,20190123,000000,21.59,21.59,21.59,21.59,102,0
IUS.US,D,20190208,000000,22.351,22.354,22.351,22.354,211,0
IUS.US,D,20190219,000000,23.132,23.132,23.132,23.132,108,0
IUS.US,D,20190220,000000,23.123,23.161,23.123,23.161,421,0
IUS.US,D,20190311,000000,22.921,22.921,22.921,22.921,522,0
IUS.US,D,20190415,000000,23.842,23.936,23.842,23.919,786,0
IUS.US,D,20190416,000000,24.024,24.034,24.024,24.034,1045,0
IUS.US,D,20190417,000000,23.946,23.946,23.946,23.946,133,0
IUS.US,D,20190430,000000,24.062,24.062,24.062,24.062,101,0
IUS.US,D,20190501,000000,24.128,24.264,24.128,24.264,1814,0
IUS.US,D,20190502,000000,24.034,24.053,23.862,23.936,50548,0
IUS.US,D,20190503,000000,24.119,24.193,24.119,24.193,667,0
IUS.US,D,20190506,000000,23.726,24.005,23.726,24.005,1673,0
IUS.US,D,20190507,000000,23.832,23.832,23.832,23.832,101,0
IUS.US,D,20190508,000000,23.804,23.804,23.804,23.804,104,0
IUS.US,D,20190509,000000,23.476,23.476,23.476,23.476,418,0
IUS.US,D,20190510,000000,23.582,23.687,23.582,23.687,4101,0
IUS.US,D,20190513,000000,23.334,23.353,23.085,23.248,47758,0
IUS.US,D,20190515,000000,23.383,23.383,23.383,23.383,101,0
IUS.US,D,20190520,000000,23.393,23.422,23.393,23.422,1027,0
IUS.US,D,20190521,000000,23.57,23.57,23.57,23.57,181,0
IUS.US,D,20190523,000000,23.266,23.266,23.124,23.124,520,0
IUS.US,D,20190524,000000,23.209,23.286,23.209,23.266,310,0
IUS.US,D,20190528,000000,23.286,23.286,22.989,22.989,35859,0
IUS.US,D,20190529,000000,22.818,22.818,22.818,22.818,101,0
IUS.US,D,20190530,000000,22.971,22.971,22.808,22.808,518,0
IUS.US,D,20190531,000000,22.587,22.587,22.587,22.587,101,0
IUS.US,D,20190605,000000,23.219,23.219,23.219,23.219,121,0
IUS.US,D,20190610,000000,23.87,23.88,23.755,23.755,10995,0
IUS.US,D,20190612,000000,23.736,23.745,23.736,23.745,214,0
IUS.US,D,20190613,000000,23.822,23.832,23.804,23.804,2230,0
IUS.US,D,20190614,000000,23.804,23.804,23.804,23.804,106,0
IUS.US,D,20190617,000000,23.88,23.88,23.88,23.88,418,0
IUS.US,D,20190618,000000,24.099,24.099,24.072,24.072,210,0
IUS.US,D,20190621,000000,24.377,24.377,24.377,24.377,101,0
IUS.US,D,20190624,000000,24.367,24.367,24.215,24.215,2418,0
IUS.US,D,20190625,000000,24.146,24.146,24.079,24.079,625,0
IUS.US,D,20190626,000000,24.098,24.098,24.079,24.088,309,0
IUS.US,D,20190627,000000,24.146,24.146,24.146,24.146,101,0
IUS.US,D,20190701,000000,24.522,24.522,24.427,24.427,808,0
IUS.US,D,20190702,000000,24.397,24.407,24.397,24.407,309,0
IUS.US,D,20190705,000000,24.464,24.541,24.464,24.522,4475576,0
IUS.US,D,20190708,000000,24.474,24.493,24.464,24.493,29713,0
IUS.US,D,20190709,000000,24.449,24.449,24.436,24.436,8155,0
IUS.US,D,20190710,000000,24.624,24.624,24.541,24.619,15827,0
IUS.US,D,20190711,000000,24.657,24.657,24.57,24.57,3874,0
IUS.US,D,20190712,000000,24.762,24.772,24.762,24.772,5613,0
IUS.US,D,20190715,000000,24.84,24.84,24.792,24.84,8845,0
IUS.US,D,20190716,000000,24.859,24.859,24.792,24.808,7944,0
IUS.US,D,20190717,000000,24.869,24.869,24.599,24.599,10995,0
IUS.US,D,20190718,000000,24.522,24.666,24.493,24.629,7567,0
IUS.US,D,20190719,000000,24.657,24.694,24.561,24.561,8906,0
IUS.US,D,20190722,000000,24.619,24.619,24.541,24.58,8252,0
IUS.US,D,20190723,000000,24.657,24.762,24.629,24.762,23289,0
IUS.US,D,20190724,000000,24.805,24.973,24.797,24.973,6191,0
IUS.US,D,20190725,000000,24.812,24.812,24.723,24.762,12601,0
IUS.US,D,20190726,000000,24.916,24.916,24.888,24.907,3878,0
IUS.US,D,20190729,000000,24.898,24.926,24.898,24.914,10379,0
IUS.US,D,20190730,000000,24.849,24.893,24.84,24.893,4023,0
IUS.US,D,20190731,000000,24.946,24.953,24.648,24.733,14082,0
IUS.US,D,20190801,000000,24.812,24.87,24.358,24.367,7392,0
IUS.US,D,20190802,000000,24.051,24.205,24.051,24.195,45566,0
IUS.US,D,20190805,000000,23.667,23.667,23.398,23.454,12749,0
IUS.US,D,20190806,000000,23.463,23.694,23.463,23.648,12699,0
IUS.US,D,20190807,000000,23.427,23.772,23.427,23.772,15629,0
IUS.US,D,20190808,000000,24.074,24.098,24.074,24.098,6820,0
IUS.US,D,20190809,000000,23.864,24.051,23.824,24.051,6530,0
IUS.US,D,20190812,000000,23.839,23.839,23.609,23.671,8203,0
IUS.US,D,20190813,000000,24.215,24.215,24.061,24.07,6695,0
IUS.US,D,20190814,000000,23.638,23.638,23.358,23.378,10927,0
IUS.US,D,20190815,000000,23.358,23.358,23.204,23.213,11031,0
IUS.US,D,20190816,000000,23.638,23.667,23.579,23.667,5279,0
IUS.US,D,20190819,000000,23.935,24.019,23.935,23.994,10270,0
IUS.US,D,20190820,000000,23.935,23.935,23.849,23.849,7513,0
IUS.US,D,20190821,000000,24.013,24.032,23.949,23.994,16466,0
IUS.US,D,20190822,000000,24.051,24.051,23.964,24.051,8735,0
IUS.US,D,20190823,000000,23.619,23.683,23.414,23.422,10908,0
IUS.US,D,20190826,000000,23.482,23.579,23.482,23.502,7926,0
IUS.US,D,20190827,000000,23.648,23.648,23.378,23.521,20920,0
IUS.US,D,20190828,000000,23.531,23.628,23.531,23.579,21625,0
IUS.US,D,20190829,000000,23.891,23.964,23.801,23.954,16661,0
IUS.US,D,20190830,000000,23.905,23.984,23.897,23.954,2588,0
IUS.US,D,20190903,000000,23.694,23.831,23.694,23.831,8333,0
IUS.US,D,20190904,000000,24.042,24.108,24.022,24.108,8646,0
IUS.US,D,20190905,000000,24.502,24.58,24.474,24.522,11067,0
IUS.US,D,20190906,000000,24.484,24.58,24.474,24.57,11910,0
IUS.US,D,20190909,000000,24.686,24.704,24.599,24.639,13260,0
IUS.US,D,20190910,000000,24.746,24.752,24.708,24.752,12574,0
IUS.US,D,20190911,000000,24.916,25.013,24.916,25.003,13259,0
IUS.US,D,20190912,000000,24.963,25.108,24.963,25.09,8233,0
IUS.US,D,20190913,000000,25.043,25.061,24.993,24.993,4904,0
IUS.US,D,20190916,000000,24.983,24.983,24.908,24.973,30014,0
IUS.US,D,20190917,000000,24.878,24.907,24.873,24.898,32654,0
IUS.US,D,20190918,000000,25.013,25.013,24.821,24.898,12739,0
IUS.US,D,20190919,000000,24.983,24.993,24.859,24.888,15486,0
IUS.US,D,20190920,000000,24.941,24.973,24.782,24.849,6716,0
IUS.US,D,20190923,000000,24.656,24.849,24.656,24.792,30241,0
IUS.US,D,20190924,000000,24.722,24.722,24.515,24.598,18681,0
IUS.US,D,20190925,000000,24.688,24.689,24.579,24.675,6949,0
IUS.US,D,20190926,000000,24.66,24.703,24.59,24.647,14663,0
IUS.US,D,20190927,000000,24.628,24.628,24.472,24.472,10821,0
IUS.US,D,20190930,000000,24.608,24.732,24.608,24.675,12400,0
IUS.US,D,20191001,000000,24.675,24.675,24.346,24.425,7783,0
IUS.US,D,20191002,000000,24.019,24.047,23.844,23.931,24214,0
IUS.US,D,20191003,000000,23.652,24.046,23.652,24.009,12892,0
IUS.US,D,20191004,000000,24.202,24.385,24.202,24.385,5365,0
IUS.US,D,20191007,000000,24.418,24.425,24.337,24.337,8440,0
IUS.US,D,20191008,000000,23.99,24.143,23.989,24.143,11914,0
IUS.US,D,20191009,000000,24.094,24.192,24.061,24.192,15011,0
IUS.US,D,20191010,000000,24.336,24.336,24.26,24.27,11571,0
IUS.US,D,20191011,000000,24.732,24.732,24.642,24.642,1552,0
IUS.US,D,20191014,000000,24.598,24.603,24.589,24.598,18331,0
IUS.US,D,20191015,000000,24.859,24.859,24.858,24.859,24542,0
IUS.US,D,20191016,000000,24.849,24.849,24.792,24.792,8136,0
IUS.US,D,20191017,000000,24.907,24.907,24.859,24.893,9913,0
IUS.US,D,20191018,000000,24.84,24.845,24.816,24.83,4631,0
IUS.US,D,20191021,000000,24.802,24.959,24.802,24.939,5664,0
IUS.US,D,20191022,000000,24.916,25.109,24.916,25.044,14816,0
IUS.US,D,20191023,000000,24.976,25.004,24.973,24.994,7112,0
IUS.US,D,20191024,000000,24.984,25.014,24.916,24.989,19020,0
IUS.US,D,20191025,000000,25.189,25.202,25.188,25.198,7075,0
IUS.US,D,20191028,000000,25.37,25.37,25.285,25.33,13763,0
IUS.US,D,20191029,000000,25.334,25.37,25.322,25.34,17932,0
IUS.US,D,20191030,000000,25.265,25.265,25.218,25.237,3313,0
IUS.US,D,20191031,000000,25.198,25.198,25.091,25.138,32831,0
IUS.US,D,20191101,000000,25.498,25.526,25.488,25.526,13564,0
IUS.US,D,20191104,000000,25.709,25.734,25.709,25.72,25208,0
IUS.US,D,20191105,000000,25.807,25.826,25.752,25.816,27947,0
IUS.US,D,20191106,000000,25.68,25.748,25.68,25.748,6949,0
IUS.US,D,20191107,000000,25.951,25.97,25.929,25.956,2584,0
IUS.US,D,20191108,000000,25.845,25.903,25.837,25.893,5912,0
IUS.US,D,20191111,000000,25.886,25.933,25.886,25.923,6928,0
IUS.US,D,20191112,000000,26.028,26.028,25.927,25.927,5807,0
IUS.US,D,20191113,000000,25.942,25.96,25.883,25.933,15047,0
IUS.US,D,20191114,000000,25.942,25.942,25.866,25.893,6153,0
IUS.US,D,20191115,000000,26.018,26.098,26.018,26.098,9158,0
IUS.US,D,20191118,000000,26.136,26.163,26.078,26.111,23628,0
IUS.US,D,20191119,000000,26.035,26.068,25.979,26.024,25931,0
IUS.US,D,20191120,000000,25.974,25.979,25.756,25.883,15722,0
IUS.US,D,20191121,000000,25.893,25.923,25.828,25.923,24034,0
IUS.US,D,20191122,000000,25.979,25.979,25.938,25.956,5428,0
IUS.US,D,20191125,000000,26.155,26.173,26.125,26.163,14185,0
IUS.US,D,20191126,000000,26.155,26.185,26.132,26.159,6225,0
IUS.US,D,20191127,000000,26.192,26.211,26.192,26.211,4988,0
IUS.US,D,20191129,000000,26.185,26.211,26.136,26.145,13410,0
IUS.US,D,20191202,000000,26.008,26.028,26.008,26.023,6260,0
IUS.US,D,20191203,000000,25.71,25.732,25.627,25.732,8802,0
IUS.US,D,20191204,000000,25.942,25.97,25.933,25.933,22754,0
IUS.US,D,20191205,000000,25.893,25.96,25.883,25.931,4630,0
IUS.US,D,20191206,000000,26.211,26.25,26.211,26.25,4137,0
IUS.US,D,20191209,000000,26.068,26.211,26.068,26.192,11391,0
IUS.US,D,20191210,000000,26.173,26.173,26.129,26.136,19214,0
IUS.US,D,20191211,000000,26.126,26.23,26.126,26.22,12184,0
IUS.US,D,20191212,000000,26.395,26.482,26.345,26.482,6976,0
IUS.US,D,20191213,000000,26.432,26.525,26.338,26.425,9046,0
IUS.US,D,20191216,000000,26.675,26.686,26.618,26.618,5036,0
IUS.US,D,20191217,000000,26.647,26.649,26.643,26.647,7831,0
IUS.US,D,20191218,000000,26.647,26.647,26.637,26.647,7882,0
IUS.US,D,20191219,000000,26.686,26.705,26.686,26.705,6066,0
IUS.US,D,20191220,000000,26.888,26.899,26.862,26.879,9848,0
IUS.US,D,20191223,000000,26.899,26.907,26.879,26.888,15145,0
IUS.US,D,20191224,000000,26.831,26.967,26.831,26.907,16204,0
IUS.US,D,20191226,000000,26.957,26.976,26.937,26.976,11784,0
IUS.US,D,20191227,000000,26.995,27.025,26.978,26.978,5555,0
IUS.US,D,20191230,000000,26.879,26.921,26.821,26.83,2639,0
IUS.US,D,20191231,000000,26.704,26.947,26.704,26.889,11237,0
IUS.US,D,20200102,000000,26.975,27.055,26.975,27.055,8267,0
IUS.US,D,20200103,000000,26.947,26.995,26.753,26.753,18718,0
IUS.US,D,20200106,000000,26.811,26.975,26.811,26.975,33079,0
IUS.US,D,20200107,000000,26.995,26.995,26.922,26.942,28318,0
IUS.US,D,20200108,000000,26.975,27.121,26.975,27.03,11349,0
IUS.US,D,20200109,000000,27.134,27.179,27.065,27.17,6195,0
IUS.US,D,20200110,000000,27.073,27.248,27.073,27.091,26500,0
IUS.US,D,20200113,000000,27.258,27.258,27.16,27.219,22433,0
IUS.US,D,20200114,000000,27.36,27.36,27.276,27.276,7646,0
IUS.US,D,20200115,000000,27.35,27.373,27.307,27.326,11047,0
IUS.US,D,20200116,000000,27.452,27.537,27.452,27.537,8625,0
IUS.US,D,20200117,000000,27.534,27.588,27.534,27.588,14924,0
IUS.US,D,20200121,000000,27.491,27.685,27.479,27.685,11503,0
IUS.US,D,20200122,000000,27.549,27.626,27.51,27.51,16165,0
IUS.US,D,20200123,000000,27.361,27.539,27.361,27.539,27073,0
IUS.US,D,20200124,000000,27.52,27.52,27.209,27.292,20592,0
IUS.US,D,20200127,000000,26.899,26.907,26.858,26.859,35065,0
IUS.US,D,20200128,000000,27.035,27.093,27.025,27.065,6503,0
IUS.US,D,20200129,000000,27.025,27.15,27.005,27.005,21353,0
IUS.US,D,20200130,000000,26.831,26.869,26.723,26.869,12331,0
IUS.US,D,20200131,000000,26.695,26.714,26.445,26.466,8934,0
IUS.US,D,20200203,000000,26.743,26.743,26.578,26.578,11021,0
IUS.US,D,20200204,000000,27.047,27.065,26.985,26.988,9789,0
IUS.US,D,20200205,000000,27.278,27.427,27.278,27.427,4820,0
IUS.US,D,20200206,000000,27.481,27.52,27.472,27.501,11002,0
IUS.US,D,20200207,000000,27.392,27.392,27.268,27.317,13294,0
IUS.US,D,20200210,000000,27.355,27.426,27.317,27.426,9527,0
IUS.US,D,20200211,000000,27.579,27.606,27.559,27.569,9235,0
IUS.US,D,20200212,000000,27.559,27.801,27.559,27.801,20164,0
IUS.US,D,20200213,000000,27.626,27.782,27.626,27.705,7133,0
IUS.US,D,20200214,000000,27.626,27.675,27.579,27.675,12474,0
IUS.US,D,20200218,000000,27.51,27.559,27.51,27.559,14107,0
IUS.US,D,20200219,000000,27.666,27.742,27.666,27.723,9368,0
IUS.US,D,20200220,000000,27.501,27.685,27.432,27.672,4377,0
IUS.US,D,20200221,000000,27.402,27.442,27.355,27.397,19472,0
IUS.US,D,20200224,000000,26.723,26.723,26.438,26.529,15383,0
IUS.US,D,20200225,000000,26.509,26.509,25.553,25.635,17705,0
IUS.US,D,20200226,000000,25.831,25.957,25.453,25.453,13543,0
IUS.US,D,20200227,000000,25.005,25.239,24.363,24.363,18609,0
IUS.US,D,20200228,000000,23.509,24.024,23.394,24.024,22044,0
IUS.US,D,20200302,000000,24.081,25.063,24.081,25.063,14005,0
IUS.US,D,20200303,000000,25.353,25.383,24.301,24.539,10995,0
IUS.US,D,20200304,000000,24.927,25.501,24.84,25.491,17666,0
IUS.US,D,20200305,000000,24.975,25.12,24.509,24.742,87284,0
IUS.US,D,20200306,000000,23.917,24.354,23.859,23.996,27083,0
IUS.US,D,20200309,000000,22.49,23.122,22.354,22.47,22947,0
IUS.US,D,20200310,000000,23.15,23.44,22.344,23.423,19946,0
IUS.US,D,20200311,000000,22.674,22.772,22.243,22.314,20896,0
IUS.US,D,20200312,000000,20.751,21.296,20.247,20.305,39484,0
IUS.US,D,20200313,000000,21.197,21.733,20.111,21.58,55066,0
IUS.US,D,20200316,000000,19.625,20.731,19.401,19.401,33609,0
IUS.US,D,20200317,000000,19.654,20.581,19.149,20.37,48178,0
IUS.US,D,20200318,000000,19.654,19.814,18.46,19.227,74467,0
IUS.US,D,20200319,000000,19.237,19.8,19.237,19.431,11366,0
IUS.US,D,20200320,000000,19.481,19.77,18.605,18.605,23633,0
IUS.US,D,20200323,000000,18.661,18.661,17.86,18.162,55541,0
IUS.US,D,20200324,000000,18.974,19.729,18.945,19.719,27224,0
IUS.US,D,20200325,000000,19.611,20.765,19.475,20.119,34609,0
IUS.US,D,20200326,000000,20.423,21.255,20.423,21.225,31273,0
IUS.US,D,20200327,000000,20.56,20.864,20.433,20.442,14227,0
IUS.US,D,20200330,000000,20.619,21.137,20.404,21.109,24837,0
IUS.US,D,20200331,000000,21.166,21.255,20.794,20.794,22254,0
IUS.US,D,20200401,000000,20.178,20.423,19.816,19.816,12580,0
IUS.US,D,20200402,000000,20.022,20.433,20.022,20.335,17717,0
IUS.US,D,20200403,000000,20.414,20.442,19.914,20.022,7767,0
IUS.US,D,20200406,000000,20.725,21.362,20.708,21.343,103893,0
IUS.US,D,20200407,000000,21.803,22.106,21.43,21.43,14341,0
IUS.US,D,20200408,000000,21.606,22.224,21.606,22.106,29916,0
IUS.US,D,20200409,000000,22.527,22.693,22.224,22.429,22484,0
IUS.US,D,20200413,000000,22.262,22.262,21.95,22.215,29870,0
IUS.US,D,20200414,000000,22.669,22.859,22.669,22.859,20595,0
IUS.US,D,20200415,000000,22.351,22.418,22.141,22.306,12150,0
IUS.US,D,20200416,000000,22.311,22.449,22.215,22.449,27424,0
IUS.US,D,20200417,000000,22.811,23.036,22.733,23.036,12251,0
IUS.US,D,20200420,000000,22.849,22.958,22.585,22.585,5260,0
IUS.US,D,20200421,000000,22.233,22.233,21.914,21.969,12112,0
IUS.US,D,20200422,000000,22.321,22.384,22.224,22.384,15094,0
IUS.US,D,20200423,000000,22.556,22.798,22.42,22.449,10004,0
IUS.US,D,20200424,000000,22.508,22.801,22.42,22.741,12591,0
IUS.US,D,20200427,000000,22.938,23.153,22.938,23.153,11686,0
IUS.US,D,20200428,000000,23.115,23.27,23.095,23.095,9917,0
IUS.US,D,20200429,000000,23.535,23.848,23.535,23.848,16611,0
IUS.US,D,20200430,000000,23.438,23.455,23.33,23.446,33414,0
IUS.US,D,20200501,000000,23.045,23.045,22.664,22.811,13336,0
IUS.US,D,20200504,000000,22.605,22.772,22.527,22.772,12458,0
IUS.US,D,20200505,000000,23.211,23.25,23.006,23.055,10159,0
IUS.US,D,20200506,000000,23.026,23.105,22.963,23.026,17036,0
IUS.US,D,20200507,000000,23.183,23.203,23.006,23.055,14545,0
IUS.US,D,20200508,000000,23.369,23.485,23.369,23.485,4598,0
IUS.US,D,20200511,000000,23.574,23.643,23.574,23.584,4749,0
IUS.US,D,20200512,000000,23.535,23.613,23.124,23.124,9440,0
IUS.US,D,20200513,000000,22.948,22.958,22.488,22.488,10886,0
IUS.US,D,20200514,000000,22.185,22.723,22.17,22.713,9105,0
IUS.US,D,20200515,000000,22.703,23.065,22.615,23.065,4568,0
IUS.US,D,20200518,000000,23.545,23.828,23.545,23.799,14118,0
IUS.US,D,20200519,000000,23.741,23.809,23.623,23.671,15828,0
IUS.US,D,20200520,000000,24.005,24.024,23.887,23.887,9722,0
IUS.US,D,20200521,000000,23.838,23.868,23.77,23.799,4572,0
IUS.US,D,20200522,000000,23.671,23.825,23.653,23.825,4501,0
IUS.US,D,20200526,000000,24.357,24.366,24.201,24.201,10420,0
IUS.US,D,20200527,000000,24.22,24.493,24.22,24.493,4511,0
IUS.US,D,20200528,000000,24.669,24.808,24.474,24.474,4137,0
IUS.US,D,20200529,000000,24.318,24.488,24.318,24.488,3481,0
IUS.US,D,20200601,000000,24.669,24.679,24.65,24.65,2038,0
IUS.US,D,20200602,000000,24.808,24.895,24.669,24.895,10057,0
IUS.US,D,20200603,000000,25.17,25.306,25.17,25.296,8774,0
IUS.US,D,20200604,000000,25.277,25.287,25.169,25.169,7714,0
IUS.US,D,20200605,000000,25.972,26.109,25.903,25.976,3448,0
IUS.US,D,20200608,000000,26.148,26.383,26.109,26.358,19288,0
IUS.US,D,20200609,000000,26,26.119,26,26.08,5883,0
IUS.US,D,20200610,000000,25.874,25.923,25.785,25.923,19787,0
IUS.US,D,20200611,000000,25.1,25.1,24.406,24.406,11089,0
IUS.US,D,20200612,000000,24.846,24.846,24.122,24.553,14260,0
IUS.US,D,20200615,000000,24.141,24.837,24.141,24.738,5306,0
IUS.US,D,20200616,000000,25.444,25.493,24.895,25.219,58318,0
IUS.US,D,20200617,000000,25.287,25.326,25.061,25.255,26799,0
IUS.US,D,20200618,000000,25.043,25.306,24.924,25.306,12408,0
IUS.US,D,20200619,000000,25.444,25.444,24.856,24.963,18879,0
IUS.US,D,20200622,000000,24.935,24.935,24.326,24.64,43037,0
IUS.US,D,20200623,000000,25.024,25.251,24.915,25.141,35183,0
IUS.US,D,20200624,000000,24.875,24.875,24.208,24.363,4844,0
IUS.US,D,20200625,000000,24.281,24.596,24.281,24.572,6535,0
IUS.US,D,20200626,000000,24.433,24.433,24.011,24.049,113775,0
IUS.US,D,20200629,000000,24.079,24.512,24.079,24.499,8933,0
IUS.US,D,20200630,000000,24.472,24.876,24.472,24.865,12066,0
IUS.US,D,20200701,000000,24.859,24.859,24.798,24.846,6417,0
IUS.US,D,20200702,000000,25.092,25.092,24.945,24.945,3209,0
IUS.US,D,20200706,000000,25.264,25.264,25.164,25.164,3761,0
IUS.US,D,20200707,000000,25.004,25.111,24.885,24.885,15335,0
IUS.US,D,20200708,000000,24.994,25.014,24.846,25.011,11196,0
IUS.US,D,20200709,000000,24.964,24.964,24.552,24.621,4710,0
IUS.US,D,20200710,000000,24.827,25.028,24.827,25.028,3077,0
IUS.US,D,20200713,000000,25.308,25.357,24.895,24.895,13628,0
IUS.US,D,20200714,000000,25.014,25.397,25.014,25.397,12793,0
IUS.US,D,20200715,000000,25.702,25.702,25.672,25.672,4637,0
IUS.US,D,20200716,000000,25.76,25.776,25.76,25.776,2512,0
IUS.US,D,20200717,000000,25.78,25.81,25.78,25.8,7171,0
IUS.US,D,20200720,000000,25.593,25.722,25.593,25.722,10280,0
IUS.US,D,20200721,000000,26.036,26.105,25.977,25.977,6256,0
IUS.US,D,20200722,000000,26.006,26.135,25.986,26.135,7726,0
IUS.US,D,20200723,000000,26.046,26.193,25.963,25.963,10568,0
IUS.US,D,20200724,000000,25.888,25.888,25.77,25.78,10208,0
IUS.US,D,20200727,000000,25.81,25.869,25.78,25.869,9910,0
IUS.US,D,20200728,000000,25.859,25.859,25.732,25.732,8162,0
IUS.US,D,20200729,000000,25.918,26.01,25.888,26.01,5580,0
IUS.US,D,20200730,000000,25.702,25.874,25.702,25.874,13224,0
IUS.US,D,20200731,000000,25.85,25.85,25.535,25.586,8843,0
IUS.US,D,20200803,000000,26.085,26.115,25.996,26.105,3024,0
IUS.US,D,20200804,000000,26.085,26.222,26.085,26.222,61851,0
IUS.US,D,20200805,000000,26.459,26.459,26.42,26.42,6400,0
IUS.US,D,20200806,000000,26.507,26.547,26.449,26.537,8633,0
IUS.US,D,20200807,000000,26.401,26.617,26.401,26.577,17902,0
IUS.US,D,20200810,000000,26.872,26.902,26.862,26.882,14414,0
IUS.US,D,20200811,000000,27.216,27.392,26.852,26.882,25690,0
IUS.US,D,20200812,000000,27.216,27.226,27.136,27.186,4308,0
IUS.US,D,20200813,000000,27.206,27.206,27.03,27.04,27305,0
IUS.US,D,20200814,000000,27.05,27.176,27.05,27.05,9412,0
IUS.US,D,20200817,000000,27.078,27.166,27.078,27.127,5186,0
IUS.US,D,20200818,000000,27.088,27.127,27.06,27.069,11579,0
IUS.US,D,20200819,000000,27.156,27.156,26.97,26.97,9516,0
IUS.US,D,20200820,000000,26.91,26.912,26.892,26.912,14074,0
IUS.US,D,20200821,000000,26.902,26.902,26.862,26.862,7272,0
IUS.US,D,20200824,000000,27.108,27.315,27.108,27.266,9553,0
IUS.US,D,20200825,000000,27.372,27.372,27.266,27.305,11004,0
IUS.US,D,20200826,000000,27.305,27.437,27.305,27.402,7435,0
IUS.US,D,20200827,000000,27.472,27.511,27.462,27.511,7755,0
IUS.US,D,20200828,000000,27.55,27.778,27.55,27.778,3509,0
IUS.US,D,20200831,000000,27.669,27.678,27.649,27.649,12846,0
IUS.US,D,20200901,000000,27.561,27.654,27.561,27.654,7799,0
IUS.US,D,20200902,000000,28.032,28.032,28.012,28.022,14923,0
IUS.US,D,20200903,000000,28.101,28.101,27.191,27.392,26236,0
IUS.US,D,20200904,000000,27.382,27.382,27.03,27.246,11629,0
IUS.US,D,20200908,000000,26.675,26.882,26.617,26.617,16551,0
IUS.US,D,20200909,000000,26.96,27.146,26.96,27.088,17047,0
IUS.US,D,20200910,000000,27.156,27.156,26.547,26.581,7820,0
IUS.US,D,20200911,000000,26.685,26.695,26.507,26.507,12653,0
IUS.US,D,20200914,000000,26.813,27.108,26.813,27.05,33281,0
IUS.US,D,20200915,000000,27.261,27.261,27.045,27.067,8526,0
IUS.US,D,20200916,000000,27.196,27.432,27.176,27.176,13552,0
IUS.US,D,20200917,000000,26.892,26.926,26.892,26.926,5511,0
IUS.US,D,20200918,000000,27.05,27.069,26.688,26.783,7512,0
IUS.US,D,20200921,000000,26.379,26.882,26.042,26.161,6456,0
IUS.US,D,20200922,000000,26.754,26.754,26.161,26.369,9213,0
IUS.US,D,20200923,000000,26.325,26.325,25.755,25.755,12692,0
IUS.US,D,20200924,000000,25.48,26.042,25.48,25.914,15714,0
IUS.US,D,20200925,000000,25.727,26.176,25.667,26.132,16750,0
IUS.US,D,20200928,000000,25.894,26.635,25.894,26.546,19121,0
IUS.US,D,20200929,000000,26.466,26.466,26.2,26.359,12667,0
IUS.US,D,20200930,000000,26.516,26.793,26.516,26.556,9953,0
IUS.US,D,20201001,000000,26.566,26.616,26.457,26.576,17449,0
IUS.US,D,20201002,000000,26.389,26.626,26.389,26.546,6889,0
IUS.US,D,20201005,000000,26.596,27.001,26.596,27.001,6902,0
IUS.US,D,20201006,000000,27.041,27.208,26.711,26.711,8032,0
IUS.US,D,20201007,000000,27.031,27.138,27.001,27.124,14656,0
IUS.US,D,20201008,000000,27.425,27.514,27.415,27.514,7635,0
IUS.US,D,20201009,000000,27.663,27.663,27.606,27.606,13829,0
IUS.US,D,20201012,000000,27.87,28.013,27.87,27.993,11575,0
IUS.US,D,20201013,000000,27.85,27.85,27.658,27.723,7402,0
IUS.US,D,20201014,000000,27.91,27.91,27.594,27.635,24368,0
IUS.US,D,20201015,000000,27.327,27.663,27.327,27.455,8888,0
IUS.US,D,20201016,000000,27.751,27.86,27.751,27.86,7491,0
IUS.US,D,20201019,000000,27.741,27.741,27.228,27.297,39950,0
IUS.US,D,20201020,000000,27.505,27.682,27.415,27.495,9417,0
IUS.US,D,20201021,000000,27.564,27.584,27.414,27.414,7415,0
IUS.US,D,20201022,000000,27.465,27.673,27.465,27.608,22897,0
IUS.US,D,20201023,000000,27.633,27.643,27.633,27.643,12137,0
IUS.US,D,20201026,000000,27.375,27.375,26.951,27.084,13243,0
IUS.US,D,20201027,000000,27.021,27.021,26.855,26.855,8929,0
IUS.US,D,20201028,000000,26.112,26.132,25.924,25.924,13660,0
IUS.US,D,20201029,000000,26.032,26.438,25.998,26.3,14482,0
IUS.US,D,20201030,000000,26.042,26.042,25.855,25.855,25402,0
IUS.US,D,20201102,000000,26.457,26.476,26.309,26.349,12988,0
IUS.US,D,20201103,000000,26.981,27.075,26.961,27.001,8343,0
IUS.US,D,20201104,000000,27.129,27.623,27.129,27.297,4922,0
IUS.US,D,20201105,000000,27.92,27.998,27.791,27.826,9145,0
IUS.US,D,20201106,000000,27.801,27.85,27.781,27.801,6099,0
IUS.US,D,20201109,000000,28.804,29.085,28.804,29.055,18356,0
IUS.US,D,20201110,000000,28.63,28.897,28.61,28.897,18853,0
IUS.US,D,20201111,000000,28.839,28.857,28.809,28.809,9229,0
IUS.US,D,20201112,000000,28.69,28.838,28.393,28.552,5463,0
IUS.US,D,20201113,000000,28.868,29.055,28.868,29.031,7364,0
IUS.US,D,20201116,000000,29.489,29.569,29.489,29.519,9254,0
IUS.US,D,20201117,000000,29.332,29.698,29.332,29.649,24590,0
IUS.US,D,20201118,000000,29.787,29.787,29.332,29.332,8216,0
IUS.US,D,20201119,000000,29.302,29.424,29.282,29.424,12248,0
IUS.US,D,20201120,000000,29.302,29.322,29.213,29.235,2480,0
IUS.US,D,20201123,000000,29.496,29.752,29.48,29.668,20732,0
IUS.US,D,20201124,000000,29.954,30.36,29.954,30.36,7475,0
IUS.US,D,20201125,000000,30.379,30.379,30.103,30.133,5870,0
IUS.US,D,20201127,000000,30.221,30.231,30.171,30.186,3315,0
IUS.US,D,20201130,000000,29.906,29.906,29.832,29.832,11473,0
IUS.US,D,20201201,000000,30.296,30.321,30.246,30.301,131153,0
IUS.US,D,20201202,000000,30.171,30.389,30.171,30.389,45528,0
IUS.US,D,20201203,000000,30.448,30.616,30.408,30.408,16093,0
IUS.US,D,20201204,000000,30.833,30.923,30.833,30.923,6967,0
IUS.US,D,20201207,000000,30.814,30.814,30.725,30.814,6479,0
IUS.US,D,20201208,000000,30.795,30.993,30.795,30.949,12925,0
IUS.US,D,20201209,000000,31.051,31.051,30.79,30.898,14495,0
IUS.US,D,20201210,000000,30.814,30.893,30.755,30.868,16336,0
IUS.US,D,20201211,000000,30.705,30.705,30.533,30.656,12474,0
IUS.US,D,20201214,000000,30.711,30.711,30.548,30.568,19181,0
IUS.US,D,20201215,000000,30.814,30.835,30.795,30.835,7528,0
IUS.US,D,20201216,000000,30.785,30.814,30.785,30.805,4346,0
IUS.US,D,20201217,000000,30.883,30.963,30.853,30.938,10128,0
IUS.US,D,20201218,000000,30.795,30.795,30.686,30.686,10402,0
IUS.US,D,20201221,000000,30.359,30.636,30.125,30.587,10525,0
IUS.US,D,20201222,000000,30.507,30.548,30.329,30.329,14529,0
IUS.US,D,20201223,000000,30.656,30.755,30.656,30.666,11695,0
IUS.US,D,20201224,000000,30.616,30.715,30.587,30.705,16471,0
IUS.US,D,20201228,000000,30.964,31.003,30.874,30.874,12003,0
IUS.US,D,20201229,000000,30.765,30.795,30.696,30.746,15622,0
IUS.US,D,20201230,000000,30.924,30.934,30.874,30.902,6506,0
IUS.US,D,20201231,000000,30.854,30.944,30.841,30.944,2624,0
IUS.US,D,20210104,000000,31.062,31.062,30.537,30.616,11034,0
IUS.US,D,20210105,000000,30.805,31.122,30.805,30.964,10008,0
IUS.US,D,20210106,000000,31.44,31.748,31.4,31.515,41287,0
IUS.US,D,20210107,000000,31.847,31.936,31.827,31.887,6399,0
IUS.US,D,20210108,000000,31.985,31.985,31.618,31.925,32187,0
IUS.US,D,20210111,000000,31.51,32.015,31.51,31.926,15768,0
IUS.US,D,20210112,000000,32.145,32.201,32.125,32.201,10601,0
IUS.US,D,20210113,000000,32.135,32.155,32.103,32.103,10600,0
IUS.US,D,20210114,000000,32.333,32.433,32.243,32.263,22023,0
IUS.US,D,20210115,000000,32.015,32.045,31.976,32.015,8659,0
IUS.US,D,20210119,000000,32.065,32.214,32.065,32.172,17239,0
IUS.US,D,20210120,000000,32.303,32.539,32.303,32.512,12305,0
IUS.US,D,20210121,000000,32.46,32.492,32.403,32.455,10396,0
IUS.US,D,20210122,000000,32.283,32.383,32.263,32.333,8098,0
IUS.US,D,20210125,000000,32.304,32.353,32.155,32.333,5855,0
IUS.US,D,20210126,000000,32.273,32.303,32.233,32.233,14636,0
IUS.US,D,20210127,000000,31.946,31.946,31.579,31.603,10123,0
IUS.US,D,20210128,000000,32.027,32.045,31.777,31.777,12847,0
IUS.US,D,20210129,000000,31.767,31.767,31.112,31.173,14303,0
IUS.US,D,20210201,000000,31.272,31.628,31.192,31.533,20131,0
IUS.US,D,20210202,000000,31.887,31.989,31.887,31.946,13863,0
IUS.US,D,20210203,000000,32.005,32.135,32.005,32.135,4153,0
IUS.US,D,20210204,000000,32.353,32.441,32.333,32.441,8359,0
IUS.US,D,20210205,000000,32.69,32.69,32.591,32.621,10505,0
IUS.US,D,20210208,000000,32.899,33.058,32.829,32.999,8668,0
IUS.US,D,20210209,000000,32.998,33.058,32.981,32.981,5235,0
IUS.US,D,20210210,000000,33.127,33.127,32.889,32.991,8395,0
IUS.US,D,20210211,000000,33.018,33.018,32.8,32.979,13814,0
IUS.US,D,20210212,000000,32.978,33.196,32.978,33.166,5424,0
IUS.US,D,20210216,000000,33.317,33.317,33.226,33.256,8657,0
IUS.US,D,20210217,000000,33.166,33.256,33.166,33.256,6805,0
IUS.US,D,20210218,000000,33.028,33.078,32.918,33.008,6413,0
IUS.US,D,20210219,000000,33.048,33.286,33.048,33.207,25133,0
IUS.US,D,20210222,000000,33.206,33.514,33.206,33.292,10440,0
IUS.US,D,20210223,000000,33.117,33.413,33.117,33.375,9856,0
IUS.US,D,20210224,000000,33.832,33.911,33.812,33.911,4489,0
IUS.US,D,20210225,000000,33.166,33.256,33.068,33.068,8153,0
IUS.US,D,20210226,000000,32.948,33.226,32.879,32.918,13226,0
IUS.US,D,20210301,000000,33.722,33.782,33.673,33.673,4773,0
IUS.US,D,20210302,000000,33.722,33.812,33.539,33.594,33187,0
IUS.US,D,20210303,000000,33.658,33.703,33.445,33.445,19666,0
IUS.US,D,20210304,000000,33.529,33.613,32.631,33.048,12839,0
IUS.US,D,20210305,000000,33.186,33.847,33.137,33.847,10244,0
IUS.US,D,20210308,000000,33.991,34.397,33.971,33.971,20918,0
IUS.US,D,20210309,000000,34.079,34.392,34.079,34.153,19337,0
IUS.US,D,20210310,000000,34.477,34.606,34.397,34.541,42967,0
IUS.US,D,20210311,000000,34.675,34.953,34.675,34.747,10776,0
IUS.US,D,20210312,000000,34.814,34.998,34.814,34.998,12845,0
IUS.US,D,20210315,000000,35.032,35.231,34.953,35.214,22744,0
IUS.US,D,20210316,000000,35.072,35.072,34.943,34.943,5883,0
IUS.US,D,20210317,000000,34.725,35.192,34.725,35.155,16930,0
IUS.US,D,20210318,000000,35.062,35.082,34.618,34.618,7848,0
IUS.US,D,20210319,000000,34.377,34.814,34.377,34.639,5311,0
IUS.US,D,20210322,000000,34.566,34.755,34.566,34.676,19841,0
IUS.US,D,20210323,000000,34.395,34.395,34.055,34.055,10370,0
IUS.US,D,20210324,000000,34.436,34.446,34.227,34.227,14330,0
IUS.US,D,20210325,000000,34.067,34.376,34.057,34.376,8609,0
IUS.US,D,20210326,000000,34.645,35.004,34.486,35.004,22857,0
IUS.US,D,20210329,000000,34.938,34.984,34.845,34.856,12027,0
IUS.US,D,20210330,000000,34.845,34.925,34.821,34.835,12285,0
IUS.US,D,20210331,000000,34.954,35.044,34.908,34.908,7972,0
IUS.US,D,20210401,000000,35.024,35.194,35.004,35.194,18798,0
IUS.US,D,20210405,000000,35.617,35.632,35.562,35.602,161622,0
IUS.US,D,20210406,000000,35.652,35.652,34.815,35.567,30060,0
IUS.US,D,20210407,000000,35.602,35.602,35.523,35.553,13088,0
IUS.US,D,20210408,000000,35.483,35.568,35.433,35.568,13767,0
IUS.US,D,20210409,000000,35.602,35.782,35.552,35.782,7899,0
IUS.US,D,20210412,000000,35.762,35.807,35.707,35.792,9883,0
IUS.US,D,20210413,000000,41.862,41.862,35.104,35.711,12097,0
IUS.US,D,20210414,000000,35.841,36.021,35.782,35.783,8368,0
IUS.US,D,20210415,000000,35.921,36.071,35.886,36.071,51467,0
IUS.US,D,20210416,000000,36.131,36.26,36.131,36.2,19460,0
IUS.US,D,20210419,000000,36.061,36.061,35.961,36.008,13729,0
IUS.US,D,20210420,000000,35.841,35.855,35.463,35.604,15745,0
IUS.US,D,20210421,000000,35.642,36.061,35.642,36.042,8371,0
IUS.US,D,20210422,000000,36.051,36.15,35.732,35.742,13430,0
IUS.US,D,20210423,000000,36.111,36.28,36.111,36.151,6776,0
IUS.US,D,20210426,000000,36.31,36.31,36.16,36.169,21695,0
IUS.US,D,20210427,000000,36.2,36.313,36.2,36.305,9132,0
IUS.US,D,20210428,000000,36.389,36.459,36.31,36.329,10052,0
IUS.US,D,20210429,000000,36.639,36.639,36.34,36.569,9130,0
IUS.US,D,20210430,000000,36.29,36.29,36.2,36.2,20151,0
IUS.US,D,20210503,000000,36.549,36.719,36.529,36.617,10963,0
IUS.US,D,20210504,000000,36.33,36.39,36.28,36.39,9225,0
IUS.US,D,20210505,000000,36.808,36.808,36.758,36.798,16486,0
IUS.US,D,20210506,000000,36.599,36.985,36.599,36.985,5363,0
IUS.US,D,20210507,000000,37.097,37.416,37.097,37.416,18280,0
IUS.US,D,20210510,000000,37.606,37.616,37.167,37.167,23201,0
IUS.US,D,20210511,000000,36.788,36.788,36.629,36.719,14103,0
IUS.US,D,20210512,000000,36.579,36.579,35.901,35.944,11376,0
IUS.US,D,20210513,000000,36.23,36.479,36.111,36.479,8430,0
IUS.US,D,20210514,000000,36.798,37.057,36.798,37.035,8353,0
IUS.US,D,20210517,000000,36.878,37.097,36.878,37.085,6702,0
IUS.US,D,20210518,000000,36.908,36.943,36.818,36.878,6439,0
IUS.US,D,20210519,000000,36.26,36.36,36.071,36.27,3704,0
IUS.US,D,20210520,000000,36.469,36.669,36.469,36.628,3973,0
IUS.US,D,20210521,000000,36.948,36.949,36.679,36.788,10640,0
IUS.US,D,20210524,000000,36.758,37.067,36.758,36.988,14837,0
IUS.US,D,20210525,000000,36.888,36.918,36.729,36.768,7778,0
IUS.US,D,20210526,000000,36.748,36.962,36.748,36.928,5686,0
IUS.US,D,20210527,000000,36.988,37.237,36.988,37.167,11436,0
IUS.US,D,20210528,000000,37.187,37.237,37.127,37.127,18391,0
IUS.US,D,20210601,000000,37.406,37.426,37.369,37.4,14219,0
IUS.US,D,20210602,000000,37.446,37.496,37.436,37.496,25580,0
IUS.US,D,20210603,000000,37.207,37.526,37.207,37.486,149300,0
IUS.US,D,20210604,000000,37.576,37.71,37.576,37.71,13528,0
IUS.US,D,20210607,000000,37.755,37.755,37.586,37.616,7523,0
IUS.US,D,20210608,000000,37.586,37.775,37.566,37.755,5073,0
IUS.US,D,20210609,000000,37.665,37.725,37.576,37.586,77485,0
IUS.US,D,20210610,000000,37.556,37.785,37.516,37.516,9325,0
IUS.US,D,20210611,000000,41.463,41.463,37.317,37.685,11674,0
IUS.US,D,20210614,000000,37.437,37.476,37.376,37.426,12946,0
IUS.US,D,20210615,000000,37.516,37.641,37.516,37.581,12181,0
IUS.US,D,20210616,000000,37.461,37.461,37.337,37.337,9598,0
IUS.US,D,20210617,000000,36.988,37.008,36.639,36.898,20671,0
IUS.US,D,20210618,000000,36.499,36.529,36.292,36.292,3971,0
IUS.US,D,20210621,000000,36.37,36.86,36.37,36.805,20379,0
IUS.US,D,20210622,000000,36.82,37.065,36.82,37.002,15750,0
IUS.US,D,20210623,000000,36.99,37.02,36.9,36.9,8090,0
IUS.US,D,20210624,000000,37.12,37.13,37.0944,37.0944,10889,0
IUS.US,D,20210625,000000,37.14,37.269,37.14,37.269,12384,0
IUS.US,D,20210628,000000,37.16,37.2,37.08,37.2,7587,0
IUS.US,D,20210629,000000,37.23,37.23,37.18,37.18,5574,0
IUS.US,D,20210630,000000,37.22,37.3,37.2,37.2796,9030,0
IUS.US,D,20210701,000000,37.41,37.52,37.41,37.49,13415,0
IUS.US,D,20210702,000000,37.53,37.69,37.53,37.69,242773,0
IUS.US,D,20210706,000000,37.28,37.43,37.24,37.4275,12150,0
IUS.US,D,20210707,000000,37.52,37.5545,37.52,37.5545,5076,0
IUS.US,D,20210708,000000,37.212,37.37,37.2,37.2002,9624,0
IUS.US,D,20210709,000000,37.53,37.72,37.53,37.6928,12558,0
IUS.US,D,20210712,000000,37.75,37.79,37.72,37.76,10784,0
IUS.US,D,20210713,000000,37.71,37.76,37.58,37.59,8958,0
IUS.US,D,20210714,000000,37.79,37.79,37.54,37.568,4149,0
IUS.US,D,20210715,000000,37.51,37.51,37.48,37.48,8853,0
IUS.US,D,20210716,000000,37.532,37.532,37.15,37.1641,10926,0
IUS.US,D,20210719,000000,36.77,36.77,36.32,36.54,10709,0
IUS.US,D,20210720,000000,37.05,37.22,37.05,37.13,6229,0
IUS.US,D,20210721,000000,37.21,37.46,37.21,37.46,8499,0
IUS.US,D,20210722,000000,37.35,37.45,37.34,37.4197,7083,0
IUS.US,D,20210723,000000,37.63,37.74,37.63,37.72,6188,0
IUS.US,D,20210726,000000,37.84,37.89,37.8,37.89,10470,0
IUS.US,D,20210727,000000,37.62,37.7406,37.55,37.7406,8721,0
IUS.US,D,20210728,000000,37.66,37.7234,37.65,37.7234,6248,0
IUS.US,D,20210729,000000,37.99,38.01,37.9,37.9,3185,0
IUS.US,D,20210730,000000,37.78,37.83,37.77,37.77,23004,0
IUS.US,D,20210802,000000,37.81,37.82,37.68,37.71,6683,0
IUS.US,D,20210803,000000,37.94,38.06,37.94,38.04,10462,0
IUS.US,D,20210804,000000,37.73,37.78,37.6851,37.6851,11210,0
IUS.US,D,20210805,000000,37.74,37.81,37.71,37.7842,10644,0
IUS.US,D,20210806,000000,37.8601,37.94,37.86,37.8881,12008,0
IUS.US,D,20210809,000000,37.84,37.84,37.815,37.815,4916,0
IUS.US,D,20210810,000000,38.01,38.02,37.98,37.994,13057,0
IUS.US,D,20210811,000000,38.13,38.21,38.12,38.21,6074,0
IUS.US,D,20210812,000000,38.16,38.26,38.14,38.26,5329,0
IUS.US,D,20210813,000000,38.12,38.29,38.12,38.245,6921,0
IUS.US,D,20210816,000000,38.11,38.41,38.07,38.41,6246,0
IUS.US,D,20210817,000000,38.1338,38.1426,37.96,38.1426,3626,0
IUS.US,D,20210818,000000,38.06,38.09,37.7106,37.7106,5254,0
IUS.US,D,20210819,000000,37.5,37.74,37.5,37.65,8909,0
IUS.US,D,20210820,000000,37.848,37.96,37.848,37.9,10099,0
IUS.US,D,20210823,000000,38.15,38.29,38.15,38.24,12443,0
IUS.US,D,20210824,000000,38.38,38.38,38.26,38.3,15704,0
IUS.US,D,20210825,000000,38.4,38.43,38.35,38.3739,5113,0
IUS.US,D,20210826,000000,38.21,38.24,38.0874,38.0874,4646,0
IUS.US,D,20210827,000000,38.22,38.48,38.22,38.4291,7286,0
IUS.US,D,20210830,000000,38.51,38.64,38.48,38.52,20620,0
IUS.US,D,20210831,000000,38.56,38.56,38.5,38.5213,8284,0
IUS.US,D,20210901,000000,38.45,38.57,38.45,38.49,12240,0
