<TICKER>,<PER>,<DATE>,<TIME>,<OPEN>,<HIGH>,<LOW>,<CLOSE>,<VOL>,<OPENINT>
JSML.US,D,20160225,000000,24.831,24.831,24.459,24.625,11890,0
JSML.US,D,20160226,000000,25.981,25.981,24.798,24.798,3589,0
JSML.US,D,20160229,000000,24.92,24.98,24.733,24.733,2518,0
JSML.US,D,20160301,000000,24.801,24.999,24.801,24.994,509,0
JSML.US,D,20160302,000000,25.026,25.097,25.026,25.097,615,0
JSML.US,D,20160303,000000,25.349,25.457,25.259,25.457,5513,0
JSML.US,D,20160304,000000,25.651,25.651,25.555,25.565,7316,0
JSML.US,D,20160307,000000,25.585,25.585,25.585,25.585,192,0
JSML.US,D,20160308,000000,25.72,25.72,25.123,25.123,4357,0
JSML.US,D,20160309,000000,25.111,25.173,25.064,25.173,5423,0
JSML.US,D,20160310,000000,24.881,24.881,24.881,24.881,717,0
JSML.US,D,20160311,000000,25.173,25.409,25.173,25.409,1066,0
JSML.US,D,20160314,000000,25.389,25.392,25.379,25.392,509,0
JSML.US,D,20160315,000000,25.173,25.173,25.173,25.173,2105,0
JSML.US,D,20160317,000000,24.911,24.911,24.911,24.911,100,0
JSML.US,D,20160318,000000,25.517,25.555,25.497,25.555,4503,0
JSML.US,D,20160321,000000,25.517,25.575,25.517,25.565,2124,0
JSML.US,D,20160322,000000,25.517,25.585,25.487,25.487,2184,0
JSML.US,D,20160323,000000,25.153,25.153,25.153,25.153,217,0
JSML.US,D,20160324,000000,24.811,24.811,24.787,24.787,607,0
JSML.US,D,20160328,000000,24.94,24.94,24.94,24.94,182,0
JSML.US,D,20160329,000000,25.389,25.69,25.389,25.69,361,0
JSML.US,D,20160331,000000,25.868,25.868,25.851,25.858,786,0
JSML.US,D,20160401,000000,25.726,25.772,25.726,25.772,1059,0
JSML.US,D,20160406,000000,25.742,25.742,25.742,25.742,509,0
JSML.US,D,20160407,000000,25.501,25.538,25.501,25.538,202,0
JSML.US,D,20160408,000000,25.819,25.819,25.677,25.677,306,0
JSML.US,D,20160411,000000,25.405,25.405,25.405,25.405,310,0
JSML.US,D,20160412,000000,25.433,25.513,25.433,25.513,1628,0
JSML.US,D,20160413,000000,25.752,26.203,25.752,26.203,1537,0
JSML.US,D,20160414,000000,26.191,26.191,26.191,26.191,260,0
JSML.US,D,20160415,000000,26.045,26.045,26.045,26.045,135,0
JSML.US,D,20160418,000000,26.25,26.284,26.25,26.284,361,0
JSML.US,D,20160420,000000,26.398,26.414,26.288,26.414,668,0
JSML.US,D,20160421,000000,26.358,26.358,26.259,26.29,1434,0
JSML.US,D,20160422,000000,26.51,26.584,26.348,26.528,1591,0
JSML.US,D,20160425,000000,26.344,26.344,26.339,26.339,423,0
JSML.US,D,20160426,000000,26.477,26.555,26.357,26.535,5670,0
JSML.US,D,20160427,000000,26.545,26.663,26.515,26.663,3866,0
JSML.US,D,20160428,000000,26.731,26.731,26.447,26.447,1115,0
JSML.US,D,20160429,000000,26.153,26.153,25.858,25.94,2632,0
JSML.US,D,20160502,000000,25.937,26.06,25.937,26.06,553,0
JSML.US,D,20160503,000000,25.987,25.987,25.726,25.752,588,0
JSML.US,D,20160504,000000,25.619,25.671,25.433,25.433,3820,0
JSML.US,D,20160505,000000,25.285,25.286,25.255,25.255,1333,0
JSML.US,D,20160506,000000,25.463,25.463,25.324,25.345,547,0
JSML.US,D,20160509,000000,25.628,25.628,25.628,25.628,207,0
JSML.US,D,20160510,000000,25.686,25.762,25.686,25.762,549,0
JSML.US,D,20160511,000000,25.552,25.561,25.533,25.533,4961,0
JSML.US,D,20160512,000000,26.027,26.027,25.226,25.283,7423,0
JSML.US,D,20160513,000000,25.324,25.365,25.324,25.365,439,0
JSML.US,D,20160516,000000,25.432,25.432,25.432,25.432,109,0
JSML.US,D,20160517,000000,25.338,25.395,25.338,25.395,320,0
JSML.US,D,20160518,000000,25.385,25.385,25.227,25.246,1184,0
JSML.US,D,20160519,000000,25.06,25.06,25.012,25.012,440,0
JSML.US,D,20160523,000000,25.619,25.637,25.59,25.59,3431,0
JSML.US,D,20160524,000000,26.201,26.201,26.105,26.201,594,0
JSML.US,D,20160525,000000,26.444,26.444,26.444,26.444,188,0
JSML.US,D,20160526,000000,26.279,26.368,26.245,26.287,5126,0
JSML.US,D,20160531,000000,26.593,26.683,26.593,26.683,1184,0
JSML.US,D,20160602,000000,27.003,27.148,26.97,27.13,4408,0
JSML.US,D,20160603,000000,27.082,27.082,27.082,27.082,509,0
JSML.US,D,20160606,000000,27.372,27.372,27.336,27.348,1123,0
JSML.US,D,20160608,000000,27.609,27.813,27.573,27.693,2893,0
JSML.US,D,20160609,000000,27.667,27.667,27.438,27.531,4526,0
JSML.US,D,20160614,000000,26.712,26.825,26.692,26.825,1108,0
JSML.US,D,20160615,000000,27.082,27.082,26.919,26.996,3409,0
JSML.US,D,20160616,000000,26.673,26.673,26.673,26.673,873,0
JSML.US,D,20160617,000000,26.798,26.798,26.685,26.685,820,0
JSML.US,D,20160620,000000,27.265,27.324,27.256,27.256,1272,0
JSML.US,D,20160621,000000,26.885,27.003,26.798,27.003,3929,0
JSML.US,D,20160623,000000,27.285,27.285,27.285,27.285,100,0
JSML.US,D,20160624,000000,26.663,26.663,26.389,26.427,2295,0
JSML.US,D,20160627,000000,25.461,25.552,25.433,25.433,569,0
JSML.US,D,20160628,000000,25.897,25.997,25.792,25.997,982,0
JSML.US,D,20160629,000000,27.609,27.609,26.298,26.298,600,0
JSML.US,D,20160630,000000,26.851,26.851,26.851,26.851,132,0
JSML.US,D,20160701,000000,27.107,27.172,26.909,26.998,3783,0
JSML.US,D,20160705,000000,26.751,26.751,26.751,26.751,119,0
JSML.US,D,20160706,000000,26.736,26.921,26.736,26.921,408,0
JSML.US,D,20160712,000000,28.136,28.136,28.136,28.136,151,0
JSML.US,D,20160713,000000,28.116,28.116,27.926,27.926,834,0
JSML.US,D,20160714,000000,28.071,28.071,28.071,28.071,509,0
JSML.US,D,20160715,000000,28.216,28.216,28.015,28.015,1370,0
JSML.US,D,20160718,000000,28.13,28.227,28.13,28.227,662,0
JSML.US,D,20160719,000000,28.404,28.404,27.809,27.809,1646,0
JSML.US,D,20160720,000000,27.926,27.926,27.926,27.926,546,0
JSML.US,D,20160721,000000,28.276,28.286,28.014,28.043,1465,0
JSML.US,D,20160722,000000,28.246,28.246,28.246,28.246,306,0
JSML.US,D,20160726,000000,28.143,28.306,28.143,28.143,2309,0
JSML.US,D,20160727,000000,28.143,28.276,28.143,28.276,1997,0
JSML.US,D,20160728,000000,28.354,28.354,28.354,28.354,769,0
JSML.US,D,20160729,000000,28.364,28.364,28.291,28.344,378,0
JSML.US,D,20160801,000000,28.452,28.57,28.452,28.57,2169,0
JSML.US,D,20160802,000000,28.59,28.59,28.169,28.169,956,0
JSML.US,D,20160803,000000,27.899,27.899,27.899,27.899,153,0
JSML.US,D,20160804,000000,28.364,28.364,28.326,28.326,666,0
JSML.US,D,20160805,000000,28.59,28.678,28.59,28.678,2051,0
JSML.US,D,20160808,000000,28.636,28.636,28.636,28.636,172,0
JSML.US,D,20160809,000000,28.693,28.693,28.693,28.693,476,0
JSML.US,D,20160810,000000,28.707,28.707,28.59,28.59,783,0
JSML.US,D,20160811,000000,28.716,28.716,28.697,28.697,15102,0
JSML.US,D,20160812,000000,28.697,28.697,28.58,28.58,713,0
JSML.US,D,20160816,000000,28.604,28.688,28.604,28.688,885,0
JSML.US,D,20160817,000000,28.462,28.462,28.462,28.462,682,0
JSML.US,D,20160818,000000,28.52,28.629,28.52,28.6,2145,0
JSML.US,D,20160819,000000,28.629,28.639,28.629,28.639,306,0
JSML.US,D,20160822,000000,28.629,28.629,28.629,28.629,162,0
JSML.US,D,20160824,000000,29.023,29.023,28.84,28.845,2642,0
JSML.US,D,20160825,000000,28.825,28.825,28.697,28.697,1523,0
JSML.US,D,20160829,000000,28.848,28.857,28.84,28.84,509,0
JSML.US,D,20160830,000000,28.871,28.871,28.731,28.82,1187,0
JSML.US,D,20160831,000000,28.607,28.607,28.594,28.594,396,0
JSML.US,D,20160902,000000,29.108,29.108,28.896,29.023,2116,0
JSML.US,D,20160906,000000,28.982,28.983,28.927,28.927,408,0
JSML.US,D,20160907,000000,29.052,29.148,29.003,29.148,1936,0
JSML.US,D,20160908,000000,29.071,29.071,29.043,29.043,615,0
JSML.US,D,20160909,000000,28.668,28.668,28.59,28.59,394,0
JSML.US,D,20160912,000000,28.188,28.576,28.188,28.576,575,0
JSML.US,D,20160913,000000,28.194,28.217,28.194,28.217,381,0
JSML.US,D,20160914,000000,28.26,28.326,28.26,28.316,1918,0
JSML.US,D,20160915,000000,28.619,28.619,28.619,28.619,892,0
JSML.US,D,20160916,000000,28.236,28.51,28.236,28.51,2663,0
JSML.US,D,20160919,000000,28.659,28.659,28.532,28.532,967,0
JSML.US,D,20160920,000000,28.56,28.56,28.525,28.525,1000,0
JSML.US,D,20160921,000000,28.786,28.815,28.472,28.791,3028,0
JSML.US,D,20160922,000000,29.071,29.224,29.071,29.224,306,0
JSML.US,D,20160923,000000,29.241,29.241,29.128,29.128,832,0
JSML.US,D,20160926,000000,29.071,29.071,28.796,28.796,306,0
JSML.US,D,20160927,000000,28.855,28.855,28.813,28.855,1219,0
JSML.US,D,20160928,000000,29.071,29.071,28.744,28.883,1226,0
JSML.US,D,20160930,000000,28.883,29.005,28.852,28.924,1221,0
JSML.US,D,20161003,000000,28.923,28.923,28.767,28.864,4573,0
JSML.US,D,20161004,000000,28.923,28.923,28.795,28.796,1129,0
JSML.US,D,20161005,000000,29.148,29.283,28.837,28.845,2849,0
JSML.US,D,20161006,000000,28.678,28.845,28.678,28.816,959,0
JSML.US,D,20161007,000000,29.108,29.108,29.108,29.108,962,0
JSML.US,D,20161010,000000,29.099,29.099,29.099,29.099,278,0
JSML.US,D,20161011,000000,28.707,28.707,28.314,28.314,3105,0
JSML.US,D,20161012,000000,28.425,28.425,28.425,28.425,288,0
JSML.US,D,20161013,000000,28.303,28.303,28.303,28.303,172,0
JSML.US,D,20161017,000000,28.215,28.215,28.215,28.215,103,0
JSML.US,D,20161018,000000,28.268,28.336,28.268,28.336,791,0
JSML.US,D,20161019,000000,28.385,28.395,28.385,28.395,434,0
JSML.US,D,20161020,000000,28.236,28.236,28.236,28.236,167,0
JSML.US,D,20161021,000000,28.336,28.336,28.07,28.07,615,0
JSML.US,D,20161025,000000,27.975,28.016,27.975,28.014,557,0
JSML.US,D,20161026,000000,28.169,28.169,27.772,27.772,2308,0
JSML.US,D,20161027,000000,27.635,27.635,27.449,27.507,835,0
JSML.US,D,20161028,000000,27.426,27.487,27.42,27.42,1426,0
JSML.US,D,20161031,000000,27.418,27.479,27.418,27.479,1125,0
JSML.US,D,20161101,000000,27.388,27.388,27.339,27.339,729,0
JSML.US,D,20161103,000000,26.736,26.736,26.736,26.736,228,0
JSML.US,D,20161104,000000,26.28,26.818,26.28,26.589,4097,0
JSML.US,D,20161107,000000,27.082,27.082,27.082,27.082,300,0
JSML.US,D,20161108,000000,27.068,27.084,27.068,27.084,513,0
JSML.US,D,20161109,000000,27.789,27.79,27.789,27.789,507,0
JSML.US,D,20161110,000000,28.111,28.168,28.09,28.168,877,0
JSML.US,D,20161111,000000,28.133,28.472,28.133,28.429,895,0
JSML.US,D,20161114,000000,28.923,28.973,28.762,28.797,4728,0
JSML.US,D,20161116,000000,28.845,28.864,28.797,28.855,7710,0
JSML.US,D,20161117,000000,29.043,29.043,28.969,28.983,3080,0
JSML.US,D,20161118,000000,28.993,29.052,28.913,29.052,2378,0
JSML.US,D,20161121,000000,29.263,29.263,29.224,29.224,878,0
JSML.US,D,20161122,000000,29.342,29.38,29.18,29.38,1420,0
JSML.US,D,20161123,000000,29.616,29.616,29.616,29.616,253,0
JSML.US,D,20161128,000000,29.632,29.632,29.505,29.505,1916,0
JSML.US,D,20161129,000000,29.89,29.89,29.555,29.576,1979,0
JSML.US,D,20161130,000000,29.371,29.371,29.303,29.303,19736,0
JSML.US,D,20161201,000000,29.576,29.576,29.293,29.293,4716,0
JSML.US,D,20161202,000000,29.09,29.09,29.09,29.09,306,0
JSML.US,D,20161205,000000,29.371,29.439,29.362,29.439,1280,0
JSML.US,D,20161206,000000,29.537,29.537,29.537,29.537,119,0
JSML.US,D,20161207,000000,30.086,30.193,30.045,30.163,11335,0
JSML.US,D,20161208,000000,30.658,30.658,30.183,30.453,3789,0
JSML.US,D,20161209,000000,31.1,31.1,30.404,30.404,1037,0
JSML.US,D,20161212,000000,30.376,30.376,30.174,30.174,231,0
JSML.US,D,20161213,000000,30.875,30.875,30.167,30.232,6179,0
JSML.US,D,20161214,000000,30.27,30.27,29.996,30.074,1359,0
JSML.US,D,20161215,000000,30.698,30.698,30.124,30.124,651,0
JSML.US,D,20161216,000000,30.757,30.757,30.074,30.074,2995,0
JSML.US,D,20161219,000000,30.425,30.6,30.425,30.6,1022,0
JSML.US,D,20161220,000000,30.308,30.325,30.298,30.298,1361,0
JSML.US,D,20161221,000000,30.308,30.308,30.247,30.247,1232,0
JSML.US,D,20161222,000000,30.025,30.025,29.781,30.004,651,0
JSML.US,D,20161223,000000,30.203,30.203,30.032,30.032,517,0
JSML.US,D,20161228,000000,30.014,30.014,29.935,29.935,415,0
JSML.US,D,20161229,000000,30.099,30.099,30.099,30.099,368,0
JSML.US,D,20161230,000000,29.975,29.985,29.927,29.927,471,0
JSML.US,D,20170103,000000,30.103,30.163,29.916,29.946,2475,0
JSML.US,D,20170104,000000,30.27,30.514,30.27,30.514,636,0
JSML.US,D,20170105,000000,30.611,30.611,30.2,30.27,928,0
JSML.US,D,20170106,000000,30.414,30.414,30.183,30.183,2610,0
JSML.US,D,20170109,000000,30.405,30.405,30.113,30.113,1017,0
JSML.US,D,20170110,000000,30.212,30.25,30.167,30.25,922,0
JSML.US,D,20170112,000000,30.25,30.298,30.103,30.152,3679,0
JSML.US,D,20170113,000000,30.143,30.474,30.143,30.474,610,0
JSML.US,D,20170117,000000,30.366,30.366,30.024,30.024,617,0
JSML.US,D,20170118,000000,30.222,30.222,29.917,30.133,6064,0
JSML.US,D,20170119,000000,29.917,29.946,29.819,29.819,1258,0
JSML.US,D,20170120,000000,30.057,30.145,29.975,30.145,2797,0
JSML.US,D,20170123,000000,29.425,29.907,29.425,29.875,1154,0
JSML.US,D,20170124,000000,30.208,30.25,30.208,30.25,504,0
JSML.US,D,20170125,000000,30.562,30.562,30.504,30.504,4756,0
JSML.US,D,20170126,000000,30.414,30.414,30.331,30.356,4099,0
JSML.US,D,20170127,000000,30.193,30.27,30.193,30.241,1211,0
JSML.US,D,20170130,000000,29.737,29.927,29.651,29.917,2666,0
JSML.US,D,20170131,000000,29.868,29.964,29.868,29.953,1807,0
JSML.US,D,20170201,000000,29.975,29.975,29.806,29.806,324,0
JSML.US,D,20170202,000000,29.849,29.849,29.68,29.68,1046,0
JSML.US,D,20170203,000000,29.927,30.034,29.927,30.034,1769,0
JSML.US,D,20170206,000000,30.034,30.034,29.886,29.888,5287,0
JSML.US,D,20170207,000000,29.882,29.882,29.769,29.779,1477,0
JSML.US,D,20170208,000000,29.907,29.907,29.907,29.907,230,0
JSML.US,D,20170210,000000,30.581,30.581,30.222,30.326,1388,0
JSML.US,D,20170213,000000,30.395,30.395,30.331,30.376,1957,0
JSML.US,D,20170215,000000,30.356,30.66,30.356,30.66,247,0
JSML.US,D,20170216,000000,30.599,30.599,30.346,30.44,905,0
JSML.US,D,20170221,000000,30.672,30.71,30.672,30.69,1354,0
JSML.US,D,20170222,000000,30.65,30.65,30.539,30.539,1504,0
JSML.US,D,20170223,000000,30.532,30.542,30.532,30.532,1243,0
JSML.US,D,20170224,000000,30.449,30.449,30.449,30.449,1017,0
JSML.US,D,20170228,000000,30.434,30.447,30.424,30.447,1073,0
JSML.US,D,20170301,000000,30.631,30.743,30.596,30.743,939,0
JSML.US,D,20170302,000000,30.64,30.64,30.64,30.64,356,0
JSML.US,D,20170303,000000,30.808,30.808,30.449,30.621,5798,0
JSML.US,D,20170306,000000,30.631,30.631,30.329,30.329,929,0
JSML.US,D,20170307,000000,30.336,30.336,30.22,30.22,1356,0
JSML.US,D,20170308,000000,30.173,30.173,30.173,30.173,682,0
JSML.US,D,20170309,000000,30.176,30.176,29.995,29.995,1019,0
JSML.US,D,20170310,000000,30.193,30.193,30.192,30.192,525,0
JSML.US,D,20170313,000000,30.25,30.25,30.241,30.241,770,0
JSML.US,D,20170314,000000,30.004,30.008,30.004,30.008,837,0
JSML.US,D,20170315,000000,30.376,30.494,30.173,30.452,1127,0
JSML.US,D,20170317,000000,30.356,30.489,30.356,30.489,993,0
JSML.US,D,20170320,000000,30.69,30.69,30.344,30.405,2117,0
JSML.US,D,20170321,000000,30.195,30.23,29.809,29.88,1621,0
JSML.US,D,20170322,000000,29.878,29.878,29.583,29.759,1917,0
JSML.US,D,20170323,000000,29.888,29.89,29.867,29.867,899,0
JSML.US,D,20170328,000000,30.063,30.168,30.063,30.168,441,0
JSML.US,D,20170329,000000,30.221,30.336,30.221,30.336,437,0
JSML.US,D,20170330,000000,30.446,30.533,30.446,30.533,2006,0
JSML.US,D,20170331,000000,30.677,30.677,30.628,30.667,1277,0
JSML.US,D,20170403,000000,30.702,30.702,30.277,30.277,398,0
JSML.US,D,20170404,000000,30.109,30.109,30.086,30.086,305,0
JSML.US,D,20170405,000000,30.441,30.441,29.952,29.952,947,0
JSML.US,D,20170406,000000,30.03,30.099,30.03,30.049,1851,0
JSML.US,D,20170407,000000,30.241,30.241,30.129,30.129,366,0
JSML.US,D,20170410,000000,30.415,30.415,30.415,30.415,100,0
JSML.US,D,20170412,000000,30.189,30.189,30.189,30.189,228,0
JSML.US,D,20170417,000000,30.059,30.059,30.059,30.059,142,0
JSML.US,D,20170418,000000,30.149,30.149,30.086,30.086,418,0
JSML.US,D,20170419,000000,30.588,30.618,30.588,30.618,852,0
JSML.US,D,20170420,000000,30.776,30.973,30.747,30.973,942,0
JSML.US,D,20170424,000000,31.181,31.181,31.181,31.181,136,0
JSML.US,D,20170425,000000,31.652,31.661,31.495,31.661,1884,0
JSML.US,D,20170426,000000,31.591,31.591,31.413,31.413,305,0
JSML.US,D,20170428,000000,31.386,31.386,31.386,31.386,224,0
JSML.US,D,20170501,000000,31.564,31.73,31.564,31.671,1908,0
JSML.US,D,20170502,000000,31.692,31.692,31.661,31.661,276,0
JSML.US,D,20170503,000000,31.358,31.424,31.307,31.307,1046,0
JSML.US,D,20170505,000000,31.592,31.642,31.47,31.642,1842,0
JSML.US,D,20170508,000000,31.416,31.749,31.416,31.652,2808,0
JSML.US,D,20170509,000000,31.564,31.601,31.495,31.495,1488,0
JSML.US,D,20170510,000000,31.828,32.249,31.828,32.006,2618,0
JSML.US,D,20170511,000000,31.672,32.001,31.672,32.001,520,0
JSML.US,D,20170512,000000,31.878,31.878,31.828,31.828,881,0
JSML.US,D,20170515,000000,32.141,32.151,32.141,32.151,1324,0
JSML.US,D,20170516,000000,32.17,32.338,31.897,32.171,1799,0
JSML.US,D,20170517,000000,31.636,31.636,31.636,31.636,108,0
JSML.US,D,20170518,000000,32.041,32.041,32.041,32.041,112,0
JSML.US,D,20170519,000000,31.906,32.201,31.73,31.73,815,0
JSML.US,D,20170522,000000,31.841,31.841,31.841,31.841,269,0
JSML.US,D,20170523,000000,31.759,32.091,31.759,32.081,938,0
JSML.US,D,20170524,000000,31.906,31.944,31.906,31.944,4174,0
JSML.US,D,20170525,000000,31.911,31.911,31.911,31.911,201,0
JSML.US,D,20170526,000000,31.858,31.858,31.858,31.858,123,0
JSML.US,D,20170530,000000,31.923,31.923,31.923,31.923,611,0
JSML.US,D,20170601,000000,32.244,32.244,32.244,32.244,749,0
JSML.US,D,20170605,000000,32.826,32.826,32.571,32.581,714,0
JSML.US,D,20170606,000000,32.639,32.729,32.457,32.709,5150,0
JSML.US,D,20170608,000000,32.719,32.777,32.719,32.777,611,0
JSML.US,D,20170609,000000,33.28,33.28,32.59,32.826,3057,0
JSML.US,D,20170612,000000,32.895,32.895,32.895,32.895,924,0
JSML.US,D,20170613,000000,32.964,32.964,32.526,32.619,2860,0
JSML.US,D,20170615,000000,32.305,32.305,32.305,32.305,199,0
JSML.US,D,20170616,000000,32.348,32.348,32.348,32.348,508,0
JSML.US,D,20170619,000000,32.551,32.551,32.526,32.526,599,0
JSML.US,D,20170620,000000,32.447,32.447,32.447,32.447,100,0
JSML.US,D,20170622,000000,32.561,32.561,32.505,32.524,436,0
JSML.US,D,20170623,000000,32.708,32.708,32.708,32.708,102,0
JSML.US,D,20170626,000000,32.505,32.505,32.505,32.505,305,0
JSML.US,D,20170628,000000,32.447,33.172,32.447,33.172,1934,0
JSML.US,D,20170630,000000,32.658,32.658,32.658,32.658,335,0
JSML.US,D,20170703,000000,32.656,32.656,32.656,32.656,201,0
JSML.US,D,20170705,000000,32.578,32.578,32.578,32.578,237,0
JSML.US,D,20170711,000000,32.587,32.587,32.436,32.436,590,0
JSML.US,D,20170713,000000,32.656,32.716,32.656,32.716,11249,0
JSML.US,D,20170714,000000,32.951,33.06,32.776,33.011,22891,0
JSML.US,D,20170717,000000,33.05,33.116,33.05,33.116,515,0
JSML.US,D,20170718,000000,32.626,32.991,32.626,32.991,615,0
JSML.US,D,20170719,000000,33.383,33.383,33.383,33.383,101,0
JSML.US,D,20170720,000000,33.522,33.522,33.522,33.522,146,0
JSML.US,D,20170721,000000,33.405,33.405,33.169,33.169,658,0
JSML.US,D,20170725,000000,34.003,34.003,33.317,33.571,4998,0
JSML.US,D,20170726,000000,33.779,33.779,33.169,33.198,852,0
JSML.US,D,20170727,000000,34.033,34.033,34.033,34.033,427,0
JSML.US,D,20170728,000000,32.833,33.14,32.833,32.99,877,0
JSML.US,D,20170731,000000,33.405,33.405,33.405,33.405,175,0
JSML.US,D,20170801,000000,33.385,33.484,33.142,33.484,3775,0
JSML.US,D,20170802,000000,33.198,33.198,32.783,32.783,1410,0
JSML.US,D,20170803,000000,33.341,33.341,33.341,33.341,125,0
JSML.US,D,20170804,000000,33.001,33.39,33.001,33.278,2062,0
JSML.US,D,20170807,000000,33.551,33.551,33.551,33.551,564,0
JSML.US,D,20170809,000000,33.258,33.444,33.082,33.198,1635,0
JSML.US,D,20170810,000000,33.355,33.355,32.405,32.405,912,0
JSML.US,D,20170811,000000,32.706,32.706,32.138,32.138,1674,0
JSML.US,D,20170814,000000,32.884,32.884,32.884,32.884,222,0
JSML.US,D,20170815,000000,32.891,32.891,32.891,32.891,179,0
JSML.US,D,20170816,000000,32.791,32.791,32.791,32.791,391,0
JSML.US,D,20170817,000000,32.558,32.645,32.256,32.256,859,0
JSML.US,D,20170821,000000,32.178,32.296,32.178,32.296,1058,0
JSML.US,D,20170822,000000,32.493,32.521,32.473,32.521,524,0
JSML.US,D,20170823,000000,32.271,32.271,32.271,32.271,279,0
JSML.US,D,20170824,000000,32.408,32.408,32.408,32.408,559,0
JSML.US,D,20170901,000000,32.843,33.144,32.843,33.144,651,0
JSML.US,D,20170905,000000,32.646,32.892,32.646,32.892,807,0
JSML.US,D,20170911,000000,33.139,33.258,33.139,33.258,827,0
JSML.US,D,20170915,000000,33.238,33.311,32.961,33.311,1435,0
JSML.US,D,20170918,000000,33.499,33.651,33.499,33.651,1034,0
JSML.US,D,20170919,000000,33.68,33.68,33.68,33.68,681,0
JSML.US,D,20170920,000000,33.69,33.69,33.69,33.69,187,0
JSML.US,D,20170925,000000,33.07,33.07,33.07,33.07,324,0
JSML.US,D,20170927,000000,34.033,34.318,34.033,34.179,4210,0
JSML.US,D,20170928,000000,34.612,34.612,34.276,34.307,826,0
JSML.US,D,20171002,000000,33.896,34.896,33.896,34.845,2111,0
JSML.US,D,20171003,000000,34.896,35.162,34.896,34.961,1290,0
JSML.US,D,20171004,000000,35.055,35.212,34.911,34.911,6418,0
JSML.US,D,20171005,000000,35.109,35.109,35.109,35.109,112,0
JSML.US,D,20171006,000000,35.262,35.262,35.103,35.103,2890,0
JSML.US,D,20171009,000000,35.232,35.262,35.075,35.075,2843,0
JSML.US,D,20171010,000000,35.399,35.399,34.976,34.996,3762,0
JSML.US,D,20171012,000000,34.966,34.966,34.956,34.956,367,0
JSML.US,D,20171013,000000,35.172,35.222,35.032,35.18,2280,0
JSML.US,D,20171017,000000,34.76,34.879,34.76,34.879,213,0
JSML.US,D,20171018,000000,35.302,35.302,35.302,35.302,185,0
JSML.US,D,20171020,000000,35.346,35.39,35.292,35.292,5157,0
JSML.US,D,20171023,000000,35.98,35.98,35.272,35.272,5123,0
JSML.US,D,20171024,000000,35.428,35.468,35.302,35.302,3034,0
JSML.US,D,20171025,000000,35.734,35.734,35.734,35.734,328,0
JSML.US,D,20171026,000000,35.724,35.724,35.172,35.192,3134,0
JSML.US,D,20171027,000000,35.392,35.448,35.247,35.247,1358,0
JSML.US,D,20171030,000000,34.961,34.982,34.674,34.982,577,0
JSML.US,D,20171031,000000,35.538,35.538,35.472,35.472,772,0
JSML.US,D,20171101,000000,35.312,35.312,34.78,35.007,1078,0
JSML.US,D,20171102,000000,35.065,35.192,35.006,35.084,1718,0
JSML.US,D,20171103,000000,35.655,35.655,35.103,35.103,1446,0
JSML.US,D,20171106,000000,35.06,35.06,35.06,35.06,336,0
JSML.US,D,20171107,000000,35.783,35.783,35.133,35.133,1297,0
JSML.US,D,20171108,000000,35.282,35.282,34.867,34.867,1358,0
JSML.US,D,20171109,000000,34.465,34.465,34.416,34.416,1844,0
JSML.US,D,20171110,000000,34.465,34.465,34.465,34.465,100,0
JSML.US,D,20171113,000000,34.761,34.761,34.416,34.416,308,0
JSML.US,D,20171116,000000,34.66,34.66,34.66,34.66,100,0
JSML.US,D,20171121,000000,34.867,35.399,34.867,35.399,539,0
JSML.US,D,20171122,000000,35.552,35.552,35.552,35.552,1627,0
JSML.US,D,20171127,000000,35.626,35.626,35.438,35.438,1537,0
JSML.US,D,20171128,000000,35.478,35.645,35.478,35.598,11595,0
JSML.US,D,20171130,000000,36.004,36.004,35.892,35.892,489,0
JSML.US,D,20171201,000000,35.558,35.714,35.458,35.695,4664,0
JSML.US,D,20171204,000000,35.823,35.922,35.753,35.753,3318,0
JSML.US,D,20171205,000000,35.587,35.655,35.58,35.655,2668,0
JSML.US,D,20171206,000000,35.399,35.399,35.342,35.342,505,0
JSML.US,D,20171207,000000,35.528,35.588,35.528,35.588,1079,0
JSML.US,D,20171208,000000,36.275,36.275,35.497,35.636,2295,0
JSML.US,D,20171211,000000,35.724,35.724,35.558,35.568,4298,0
JSML.US,D,20171212,000000,35.312,35.381,35.222,35.222,794,0
JSML.US,D,20171214,000000,36.382,36.382,35.353,35.528,2199,0
JSML.US,D,20171218,000000,36.295,36.295,36.232,36.232,626,0
JSML.US,D,20171219,000000,36.382,36.46,36.165,36.165,2377,0
JSML.US,D,20171220,000000,36.439,36.48,36.392,36.395,4282,0
JSML.US,D,20171222,000000,36.205,36.225,36.045,36.045,7761,0
JSML.US,D,20171226,000000,35.969,36.165,35.969,36.165,391,0
JSML.US,D,20171228,000000,36.885,36.885,36.192,36.192,717,0
JSML.US,D,20180102,000000,36.326,36.326,36.285,36.285,295,0
JSML.US,D,20180103,000000,35.694,35.694,35.694,35.694,933,0
JSML.US,D,20180104,000000,36.805,36.805,36.49,36.542,5047,0
JSML.US,D,20180105,000000,36.549,36.815,36.549,36.815,4272,0
JSML.US,D,20180108,000000,37.307,37.307,36.581,36.698,1822,0
JSML.US,D,20180109,000000,36.5,36.835,36.5,36.835,714,0
JSML.US,D,20180110,000000,36.451,36.451,36.451,36.451,551,0
JSML.US,D,20180111,000000,36.915,36.915,36.915,36.915,250,0
JSML.US,D,20180116,000000,37.462,37.462,37.337,37.337,263,0
JSML.US,D,20180117,000000,36.993,36.993,36.993,36.993,614,0
JSML.US,D,20180118,000000,37.081,37.081,37.081,37.081,234,0
JSML.US,D,20180119,000000,37.337,37.337,37.241,37.241,1104,0
JSML.US,D,20180122,000000,37.624,37.624,37.575,37.575,452,0
JSML.US,D,20180123,000000,37.733,37.733,37.733,37.733,268,0
JSML.US,D,20180124,000000,37.57,37.57,37.57,37.57,275,0
JSML.US,D,20180125,000000,37.8,37.8,37.8,37.8,151,0
JSML.US,D,20180126,000000,37.929,38.017,37.767,38.017,887,0
JSML.US,D,20180129,000000,38.206,38.206,37.81,37.81,212,0
JSML.US,D,20180130,000000,37.317,37.317,37.317,37.317,272,0
JSML.US,D,20180131,000000,37.723,37.723,37.437,37.437,1701,0
JSML.US,D,20180202,000000,36.865,37.307,36.372,36.416,2893,0
JSML.US,D,20180205,000000,36.372,36.446,35.49,35.49,2124,0
JSML.US,D,20180206,000000,36.141,36.141,35.566,35.566,1003,0
JSML.US,D,20180207,000000,35.576,36.194,35.576,35.881,1750,0
JSML.US,D,20180208,000000,36.599,36.599,34.867,34.943,8988,0
JSML.US,D,20180209,000000,35.151,35.151,34.471,35.151,1255,0
JSML.US,D,20180212,000000,35.104,35.178,35.091,35.178,503,0
JSML.US,D,20180213,000000,35.462,35.462,35.27,35.27,344,0
JSML.US,D,20180214,000000,36.382,36.382,36.382,36.382,3038,0
JSML.US,D,20180215,000000,37.111,37.111,36.591,36.885,1791,0
JSML.US,D,20180216,000000,37.115,37.115,37.111,37.111,334,0
JSML.US,D,20180220,000000,36.589,36.726,36.412,36.445,1559,0
JSML.US,D,20180221,000000,36.707,36.845,36.707,36.776,8201,0
JSML.US,D,20180222,000000,36.451,36.451,36.451,36.451,127,0
JSML.US,D,20180223,000000,36.46,36.46,36.46,36.46,266,0
JSML.US,D,20180226,000000,36.895,37.12,36.727,37.101,1488,0
JSML.US,D,20180227,000000,36.698,36.698,36.698,36.698,549,0
JSML.US,D,20180301,000000,36.402,36.402,35.822,35.822,1025,0
JSML.US,D,20180305,000000,36.955,36.955,36.776,36.776,923,0
JSML.US,D,20180306,000000,37.306,37.306,37.306,37.306,162,0
JSML.US,D,20180307,000000,37.397,37.733,37.397,37.733,3970,0
JSML.US,D,20180309,000000,38.216,38.216,38.216,38.216,161,0
JSML.US,D,20180312,000000,38.817,38.817,38.817,38.817,307,0
JSML.US,D,20180313,000000,38.157,38.273,38.147,38.273,2608,0
JSML.US,D,20180314,000000,38.303,38.303,38.24,38.24,659,0
JSML.US,D,20180315,000000,38.245,38.254,37.899,37.899,1299,0
JSML.US,D,20180316,000000,38.057,38.087,38.057,38.087,346,0
JSML.US,D,20180319,000000,37.605,37.605,37.407,37.407,360,0
JSML.US,D,20180322,000000,37.799,37.819,37.787,37.787,731,0
JSML.US,D,20180323,000000,36.841,36.841,36.392,36.455,1185,0
JSML.US,D,20180326,000000,36.749,37.278,36.619,37.256,1654,0
JSML.US,D,20180327,000000,36.195,36.195,36.185,36.185,2536,0
JSML.US,D,20180329,000000,36.531,36.531,36.334,36.334,1358,0
JSML.US,D,20180402,000000,35.87,35.87,35.801,35.801,1617,0
JSML.US,D,20180403,000000,35.614,35.614,35.614,35.614,163,0
JSML.US,D,20180404,000000,35.875,35.875,35.875,35.875,110,0
JSML.US,D,20180405,000000,36.728,36.737,36.728,36.737,1017,0
JSML.US,D,20180406,000000,36.432,36.47,36.432,36.47,486,0
JSML.US,D,20180412,000000,37.329,37.329,37.232,37.28,871,0
JSML.US,D,20180416,000000,37.843,37.843,37.261,37.299,1625,0
JSML.US,D,20180417,000000,37.073,37.853,37.073,37.853,805,0
JSML.US,D,20180418,000000,37.951,37.951,37.932,37.932,626,0
JSML.US,D,20180419,000000,37.858,37.858,37.56,37.644,1532,0
JSML.US,D,20180420,000000,37.113,37.113,37.113,37.113,491,0
JSML.US,D,20180423,000000,37.687,37.687,37.687,37.687,323,0
JSML.US,D,20180424,000000,37.479,37.479,37.035,37.035,1067,0
JSML.US,D,20180425,000000,36.62,36.826,36.62,36.826,502,0
JSML.US,D,20180426,000000,36.787,36.787,36.787,36.787,310,0
JSML.US,D,20180427,000000,36.896,36.896,36.896,36.896,1800,0
JSML.US,D,20180501,000000,36.767,36.767,36.719,36.719,333,0
JSML.US,D,20180503,000000,36.521,36.521,36.501,36.501,1095,0
JSML.US,D,20180504,000000,36.796,36.796,36.748,36.748,526,0
JSML.US,D,20180508,000000,37.459,37.489,37.459,37.489,2049,0
JSML.US,D,20180509,000000,37.863,37.941,37.863,37.941,506,0
JSML.US,D,20180511,000000,38.605,38.605,38.515,38.526,593,0
JSML.US,D,20180514,000000,39.216,39.216,39.216,39.216,434,0
JSML.US,D,20180515,000000,38.345,38.356,38.287,38.356,561,0
JSML.US,D,20180517,000000,39.038,39.067,38.998,38.998,1812,0
JSML.US,D,20180518,000000,39.28,39.354,39.273,39.274,1564,0
JSML.US,D,20180522,000000,39.058,39.058,39.048,39.048,1408,0
JSML.US,D,20180523,000000,39.048,39.048,38.86,38.909,578,0
JSML.US,D,20180524,000000,38.889,38.969,38.88,38.909,1171,0
JSML.US,D,20180525,000000,39.028,39.028,38.936,38.936,628,0
JSML.US,D,20180529,000000,39.374,39.374,38.803,38.803,608,0
JSML.US,D,20180530,000000,39.6,39.67,39.54,39.586,2898,0
JSML.US,D,20180531,000000,39.54,39.54,39.231,39.354,4281,0
JSML.US,D,20180601,000000,39.789,39.789,39.701,39.701,982,0
JSML.US,D,20180604,000000,39.789,40.114,39.779,40.019,5702,0
JSML.US,D,20180605,000000,40.825,40.825,40.207,40.577,10965,0
JSML.US,D,20180606,000000,41.388,41.388,40.549,40.776,7597,0
JSML.US,D,20180607,000000,41.179,41.179,40.114,40.37,5646,0
JSML.US,D,20180608,000000,40.696,40.696,40.674,40.695,1585,0
JSML.US,D,20180611,000000,40.696,40.786,40.651,40.786,2996,0
JSML.US,D,20180612,000000,41.189,41.189,40.873,40.945,2365,0
JSML.US,D,20180613,000000,41.624,41.624,40.801,40.915,8122,0
JSML.US,D,20180614,000000,41.398,41.487,41.175,41.408,14487,0
JSML.US,D,20180615,000000,41.693,41.693,41.209,41.418,9399,0
JSML.US,D,20180618,000000,41.634,41.801,41.497,41.689,3740,0
JSML.US,D,20180619,000000,41.97,41.99,41.206,41.674,9000,0
JSML.US,D,20180620,000000,42.492,42.492,41.608,41.742,12975,0
JSML.US,D,20180621,000000,42.087,42.087,41.129,41.129,3153,0
JSML.US,D,20180622,000000,40.989,41.029,40.815,40.855,6271,0
JSML.US,D,20180625,000000,40.458,40.458,40.208,40.208,965,0
JSML.US,D,20180626,000000,40.247,41.004,40.247,41.004,1554,0
JSML.US,D,20180627,000000,41.249,41.249,39.975,39.975,5623,0
JSML.US,D,20180628,000000,40.29,40.36,39.752,40.278,4496,0
JSML.US,D,20180629,000000,40.548,40.548,40.378,40.43,2268,0
JSML.US,D,20180702,000000,40.46,40.479,40.175,40.479,1334,0
JSML.US,D,20180705,000000,41.508,41.508,40.559,40.985,3514,0
JSML.US,D,20180706,000000,41.191,41.439,41.191,41.439,987,0
JSML.US,D,20180709,000000,42.11,42.11,41.489,41.646,1521,0
JSML.US,D,20180710,000000,41.839,41.839,41.409,41.419,3004,0
JSML.US,D,20180711,000000,40.916,41.26,40.916,41.132,1309,0
JSML.US,D,20180712,000000,41.527,41.527,41.439,41.439,443,0
JSML.US,D,20180713,000000,41.522,41.636,41.448,41.448,870,0
JSML.US,D,20180716,000000,41.705,41.705,40.963,41.115,1447,0
JSML.US,D,20180717,000000,41.439,41.774,41.344,41.616,3543,0
JSML.US,D,20180718,000000,41.844,41.844,41.498,41.536,3362,0
JSML.US,D,20180719,000000,41.499,41.943,41.499,41.834,3892,0
JSML.US,D,20180720,000000,41.72,41.804,41.636,41.636,6010,0
JSML.US,D,20180723,000000,41.963,41.963,41.673,41.695,2370,0
JSML.US,D,20180724,000000,42.26,42.26,40.906,40.936,5813,0
JSML.US,D,20180725,000000,41.517,41.517,40.859,41.015,3800,0
JSML.US,D,20180726,000000,41.695,41.695,41.449,41.527,1771,0
JSML.US,D,20180727,000000,42.08,42.08,40.687,40.796,5045,0
JSML.US,D,20180730,000000,40.995,40.995,40.4,40.4,6616,0
JSML.US,D,20180731,000000,40.35,40.856,40.35,40.846,3132,0
JSML.US,D,20180801,000000,40.94,41.085,40.816,41.075,3183,0
JSML.US,D,20180802,000000,41.171,41.429,41.075,41.42,1530,0
JSML.US,D,20180803,000000,41.824,41.824,41.132,41.35,11540,0
JSML.US,D,20180807,000000,42.22,42.338,42.13,42.13,3049,0
JSML.US,D,20180808,000000,42.724,50.667,42.368,42.546,9982,0
JSML.US,D,20180809,000000,42.843,42.962,42.843,42.931,5107,0
JSML.US,D,20180810,000000,43.129,43.329,43.129,43.309,1560,0
JSML.US,D,20180813,000000,43.811,43.811,42.847,42.992,17310,0
JSML.US,D,20180814,000000,43.428,43.939,43.272,43.488,11236,0
JSML.US,D,20180815,000000,43.801,43.801,42.825,43.002,8730,0
JSML.US,D,20180816,000000,43.458,43.531,43.325,43.458,2642,0
JSML.US,D,20180817,000000,43.978,43.978,43.261,43.752,5426,0
JSML.US,D,20180820,000000,44.266,44.602,43.812,43.919,351072,0
JSML.US,D,20180821,000000,44.493,44.493,43.964,44.394,61824,0
JSML.US,D,20180822,000000,44.988,44.988,44.19,44.404,34395,0
JSML.US,D,20180823,000000,44.84,44.859,44.405,44.576,12469,0
JSML.US,D,20180824,000000,44.76,44.89,44.676,44.686,7947,0
JSML.US,D,20180827,000000,45.643,45.643,45.057,45.087,19526,0
JSML.US,D,20180828,000000,45.88,45.88,45.047,45.255,12603,0
JSML.US,D,20180829,000000,45.603,45.792,45.444,45.653,61978,0
JSML.US,D,20180830,000000,45.977,45.991,45.534,45.713,21449,0
JSML.US,D,20180831,000000,46.401,46.401,45.703,46.005,27859,0
JSML.US,D,20180904,000000,46.371,46.371,45.554,46.015,30663,0
JSML.US,D,20180905,000000,45.852,45.852,44.919,45.554,25165,0
JSML.US,D,20180906,000000,45.861,45.861,45.021,45.117,9508,0
JSML.US,D,20180907,000000,45.385,45.633,45.022,45.226,13928,0
JSML.US,D,20180910,000000,45.653,45.757,45.331,45.563,17786,0
JSML.US,D,20180911,000000,45.603,45.743,45.261,45.673,18638,0
JSML.US,D,20180912,000000,46.085,46.085,45.081,45.733,20543,0
JSML.US,D,20180913,000000,45.444,46.022,45.444,45.753,14636,0
JSML.US,D,20180914,000000,46.263,46.263,45.723,45.928,14534,0
JSML.US,D,20180917,000000,46.075,46.075,44.988,45.047,18754,0
JSML.US,D,20180918,000000,45.899,45.899,45.072,45.395,9179,0
JSML.US,D,20180919,000000,45.484,45.484,44.75,44.859,15493,0
JSML.US,D,20180920,000000,44.85,45.13,44.85,45.037,13535,0
JSML.US,D,20180921,000000,44.8,45.033,44.493,44.75,11548,0
JSML.US,D,20180924,000000,44.523,44.702,44.374,44.593,7471,0
JSML.US,D,20180925,000000,45.395,45.395,44.578,45.087,9348,0
JSML.US,D,20180926,000000,45.583,45.583,44.69,44.76,11671,0
JSML.US,D,20180927,000000,45.415,45.415,44.792,44.87,17104,0
JSML.US,D,20180928,000000,44.939,45.127,44.671,44.9,5607,0
JSML.US,D,20181001,000000,45.723,45.723,44.107,44.127,30456,0
JSML.US,D,20181002,000000,43.841,43.992,43.328,43.52,9099,0
JSML.US,D,20181003,000000,43.298,43.9,43.298,43.891,11505,0
JSML.US,D,20181004,000000,43.098,43.3,42.793,42.865,14865,0
JSML.US,D,20181005,000000,42.584,43.059,41.714,42.169,24932,0
JSML.US,D,20181008,000000,41.704,42.065,41.34,41.766,8357,0
JSML.US,D,20181009,000000,41.368,41.857,41.344,41.344,4511,0
JSML.US,D,20181010,000000,40.745,41.412,40.023,40.179,20061,0
JSML.US,D,20181011,000000,39.193,40.388,39.153,39.4,12913,0
JSML.US,D,20181012,000000,40.078,40.239,39.4,40.012,12106,0
JSML.US,D,20181015,000000,40.151,40.219,39.658,39.913,19829,0
JSML.US,D,20181016,000000,39.647,41.398,39.647,41.308,131312,0
JSML.US,D,20181017,000000,41.773,41.773,40.576,41.159,101215,0
JSML.US,D,20181018,000000,41.427,41.427,40.219,40.459,7126,0
JSML.US,D,20181019,000000,40.944,40.944,39.38,39.38,7406,0
JSML.US,D,20181022,000000,38.954,40,38.816,39.756,9737,0
JSML.US,D,20181023,000000,38.917,39.835,38.649,39.835,5315,0
JSML.US,D,20181024,000000,39.864,39.864,38.134,38.134,3542,0
JSML.US,D,20181025,000000,37.984,39.107,37.58,38.964,169928,0
JSML.US,D,20181026,000000,38.235,38.854,37.56,38.154,11869,0
JSML.US,D,20181029,000000,38.316,38.332,37.565,37.742,3449,0
JSML.US,D,20181030,000000,38.232,38.887,37.925,38.887,2570,0
JSML.US,D,20181031,000000,39.654,39.654,39.046,39.149,3834,0
JSML.US,D,20181101,000000,39.42,40.547,39.42,40.358,5716,0
JSML.US,D,20181102,000000,41.093,41.093,40.017,40.438,6296,0
JSML.US,D,20181105,000000,40.438,40.438,39.776,39.776,1311,0
JSML.US,D,20181106,000000,40.358,40.358,39.962,40.09,3256,0
JSML.US,D,20181107,000000,40.167,40.596,40.103,40.398,6016,0
JSML.US,D,20181108,000000,40.398,40.586,40.26,40.405,7903,0
JSML.US,D,20181109,000000,39.994,39.994,39.816,39.884,3949,0
JSML.US,D,20181112,000000,40.288,40.288,39.124,39.204,6967,0
JSML.US,D,20181113,000000,39.4,39.4,38.861,38.861,2258,0
JSML.US,D,20181114,000000,38.699,39.03,38.55,38.699,4268,0
JSML.US,D,20181115,000000,38.489,39.42,38.44,39.42,2829,0
JSML.US,D,20181116,000000,39.043,39.478,39.043,39.478,3638,0
JSML.US,D,20181119,000000,39.498,39.498,38.144,38.466,8029,0
JSML.US,D,20181120,000000,37.194,38.192,37.094,37.662,8216,0
JSML.US,D,20181121,000000,38.193,38.473,38.193,38.281,2868,0
JSML.US,D,20181123,000000,37.359,38.47,37.194,38.43,2223,0
JSML.US,D,20181126,000000,38.562,38.838,38.562,38.826,1722,0
JSML.US,D,20181127,000000,38.455,38.717,38.455,38.619,4471,0
JSML.US,D,20181128,000000,38.952,39.701,38.384,39.701,4897,0
JSML.US,D,20181129,000000,39.483,40.133,39.483,40.133,16419,0
JSML.US,D,20181130,000000,40.062,40.107,39.746,39.746,2323,0
JSML.US,D,20181203,000000,40.288,40.557,39.962,40.557,8607,0
JSML.US,D,20181204,000000,40.557,40.557,38.736,38.736,9063,0
JSML.US,D,20181206,000000,38.777,38.777,37.625,38.482,8796,0
JSML.US,D,20181207,000000,38.341,38.341,37.431,37.555,2668,0
JSML.US,D,20181210,000000,38.064,38.064,36.65,37.401,15121,0
JSML.US,D,20181211,000000,38.084,38.144,37.271,37.351,3080,0
JSML.US,D,20181212,000000,38.124,38.253,38.124,38.224,1729,0
JSML.US,D,20181213,000000,37.836,37.836,37.521,37.521,1047,0
JSML.US,D,20181214,000000,37.154,37.154,36.796,36.796,10653,0
JSML.US,D,20181217,000000,36.6,36.916,35.622,35.978,21927,0
JSML.US,D,20181218,000000,35.799,36.239,34.918,35.593,3965,0
JSML.US,D,20181219,000000,36.095,36.46,34.918,34.918,18207,0
JSML.US,D,20181220,000000,35.585,35.585,33.946,34.472,34806,0
JSML.US,D,20181221,000000,34.551,34.551,33.362,33.496,7767,0
JSML.US,D,20181224,000000,33.022,33.539,33.022,33.421,4370,0
JSML.US,D,20181226,000000,33.102,34.68,33.012,34.68,10576,0
JSML.US,D,20181227,000000,34.467,35.166,33.818,35.166,11228,0
JSML.US,D,20181228,000000,34.521,35.621,34.521,35.425,10255,0
JSML.US,D,20181231,000000,35.831,35.831,35.176,35.276,9652,0
JSML.US,D,20190102,000000,34.541,35.733,34.541,35.733,3135,0
JSML.US,D,20190103,000000,35.027,35.027,34.173,34.661,5449,0
JSML.US,D,20190104,000000,35.771,36.1,35.748,36.038,3636,0
JSML.US,D,20190107,000000,36.373,36.814,36.373,36.644,3359,0
JSML.US,D,20190108,000000,37.101,37.369,36.675,37.344,32379,0
JSML.US,D,20190109,000000,37.713,37.951,37.713,37.924,2396,0
JSML.US,D,20190110,000000,37.081,37.974,37.081,37.974,3807,0
JSML.US,D,20190111,000000,37.399,38.272,37.399,38.243,6269,0
JSML.US,D,20190114,000000,37.855,38.014,37.698,37.835,11030,0
JSML.US,D,20190115,000000,38.491,38.491,37.608,37.973,8363,0
JSML.US,D,20190116,000000,38.361,38.411,38.161,38.208,5458,0
JSML.US,D,20190117,000000,38.351,38.789,38.266,38.651,9061,0
JSML.US,D,20190118,000000,39.512,39.512,38.897,39.254,12172,0
JSML.US,D,20190122,000000,38.551,39.542,38.501,38.551,6685,0
JSML.US,D,20190123,000000,39.006,39.006,38.401,38.467,8102,0
JSML.US,D,20190124,000000,38.749,38.907,38.72,38.876,6532,0
JSML.US,D,20190125,000000,39.086,39.532,39.086,39.429,2799,0
JSML.US,D,20190128,000000,39.294,39.294,39.096,39.255,6691,0
JSML.US,D,20190129,000000,39.542,39.542,39.076,39.258,6814,0
JSML.US,D,20190130,000000,39.218,39.542,39.142,39.488,4023,0
JSML.US,D,20190131,000000,39.659,40.295,39.659,39.925,10031,0
JSML.US,D,20190201,000000,39.909,40.245,39.909,40.008,11331,0
JSML.US,D,20190204,000000,39.87,40.719,39.87,40.634,5767,0
JSML.US,D,20190205,000000,40.683,41.062,40.683,40.736,12234,0
JSML.US,D,20190206,000000,40.703,40.733,40.594,40.723,1932,0
JSML.US,D,20190207,000000,40.383,40.395,39.89,40.092,6555,0
JSML.US,D,20190208,000000,39.821,40.4,39.821,40.32,2298,0
JSML.US,D,20190211,000000,40.643,40.743,40.335,40.694,5050,0
JSML.US,D,20190212,000000,41.189,41.426,41.032,41.426,5916,0
JSML.US,D,20190213,000000,41.567,41.567,41.278,41.478,3943,0
JSML.US,D,20190214,000000,40.982,41.765,40.982,41.597,2939,0
JSML.US,D,20190215,000000,42.262,42.262,41.755,41.972,7576,0
JSML.US,D,20190219,000000,41.636,42.399,41.636,42.302,5733,0
JSML.US,D,20190220,000000,42.539,42.618,42.212,42.499,9065,0
JSML.US,D,20190221,000000,42.469,42.499,42.252,42.252,4445,0
JSML.US,D,20190222,000000,42.499,42.678,42.499,42.678,1576,0
JSML.US,D,20190225,000000,43.344,43.344,42.817,42.817,10064,0
JSML.US,D,20190226,000000,42.857,42.857,42.34,42.399,4722,0
JSML.US,D,20190227,000000,42.192,42.588,42.142,42.407,5595,0
JSML.US,D,20190228,000000,42.112,42.37,42.112,42.287,2212,0
JSML.US,D,20190301,000000,42.529,42.539,41.805,42.389,4413,0
JSML.US,D,20190304,000000,42.966,42.966,41.468,41.704,20116,0
JSML.US,D,20190305,000000,41.799,41.799,41.556,41.636,2208,0
JSML.US,D,20190306,000000,41.755,41.755,40.584,40.829,8186,0
JSML.US,D,20190307,000000,40.803,40.843,40.485,40.485,2675,0
JSML.US,D,20190308,000000,40.962,40.962,40.186,40.415,10180,0
JSML.US,D,20190311,000000,40.982,41.246,40.723,41.246,3737,0
JSML.US,D,20190312,000000,41.587,41.85,41.196,41.308,4187,0
JSML.US,D,20190313,000000,41.121,41.616,41.121,41.428,11681,0
JSML.US,D,20190314,000000,41.308,41.597,41.308,41.327,4033,0
JSML.US,D,20190315,000000,41.557,41.587,41.278,41.278,3677,0
JSML.US,D,20190318,000000,41.199,41.597,41.199,41.398,14290,0
JSML.US,D,20190319,000000,41.219,41.757,41.219,41.358,4124,0
JSML.US,D,20190320,000000,41.209,41.468,40.772,41.062,10814,0
JSML.US,D,20190321,000000,41.249,41.865,41.082,41.606,4493,0
JSML.US,D,20190322,000000,41.278,41.278,40.019,40.232,10419,0
JSML.US,D,20190325,000000,39.731,40.315,39.731,40.179,3962,0
JSML.US,D,20190326,000000,40.355,40.693,40.335,40.495,2626,0
JSML.US,D,20190327,000000,40.673,40.673,39.958,40.244,7069,0
JSML.US,D,20190328,000000,40.485,40.853,40.429,40.853,8008,0
JSML.US,D,20190329,000000,41.219,41.219,41.022,41.102,1339,0
JSML.US,D,20190401,000000,41.69,41.69,41.298,41.438,1652,0
JSML.US,D,20190402,000000,41.705,41.705,41.298,41.515,9952,0
JSML.US,D,20190403,000000,41.865,42.153,41.735,41.943,7542,0
JSML.US,D,20190404,000000,42.361,42.361,41.735,41.835,7853,0
JSML.US,D,20190405,000000,42.51,42.51,42.231,42.243,1879,0
JSML.US,D,20190408,000000,41.935,42.243,41.935,42.243,10743,0
JSML.US,D,20190409,000000,42.223,42.263,41.755,41.755,5752,0
JSML.US,D,20190410,000000,42.064,42.325,42.064,42.325,2764,0
JSML.US,D,20190411,000000,42.371,42.371,42.371,42.371,536,0
JSML.US,D,20190412,000000,42.356,42.539,42.309,42.539,7057,0
JSML.US,D,20190415,000000,42.378,42.524,42.378,42.422,1491,0
JSML.US,D,20190416,000000,42.48,42.838,42.48,42.689,3602,0
JSML.US,D,20190417,000000,42.39,42.39,41.865,42.015,6803,0
JSML.US,D,20190418,000000,41.805,42.244,41.664,42.244,7288,0
JSML.US,D,20190422,000000,42.331,42.331,41.863,42.036,4415,0
JSML.US,D,20190423,000000,42.45,42.937,42.42,42.861,6385,0
JSML.US,D,20190424,000000,42.927,42.946,42.744,42.821,2485,0
JSML.US,D,20190425,000000,43.007,43.007,42.312,42.47,3424,0
JSML.US,D,20190426,000000,42.587,42.888,42.587,42.888,1009,0
JSML.US,D,20190429,000000,43.185,43.25,43.165,43.185,8485,0
JSML.US,D,20190430,000000,43.215,43.215,42.699,43.041,9758,0
JSML.US,D,20190501,000000,42.957,43.215,42.828,43.037,4585,0
JSML.US,D,20190502,000000,42.843,42.843,42.124,42.699,1503,0
JSML.US,D,20190503,000000,43.085,43.571,43.085,43.561,6167,0
JSML.US,D,20190506,000000,42.589,43.681,42.589,43.512,8284,0
JSML.US,D,20190507,000000,43.355,43.355,42.557,42.609,4390,0
JSML.US,D,20190508,000000,42.5,43.056,42.5,43.056,3068,0
JSML.US,D,20190509,000000,42.269,42.88,42.269,42.779,3960,0
JSML.US,D,20190510,000000,42.599,42.599,42.352,42.352,611,0
JSML.US,D,20190513,000000,41.577,41.935,41.331,41.341,16787,0
JSML.US,D,20190514,000000,41.378,42.093,41.378,41.995,5883,0
JSML.US,D,20190515,000000,41.895,42.123,41.715,42.006,9253,0
JSML.US,D,20190516,000000,42.627,42.818,42.627,42.725,2008,0
JSML.US,D,20190517,000000,42.739,42.739,42.051,42.146,7627,0
JSML.US,D,20190520,000000,41.945,41.945,41.446,41.446,3425,0
JSML.US,D,20190521,000000,41.989,42.11,41.865,42.068,1445,0
JSML.US,D,20190522,000000,41.958,42.007,41.695,41.885,2686,0
JSML.US,D,20190523,000000,41.695,41.695,40.833,40.833,3971,0
JSML.US,D,20190524,000000,41.368,41.368,41.11,41.28,2844,0
JSML.US,D,20190528,000000,41.547,41.547,41.447,41.498,1797,0
JSML.US,D,20190529,000000,40.753,40.78,40.532,40.753,1348,0
JSML.US,D,20190530,000000,40.987,41.042,40.693,40.693,3919,0
JSML.US,D,20190531,000000,40.108,40.404,39.72,40.305,3172,0
JSML.US,D,20190603,000000,40.058,40.166,39.941,39.941,4052,0
JSML.US,D,20190604,000000,40.649,40.959,40.649,40.931,3042,0
JSML.US,D,20190605,000000,41.234,41.378,40.933,41.288,5596,0
JSML.US,D,20190606,000000,41.01,41.228,40.873,41.228,2030,0
JSML.US,D,20190607,000000,41.249,41.883,41.249,41.817,1351,0
JSML.US,D,20190610,000000,42.39,42.49,42.138,42.143,6920,0
JSML.US,D,20190611,000000,42.418,42.418,41.653,41.653,3999,0
JSML.US,D,20190612,000000,41.765,42.034,41.628,41.747,14507,0
JSML.US,D,20190613,000000,42.214,42.308,42.094,42.308,2483,0
JSML.US,D,20190614,000000,42.093,42.191,41.785,41.785,7080,0
JSML.US,D,20190617,000000,41.849,41.945,41.769,41.945,2445,0
JSML.US,D,20190618,000000,42.769,42.828,42.591,42.654,7749,0
JSML.US,D,20190619,000000,42.283,42.868,42.283,42.734,4378,0
JSML.US,D,20190620,000000,43.071,43.254,43.045,43.147,2359,0
JSML.US,D,20190621,000000,43.285,43.285,42.747,42.859,24112,0
JSML.US,D,20190624,000000,42.689,42.689,42.223,42.223,12736,0
JSML.US,D,20190625,000000,42.193,42.193,41.747,41.884,5243,0
JSML.US,D,20190626,000000,41.636,42.226,41.636,42.026,2441,0
JSML.US,D,20190627,000000,42.226,42.67,42.226,42.551,4918,0
JSML.US,D,20190628,000000,43.126,43.524,43.076,43.515,2222,0
JSML.US,D,20190701,000000,43.722,43.805,43.436,43.545,1894,0
JSML.US,D,20190702,000000,43.356,43.506,43.226,43.226,3010,0
JSML.US,D,20190703,000000,43.236,43.236,43.236,43.236,298,0
JSML.US,D,20190705,000000,43.662,43.761,43.277,43.705,2126,0
JSML.US,D,20190708,000000,43.296,43.396,43.176,43.255,4960,0
JSML.US,D,20190709,000000,43.226,43.236,43.086,43.146,1076,0
JSML.US,D,20190710,000000,43.246,43.426,43.206,43.276,15912,0
JSML.US,D,20190711,000000,43.514,43.514,42.855,43.106,3785,0
JSML.US,D,20190712,000000,43.286,43.353,43.08,43.309,3629,0
JSML.US,D,20190715,000000,43.221,43.406,43.176,43.318,4306,0
JSML.US,D,20190716,000000,43.582,43.702,43.216,43.307,7738,0
JSML.US,D,20190717,000000,43.592,43.592,43.093,43.093,6680,0
JSML.US,D,20190718,000000,42.977,43.383,42.977,43.127,14497,0
JSML.US,D,20190719,000000,43.506,43.542,42.987,42.987,76388,0
JSML.US,D,20190722,000000,42.868,42.962,42.707,42.739,4789,0
JSML.US,D,20190723,000000,42.878,43.027,42.658,42.774,6727,0
JSML.US,D,20190724,000000,43.097,44.079,43.097,44.079,6345,0
JSML.US,D,20190725,000000,44.109,44.109,43.482,43.482,3482,0
JSML.US,D,20190726,000000,43.306,43.901,43.027,43.866,2780,0
JSML.US,D,20190729,000000,43.307,43.461,43.226,43.416,3550,0
JSML.US,D,20190730,000000,43.582,43.725,43.582,43.725,607,0
JSML.US,D,20190731,000000,43.965,44.179,43.542,43.791,4646,0
JSML.US,D,20190801,000000,43.356,43.95,42.731,42.809,5611,0
JSML.US,D,20190802,000000,42.361,42.515,42.131,42.285,4504,0
JSML.US,D,20190805,000000,42.054,42.054,40.5,40.928,35855,0
JSML.US,D,20190806,000000,41.12,41.417,40.921,41.149,6265,0
JSML.US,D,20190807,000000,41.041,41.437,40.986,41.437,1550,0
JSML.US,D,20190808,000000,42.283,42.428,42.283,42.428,1695,0
JSML.US,D,20190809,000000,42.649,42.649,42.006,42.203,2635,0
JSML.US,D,20190812,000000,41.714,41.714,41.704,41.704,726,0
JSML.US,D,20190813,000000,41.675,42.53,41.675,42.148,1275,0
JSML.US,D,20190814,000000,41.187,41.218,40.841,40.894,5487,0
JSML.US,D,20190815,000000,40.791,40.791,39.807,40.473,9814,0
JSML.US,D,20190816,000000,41.133,41.221,41.133,41.221,934,0
JSML.US,D,20190819,000000,42.42,42.42,41.99,42.128,5178,0
JSML.US,D,20190820,000000,41.944,41.944,41.734,41.734,2091,0
JSML.US,D,20190821,000000,42.155,42.155,41.944,41.944,1389,0
JSML.US,D,20190822,000000,42.265,42.265,41.771,42.193,2805,0
JSML.US,D,20190823,000000,41.129,41.615,40.553,40.553,1337,0
JSML.US,D,20190826,000000,40.612,40.937,40.592,40.836,9610,0
JSML.US,D,20190827,000000,41.091,41.091,40.313,40.313,1271,0
JSML.US,D,20190828,000000,40.154,40.816,40.154,40.816,1294,0
JSML.US,D,20190829,000000,41.41,41.41,41.41,41.41,275,0
JSML.US,D,20190830,000000,41.487,41.526,41.397,41.459,2061,0
JSML.US,D,20190903,000000,40.804,40.804,40.592,40.592,1858,0
JSML.US,D,20190904,000000,40.897,40.914,40.804,40.809,1656,0
JSML.US,D,20190905,000000,41.361,41.913,41.361,41.774,2786,0
JSML.US,D,20190906,000000,41.852,41.884,41.586,41.588,3047,0
JSML.US,D,20190909,000000,41.367,41.576,41.367,41.531,4415,0
JSML.US,D,20190910,000000,41.733,42.091,41.733,41.96,3060,0
JSML.US,D,20190912,000000,43.235,43.235,43.068,43.126,1088,0
JSML.US,D,20190913,000000,43.235,43.235,43.076,43.116,2881,0
JSML.US,D,20190916,000000,43.116,43.435,43.116,43.394,2815,0
JSML.US,D,20190917,000000,42.848,43.204,42.848,43.204,583,0
JSML.US,D,20190918,000000,43.236,43.236,42.769,43.037,2045,0
JSML.US,D,20190919,000000,43.436,43.468,43.186,43.186,2244,0
JSML.US,D,20190920,000000,43.201,43.201,42.845,42.845,761,0
JSML.US,D,20190923,000000,42.604,42.604,42.604,42.604,499,0
JSML.US,D,20190924,000000,42.083,42.083,41.694,41.704,2287,0
JSML.US,D,20190925,000000,42.044,42.044,41.372,41.734,1750,0
JSML.US,D,20190926,000000,42.39,42.39,41.635,41.797,3745,0
JSML.US,D,20190927,000000,42.321,42.321,41.081,41.277,17267,0
JSML.US,D,20190930,000000,41.507,41.762,41.507,41.762,1576,0
JSML.US,D,20191001,000000,42.064,42.064,40.911,40.911,5243,0
JSML.US,D,20191002,000000,41.188,41.188,40.333,40.651,4261,0
JSML.US,D,20191003,000000,40.701,40.701,40.503,40.661,1236,0
JSML.US,D,20191004,000000,40.679,40.951,40.679,40.951,1406,0
JSML.US,D,20191007,000000,41.466,41.466,41.462,41.462,1257,0
JSML.US,D,20191008,000000,40.698,40.748,40.523,40.628,2917,0
JSML.US,D,20191009,000000,40.163,40.781,40.163,40.781,4545,0
JSML.US,D,20191010,000000,40.154,40.969,40.154,40.636,20458,0
JSML.US,D,20191011,000000,41.267,41.794,41.267,41.794,3635,0
JSML.US,D,20191014,000000,40.971,41.417,40.971,41.367,5292,0
JSML.US,D,20191015,000000,41.474,42.213,41.474,41.984,9727,0
JSML.US,D,20191016,000000,41.774,42.093,41.566,41.894,51575,0
JSML.US,D,20191017,000000,41.844,42.287,41.844,42.188,7241,0
JSML.US,D,20191018,000000,41.964,41.964,41.763,41.921,1481,0
JSML.US,D,20191021,000000,42.014,42.481,42.014,42.353,763,0
JSML.US,D,20191022,000000,42.034,42.316,42.034,42.316,1434,0
JSML.US,D,20191023,000000,42.004,42.389,42.004,42.38,1612,0
JSML.US,D,20191024,000000,42.419,42.529,42.333,42.333,2706,0
JSML.US,D,20191025,000000,42.093,43.141,42.093,43.141,4959,0
JSML.US,D,20191028,000000,43.097,43.603,43.097,43.603,39528,0
JSML.US,D,20191029,000000,43.418,43.523,43.347,43.347,3157,0
JSML.US,D,20191030,000000,43.167,43.307,43.047,43.3,4865,0
JSML.US,D,20191031,000000,42.998,42.998,42.65,42.803,2702,0
JSML.US,D,20191101,000000,43.264,43.523,43.169,43.523,3060,0
JSML.US,D,20191104,000000,43.603,43.776,43.603,43.776,3015,0
JSML.US,D,20191105,000000,44.26,44.26,44.04,44.26,3188,0
JSML.US,D,20191106,000000,43.917,44.1,43.733,43.905,21804,0
JSML.US,D,20191107,000000,44.48,44.499,44.02,44.02,4220,0
JSML.US,D,20191108,000000,44.489,44.589,44.36,44.544,3113,0
JSML.US,D,20191111,000000,44.678,44.678,44.668,44.668,1425,0
JSML.US,D,20191112,000000,45.295,45.295,44.539,45.016,20077,0
JSML.US,D,20191113,000000,44.648,44.887,44.505,44.649,4357,0
JSML.US,D,20191114,000000,45.105,45.105,44.443,44.443,1832,0
JSML.US,D,20191115,000000,45.315,45.315,44.761,44.9,5541,0
JSML.US,D,20191118,000000,45.016,45.016,44.809,44.809,4266,0
JSML.US,D,20191119,000000,45.029,45.377,44.975,45.295,3855,0
JSML.US,D,20191120,000000,45.236,45.335,44.605,44.605,5804,0
JSML.US,D,20191121,000000,45.325,45.325,44.66,44.692,3529,0
JSML.US,D,20191122,000000,44.609,44.772,44.559,44.717,3641,0
JSML.US,D,20191125,000000,45.449,45.595,45.449,45.558,974,0
JSML.US,D,20191126,000000,45.94,46.157,45.712,46.119,8163,0
JSML.US,D,20191127,000000,46.726,46.726,45.94,46.048,26079,0
JSML.US,D,20191129,000000,45.744,45.94,45.744,45.81,2242,0
JSML.US,D,20191202,000000,46.318,46.318,45.065,45.235,12928,0
JSML.US,D,20191203,000000,45.155,45.155,44.619,44.967,10208,0
JSML.US,D,20191204,000000,45.301,45.424,45.281,45.424,5596,0
JSML.US,D,20191205,000000,45.016,45.366,45.016,45.175,9507,0
JSML.US,D,20191206,000000,46,46.328,45.721,45.721,34145,0
JSML.US,D,20191209,000000,45.734,45.774,45.557,45.557,13215,0
JSML.US,D,20191210,000000,45.564,45.564,45.346,45.529,2327,0
JSML.US,D,20191211,000000,45.872,45.872,45.407,45.698,4853,0
JSML.US,D,20191212,000000,46.263,46.476,45.96,46.056,29389,0
JSML.US,D,20191213,000000,46.616,46.616,45.714,45.786,1602,0
JSML.US,D,20191216,000000,46.516,46.516,45.872,46,34523,0
JSML.US,D,20191217,000000,45.911,46.162,45.911,46.162,31282,0
JSML.US,D,20191218,000000,46.656,46.656,46.198,46.602,8344,0
JSML.US,D,20191219,000000,46.415,46.936,46.396,46.53,8767,0
JSML.US,D,20191220,000000,46.765,46.765,46.58,46.69,3621,0
JSML.US,D,20191223,000000,46.535,47.041,46.535,46.835,10265,0
JSML.US,D,20191224,000000,46.805,47.252,46.745,46.835,21307,0
JSML.US,D,20191226,000000,46.775,46.993,46.775,46.894,14472,0
JSML.US,D,20191227,000000,47.421,47.421,46.621,46.635,9371,0
JSML.US,D,20191230,000000,46.741,46.918,46.386,46.585,12079,0
JSML.US,D,20191231,000000,46.785,46.884,46.485,46.732,12812,0
JSML.US,D,20200102,000000,46.656,46.825,46.465,46.751,16287,0
JSML.US,D,20200103,000000,46.322,46.992,46.322,46.705,14854,0
JSML.US,D,20200106,000000,46.332,46.875,46.187,46.785,13341,0
JSML.US,D,20200107,000000,47.223,47.261,46.645,46.918,9059,0
JSML.US,D,20200108,000000,47.083,47.411,47.003,47.003,11137,0
JSML.US,D,20200109,000000,47.023,47.153,46.845,46.867,22312,0
JSML.US,D,20200110,000000,46.943,46.993,46.638,46.885,5067,0
JSML.US,D,20200113,000000,46.645,47.421,46.645,47.217,9352,0
JSML.US,D,20200114,000000,47.195,47.751,47.195,47.364,7799,0
JSML.US,D,20200115,000000,47.791,47.791,47.537,47.537,5477,0
JSML.US,D,20200116,000000,48.287,48.433,47.827,48.019,15201,0
JSML.US,D,20200117,000000,47.93,48.089,47.93,47.965,2625,0
JSML.US,D,20200121,000000,47.781,47.821,47.582,47.683,4316,0
JSML.US,D,20200122,000000,47.9,48.099,47.86,48.054,2298,0
JSML.US,D,20200123,000000,48.287,48.287,47.431,47.87,5829,0
JSML.US,D,20200124,000000,47.766,47.766,47.088,47.317,8654,0
JSML.US,D,20200127,000000,46.515,46.75,45.692,46.699,21298,0
JSML.US,D,20200128,000000,47.028,47.028,46.855,46.855,2104,0
JSML.US,D,20200129,000000,46.825,47.292,46.816,46.816,4741,0
JSML.US,D,20200130,000000,46.445,46.782,46.327,46.782,2599,0
JSML.US,D,20200131,000000,46.018,46.018,45.443,45.782,18684,0
JSML.US,D,20200203,000000,46.255,46.255,46.059,46.103,2832,0
JSML.US,D,20200204,000000,46.486,47.183,46.486,47.103,3051,0
JSML.US,D,20200205,000000,48.069,48.069,47.304,47.642,3645,0
JSML.US,D,20200206,000000,47.95,47.95,47.608,47.631,3716,0
JSML.US,D,20200207,000000,47.312,47.312,46.605,46.745,7221,0
JSML.US,D,20200210,000000,47.183,47.183,46.855,47.066,5723,0
JSML.US,D,20200211,000000,47.431,47.9,47.431,47.651,5539,0
JSML.US,D,20200212,000000,47.713,47.831,47.651,47.795,4673,0
JSML.US,D,20200213,000000,47.94,48.069,47.641,47.9,5081,0
JSML.US,D,20200214,000000,47.975,47.975,47.811,47.901,1592,0
JSML.US,D,20200218,000000,47.581,47.77,47.406,47.554,9671,0
JSML.US,D,20200219,000000,47.501,47.978,47.501,47.97,2747,0
JSML.US,D,20200220,000000,48,48.336,47.594,48.049,3122,0
JSML.US,D,20200221,000000,48.119,48.119,47.024,47.16,1808,0
JSML.US,D,20200224,000000,46.217,46.217,45.472,45.789,11696,0
JSML.US,D,20200225,000000,45.772,45.791,44.291,44.328,17587,0
JSML.US,D,20200226,000000,44.367,45.285,43.829,43.983,15134,0
JSML.US,D,20200227,000000,43.493,43.6,42.429,42.845,40960,0
JSML.US,D,20200228,000000,40.606,42.029,40.606,41.969,13488,0
JSML.US,D,20200302,000000,42.487,42.978,41.723,42.978,7969,0
JSML.US,D,20200303,000000,43.253,44.805,41.716,41.866,14210,0
JSML.US,D,20200304,000000,42.561,43.511,42.278,43.511,17440,0
JSML.US,D,20200305,000000,42.885,42.885,42.049,42.091,2463,0
JSML.US,D,20200306,000000,41.134,41.248,40.297,40.845,35381,0
JSML.US,D,20200309,000000,37.979,39.014,36.298,36.298,25035,0
JSML.US,D,20200310,000000,40.984,40.984,36.666,38.027,11772,0
JSML.US,D,20200311,000000,36.317,36.745,35.5,35.993,12868,0
JSML.US,D,20200312,000000,34.009,34.009,31.453,31.453,15281,0
JSML.US,D,20200313,000000,33.721,33.721,31.89,33.379,5789,0
JSML.US,D,20200316,000000,29.203,31.687,29.203,30.077,13594,0
JSML.US,D,20200317,000000,30.457,32.25,29.999,32.25,24551,0
JSML.US,D,20200318,000000,31.193,31.193,27.89,29.223,13491,0
JSML.US,D,20200319,000000,29.243,31.373,29.243,31.007,30746,0
JSML.US,D,20200320,000000,31.84,32.306,30.108,30.201,9098,0
JSML.US,D,20200323,000000,30.546,30.546,28.469,29.833,25331,0
JSML.US,D,20200324,000000,31.233,32.348,30.985,32.341,22529,0
JSML.US,D,20200325,000000,32.824,33.551,31.777,32.595,11300,0
JSML.US,D,20200326,000000,33.397,34.467,33.397,34.207,22860,0
JSML.US,D,20200327,000000,34.476,34.476,32.713,32.794,20440,0
JSML.US,D,20200330,000000,33.691,34.099,32.884,33.909,11862,0
JSML.US,D,20200331,000000,34.318,34.318,33.456,33.641,10849,0
JSML.US,D,20200401,000000,32.357,33.032,31.57,31.976,21572,0
JSML.US,D,20200402,000000,31.878,32.427,31.301,31.966,21953,0
JSML.US,D,20200403,000000,30.994,31.361,30.994,31.239,1844,0
JSML.US,D,20200406,000000,32.107,33.243,32.107,33.152,87208,0
JSML.US,D,20200407,000000,34.336,35.084,33.816,34.015,14330,0
JSML.US,D,20200408,000000,34.599,35.503,34.232,35.474,10247,0
JSML.US,D,20200409,000000,35.982,36.835,35.982,36.57,7152,0
JSML.US,D,20200413,000000,36.847,36.847,35.578,36.073,5290,0
JSML.US,D,20200414,000000,36.816,36.844,36.121,36.66,6298,0
JSML.US,D,20200415,000000,35.353,35.723,35.218,35.334,10963,0
JSML.US,D,20200416,000000,35.124,35.373,34.663,35.14,9106,0
JSML.US,D,20200417,000000,36.32,36.518,35.947,36.474,3327,0
JSML.US,D,20200420,000000,36.309,36.639,35.982,36.081,7002,0
JSML.US,D,20200421,000000,35.663,35.663,34.602,35.008,4689,0
JSML.US,D,20200422,000000,35.573,35.723,35.423,35.723,1730,0
JSML.US,D,20200423,000000,35.423,36.345,35.423,36.345,5441,0
JSML.US,D,20200424,000000,36.847,36.847,35.862,36.146,49694,0
JSML.US,D,20200427,000000,36.847,38.053,36.768,37.997,105072,0
JSML.US,D,20200428,000000,39.645,39.645,37.903,38.56,10511,0
JSML.US,D,20200429,000000,39.535,40.523,38.918,40.034,40144,0
JSML.US,D,20200430,000000,40.711,40.711,39.465,39.465,6764,0
JSML.US,D,20200501,000000,38.322,38.322,37.636,37.798,3914,0
JSML.US,D,20200504,000000,37.236,37.773,37.236,37.773,4555,0
JSML.US,D,20200505,000000,38.541,39.018,38.459,38.459,1841,0
JSML.US,D,20200506,000000,38.461,38.683,38.228,38.387,2990,0
JSML.US,D,20200507,000000,39.308,39.432,39.01,39.218,2830,0
JSML.US,D,20200508,000000,40.165,40.496,40.044,40.496,3289,0
JSML.US,D,20200511,000000,41.279,41.568,40.711,41.509,6543,0
JSML.US,D,20200512,000000,41.786,41.786,40.004,40.004,2627,0
JSML.US,D,20200513,000000,39.964,39.964,38.541,38.793,10327,0
JSML.US,D,20200514,000000,38.889,39.323,38.324,39.323,8049,0
JSML.US,D,20200515,000000,40.024,40.084,39.348,40.084,2439,0
JSML.US,D,20200518,000000,40.493,41.986,40.493,41.806,8030,0
JSML.US,D,20200519,000000,41.726,42.557,41.655,41.655,8743,0
JSML.US,D,20200520,000000,42.774,42.774,42.305,42.305,4076,0
JSML.US,D,20200521,000000,42.105,42.564,42.105,42.465,3570,0
JSML.US,D,20200522,000000,42.181,42.445,42.036,42.445,3625,0
JSML.US,D,20200526,000000,43.848,43.927,43.444,43.69,2943,0
JSML.US,D,20200527,000000,47.473,47.473,43.406,44.915,9402,0
JSML.US,D,20200528,000000,45.95,45.95,43.947,44.032,2512,0
JSML.US,D,20200529,000000,43.828,44.247,43.511,44.247,1987,0
JSML.US,D,20200601,000000,44.495,45.128,44.256,44.739,2554,0
JSML.US,D,20200602,000000,44.531,44.714,44.531,44.59,3749,0
JSML.US,D,20200603,000000,45.303,45.777,45.303,45.777,3942,0
JSML.US,D,20200604,000000,45.343,45.96,45.343,45.622,3670,0
JSML.US,D,20200605,000000,46.925,47.653,46.786,46.876,10080,0
JSML.US,D,20200608,000000,47.466,47.563,47.269,47.286,5154,0
JSML.US,D,20200609,000000,46.616,47.307,46.248,47.19,5141,0
JSML.US,D,20200610,000000,47.005,47.005,46.059,46.148,8999,0
JSML.US,D,20200611,000000,44.665,45.153,42.744,42.784,12581,0
JSML.US,D,20200612,000000,43.808,43.808,42.876,43.311,1676,0
JSML.US,D,20200615,000000,42.784,44.63,42.355,44.63,3637,0
JSML.US,D,20200616,000000,46.806,46.806,45.567,46.079,165841,0
JSML.US,D,20200617,000000,46.158,46.238,45.647,45.732,100545,0
JSML.US,D,20200618,000000,45.004,45.642,45.004,45.403,11078,0
JSML.US,D,20200619,000000,46.099,46.103,45.313,45.365,5766,0
JSML.US,D,20200622,000000,45.163,45.694,45.163,45.694,3313,0
JSML.US,D,20200623,000000,46.318,46.506,46.208,46.208,7551,0
JSML.US,D,20200624,000000,46.337,46.337,44.076,44.445,7961,0
JSML.US,D,20200625,000000,43.987,45.353,43.907,45.293,32060,0
JSML.US,D,20200626,000000,44.964,44.964,43.669,43.669,5351,0
JSML.US,D,20200629,000000,43.967,44.879,43.768,44.879,3973,0
JSML.US,D,20200630,000000,45.143,45.822,44.955,45.692,8159,0
JSML.US,D,20200701,000000,45.702,45.702,45.367,45.415,2204,0
JSML.US,D,20200702,000000,46.477,46.477,45.595,45.595,1812,0
JSML.US,D,20200706,000000,46.817,46.817,46.299,46.339,4034,0
JSML.US,D,20200707,000000,46.348,46.348,45.131,45.131,4430,0
JSML.US,D,20200708,000000,44.925,45.975,44.925,45.871,32751,0
JSML.US,D,20200709,000000,45.678,45.832,45.018,45.333,5262,0
JSML.US,D,20200710,000000,45.173,45.582,44.785,45.582,4370,0
JSML.US,D,20200713,000000,45.945,46.254,45.056,45.056,3604,0
JSML.US,D,20200714,000000,45.193,45.772,44.885,45.772,2687,0
JSML.US,D,20200715,000000,46.647,47.322,46.587,47.175,9531,0
JSML.US,D,20200716,000000,46.637,46.808,46.169,46.697,12551,0
JSML.US,D,20200717,000000,46.936,47.325,46.837,47.028,8874,0
JSML.US,D,20200720,000000,47.644,47.858,47.176,47.825,14308,0
JSML.US,D,20200721,000000,48.41,48.41,47.744,47.804,8926,0
JSML.US,D,20200722,000000,48.044,48.055,47.534,47.846,9276,0
JSML.US,D,20200723,000000,48.153,48.441,47.404,47.756,7852,0
JSML.US,D,20200724,000000,47.604,47.604,46.774,46.774,5233,0
JSML.US,D,20200727,000000,46.777,47.42,46.727,47.42,26256,0
JSML.US,D,20200728,000000,47.714,47.764,47.156,47.156,2786,0
JSML.US,D,20200729,000000,47.444,48.183,47.444,48.143,5691,0
JSML.US,D,20200730,000000,47.424,48.262,47.414,48.138,5988,0
JSML.US,D,20200731,000000,48.075,48.173,47.006,47.524,5581,0
JSML.US,D,20200803,000000,47.584,48.599,47.584,48.377,5115,0
JSML.US,D,20200804,000000,48.282,48.829,48.282,48.42,7978,0
JSML.US,D,20200805,000000,48.855,49.257,48.834,49.257,7915,0
JSML.US,D,20200806,000000,49.318,49.318,48.976,49.287,2833,0
JSML.US,D,20200807,000000,49.747,49.865,49.577,49.577,1961,0
JSML.US,D,20200810,000000,49.747,50.449,49.747,49.815,7231,0
JSML.US,D,20200811,000000,49.925,50.252,49.347,49.347,17142,0
JSML.US,D,20200812,000000,49.845,50.073,49.418,49.812,22609,0
JSML.US,D,20200813,000000,49.895,50.155,49.828,49.84,7716,0
JSML.US,D,20200814,000000,49.895,49.963,49.556,49.649,3780,0
JSML.US,D,20200817,000000,49.81,50.135,49.81,50.048,5208,0
JSML.US,D,20200818,000000,49.835,49.835,49.428,49.539,5470,0
JSML.US,D,20200819,000000,49.28,49.567,49.138,49.212,8630,0
JSML.US,D,20200820,000000,49.125,49.125,49.019,49.019,5021,0
JSML.US,D,20200821,000000,48.604,48.618,48.377,48.462,3939,0
JSML.US,D,20200824,000000,48.929,49.182,48.686,48.859,10494,0
JSML.US,D,20200825,000000,49.107,49.107,48.615,49.009,9519,0
JSML.US,D,20200826,000000,48.708,48.979,48.282,48.848,16012,0
JSML.US,D,20200827,000000,48.834,49.092,48.68,48.933,3290,0
JSML.US,D,20200828,000000,49.029,49.438,49.029,49.394,9157,0
JSML.US,D,20200831,000000,49.033,49.25,48.819,48.819,1942,0
JSML.US,D,20200901,000000,48.72,49.094,48.675,49.039,9406,0
JSML.US,D,20200902,000000,49.408,50.541,49.368,50.541,4164,0
JSML.US,D,20200903,000000,50.123,50.123,48.334,48.527,13722,0
JSML.US,D,20200904,000000,48.138,48.424,47.257,48.088,9773,0
JSML.US,D,20200908,000000,47.285,47.285,46.408,46.477,7974,0
JSML.US,D,20200909,000000,46.837,47.459,46.827,47.186,186132,0
JSML.US,D,20200910,000000,47.434,47.434,46.677,46.752,11708,0
JSML.US,D,20200911,000000,46.946,46.986,46.602,46.602,2140,0
JSML.US,D,20200914,000000,46.946,47.724,46.946,47.605,5263,0
JSML.US,D,20200915,000000,48.153,48.153,47.554,47.554,6238,0
JSML.US,D,20200916,000000,47.873,47.873,47.796,47.796,1281,0
JSML.US,D,20200917,000000,46.926,47.295,46.926,47.098,2762,0
JSML.US,D,20200918,000000,47.315,47.682,47.013,47.218,1991,0
JSML.US,D,20200921,000000,46.777,46.777,45.702,46.084,4621,0
JSML.US,D,20200922,000000,46.259,46.458,45.888,46.458,3420,0
JSML.US,D,20200923,000000,46.497,46.497,45.502,45.502,4483,0
JSML.US,D,20200924,000000,44.835,45.832,44.835,45.671,4670,0
JSML.US,D,20200925,000000,45.343,45.95,45.343,45.95,4058,0
JSML.US,D,20200928,000000,46.08,47.096,46.08,46.948,9394,0
JSML.US,D,20200929,000000,47.168,47.255,46.746,47.035,6518,0
JSML.US,D,20200930,000000,47.514,47.784,46.936,47.059,4182,0
JSML.US,D,20201001,000000,47.584,48.053,47.285,47.949,20874,0
JSML.US,D,20201002,000000,47.511,48.18,47.511,48.18,1093,0
JSML.US,D,20201005,000000,48.712,49.229,48.712,49.229,1299,0
JSML.US,D,20201006,000000,49.588,50.255,49.296,49.296,8656,0
JSML.US,D,20201007,000000,49.429,49.966,49.429,49.966,5590,0
JSML.US,D,20201008,000000,50.477,50.535,50.305,50.485,2497,0
JSML.US,D,20201009,000000,50.808,51.057,50.495,51.04,3702,0
JSML.US,D,20201012,000000,51.642,51.642,51.322,51.587,580,0
JSML.US,D,20201013,000000,51.241,51.632,51.206,51.538,13177,0
JSML.US,D,20201014,000000,51.084,51.108,50.898,51.091,1742,0
JSML.US,D,20201015,000000,51.512,51.512,50.275,51.257,15840,0
JSML.US,D,20201016,000000,51.263,51.412,51.138,51.138,4045,0
JSML.US,D,20201019,000000,51.231,51.231,50.535,50.624,3594,0
JSML.US,D,20201020,000000,50.545,50.888,50.415,50.415,4421,0
JSML.US,D,20201021,000000,50.288,50.288,49.985,50.105,2364,0
JSML.US,D,20201022,000000,50.275,50.352,50.246,50.352,1074,0
JSML.US,D,20201023,000000,50.138,50.584,50.036,50.509,6750,0
JSML.US,D,20201026,000000,49.512,49.663,49.01,49.663,20240,0
JSML.US,D,20201027,000000,49.733,49.733,49,49,10659,0
JSML.US,D,20201028,000000,48.223,48.223,47.863,48.063,2837,0
JSML.US,D,20201029,000000,48.271,48.83,48.236,48.679,5776,0
JSML.US,D,20201030,000000,48.323,48.323,47.305,47.576,4952,0
JSML.US,D,20201102,000000,48.263,48.84,48.133,48.461,3465,0
JSML.US,D,20201103,000000,48.91,50.54,48.91,50.465,5174,0
JSML.US,D,20201104,000000,51.183,51.472,50.883,50.893,10339,0
JSML.US,D,20201105,000000,52.145,52.362,52.145,52.362,2556,0
JSML.US,D,20201106,000000,52.17,52.479,52.11,52.249,21492,0
JSML.US,D,20201109,000000,55.469,55.469,53.953,53.953,7681,0
JSML.US,D,20201110,000000,54.073,54.262,53.744,54.12,3312,0
JSML.US,D,20201111,000000,54.831,54.831,54.261,54.402,50996,0
JSML.US,D,20201112,000000,54.262,54.262,53.297,53.44,3905,0
JSML.US,D,20201113,000000,54.105,54.105,53.913,54.063,2589,0
JSML.US,D,20201116,000000,55.197,55.419,55.035,55.333,3358,0
JSML.US,D,20201117,000000,55.109,55.524,54.741,55.409,8722,0
JSML.US,D,20201118,000000,55.718,55.758,55.439,55.439,2746,0
JSML.US,D,20201119,000000,55.648,55.878,55.259,55.878,3538,0
JSML.US,D,20201120,000000,55.921,56.018,55.921,55.972,942,0
JSML.US,D,20201123,000000,56.396,56.814,56.396,56.754,6369,0
JSML.US,D,20201124,000000,57.581,57.671,57.442,57.671,4838,0
JSML.US,D,20201125,000000,57.541,57.541,57.073,57.314,1746,0
JSML.US,D,20201130,000000,58.08,58.08,57.457,57.507,6005,0
JSML.US,D,20201201,000000,58.32,58.32,57.641,57.95,2360,0
JSML.US,D,20201202,000000,57.591,57.631,57.481,57.481,2644,0
JSML.US,D,20201203,000000,57.91,58.477,57.861,58.477,3590,0
JSML.US,D,20201204,000000,59.107,59.207,59.09,59.09,1659,0
JSML.US,D,20201207,000000,59.396,59.657,59.207,59.657,13877,0
JSML.US,D,20201208,000000,60.004,60.293,59.525,60.241,3754,0
JSML.US,D,20201209,000000,60.771,60.771,59.426,59.695,3537,0
JSML.US,D,20201210,000000,59.545,60.516,59.177,60.516,8526,0
JSML.US,D,20201211,000000,60.801,60.801,59.177,59.605,2766,0
JSML.US,D,20201214,000000,59.845,60.572,59.845,59.983,3418,0
JSML.US,D,20201215,000000,60.811,60.84,60.208,60.815,6925,0
JSML.US,D,20201216,000000,61.768,61.768,60.811,61.329,3905,0
JSML.US,D,20201217,000000,62.047,62.276,61.499,61.907,9072,0
JSML.US,D,20201218,000000,62.546,63.702,62.316,62.516,8910,0
JSML.US,D,20201221,000000,62.066,63.155,61.327,63.155,6033,0
JSML.US,D,20201222,000000,63.195,63.784,63.195,63.534,3888,0
JSML.US,D,20201223,000000,64.763,64.763,63.68,63.848,3692,0
JSML.US,D,20201224,000000,63.764,63.764,63.345,63.519,1332,0
JSML.US,D,20201228,000000,65.122,65.122,63.305,63.305,6665,0
JSML.US,D,20201229,000000,62.949,62.951,62.226,62.226,6758,0
JSML.US,D,20201230,000000,62.975,63.359,62.975,63.251,190019,0
JSML.US,D,20201231,000000,63.095,63.365,62.876,63.275,5423,0
JSML.US,D,20210104,000000,63.654,64.423,62.186,62.621,19699,0
JSML.US,D,20210105,000000,63.275,63.654,63.275,63.574,6274,0
JSML.US,D,20210106,000000,63.415,66.042,63.415,65.402,67717,0
JSML.US,D,20210107,000000,65.716,66.501,65.662,66.411,27349,0
JSML.US,D,20210108,000000,66.401,67.06,66.181,66.706,5165,0
JSML.US,D,20210111,000000,65.782,66.251,65.522,65.724,84116,0
JSML.US,D,20210112,000000,66.077,66.731,66.077,66.585,6424,0
JSML.US,D,20210113,000000,66.581,66.641,66.082,66.087,6528,0
JSML.US,D,20210114,000000,66.141,67.563,66.141,67.17,6937,0
JSML.US,D,20210115,000000,67.17,67.17,66.162,66.263,9879,0
JSML.US,D,20210119,000000,66.831,68.169,66.831,67.442,28267,0
JSML.US,D,20210120,000000,68.373,68.528,67.459,67.679,92466,0
JSML.US,D,20210121,000000,67.489,67.949,66.771,66.851,81279,0
JSML.US,D,20210122,000000,66.731,67.688,66.461,67.688,10128,0
JSML.US,D,20210125,000000,68.099,70.307,67.15,67.489,66413,0
JSML.US,D,20210126,000000,68.094,68.229,67.19,67.319,26817,0
JSML.US,D,20210127,000000,66.511,68.129,65.632,66.65,153805,0
JSML.US,D,20210128,000000,66.361,67.419,65.963,66.411,30994,0
JSML.US,D,20210129,000000,65.922,66.451,64.758,64.888,17251,0
JSML.US,D,20210201,000000,65.382,66.581,64.683,66.072,27974,0
JSML.US,D,20210202,000000,67.309,67.839,66.97,67.699,28577,0
JSML.US,D,20210203,000000,68.109,68.458,66.901,67.604,24908,0
JSML.US,D,20210204,000000,68.339,68.998,68.094,68.968,11004,0
JSML.US,D,20210205,000000,69.797,70.545,69.572,70.171,19023,0
JSML.US,D,20210208,000000,70.82,71.944,70.82,71.934,11146,0
JSML.US,D,20210209,000000,72.604,72.948,71.744,72.594,31059,0
JSML.US,D,20210210,000000,73.633,73.633,71.954,72.364,39500,0
JSML.US,D,20210211,000000,72.414,73.223,71.505,72.514,30943,0
JSML.US,D,20210212,000000,72.664,73.121,72.564,72.923,10083,0
JSML.US,D,20210216,000000,73.753,73.753,71.719,71.904,19384,0
JSML.US,D,20210217,000000,71.235,71.455,70.327,70.925,20140,0
JSML.US,D,20210218,000000,70.705,70.705,69.468,69.957,9192,0
JSML.US,D,20210219,000000,70.975,71.495,70.395,70.985,12490,0
JSML.US,D,20210222,000000,70.217,70.755,68.848,69.008,22734,0
JSML.US,D,20210223,000000,67.17,68.728,67.17,68.523,29953,0
JSML.US,D,20210224,000000,68.698,70.386,68.418,70.282,25109,0
JSML.US,D,20210225,000000,70.396,70.396,67.844,67.874,14144,0
JSML.US,D,20210226,000000,67.769,67.909,66.411,67.175,212261,0
JSML.US,D,20210301,000000,68.468,68.998,68.319,68.998,8064,0
JSML.US,D,20210302,000000,69.408,69.408,67.699,67.699,10070,0
JSML.US,D,20210303,000000,67.989,68.019,66.87,66.87,17216,0
JSML.US,D,20210304,000000,67.05,67.05,63.933,64.873,15470,0
JSML.US,D,20210305,000000,64.863,66.08,63.764,65.985,9733,0
JSML.US,D,20210308,000000,67.07,67.367,66.022,66.053,8510,0
JSML.US,D,20210309,000000,67.449,67.819,67.259,67.684,5857,0
JSML.US,D,20210310,000000,67.989,68.928,67.989,68.728,68169,0
JSML.US,D,20210311,000000,69.487,69.887,69.487,69.887,45182,0
JSML.US,D,20210312,000000,70.037,70.037,69.208,69.837,8721,0
JSML.US,D,20210315,000000,70.317,70.317,68.918,69.887,17611,0
JSML.US,D,20210316,000000,70.127,70.127,68.368,69.358,12299,0
JSML.US,D,20210317,000000,68.324,69.627,68.154,69.416,10152,0
JSML.US,D,20210318,000000,68.848,69.088,67.609,67.609,16523,0
JSML.US,D,20210319,000000,67.02,68.099,66.94,67.985,7369,0
JSML.US,D,20210322,000000,69.018,69.018,67.88,68.049,4030,0
JSML.US,D,20210323,000000,67.879,67.879,65.662,65.782,13734,0
JSML.US,D,20210324,000000,66.631,66.911,64.568,64.568,26728,0
JSML.US,D,20210325,000000,63.923,66.118,63.729,66.052,5940,0
JSML.US,D,20210326,000000,66.521,67.622,66.181,67.622,9367,0
JSML.US,D,20210329,000000,67.04,67.889,66.072,66.321,10759,0
JSML.US,D,20210330,000000,66.93,66.97,65.822,66.691,15872,0
JSML.US,D,20210331,000000,67.72,67.96,67.44,67.532,11523,0
JSML.US,D,20210401,000000,68.599,68.94,68.36,68.75,31478,0
JSML.US,D,20210405,000000,70.32,70.32,69.029,69.47,6736,0
JSML.US,D,20210406,000000,69.94,69.94,69.328,69.38,13329,0
JSML.US,D,20210407,000000,69.9,69.9,67.93,67.948,15253,0
JSML.US,D,20210408,000000,68.75,68.75,67.87,68.565,9303,0
JSML.US,D,20210409,000000,68.83,68.83,68.17,68.8,6235,0
JSML.US,D,20210412,000000,68.72,68.72,67.99,68.47,8048,0
JSML.US,D,20210413,000000,68.24,68.75,67.99,68.64,22802,0
JSML.US,D,20210414,000000,68.32,69.62,68.32,69.29,9362,0
JSML.US,D,20210415,000000,69.48,69.48,68.94,69.28,7763,0
JSML.US,D,20210416,000000,69.35,69.35,68.62,68.963,15927,0
JSML.US,D,20210419,000000,68.68,68.919,67.73,68.317,39490,0
JSML.US,D,20210420,000000,68.092,68.42,66.901,67.434,8891,0
JSML.US,D,20210421,000000,67.45,68.919,67.45,68.906,6798,0
JSML.US,D,20210422,000000,69.27,69.595,68.5,69.01,6115,0
JSML.US,D,20210423,000000,69.32,70.07,69.32,70.04,6670,0
JSML.US,D,20210426,000000,70.419,70.599,70.192,70.379,6632,0
JSML.US,D,20210427,000000,70.829,70.829,69.715,69.755,37751,0
JSML.US,D,20210428,000000,69.6,69.71,69.32,69.626,7831,0
JSML.US,D,20210429,000000,69.626,69.626,68.518,69.143,7501,0
JSML.US,D,20210430,000000,69.2,69.2,68.14,68.32,11720,0
JSML.US,D,20210503,000000,68.97,68.97,68.35,68.468,11972,0
JSML.US,D,20210504,000000,68.57,68.57,66.656,67.24,7915,0
JSML.US,D,20210505,000000,67.68,67.68,66.671,66.671,5585,0
JSML.US,D,20210506,000000,66.451,66.451,65.371,66.011,9212,0
JSML.US,D,20210507,000000,66.725,67.54,66.725,67.3,6397,0
JSML.US,D,20210510,000000,66.731,66.901,65.416,65.416,21370,0
JSML.US,D,20210511,000000,64.131,65.205,63.911,64.883,45939,0
JSML.US,D,20210512,000000,64.291,64.711,63.092,63.092,12614,0
JSML.US,D,20210513,000000,63.072,64.351,62.912,63.611,8366,0
JSML.US,D,20210514,000000,64.331,65.471,64.331,65.311,8296,0
JSML.US,D,20210517,000000,65.191,65.191,64.401,65.121,3324,0
JSML.US,D,20210518,000000,65.661,65.752,64.971,64.971,17873,0
JSML.US,D,20210519,000000,63.112,64.841,63.112,64.741,5962,0
JSML.US,D,20210520,000000,65.241,65.431,65.241,65.431,2254,0
JSML.US,D,20210521,000000,66.093,66.166,65.641,65.641,2937,0
JSML.US,D,20210524,000000,66.191,66.459,66.111,66.201,6864,0
JSML.US,D,20210525,000000,66.551,66.631,66.051,66.181,4338,0
JSML.US,D,20210526,000000,66.93,67.115,66.791,67.032,5075,0
JSML.US,D,20210527,000000,67.2,67.689,67.2,67.58,2091,0
JSML.US,D,20210528,000000,67.56,67.81,67.461,67.461,4514,0
JSML.US,D,20210601,000000,68.22,68.33,67.44,68.182,8113,0
JSML.US,D,20210602,000000,68.58,68.58,67.61,67.61,29181,0
JSML.US,D,20210603,000000,66.901,67.55,66.901,67.51,7922,0
JSML.US,D,20210604,000000,68.01,68.01,67.49,67.68,5474,0
JSML.US,D,20210607,000000,67.95,68.44,67.95,68.3,1895,0
JSML.US,D,20210608,000000,68.81,68.89,68.38,68.87,5369,0
JSML.US,D,20210609,000000,69.2,69.2,68.506,68.506,15321,0
JSML.US,D,20210610,000000,68.82,68.83,68.215,68.54,6297,0
JSML.US,D,20210611,000000,68.57,68.79,68.47,68.79,12353,0
JSML.US,D,20210614,000000,69.41,69.58,69.136,69.18,10135,0
JSML.US,D,20210615,000000,68.21,68.47,68.072,68.29,4828,0
JSML.US,D,20210616,000000,68.33,68.48,66.93,67.55,34113,0
JSML.US,D,20210617,000000,68.07,68.36,67.47,68.07,26134,0
JSML.US,D,20210618,000000,67.402,67.76,66.751,67.21,35563,0
JSML.US,D,20210621,000000,67.298,68.62,67.09,67.64,16802,0
JSML.US,D,20210622,000000,67.85,67.85,67.235,67.72,4573,0
JSML.US,D,20210623,000000,67.64,68.1,67.64,67.79,6940,0
JSML.US,D,20210624,000000,68.275,68.678,68.2,68.56,7636,0
JSML.US,D,20210625,000000,69.04,69.04,68.709,68.97,4912,0
JSML.US,D,20210628,000000,69.06,69.17,68.426,68.78,4480,0
JSML.US,D,20210629,000000,68.58,69.33,68.58,68.64,52173,0
JSML.US,D,20210630,000000,68.98,68.98,68.28,68.43,10418,0
JSML.US,D,20210701,000000,68.69,68.82,68.31,68.624,37438,0
JSML.US,D,20210702,000000,69.11,69.11,68.005,68.29,3817,0
JSML.US,D,20210706,000000,68.49,68.49,67.045,67.585,9123,0
JSML.US,D,20210707,000000,68.06,68.105,66.5,67.03,10023,0
JSML.US,D,20210708,000000,66.09,66.65,65.28,65.96,13164,0
JSML.US,D,20210709,000000,66.95,67.48,66.69,67.3,5175,0
JSML.US,D,20210712,000000,68.05,68.05,66.84,67.47,20841,0
JSML.US,D,20210713,000000,67.16,67.29,66.07,66.07,19133,0
JSML.US,D,20210714,000000,65.96,66.4016,65.0699,65.14,13512,0
JSML.US,D,20210715,000000,64.9,64.9,64.16,64.43,16365,0
JSML.US,D,20210716,000000,65.24,65.495,63.97,64.06,3469,0
JSML.US,D,20210719,000000,63.51,64.2688,62.99,63.6256,16743,0
JSML.US,D,20210720,000000,64.16,65.75,64.16,65.669,8886,0
JSML.US,D,20210721,000000,65.38,66.5253,65.38,66.492,8471,0
JSML.US,D,20210722,000000,66.39,66.39,65.64,65.7943,11411,0
JSML.US,D,20210723,000000,65.89,66.3583,65.8501,66.3542,20109,0
JSML.US,D,20210726,000000,66.4533,66.4533,65.7702,65.9377,8870,0
JSML.US,D,20210727,000000,65.84,65.84,64.9238,65.285,6319,0
JSML.US,D,20210728,000000,65.89,67.025,65.89,66.84,5271,0
JSML.US,D,20210729,000000,67.42,67.725,67.42,67.4797,5831,0
JSML.US,D,20210730,000000,66.89,67.76,66.89,67.59,34452,0
JSML.US,D,20210802,000000,67.9873,68.08,67.59,67.62,113090,0
JSML.US,D,20210803,000000,67.43,68.23,66.8401,68.06,24110,0
JSML.US,D,20210804,000000,67.75,68.3999,67.64,68.22,21986,0
JSML.US,D,20210805,000000,68.755,69.07,68.445,68.95,11121,0
JSML.US,D,20210806,000000,69.33,69.355,68.7011,69.28,5849,0
JSML.US,D,20210809,000000,69.38,69.38,69.0163,69.0163,4875,0
JSML.US,D,20210810,000000,69.23,69.23,68.275,68.36,5712,0
JSML.US,D,20210811,000000,68.84,68.84,67.6025,68.78,5915,0
JSML.US,D,20210812,000000,68.03,68.51,68.03,68.51,7980,0
JSML.US,D,20210813,000000,68.27,68.72,67.96,68.08,23683,0
JSML.US,D,20210816,000000,67.56,67.6685,67.2068,67.53,11330,0
JSML.US,D,20210817,000000,66.92,66.9263,66.488,66.83,6609,0
JSML.US,D,20210818,000000,66.57,67.005,66.4,66.4,6624,0
JSML.US,D,20210819,000000,65.75,65.843,65.35,65.6415,9685,0
JSML.US,D,20210820,000000,65.53,66.9,65.53,66.8504,10277,0
JSML.US,D,20210823,000000,67.7,67.775,67.3784,67.7201,9322,0
JSML.US,D,20210824,000000,68.5057,68.58,68.1,68.52,10606,0
JSML.US,D,20210825,000000,68.84,69.0957,68.84,68.8837,10843,0
JSML.US,D,20210826,000000,69.28,69.28,68.2171,68.22,7051,0
JSML.US,D,20210827,000000,68.65,70.3349,68.65,70.14,6465,0
JSML.US,D,20210830,000000,69.61,70.3451,69.61,70.28,15900,0
JSML.US,D,20210831,000000,70.29,70.29,69.72,69.95,7067,0
JSML.US,D,20210901,000000,70.06,70.57,69.83,70.285,8516,0
