<TICKER>,<PER>,<DATE>,<TIME>,<OPEN>,<HIGH>,<LOW>,<CLOSE>,<VOL>,<OPENINT>
KRMA.US,D,20160714,000000,14.438,14.438,14.438,14.438,2128,0
KRMA.US,D,20160715,000000,14.409,14.409,14.324,14.324,2115138,0
KRMA.US,D,20160718,000000,14.377,14.377,14.377,14.377,332,0
KRMA.US,D,20160719,000000,14.346,14.346,14.346,14.346,925,0
KRMA.US,D,20160720,000000,14.398,14.446,14.398,14.419,1845,0
KRMA.US,D,20160721,000000,14.475,14.475,14.372,14.372,1549,0
KRMA.US,D,20160722,000000,14.371,14.448,14.371,14.448,2993,0
KRMA.US,D,20160725,000000,14.419,14.419,14.416,14.416,562,0
KRMA.US,D,20160726,000000,14.474,14.493,14.474,14.475,3239,0
KRMA.US,D,20160727,000000,14.503,14.513,14.417,14.493,2054,0
KRMA.US,D,20160728,000000,14.448,14.448,14.423,14.423,1331,0
KRMA.US,D,20160729,000000,14.479,14.513,14.479,14.508,3848,0
KRMA.US,D,20160801,000000,14.466,14.522,14.381,14.466,7614,0
KRMA.US,D,20160802,000000,14.391,14.391,14.291,14.291,7159,0
KRMA.US,D,20160803,000000,14.298,14.367,14.298,14.367,777,0
KRMA.US,D,20160804,000000,14.412,14.412,14.412,14.412,3001,0
KRMA.US,D,20160805,000000,14.532,14.532,14.532,14.532,252,0
KRMA.US,D,20160808,000000,14.553,14.559,14.553,14.559,425,0
KRMA.US,D,20160809,000000,14.597,14.597,14.559,14.559,585,0
KRMA.US,D,20160810,000000,14.532,14.532,14.49,14.49,1116,0
KRMA.US,D,20160811,000000,14.625,14.655,14.577,14.64,9539,0
KRMA.US,D,20160812,000000,14.585,14.634,14.585,14.634,6762,0
KRMA.US,D,20160815,000000,14.728,14.736,14.688,14.718,3009,0
KRMA.US,D,20160816,000000,14.655,14.665,14.635,14.635,715,0
KRMA.US,D,20160817,000000,14.588,14.617,14.559,14.617,9003,0
KRMA.US,D,20160818,000000,14.645,14.675,14.639,14.675,4146,0
KRMA.US,D,20160819,000000,14.687,14.699,14.687,14.699,1580,0
KRMA.US,D,20160823,000000,14.733,14.733,14.733,14.733,725,0
KRMA.US,D,20160824,000000,14.802,14.802,14.64,14.64,3407,0
KRMA.US,D,20160825,000000,14.652,14.652,14.652,14.652,170,0
KRMA.US,D,20160826,000000,14.712,14.755,14.629,14.629,380,0
KRMA.US,D,20160829,000000,14.758,14.758,14.731,14.733,673,0
KRMA.US,D,20160830,000000,14.708,14.708,14.708,14.708,266,0
KRMA.US,D,20160831,000000,14.655,14.655,14.604,14.649,3440,0
KRMA.US,D,20160901,000000,14.601,14.601,14.601,14.601,193,0
KRMA.US,D,20160902,000000,14.728,14.728,14.674,14.674,1856,0
KRMA.US,D,20160906,000000,14.699,14.699,14.699,14.699,639,0
KRMA.US,D,20160907,000000,14.699,14.699,14.699,14.699,341,0
KRMA.US,D,20160908,000000,14.668,14.691,14.655,14.691,1454,0
KRMA.US,D,20160909,000000,14.559,14.559,14.353,14.353,1820,0
KRMA.US,D,20160912,000000,14.344,14.522,14.344,14.51,2185,0
KRMA.US,D,20160913,000000,14.428,14.428,14.259,14.269,2084,0
KRMA.US,D,20160914,000000,14.314,14.314,14.241,14.249,5330,0
KRMA.US,D,20160915,000000,14.314,14.4,14.314,14.394,968,0
KRMA.US,D,20160916,000000,14.304,14.334,14.299,14.334,1439,0
KRMA.US,D,20160919,000000,14.39,14.39,14.39,14.39,1762,0
KRMA.US,D,20160920,000000,14.4,14.4,14.372,14.381,639,0
KRMA.US,D,20160921,000000,14.431,14.463,14.38,14.463,1496,0
KRMA.US,D,20160922,000000,14.584,14.598,14.584,14.598,1031,0
KRMA.US,D,20160923,000000,14.587,14.587,14.587,14.587,349,0
KRMA.US,D,20160926,000000,14.466,14.493,14.421,14.458,1675,0
KRMA.US,D,20160927,000000,14.522,14.522,14.522,14.522,320,0
KRMA.US,D,20160928,000000,14.549,14.549,14.549,14.549,1399,0
KRMA.US,D,20160929,000000,14.607,14.607,14.54,14.54,485,0
KRMA.US,D,20160930,000000,14.549,14.635,14.545,14.635,532,0
KRMA.US,D,20161003,000000,14.635,14.635,14.569,14.569,659,0
KRMA.US,D,20161004,000000,14.578,14.578,14.522,14.522,447,0
KRMA.US,D,20161005,000000,14.559,14.625,14.559,14.625,320,0
KRMA.US,D,20161006,000000,14.509,14.509,14.509,14.509,160,0
KRMA.US,D,20161007,000000,14.549,14.549,14.519,14.519,280,0
KRMA.US,D,20161010,000000,14.585,14.585,14.585,14.585,193,0
KRMA.US,D,20161011,000000,14.559,14.559,14.291,14.291,3981,0
KRMA.US,D,20161012,000000,14.324,14.39,14.324,14.39,1462,0
KRMA.US,D,20161013,000000,14.188,14.353,14.188,14.353,2542,0
KRMA.US,D,20161014,000000,14.39,14.39,14.324,14.334,1451,0
KRMA.US,D,20161017,000000,14.259,14.259,14.259,14.259,425,0
KRMA.US,D,20161018,000000,14.314,14.344,14.314,14.324,1980,0
KRMA.US,D,20161019,000000,14.39,14.4,14.371,14.4,5497,0
KRMA.US,D,20161020,000000,14.372,14.372,14.297,14.344,1719,0
KRMA.US,D,20161021,000000,14.278,14.381,14.269,14.354,1764,0
KRMA.US,D,20161024,000000,15.066,15.066,14.354,14.381,11351,0
KRMA.US,D,20161026,000000,14.249,14.314,14.232,14.232,2643,0
KRMA.US,D,20161027,000000,14.22,14.24,14.202,14.202,3598,0
KRMA.US,D,20161028,000000,14.269,14.324,14.269,14.314,940,0
KRMA.US,D,20161031,000000,14.288,14.288,14.287,14.287,405,0
KRMA.US,D,20161101,000000,14.138,14.138,14.13,14.13,3697,0
KRMA.US,D,20161102,000000,14.118,14.118,14.079,14.079,1293,0
KRMA.US,D,20161103,000000,13.996,14.015,13.977,13.977,1624,0
KRMA.US,D,20161104,000000,14.043,14.043,14.043,14.043,436,0
KRMA.US,D,20161107,000000,14.225,14.255,14.22,14.22,2197,0
KRMA.US,D,20161108,000000,14.245,14.341,14.245,14.341,1185,0
KRMA.US,D,20161109,000000,14.324,14.532,14.23,14.503,4797,0
KRMA.US,D,20161110,000000,14.549,14.549,14.513,14.513,2101,0
KRMA.US,D,20161111,000000,14.486,14.578,14.486,14.578,815,0
KRMA.US,D,20161114,000000,14.645,14.645,14.613,14.645,1423,0
KRMA.US,D,20161115,000000,14.597,14.679,14.597,14.679,4169,0
KRMA.US,D,20161117,000000,14.718,14.746,14.708,14.746,6116,0
KRMA.US,D,20161118,000000,14.699,14.736,14.699,14.736,1666,0
KRMA.US,D,20161121,000000,14.807,14.832,14.803,14.832,2362,0
KRMA.US,D,20161122,000000,14.819,14.862,14.819,14.862,1280,0
KRMA.US,D,20161123,000000,14.893,14.893,14.872,14.875,535,0
KRMA.US,D,20161125,000000,14.963,14.963,14.963,14.963,484,0
KRMA.US,D,20161128,000000,14.916,14.925,14.9,14.906,2939,0
KRMA.US,D,20161129,000000,14.906,14.925,14.906,14.916,1236,0
KRMA.US,D,20161130,000000,14.879,14.919,14.874,14.874,611,0
KRMA.US,D,20161201,000000,14.822,14.822,14.79,14.79,702,0
KRMA.US,D,20161202,000000,14.888,14.888,14.803,14.86,5840,0
KRMA.US,D,20161205,000000,14.959,14.959,14.916,14.916,1925,0
KRMA.US,D,20161206,000000,14.92,14.973,14.92,14.953,2899,0
KRMA.US,D,20161207,000000,15.039,15.226,15.039,15.179,7558,0
KRMA.US,D,20161209,000000,15.358,15.358,15.313,15.358,6235,0
KRMA.US,D,20161212,000000,15.368,15.368,15.31,15.32,21811,0
KRMA.US,D,20161213,000000,15.414,15.442,15.368,15.395,15169,0
KRMA.US,D,20161214,000000,15.363,15.368,15.226,15.246,1485,0
KRMA.US,D,20161215,000000,15.358,15.358,15.284,15.298,3687,0
KRMA.US,D,20161216,000000,15.274,15.283,15.236,15.236,4062,0
KRMA.US,D,20161219,000000,15.282,15.292,15.246,15.281,4830,0
KRMA.US,D,20161220,000000,15.338,15.358,15.301,15.301,1808,0
KRMA.US,D,20161221,000000,15.326,15.326,15.32,15.32,279,0
KRMA.US,D,20161222,000000,15.241,15.244,15.236,15.241,3135,0
KRMA.US,D,20161223,000000,15.254,15.268,15.246,15.268,1809,0
KRMA.US,D,20161227,000000,15.329,15.338,15.31,15.311,2601,0
KRMA.US,D,20161228,000000,15.18,15.18,15.162,15.162,599,0
KRMA.US,D,20161229,000000,15.18,15.19,15.146,15.146,2744,0
KRMA.US,D,20161230,000000,15.163,15.163,15.163,15.163,217,0
KRMA.US,D,20170103,000000,15.174,15.183,15.123,15.183,5987,0
KRMA.US,D,20170104,000000,15.326,15.326,15.312,15.312,722,0
KRMA.US,D,20170105,000000,15.281,15.281,15.232,15.232,863,0
KRMA.US,D,20170106,000000,15.256,15.351,15.248,15.351,1782,0
KRMA.US,D,20170109,000000,15.241,15.254,15.228,15.228,1073,0
KRMA.US,D,20170111,000000,15.322,15.322,15.281,15.297,907,0
KRMA.US,D,20170112,000000,15.223,15.292,15.223,15.277,2454,0
KRMA.US,D,20170117,000000,15.316,15.316,15.266,15.266,855,0
KRMA.US,D,20170118,000000,15.32,15.32,15.306,15.306,543,0
KRMA.US,D,20170119,000000,15.352,15.355,15.273,15.273,1851,0
KRMA.US,D,20170120,000000,15.276,15.304,15.276,15.298,3208,0
KRMA.US,D,20170123,000000,15.315,15.315,15.315,15.315,292,0
KRMA.US,D,20170124,000000,15.361,15.436,15.361,15.436,576,0
KRMA.US,D,20170125,000000,15.552,15.552,15.527,15.532,1296,0
KRMA.US,D,20170126,000000,15.508,15.508,15.508,15.508,283,0
KRMA.US,D,20170127,000000,15.486,15.486,15.486,15.486,106,0
KRMA.US,D,20170130,000000,15.341,15.38,15.324,15.356,2870,0
KRMA.US,D,20170131,000000,15.323,15.351,15.313,15.351,1944,0
KRMA.US,D,20170201,000000,15.355,15.38,15.326,15.38,2917,0
KRMA.US,D,20170202,000000,15.323,15.389,15.323,15.389,649,0
KRMA.US,D,20170203,000000,15.513,15.521,15.507,15.507,1951,0
KRMA.US,D,20170206,000000,15.549,15.549,15.449,15.449,1839,0
KRMA.US,D,20170207,000000,15.486,15.486,15.469,15.469,489,0
KRMA.US,D,20170209,000000,15.627,15.674,15.627,15.674,5429,0
KRMA.US,D,20170210,000000,15.712,15.74,15.712,15.722,4166,0
KRMA.US,D,20170213,000000,15.778,15.778,15.76,15.76,1916,0
KRMA.US,D,20170214,000000,15.798,15.844,15.798,15.844,599,0
KRMA.US,D,20170215,000000,15.873,15.903,15.873,15.903,2310,0
KRMA.US,D,20170216,000000,15.928,15.928,15.882,15.891,1404,0
KRMA.US,D,20170217,000000,15.908,15.908,15.908,15.908,412,0
KRMA.US,D,20170221,000000,16.048,16.083,16.048,16.074,4364,0
KRMA.US,D,20170222,000000,16.071,16.08,16.057,16.057,1721,0
KRMA.US,D,20170223,000000,16.061,16.061,16.002,16.002,925,0
KRMA.US,D,20170224,000000,15.944,16.035,15.944,16.035,2050,0
KRMA.US,D,20170228,000000,16.061,16.061,15.999,16.01,1830,0
KRMA.US,D,20170301,000000,16.223,16.239,16.223,16.225,2053,0
KRMA.US,D,20170302,000000,16.154,16.154,16.093,16.093,1688,0
KRMA.US,D,20170303,000000,16.147,16.147,16.075,16.111,1061,0
KRMA.US,D,20170306,000000,16.1,16.1,16.016,16.039,9227,0
KRMA.US,D,20170307,000000,15.992,16.006,15.964,15.964,3680,0
KRMA.US,D,20170308,000000,15.997,15.997,15.997,15.997,352,0
KRMA.US,D,20170309,000000,15.933,15.986,15.914,15.914,4510,0
KRMA.US,D,20170313,000000,16.006,16.016,16.006,16.016,944,0
KRMA.US,D,20170314,000000,15.95,15.964,15.95,15.958,1288,0
KRMA.US,D,20170315,000000,16.076,16.137,16.076,16.127,1614,0
KRMA.US,D,20170316,000000,16.128,16.128,16.077,16.077,1303,0
KRMA.US,D,20170317,000000,16.058,16.113,16.058,16.083,3002,0
KRMA.US,D,20170320,000000,16.048,16.048,16.043,16.043,1541,0
KRMA.US,D,20170321,000000,16.043,16.043,15.863,15.885,3317,0
KRMA.US,D,20170322,000000,15.812,15.865,15.789,15.85,2305,0
KRMA.US,D,20170323,000000,15.882,15.958,15.835,15.865,3687,0
KRMA.US,D,20170324,000000,15.948,15.948,15.932,15.932,644,0
KRMA.US,D,20170327,000000,15.75,15.873,15.75,15.873,2483,0
KRMA.US,D,20170328,000000,15.958,15.996,15.948,15.996,920,0
KRMA.US,D,20170329,000000,15.986,15.986,15.986,15.986,424,0
KRMA.US,D,20170330,000000,16.003,16.035,15.996,16.016,6500,0
KRMA.US,D,20170331,000000,16.02,16.02,16.019,16.019,768,0
KRMA.US,D,20170403,000000,15.906,15.922,15.906,15.922,337,0
KRMA.US,D,20170404,000000,15.873,15.92,15.873,15.92,1530,0
KRMA.US,D,20170405,000000,15.989,15.993,15.858,15.865,881,0
KRMA.US,D,20170406,000000,15.912,15.942,15.885,15.885,1170,0
KRMA.US,D,20170410,000000,15.967,15.967,15.925,15.948,2284,0
KRMA.US,D,20170411,000000,15.911,15.928,15.865,15.928,744,0
KRMA.US,D,20170412,000000,15.928,15.928,15.873,15.882,3415,0
KRMA.US,D,20170413,000000,15.891,15.891,15.778,15.778,2490,0
KRMA.US,D,20170417,000000,15.865,15.891,15.837,15.876,4084,0
KRMA.US,D,20170418,000000,15.76,15.855,15.76,15.855,2936,0
KRMA.US,D,20170419,000000,15.873,15.911,15.835,15.845,14899,0
KRMA.US,D,20170420,000000,15.938,16.026,15.928,16.026,3270,0
KRMA.US,D,20170421,000000,15.938,15.976,15.938,15.976,6987,0
KRMA.US,D,20170424,000000,16.11,16.137,16.086,16.128,1079,0
KRMA.US,D,20170425,000000,16.214,16.233,16.167,16.22,7406,0
KRMA.US,D,20170426,000000,16.237,16.291,16.237,16.243,3775,0
KRMA.US,D,20170427,000000,16.291,16.291,16.23,16.28,1237,0
KRMA.US,D,20170428,000000,16.232,16.232,16.177,16.196,1197,0
KRMA.US,D,20170501,000000,16.299,16.299,16.204,16.214,2490,0
KRMA.US,D,20170502,000000,16.212,16.223,16.205,16.214,2265,0
KRMA.US,D,20170503,000000,16.243,16.243,16.195,16.243,2397,0
KRMA.US,D,20170504,000000,16.236,16.262,16.236,16.262,1109,0
KRMA.US,D,20170505,000000,16.291,16.311,16.284,16.311,1401,0
KRMA.US,D,20170508,000000,16.422,16.422,16.299,16.318,2286,0
KRMA.US,D,20170509,000000,16.347,16.347,16.291,16.328,3082,0
KRMA.US,D,20170510,000000,16.375,16.375,16.35,16.35,1937,0
KRMA.US,D,20170511,000000,16.337,16.347,16.231,16.318,20317,0
KRMA.US,D,20170512,000000,16.223,16.252,16.223,16.244,6530,0
KRMA.US,D,20170515,000000,16.328,16.343,16.328,16.337,2733,0
KRMA.US,D,20170516,000000,16.291,16.308,16.263,16.287,7287,0
KRMA.US,D,20170517,000000,16.243,16.243,16.016,16.016,9631,0
KRMA.US,D,20170518,000000,15.958,16.12,15.958,16.061,5686,0
KRMA.US,D,20170519,000000,16.233,16.243,16.22,16.225,2666,0
KRMA.US,D,20170522,000000,16.128,16.281,16.128,16.274,3601,0
KRMA.US,D,20170523,000000,16.297,16.299,16.272,16.282,2923,0
KRMA.US,D,20170524,000000,16.308,16.318,16.308,16.308,4899,0
KRMA.US,D,20170525,000000,16.416,16.451,16.413,16.413,4993,0
KRMA.US,D,20170526,000000,16.424,16.441,16.409,16.413,6580,0
KRMA.US,D,20170530,000000,16.422,16.422,16.394,16.413,1049,0
KRMA.US,D,20170531,000000,16.461,16.461,16.375,16.434,3746,0
KRMA.US,D,20170601,000000,16.522,16.593,16.522,16.547,4282,0
KRMA.US,D,20170602,000000,16.595,16.678,16.593,16.671,3901,0
KRMA.US,D,20170605,000000,16.619,16.641,16.591,16.624,3033,0
KRMA.US,D,20170606,000000,16.555,16.558,16.51,16.525,3540,0
KRMA.US,D,20170607,000000,16.551,16.551,16.535,16.535,848,0
KRMA.US,D,20170608,000000,16.583,16.602,16.538,16.538,5932,0
KRMA.US,D,20170609,000000,16.631,16.644,16.605,16.644,2167,0
KRMA.US,D,20170612,000000,16.622,16.622,16.566,16.573,10433,0
KRMA.US,D,20170613,000000,16.651,16.698,16.651,16.698,5747,0
KRMA.US,D,20170614,000000,16.678,16.678,16.62,16.62,3816,0
KRMA.US,D,20170615,000000,16.607,16.607,16.607,16.607,897,0
KRMA.US,D,20170616,000000,16.564,16.564,16.564,16.564,1480,0
KRMA.US,D,20170619,000000,16.727,16.745,16.713,16.713,2123,0
KRMA.US,D,20170620,000000,16.736,16.736,16.641,16.641,3723,0
KRMA.US,D,20170621,000000,16.708,16.708,16.599,16.599,3083,0
KRMA.US,D,20170622,000000,16.671,16.671,16.564,16.641,5843,0
KRMA.US,D,20170623,000000,16.669,16.673,16.661,16.671,1144,0
KRMA.US,D,20170626,000000,16.708,16.726,16.683,16.709,4504,0
KRMA.US,D,20170627,000000,16.661,16.684,16.564,16.564,5490,0
KRMA.US,D,20170628,000000,16.602,16.718,16.602,16.679,3961,0
KRMA.US,D,20170629,000000,16.736,16.736,16.519,16.519,4523,0
KRMA.US,D,20170630,000000,16.62,16.641,16.577,16.634,871,0
KRMA.US,D,20170703,000000,16.727,16.727,16.702,16.718,1319,0
KRMA.US,D,20170705,000000,16.718,16.718,16.631,16.641,2883,0
KRMA.US,D,20170706,000000,16.651,16.651,16.49,16.49,2332,0
KRMA.US,D,20170707,000000,16.519,16.602,16.519,16.602,1526,0
KRMA.US,D,20170710,000000,16.593,16.593,16.564,16.565,1707,0
KRMA.US,D,20170711,000000,16.564,16.583,16.555,16.581,9193,0
KRMA.US,D,20170712,000000,16.661,16.698,16.661,16.698,6073,0
KRMA.US,D,20170713,000000,16.722,16.727,16.686,16.71,2691,0
KRMA.US,D,20170714,000000,16.764,16.831,16.745,16.802,15549,0
KRMA.US,D,20170717,000000,16.84,16.849,16.821,16.831,9104,0
KRMA.US,D,20170718,000000,16.831,16.831,16.78,16.802,7644,0
KRMA.US,D,20170719,000000,16.831,16.869,16.809,16.83,7361,0
KRMA.US,D,20170720,000000,16.865,16.879,16.849,16.863,4457,0
KRMA.US,D,20170721,000000,16.813,16.849,16.798,16.849,4072,0
KRMA.US,D,20170724,000000,16.897,16.897,16.808,16.827,20937,0
KRMA.US,D,20170725,000000,16.894,16.907,16.876,16.879,5652,0
KRMA.US,D,20170726,000000,16.845,16.859,16.821,16.849,2327,0
KRMA.US,D,20170727,000000,16.897,16.897,16.75,16.77,2021,0
KRMA.US,D,20170728,000000,16.816,16.821,16.794,16.821,4606,0
KRMA.US,D,20170731,000000,16.897,16.897,16.808,16.808,3361,0
KRMA.US,D,20170801,000000,16.831,16.859,16.821,16.859,11742,0
KRMA.US,D,20170802,000000,16.888,16.888,16.757,16.802,3136,0
KRMA.US,D,20170803,000000,16.736,16.821,16.736,16.802,2903,0
KRMA.US,D,20170804,000000,16.812,16.821,16.793,16.821,3750,0
KRMA.US,D,20170807,000000,16.784,16.849,16.784,16.849,4857,0
KRMA.US,D,20170808,000000,16.84,16.876,16.745,16.765,2444,0
KRMA.US,D,20170809,000000,16.774,16.774,16.718,16.736,1181,0
KRMA.US,D,20170810,000000,16.612,16.651,16.561,16.561,2372,0
KRMA.US,D,20170811,000000,16.553,16.573,16.532,16.532,3626,0
KRMA.US,D,20170814,000000,16.698,16.745,16.671,16.736,879,0
KRMA.US,D,20170815,000000,16.708,16.708,16.661,16.697,3552,0
KRMA.US,D,20170816,000000,16.729,16.754,16.718,16.754,1451,0
KRMA.US,D,20170817,000000,16.646,16.67,16.502,16.519,4815,0
KRMA.US,D,20170818,000000,16.473,16.473,16.473,16.473,376,0
KRMA.US,D,20170821,000000,16.463,16.471,16.432,16.471,2108,0
KRMA.US,D,20170822,000000,16.622,16.622,16.584,16.593,2876,0
KRMA.US,D,20170823,000000,16.593,16.593,16.519,16.519,46243,0
KRMA.US,D,20170824,000000,16.622,16.622,16.622,16.622,349,0
KRMA.US,D,20170825,000000,16.577,16.577,16.577,16.577,235,0
KRMA.US,D,20170828,000000,16.533,16.551,16.533,16.54,3507,0
KRMA.US,D,20170829,000000,16.469,16.547,16.469,16.533,6206,0
KRMA.US,D,20170830,000000,16.51,16.631,16.51,16.631,12225,0
KRMA.US,D,20170831,000000,16.676,16.727,16.671,16.72,2363,0
KRMA.US,D,20170901,000000,16.793,16.793,16.791,16.793,545,0
KRMA.US,D,20170905,000000,16.774,16.774,16.59,16.651,3477,0
KRMA.US,D,20170906,000000,16.675,16.755,16.675,16.745,5528,0
KRMA.US,D,20170907,000000,16.802,16.802,16.698,16.755,6167,0
KRMA.US,D,20170908,000000,16.745,16.746,16.742,16.746,2032,0
KRMA.US,D,20170911,000000,16.774,16.945,16.774,16.923,9970,0
KRMA.US,D,20170912,000000,16.978,16.978,16.966,16.966,1670,0
KRMA.US,D,20170913,000000,17.031,17.041,17.021,17.041,2776,0
KRMA.US,D,20170914,000000,17.057,17.057,17.009,17.057,13551,0
KRMA.US,D,20170915,000000,17.067,17.085,17.061,17.085,1532,0
KRMA.US,D,20170918,000000,17.153,17.153,17.134,17.134,5521,0
KRMA.US,D,20170919,000000,17.18,17.18,17.139,17.139,1517,0
KRMA.US,D,20170920,000000,17.2,17.2,17.114,17.171,4614,0
KRMA.US,D,20170921,000000,17.2,17.2,17.127,17.127,1613,0
KRMA.US,D,20170922,000000,17.124,17.134,17.1,17.124,2534,0
KRMA.US,D,20170925,000000,17.144,17.153,17.111,17.153,11515,0
KRMA.US,D,20170926,000000,17.184,17.19,17.164,17.19,3643,0
KRMA.US,D,20170927,000000,17.21,17.237,17.153,17.237,17828,0
KRMA.US,D,20170928,000000,17.228,17.228,17.199,17.2,1304,0
KRMA.US,D,20170929,000000,17.257,17.267,17.211,17.267,2166,0
KRMA.US,D,20171002,000000,17.305,17.342,17.287,17.342,7288,0
KRMA.US,D,20171003,000000,17.398,17.398,17.305,17.369,179007,0
KRMA.US,D,20171004,000000,17.383,17.408,17.383,17.408,1862,0
KRMA.US,D,20171005,000000,17.441,17.456,17.441,17.456,1359,0
KRMA.US,D,20171006,000000,17.456,17.456,17.396,17.436,13612,0
KRMA.US,D,20171009,000000,17.429,17.429,17.358,17.358,3574,0
KRMA.US,D,20171010,000000,17.324,17.446,17.324,17.411,5797,0
KRMA.US,D,20171011,000000,17.447,17.456,17.436,17.455,1499,0
KRMA.US,D,20171012,000000,17.314,17.485,17.314,17.473,3751,0
KRMA.US,D,20171013,000000,17.561,17.561,17.504,17.534,2334,0
KRMA.US,D,20171016,000000,17.579,17.579,17.504,17.524,1868,0
KRMA.US,D,20171017,000000,17.561,17.561,17.509,17.526,2646,0
KRMA.US,D,20171018,000000,17.566,17.596,17.554,17.572,2686,0
KRMA.US,D,20171019,000000,17.531,17.607,17.525,17.588,1171,0
KRMA.US,D,20171020,000000,17.694,17.694,17.635,17.674,2621,0
KRMA.US,D,20171023,000000,17.751,17.751,17.655,17.655,3058,0
KRMA.US,D,20171024,000000,17.646,17.655,17.629,17.655,2756,0
KRMA.US,D,20171025,000000,17.627,17.627,17.466,17.525,7876,0
KRMA.US,D,20171026,000000,17.504,17.607,17.504,17.607,7994,0
KRMA.US,D,20171027,000000,17.569,17.575,17.534,17.575,3889,0
KRMA.US,D,20171030,000000,17.589,17.627,17.503,17.503,2438,0
KRMA.US,D,20171031,000000,17.558,17.569,17.558,17.563,2452,0
KRMA.US,D,20171101,000000,17.665,17.665,17.589,17.607,1427,0
KRMA.US,D,20171102,000000,17.655,17.655,17.581,17.617,1747,0
KRMA.US,D,20171103,000000,17.684,17.712,17.649,17.712,3507,0
KRMA.US,D,20171106,000000,17.751,17.751,17.704,17.741,2242,0
KRMA.US,D,20171107,000000,17.779,17.779,17.673,17.694,4912,0
KRMA.US,D,20171108,000000,17.731,17.76,17.709,17.738,8547,0
KRMA.US,D,20171109,000000,17.607,17.665,17.561,17.623,3150,0
KRMA.US,D,20171110,000000,17.648,17.684,17.648,17.684,10954,0
KRMA.US,D,20171113,000000,17.704,17.722,17.674,17.694,4718,0
KRMA.US,D,20171114,000000,17.712,17.722,17.674,17.704,5881,0
KRMA.US,D,20171115,000000,17.569,17.677,17.569,17.646,3001,0
KRMA.US,D,20171116,000000,17.679,17.807,17.679,17.807,11361,0
KRMA.US,D,20171117,000000,17.826,17.826,17.769,17.789,1835,0
KRMA.US,D,20171120,000000,17.796,17.826,17.788,17.796,8135,0
KRMA.US,D,20171121,000000,17.893,17.893,17.856,17.873,12595,0
KRMA.US,D,20171122,000000,17.921,17.921,17.856,17.873,2764,0
KRMA.US,D,20171124,000000,17.921,17.921,17.909,17.921,5555,0
KRMA.US,D,20171127,000000,17.949,17.949,17.873,17.921,21610,0
KRMA.US,D,20171128,000000,17.94,18.083,17.937,18.083,5881,0
KRMA.US,D,20171129,000000,18.13,18.139,18.081,18.083,4296,0
KRMA.US,D,20171130,000000,18.19,18.274,18.19,18.205,6782,0
KRMA.US,D,20171201,000000,18.281,18.281,17.954,18.211,7850,0
KRMA.US,D,20171204,000000,18.367,18.367,18.277,18.281,5684,0
KRMA.US,D,20171205,000000,18.309,18.309,18.154,18.154,9566,0
KRMA.US,D,20171206,000000,18.178,18.178,18.133,18.149,11296,0
KRMA.US,D,20171207,000000,18.178,18.233,18.178,18.224,8002,0
KRMA.US,D,20171208,000000,18.287,18.309,18.277,18.296,10149,0
KRMA.US,D,20171211,000000,18.319,18.348,18.315,18.348,3511,0
KRMA.US,D,20171212,000000,18.319,18.367,18.319,18.323,1692,0
KRMA.US,D,20171213,000000,18.368,18.403,18.367,18.367,2446,0
KRMA.US,D,20171214,000000,18.421,18.421,18.275,18.314,4365,0
KRMA.US,D,20171215,000000,18.367,18.48,18.367,18.461,2361,0
KRMA.US,D,20171218,000000,18.642,18.642,18.575,18.591,5871,0
KRMA.US,D,20171219,000000,18.622,18.622,18.57,18.579,3887,0
KRMA.US,D,20171220,000000,18.688,18.692,18.613,18.67,11305,0
KRMA.US,D,20171221,000000,18.802,18.802,18.678,18.678,5015,0
KRMA.US,D,20171222,000000,18.765,18.765,18.632,18.667,6834,0
KRMA.US,D,20171226,000000,18.645,18.718,18.645,18.706,8388,0
KRMA.US,D,20171227,000000,18.785,18.785,18.593,18.593,23868,0
KRMA.US,D,20171228,000000,18.762,18.762,18.608,18.694,8451,0
KRMA.US,D,20171229,000000,18.819,18.819,18.637,18.637,12066,0
KRMA.US,D,20180102,000000,18.618,18.707,18.618,18.705,11436,0
KRMA.US,D,20180103,000000,18.734,18.829,18.734,18.819,13770,0
KRMA.US,D,20180104,000000,18.924,18.924,18.878,18.924,6610,0
KRMA.US,D,20180105,000000,18.911,18.993,18.905,18.993,5331,0
KRMA.US,D,20180108,000000,19.098,19.098,18.973,19.008,4571,0
KRMA.US,D,20180109,000000,19.174,19.174,19.073,19.108,5100,0
KRMA.US,D,20180110,000000,19.088,19.088,18.996,19.059,6334,0
KRMA.US,D,20180111,000000,19.166,19.194,19.133,19.175,12840,0
KRMA.US,D,20180112,000000,19.319,19.338,19.271,19.328,12599,0
KRMA.US,D,20180116,000000,19.49,19.49,19.232,19.256,20792,0
KRMA.US,D,20180117,000000,19.213,19.471,19.213,19.471,11065,0
KRMA.US,D,20180118,000000,19.5,19.5,19.368,19.414,10084,0
KRMA.US,D,20180119,000000,19.481,19.481,19.392,19.468,3215,0
KRMA.US,D,20180122,000000,19.587,19.606,19.498,19.592,11105,0
KRMA.US,D,20180123,000000,19.711,19.711,19.676,19.682,4160,0
KRMA.US,D,20180124,000000,19.798,19.798,19.625,19.655,22808,0
KRMA.US,D,20180125,000000,19.635,19.762,19.635,19.673,3804,0
KRMA.US,D,20180126,000000,19.846,19.88,19.731,19.849,4727,0
KRMA.US,D,20180129,000000,19.99,19.99,19.721,19.721,7360,0
KRMA.US,D,20180130,000000,19.645,19.645,19.53,19.635,7199,0
KRMA.US,D,20180131,000000,19.577,19.582,19.48,19.577,7559,0
KRMA.US,D,20180201,000000,19.597,19.631,19.482,19.482,8202,0
KRMA.US,D,20180202,000000,19.432,19.432,19.127,19.127,14512,0
KRMA.US,D,20180205,000000,19.117,19.137,18.456,18.456,25735,0
KRMA.US,D,20180206,000000,17.975,18.698,17.975,18.633,17743,0
KRMA.US,D,20180207,000000,18.772,18.852,18.714,18.714,10306,0
KRMA.US,D,20180208,000000,18.742,18.742,18.141,18.176,17989,0
KRMA.US,D,20180209,000000,18.026,18.081,17.687,17.946,17851,0
KRMA.US,D,20180212,000000,18.282,18.574,18.282,18.528,7802,0
KRMA.US,D,20180213,000000,18.493,18.551,18.387,18.522,3314,0
KRMA.US,D,20180214,000000,18.522,18.819,18.511,18.804,8090,0
KRMA.US,D,20180215,000000,18.983,19.011,18.809,18.953,5406,0
KRMA.US,D,20180216,000000,19,19.056,19,19.056,2349,0
KRMA.US,D,20180220,000000,19.041,19.041,18.899,18.899,2880,0
KRMA.US,D,20180221,000000,19.026,19.058,18.848,18.848,3950,0
KRMA.US,D,20180222,000000,18.915,18.973,18.862,18.862,5032,0
KRMA.US,D,20180223,000000,18.924,19.088,18.851,19.088,2407,0
KRMA.US,D,20180226,000000,19.241,19.241,19.098,19.232,7282,0
KRMA.US,D,20180227,000000,19.232,19.265,19.098,19.098,5896,0
KRMA.US,D,20180228,000000,19.127,19.136,18.978,18.978,3037,0
KRMA.US,D,20180301,000000,18.895,18.895,18.522,18.598,8357,0
KRMA.US,D,20180302,000000,18.551,18.768,18.498,18.768,2955,0
KRMA.US,D,20180305,000000,18.714,18.973,18.714,18.935,2659,0
KRMA.US,D,20180306,000000,19.088,19.088,18.905,19.006,2030,0
KRMA.US,D,20180307,000000,19.002,19.016,18.934,19.011,2309,0
KRMA.US,D,20180308,000000,19.011,19.093,19.011,19.093,3946,0
KRMA.US,D,20180309,000000,19.309,19.362,19.189,19.362,4653,0
KRMA.US,D,20180312,000000,19.558,19.558,19.411,19.436,6889,0
KRMA.US,D,20180313,000000,19.441,19.507,19.338,19.358,6287,0
KRMA.US,D,20180314,000000,19.51,19.51,19.219,19.241,15831,0
KRMA.US,D,20180315,000000,19.219,19.251,19.196,19.222,9617,0
KRMA.US,D,20180316,000000,19.273,19.304,19.273,19.28,2631,0
KRMA.US,D,20180319,000000,19.194,19.194,19.05,19.05,921,0
KRMA.US,D,20180320,000000,19.076,19.117,19.069,19.093,6698,0
KRMA.US,D,20180321,000000,18.993,19.204,18.993,19.129,54778,0
KRMA.US,D,20180322,000000,18.934,18.934,18.587,18.618,25108,0
KRMA.US,D,20180323,000000,18.561,18.589,18.324,18.406,18423,0
KRMA.US,D,20180326,000000,18.589,18.752,18.404,18.752,3984,0
KRMA.US,D,20180327,000000,18.829,18.829,18.341,18.341,4190,0
KRMA.US,D,20180328,000000,18.386,18.547,18.386,18.387,21382,0
KRMA.US,D,20180329,000000,18.532,18.68,18.48,18.67,1799,0
KRMA.US,D,20180402,000000,18.675,18.675,18.084,18.272,7731,0
KRMA.US,D,20180403,000000,18.364,18.468,18.214,18.438,6306,0
KRMA.US,D,20180404,000000,18.282,18.742,18.282,18.733,4761,0
KRMA.US,D,20180405,000000,18.858,18.858,18.772,18.782,3335,0
KRMA.US,D,20180406,000000,18.742,18.742,18.286,18.286,2593,0
KRMA.US,D,20180409,000000,18.493,18.711,18.459,18.482,3803,0
KRMA.US,D,20180410,000000,18.66,18.762,18.643,18.747,7698,0
KRMA.US,D,20180411,000000,18.669,18.717,18.669,18.669,4139,0
KRMA.US,D,20180412,000000,18.656,18.829,18.656,18.796,3939,0
KRMA.US,D,20180413,000000,18.825,18.825,18.705,18.705,4849,0
KRMA.US,D,20180416,000000,18.897,18.924,18.848,18.87,7935,0
KRMA.US,D,20180417,000000,19.041,19.078,19.011,19.072,8463,0
KRMA.US,D,20180418,000000,19.021,19.166,19.021,19.116,4491,0
KRMA.US,D,20180419,000000,18.944,18.953,18.922,18.953,1793,0
KRMA.US,D,20180420,000000,18.888,18.888,18.739,18.745,3335,0
KRMA.US,D,20180423,000000,18.878,18.878,18.772,18.819,9981,0
KRMA.US,D,20180424,000000,18.834,18.834,18.537,18.57,7704,0
KRMA.US,D,20180425,000000,18.513,18.618,18.513,18.618,1318,0
KRMA.US,D,20180426,000000,18.747,18.858,18.71,18.819,1207,0
KRMA.US,D,20180427,000000,18.814,18.858,18.805,18.81,4582,0
KRMA.US,D,20180430,000000,18.799,18.904,18.714,18.727,4877,0
KRMA.US,D,20180501,000000,18.752,18.752,18.551,18.68,8259,0
KRMA.US,D,20180502,000000,18.608,18.677,18.589,18.677,1983,0
KRMA.US,D,20180503,000000,18.57,18.57,18.366,18.506,5778,0
KRMA.US,D,20180504,000000,18.579,18.716,18.579,18.716,2099,0
KRMA.US,D,20180507,000000,18.753,18.753,18.675,18.683,3095,0
KRMA.US,D,20180508,000000,18.618,18.733,18.618,18.63,4409,0
KRMA.US,D,20180509,000000,18.819,18.9,18.742,18.874,9109,0
KRMA.US,D,20180510,000000,18.829,19.047,18.829,19.004,3857,0
KRMA.US,D,20180511,000000,19.069,19.095,19.046,19.046,4242,0
KRMA.US,D,20180514,000000,19.011,19.096,19.011,19.078,4226,0
KRMA.US,D,20180515,000000,18.955,18.958,18.916,18.958,905,0
KRMA.US,D,20180516,000000,18.905,19.082,18.905,19.066,6344,0
KRMA.US,D,20180517,000000,19.002,19.088,19.002,19.027,5369,0
KRMA.US,D,20180518,000000,19.002,19.021,18.962,18.99,6445,0
KRMA.US,D,20180521,000000,18.993,19.143,18.993,19.063,4767,0
KRMA.US,D,20180522,000000,19.117,19.127,19.032,19.041,5028,0
KRMA.US,D,20180523,000000,18.993,19.041,18.976,19.041,1169,0
KRMA.US,D,20180524,000000,18.978,19.108,18.978,19.082,5272,0
KRMA.US,D,20180525,000000,19.069,19.07,19.023,19.04,6643,0
KRMA.US,D,20180529,000000,19.021,19.021,18.801,18.81,13797,0
KRMA.US,D,20180530,000000,18.858,19.108,18.858,19.108,1878,0
KRMA.US,D,20180531,000000,19.021,19.021,18.932,18.973,4747,0
KRMA.US,D,20180601,000000,19.116,19.125,19.108,19.108,2131,0
KRMA.US,D,20180604,000000,19.214,19.222,19.185,19.207,4851,0
KRMA.US,D,20180605,000000,19.147,19.283,19.147,19.255,5333,0
KRMA.US,D,20180606,000000,19.251,19.382,19.244,19.382,4387,0
KRMA.US,D,20180607,000000,19.481,19.5,19.351,19.441,24629,0
KRMA.US,D,20180608,000000,19.394,19.5,19.39,19.5,3497,0
KRMA.US,D,20180611,000000,19.558,19.597,19.549,19.577,2243,0
KRMA.US,D,20180612,000000,19.621,19.621,19.531,19.579,7024,0
KRMA.US,D,20180613,000000,19.597,19.597,19.53,19.53,2041,0
KRMA.US,D,20180614,000000,19.535,19.539,19.499,19.528,2879,0
KRMA.US,D,20180615,000000,19.461,19.471,19.422,19.452,2440,0
KRMA.US,D,20180618,000000,19.424,19.454,19.424,19.45,1166,0
KRMA.US,D,20180619,000000,19.398,19.398,19.357,19.389,6553,0
KRMA.US,D,20180620,000000,19.358,19.461,19.358,19.449,3675,0
KRMA.US,D,20180621,000000,19.451,19.451,19.28,19.31,8135,0
KRMA.US,D,20180622,000000,19.398,19.406,19.338,19.406,2444,0
KRMA.US,D,20180625,000000,19.204,19.204,19.011,19.011,9142,0
KRMA.US,D,20180626,000000,19.109,19.174,19.088,19.157,2855,0
KRMA.US,D,20180627,000000,19.168,19.214,18.976,18.976,1846,0
KRMA.US,D,20180628,000000,19.011,19.011,18.887,19.003,3346,0
KRMA.US,D,20180629,000000,19.213,19.261,19.112,19.147,7426,0
KRMA.US,D,20180702,000000,19.007,19.083,19.007,19.06,1517,0
KRMA.US,D,20180703,000000,19.194,19.194,19.137,19.137,1313,0
KRMA.US,D,20180705,000000,19.222,19.261,19.177,19.261,2590,0
KRMA.US,D,20180706,000000,19.263,19.461,19.263,19.459,2843,0
KRMA.US,D,20180709,000000,19.53,19.566,19.49,19.566,2571,0
KRMA.US,D,20180710,000000,19.625,19.625,19.548,19.558,4054,0
KRMA.US,D,20180711,000000,19.558,19.558,19.451,19.49,2328,0
KRMA.US,D,20180712,000000,19.547,19.614,19.52,19.582,8779,0
KRMA.US,D,20180713,000000,19.673,19.673,19.629,19.632,5636,0
KRMA.US,D,20180716,000000,19.692,19.692,19.54,19.54,10331,0
KRMA.US,D,20180717,000000,19.616,19.692,19.616,19.683,5020,0
KRMA.US,D,20180718,000000,19.587,19.72,19.587,19.72,3006,0
KRMA.US,D,20180719,000000,19.711,19.731,19.617,19.692,4177,0
KRMA.US,D,20180720,000000,19.75,19.75,19.625,19.633,6381,0
KRMA.US,D,20180723,000000,19.692,19.692,19.635,19.674,4065,0
KRMA.US,D,20180724,000000,19.798,19.798,19.625,19.721,5681,0
KRMA.US,D,20180725,000000,19.711,19.885,19.711,19.885,3271,0
KRMA.US,D,20180726,000000,19.942,19.961,19.908,19.937,4394,0
KRMA.US,D,20180727,000000,19.921,19.922,19.745,19.745,2772,0
KRMA.US,D,20180730,000000,19.722,19.722,19.627,19.653,2351,0
KRMA.US,D,20180731,000000,19.797,19.842,19.789,19.791,6508,0
KRMA.US,D,20180801,000000,19.826,19.836,19.654,19.741,5482,0
KRMA.US,D,20180802,000000,19.623,19.836,19.623,19.817,2853,0
KRMA.US,D,20180803,000000,19.769,19.951,19.769,19.942,23203,0
KRMA.US,D,20180806,000000,20,20.029,19.919,20.029,10340,0
KRMA.US,D,20180807,000000,20.095,20.095,20.037,20.057,10659,0
KRMA.US,D,20180808,000000,20.125,20.125,19.983,20.046,2903,0
KRMA.US,D,20180809,000000,19.914,20.002,19.914,19.932,4572,0
KRMA.US,D,20180810,000000,19.871,19.885,19.751,19.822,24937,0
KRMA.US,D,20180813,000000,19.841,19.875,19.703,19.741,6159,0
KRMA.US,D,20180814,000000,19.741,19.905,19.741,19.892,4456,0
KRMA.US,D,20180815,000000,19.817,19.817,19.673,19.789,6325,0
KRMA.US,D,20180816,000000,19.885,19.961,19.837,19.961,80327,0
KRMA.US,D,20180817,000000,19.798,20.038,19.798,19.981,3600,0
KRMA.US,D,20180820,000000,20.057,20.125,20.008,20.125,6932,0
KRMA.US,D,20180821,000000,20.164,20.183,20.141,20.141,927,0
KRMA.US,D,20180822,000000,20.124,20.154,20.108,20.108,3479,0
KRMA.US,D,20180823,000000,20.081,20.085,20.067,20.084,2899,0
KRMA.US,D,20180824,000000,20.135,20.211,20.135,20.193,11775,0
KRMA.US,D,20180827,000000,20.259,20.345,20.259,20.288,3602,0
KRMA.US,D,20180828,000000,20.399,20.399,20.259,20.335,6281,0
KRMA.US,D,20180829,000000,20.414,20.451,20.327,20.398,8065,0
KRMA.US,D,20180830,000000,20.451,20.451,20.313,20.336,7754,0
KRMA.US,D,20180831,000000,20.346,20.385,20.278,20.278,2254,0
KRMA.US,D,20180904,000000,20.385,20.385,20.234,20.385,2895,0
KRMA.US,D,20180905,000000,20.211,20.305,20.183,20.249,10025,0
KRMA.US,D,20180906,000000,20.3,20.3,20.209,20.209,2096,0
KRMA.US,D,20180907,000000,20.193,20.193,20.162,20.162,1507,0
KRMA.US,D,20180910,000000,20.316,20.316,20.284,20.284,6369,0
KRMA.US,D,20180911,000000,20.306,20.346,20.161,20.336,3868,0
KRMA.US,D,20180912,000000,20.336,20.336,20.233,20.263,3793,0
KRMA.US,D,20180913,000000,20.451,20.461,20.395,20.461,2828,0
KRMA.US,D,20180914,000000,20.492,20.492,20.44,20.46,2755,0
KRMA.US,D,20180917,000000,20.461,20.461,20.375,20.385,3826,0
KRMA.US,D,20180918,000000,20.441,20.479,20.41,20.479,5610,0
KRMA.US,D,20180919,000000,20.489,20.489,20.395,20.411,5503,0
KRMA.US,D,20180920,000000,20.567,20.567,20.472,20.541,2221,0
KRMA.US,D,20180921,000000,20.657,20.657,20.557,20.594,6138,0
KRMA.US,D,20180924,000000,20.604,20.604,20.407,20.47,1712,0
KRMA.US,D,20180925,000000,20.414,20.567,20.388,20.388,2273,0
KRMA.US,D,20180926,000000,20.406,20.486,20.328,20.328,5522,0
KRMA.US,D,20180927,000000,20.422,20.494,20.42,20.451,3754,0
KRMA.US,D,20180928,000000,20.414,20.441,20.365,20.412,6958,0
KRMA.US,D,20181001,000000,20.504,20.542,20.451,20.468,7521,0
KRMA.US,D,20181002,000000,20.538,20.538,20.432,20.451,5181,0
KRMA.US,D,20181003,000000,20.547,20.547,20.395,20.432,6889,0
KRMA.US,D,20181004,000000,20.401,20.401,20.138,20.183,4102,0
KRMA.US,D,20181005,000000,20.154,20.316,20.081,20.154,7650,0
KRMA.US,D,20181008,000000,20.154,20.154,19.99,20.114,4980,0
KRMA.US,D,20181009,000000,20.093,20.113,20.043,20.067,3104,0
KRMA.US,D,20181010,000000,19.905,19.905,19.368,19.387,33069,0
KRMA.US,D,20181011,000000,19.309,19.432,19.002,19.002,9920,0
KRMA.US,D,20181012,000000,19.174,19.282,19.05,19.261,3914,0
KRMA.US,D,20181015,000000,19.28,19.328,19.204,19.204,4849,0
KRMA.US,D,20181016,000000,19.213,19.548,19.213,19.548,3609,0
KRMA.US,D,20181017,000000,19.52,19.585,19.51,19.533,5269,0
KRMA.US,D,20181018,000000,19.606,19.606,19.282,19.312,1972,0
KRMA.US,D,20181019,000000,19.271,19.444,19.183,19.268,4196,0
KRMA.US,D,20181022,000000,19.213,19.241,19.137,19.236,8017,0
KRMA.US,D,20181023,000000,18.868,19.112,18.858,19.112,4126,0
KRMA.US,D,20181024,000000,18.983,19.078,18.656,18.683,8827,0
KRMA.US,D,20181025,000000,18.684,18.858,18.627,18.742,5061,0
KRMA.US,D,20181026,000000,18.493,18.711,18.473,18.473,13366,0
KRMA.US,D,20181029,000000,18.811,18.829,18.359,18.359,5650,0
KRMA.US,D,20181030,000000,18.726,18.924,18.632,18.924,9802,0
KRMA.US,D,20181031,000000,19.011,19.184,18.993,19.059,10447,0
KRMA.US,D,20181101,000000,19.157,19.262,19.157,19.262,2939,0
KRMA.US,D,20181102,000000,19.358,19.441,19.1,19.183,5499,0
KRMA.US,D,20181105,000000,19.319,19.338,19.227,19.311,7169,0
KRMA.US,D,20181106,000000,19.414,19.455,19.41,19.455,1000,0
KRMA.US,D,20181107,000000,19.587,19.775,19.587,19.775,2799,0
KRMA.US,D,20181108,000000,19.855,19.855,19.759,19.759,39522,0
KRMA.US,D,20181109,000000,19.826,19.826,19.558,19.678,1429,0
KRMA.US,D,20181112,000000,19.692,19.692,19.319,19.319,10065,0
KRMA.US,D,20181113,000000,19.401,19.401,19.251,19.251,1196,0
KRMA.US,D,20181114,000000,19.336,19.336,19.194,19.328,2711,0
KRMA.US,D,20181115,000000,19.041,19.409,19.041,19.328,2586,0
KRMA.US,D,20181116,000000,19.328,19.49,19.32,19.481,9330,0
KRMA.US,D,20181119,000000,19.451,19.451,19.098,19.166,8796,0
KRMA.US,D,20181120,000000,18.944,19.041,18.82,18.82,9005,0
KRMA.US,D,20181121,000000,19.031,19.078,18.944,18.956,4497,0
KRMA.US,D,20181123,000000,18.924,18.981,18.915,18.915,1393,0
KRMA.US,D,20181126,000000,19.101,19.101,19.003,19.003,1906,0
KRMA.US,D,20181127,000000,19.117,19.132,19.074,19.132,1520,0
KRMA.US,D,20181128,000000,19.243,19.53,19.243,19.53,3191,0
KRMA.US,D,20181129,000000,19.625,19.625,19.461,19.536,3364,0
KRMA.US,D,20181130,000000,19.577,19.692,19.568,19.692,4056,0
KRMA.US,D,20181203,000000,19.935,19.935,19.855,19.875,1425,0
KRMA.US,D,20181204,000000,19.798,19.798,19.241,19.241,15302,0
KRMA.US,D,20181206,000000,19.002,19.254,18.815,19.254,4899,0
KRMA.US,D,20181207,000000,18.905,18.946,18.799,18.799,7155,0
KRMA.US,D,20181210,000000,18.848,18.848,18.499,18.675,2505,0
KRMA.US,D,20181211,000000,19.058,19.058,18.694,18.934,2930,0
KRMA.US,D,20181212,000000,19.011,19.102,18.878,18.878,4039,0
KRMA.US,D,20181213,000000,18.944,18.944,18.782,18.782,2899,0
KRMA.US,D,20181214,000000,18.772,18.772,18.513,18.513,11597,0
KRMA.US,D,20181217,000000,18.618,18.618,18.129,18.148,6372,0
KRMA.US,D,20181218,000000,18.243,18.333,18.138,18.177,9199,0
KRMA.US,D,20181219,000000,18.158,18.415,17.773,17.821,8402,0
KRMA.US,D,20181220,000000,17.879,17.879,17.622,17.622,4071,0
KRMA.US,D,20181221,000000,17.755,17.814,17.37,17.37,4589,0
KRMA.US,D,20181224,000000,17.081,17.15,16.994,16.994,6698,0
KRMA.US,D,20181226,000000,17.07,17.376,16.842,17.376,3347,0
KRMA.US,D,20181227,000000,17.36,17.841,17.197,17.841,25877,0
KRMA.US,D,20181228,000000,17.88,17.97,17.782,17.87,66179,0
KRMA.US,D,20181231,000000,17.89,17.968,17.821,17.909,13076,0
KRMA.US,D,20190102,000000,17.831,17.967,17.831,17.89,4945,0
KRMA.US,D,20190103,000000,17.625,17.722,17.623,17.624,3098,0
KRMA.US,D,20190104,000000,17.881,18.182,17.863,18.124,16732,0
KRMA.US,D,20190107,000000,18.212,18.475,18.095,18.378,3338,0
KRMA.US,D,20190108,000000,18.471,18.545,18.322,18.515,5759,0
KRMA.US,D,20190109,000000,18.622,18.71,18.554,18.696,20310,0
KRMA.US,D,20190110,000000,18.449,18.769,18.449,18.745,36993,0
KRMA.US,D,20190111,000000,18.737,18.749,18.698,18.731,2767,0
KRMA.US,D,20190114,000000,18.535,18.648,18.535,18.648,6436,0
KRMA.US,D,20190115,000000,18.592,18.877,18.592,18.827,7497,0
KRMA.US,D,20190116,000000,19.043,19.043,18.789,18.797,2135,0
KRMA.US,D,20190117,000000,18.817,19.017,18.817,18.962,8290,0
KRMA.US,D,20190118,000000,19.128,19.306,19.128,19.214,14125,0
KRMA.US,D,20190122,000000,19.062,19.422,18.984,19.062,16911,0
KRMA.US,D,20190123,000000,19.149,19.149,18.921,19.121,20803,0
KRMA.US,D,20190124,000000,19.316,19.316,19.066,19.17,3732,0
KRMA.US,D,20190125,000000,19.228,19.336,19.228,19.282,7530,0
KRMA.US,D,20190128,000000,19.238,19.238,19.066,19.161,6158,0
KRMA.US,D,20190129,000000,19.422,19.422,19.189,19.189,6276,0
KRMA.US,D,20190130,000000,19.326,19.441,19.218,19.412,9922,0
KRMA.US,D,20190131,000000,19.736,19.736,19.396,19.501,13036,0
KRMA.US,D,20190201,000000,19.541,19.628,19.521,19.56,24616,0
KRMA.US,D,20190204,000000,19.491,19.687,19.491,19.687,13458,0
KRMA.US,D,20190205,000000,19.789,19.802,19.745,19.802,2171,0
KRMA.US,D,20190206,000000,20.02,20.02,19.765,19.81,8258,0
KRMA.US,D,20190207,000000,19.683,19.683,19.516,19.579,2570,0
KRMA.US,D,20190208,000000,19.501,19.597,19.494,19.595,2590,0
KRMA.US,D,20190211,000000,19.461,19.706,19.441,19.668,4146,0
KRMA.US,D,20190212,000000,20.127,20.127,19.687,19.976,2384,0
KRMA.US,D,20190213,000000,19.99,20.048,19.98,20.048,7900,0
KRMA.US,D,20190214,000000,19.873,20.048,19.873,20.048,8269,0
KRMA.US,D,20190215,000000,20.111,20.157,20.11,20.147,23312,0
KRMA.US,D,20190219,000000,20.412,20.412,20.215,20.276,2443,0
KRMA.US,D,20190220,000000,20.528,20.528,20.267,20.293,2347,0
KRMA.US,D,20190221,000000,20.234,20.244,20.157,20.244,3062,0
KRMA.US,D,20190222,000000,19.99,20.382,19.99,20.343,15684,0
KRMA.US,D,20190225,000000,20.791,20.791,20.372,20.372,52428,0
KRMA.US,D,20190226,000000,20.43,20.43,20.39,20.39,3584,0
KRMA.US,D,20190227,000000,20.322,20.423,20.322,20.423,24077,0
KRMA.US,D,20190228,000000,20.342,20.493,20.332,20.378,1523,0
KRMA.US,D,20190301,000000,20.234,20.567,20.234,20.484,5258,0
KRMA.US,D,20190304,000000,20.82,20.82,20.252,20.323,6065,0
KRMA.US,D,20190305,000000,20.723,20.723,20.378,20.392,4660,0
KRMA.US,D,20190306,000000,20.259,20.283,20.176,20.176,13751,0
KRMA.US,D,20190307,000000,20.322,20.322,19.99,19.99,7149,0
KRMA.US,D,20190308,000000,19.775,19.962,19.716,19.962,4827,0
KRMA.US,D,20190311,000000,20.293,20.293,20.147,20.241,6752,0
KRMA.US,D,20190312,000000,20.293,20.341,20.283,20.283,3230,0
KRMA.US,D,20190313,000000,20.444,20.495,20.444,20.484,1544,0
KRMA.US,D,20190314,000000,20.176,20.459,20.176,20.414,12530,0
KRMA.US,D,20190315,000000,20.508,20.567,20.44,20.557,5155,0
KRMA.US,D,20190318,000000,20.654,20.654,20.508,20.557,2634,0
KRMA.US,D,20190319,000000,20.654,20.692,20.595,20.595,62030,0
KRMA.US,D,20190320,000000,20.693,20.693,20.394,20.459,21248,0
KRMA.US,D,20190321,000000,20.487,20.688,20.378,20.637,6853,0
KRMA.US,D,20190322,000000,20.81,20.81,20.264,20.264,11602,0
KRMA.US,D,20190325,000000,20.078,20.253,20.078,20.234,7181,0
KRMA.US,D,20190326,000000,20.449,20.449,20.377,20.377,1543,0
KRMA.US,D,20190327,000000,20.711,20.711,20.371,20.412,1756,0
KRMA.US,D,20190328,000000,20.567,20.567,20.402,20.467,8615,0
KRMA.US,D,20190329,000000,20.654,20.654,20.518,20.585,6248,0
KRMA.US,D,20190401,000000,20.889,20.889,20.781,20.869,1245,0
KRMA.US,D,20190402,000000,20.595,20.83,20.595,20.824,2696,0
KRMA.US,D,20190403,000000,20.83,20.978,20.83,20.869,5865,0
KRMA.US,D,20190404,000000,20.927,20.957,20.854,20.926,12776,0
KRMA.US,D,20190405,000000,21.036,21.074,20.99,21.074,9422,0
KRMA.US,D,20190408,000000,21.084,21.084,21.002,21.028,3468,0
KRMA.US,D,20190409,000000,21.103,21.103,20.635,20.884,8764,0
KRMA.US,D,20190410,000000,20.996,21.212,20.961,21.026,12838,0
KRMA.US,D,20190411,000000,21.202,21.202,20.962,21.035,9063,0
KRMA.US,D,20190412,000000,21.146,21.212,21.143,21.143,5210,0
KRMA.US,D,20190415,000000,21.269,21.269,21.074,21.1,5591,0
KRMA.US,D,20190416,000000,21.222,21.298,21.174,21.174,9618,0
KRMA.US,D,20190417,000000,21.543,21.543,21.105,21.105,6486,0
KRMA.US,D,20190418,000000,21.394,21.394,21.133,21.192,6262,0
KRMA.US,D,20190422,000000,21.212,21.212,21.105,21.153,11747,0
KRMA.US,D,20190423,000000,21.212,21.358,21.183,21.302,10295,0
KRMA.US,D,20190424,000000,21.466,21.466,21.304,21.308,6623,0
KRMA.US,D,20190425,000000,21.172,21.243,21.103,21.218,15421,0
KRMA.US,D,20190426,000000,21.124,21.318,21.124,21.264,9978,0
KRMA.US,D,20190429,000000,21.408,21.475,21.19,21.358,15106,0
KRMA.US,D,20190430,000000,21.308,21.389,21.308,21.377,4778,0
KRMA.US,D,20190501,000000,21.348,21.436,21.217,21.217,4693,0
KRMA.US,D,20190502,000000,21.279,21.279,21.198,21.225,6234,0
KRMA.US,D,20190503,000000,21.398,21.548,21.162,21.418,8210,0
KRMA.US,D,20190506,000000,21.368,21.368,21.113,21.263,5088,0
KRMA.US,D,20190507,000000,21.388,21.388,20.83,20.845,11725,0
KRMA.US,D,20190508,000000,20.625,20.989,20.625,20.987,8465,0
KRMA.US,D,20190509,000000,20.947,20.947,20.6,20.901,4438,0
KRMA.US,D,20190510,000000,20.723,20.967,20.528,20.967,5347,0
KRMA.US,D,20190513,000000,20.899,20.899,20.326,20.383,11496,0
KRMA.US,D,20190514,000000,20.206,20.713,20.196,20.708,5439,0
KRMA.US,D,20190515,000000,20.186,20.728,20.186,20.728,10349,0
KRMA.US,D,20190516,000000,20.83,20.952,20.818,20.818,2192,0
KRMA.US,D,20190517,000000,20.996,20.996,20.77,20.8,1840,0
KRMA.US,D,20190520,000000,20.605,20.658,20.578,20.645,3773,0
KRMA.US,D,20190521,000000,20.488,20.83,20.488,20.764,6919,0
KRMA.US,D,20190522,000000,20.81,20.81,20.664,20.693,7248,0
KRMA.US,D,20190523,000000,20.654,20.654,20.357,20.373,4544,0
KRMA.US,D,20190524,000000,20.53,20.576,20.382,20.514,3805,0
KRMA.US,D,20190528,000000,20.761,20.761,20.317,20.317,3120,0
KRMA.US,D,20190529,000000,20.293,20.293,20.068,20.068,4504,0
KRMA.US,D,20190530,000000,20.297,20.317,20.215,20.215,4938,0
KRMA.US,D,20190531,000000,19.931,20.206,19.931,20.078,8772,0
KRMA.US,D,20190603,000000,20.127,20.127,19.953,20.079,5620,0
KRMA.US,D,20190604,000000,20.293,20.415,20.293,20.415,1152,0
KRMA.US,D,20190605,000000,20.84,20.84,20.557,20.645,4416,0
KRMA.US,D,20190606,000000,20.83,20.83,20.651,20.81,5878,0
KRMA.US,D,20190607,000000,20.889,21.084,20.889,21.084,9545,0
KRMA.US,D,20190610,000000,21.153,21.153,21.031,21.036,5379,0
KRMA.US,D,20190611,000000,21.222,21.251,20.987,20.987,8132,0
KRMA.US,D,20190612,000000,21.088,21.192,20.948,21.01,15105,0
KRMA.US,D,20190613,000000,21.04,21.133,21.016,21.041,8700,0
KRMA.US,D,20190614,000000,21.388,21.388,21.01,21.098,3444,0
KRMA.US,D,20190617,000000,21.398,21.398,21.036,21.045,22178,0
KRMA.US,D,20190618,000000,21.153,21.311,21.153,21.247,4641,0
KRMA.US,D,20190619,000000,21.264,21.456,21.259,21.456,17954,0
KRMA.US,D,20190620,000000,21.561,21.574,21.384,21.574,4307,0
KRMA.US,D,20190621,000000,21.505,21.573,21.494,21.514,4287,0
KRMA.US,D,20190624,000000,21.514,21.514,21.446,21.446,6100,0
KRMA.US,D,20190625,000000,21.388,21.398,21.275,21.275,5512,0
KRMA.US,D,20190626,000000,21.519,21.519,21.227,21.232,3277,0
KRMA.US,D,20190627,000000,21.516,21.516,21.279,21.353,5539,0
KRMA.US,D,20190628,000000,21.385,21.448,21.385,21.438,7557,0
KRMA.US,D,20190701,000000,21.566,21.674,21.566,21.603,2648,0
KRMA.US,D,20190702,000000,21.655,21.662,21.507,21.662,3820,0
KRMA.US,D,20190703,000000,21.772,21.821,21.694,21.821,2843,0
KRMA.US,D,20190705,000000,21.645,21.791,21.645,21.791,2921,0
KRMA.US,D,20190708,000000,21.816,21.816,21.615,21.66,8005,0
KRMA.US,D,20190709,000000,21.644,21.644,21.627,21.64,3552,0
KRMA.US,D,20190710,000000,21.783,21.783,21.665,21.665,3231,0
KRMA.US,D,20190711,000000,21.72,21.753,21.608,21.753,3514,0
KRMA.US,D,20190712,000000,21.566,21.865,21.566,21.861,13044,0
KRMA.US,D,20190715,000000,22.009,22.009,21.791,21.826,6123,0
KRMA.US,D,20190716,000000,21.819,21.837,21.762,21.829,7797,0
KRMA.US,D,20190717,000000,21.762,21.773,21.674,21.738,4211,0
KRMA.US,D,20190718,000000,21.781,21.781,21.665,21.762,3276,0
KRMA.US,D,20190719,000000,22.097,22.097,21.663,21.663,14193,0
KRMA.US,D,20190722,000000,21.694,21.743,21.654,21.689,5722,0
KRMA.US,D,20190723,000000,21.941,21.941,21.765,21.895,29464,0
KRMA.US,D,20190724,000000,22.009,22.101,21.959,22.097,12299,0
KRMA.US,D,20190725,000000,21.989,22.038,21.93,21.969,4363,0
KRMA.US,D,20190726,000000,22.097,22.136,22.058,22.127,10014,0
KRMA.US,D,20190729,000000,22.433,22.433,21.922,22.114,8920,0
KRMA.US,D,20190730,000000,22.019,22.116,22.019,22.074,18948,0
KRMA.US,D,20190731,000000,22.266,22.266,21.863,21.871,9560,0
KRMA.US,D,20190801,000000,22.097,22.097,21.631,21.684,13702,0
KRMA.US,D,20190802,000000,21.674,21.674,21.374,21.448,18106,0
KRMA.US,D,20190805,000000,21.212,21.212,20.679,20.812,5506,0
KRMA.US,D,20190806,000000,21.034,21.034,20.73,21.034,18909,0
KRMA.US,D,20190807,000000,20.975,21.092,20.733,21.005,13001,0
KRMA.US,D,20190808,000000,21.182,21.464,21.182,21.419,28934,0
KRMA.US,D,20190809,000000,21.694,21.694,21.242,21.349,14810,0
KRMA.US,D,20190812,000000,21.467,21.467,20.916,21.044,2439,0
KRMA.US,D,20190813,000000,21.26,21.497,21.172,21.319,27875,0
KRMA.US,D,20190814,000000,20.896,20.935,20.66,20.677,34820,0
KRMA.US,D,20190815,000000,20.729,20.729,20.447,20.574,3633,0
KRMA.US,D,20190816,000000,20.797,20.965,20.797,20.955,4311,0
KRMA.US,D,20190819,000000,21.132,21.258,21.132,21.258,5429,0
KRMA.US,D,20190820,000000,21.399,21.399,21.044,21.063,9515,0
KRMA.US,D,20190821,000000,21.419,21.419,21.172,21.242,5800,0
KRMA.US,D,20190822,000000,21.279,21.284,21.162,21.269,5540,0
KRMA.US,D,20190823,000000,21.428,21.428,20.61,20.61,5119,0
KRMA.US,D,20190826,000000,20.679,20.817,20.679,20.787,4063,0
KRMA.US,D,20190827,000000,21.232,21.232,20.709,20.797,12703,0
KRMA.US,D,20190828,000000,20.679,21.034,20.679,20.928,11704,0
KRMA.US,D,20190829,000000,21.399,21.399,21.068,21.203,8993,0
KRMA.US,D,20190830,000000,21.576,21.576,21.212,21.25,4999,0
KRMA.US,D,20190903,000000,21.251,21.251,20.981,21.034,30451,0
KRMA.US,D,20190904,000000,21.269,21.349,21.244,21.349,7248,0
KRMA.US,D,20190905,000000,21.753,21.753,21.645,21.665,11931,0
KRMA.US,D,20190906,000000,21.92,21.92,21.713,21.714,3224,0
KRMA.US,D,20190909,000000,21.7,21.91,21.681,21.736,11819,0
KRMA.US,D,20190910,000000,21.762,21.841,21.653,21.791,10564,0
KRMA.US,D,20190911,000000,21.848,21.979,21.848,21.971,5827,0
KRMA.US,D,20190912,000000,22.038,22.236,21.999,22.058,35075,0
KRMA.US,D,20190913,000000,22.058,22.136,21.979,21.979,21678,0
KRMA.US,D,20190916,000000,21.801,22.019,21.801,21.939,6290,0
KRMA.US,D,20190917,000000,22.048,22.048,21.894,21.981,13558,0
KRMA.US,D,20190918,000000,22.196,22.196,21.801,21.999,64594,0
KRMA.US,D,20190919,000000,22.236,22.236,21.949,21.969,37301,0
KRMA.US,D,20190920,000000,22.156,22.156,21.849,21.9,3359,0
KRMA.US,D,20190923,000000,21.861,21.949,21.828,21.93,34037,0
KRMA.US,D,20190924,000000,22.166,22.166,21.654,21.712,6559,0
KRMA.US,D,20190925,000000,21.674,21.851,21.674,21.851,5813,0
KRMA.US,D,20190926,000000,21.739,21.822,21.739,21.803,1933,0
KRMA.US,D,20190927,000000,21.91,21.91,21.595,21.704,11393,0
KRMA.US,D,20190930,000000,21.939,21.939,21.772,21.825,13126,0
KRMA.US,D,20191001,000000,22.058,22.058,21.458,21.503,23500,0
KRMA.US,D,20191002,000000,21.448,21.448,20.995,21.073,33657,0
KRMA.US,D,20191003,000000,21.172,21.207,20.945,21.165,36272,0
KRMA.US,D,20191004,000000,21.319,21.474,21.304,21.474,5833,0
KRMA.US,D,20191007,000000,21.714,21.714,21.439,21.466,18462,0
KRMA.US,D,20191008,000000,21.536,21.536,21.024,21.024,6716,0
KRMA.US,D,20191009,000000,21.369,21.369,21.222,21.289,2128,0
KRMA.US,D,20191010,000000,21.355,21.424,21.319,21.319,10240,0
KRMA.US,D,20191011,000000,21.438,21.831,21.438,21.714,27462,0
KRMA.US,D,20191014,000000,21.665,21.694,21.591,21.638,93211,0
KRMA.US,D,20191015,000000,21.724,21.91,21.705,21.861,19472,0
KRMA.US,D,20191016,000000,21.861,21.861,21.684,21.73,10441,0
KRMA.US,D,20191017,000000,21.683,21.949,21.683,21.801,11961,0
KRMA.US,D,20191018,000000,21.791,21.874,21.674,21.724,15072,0
KRMA.US,D,20191021,000000,21.836,21.885,21.809,21.885,6436,0
KRMA.US,D,20191022,000000,21.93,21.932,21.866,21.866,2112,0
KRMA.US,D,20191023,000000,21.989,21.989,21.811,21.838,6777,0
KRMA.US,D,20191024,000000,21.979,21.979,21.799,21.9,10149,0
KRMA.US,D,20191025,000000,21.879,22.029,21.879,22.001,20149,0
KRMA.US,D,20191028,000000,22.246,22.246,21.969,22.081,51013,0
KRMA.US,D,20191029,000000,22.196,22.196,21.959,21.959,22262,0
KRMA.US,D,20191030,000000,22.019,22.236,22.009,22.236,20047,0
KRMA.US,D,20191031,000000,22.285,22.285,21.88,22.058,32670,0
KRMA.US,D,20191101,000000,22.173,22.206,22.144,22.196,17330,0
KRMA.US,D,20191104,000000,22.521,22.521,22.289,22.313,19887,0
KRMA.US,D,20191105,000000,22.442,22.451,22.246,22.298,12883,0
KRMA.US,D,20191106,000000,22.501,22.501,22.231,22.264,11542,0
KRMA.US,D,20191107,000000,22.57,22.57,22.323,22.383,27848,0
KRMA.US,D,20191108,000000,22.37,22.413,22.333,22.4,8271,0
KRMA.US,D,20191111,000000,22.442,22.442,22.256,22.403,11888,0
KRMA.US,D,20191112,000000,22.521,22.521,22.323,22.432,13995,0
KRMA.US,D,20191113,000000,22.531,22.531,22.353,22.462,41216,0
KRMA.US,D,20191114,000000,22.58,22.58,22.351,22.492,16533,0
KRMA.US,D,20191115,000000,22.596,22.649,22.57,22.649,6842,0
KRMA.US,D,20191118,000000,22.649,22.679,22.59,22.616,6353,0
KRMA.US,D,20191119,000000,22.541,22.699,22.541,22.666,9232,0
KRMA.US,D,20191120,000000,22.6,22.624,22.531,22.557,2149,0
KRMA.US,D,20191121,000000,22.45,22.521,22.45,22.487,7603,0
KRMA.US,D,20191122,000000,22.619,22.619,22.494,22.562,14125,0
KRMA.US,D,20191125,000000,22.797,22.797,22.68,22.771,12427,0
KRMA.US,D,20191126,000000,22.846,22.896,22.803,22.886,19193,0
KRMA.US,D,20191127,000000,23.12,23.12,22.816,22.968,27173,0
KRMA.US,D,20191129,000000,22.983,23.023,22.789,22.855,4594,0
KRMA.US,D,20191202,000000,22.743,22.743,22.541,22.681,8153,0
KRMA.US,D,20191203,000000,22.551,22.551,22.393,22.492,4402,0
KRMA.US,D,20191204,000000,22.748,22.748,22.551,22.669,24736,0
KRMA.US,D,20191205,000000,22.649,22.718,22.609,22.718,5139,0
KRMA.US,D,20191206,000000,22.669,22.951,22.669,22.888,8131,0
KRMA.US,D,20191209,000000,22.993,22.993,22.816,22.816,10604,0
KRMA.US,D,20191210,000000,22.865,22.905,22.797,22.802,11128,0
KRMA.US,D,20191211,000000,22.851,22.925,22.797,22.872,11208,0
KRMA.US,D,20191212,000000,23.033,23.13,23.003,23.125,4509,0
KRMA.US,D,20191213,000000,23.337,23.337,23.082,23.138,4517,0
KRMA.US,D,20191216,000000,23.456,23.456,23.19,23.225,6205,0
KRMA.US,D,20191217,000000,23.22,23.26,23.2,23.23,9180,0
KRMA.US,D,20191218,000000,23.235,23.27,23.21,23.249,25421,0
KRMA.US,D,20191219,000000,23.427,23.427,23.2,23.295,25160,0
KRMA.US,D,20191220,000000,23.451,23.506,23.427,23.463,6395,0
KRMA.US,D,20191223,000000,23.613,23.613,23.437,23.461,8189,0
KRMA.US,D,20191224,000000,23.427,23.486,23.407,23.457,14299,0
KRMA.US,D,20191226,000000,23.357,23.545,23.357,23.517,19647,0
KRMA.US,D,20191227,000000,23.663,23.663,23.516,23.516,15397,0
KRMA.US,D,20191230,000000,23.466,23.555,23.21,23.247,3705,0
KRMA.US,D,20191231,000000,23.053,23.253,23.053,23.13,20503,0
KRMA.US,D,20200102,000000,23.257,23.357,23.17,23.352,45015,0
KRMA.US,D,20200103,000000,23.347,23.347,23.18,23.251,21924,0
KRMA.US,D,20200106,000000,23.328,23.328,23.13,23.242,3515,0
KRMA.US,D,20200107,000000,23.446,23.446,23.18,23.22,34066,0
KRMA.US,D,20200108,000000,23.285,23.446,23.25,23.337,20191,0
KRMA.US,D,20200109,000000,23.456,23.456,23.377,23.456,36809,0
KRMA.US,D,20200110,000000,23.456,23.506,23.387,23.387,29081,0
KRMA.US,D,20200113,000000,23.496,23.604,23.478,23.565,13556,0
KRMA.US,D,20200114,000000,23.841,23.841,23.506,23.562,134335,0
KRMA.US,D,20200115,000000,23.831,23.831,23.575,23.604,23986,0
KRMA.US,D,20200116,000000,23.968,23.968,23.723,23.796,4459,0
KRMA.US,D,20200117,000000,23.948,23.948,23.772,23.874,13699,0
KRMA.US,D,20200121,000000,24.098,24.098,23.756,23.811,36897,0
KRMA.US,D,20200122,000000,24.024,24.061,23.761,23.79,4155,0
KRMA.US,D,20200123,000000,24.028,24.028,23.595,23.781,36844,0
KRMA.US,D,20200124,000000,24.088,24.088,23.456,23.544,5652,0
KRMA.US,D,20200127,000000,23.16,23.342,23.127,23.194,11266,0
KRMA.US,D,20200128,000000,23.24,23.451,23.21,23.387,14298,0
KRMA.US,D,20200129,000000,23.456,23.484,23.284,23.327,6414,0
KRMA.US,D,20200130,000000,23.289,23.36,23.057,23.36,8147,0
KRMA.US,D,20200131,000000,23.12,23.12,22.887,22.933,20945,0
KRMA.US,D,20200203,000000,23.309,23.367,23.056,23.097,14725,0
KRMA.US,D,20200204,000000,23.444,23.545,23.417,23.442,6104,0
KRMA.US,D,20200205,000000,23.653,23.811,23.637,23.762,20055,0
KRMA.US,D,20200206,000000,24.126,24.126,23.743,23.756,11125,0
KRMA.US,D,20200207,000000,24.028,24.028,23.506,23.606,7544,0
KRMA.US,D,20200210,000000,23.555,23.769,23.555,23.73,4011,0
KRMA.US,D,20200211,000000,23.9,23.929,23.801,23.801,9500,0
KRMA.US,D,20200212,000000,24.008,24.018,23.87,24.013,16988,0
KRMA.US,D,20200213,000000,24.126,24.126,23.87,24.003,100740,0
KRMA.US,D,20200214,000000,24.145,24.145,23.968,24.026,34456,0
KRMA.US,D,20200218,000000,24.136,24.136,23.856,23.925,9250,0
KRMA.US,D,20200219,000000,23.968,24.117,23.968,24.068,94556,0
KRMA.US,D,20200220,000000,24.008,24.131,23.982,24.008,7242,0
KRMA.US,D,20200221,000000,23.978,23.978,23.752,23.786,15272,0
KRMA.US,D,20200224,000000,23.486,23.486,23.023,23.083,23890,0
KRMA.US,D,20200225,000000,23.279,23.279,22.274,22.491,34983,0
KRMA.US,D,20200226,000000,22.461,22.642,22.175,22.215,11799,0
KRMA.US,D,20200227,000000,22.047,22.075,21.495,21.581,41335,0
KRMA.US,D,20200228,000000,20.874,21.16,20.396,20.992,54464,0
KRMA.US,D,20200302,000000,21.534,22.096,20.943,22.096,22807,0
KRMA.US,D,20200303,000000,21.781,22.195,21.426,21.613,26548,0
KRMA.US,D,20200304,000000,22.008,22.471,21.712,22.471,5473,0
KRMA.US,D,20200305,000000,21.8,21.829,21.437,21.584,13804,0
KRMA.US,D,20200306,000000,20.992,21.337,20.717,21.337,38384,0
KRMA.US,D,20200309,000000,19.632,20.362,19.407,19.511,46097,0
KRMA.US,D,20200310,000000,20.234,20.479,19.442,20.479,52092,0
KRMA.US,D,20200311,000000,19.741,19.741,19.059,19.434,49256,0
KRMA.US,D,20200312,000000,18.046,18.124,16.774,17.592,1421806,0
KRMA.US,D,20200313,000000,17.317,18.912,17.317,18.904,1485040,0
KRMA.US,D,20200316,000000,16.566,18.162,16.548,16.885,1638579,0
KRMA.US,D,20200317,000000,17.267,17.967,16.735,17.839,1495241,0
KRMA.US,D,20200318,000000,16.754,17.036,15.949,16.596,881193,0
KRMA.US,D,20200319,000000,16.389,17.065,16.236,16.818,26431,0
KRMA.US,D,20200320,000000,17.021,17.051,16.104,16.143,69182,0
KRMA.US,D,20200323,000000,15.887,15.946,15.265,15.365,36202,0
KRMA.US,D,20200324,000000,16.213,17.057,16.213,17.057,39566,0
KRMA.US,D,20200325,000000,16.823,18.019,16.823,17.444,25430,0
KRMA.US,D,20200326,000000,17.356,18.411,17.356,18.411,19752,0
KRMA.US,D,20200327,000000,17.621,18.174,17.611,17.824,11964,0
KRMA.US,D,20200330,000000,18.056,18.362,18.056,18.344,14973,0
KRMA.US,D,20200331,000000,18.163,18.352,17.947,17.981,8238,0
KRMA.US,D,20200401,000000,17.464,17.469,17.137,17.156,14054,0
KRMA.US,D,20200402,000000,17.272,17.651,17.193,17.651,21043,0
KRMA.US,D,20200403,000000,17.621,17.76,17.168,17.308,18024,0
KRMA.US,D,20200406,000000,17.878,18.385,17.878,18.372,17818,0
KRMA.US,D,20200407,000000,19.071,19.205,18.637,18.637,9746,0
KRMA.US,D,20200408,000000,18.824,19.269,18.599,19.257,11719,0
KRMA.US,D,20200409,000000,19.689,19.81,19.534,19.589,19265,0
KRMA.US,D,20200413,000000,19.642,19.642,19.1,19.329,9278,0
KRMA.US,D,20200414,000000,19.622,19.928,19.622,19.928,9117,0
KRMA.US,D,20200415,000000,19.297,19.407,19.238,19.311,7866,0
KRMA.US,D,20200416,000000,19.444,19.444,19.208,19.347,10154,0
KRMA.US,D,20200417,000000,19.947,20.066,19.72,20.006,101385,0
KRMA.US,D,20200420,000000,19.859,19.977,19.731,19.779,9465,0
KRMA.US,D,20200421,000000,19.484,19.484,19.066,19.16,12721,0
KRMA.US,D,20200422,000000,19.342,19.544,19.327,19.524,11379,0
KRMA.US,D,20200423,000000,19.504,19.869,19.504,19.525,8496,0
KRMA.US,D,20200424,000000,19.524,19.849,19.524,19.816,2324,0
KRMA.US,D,20200427,000000,19.829,20.205,19.829,20.205,344238,0
KRMA.US,D,20200428,000000,20.549,20.555,20.214,20.302,10815,0
KRMA.US,D,20200429,000000,20.539,20.845,20.469,20.691,9705,0
KRMA.US,D,20200430,000000,20.667,20.667,20.198,20.296,23949,0
KRMA.US,D,20200501,000000,19.8,19.824,19.593,19.609,7054,0
KRMA.US,D,20200504,000000,19.397,19.681,19.397,19.681,1162,0
KRMA.US,D,20200505,000000,19.869,20.105,19.869,19.877,7273,0
KRMA.US,D,20200506,000000,19.839,19.977,19.757,19.757,8876,0
KRMA.US,D,20200507,000000,19.82,20.126,19.768,19.979,20658,0
KRMA.US,D,20200508,000000,20.135,20.402,20.135,20.377,5403,0
KRMA.US,D,20200511,000000,20.017,20.45,20.017,20.361,10518,0
KRMA.US,D,20200512,000000,20.667,20.667,19.938,19.938,2955,0
KRMA.US,D,20200513,000000,20.066,20.066,19.347,19.554,14113,0
KRMA.US,D,20200514,000000,19.287,19.713,19.071,19.713,28430,0
KRMA.US,D,20200515,000000,19.75,19.848,19.672,19.801,24437,0
KRMA.US,D,20200518,000000,20.224,20.598,20.224,20.598,10688,0
KRMA.US,D,20200519,000000,20.421,20.526,20.322,20.322,3062,0
KRMA.US,D,20200520,000000,20.662,20.662,20.559,20.622,6449,0
KRMA.US,D,20200521,000000,20.579,20.579,20.402,20.468,6549,0
KRMA.US,D,20200522,000000,20.352,20.559,20.322,20.501,5737,0
KRMA.US,D,20200526,000000,20.765,21.081,20.765,20.805,10291,0
KRMA.US,D,20200527,000000,20.923,21.327,20.845,21.265,11487,0
KRMA.US,D,20200528,000000,21.267,21.485,21.194,21.194,6526,0
KRMA.US,D,20200529,000000,21.19,21.337,20.973,21.275,13847,0
KRMA.US,D,20200601,000000,21.436,21.455,21.298,21.387,5306,0
KRMA.US,D,20200602,000000,21.367,21.638,21.367,21.595,8990,0
KRMA.US,D,20200603,000000,21.682,22.028,21.682,21.984,19169,0
KRMA.US,D,20200604,000000,21.79,21.968,21.613,21.847,35930,0
KRMA.US,D,20200605,000000,22.265,22.727,22.265,22.322,15818,0
KRMA.US,D,20200608,000000,22.698,22.981,22.549,22.717,9149,0
KRMA.US,D,20200609,000000,22.451,22.727,22.432,22.432,10949,0
KRMA.US,D,20200610,000000,22.441,22.542,22.309,22.381,10961,0
KRMA.US,D,20200611,000000,21.702,21.83,20.909,20.922,26809,0
KRMA.US,D,20200612,000000,21.52,21.52,20.894,21.241,10231,0
KRMA.US,D,20200615,000000,20.963,21.436,20.933,21.423,2614,0
KRMA.US,D,20200616,000000,22.096,22.205,21.623,21.811,12416,0
KRMA.US,D,20200617,000000,21.988,22.175,21.805,22.016,40670,0
KRMA.US,D,20200618,000000,21.613,22.077,21.584,22.077,40212,0
KRMA.US,D,20200619,000000,22.077,22.086,21.747,21.755,4980,0
KRMA.US,D,20200622,000000,21.83,21.944,21.727,21.86,9244,0
KRMA.US,D,20200623,000000,22.02,22.155,21.82,21.93,13438,0
KRMA.US,D,20200624,000000,21.633,21.87,21.23,21.593,20388,0
KRMA.US,D,20200625,000000,21.387,21.579,21.2,21.579,5945,0
KRMA.US,D,20200626,000000,21.307,21.442,21.035,21.035,4614,0
KRMA.US,D,20200629,000000,21.223,21.356,21.223,21.291,5187,0
KRMA.US,D,20200630,000000,21.381,21.856,21.381,21.856,8875,0
KRMA.US,D,20200701,000000,21.728,22.137,21.598,21.965,11491,0
KRMA.US,D,20200702,000000,21.846,22.133,21.846,22.064,7760,0
KRMA.US,D,20200706,000000,22.45,22.46,22.245,22.44,6806,0
KRMA.US,D,20200707,000000,22.321,22.361,22.188,22.331,7921,0
KRMA.US,D,20200708,000000,22.301,22.391,22.034,22.391,12137,0
KRMA.US,D,20200709,000000,22.213,22.658,21.945,22.243,12786,0
KRMA.US,D,20200710,000000,22.084,22.579,22.054,22.47,19250,0
KRMA.US,D,20200713,000000,22.44,22.994,22.2,22.282,13566,0
KRMA.US,D,20200714,000000,22.068,22.678,22.068,22.599,11949,0
KRMA.US,D,20200715,000000,22.885,23.113,22.728,22.826,24263,0
KRMA.US,D,20200716,000000,22.361,22.787,22.361,22.708,10999,0
KRMA.US,D,20200717,000000,22.648,23.025,22.648,23.025,14039,0
KRMA.US,D,20200720,000000,22.856,23.05,22.668,22.807,10445,0
KRMA.US,D,20200721,000000,23.138,23.213,22.971,23.052,15036,0
KRMA.US,D,20200722,000000,23.121,23.401,23.095,23.193,8323,0
KRMA.US,D,20200723,000000,23.233,23.242,22.956,23.004,3455,0
KRMA.US,D,20200724,000000,22.945,23.035,22.579,23.035,18919,0
KRMA.US,D,20200727,000000,22.926,23.075,22.896,23.075,20825,0
KRMA.US,D,20200728,000000,23.075,23.083,22.875,22.875,9402,0
KRMA.US,D,20200729,000000,22.876,23.223,22.876,23.223,1913,0
KRMA.US,D,20200730,000000,22.834,23.163,22.826,23.113,14729,0
KRMA.US,D,20200731,000000,23.096,23.292,22.936,23.292,8575,0
KRMA.US,D,20200803,000000,23.373,23.431,23.361,23.428,2283,0
KRMA.US,D,20200804,000000,23.46,23.47,23.332,23.47,8666,0
KRMA.US,D,20200805,000000,23.55,23.708,23.55,23.708,5371,0
KRMA.US,D,20200806,000000,23.56,23.748,23.56,23.748,6060,0
KRMA.US,D,20200807,000000,23.64,23.768,23.609,23.609,7398,0
KRMA.US,D,20200810,000000,23.768,23.926,23.768,23.827,13200,0
KRMA.US,D,20200811,000000,23.957,24.035,23.705,23.705,16056,0
KRMA.US,D,20200812,000000,24.046,24.075,23.975,23.985,5136,0
KRMA.US,D,20200813,000000,24.075,24.173,23.916,23.995,35168,0
KRMA.US,D,20200814,000000,23.995,24.123,23.957,23.957,8768,0
KRMA.US,D,20200817,000000,24.005,24.253,24.005,24.136,5713,0
KRMA.US,D,20200818,000000,24.143,24.163,23.964,24.105,8591,0
KRMA.US,D,20200819,000000,24.09,24.362,24.045,24.223,8794,0
KRMA.US,D,20200820,000000,23.618,24.015,23.58,23.985,12062,0
KRMA.US,D,20200821,000000,24.025,24.07,23.936,24.07,9589,0
KRMA.US,D,20200824,000000,24.193,24.292,24.193,24.276,4667,0
KRMA.US,D,20200825,000000,24.183,24.6,24.183,24.406,10760,0
KRMA.US,D,20200826,000000,24.475,24.678,24.47,24.47,4438,0
KRMA.US,D,20200827,000000,24.615,24.748,24.61,24.738,4408,0
KRMA.US,D,20200828,000000,24.758,24.758,24.702,24.758,4698,0
KRMA.US,D,20200831,000000,24.758,24.955,24.758,24.877,8880,0
KRMA.US,D,20200901,000000,24.753,25.173,24.753,25.173,12900,0
KRMA.US,D,20200902,000000,25.223,25.441,24.976,25.213,21779,0
KRMA.US,D,20200903,000000,24.698,24.708,24.362,24.449,10483,0
KRMA.US,D,20200904,000000,24.5,24.718,23.893,24.411,14952,0
KRMA.US,D,20200908,000000,23.946,24.045,23.58,23.698,23205,0
KRMA.US,D,20200909,000000,24.005,24.258,23.916,24.163,5744,0
KRMA.US,D,20200910,000000,24.203,24.273,23.702,23.702,5064,0
KRMA.US,D,20200911,000000,23.896,23.896,23.599,23.746,1325862,0
KRMA.US,D,20200914,000000,24.025,24.131,23.946,24.131,6647,0
KRMA.US,D,20200915,000000,24.233,24.312,24.154,24.154,1348577,0
KRMA.US,D,20200916,000000,24.312,24.372,24.153,24.153,8350,0
KRMA.US,D,20200917,000000,23.778,23.861,23.748,23.848,3878,0
KRMA.US,D,20200918,000000,23.896,23.896,23.525,23.658,7293,0
KRMA.US,D,20200921,000000,23.173,23.361,23.052,23.341,17712,0
KRMA.US,D,20200922,000000,23.52,23.618,23.361,23.618,22297,0
KRMA.US,D,20200923,000000,23.724,23.724,22.965,22.965,13596,0
KRMA.US,D,20200924,000000,22.787,23.317,22.787,23.131,19331,0
KRMA.US,D,20200925,000000,23.084,23.51,22.955,23.45,17048,0
KRMA.US,D,20200928,000000,23.802,23.946,23.787,23.946,7429,0
KRMA.US,D,20200929,000000,23.778,23.936,23.675,23.817,19168,0
KRMA.US,D,20200930,000000,23.985,24.123,23.857,24.075,5786,0
KRMA.US,D,20201001,000000,24.243,24.243,23.906,24.045,24111,0
KRMA.US,D,20201002,000000,23.89,24.123,23.839,23.936,6289,0
KRMA.US,D,20201005,000000,24.133,24.47,24.133,24.45,7322,0
KRMA.US,D,20201006,000000,24.332,24.54,24.055,24.055,12870,0
KRMA.US,D,20201007,000000,24.463,24.629,24.401,24.6,16819,0
KRMA.US,D,20201008,000000,24.732,24.757,24.726,24.748,3465,0
KRMA.US,D,20201009,000000,24.758,25.034,24.758,24.982,9562,0
KRMA.US,D,20201012,000000,25.085,25.415,25.085,25.34,3411,0
KRMA.US,D,20201013,000000,25.283,25.332,25.134,25.263,10581,0
KRMA.US,D,20201014,000000,25.322,25.322,25.055,25.095,7622,0
KRMA.US,D,20201015,000000,24.758,25.144,24.758,25.055,12768,0
KRMA.US,D,20201016,000000,25.183,25.253,25.085,25.115,12532,0
KRMA.US,D,20201019,000000,25.212,25.212,24.668,24.668,6023,0
KRMA.US,D,20201020,000000,24.724,25.163,24.724,24.877,11195,0
KRMA.US,D,20201021,000000,24.876,24.876,24.718,24.827,1997,0
KRMA.US,D,20201022,000000,24.837,24.945,24.658,24.945,6653,0
KRMA.US,D,20201023,000000,24.738,24.955,24.738,24.955,15336,0
KRMA.US,D,20201026,000000,24.688,24.738,24.243,24.362,30005,0
KRMA.US,D,20201027,000000,24.421,24.495,24.369,24.369,3545,0
KRMA.US,D,20201028,000000,24.034,24.034,23.56,23.618,21571,0
KRMA.US,D,20201029,000000,23.5,24.055,23.5,23.916,10338,0
KRMA.US,D,20201030,000000,23.857,23.857,23.361,23.58,5911,0
KRMA.US,D,20201102,000000,23.748,24.014,23.678,23.823,6011,0
KRMA.US,D,20201103,000000,23.847,24.49,23.847,24.263,13446,0
KRMA.US,D,20201104,000000,24.615,25.154,24.615,24.887,9954,0
KRMA.US,D,20201105,000000,25.233,25.402,25.203,25.283,12887,0
KRMA.US,D,20201106,000000,25.203,25.59,25.134,25.48,16345,0
KRMA.US,D,20201109,000000,26.125,26.382,25.688,25.758,11334,0
KRMA.US,D,20201110,000000,25.748,25.748,25.372,25.748,29084,0
KRMA.US,D,20201111,000000,25.698,25.698,25.581,25.649,7303,0
KRMA.US,D,20201112,000000,25.688,25.688,25.362,25.45,12045,0
KRMA.US,D,20201113,000000,25.708,25.995,25.706,25.995,9877,0
KRMA.US,D,20201116,000000,25.797,26.184,25.763,26.135,13101,0
KRMA.US,D,20201117,000000,26.045,26.263,25.937,25.946,11606,0
KRMA.US,D,20201118,000000,26.141,26.174,25.868,25.902,9362,0
KRMA.US,D,20201119,000000,25.783,25.812,25.738,25.748,5794,0
KRMA.US,D,20201120,000000,25.688,25.965,25.688,25.797,16048,0
KRMA.US,D,20201123,000000,25.797,25.95,25.797,25.913,8256,0
KRMA.US,D,20201124,000000,26.053,26.291,25.837,26.243,9813,0
KRMA.US,D,20201125,000000,26.223,26.382,26.115,26.382,9596,0
KRMA.US,D,20201127,000000,26.392,26.392,26.287,26.342,2285,0
KRMA.US,D,20201130,000000,26.53,26.53,26.025,26.233,18071,0
KRMA.US,D,20201201,000000,26.49,26.679,26.362,26.467,11016,0
KRMA.US,D,20201202,000000,26.462,26.58,26.352,26.457,34321,0
KRMA.US,D,20201203,000000,26.54,26.728,26.43,26.53,21553,0
KRMA.US,D,20201204,000000,26.632,26.877,26.57,26.63,41612,0
KRMA.US,D,20201207,000000,26.59,26.947,26.55,26.947,527981,0
KRMA.US,D,20201208,000000,26.723,26.832,26.531,26.795,19611,0
KRMA.US,D,20201209,000000,26.853,26.853,26.56,26.639,28644,0
KRMA.US,D,20201210,000000,26.63,26.758,26.53,26.679,14237,0
KRMA.US,D,20201211,000000,26.412,26.847,26.412,26.847,14079,0
KRMA.US,D,20201214,000000,26.778,28.322,26.302,28.322,35721,0
KRMA.US,D,20201215,000000,28.214,28.214,26.5,26.62,19310,0
KRMA.US,D,20201216,000000,26.719,26.937,26.719,26.798,26942,0
KRMA.US,D,20201217,000000,26.877,27.085,26.81,26.995,32466,0
KRMA.US,D,20201218,000000,27.244,27.244,26.738,26.857,17337,0
KRMA.US,D,20201221,000000,26.67,26.849,26.353,26.728,10278,0
KRMA.US,D,20201222,000000,26.728,26.868,26.659,26.758,23146,0
KRMA.US,D,20201223,000000,26.907,27.055,26.806,26.807,31210,0
KRMA.US,D,20201224,000000,26.798,26.817,26.72,26.775,11410,0
KRMA.US,D,20201228,000000,27.115,27.115,26.957,26.972,11137,0
KRMA.US,D,20201229,000000,27.075,27.214,26.867,26.887,15202,0
KRMA.US,D,20201230,000000,27.011,27.166,26.972,27.106,14608,0
KRMA.US,D,20201231,000000,27.046,27.255,26.847,27.186,27716,0
KRMA.US,D,20210104,000000,27.216,27.216,26.419,26.827,38495,0
KRMA.US,D,20210105,000000,26.747,27.076,26.747,27.076,10909,0
KRMA.US,D,20210106,000000,26.917,27.445,26.917,27.236,5972,0
KRMA.US,D,20210107,000000,27.426,27.674,27.426,27.445,134571,0
KRMA.US,D,20210108,000000,27.674,27.813,27.47,27.803,30140,0
KRMA.US,D,20210111,000000,27.793,27.793,27.505,27.694,22359,0
KRMA.US,D,20210112,000000,27.684,27.684,27.465,27.604,17259,0
KRMA.US,D,20210113,000000,27.593,27.764,27.534,27.714,25419,0
KRMA.US,D,20210114,000000,27.604,27.791,27.584,27.624,16851,0
KRMA.US,D,20210115,000000,27.544,27.624,27.395,27.624,18109,0
KRMA.US,D,20210119,000000,27.754,27.883,27.385,27.793,57729,0
KRMA.US,D,20210120,000000,27.923,28.112,27.923,28.062,18486,0
KRMA.US,D,20210121,000000,28.112,28.162,27.993,28.082,17832,0
KRMA.US,D,20210122,000000,27.983,28.062,27.823,27.943,17071,0
KRMA.US,D,20210125,000000,28.132,28.132,27.766,27.913,19918,0
KRMA.US,D,20210126,000000,28.142,28.142,27.903,27.953,15186,0
KRMA.US,D,20210127,000000,27.684,27.684,27.196,27.365,16312,0
KRMA.US,D,20210128,000000,27.425,27.913,27.425,27.654,21913,0
KRMA.US,D,20210129,000000,27.495,27.566,26.937,27.106,18609,0
KRMA.US,D,20210201,000000,27.544,27.564,27.166,27.425,15012,0
KRMA.US,D,20210202,000000,27.614,27.963,27.614,27.863,13273,0
KRMA.US,D,20210203,000000,27.793,27.853,27.684,27.793,30728,0
KRMA.US,D,20210204,000000,27.724,28.062,27.724,27.993,9102,0
KRMA.US,D,20210205,000000,28.202,28.311,28.052,28.1,6998,0
KRMA.US,D,20210208,000000,28.192,28.491,28.192,28.491,37563,0
KRMA.US,D,20210209,000000,28.252,28.431,28.247,28.282,21009,0
KRMA.US,D,20210210,000000,28.6,28.6,28.232,28.356,18466,0
KRMA.US,D,20210211,000000,28.57,28.57,28.222,28.341,24211,0
KRMA.US,D,20210212,000000,28.421,28.531,28.341,28.531,8864,0
KRMA.US,D,20210216,000000,28.73,28.839,28.381,28.491,34812,0
KRMA.US,D,20210217,000000,28.481,28.481,28.222,28.381,9172,0
KRMA.US,D,20210218,000000,28.272,28.421,28.104,28.351,17944,0
KRMA.US,D,20210219,000000,28.351,28.462,28.302,28.341,7065,0
KRMA.US,D,20210222,000000,28.491,28.491,28.112,28.172,16551,0
KRMA.US,D,20210223,000000,28.092,28.291,27.79,28.291,10515,0
KRMA.US,D,20210224,000000,28.037,28.471,28.037,28.471,24149,0
KRMA.US,D,20210225,000000,28.405,28.405,27.684,27.744,15266,0
KRMA.US,D,20210226,000000,27.948,27.983,27.548,27.654,13025,0
KRMA.US,D,20210301,000000,28.152,28.409,28.052,28.142,19350,0
KRMA.US,D,20210302,000000,28.162,28.322,27.943,27.943,9750,0
KRMA.US,D,20210303,000000,27.994,27.994,27.773,27.773,42739,0
KRMA.US,D,20210304,000000,27.574,27.883,27.146,27.375,11039,0
KRMA.US,D,20210305,000000,27.375,28.003,27.206,28.003,18230,0
KRMA.US,D,20210308,000000,27.893,28.331,27.873,28.052,56986,0
KRMA.US,D,20210309,000000,28.282,28.441,28.142,28.142,6127,0
KRMA.US,D,20210310,000000,28.142,28.491,28.142,28.371,31815,0
KRMA.US,D,20210311,000000,28.63,28.78,28.351,28.351,18156,0
KRMA.US,D,20210312,000000,28.565,28.79,28.511,28.78,208847,0
KRMA.US,D,20210315,000000,28.839,28.889,28.63,28.889,8742,0
KRMA.US,D,20210316,000000,29.014,29.308,28.829,28.909,12958,0
KRMA.US,D,20210317,000000,28.66,28.938,28.66,28.938,4150,0
KRMA.US,D,20210318,000000,28.899,28.919,28.59,28.598,15127,0
KRMA.US,D,20210319,000000,28.71,28.789,28.516,28.62,15565,0
KRMA.US,D,20210322,000000,28.59,28.871,28.59,28.8,5173,0
KRMA.US,D,20210323,000000,28.72,28.78,28.511,28.572,11460,0
KRMA.US,D,20210324,000000,28.57,28.75,28.491,28.531,23413,0
KRMA.US,D,20210325,000000,28.62,28.66,28.152,28.6,11990,0
KRMA.US,D,20210326,000000,28.71,28.999,28.7,28.999,6629,0
KRMA.US,D,20210329,000000,28.849,29.198,28.849,29.198,10251,0
KRMA.US,D,20210330,000000,29.387,29.387,28.869,28.909,41436,0
KRMA.US,D,20210331,000000,28.919,29.288,28.919,29.039,10718,0
KRMA.US,D,20210401,000000,29.069,29.367,29.069,29.318,14951,0
KRMA.US,D,20210405,000000,29.935,29.935,29.672,29.781,7300,0
KRMA.US,D,20210406,000000,29.826,29.877,29.656,29.676,40455,0
KRMA.US,D,20210407,000000,29.766,29.805,29.646,29.661,24982,0
KRMA.US,D,20210408,000000,29.776,29.885,29.735,29.865,12527,0
KRMA.US,D,20210409,000000,29.965,30.075,29.826,29.995,12625,0
KRMA.US,D,20210412,000000,30.164,30.164,29.925,29.925,26704,0
KRMA.US,D,20210413,000000,29.975,30.083,29.965,30.035,10471,0
KRMA.US,D,20210414,000000,30.164,30.164,29.885,29.915,20483,0
KRMA.US,D,20210415,000000,30.035,30.374,29.905,30.314,17673,0
KRMA.US,D,20210416,000000,30.339,30.463,30.314,30.433,7358,0
KRMA.US,D,20210419,000000,30.662,30.662,30.194,30.433,13201,0
KRMA.US,D,20210420,000000,30.284,30.289,29.965,30.164,13520,0
KRMA.US,D,20210421,000000,30.116,30.374,30.116,30.344,16014,0
KRMA.US,D,20210422,000000,30.383,30.423,30.115,30.144,14123,0
KRMA.US,D,20210423,000000,30.105,30.583,30.105,30.46,20942,0
KRMA.US,D,20210426,000000,30.383,30.652,30.383,30.553,23584,0
KRMA.US,D,20210427,000000,30.762,30.762,30.314,30.314,49412,0
KRMA.US,D,20210428,000000,30.383,30.513,30.374,30.383,12608,0
KRMA.US,D,20210429,000000,30.782,30.941,30.403,30.672,5895,0
KRMA.US,D,20210430,000000,30.652,30.652,30.314,30.369,9238,0
KRMA.US,D,20210503,000000,30.702,30.98,30.274,30.483,51424,0
KRMA.US,D,20210504,000000,30.159,30.272,30.025,30.229,9950,0
KRMA.US,D,20210505,000000,30.523,30.523,30.254,30.473,14921,0
KRMA.US,D,20210506,000000,30.413,30.493,30.184,30.493,22059,0
KRMA.US,D,20210507,000000,30.483,30.809,30.483,30.742,15780,0
KRMA.US,D,20210510,000000,30.852,30.862,30.524,30.692,25941,0
KRMA.US,D,20210511,000000,30.284,30.369,30.085,30.314,9295,0
KRMA.US,D,20210512,000000,30.144,30.144,29.567,29.596,41547,0
KRMA.US,D,20210513,000000,29.955,30.204,29.865,30.105,11875,0
KRMA.US,D,20210514,000000,30.433,30.593,30.433,30.553,13499,0
KRMA.US,D,20210517,000000,30.314,30.498,30.244,30.493,10462,0
KRMA.US,D,20210518,000000,30.613,30.613,30.194,30.194,13182,0
KRMA.US,D,20210519,000000,29.806,30.149,29.662,30.149,22718,0
KRMA.US,D,20210520,000000,30.055,30.478,30.055,30.344,11017,0
KRMA.US,D,20210521,000000,30.393,30.538,30.174,30.174,10360,0
KRMA.US,D,20210524,000000,30.443,30.712,30.443,30.603,12052,0
KRMA.US,D,20210525,000000,30.593,30.593,30.473,30.543,8966,0
KRMA.US,D,20210526,000000,30.494,30.593,30.49,30.503,106584,0
KRMA.US,D,20210527,000000,30.583,30.652,30.553,30.583,9248,0
KRMA.US,D,20210528,000000,30.633,30.882,30.626,30.882,20482,0
KRMA.US,D,20210601,000000,31.071,31.071,30.513,30.623,28455,0
KRMA.US,D,20210602,000000,30.523,30.692,30.523,30.672,4031,0
KRMA.US,D,20210603,000000,30.403,30.633,30.403,30.588,15656,0
KRMA.US,D,20210604,000000,30.935,30.935,30.692,30.832,20480,0
KRMA.US,D,20210607,000000,31.858,31.858,30.755,30.802,25280,0
KRMA.US,D,20210608,000000,30.812,31.021,30.812,31.021,9160,0
KRMA.US,D,20210609,000000,30.911,30.991,30.852,30.921,8358,0
KRMA.US,D,20210610,000000,31.051,31.081,30.941,31.029,19887,0
KRMA.US,D,20210611,000000,31.061,31.111,30.772,31.011,13387,0
KRMA.US,D,20210614,000000,30.941,31.141,30.941,31.141,9552,0
KRMA.US,D,20210615,000000,31.17,31.17,31.001,31.001,7729,0
KRMA.US,D,20210616,000000,31.131,31.131,30.767,30.951,13579,0
KRMA.US,D,20210617,000000,30.981,30.981,30.662,30.857,32852,0
KRMA.US,D,20210618,000000,30.814,30.814,30.383,30.383,14955,0
KRMA.US,D,20210621,000000,30.931,30.931,30.503,30.901,34101,0
KRMA.US,D,20210622,000000,31.051,31.051,30.804,31.001,12432,0
KRMA.US,D,20210623,000000,30.941,30.987,30.842,30.877,6915,0
KRMA.US,D,20210624,000000,31.021,31.091,31.001,31.036,19510,0
KRMA.US,D,20210625,000000,31.38,31.38,31.101,31.153,6472,0
KRMA.US,D,20210628,000000,31.609,31.609,31.141,31.29,8231,0
KRMA.US,D,20210629,000000,31.41,31.41,31.23,31.25,12109,0
KRMA.US,D,20210630,000000,31.07,31.2972,31.07,31.2972,15586,0
KRMA.US,D,20210701,000000,31.53,31.53,31.3032,31.4686,6410,0
KRMA.US,D,20210702,000000,31.6,31.68,31.46,31.64,11118,0
KRMA.US,D,20210706,000000,31.59,31.65,31.334,31.48,10436,0
KRMA.US,D,20210707,000000,31.52,31.86,31.52,31.86,7963,0
KRMA.US,D,20210708,000000,31.41,31.5999,31.35,31.47,4937,0
KRMA.US,D,20210709,000000,31.43,31.89,31.43,31.72,11225,0
KRMA.US,D,20210712,000000,31.81,31.94,31.81,31.89,4686,0
KRMA.US,D,20210713,000000,31.99,31.99,31.74,31.85,14895,0
KRMA.US,D,20210714,000000,31.9,31.969,31.65,31.84,24949,0
KRMA.US,D,20210715,000000,31.61,31.7472,31.61,31.65,176255,0
KRMA.US,D,20210716,000000,31.65,31.874,31.51,31.51,14783,0
KRMA.US,D,20210719,000000,31.28,31.32,30.88,31.11,30318,0
KRMA.US,D,20210720,000000,31.422,31.71,31.422,31.6456,11673,0
KRMA.US,D,20210721,000000,31.71,31.85,31.69,31.85,7408,0
KRMA.US,D,20210722,000000,31.95,31.95,31.73,31.9,4638,0
KRMA.US,D,20210723,000000,31.99,32.18,31.97,32.18,17293,0
KRMA.US,D,20210726,000000,32.01,32.3,32.01,32.24,7857,0
KRMA.US,D,20210727,000000,32.24,32.33,31.9,32,16720,0
KRMA.US,D,20210728,000000,32.21,32.3,31.9919,32.23,15298,0
KRMA.US,D,20210729,000000,32.272,32.49,32.272,32.385,5773,0
KRMA.US,D,20210730,000000,32.23,32.299,32.18,32.19,28018,0
KRMA.US,D,20210802,000000,32.47,32.47,32.1644,32.21,6682,0
KRMA.US,D,20210803,000000,32.13,32.3999,32.11,32.35,6434,0
KRMA.US,D,20210804,000000,32.37,32.47,32.23,32.34,8245,0
KRMA.US,D,20210805,000000,32.48,32.48,32.3401,32.48,21927,0
KRMA.US,D,20210806,000000,32.66,32.66,32.35,32.49,18983,0
KRMA.US,D,20210809,000000,32.58,32.58,32.36,32.4,19232,0
KRMA.US,D,20210810,000000,32.59,32.6,32.3961,32.6,18158,0
KRMA.US,D,20210811,000000,32.51,32.55,32.45,32.505,20681,0
KRMA.US,D,20210812,000000,32.78,32.78,32.4524,32.63,19291,0
KRMA.US,D,20210813,000000,32.63,32.77,32.63,32.77,33499,0
KRMA.US,D,20210816,000000,32.51,32.83,32.51,32.83,10984,0
KRMA.US,D,20210817,000000,32.67,32.85,32.41,32.63,15189,0
KRMA.US,D,20210818,000000,32.69,32.71,32.25,32.25,21053,0
KRMA.US,D,20210819,000000,32.05,32.38,32.05,32.35,33151,0
KRMA.US,D,20210820,000000,32.38,32.57,32.32,32.57,22940,0
KRMA.US,D,20210823,000000,32.81,32.86,32.67,32.79,66238,0
KRMA.US,D,20210824,000000,32.65,32.85,32.65,32.85,507824,0
KRMA.US,D,20210825,000000,32.7856,32.95,32.75,32.84,27715,0
KRMA.US,D,20210826,000000,33,33.045,32.63,32.86,18738,0
KRMA.US,D,20210827,000000,32.79,32.9799,32.74,32.94,18468,0
KRMA.US,D,20210830,000000,32.98,33.14,32.96,33.12,17741,0
KRMA.US,D,20210831,000000,33.03,33.0691,32.93,32.96,38265,0
KRMA.US,D,20210901,000000,33.14,33.16,32.97,32.97,20643,0
