<TICKER>,<PER>,<DATE>,<TIME>,<OPEN>,<HIGH>,<LOW>,<CLOSE>,<VOL>,<OPENINT>
LDSF.US,D,20190107,000000,19.334,19.334,19.334,19.334,420,0
LDSF.US,D,20190109,000000,19.42,19.42,19.334,19.334,1882,0
LDSF.US,D,20190111,000000,19.352,19.38,19.334,19.362,3657,0
LDSF.US,D,20190114,000000,19.353,19.353,19.353,19.353,323,0
LDSF.US,D,20190115,000000,19.344,19.344,19.315,19.334,12160,0
LDSF.US,D,20190116,000000,19.334,19.335,19.334,19.335,1168,0
LDSF.US,D,20190117,000000,19.353,19.362,19.353,19.362,7009,0
LDSF.US,D,20190118,000000,19.352,19.352,19.345,19.345,7909,0
LDSF.US,D,20190122,000000,19.361,19.361,19.361,19.361,188,0
LDSF.US,D,20190123,000000,19.381,19.381,19.345,19.371,4740,0
LDSF.US,D,20190124,000000,19.38,20.548,19.365,19.396,24775,0
LDSF.US,D,20190125,000000,19.371,19.401,19.371,19.396,9231,0
LDSF.US,D,20190129,000000,19.381,19.381,19.381,19.381,1899,0
LDSF.US,D,20190130,000000,19.391,19.391,19.391,19.391,521,0
LDSF.US,D,20190131,000000,19.362,19.362,19.362,19.362,1408,0
LDSF.US,D,20190201,000000,19.407,19.421,19.401,19.421,7988,0
LDSF.US,D,20190204,000000,19.422,19.451,19.416,19.431,17218,0
LDSF.US,D,20190205,000000,19.421,19.441,19.421,19.441,17314,0
LDSF.US,D,20190206,000000,19.44,19.514,19.421,19.469,27477,0
LDSF.US,D,20190207,000000,19.514,19.514,19.458,19.478,18107,0
LDSF.US,D,20190208,000000,19.638,19.638,19.421,19.487,66893,0
LDSF.US,D,20190211,000000,19.484,19.484,19.46,19.484,6034,0
LDSF.US,D,20190212,000000,19.484,19.494,19.455,19.494,45976,0
LDSF.US,D,20190213,000000,19.478,19.478,19.451,19.46,17287,0
LDSF.US,D,20190214,000000,19.522,19.552,19.494,19.504,38604,0
LDSF.US,D,20190215,000000,19.494,19.532,19.494,19.508,36980,0
LDSF.US,D,20190219,000000,19.514,19.522,19.511,19.522,51629,0
LDSF.US,D,20190220,000000,19.494,19.522,19.478,19.522,12452,0
LDSF.US,D,20190221,000000,19.638,20.019,19.494,19.504,117803,0
LDSF.US,D,20190222,000000,19.494,19.532,19.494,19.522,2860,0
LDSF.US,D,20190225,000000,19.658,19.658,19.504,19.561,6075,0
LDSF.US,D,20190226,000000,19.589,19.589,19.542,19.577,20019,0
LDSF.US,D,20190227,000000,19.571,19.589,19.543,19.589,2219,0
LDSF.US,D,20190228,000000,19.589,19.589,19.557,19.561,11541,0
LDSF.US,D,20190301,000000,19.688,19.688,19.552,19.571,25310,0
LDSF.US,D,20190304,000000,19.678,19.678,19.563,19.609,55574,0
LDSF.US,D,20190305,000000,19.588,19.589,19.552,19.574,24794,0
LDSF.US,D,20190306,000000,19.555,19.589,19.553,19.589,15845,0
LDSF.US,D,20190307,000000,19.57,19.58,19.557,19.565,20354,0
LDSF.US,D,20190308,000000,19.531,19.561,19.517,19.561,6923,0
LDSF.US,D,20190311,000000,19.552,19.552,19.551,19.552,5819,0
LDSF.US,D,20190312,000000,19.561,19.561,19.514,19.561,17155,0
LDSF.US,D,20190313,000000,19.688,19.688,19.567,19.567,32946,0
LDSF.US,D,20190314,000000,19.57,19.589,19.532,19.574,50581,0
LDSF.US,D,20190315,000000,19.583,19.589,19.571,19.589,26833,0
LDSF.US,D,20190318,000000,19.589,19.599,19.573,19.575,56301,0
LDSF.US,D,20190319,000000,19.599,19.599,19.584,19.584,23074,0
LDSF.US,D,20190320,000000,19.698,19.698,19.585,19.628,11970,0
LDSF.US,D,20190321,000000,19.629,19.629,19.61,19.61,8258,0
LDSF.US,D,20190322,000000,19.571,19.698,19.561,19.561,24850,0
LDSF.US,D,20190325,000000,19.638,19.638,19.552,19.552,2921,0
LDSF.US,D,20190326,000000,19.619,19.619,19.582,19.582,22590,0
LDSF.US,D,20190327,000000,19.618,19.618,19.576,19.609,40962,0
LDSF.US,D,20190328,000000,19.608,19.629,19.608,19.626,1980,0
LDSF.US,D,20190329,000000,19.599,19.599,19.584,19.584,18507,0
LDSF.US,D,20190401,000000,19.638,19.638,19.561,19.638,568,0
LDSF.US,D,20190402,000000,19.615,19.678,19.615,19.658,33855,0
LDSF.US,D,20190403,000000,19.609,19.648,19.589,19.648,9493,0
LDSF.US,D,20190404,000000,19.638,19.655,19.609,19.651,1643,0
LDSF.US,D,20190405,000000,19.688,19.688,19.671,19.671,2349,0
LDSF.US,D,20190408,000000,19.688,19.688,19.688,19.688,9052,0
LDSF.US,D,20190409,000000,19.698,19.698,19.688,19.69,31148,0
LDSF.US,D,20190410,000000,19.644,19.698,19.644,19.698,13631,0
LDSF.US,D,20190411,000000,19.726,19.727,19.692,19.708,30348,0
LDSF.US,D,20190412,000000,19.698,19.698,19.688,19.698,7107,0
LDSF.US,D,20190415,000000,19.67,19.708,19.666,19.666,3794,0
LDSF.US,D,20190416,000000,19.737,19.737,19.679,19.708,2533,0
LDSF.US,D,20190417,000000,20.043,20.043,19.678,19.688,59149,0
LDSF.US,D,20190418,000000,19.716,19.717,19.683,19.716,34367,0
LDSF.US,D,20190422,000000,19.688,19.698,19.674,19.674,3907,0
LDSF.US,D,20190423,000000,19.688,19.727,19.675,19.725,56849,0
LDSF.US,D,20190424,000000,19.719,19.727,19.688,19.696,30931,0
LDSF.US,D,20190425,000000,19.737,19.737,19.708,19.736,48956,0
LDSF.US,D,20190426,000000,19.737,19.737,19.713,19.737,20904,0
LDSF.US,D,20190430,000000,19.719,19.747,19.708,19.747,4576,0
LDSF.US,D,20190501,000000,19.756,19.766,19.708,19.756,81620,0
LDSF.US,D,20190502,000000,19.755,19.756,19.708,19.754,8247,0
LDSF.US,D,20190503,000000,19.751,19.756,19.736,19.756,36576,0
LDSF.US,D,20190506,000000,19.776,19.776,19.752,19.776,5352,0
LDSF.US,D,20190507,000000,19.776,19.776,19.742,19.742,14096,0
LDSF.US,D,20190508,000000,19.766,19.766,19.717,19.766,19511,0
LDSF.US,D,20190509,000000,19.73,19.824,19.727,19.747,70544,0
LDSF.US,D,20190510,000000,19.766,19.766,19.708,19.747,12515,0
LDSF.US,D,20190513,000000,19.756,19.756,19.737,19.737,21190,0
LDSF.US,D,20190514,000000,19.746,19.776,19.746,19.766,71917,0
LDSF.US,D,20190515,000000,19.765,19.776,19.599,19.737,48369,0
LDSF.US,D,20190516,000000,19.737,19.756,19.737,19.756,8117,0
LDSF.US,D,20190517,000000,19.756,19.766,19.756,19.766,7770,0
LDSF.US,D,20190520,000000,19.717,19.756,19.532,19.756,95326,0
LDSF.US,D,20190521,000000,19.756,19.756,19.75,19.75,3698,0
LDSF.US,D,20190522,000000,19.761,19.765,19.741,19.752,2273,0
LDSF.US,D,20190523,000000,19.742,19.766,19.722,19.747,5825,0
LDSF.US,D,20190524,000000,19.752,19.752,19.698,19.737,32958,0
LDSF.US,D,20190528,000000,19.738,19.776,19.723,19.727,12283,0
LDSF.US,D,20190529,000000,19.727,19.756,19.719,19.752,22159,0
LDSF.US,D,20190530,000000,19.747,19.756,19.738,19.751,2118,0
LDSF.US,D,20190531,000000,19.756,19.756,19.718,19.732,12149,0
LDSF.US,D,20190603,000000,19.764,19.785,19.727,19.737,16957,0
LDSF.US,D,20190604,000000,19.798,19.798,19.747,19.747,11097,0
LDSF.US,D,20190605,000000,19.814,19.814,19.814,19.814,706,0
LDSF.US,D,20190606,000000,19.854,19.854,19.773,19.773,6733,0
LDSF.US,D,20190607,000000,19.854,19.854,19.806,19.824,10405,0
LDSF.US,D,20190610,000000,19.812,19.834,19.776,19.834,27489,0
LDSF.US,D,20190611,000000,19.874,19.874,19.776,19.834,35505,0
LDSF.US,D,20190612,000000,19.824,19.854,19.799,19.844,27818,0
LDSF.US,D,20190613,000000,19.809,19.854,19.776,19.834,5649,0
LDSF.US,D,20190614,000000,19.795,19.862,19.795,19.854,18573,0
LDSF.US,D,20190617,000000,19.836,19.844,19.824,19.83,10230,0
LDSF.US,D,20190618,000000,19.863,19.863,19.805,19.817,8172,0
LDSF.US,D,20190619,000000,19.844,19.854,19.844,19.854,32209,0
LDSF.US,D,20190620,000000,19.893,19.902,19.872,19.902,9842,0
LDSF.US,D,20190621,000000,19.883,19.884,19.83,19.863,10514,0
LDSF.US,D,20190624,000000,19.884,19.893,19.857,19.893,6596,0
LDSF.US,D,20190625,000000,19.884,19.893,19.864,19.864,15744,0
LDSF.US,D,20190626,000000,19.884,19.884,19.835,19.884,16781,0
LDSF.US,D,20190627,000000,19.874,19.884,19.841,19.884,61007,0
LDSF.US,D,20190628,000000,19.866,19.866,19.847,19.847,2101,0
LDSF.US,D,20190701,000000,19.88,19.88,19.853,19.864,11169,0
LDSF.US,D,20190702,000000,19.86,19.884,19.86,19.873,14162,0
LDSF.US,D,20190703,000000,19.912,19.921,19.912,19.914,41398,0
LDSF.US,D,20190705,000000,19.97,19.97,19.844,19.864,77549,0
LDSF.US,D,20190708,000000,19.861,19.979,19.854,19.931,118805,0
LDSF.US,D,20190709,000000,19.888,19.902,19.879,19.884,9349,0
LDSF.US,D,20190710,000000,19.891,19.902,19.878,19.891,11844,0
LDSF.US,D,20190711,000000,19.885,19.902,19.885,19.888,31061,0
LDSF.US,D,20190712,000000,19.884,19.893,19.874,19.883,29982,0
LDSF.US,D,20190715,000000,20.036,20.036,19.874,19.912,23424,0
LDSF.US,D,20190716,000000,19.884,19.912,19.884,19.902,31848,0
LDSF.US,D,20190717,000000,19.891,19.912,19.891,19.912,5658,0
LDSF.US,D,20190718,000000,19.921,19.931,19.908,19.931,10745,0
LDSF.US,D,20190719,000000,19.908,19.931,19.893,19.921,13396,0
LDSF.US,D,20190722,000000,19.902,19.924,19.902,19.914,5473,0
LDSF.US,D,20190723,000000,19.893,19.902,19.893,19.902,10125,0
LDSF.US,D,20190724,000000,19.951,19.96,19.912,19.912,34363,0
LDSF.US,D,20190725,000000,20.036,20.036,19.931,19.931,57490,0
LDSF.US,D,20190726,000000,19.937,19.951,19.931,19.935,8499,0
LDSF.US,D,20190729,000000,19.941,19.97,19.941,19.956,19155,0
LDSF.US,D,20190730,000000,19.925,19.97,19.925,19.94,26771,0
LDSF.US,D,20190731,000000,19.96,19.96,19.951,19.951,16263,0
LDSF.US,D,20190801,000000,19.97,19.979,19.921,19.978,286588,0
LDSF.US,D,20190802,000000,19.999,19.999,19.961,19.988,299835,0
LDSF.US,D,20190805,000000,19.956,19.988,19.937,19.988,18137,0
LDSF.US,D,20190806,000000,19.965,19.997,19.952,19.968,9615,0
LDSF.US,D,20190807,000000,19.96,20.017,19.96,19.993,41161,0
LDSF.US,D,20190808,000000,19.961,19.997,19.961,19.966,8878,0
LDSF.US,D,20190809,000000,19.988,20.007,19.96,19.997,66745,0
LDSF.US,D,20190812,000000,19.979,19.988,19.965,19.988,5456,0
LDSF.US,D,20190813,000000,19.979,19.988,19.97,19.979,36449,0
LDSF.US,D,20190814,000000,19.96,20.007,19.96,19.979,24664,0
LDSF.US,D,20190815,000000,19.979,19.997,19.967,19.979,11500,0
LDSF.US,D,20190816,000000,20.036,20.036,19.931,19.993,28694,0
LDSF.US,D,20190819,000000,20.007,20.007,19.988,19.992,6035,0
LDSF.US,D,20190820,000000,19.965,20.007,19.951,19.951,30241,0
LDSF.US,D,20190821,000000,19.982,20.017,19.982,20.002,10077,0
LDSF.US,D,20190822,000000,19.96,20.017,19.96,19.982,3617,0
LDSF.US,D,20190823,000000,19.941,20.027,19.941,19.96,34466,0
LDSF.US,D,20190826,000000,19.984,20.018,19.984,19.986,3346,0
LDSF.US,D,20190827,000000,20.002,20.027,19.979,20.027,23020,0
LDSF.US,D,20190828,000000,20.023,20.036,19.988,20.036,20606,0
LDSF.US,D,20190829,000000,20.005,20.036,19.988,19.988,8238,0
LDSF.US,D,20190830,000000,20,20.036,19.979,20.027,16991,0
LDSF.US,D,20190903,000000,20.035,20.046,20.015,20.03,4583,0
LDSF.US,D,20190904,000000,20.036,20.066,20.007,20.056,5279,0
LDSF.US,D,20190905,000000,20.032,20.056,20.032,20.056,5378,0
LDSF.US,D,20190906,000000,20.046,20.046,20.023,20.046,12952,0
LDSF.US,D,20190909,000000,20.024,20.056,20.007,20.008,5706,0
LDSF.US,D,20190910,000000,20.038,20.046,20.027,20.046,10710,0
LDSF.US,D,20190911,000000,20.038,20.046,19.993,20.01,47696,0
LDSF.US,D,20190912,000000,20.056,20.066,19.988,20.038,12375,0
LDSF.US,D,20190913,000000,20.036,20.046,20.022,20.046,39707,0
LDSF.US,D,20190916,000000,20.011,20.046,20.011,20.011,13049,0
LDSF.US,D,20190917,000000,19.96,20.056,19.96,20.056,8540,0
LDSF.US,D,20190918,000000,20.055,20.066,19.979,20.065,40069,0
LDSF.US,D,20190919,000000,20.041,20.066,20.017,20.066,8587,0
LDSF.US,D,20190920,000000,20.066,20.076,20.017,20.066,50047,0
LDSF.US,D,20190923,000000,20.175,20.175,20.056,20.066,30040,0
LDSF.US,D,20190924,000000,20.066,20.095,20.058,20.085,19730,0
LDSF.US,D,20190925,000000,20.204,20.204,20.083,20.085,3182,0
LDSF.US,D,20190926,000000,20.085,20.095,20.027,20.095,100415,0
LDSF.US,D,20190927,000000,20.058,20.095,20.055,20.095,30612,0
LDSF.US,D,20190930,000000,20.076,20.135,20.076,20.095,19216,0
LDSF.US,D,20191001,000000,20.076,20.125,20.046,20.083,150229,0
LDSF.US,D,20191002,000000,20.114,20.125,20.074,20.125,28843,0
LDSF.US,D,20191003,000000,20.125,20.125,20.076,20.115,32390,0
LDSF.US,D,20191004,000000,20.145,20.155,20.115,20.145,27141,0
LDSF.US,D,20191007,000000,20.116,20.145,20.115,20.115,32848,0
LDSF.US,D,20191008,000000,20.233,20.233,20.105,20.135,23584,0
LDSF.US,D,20191009,000000,20.155,20.155,20.076,20.135,52697,0
LDSF.US,D,20191010,000000,20.085,20.125,20.076,20.076,13548,0
LDSF.US,D,20191011,000000,20.085,20.095,20.076,20.095,51351,0
LDSF.US,D,20191014,000000,20.085,20.105,20.046,20.085,50554,0
LDSF.US,D,20191015,000000,20.135,20.135,20.036,20.085,253244,0
LDSF.US,D,20191016,000000,20.061,20.085,20.028,20.044,7420,0
LDSF.US,D,20191017,000000,19.979,20.095,19.979,20.06,26384,0
LDSF.US,D,20191018,000000,20.095,20.095,20.046,20.046,7047,0
LDSF.US,D,20191021,000000,20.095,20.098,20.056,20.066,3876,0
LDSF.US,D,20191022,000000,20.08,20.095,20.075,20.085,15192,0
LDSF.US,D,20191023,000000,20.107,20.107,20.046,20.076,11141,0
LDSF.US,D,20191024,000000,20.125,20.125,20.068,20.104,10226,0
LDSF.US,D,20191025,000000,20.067,20.095,20.066,20.074,20223,0
LDSF.US,D,20191028,000000,20.055,20.095,20.054,20.076,26597,0
LDSF.US,D,20191029,000000,20.068,20.085,20.007,20.027,76434,0
LDSF.US,D,20191030,000000,20.017,20.095,19.997,20.095,56863,0
LDSF.US,D,20191031,000000,20.135,20.135,20.072,20.084,27674,0
LDSF.US,D,20191101,000000,20.175,20.175,20.085,20.125,91309,0
LDSF.US,D,20191104,000000,20.101,20.145,20.088,20.088,31612,0
LDSF.US,D,20191105,000000,20.036,20.135,20.036,20.115,50562,0
LDSF.US,D,20191106,000000,20.165,20.165,20.089,20.115,62391,0
LDSF.US,D,20191107,000000,20.115,20.125,20.077,20.081,36841,0
LDSF.US,D,20191108,000000,20.095,20.115,20.094,20.095,20688,0
LDSF.US,D,20191111,000000,20.103,20.125,20.087,20.105,40151,0
LDSF.US,D,20191112,000000,20.105,20.105,20.059,20.105,39841,0
LDSF.US,D,20191113,000000,20.105,20.105,20.098,20.105,7940,0
LDSF.US,D,20191114,000000,20.095,20.125,20.095,20.125,85303,0
LDSF.US,D,20191115,000000,20.194,20.194,20.097,20.135,22067,0
LDSF.US,D,20191118,000000,20.155,20.155,20.086,20.125,66060,0
LDSF.US,D,20191119,000000,20.243,20.243,19.999,20.12,291382,0
LDSF.US,D,20191120,000000,20.119,20.165,20.095,20.12,40520,0
LDSF.US,D,20191121,000000,20.129,20.165,20.095,20.125,17518,0
LDSF.US,D,20191122,000000,20.132,20.155,20.095,20.115,21344,0
LDSF.US,D,20191125,000000,20.102,20.175,20.102,20.135,74053,0
LDSF.US,D,20191126,000000,20.243,20.243,20.115,20.14,311642,0
LDSF.US,D,20191127,000000,20.272,20.272,20.105,20.155,62117,0
LDSF.US,D,20191129,000000,20.223,20.223,20.115,20.175,11132,0
LDSF.US,D,20191202,000000,20.282,20.282,20.126,20.14,47822,0
LDSF.US,D,20191203,000000,20.233,20.233,20.145,20.175,89495,0
LDSF.US,D,20191204,000000,20.253,20.253,20.105,20.16,151313,0
LDSF.US,D,20191205,000000,20.185,20.204,20.155,20.185,62673,0
LDSF.US,D,20191206,000000,20.253,20.253,20.125,20.185,71609,0
LDSF.US,D,20191209,000000,20.213,20.213,20.135,20.175,37866,0
LDSF.US,D,20191210,000000,20.204,20.263,20.165,20.189,105211,0
LDSF.US,D,20191211,000000,20.135,20.204,20.135,20.155,87004,0
LDSF.US,D,20191212,000000,20.145,20.204,20.145,20.18,152440,0
LDSF.US,D,20191213,000000,20.193,20.227,20.179,20.208,69885,0
LDSF.US,D,20191216,000000,20.198,20.228,20.186,20.198,54147,0
LDSF.US,D,20191217,000000,20.208,20.218,20.169,20.198,31711,0
LDSF.US,D,20191218,000000,20.327,20.327,20.169,20.193,42625,0
LDSF.US,D,20191219,000000,20.208,20.208,20.179,20.203,46902,0
LDSF.US,D,20191220,000000,20.208,20.208,20.129,20.181,53370,0
LDSF.US,D,20191223,000000,20.175,20.198,20.17,20.179,16424,0
LDSF.US,D,20191224,000000,20.198,20.218,20.149,20.184,35809,0
LDSF.US,D,20191226,000000,20.149,20.248,20.149,20.214,80312,0
LDSF.US,D,20191227,000000,20.297,20.297,20.192,20.238,40476,0
LDSF.US,D,20191230,000000,20.208,20.238,20.179,20.201,24496,0
LDSF.US,D,20191231,000000,20.287,20.287,20.173,20.203,5481,0
LDSF.US,D,20200102,000000,20.202,20.307,20.159,20.228,46283,0
LDSF.US,D,20200103,000000,20.169,20.277,20.169,20.239,28132,0
LDSF.US,D,20200106,000000,20.297,20.307,20.228,20.267,80524,0
LDSF.US,D,20200107,000000,20.337,20.337,20.208,20.255,135367,0
LDSF.US,D,20200108,000000,20.337,20.337,20.218,20.277,97068,0
LDSF.US,D,20200109,000000,20.277,20.287,20.228,20.267,82181,0
LDSF.US,D,20200110,000000,20.268,20.357,20.234,20.263,65395,0
LDSF.US,D,20200113,000000,20.287,20.294,20.238,20.292,41136,0
LDSF.US,D,20200114,000000,20.287,20.297,20.262,20.292,30871,0
LDSF.US,D,20200115,000000,20.301,20.307,20.267,20.298,76750,0
LDSF.US,D,20200116,000000,20.307,20.317,20.251,20.268,115394,0
LDSF.US,D,20200117,000000,20.271,20.317,20.248,20.277,107336,0
LDSF.US,D,20200121,000000,20.228,20.327,20.228,20.267,94343,0
LDSF.US,D,20200122,000000,20.379,20.379,20.269,20.294,87484,0
LDSF.US,D,20200123,000000,20.389,20.389,20.279,20.304,35800,0
LDSF.US,D,20200124,000000,20.289,20.329,20.289,20.319,23218,0
LDSF.US,D,20200127,000000,20.419,20.419,20.279,20.304,38654,0
LDSF.US,D,20200128,000000,20.359,20.359,20.259,20.294,104404,0
LDSF.US,D,20200129,000000,20.379,20.379,20.309,20.354,59266,0
LDSF.US,D,20200130,000000,20.319,20.369,20.319,20.354,25649,0
LDSF.US,D,20200131,000000,20.409,20.409,20.319,20.344,34927,0
LDSF.US,D,20200203,000000,20.309,20.379,20.309,20.352,11297,0
LDSF.US,D,20200204,000000,20.369,20.379,20.329,20.369,44173,0
LDSF.US,D,20200205,000000,20.32,20.369,20.319,20.359,134194,0
LDSF.US,D,20200206,000000,20.329,20.369,20.319,20.349,41400,0
LDSF.US,D,20200207,000000,20.345,20.369,20.316,20.339,39326,0
LDSF.US,D,20200210,000000,20.478,20.478,20.329,20.359,44224,0
LDSF.US,D,20200211,000000,20.359,20.389,20.333,20.374,49428,0
LDSF.US,D,20200212,000000,20.429,20.429,20.334,20.359,52344,0
LDSF.US,D,20200213,000000,20.429,20.429,20.339,20.355,34518,0
LDSF.US,D,20200214,000000,20.399,20.419,20.347,20.359,59306,0
LDSF.US,D,20200218,000000,20.356,21.008,20.356,20.399,170898,0
LDSF.US,D,20200219,000000,20.398,20.399,20.379,20.399,35449,0
LDSF.US,D,20200220,000000,20.409,20.496,20.289,20.339,254647,0
LDSF.US,D,20200221,000000,20.419,20.419,20.359,20.39,61792,0
LDSF.US,D,20200224,000000,20.428,20.428,20.359,20.399,35361,0
LDSF.US,D,20200225,000000,20.369,20.419,20.369,20.404,64689,0
LDSF.US,D,20200226,000000,20.418,20.449,20.369,20.389,35125,0
LDSF.US,D,20200227,000000,20.478,20.478,20.359,20.389,98976,0
LDSF.US,D,20200228,000000,20.359,20.42,20.319,20.369,194597,0
LDSF.US,D,20200302,000000,20.487,20.487,20.339,20.389,352407,0
LDSF.US,D,20200303,000000,20.449,20.487,20.409,20.454,65144,0
LDSF.US,D,20200304,000000,20.595,20.595,20.419,20.444,136872,0
LDSF.US,D,20200305,000000,20.565,20.565,20.399,20.444,66739,0
LDSF.US,D,20200306,000000,20.487,20.535,20.339,20.339,66344,0
LDSF.US,D,20200309,000000,20.319,20.397,19.457,20.279,191294,0
LDSF.US,D,20200310,000000,20.229,20.269,20.13,20.219,48226,0
LDSF.US,D,20200311,000000,20.18,20.289,20.116,20.14,77390,0
LDSF.US,D,20200312,000000,19.487,21.497,17.677,19.859,410609,0
LDSF.US,D,20200313,000000,18.973,19.963,18.973,19.81,193458,0
LDSF.US,D,20200316,000000,18.241,19.775,18.241,19.678,26889,0
LDSF.US,D,20200317,000000,19.459,19.627,19.459,19.516,39735,0
LDSF.US,D,20200318,000000,19.42,19.55,19.091,19.181,150458,0
LDSF.US,D,20200319,000000,19.041,19.121,18.806,18.936,37108,0
LDSF.US,D,20200320,000000,18.846,18.952,18.696,18.909,304475,0
LDSF.US,D,20200323,000000,18.746,18.875,18.342,18.701,193739,0
LDSF.US,D,20200324,000000,18.421,18.973,18.421,18.93,88241,0
LDSF.US,D,20200325,000000,18.756,19.17,18.746,19.084,103142,0
LDSF.US,D,20200326,000000,19.031,19.281,18.981,19.236,540999,0
LDSF.US,D,20200327,000000,19.4,19.42,19.201,19.41,102162,0
LDSF.US,D,20200330,000000,19.516,19.516,19.301,19.351,351415,0
LDSF.US,D,20200331,000000,19.516,19.525,19.38,19.41,40633,0
LDSF.US,D,20200401,000000,19.506,19.591,19.459,19.459,51892,0
LDSF.US,D,20200402,000000,19.39,19.615,19.39,19.565,8784,0
LDSF.US,D,20200403,000000,19.574,19.585,19.525,19.572,39644,0
LDSF.US,D,20200406,000000,19.825,19.825,19.525,19.525,37942,0
LDSF.US,D,20200407,000000,19.684,19.765,19.553,19.705,75154,0
LDSF.US,D,20200408,000000,19.845,19.845,19.67,19.775,50348,0
LDSF.US,D,20200409,000000,19.655,19.894,19.655,19.777,100799,0
LDSF.US,D,20200413,000000,19.715,19.855,19.715,19.82,45286,0
LDSF.US,D,20200414,000000,19.815,19.885,19.765,19.83,22274,0
LDSF.US,D,20200415,000000,19.825,19.865,19.715,19.779,93973,0
LDSF.US,D,20200416,000000,19.854,19.896,19.786,19.832,58677,0
LDSF.US,D,20200417,000000,19.846,19.895,19.795,19.87,55893,0
LDSF.US,D,20200420,000000,19.883,19.905,19.825,19.856,24329,0
LDSF.US,D,20200421,000000,19.715,19.875,19.715,19.835,48169,0
LDSF.US,D,20200422,000000,20.001,20.001,19.745,19.785,164361,0
LDSF.US,D,20200423,000000,19.829,19.875,19.796,19.815,14222,0
LDSF.US,D,20200424,000000,19.85,19.885,19.805,19.815,13004,0
LDSF.US,D,20200427,000000,19.84,19.875,19.785,19.82,47837,0
LDSF.US,D,20200428,000000,20.021,20.021,19.825,19.865,38507,0
LDSF.US,D,20200429,000000,19.735,19.935,19.735,19.868,12104,0
LDSF.US,D,20200430,000000,20.021,20.021,19.816,19.845,38972,0
LDSF.US,D,20200501,000000,19.915,19.915,19.835,19.905,94375,0
LDSF.US,D,20200504,000000,19.895,19.895,19.859,19.881,94268,0
LDSF.US,D,20200505,000000,19.88,19.905,19.845,19.885,25476,0
LDSF.US,D,20200506,000000,20.011,20.011,19.865,19.886,42099,0
LDSF.US,D,20200507,000000,19.945,19.955,19.855,19.925,194436,0
LDSF.US,D,20200508,000000,19.974,19.974,19.855,19.895,219749,0
LDSF.US,D,20200511,000000,19.964,19.964,19.865,19.915,42235,0
LDSF.US,D,20200512,000000,19.974,19.974,19.855,19.883,40393,0
LDSF.US,D,20200513,000000,20.001,20.001,19.865,19.881,19621,0
LDSF.US,D,20200514,000000,19.865,19.925,19.865,19.9,25238,0
LDSF.US,D,20200515,000000,19.9,19.935,19.895,19.915,22607,0
LDSF.US,D,20200518,000000,19.925,19.955,19.925,19.935,8887,0
LDSF.US,D,20200519,000000,19.875,19.983,19.875,19.96,24176,0
LDSF.US,D,20200520,000000,19.875,20.011,19.875,20.001,49386,0
LDSF.US,D,20200521,000000,20.011,20.021,19.964,20.021,11984,0
LDSF.US,D,20200522,000000,19.955,20.021,19.955,20.007,20879,0
LDSF.US,D,20200526,000000,20.05,20.05,19.991,19.998,25179,0
LDSF.US,D,20200527,000000,19.974,20.06,19.974,20.026,200059,0
LDSF.US,D,20200528,000000,20.06,20.11,20.011,20.035,67220,0
LDSF.US,D,20200529,000000,20.07,20.08,20.012,20.055,11150,0
LDSF.US,D,20200601,000000,20.069,20.09,20.033,20.075,10957,0
LDSF.US,D,20200602,000000,20.12,20.12,20.07,20.105,18907,0
LDSF.US,D,20200603,000000,20.17,20.17,20.08,20.115,48357,0
LDSF.US,D,20200604,000000,20.19,20.19,20.07,20.105,16139,0
LDSF.US,D,20200605,000000,20.06,20.154,20.06,20.125,28427,0
LDSF.US,D,20200608,000000,20.18,20.18,20.12,20.128,44662,0
LDSF.US,D,20200609,000000,20.09,20.18,20.09,20.135,52525,0
LDSF.US,D,20200610,000000,20.09,20.2,20.09,20.171,229678,0
LDSF.US,D,20200611,000000,20.13,20.17,20.09,20.09,87181,0
LDSF.US,D,20200612,000000,20.2,20.2,20.12,20.12,2802,0
LDSF.US,D,20200615,000000,20.17,20.18,20.07,20.165,28893,0
LDSF.US,D,20200616,000000,20.09,20.176,20.09,20.12,48105,0
LDSF.US,D,20200617,000000,20.21,20.21,20.12,20.13,6717,0
LDSF.US,D,20200618,000000,20.22,20.22,20.09,20.12,99424,0
LDSF.US,D,20200619,000000,20.2,20.2,20.09,20.09,3100,0
LDSF.US,D,20200622,000000,20.21,20.21,20.12,20.145,16090,0
LDSF.US,D,20200623,000000,20.163,20.169,20.12,20.145,38715,0
LDSF.US,D,20200624,000000,20.12,20.16,20.11,20.14,26932,0
LDSF.US,D,20200625,000000,20.08,20.14,20.08,20.11,26660,0
LDSF.US,D,20200626,000000,20.115,20.14,20.07,20.096,37896,0
LDSF.US,D,20200629,000000,20.18,20.18,20.06,20.088,87041,0
LDSF.US,D,20200630,000000,20.17,20.17,20.06,20.08,17960,0
LDSF.US,D,20200701,000000,20.108,20.15,20.08,20.1,120033,0
LDSF.US,D,20200702,000000,20.17,20.18,20.11,20.17,35704,0
LDSF.US,D,20200706,000000,20.165,20.2,20.13,20.14,32579,0
LDSF.US,D,20200707,000000,20.12,20.19,20.12,20.13,25880,0
LDSF.US,D,20200708,000000,20.19,20.19,20.13,20.16,18385,0
LDSF.US,D,20200709,000000,20.25,20.25,20.12,20.13,28769,0
LDSF.US,D,20200710,000000,20.178,20.184,20.14,20.165,18163,0
LDSF.US,D,20200713,000000,20.3,20.3,20.13,20.13,48558,0
LDSF.US,D,20200714,000000,20.13,20.21,20.13,20.16,42042,0
LDSF.US,D,20200715,000000,20.23,20.24,20.18,20.21,25078,0
LDSF.US,D,20200716,000000,20.16,20.25,20.16,20.17,80042,0
LDSF.US,D,20200717,000000,20.215,20.22,20.195,20.195,7127,0
LDSF.US,D,20200720,000000,20.3,20.3,20.2,20.245,144042,0
LDSF.US,D,20200721,000000,20.16,20.26,20.16,20.215,66653,0
LDSF.US,D,20200722,000000,20.31,20.31,20.24,20.265,14590,0
LDSF.US,D,20200723,000000,20.33,20.33,20.23,20.255,10362,0
LDSF.US,D,20200724,000000,20.35,20.35,20.23,20.255,17620,0
LDSF.US,D,20200727,000000,20.297,20.31,20.23,20.265,73962,0
LDSF.US,D,20200728,000000,20.288,20.3,20.27,20.285,16625,0
LDSF.US,D,20200729,000000,20.43,20.43,20.24,20.26,51831,0
LDSF.US,D,20200730,000000,20.21,20.32,20.21,20.3,19518,0
LDSF.US,D,20200731,000000,20.34,20.34,20.27,20.318,10481,0
LDSF.US,D,20200803,000000,20.27,20.34,20.27,20.28,195545,0
LDSF.US,D,20200804,000000,20.325,20.37,20.29,20.32,48003,0
LDSF.US,D,20200805,000000,20.32,20.35,20.32,20.35,28550,0
LDSF.US,D,20200806,000000,20.35,20.36,20.35,20.355,16297,0
LDSF.US,D,20200807,000000,20.35,20.41,20.32,20.34,23616,0
LDSF.US,D,20200810,000000,20.332,20.36,20.332,20.34,21329,0
LDSF.US,D,20200811,000000,20.37,20.37,20.26,20.295,168417,0
LDSF.US,D,20200812,000000,20.325,20.33,20.32,20.33,42472,0
LDSF.US,D,20200813,000000,20.28,20.32,20.25,20.285,149755,0
LDSF.US,D,20200814,000000,20.33,20.33,20.25,20.28,38658,0
LDSF.US,D,20200817,000000,20.35,20.35,20.25,20.25,33256,0
LDSF.US,D,20200818,000000,20.25,20.31,20.25,20.285,13659,0
LDSF.US,D,20200819,000000,20.35,20.35,20.26,20.288,35195,0
LDSF.US,D,20200820,000000,20.315,20.32,20.26,20.32,119735,0
LDSF.US,D,20200821,000000,20.22,20.28,20.22,20.246,25286,0
LDSF.US,D,20200824,000000,20.3,20.31,20.23,20.3,64128,0
LDSF.US,D,20200825,000000,20.316,20.34,20.25,20.265,27534,0
LDSF.US,D,20200826,000000,20.21,20.28,20.21,20.23,61336,0
LDSF.US,D,20200827,000000,20.23,20.26,20.2,20.23,18572,0
LDSF.US,D,20200828,000000,20.19,20.28,20.19,20.245,54974,0
LDSF.US,D,20200831,000000,20.32,20.32,20.24,20.293,29780,0
LDSF.US,D,20200901,000000,20.278,20.303,20.26,20.26,32965,0
LDSF.US,D,20200902,000000,20.32,20.35,20.294,20.35,24990,0
LDSF.US,D,20200903,000000,20.325,20.35,20.29,20.31,18733,0
LDSF.US,D,20200904,000000,20.35,20.377,20.25,20.3,43244,0
LDSF.US,D,20200908,000000,20.31,20.31,20.263,20.279,27956,0
LDSF.US,D,20200909,000000,20.285,20.3,20.26,20.28,19331,0
LDSF.US,D,20200910,000000,20.26,20.3,20.25,20.275,6798,0
LDSF.US,D,20200911,000000,20.3,20.31,20.281,20.3,11034,0
LDSF.US,D,20200914,000000,20.26,20.33,20.26,20.3,28004,0
LDSF.US,D,20200915,000000,20.314,20.34,20.294,20.328,20921,0
LDSF.US,D,20200916,000000,20.27,20.33,20.27,20.3,19283,0
LDSF.US,D,20200917,000000,20.33,20.34,20.27,20.3,21256,0
LDSF.US,D,20200918,000000,20.329,20.33,20.29,20.29,10533,0
LDSF.US,D,20200921,000000,20.27,20.32,20.27,20.28,21516,0
LDSF.US,D,20200922,000000,20.279,20.3,20.25,20.28,78664,0
LDSF.US,D,20200923,000000,20.29,20.29,20.25,20.255,14534,0
LDSF.US,D,20200924,000000,20.22,20.23,20.21,20.225,23308,0
LDSF.US,D,20200925,000000,20.2,20.23,20.2,20.2,33202,0
LDSF.US,D,20200928,000000,20.3,20.3,20.18,20.215,9850,0
LDSF.US,D,20200929,000000,20.15,20.24,20.15,20.24,35888,0
LDSF.US,D,20200930,000000,20.25,20.25,20.18,20.218,25291,0
LDSF.US,D,20201001,000000,20.17,20.237,20.17,20.22,14074,0
LDSF.US,D,20201002,000000,20.18,20.25,20.15,20.25,73872,0
LDSF.US,D,20201005,000000,20.205,20.25,20.2,20.225,12936,0
LDSF.US,D,20201006,000000,20.24,20.25,20.2,20.227,124745,0
LDSF.US,D,20201007,000000,20.18,20.25,20.18,20.25,17196,0
LDSF.US,D,20201008,000000,20.229,20.25,20.225,20.225,29127,0
LDSF.US,D,20201009,000000,20.254,20.3,20.23,20.232,6459,0
LDSF.US,D,20201012,000000,20.28,20.3,20.255,20.29,131510,0
LDSF.US,D,20201013,000000,20.268,20.28,20.223,20.25,32964,0
LDSF.US,D,20201014,000000,20.3,20.3,20.22,20.243,22609,0
LDSF.US,D,20201015,000000,20.3,20.3,20.232,20.25,67920,0
LDSF.US,D,20201016,000000,20.26,20.26,20.2,20.224,77809,0
LDSF.US,D,20201019,000000,20.26,20.26,20.22,20.235,15169,0
LDSF.US,D,20201020,000000,20.228,20.29,20.211,20.211,30669,0
LDSF.US,D,20201021,000000,20.225,20.259,20.2,20.235,28552,0
LDSF.US,D,20201022,000000,20.25,20.26,20.2,20.25,40783,0
LDSF.US,D,20201023,000000,20.28,20.29,20.2,20.29,18297,0
LDSF.US,D,20201026,000000,20.27,20.27,20.19,20.19,33957,0
LDSF.US,D,20201027,000000,20.19,20.26,20.19,20.2,56476,0
LDSF.US,D,20201028,000000,20.26,20.26,20.2,20.22,54648,0
LDSF.US,D,20201029,000000,20.17,20.23,20.16,20.21,41320,0
LDSF.US,D,20201030,000000,20.2,20.21,20.16,20.185,24888,0
LDSF.US,D,20201102,000000,20.189,20.22,20.14,20.2,19438,0
LDSF.US,D,20201103,000000,20.21,20.26,20.19,20.26,60579,0
LDSF.US,D,20201104,000000,20.284,20.31,20.25,20.28,15705,0
LDSF.US,D,20201105,000000,20.3,20.318,20.281,20.281,62754,0
LDSF.US,D,20201106,000000,20.28,20.33,20.28,20.325,28924,0
LDSF.US,D,20201109,000000,20.4,20.4,20.315,20.34,59712,0
LDSF.US,D,20201110,000000,20.34,20.35,20.305,20.32,31957,0
LDSF.US,D,20201111,000000,20.32,20.345,20.315,20.34,27562,0
LDSF.US,D,20201112,000000,20.35,20.36,20.34,20.345,13086,0
LDSF.US,D,20201113,000000,20.36,20.385,20.34,20.345,42018,0
LDSF.US,D,20201116,000000,20.36,20.36,20.32,20.35,158642,0
LDSF.US,D,20201117,000000,20.4,20.4,20.32,20.355,23289,0
LDSF.US,D,20201118,000000,20.39,20.39,20.333,20.362,19623,0
LDSF.US,D,20201119,000000,20.38,20.38,20.34,20.38,38614,0
LDSF.US,D,20201120,000000,20.31,20.38,20.31,20.36,34400,0
LDSF.US,D,20201123,000000,20.366,20.45,20.36,20.39,42672,0
LDSF.US,D,20201124,000000,20.35,20.38,20.31,20.345,102139,0
LDSF.US,D,20201125,000000,20.369,20.37,20.32,20.345,13220,0
LDSF.US,D,20201127,000000,20.38,20.38,20.355,20.355,2281,0
LDSF.US,D,20201130,000000,20.39,20.4,20.34,20.39,28904,0
LDSF.US,D,20201201,000000,20.41,20.41,20.355,20.39,17640,0
LDSF.US,D,20201202,000000,20.379,20.415,20.34,20.34,32095,0
LDSF.US,D,20201203,000000,20.4,20.48,20.341,20.4,22923,0
LDSF.US,D,20201204,000000,20.384,20.41,20.365,20.383,20702,0
LDSF.US,D,20201207,000000,20.39,20.408,20.37,20.395,26256,0
LDSF.US,D,20201208,000000,20.399,20.41,20.37,20.37,52115,0
LDSF.US,D,20201209,000000,20.42,20.42,20.35,20.36,24106,0
LDSF.US,D,20201210,000000,20.47,20.47,20.35,20.39,18502,0
LDSF.US,D,20201211,000000,20.35,20.4,20.35,20.36,14218,0
LDSF.US,D,20201214,000000,20.45,20.45,20.38,20.4,17658,0
LDSF.US,D,20201215,000000,20.41,20.42,20.37,20.41,91089,0
LDSF.US,D,20201216,000000,20.43,20.43,20.37,20.395,47884,0
LDSF.US,D,20201217,000000,20.45,20.45,20.39,20.43,33811,0
LDSF.US,D,20201218,000000,20.425,20.459,20.401,20.43,27988,0
LDSF.US,D,20201221,000000,20.45,20.45,20.38,20.45,104813,0
LDSF.US,D,20201222,000000,20.41,20.435,20.4,20.4,38354,0
LDSF.US,D,20201223,000000,20.421,20.45,20.4,20.4,25623,0
LDSF.US,D,20201224,000000,20.36,20.36,20.29,20.32,15167,0
LDSF.US,D,20201228,000000,20.31,20.36,20.304,20.36,13599,0
LDSF.US,D,20201229,000000,20.29,20.34,20.29,20.31,50292,0
LDSF.US,D,20201230,000000,20.326,20.35,20.302,20.326,18998,0
LDSF.US,D,20201231,000000,20.36,20.36,20.328,20.35,28066,0
LDSF.US,D,20210104,000000,20.323,20.35,20.323,20.34,20403,0
LDSF.US,D,20210105,000000,20.34,20.35,20.33,20.342,5000,0
LDSF.US,D,20210106,000000,20.345,20.36,20.32,20.335,43578,0
LDSF.US,D,20210107,000000,20.29,20.35,20.29,20.342,18795,0
LDSF.US,D,20210108,000000,20.37,20.38,20.343,20.38,81579,0
LDSF.US,D,20210111,000000,20.45,20.45,20.34,20.345,77806,0
LDSF.US,D,20210112,000000,20.34,20.36,20.31,20.36,63380,0
LDSF.US,D,20210113,000000,20.346,20.38,20.33,20.38,62817,0
LDSF.US,D,20210114,000000,20.32,20.38,20.32,20.32,53162,0
LDSF.US,D,20210115,000000,20.44,20.44,20.353,20.42,52096,0
LDSF.US,D,20210119,000000,20.33,20.39,20.33,20.37,152700,0
LDSF.US,D,20210120,000000,20.44,20.44,20.35,20.376,61534,0
LDSF.US,D,20210121,000000,20.385,20.4,20.37,20.386,31308,0
LDSF.US,D,20210122,000000,20.45,20.45,20.38,20.384,54320,0
LDSF.US,D,20210125,000000,20.38,20.42,20.38,20.39,85775,0
LDSF.US,D,20210126,000000,20.43,20.43,20.36,20.36,33378,0
LDSF.US,D,20210127,000000,20.35,20.39,20.34,20.34,48759,0
LDSF.US,D,20210128,000000,20.34,20.39,20.34,20.34,19658,0
LDSF.US,D,20210129,000000,20.34,20.38,19.124,20.31,471909,0
LDSF.US,D,20210201,000000,20.33,20.389,20.324,20.37,42607,0
LDSF.US,D,20210202,000000,20.37,20.4,20.31,20.35,147234,0
LDSF.US,D,20210203,000000,20.34,20.4,20.34,20.4,28053,0
LDSF.US,D,20210204,000000,20.34,20.39,20.34,20.355,92553,0
LDSF.US,D,20210205,000000,20.42,20.42,20.35,20.383,40619,0
LDSF.US,D,20210208,000000,20.376,20.42,20.35,20.38,72069,0
LDSF.US,D,20210209,000000,20.44,20.44,20.35,20.387,92707,0
LDSF.US,D,20210210,000000,20.35,20.43,20.35,20.395,55798,0
LDSF.US,D,20210211,000000,20.36,20.42,20.36,20.39,73801,0
LDSF.US,D,20210212,000000,20.4,20.4,20.36,20.399,34150,0
LDSF.US,D,20210216,000000,20.36,20.42,20.33,20.38,92690,0
LDSF.US,D,20210217,000000,20.27,20.38,20.27,20.365,263824,0
LDSF.US,D,20210218,000000,20.366,20.38,20.31,20.362,45479,0
LDSF.US,D,20210219,000000,20.32,20.37,20.32,20.37,30816,0
LDSF.US,D,20210222,000000,20.36,20.37,20.3,20.3,202152,0
LDSF.US,D,20210223,000000,20.45,20.45,20.26,20.28,142998,0
LDSF.US,D,20210224,000000,20.31,20.33,20.273,20.325,34515,0
LDSF.US,D,20210225,000000,20.43,20.43,20.16,20.16,39505,0
LDSF.US,D,20210226,000000,20.29,20.29,20.19,20.2,88265,0
LDSF.US,D,20210301,000000,20.32,20.32,20.23,20.29,15831,0
LDSF.US,D,20210302,000000,20.22,20.3,20.22,20.3,82224,0
LDSF.US,D,20210303,000000,20.23,20.27,20.22,20.27,34168,0
LDSF.US,D,20210304,000000,20.2,20.279,20.19,20.2,75761,0
LDSF.US,D,20210305,000000,20.22,20.22,20.17,20.191,29677,0
LDSF.US,D,20210308,000000,20.26,20.26,20.164,20.186,27957,0
LDSF.US,D,20210309,000000,20.168,20.23,20.16,20.16,52331,0
LDSF.US,D,20210310,000000,20.14,20.26,20.14,20.25,150048,0
LDSF.US,D,20210311,000000,20.18,20.26,20.18,20.26,109895,0
LDSF.US,D,20210312,000000,20.28,20.28,20.17,20.2,215169,0
LDSF.US,D,20210315,000000,20.13,20.25,20.13,20.25,411296,0
LDSF.US,D,20210316,000000,20.17,20.23,20.17,20.219,75501,0
LDSF.US,D,20210317,000000,20.18,20.23,20.172,20.211,62896,0
LDSF.US,D,20210318,000000,20.21,20.21,20.15,20.2,56027,0
LDSF.US,D,20210319,000000,20.27,20.27,20.14,20.14,35857,0
LDSF.US,D,20210322,000000,20.3,20.3,20.162,20.28,59791,0
LDSF.US,D,20210323,000000,20.16,20.22,20.16,20.21,41773,0
LDSF.US,D,20210324,000000,20.17,20.23,20.17,20.22,36954,0
LDSF.US,D,20210325,000000,20.191,20.2,20.173,20.173,26361,0
LDSF.US,D,20210326,000000,20.19,20.19,20.14,20.16,45058,0
LDSF.US,D,20210329,000000,20.22,20.22,20.14,20.17,47828,0
LDSF.US,D,20210330,000000,20.11,20.16,20.09,20.125,40316,0
LDSF.US,D,20210331,000000,20.21,20.21,20.11,20.15,54130,0
LDSF.US,D,20210401,000000,20.34,20.34,20.163,20.19,96486,0
LDSF.US,D,20210405,000000,20.18,20.209,20.18,20.195,33494,0
LDSF.US,D,20210406,000000,20.17,20.23,20.17,20.2,63697,0
LDSF.US,D,20210407,000000,20.3,20.3,20.17,20.2,82999,0
LDSF.US,D,20210408,000000,20.3,20.3,20.17,20.205,33229,0
LDSF.US,D,20210409,000000,20.26,20.26,20.171,20.195,25876,0
LDSF.US,D,20210412,000000,20.29,20.29,20.18,20.2,23642,0
LDSF.US,D,20210413,000000,20.18,20.231,20.18,20.21,42681,0
LDSF.US,D,20210414,000000,20.16,20.23,20.16,20.21,38784,0
LDSF.US,D,20210415,000000,20.33,20.33,20.2,20.24,29610,0
LDSF.US,D,20210416,000000,20.3,20.3,20.228,20.23,19115,0
LDSF.US,D,20210419,000000,20.235,20.24,20.19,20.225,50489,0
LDSF.US,D,20210420,000000,20.29,20.29,20.22,20.24,29597,0
LDSF.US,D,20210421,000000,20.28,20.28,20.2,20.25,64950,0
LDSF.US,D,20210422,000000,20.21,20.27,20.21,20.245,31139,0
LDSF.US,D,20210423,000000,20.22,20.26,20.21,20.235,37887,0
LDSF.US,D,20210426,000000,20.31,20.31,20.22,20.24,22821,0
LDSF.US,D,20210427,000000,20.31,20.31,20.212,20.25,63208,0
LDSF.US,D,20210428,000000,20.3,20.3,20.21,20.21,238185,0
LDSF.US,D,20210429,000000,20.29,20.29,20.21,20.26,22173,0
LDSF.US,D,20210430,000000,20.31,20.31,20.21,20.21,87555,0
LDSF.US,D,20210503,000000,20.31,20.31,20.22,20.22,95581,0
LDSF.US,D,20210504,000000,20.29,20.29,20.234,20.27,21177,0
LDSF.US,D,20210505,000000,20.27,20.28,20.22,20.24,161399,0
LDSF.US,D,20210506,000000,20.27,20.3,20.23,20.245,108934,0
LDSF.US,D,20210507,000000,20.31,20.31,20.26,20.31,19431,0
LDSF.US,D,20210510,000000,20.34,20.34,20.261,20.29,38820,0
LDSF.US,D,20210511,000000,20.26,20.27,20.26,20.27,52997,0
LDSF.US,D,20210512,000000,20.26,20.269,20.2,20.215,147540,0
LDSF.US,D,20210513,000000,20.29,20.29,20.2,20.23,90704,0
LDSF.US,D,20210514,000000,20.29,20.29,20.22,20.245,38295,0
LDSF.US,D,20210517,000000,20.2,20.27,20.2,20.27,162827,0
LDSF.US,D,20210518,000000,20.34,20.34,20.22,20.265,45593,0
LDSF.US,D,20210519,000000,20.2,20.27,20.2,20.26,21918,0
LDSF.US,D,20210520,000000,20.21,20.28,20.21,20.24,32081,0
LDSF.US,D,20210521,000000,20.2,20.25,20.19,20.24,31953,0
LDSF.US,D,20210524,000000,20.246,20.27,20.24,20.24,20029,0
LDSF.US,D,20210525,000000,20.28,20.28,20.23,20.26,14818,0
LDSF.US,D,20210526,000000,20.24,20.27,20.22,20.269,883568,0
LDSF.US,D,20210527,000000,20.259,20.279,20.23,20.26,133719,0
LDSF.US,D,20210528,000000,20.32,20.32,20.23,20.23,38351,0
LDSF.US,D,20210601,000000,20.29,20.29,20.23,20.28,39819,0
LDSF.US,D,20210602,000000,20.26,20.28,20.24,20.24,34748,0
LDSF.US,D,20210603,000000,20.24,20.28,20.24,20.252,70223,0
LDSF.US,D,20210604,000000,20.33,20.33,20.241,20.28,96867,0
LDSF.US,D,20210607,000000,20.26,20.29,20.25,20.26,9319,0
LDSF.US,D,20210608,000000,20.319,20.319,20.261,20.29,76797,0
LDSF.US,D,20210609,000000,20.36,20.36,20.29,20.298,16031,0
LDSF.US,D,20210610,000000,20.26,20.31,20.26,20.295,18982,0
LDSF.US,D,20210611,000000,20.36,20.36,20.28,20.3,37791,0
LDSF.US,D,20210614,000000,20.34,20.34,20.27,20.3,97644,0
LDSF.US,D,20210615,000000,20.26,20.3,20.25,20.3,120301,0
LDSF.US,D,20210616,000000,20.26,20.299,20.26,20.27,50982,0
LDSF.US,D,20210617,000000,20.29,20.29,20.25,20.265,21828,0
LDSF.US,D,20210618,000000,20.25,20.26,20.24,20.25,29423,0
LDSF.US,D,20210621,000000,20.22,20.27,20.21,20.245,83024,0
LDSF.US,D,20210622,000000,20.31,20.35,20.25,20.265,125511,0
LDSF.US,D,20210623,000000,20.2,20.28,20.2,20.25,22445,0
LDSF.US,D,20210624,000000,20.2,20.24,20.191,20.23,59223,0
LDSF.US,D,20210625,000000,20.28,20.28,20.18,20.19,21867,0
LDSF.US,D,20210628,000000,20.27,20.27,20.18,20.23,60155,0
LDSF.US,D,20210629,000000,20.21,20.25,20.2,20.24,85694,0
LDSF.US,D,20210630,000000,20.27,20.27,20.211,20.25,28525,0
LDSF.US,D,20210701,000000,20.32,20.32,20.2,20.241,104991,0
LDSF.US,D,20210702,000000,20.21,20.26,20.21,20.21,31178,0
LDSF.US,D,20210706,000000,20.23,20.27,20.21,20.235,27156,0
LDSF.US,D,20210707,000000,20.28,20.28,20.219,20.23,29986,0
LDSF.US,D,20210708,000000,20.25,20.25,20.201,20.24,25835,0
LDSF.US,D,20210709,000000,20.21,20.25,20.21,20.21,63366,0
LDSF.US,D,20210712,000000,20.21,20.25,20.21,20.24,30234,0
LDSF.US,D,20210713,000000,20.28,20.28,20.2,20.21,34610,0
LDSF.US,D,20210714,000000,20.18,20.24,20.18,20.225,162530,0
LDSF.US,D,20210715,000000,20.22,20.25,20.21,20.21,67784,0
LDSF.US,D,20210716,000000,20.34,20.34,20.2,20.23,56425,0
LDSF.US,D,20210719,000000,20.26,20.26,20.191,20.2,54287,0
LDSF.US,D,20210720,000000,20.25,20.25,20.201,20.23,46328,0
LDSF.US,D,20210721,000000,20.2,20.2499,20.2,20.225,51089,0
LDSF.US,D,20210722,000000,20.21,20.239,20.1901,20.215,14218,0
LDSF.US,D,20210723,000000,20.31,20.31,20.22,20.235,21525,0
LDSF.US,D,20210726,000000,20.3,20.3,20.21,20.21,28194,0
LDSF.US,D,20210727,000000,20.31,20.31,20.21,20.21,52526,0
LDSF.US,D,20210728,000000,20.25,20.26,20.2321,20.25,25694,0
LDSF.US,D,20210729,000000,20.22,20.28,20.22,20.235,40196,0
LDSF.US,D,20210730,000000,20.2,20.26,20.2,20.245,77085,0
LDSF.US,D,20210802,000000,20.31,20.31,20.23,20.23,214353,0
LDSF.US,D,20210803,000000,20.29,20.29,20.23,20.23,15761,0
LDSF.US,D,20210804,000000,20.21,20.28,20.21,20.25,30152,0
LDSF.US,D,20210805,000000,20.27,20.28,20.21,20.21,148505,0
LDSF.US,D,20210806,000000,20.21,20.24,20.21,20.21,24444,0
LDSF.US,D,20210809,000000,20.21,20.23,20.18,20.205,66042,0
LDSF.US,D,20210810,000000,20.18,20.23,20.18,20.1906,33240,0
LDSF.US,D,20210811,000000,20.18,20.229,20.18,20.205,211733,0
LDSF.US,D,20210812,000000,20.16,20.23,20.16,20.205,60540,0
LDSF.US,D,20210813,000000,20.24,20.24,20.1947,20.215,28589,0
LDSF.US,D,20210816,000000,20.24,20.2499,20.215,20.215,8489,0
LDSF.US,D,20210817,000000,20.24,20.24,20.18,20.21,37940,0
LDSF.US,D,20210818,000000,20.19,20.2223,20.19,20.21,15939,0
LDSF.US,D,20210819,000000,20.16,20.22,20.16,20.205,18415,0
LDSF.US,D,20210820,000000,20.2008,20.22,20.17,20.195,42970,0
LDSF.US,D,20210823,000000,20.17,20.22,20.17,20.205,23819,0
LDSF.US,D,20210824,000000,20.17,20.18,20.13,20.155,92834,0
LDSF.US,D,20210825,000000,20.15,20.219,20.15,20.2,164003,0
LDSF.US,D,20210826,000000,20.23,20.23,20.1619,20.199,30780,0
LDSF.US,D,20210827,000000,20.23,20.25,20.18,20.205,39106,0
LDSF.US,D,20210830,000000,20.16,20.23,20.16,20.23,52570,0
LDSF.US,D,20210831,000000,20.32,20.32,20.2,20.21,49516,0
LDSF.US,D,20210901,000000,20.18,20.259,20.18,20.25,34483,0
