<TICKER>,<PER>,<DATE>,<TIME>,<OPEN>,<HIGH>,<LOW>,<CLOSE>,<VOL>,<OPENINT>
LRGE.US,D,20170525,000000,25.142,25.142,25.142,25.142,606,0
LRGE.US,D,20170526,000000,25.112,25.112,25.112,25.112,101,0
LRGE.US,D,20170531,000000,25.023,25.023,25.023,25.023,203,0
LRGE.US,D,20170602,000000,25.537,25.537,25.537,25.537,403,0
LRGE.US,D,20170607,000000,25.492,25.492,25.492,25.492,203,0
LRGE.US,D,20170614,000000,25.349,25.379,25.349,25.369,1784,0
LRGE.US,D,20170626,000000,25.847,25.847,25.847,25.847,100,0
LRGE.US,D,20170707,000000,25.478,25.478,25.478,25.478,203,0
LRGE.US,D,20170710,000000,25.676,25.676,25.676,25.676,976,0
LRGE.US,D,20170711,000000,25.706,25.706,25.706,25.706,455,0
LRGE.US,D,20170717,000000,26.032,26.032,26.032,26.032,668,0
LRGE.US,D,20170728,000000,26.042,26.042,26.042,26.042,352,0
LRGE.US,D,20170905,000000,26.477,26.477,26.477,26.477,213,0
LRGE.US,D,20170928,000000,26.664,26.694,26.664,26.694,1012,0
LRGE.US,D,20171004,000000,27.03,27.03,27.03,27.03,511,0
LRGE.US,D,20171005,000000,27.109,27.109,27.109,27.109,436,0
LRGE.US,D,20171013,000000,27.163,27.247,27.163,27.247,529,0
LRGE.US,D,20171019,000000,27.386,27.386,27.386,27.386,249,0
LRGE.US,D,20171025,000000,27.17,27.17,27.17,27.17,511,0
LRGE.US,D,20171106,000000,27.554,27.581,27.554,27.581,403,0
LRGE.US,D,20171117,000000,27.841,27.841,27.841,27.841,1129,0
LRGE.US,D,20171121,000000,28.128,28.128,28.128,28.128,615,0
LRGE.US,D,20171127,000000,28.265,28.265,28.168,28.168,303,0
LRGE.US,D,20171130,000000,28.395,28.417,28.395,28.417,203,0
LRGE.US,D,20171207,000000,28.405,28.405,28.405,28.405,606,0
LRGE.US,D,20171213,000000,28.839,28.839,28.809,28.809,1471,0
LRGE.US,D,20171218,000000,29.296,29.296,29.296,29.296,253,0
LRGE.US,D,20171219,000000,29.265,29.265,29.221,29.221,343,0
LRGE.US,D,20171221,000000,29.236,29.236,29.126,29.126,1112,0
LRGE.US,D,20171222,000000,29.106,29.156,29.098,29.156,1700,0
LRGE.US,D,20171227,000000,29.116,29.116,29.116,29.116,252,0
LRGE.US,D,20171229,000000,29.236,29.236,29.166,29.166,1053,0
LRGE.US,D,20180102,000000,29.246,29.246,29.246,29.246,107,0
LRGE.US,D,20180103,000000,29.732,29.732,29.559,29.702,1334,0
LRGE.US,D,20180105,000000,30.019,30.019,30.007,30.007,693,0
LRGE.US,D,20180112,000000,30.543,30.543,30.543,30.543,352,0
LRGE.US,D,20180119,000000,30.674,30.683,30.674,30.683,203,0
LRGE.US,D,20180126,000000,31.557,31.647,31.557,31.634,484,0
LRGE.US,D,20180130,000000,30.942,31.094,30.897,31.094,1709,0
LRGE.US,D,20180131,000000,31.279,31.279,31.131,31.131,2842,0
LRGE.US,D,20180202,000000,30.843,30.843,30.585,30.585,6274,0
LRGE.US,D,20180205,000000,29.454,29.454,29.454,29.454,302,0
LRGE.US,D,20180206,000000,29.362,29.686,29.111,29.686,2225,0
LRGE.US,D,20180207,000000,30.039,30.039,29.772,29.772,221,0
LRGE.US,D,20180208,000000,29.007,29.007,28.759,28.759,3315,0
LRGE.US,D,20180209,000000,28.928,28.928,28.928,28.928,306,0
LRGE.US,D,20180212,000000,28.928,28.928,28.928,28.928,357,0
LRGE.US,D,20180214,000000,29.474,29.474,29.474,29.474,1222,0
LRGE.US,D,20180215,000000,29.842,29.842,29.842,29.842,633,0
LRGE.US,D,20180221,000000,30.267,30.267,30.267,30.267,101,0
LRGE.US,D,20180226,000000,30.783,30.783,30.752,30.752,1625,0
LRGE.US,D,20180307,000000,30.009,30.009,30.009,30.009,100,0
LRGE.US,D,20180309,000000,30.971,30.971,30.971,30.971,220,0
LRGE.US,D,20180312,000000,31.419,31.419,31.319,31.319,685,0
LRGE.US,D,20180314,000000,30.908,30.908,30.908,30.908,102,0
LRGE.US,D,20180321,000000,30.56,30.743,30.56,30.743,202,0
LRGE.US,D,20180322,000000,29.772,29.772,29.772,29.772,392,0
LRGE.US,D,20180323,000000,29.235,29.235,28.978,28.978,1225,0
LRGE.US,D,20180326,000000,29.408,29.408,29.408,29.408,872,0
LRGE.US,D,20180327,000000,29.146,29.146,29.146,29.146,100,0
LRGE.US,D,20180328,000000,29.066,29.066,29.066,29.066,100,0
LRGE.US,D,20180402,000000,28.968,28.968,28.968,28.968,676,0
LRGE.US,D,20180424,000000,29.712,29.712,29.672,29.672,353,0
LRGE.US,D,20180425,000000,29.697,29.697,29.697,29.697,202,0
LRGE.US,D,20180511,000000,31.369,31.369,31.359,31.359,1307,0
LRGE.US,D,20180515,000000,31.051,31.071,31.051,31.071,442,0
LRGE.US,D,20180522,000000,31.389,31.389,31.359,31.359,856,0
LRGE.US,D,20180523,000000,31.091,31.091,31.071,31.071,3118,0
LRGE.US,D,20180601,000000,31.482,31.482,31.482,31.482,342,0
LRGE.US,D,20180605,000000,31.637,31.637,31.637,31.637,127,0
LRGE.US,D,20180611,000000,31.975,32.073,31.961,32.073,835,0
LRGE.US,D,20180612,000000,32.143,32.16,32.143,32.153,1789,0
LRGE.US,D,20180613,000000,32.243,32.243,32.243,32.243,156,0
LRGE.US,D,20180614,000000,32.243,32.243,32.243,32.243,776,0
LRGE.US,D,20180618,000000,32.103,32.103,32.073,32.093,770,0
LRGE.US,D,20180619,000000,31.905,31.905,31.895,31.905,3019,0
LRGE.US,D,20180621,000000,31.905,31.905,31.905,31.905,504,0
LRGE.US,D,20180622,000000,31.687,31.815,31.687,31.815,674,0
LRGE.US,D,20180625,000000,31.627,31.627,31.071,31.071,1462,0
LRGE.US,D,20180629,000000,31.309,31.309,31.28,31.28,1245,0
LRGE.US,D,20180702,000000,31.091,31.229,31.091,31.229,282,0
LRGE.US,D,20180703,000000,31.2,31.2,31.151,31.152,815,0
LRGE.US,D,20180705,000000,31.259,31.259,31.249,31.249,839,0
LRGE.US,D,20180709,000000,31.977,31.977,31.977,31.977,667,0
LRGE.US,D,20180710,000000,32.143,32.143,32.143,32.143,110,0
LRGE.US,D,20180711,000000,32.053,32.093,32.053,32.093,943,0
LRGE.US,D,20180716,000000,32.758,32.758,32.59,32.608,2791,0
LRGE.US,D,20180717,000000,32.748,32.748,32.748,32.748,242,0
LRGE.US,D,20180718,000000,32.837,32.837,32.837,32.837,580,0
LRGE.US,D,20180720,000000,32.808,32.808,32.808,32.808,555,0
LRGE.US,D,20180723,000000,32.906,32.906,32.906,32.906,1140,0
LRGE.US,D,20180725,000000,33.076,33.294,33.062,33.294,2640,0
LRGE.US,D,20180726,000000,33.244,33.244,33.194,33.212,846,0
LRGE.US,D,20180727,000000,33.214,33.214,32.788,32.788,5145,0
LRGE.US,D,20180730,000000,32.609,32.609,32.609,32.609,584,0
LRGE.US,D,20180801,000000,32.54,32.541,32.54,32.541,509,0
LRGE.US,D,20180803,000000,32.793,32.837,32.793,32.837,8957,0
LRGE.US,D,20180806,000000,32.867,32.867,32.867,32.867,2119,0
LRGE.US,D,20180808,000000,33.086,33.135,33.058,33.125,2210,0
LRGE.US,D,20180809,000000,33.125,33.224,33.125,33.184,2058,0
LRGE.US,D,20180810,000000,32.956,32.956,32.886,32.886,1667,0
LRGE.US,D,20180813,000000,33.006,33.006,32.723,32.744,1111,0
LRGE.US,D,20180814,000000,32.966,32.966,32.966,32.966,697,0
LRGE.US,D,20180816,000000,32.797,32.797,32.718,32.738,1928,0
LRGE.US,D,20180817,000000,32.639,32.639,32.639,32.639,550,0
LRGE.US,D,20180820,000000,32.748,32.748,32.748,32.748,541,0
LRGE.US,D,20180821,000000,32.926,32.936,32.926,32.936,922,0
LRGE.US,D,20180822,000000,32.94,32.94,32.94,32.94,200,0
LRGE.US,D,20180823,000000,32.946,32.946,32.946,32.946,2519,0
LRGE.US,D,20180827,000000,33.452,33.452,33.452,33.452,102,0
LRGE.US,D,20180828,000000,33.651,33.651,33.583,33.617,992,0
LRGE.US,D,20180829,000000,33.671,33.671,33.671,33.671,289,0
LRGE.US,D,20180830,000000,33.909,33.909,33.709,33.709,660,0
LRGE.US,D,20180831,000000,33.717,33.78,33.663,33.691,1977,0
LRGE.US,D,20180905,000000,33.552,33.552,33.361,33.361,972,0
LRGE.US,D,20180906,000000,33.462,33.462,33.184,33.184,429,0
LRGE.US,D,20180914,000000,33.771,33.771,33.771,33.771,173,0
LRGE.US,D,20180917,000000,33.408,33.408,33.403,33.403,2826,0
LRGE.US,D,20180919,000000,33.452,33.452,33.452,33.452,100,0
LRGE.US,D,20180921,000000,33.74,33.86,33.582,33.585,5320,0
LRGE.US,D,20180924,000000,33.592,33.592,33.592,33.592,123,0
LRGE.US,D,20180925,000000,33.592,33.592,33.592,33.592,120,0
LRGE.US,D,20180927,000000,33.929,33.933,33.929,33.933,638,0
LRGE.US,D,20181001,000000,33.978,33.978,33.969,33.969,3703,0
LRGE.US,D,20181002,000000,33.71,33.774,33.71,33.774,1110,0
LRGE.US,D,20181004,000000,33.592,33.592,33.373,33.373,2326,0
LRGE.US,D,20181005,000000,32.996,32.996,32.996,32.996,506,0
LRGE.US,D,20181008,000000,32.859,32.859,32.859,32.859,228,0
LRGE.US,D,20181010,000000,32.019,32.034,31.905,31.905,2087,0
LRGE.US,D,20181011,000000,31.259,31.259,31.091,31.101,3532,0
LRGE.US,D,20181012,000000,31.459,31.687,31.458,31.687,1214,0
LRGE.US,D,20181015,000000,31.73,31.73,31.73,31.73,100,0
LRGE.US,D,20181016,000000,32.024,32.024,32.024,32.024,712,0
LRGE.US,D,20181018,000000,31.617,31.617,31.617,31.617,211,0
LRGE.US,D,20181022,000000,31.597,31.622,31.589,31.622,1990,0
LRGE.US,D,20181024,000000,31.133,31.133,31.133,31.133,100,0
LRGE.US,D,20181025,000000,30.605,30.605,30.475,30.475,608,0
LRGE.US,D,20181026,000000,30.069,30.296,30.069,30.165,30150,0
LRGE.US,D,20181029,000000,30.167,30.167,29.772,29.772,1890,0
LRGE.US,D,20181030,000000,30.391,30.391,30.187,30.391,3276,0
LRGE.US,D,20181031,000000,31.203,31.247,31.203,31.247,1588,0
LRGE.US,D,20181102,000000,31.259,31.259,31.259,31.259,685,0
LRGE.US,D,20181105,000000,31.468,31.468,31.161,31.161,2023,0
LRGE.US,D,20181106,000000,31.498,31.498,31.402,31.459,7359,0
LRGE.US,D,20181107,000000,31.945,32.279,31.885,32.279,4977,0
LRGE.US,D,20181108,000000,32.282,32.282,32.093,32.093,1784,0
LRGE.US,D,20181109,000000,31.801,31.801,31.801,31.801,242,0
LRGE.US,D,20181112,000000,31.439,31.439,31.171,31.171,1685,0
LRGE.US,D,20181113,000000,31.101,31.389,31.013,31.013,4426,0
LRGE.US,D,20181114,000000,30.923,30.944,30.923,30.944,2160,0
LRGE.US,D,20181115,000000,30.902,31.259,30.902,31.259,383,0
LRGE.US,D,20181116,000000,31.409,31.419,31.299,31.346,2503,0
LRGE.US,D,20181119,000000,30.513,30.635,30.513,30.635,487,0
LRGE.US,D,20181123,000000,30.157,30.162,30.069,30.075,832,0
LRGE.US,D,20181127,000000,30.635,30.733,30.538,30.733,1525,0
LRGE.US,D,20181129,000000,31.598,31.598,31.598,31.598,217,0
LRGE.US,D,20181130,000000,31.789,31.789,31.789,31.789,862,0
LRGE.US,D,20181203,000000,32.381,32.381,32.233,32.233,1770,0
LRGE.US,D,20181204,000000,31.577,31.587,31.189,31.189,2231,0
LRGE.US,D,20181206,000000,30.993,30.993,30.832,30.96,644,0
LRGE.US,D,20181210,000000,30.187,30.773,30.179,30.773,939,0
LRGE.US,D,20181212,000000,31.266,31.386,31.266,31.386,1133,0
LRGE.US,D,20181214,000000,30.435,30.489,30.435,30.489,789,0
LRGE.US,D,20181217,000000,29.592,29.592,29.582,29.582,947,0
LRGE.US,D,20181218,000000,29.932,29.932,29.822,29.842,1284,0
LRGE.US,D,20181219,000000,30.018,30.018,29.086,29.266,14531,0
LRGE.US,D,20181220,000000,29.236,29.236,28.71,28.828,3028,0
LRGE.US,D,20181221,000000,28.66,28.66,28.142,28.142,4124,0
LRGE.US,D,20181224,000000,27.558,27.638,27.448,27.448,11380,0
LRGE.US,D,20181226,000000,27.042,27.042,26.854,26.893,577,0
LRGE.US,D,20181227,000000,27.786,27.786,27.638,27.667,83653,0
LRGE.US,D,20181228,000000,28.54,28.54,28.412,28.442,3449,0
LRGE.US,D,20181231,000000,28.448,28.448,28.432,28.432,1026,0
LRGE.US,D,20190102,000000,28.282,28.342,28.282,28.342,573,0
LRGE.US,D,20190103,000000,28.312,28.312,28.312,28.312,275,0
LRGE.US,D,20190107,000000,29.632,29.632,29.504,29.504,10605,0
LRGE.US,D,20190108,000000,29.734,29.734,29.701,29.723,734,0
LRGE.US,D,20190109,000000,30,30.033,29.916,30.03,16608,0
LRGE.US,D,20190110,000000,30.059,30.1,30.03,30.079,1615,0
LRGE.US,D,20190111,000000,29.97,30.09,29.948,30.09,1309,0
LRGE.US,D,20190114,000000,29.92,30,29.92,29.97,4089,0
LRGE.US,D,20190115,000000,30.288,30.386,30.178,30.288,1661,0
LRGE.US,D,20190116,000000,30.526,30.526,30.436,30.465,1779,0
LRGE.US,D,20190118,000000,30.994,30.996,30.994,30.996,312,0
LRGE.US,D,20190122,000000,30.684,30.694,30.646,30.646,5780,0
LRGE.US,D,20190123,000000,30.297,30.387,30.297,30.387,352,0
LRGE.US,D,20190124,000000,30.476,30.476,30.333,30.392,18259,0
LRGE.US,D,20190130,000000,30.466,30.466,30.466,30.466,2519,0
LRGE.US,D,20190201,000000,31.163,31.163,31.163,31.163,112,0
LRGE.US,D,20190204,000000,31.37,31.37,31.37,31.37,1028,0
LRGE.US,D,20190205,000000,31.737,31.737,31.737,31.737,27402,0
LRGE.US,D,20190206,000000,31.62,31.668,31.568,31.568,3245,0
LRGE.US,D,20190207,000000,31.38,31.38,31.081,31.082,2300,0
LRGE.US,D,20190208,000000,31.042,31.192,31.042,31.192,41373,0
LRGE.US,D,20190211,000000,31.32,31.32,31.29,31.29,292,0
LRGE.US,D,20190212,000000,31.608,31.816,31.588,31.816,21031,0
LRGE.US,D,20190213,000000,31.849,31.896,31.849,31.896,282,0
LRGE.US,D,20190214,000000,31.678,31.866,31.678,31.866,8602,0
LRGE.US,D,20190215,000000,31.976,31.976,31.976,31.976,70385,0
LRGE.US,D,20190219,000000,32.035,32.234,32.035,32.164,386548,0
LRGE.US,D,20190220,000000,32.162,32.184,31.989,32.114,932262,0
LRGE.US,D,20190221,000000,31.996,32.021,31.886,31.926,843562,0
LRGE.US,D,20190222,000000,32.11,32.224,32.074,32.074,153890,0
LRGE.US,D,20190225,000000,32.321,32.432,32.283,32.323,878475,0
LRGE.US,D,20190226,000000,32.315,32.422,32.293,32.332,170879,0
LRGE.US,D,20190227,000000,32.214,32.372,32.164,32.369,7544,0
LRGE.US,D,20190228,000000,32.313,32.361,32.234,32.293,5508,0
LRGE.US,D,20190301,000000,32.323,32.482,32.283,32.452,16601,0
LRGE.US,D,20190304,000000,32.7,32.7,32.085,32.174,16501,0
LRGE.US,D,20190305,000000,32.164,32.342,32.134,32.264,12433,0
LRGE.US,D,20190306,000000,32.194,32.372,32.033,32.033,8548,0
LRGE.US,D,20190307,000000,31.946,31.956,31.638,31.708,25530,0
LRGE.US,D,20190308,000000,31.36,31.648,31.36,31.648,15481,0
LRGE.US,D,20190311,000000,31.926,32.323,31.926,32.323,24313,0
LRGE.US,D,20190312,000000,32.462,32.601,32.254,32.462,35008,0
LRGE.US,D,20190313,000000,32.73,32.888,32.72,32.78,22037,0
LRGE.US,D,20190314,000000,32.67,32.796,32.67,32.74,6715,0
LRGE.US,D,20190315,000000,32.829,32.918,32.74,32.853,9811,0
LRGE.US,D,20190318,000000,32.928,32.938,32.79,32.932,15061,0
LRGE.US,D,20190319,000000,33.176,33.216,32.884,32.884,23110,0
LRGE.US,D,20190320,000000,32.952,33.216,32.819,33.067,11914,0
LRGE.US,D,20190321,000000,32.974,33.325,32.958,33.306,18309,0
LRGE.US,D,20190322,000000,33.028,33.196,32.581,32.581,13742,0
LRGE.US,D,20190325,000000,32.502,32.511,32.309,32.38,11140,0
LRGE.US,D,20190326,000000,32.81,32.819,32.591,32.687,11563,0
LRGE.US,D,20190327,000000,32.74,32.74,32.304,32.497,21887,0
LRGE.US,D,20190328,000000,32.576,32.69,32.472,32.62,15422,0
LRGE.US,D,20190329,000000,32.958,32.958,32.72,32.889,16124,0
LRGE.US,D,20190401,000000,33.276,33.356,33.192,33.356,3786,0
LRGE.US,D,20190402,000000,33.33,33.434,33.316,33.434,32574,0
LRGE.US,D,20190403,000000,33.658,33.738,33.494,33.553,5969,0
LRGE.US,D,20190404,000000,33.653,33.653,33.448,33.574,14532,0
LRGE.US,D,20190405,000000,33.772,33.782,33.683,33.736,12855,0
LRGE.US,D,20190408,000000,33.822,33.822,33.649,33.742,7369,0
LRGE.US,D,20190409,000000,33.782,33.842,33.673,33.673,11355,0
LRGE.US,D,20190410,000000,33.812,33.842,33.769,33.788,23178,0
LRGE.US,D,20190411,000000,34,34,33.723,33.742,12994,0
LRGE.US,D,20190412,000000,34.07,34.08,33.941,34.07,8339,0
LRGE.US,D,20190415,000000,34,34.11,33.971,34.072,14974,0
LRGE.US,D,20190416,000000,34.308,34.308,34.08,34.202,10353,0
LRGE.US,D,20190417,000000,34.278,34.288,34.152,34.244,10809,0
LRGE.US,D,20190418,000000,34.358,34.358,34.12,34.298,31505,0
LRGE.US,D,20190422,000000,34.219,34.418,34.219,34.418,16652,0
LRGE.US,D,20190423,000000,34.675,34.874,34.628,34.844,47076,0
LRGE.US,D,20190424,000000,34.914,34.914,34.765,34.775,29571,0
LRGE.US,D,20190425,000000,34.974,35.023,34.809,35.003,37331,0
LRGE.US,D,20190426,000000,35.082,35.082,34.777,35.063,48928,0
LRGE.US,D,20190429,000000,35.162,35.251,35.092,35.192,36616,0
LRGE.US,D,20190430,000000,35.102,35.112,34.894,35.092,25528,0
LRGE.US,D,20190501,000000,35.112,35.142,34.844,34.844,45400,0
LRGE.US,D,20190502,000000,34.804,34.904,34.477,34.638,33554,0
LRGE.US,D,20190503,000000,34.954,35.102,34.924,35.082,46700,0
LRGE.US,D,20190506,000000,34.477,35.003,34.415,34.914,39997,0
LRGE.US,D,20190507,000000,34.646,34.646,34.078,34.258,23592,0
LRGE.US,D,20190508,000000,34.278,34.517,34.251,34.408,34727,0
LRGE.US,D,20190509,000000,34.08,34.209,33.759,34.178,40362,0
LRGE.US,D,20190510,000000,33.693,34.437,33.594,34.308,40851,0
LRGE.US,D,20190513,000000,33.624,33.624,33.147,33.176,33167,0
LRGE.US,D,20190514,000000,33.464,33.812,33.464,33.634,17778,0
LRGE.US,D,20190515,000000,33.722,34.04,33.555,34.003,16344,0
LRGE.US,D,20190516,000000,33.931,34.507,33.931,34.308,50401,0
LRGE.US,D,20190517,000000,34.08,34.418,34.078,34.085,44878,0
LRGE.US,D,20190520,000000,33.792,33.881,33.604,33.782,20635,0
LRGE.US,D,20190521,000000,34.03,34.11,33.904,34.1,29713,0
LRGE.US,D,20190522,000000,34.065,34.09,33.882,34.01,16611,0
LRGE.US,D,20190523,000000,33.614,33.614,33.246,33.39,34321,0
LRGE.US,D,20190524,000000,33.614,33.614,33.385,33.434,31414,0
LRGE.US,D,20190528,000000,33.514,33.574,33.156,33.256,20781,0
LRGE.US,D,20190529,000000,33.078,33.078,32.744,32.88,21162,0
LRGE.US,D,20190530,000000,33.137,33.137,32.819,33.038,50924,0
LRGE.US,D,20190531,000000,32.591,32.636,32.462,32.517,35586,0
LRGE.US,D,20190603,000000,32.412,32.512,31.767,31.936,35304,0
LRGE.US,D,20190604,000000,32.313,32.64,32.172,32.586,13450,0
LRGE.US,D,20190605,000000,32.938,32.938,32.63,32.832,16834,0
LRGE.US,D,20190606,000000,32.978,33.107,32.801,33.107,41135,0
LRGE.US,D,20190607,000000,33.415,33.633,33.415,33.574,8711,0
LRGE.US,D,20190610,000000,33.802,34.05,33.79,33.852,13849,0
LRGE.US,D,20190611,000000,34.199,34.199,33.732,33.812,14446,0
LRGE.US,D,20190612,000000,33.827,33.827,33.683,33.782,13439,0
LRGE.US,D,20190613,000000,33.961,34.02,33.882,33.961,14214,0
LRGE.US,D,20190614,000000,33.931,33.951,33.792,33.931,16899,0
LRGE.US,D,20190617,000000,33.99,34.061,33.917,33.98,15771,0
LRGE.US,D,20190618,000000,34.209,34.51,34.209,34.308,33023,0
LRGE.US,D,20190619,000000,34.209,34.467,34.209,34.462,13651,0
LRGE.US,D,20190620,000000,34.785,34.814,34.556,34.814,20953,0
LRGE.US,D,20190621,000000,34.646,34.854,34.646,34.792,26463,0
LRGE.US,D,20190624,000000,34.904,34.904,34.636,34.687,9461,0
LRGE.US,D,20190625,000000,34.804,34.804,34.229,34.258,12229,0
LRGE.US,D,20190626,000000,34.447,34.447,34.288,34.288,19180,0
LRGE.US,D,20190627,000000,34.507,34.606,34.437,34.544,15100,0
LRGE.US,D,20190628,000000,34.715,34.715,34.502,34.583,10377,0
LRGE.US,D,20190701,000000,35.212,35.212,34.822,34.917,13625,0
LRGE.US,D,20190702,000000,35.122,35.122,34.834,34.983,16627,0
LRGE.US,D,20190703,000000,35.251,35.351,35.132,35.341,15907,0
LRGE.US,D,20190705,000000,35.003,35.311,35.003,35.251,10108,0
LRGE.US,D,20190708,000000,35.074,35.092,35.016,35.07,13251,0
LRGE.US,D,20190709,000000,34.96,35.192,34.934,35.172,8088,0
LRGE.US,D,20190710,000000,35.5,35.5,35.311,35.341,16411,0
LRGE.US,D,20190711,000000,35.42,35.619,35.42,35.496,13949,0
LRGE.US,D,20190712,000000,35.698,35.698,35.586,35.681,9012,0
LRGE.US,D,20190715,000000,35.731,35.81,35.688,35.792,12937,0
LRGE.US,D,20190716,000000,35.916,35.916,35.638,35.721,49686,0
LRGE.US,D,20190717,000000,35.797,35.797,35.46,35.529,12973,0
LRGE.US,D,20190718,000000,35.44,35.539,35.271,35.475,20853,0
LRGE.US,D,20190719,000000,35.571,35.609,35.36,35.361,6716,0
LRGE.US,D,20190722,000000,35.45,35.529,35.331,35.433,12024,0
LRGE.US,D,20190723,000000,35.617,35.678,35.39,35.617,28204,0
LRGE.US,D,20190724,000000,35.708,35.956,35.701,35.956,20962,0
LRGE.US,D,20190725,000000,36.036,36.036,35.589,35.695,45622,0
LRGE.US,D,20190726,000000,35.926,36.046,35.926,36.046,9715,0
LRGE.US,D,20190729,000000,36.105,36.105,35.668,35.819,26648,0
LRGE.US,D,20190730,000000,35.678,35.808,35.638,35.679,32502,0
LRGE.US,D,20190731,000000,35.887,35.887,35.043,35.362,21840,0
LRGE.US,D,20190801,000000,35.4,35.698,34.914,35.053,21050,0
LRGE.US,D,20190802,000000,34.993,34.993,34.443,34.606,26820,0
LRGE.US,D,20190805,000000,34.12,34.12,33.356,33.593,45579,0
LRGE.US,D,20190806,000000,33.852,33.964,33.602,33.964,14368,0
LRGE.US,D,20190807,000000,33.306,34.11,33.306,33.98,31348,0
LRGE.US,D,20190808,000000,34.298,34.715,34.239,34.679,14229,0
LRGE.US,D,20190809,000000,34.666,34.666,34.298,34.546,13118,0
LRGE.US,D,20190812,000000,34.145,34.278,33.91,34.03,15109,0
LRGE.US,D,20190813,000000,33.792,34.667,33.792,34.587,17218,0
LRGE.US,D,20190814,000000,33.954,33.954,33.544,33.574,20906,0
LRGE.US,D,20190815,000000,33.702,33.812,33.474,33.598,15207,0
LRGE.US,D,20190816,000000,33.971,34.169,33.862,34.079,24271,0
LRGE.US,D,20190819,000000,34.676,34.676,34.413,34.497,27948,0
LRGE.US,D,20190820,000000,34.487,34.507,34.278,34.333,34121,0
LRGE.US,D,20190821,000000,34.636,34.636,34.368,34.566,28235,0
LRGE.US,D,20190822,000000,34.676,34.676,34.16,34.427,25209,0
LRGE.US,D,20190823,000000,34.268,34.301,33.33,33.39,23924,0
LRGE.US,D,20190826,000000,33.574,33.709,33.474,33.634,18841,0
LRGE.US,D,20190827,000000,33.98,33.98,33.583,33.624,10225,0
LRGE.US,D,20190828,000000,33.653,33.84,33.643,33.812,15724,0
LRGE.US,D,20190829,000000,34.249,34.457,34.229,34.398,34428,0
LRGE.US,D,20190830,000000,34.636,34.636,34.239,34.308,11164,0
LRGE.US,D,20190903,000000,34.169,34.169,33.842,33.971,19068,0
LRGE.US,D,20190904,000000,34.13,34.39,34.13,34.39,10053,0
LRGE.US,D,20190905,000000,34.696,35.053,34.696,34.978,15148,0
LRGE.US,D,20190906,000000,35.142,35.142,34.944,34.954,18839,0
LRGE.US,D,20190909,000000,34.904,34.904,34.735,34.894,7480,0
LRGE.US,D,20190910,000000,34.844,34.844,34.589,34.775,16898,0
LRGE.US,D,20190911,000000,34.954,35.142,34.944,35.063,27635,0
LRGE.US,D,20190912,000000,35.351,35.37,35.182,35.242,30215,0
LRGE.US,D,20190913,000000,35.182,35.261,35.073,35.158,18301,0
LRGE.US,D,20190916,000000,35.142,35.142,34.981,35.1,12439,0
LRGE.US,D,20190917,000000,35.142,35.172,34.994,35.172,15793,0
LRGE.US,D,20190918,000000,35.107,35.107,34.848,34.848,4586,0
LRGE.US,D,20190919,000000,35.271,35.301,35.102,35.102,9443,0
LRGE.US,D,20190920,000000,35.242,35.242,34.845,34.924,7025,0
LRGE.US,D,20190923,000000,34.903,34.953,34.868,34.953,6858,0
LRGE.US,D,20190924,000000,34.824,34.824,34.338,34.408,7240,0
LRGE.US,D,20190925,000000,34.252,34.755,34.252,34.755,21174,0
LRGE.US,D,20190926,000000,34.775,34.775,34.407,34.596,10529,0
LRGE.US,D,20190927,000000,34.735,34.735,34.1,34.278,25241,0
LRGE.US,D,20190930,000000,34.396,34.596,34.396,34.54,10235,0
LRGE.US,D,20191001,000000,34.696,34.696,34.13,34.199,7659,0
LRGE.US,D,20191002,000000,33.779,33.842,33.524,33.669,20703,0
LRGE.US,D,20191003,000000,33.474,33.99,33.474,33.881,13492,0
LRGE.US,D,20191004,000000,34.16,34.435,34.119,34.405,4128,0
LRGE.US,D,20191007,000000,34.497,34.576,34.358,34.358,15354,0
LRGE.US,D,20191008,000000,34.12,34.12,33.712,33.728,15421,0
LRGE.US,D,20191009,000000,33.947,34.15,33.91,34.07,8497,0
LRGE.US,D,20191010,000000,33.98,34.377,33.98,34.238,15291,0
LRGE.US,D,20191011,000000,34.834,34.974,34.709,34.709,24343,0
LRGE.US,D,20191014,000000,34.785,34.785,34.636,34.686,15637,0
LRGE.US,D,20191015,000000,34.983,35.261,34.895,35.232,28305,0
LRGE.US,D,20191016,000000,34.962,35.112,34.962,35.074,26456,0
LRGE.US,D,20191017,000000,35.39,35.42,35.172,35.281,16740,0
LRGE.US,D,20191018,000000,35.559,35.559,34.816,35.033,117261,0
LRGE.US,D,20191021,000000,35.013,35.212,35.013,35.212,23889,0
LRGE.US,D,20191022,000000,35.281,35.36,34.951,35.007,13805,0
LRGE.US,D,20191023,000000,35.012,35.112,34.93,35.092,12968,0
LRGE.US,D,20191024,000000,35.341,35.341,35.053,35.191,14884,0
LRGE.US,D,20191025,000000,35.162,35.5,35.157,35.43,22894,0
LRGE.US,D,20191028,000000,35.648,35.768,35.59,35.768,9883,0
LRGE.US,D,20191029,000000,35.658,35.658,35.426,35.426,12739,0
LRGE.US,D,20191030,000000,35.326,35.475,35.283,35.47,11568,0
LRGE.US,D,20191031,000000,35.619,35.619,35.228,35.312,10849,0
LRGE.US,D,20191101,000000,35.748,35.768,35.678,35.753,21647,0
LRGE.US,D,20191104,000000,36.125,36.125,35.857,35.916,25904,0
LRGE.US,D,20191105,000000,35.936,35.936,35.807,35.874,15343,0
LRGE.US,D,20191106,000000,35.778,35.854,35.747,35.758,13882,0
LRGE.US,D,20191107,000000,36.135,36.256,35.981,36.011,14931,0
LRGE.US,D,20191108,000000,36.058,36.214,36.058,36.144,9410,0
LRGE.US,D,20191111,000000,36.067,36.165,36.067,36.095,18455,0
LRGE.US,D,20191112,000000,36.026,36.254,36.026,36.165,5618,0
LRGE.US,D,20191113,000000,35.996,36.294,35.996,36.294,15471,0
LRGE.US,D,20191114,000000,36.125,36.304,36.105,36.276,16906,0
LRGE.US,D,20191115,000000,36.511,36.601,36.489,36.49,6564,0
LRGE.US,D,20191118,000000,36.482,36.721,36.482,36.629,11390,0
LRGE.US,D,20191119,000000,36.82,36.82,36.641,36.661,8651,0
LRGE.US,D,20191120,000000,36.671,36.701,36.398,36.481,8186,0
LRGE.US,D,20191121,000000,36.522,36.542,36.444,36.462,14413,0
LRGE.US,D,20191122,000000,36.661,36.661,36.467,36.538,16253,0
LRGE.US,D,20191125,000000,36.764,36.934,36.764,36.86,22590,0
LRGE.US,D,20191126,000000,37.018,37.018,36.909,36.924,18663,0
LRGE.US,D,20191127,000000,37.227,37.237,37.118,37.187,19816,0
LRGE.US,D,20191129,000000,37.217,37.217,37.048,37.048,8532,0
LRGE.US,D,20191202,000000,36.979,36.979,36.606,36.72,7685,0
LRGE.US,D,20191203,000000,36.254,36.462,36.21,36.462,20142,0
LRGE.US,D,20191204,000000,36.67,36.713,36.549,36.549,8322,0
LRGE.US,D,20191205,000000,36.81,36.81,36.472,36.571,18416,0
LRGE.US,D,20191206,000000,36.929,36.949,36.86,36.869,13026,0
LRGE.US,D,20191209,000000,36.9,36.926,36.81,36.83,9256,0
LRGE.US,D,20191210,000000,36.74,36.939,36.682,36.707,79547,0
LRGE.US,D,20191211,000000,36.737,36.869,36.671,36.831,12547,0
LRGE.US,D,20191212,000000,36.77,37.2,36.77,37.106,15761,0
LRGE.US,D,20191213,000000,37.137,37.242,36.939,37.117,16390,0
LRGE.US,D,20191216,000000,37.485,37.485,37.277,37.45,11931,0
LRGE.US,D,20191217,000000,37.614,37.614,37.349,37.41,14238,0
LRGE.US,D,20191218,000000,37.554,37.554,37.415,37.442,13753,0
LRGE.US,D,20191219,000000,37.356,37.654,37.356,37.617,18437,0
LRGE.US,D,20191220,000000,37.793,37.842,37.766,37.786,16757,0
LRGE.US,D,20191223,000000,37.833,37.872,37.773,37.808,20465,0
LRGE.US,D,20191224,000000,37.971,37.971,37.753,37.813,8815,0
LRGE.US,D,20191226,000000,37.856,38.057,37.856,38.057,17652,0
LRGE.US,D,20191227,000000,38.146,38.151,38.032,38.052,10505,0
LRGE.US,D,20191230,000000,38.131,38.131,37.701,37.744,28593,0
LRGE.US,D,20191231,000000,37.743,37.922,37.67,37.922,18816,0
LRGE.US,D,20200102,000000,38.082,38.292,38.082,38.292,24380,0
LRGE.US,D,20200103,000000,38.052,38.23,37.922,38.117,19308,0
LRGE.US,D,20200106,000000,37.902,38.24,37.902,38.224,9373,0
LRGE.US,D,20200107,000000,38.274,38.379,38.274,38.291,16860,0
LRGE.US,D,20200108,000000,38.42,38.699,38.42,38.56,18819,0
LRGE.US,D,20200109,000000,38.699,38.867,38.661,38.864,12053,0
LRGE.US,D,20200110,000000,39.128,39.128,38.761,38.815,16827,0
LRGE.US,D,20200113,000000,38.839,39.075,38.809,39.054,8716,0
LRGE.US,D,20200114,000000,39.012,39.152,38.941,38.941,10721,0
LRGE.US,D,20200115,000000,39.138,39.24,39.058,39.078,16654,0
LRGE.US,D,20200116,000000,39.317,39.447,39.227,39.432,22500,0
LRGE.US,D,20200117,000000,39.558,39.606,39.467,39.606,8776,0
LRGE.US,D,20200121,000000,39.586,39.852,39.467,39.656,18377,0
LRGE.US,D,20200122,000000,39.885,39.885,39.611,39.666,13451,0
LRGE.US,D,20200123,000000,39.686,39.686,39.352,39.606,30156,0
LRGE.US,D,20200124,000000,39.681,39.681,39.029,39.165,8719,0
LRGE.US,D,20200127,000000,38.549,38.659,38.444,38.471,13727,0
LRGE.US,D,20200128,000000,38.64,39.026,38.531,38.949,9684,0
LRGE.US,D,20200129,000000,38.987,39.257,38.878,39.013,12989,0
LRGE.US,D,20200130,000000,38.704,38.909,38.485,38.842,31088,0
LRGE.US,D,20200131,000000,39.048,39.048,38.161,38.22,18399,0
LRGE.US,D,20200203,000000,38.547,38.719,38.547,38.631,18232,0
LRGE.US,D,20200204,000000,39.247,39.397,39.247,39.298,8808,0
LRGE.US,D,20200205,000000,39.646,39.676,39.377,39.601,44839,0
LRGE.US,D,20200206,000000,39.626,39.795,39.556,39.756,20020,0
LRGE.US,D,20200207,000000,39.835,39.84,39.571,39.626,23894,0
LRGE.US,D,20200210,000000,39.636,39.95,39.636,39.95,9892,0
LRGE.US,D,20200211,000000,40.304,40.304,39.926,39.995,15559,0
LRGE.US,D,20200212,000000,40.316,40.423,40.316,40.398,9618,0
LRGE.US,D,20200213,000000,40.322,40.591,40.322,40.368,15051,0
LRGE.US,D,20200214,000000,40.389,40.534,40.389,40.528,8067,0
LRGE.US,D,20200218,000000,40.612,40.682,40.463,40.682,14998,0
LRGE.US,D,20200219,000000,40.921,41.081,40.836,41.004,9899,0
LRGE.US,D,20200220,000000,41.011,41.061,40.423,40.692,12220,0
LRGE.US,D,20200221,000000,40.393,40.393,40.067,40.144,24303,0
LRGE.US,D,20200224,000000,38.744,38.998,38.49,38.657,23043,0
LRGE.US,D,20200225,000000,38.968,38.968,37.292,37.371,16150,0
LRGE.US,D,20200226,000000,37.962,38.047,37.068,37.243,16061,0
LRGE.US,D,20200227,000000,35.944,36.92,35.944,35.959,11771,0
LRGE.US,D,20200228,000000,34.768,35.521,34.375,34.893,30501,0
LRGE.US,D,20200302,000000,35.77,36.891,35.503,36.891,15398,0
LRGE.US,D,20200303,000000,37.284,37.3,33.937,35.958,23174,0
LRGE.US,D,20200304,000000,36.507,37.225,36.428,37.225,14835,0
LRGE.US,D,20200305,000000,36.751,36.751,36.114,36.21,10087,0
LRGE.US,D,20200306,000000,35.063,35.601,34.696,35.601,17409,0
LRGE.US,D,20200309,000000,32.88,34.285,32.88,33.628,20716,0
LRGE.US,D,20200310,000000,34.196,34.731,33.247,34.731,12498,0
LRGE.US,D,20200311,000000,34.086,34.086,32.95,33.334,8241,0
LRGE.US,D,20200312,000000,32.871,32.871,30.39,30.39,26211,0
LRGE.US,D,20200313,000000,31.904,33.289,30.383,32.894,45367,0
LRGE.US,D,20200316,000000,30.25,31.278,29.891,29.891,21174,0
LRGE.US,D,20200317,000000,30.22,31.434,29.393,30.899,22867,0
LRGE.US,D,20200318,000000,29.114,30.169,28.427,29.473,29707,0
LRGE.US,D,20200319,000000,29.264,31.062,25.966,30.27,29634,0
LRGE.US,D,20200320,000000,30.549,30.549,29.069,29.069,18841,0
LRGE.US,D,20200323,000000,29.224,29.732,28.138,28.987,135848,0
LRGE.US,D,20200324,000000,30.24,31.306,30.24,31.22,286491,0
LRGE.US,D,20200325,000000,31.585,32.402,30.748,31.346,115007,0
LRGE.US,D,20200326,000000,31.727,34.802,31.68,32.802,108617,0
LRGE.US,D,20200327,000000,32.133,32.502,31.567,31.767,60244,0
LRGE.US,D,20200330,000000,32.133,32.841,32.113,32.665,88081,0
LRGE.US,D,20200331,000000,32.621,33,32.127,32.308,60890,0
LRGE.US,D,20200401,000000,31.695,31.695,30.833,31.002,29618,0
LRGE.US,D,20200402,000000,31.037,31.715,30.916,31.396,15167,0
LRGE.US,D,20200403,000000,31.515,31.515,30.634,30.919,64320,0
LRGE.US,D,20200406,000000,32.253,33.239,32.193,33.125,29153,0
LRGE.US,D,20200407,000000,33.937,33.937,33.085,33.085,33660,0
LRGE.US,D,20200408,000000,33.508,34.115,33.169,33.987,16986,0
LRGE.US,D,20200409,000000,34.533,34.533,33.897,34.285,14699,0
LRGE.US,D,20200413,000000,33.996,34.187,33.64,34.187,36791,0
LRGE.US,D,20200414,000000,34.744,35.626,34.744,35.492,28587,0
LRGE.US,D,20200415,000000,34.903,35.124,34.76,34.883,35121,0
LRGE.US,D,20200416,000000,35.361,35.589,35.063,35.506,31887,0
LRGE.US,D,20200417,000000,35.929,36.139,35.426,36.139,49388,0
LRGE.US,D,20200420,000000,35.633,35.896,35.342,35.466,51711,0
LRGE.US,D,20200421,000000,34.893,34.893,34.23,34.282,15453,0
LRGE.US,D,20200422,000000,34.944,35.366,34.853,35.185,13437,0
LRGE.US,D,20200423,000000,35.531,35.624,35.142,35.282,25228,0
LRGE.US,D,20200424,000000,35.092,35.72,35.092,35.72,24249,0
LRGE.US,D,20200427,000000,36.06,36.328,35.956,36.328,10904,0
LRGE.US,D,20200428,000000,36.388,36.667,35.711,35.775,14908,0
LRGE.US,D,20200429,000000,36.522,36.966,36.345,36.792,13095,0
LRGE.US,D,20200430,000000,36.597,36.916,36.495,36.785,16669,0
LRGE.US,D,20200501,000000,36.065,36.176,35.531,35.651,95155,0
LRGE.US,D,20200504,000000,35.481,35.84,35.481,35.84,6646,0
LRGE.US,D,20200505,000000,36.328,36.584,36.258,36.312,32241,0
LRGE.US,D,20200506,000000,36.637,36.727,36.434,36.434,12805,0
LRGE.US,D,20200507,000000,36.856,37.075,36.744,36.792,18629,0
LRGE.US,D,20200508,000000,37.095,37.389,37.095,37.335,3291610,0
LRGE.US,D,20200511,000000,37.284,37.778,37.284,37.554,8890,0
LRGE.US,D,20200512,000000,37.773,37.773,36.946,36.969,46582,0
LRGE.US,D,20200513,000000,36.906,36.906,36.131,36.457,8637,0
LRGE.US,D,20200514,000000,35.979,36.746,35.75,36.677,17763,0
LRGE.US,D,20200515,000000,36.497,37.155,36.457,37.114,16392,0
LRGE.US,D,20200518,000000,37.882,38.151,37.872,38.065,15295,0
LRGE.US,D,20200519,000000,37.932,38.281,37.832,37.832,9491,0
LRGE.US,D,20200520,000000,38.465,38.692,38.43,38.623,14158,0
LRGE.US,D,20200521,000000,38.645,38.645,38.173,38.271,96436,0
LRGE.US,D,20200522,000000,38.291,38.551,38.262,38.551,9984,0
LRGE.US,D,20200526,000000,39.237,39.237,38.694,38.702,21556,0
LRGE.US,D,20200527,000000,38.819,39.158,38.012,39.158,23822,0
LRGE.US,D,20200528,000000,39.008,39.606,38.975,39.039,17153,0
LRGE.US,D,20200529,000000,38.729,39.459,38.729,39.459,24455,0
LRGE.US,D,20200601,000000,39.49,39.606,39.427,39.556,14061,0
LRGE.US,D,20200602,000000,39.576,39.785,39.481,39.785,16571,0
LRGE.US,D,20200603,000000,40.034,40.137,39.928,40.049,20015,0
LRGE.US,D,20200604,000000,39.865,40.144,39.499,39.687,16249,0
LRGE.US,D,20200605,000000,40.341,40.652,40.279,40.468,22599,0
LRGE.US,D,20200608,000000,40.582,40.837,40.304,40.837,13164,0
LRGE.US,D,20200609,000000,40.483,40.962,40.483,40.785,17816,0
LRGE.US,D,20200610,000000,40.899,41.218,40.742,40.992,26680,0
LRGE.US,D,20200611,000000,40.194,40.204,38.739,38.792,30331,0
LRGE.US,D,20200612,000000,39.746,39.746,38.45,39.162,14450,0
LRGE.US,D,20200615,000000,38.42,39.619,38.301,39.408,26973,0
LRGE.US,D,20200616,000000,40.483,40.483,39.616,40.076,32391,0
LRGE.US,D,20200617,000000,40.368,40.602,40.159,40.275,34070,0
LRGE.US,D,20200618,000000,40.064,40.373,40.064,40.31,44881,0
LRGE.US,D,20200619,000000,40.702,40.829,40.104,40.395,24815,0
LRGE.US,D,20200622,000000,40.094,40.699,40.094,40.687,25685,0
LRGE.US,D,20200623,000000,40.931,41.33,40.861,40.861,34379,0
LRGE.US,D,20200624,000000,40.622,40.859,39.9,40.055,36810,0
LRGE.US,D,20200625,000000,40.064,40.412,39.795,40.412,34056,0
LRGE.US,D,20200626,000000,40.184,40.184,39.417,39.505,9036,0
LRGE.US,D,20200629,000000,39.457,39.873,39.198,39.837,7743,0
LRGE.US,D,20200630,000000,40.094,40.772,39.996,40.679,6513,0
LRGE.US,D,20200701,000000,40.822,41.333,40.822,41.167,7695,0
LRGE.US,D,20200702,000000,41.679,41.679,41.307,41.307,9737,0
LRGE.US,D,20200706,000000,41.89,42.205,41.89,42.112,13065,0
LRGE.US,D,20200707,000000,42.077,42.316,41.698,41.784,7518,0
LRGE.US,D,20200708,000000,42.052,42.188,41.788,42.174,13279,0
LRGE.US,D,20200709,000000,42.248,42.396,41.763,42.263,8005,0
LRGE.US,D,20200710,000000,42.261,42.438,42.244,42.438,7098,0
LRGE.US,D,20200713,000000,42.844,43.04,41.27,41.699,7840,0
LRGE.US,D,20200714,000000,41.375,42.276,41.375,42.154,13911,0
LRGE.US,D,20200715,000000,42.404,42.471,42.187,42.368,10958,0
LRGE.US,D,20200716,000000,42.037,42.202,41.883,42.202,3509,0
LRGE.US,D,20200717,000000,42.256,42.441,42.057,42.346,8153,0
LRGE.US,D,20200720,000000,42.889,43.214,42.824,43.214,10278,0
LRGE.US,D,20200721,000000,43.542,43.542,42.824,42.878,25092,0
LRGE.US,D,20200722,000000,42.984,43.069,42.784,43.034,10052,0
LRGE.US,D,20200723,000000,43.073,43.131,42.157,42.157,58982,0
LRGE.US,D,20200724,000000,42.082,42.284,41.868,42.033,8061,0
LRGE.US,D,20200727,000000,42.187,42.72,42.107,42.545,15237,0
LRGE.US,D,20200728,000000,42.396,42.501,42.127,42.133,8325,0
LRGE.US,D,20200729,000000,42.207,42.725,42.207,42.59,11063,0
LRGE.US,D,20200730,000000,42.506,42.973,42.306,42.874,9586,0
LRGE.US,D,20200731,000000,43.472,43.472,42.695,43.268,17621,0
LRGE.US,D,20200803,000000,43.462,43.831,43.462,43.755,14838,0
LRGE.US,D,20200804,000000,43.771,43.861,43.602,43.861,10703,0
LRGE.US,D,20200805,000000,44.279,44.379,44.179,44.289,10958,0
LRGE.US,D,20200806,000000,44.399,44.857,44.354,44.814,10756,0
LRGE.US,D,20200807,000000,44.598,44.787,44.299,44.562,8971,0
LRGE.US,D,20200810,000000,44.528,44.528,44.14,44.45,8054,0
LRGE.US,D,20200811,000000,44.349,44.593,43.831,43.895,9983,0
LRGE.US,D,20200812,000000,44.13,44.728,44.13,44.604,5121,0
LRGE.US,D,20200813,000000,44.698,44.887,44.634,44.65,5591,0
LRGE.US,D,20200814,000000,44.538,44.688,44.476,44.576,6019,0
LRGE.US,D,20200817,000000,44.628,44.955,44.628,44.812,10985,0
LRGE.US,D,20200818,000000,45.061,45.164,44.817,45.081,7127,0
LRGE.US,D,20200819,000000,44.996,45.096,44.857,44.857,5867,0
LRGE.US,D,20200820,000000,44.777,45.131,44.695,45.046,57047,0
LRGE.US,D,20200821,000000,45.041,45.207,45.041,45.196,6724,0
LRGE.US,D,20200824,000000,45.45,45.455,45.196,45.427,7275,0
LRGE.US,D,20200825,000000,45.559,45.843,45.534,45.824,42542,0
LRGE.US,D,20200826,000000,46.414,47.048,46.414,47.048,11833,0
LRGE.US,D,20200827,000000,47.01,47.217,46.759,46.978,11555,0
LRGE.US,D,20200828,000000,47.298,47.371,47.264,47.371,942,0
LRGE.US,D,20200831,000000,47.522,47.951,47.378,47.53,10217,0
LRGE.US,D,20200901,000000,47.507,47.956,47.507,47.916,7275,0
LRGE.US,D,20200902,000000,48.474,48.628,47.911,48.628,31866,0
LRGE.US,D,20200903,000000,48.075,48.085,46.238,46.611,15173,0
LRGE.US,D,20200904,000000,46.64,46.64,44.219,45.977,13454,0
LRGE.US,D,20200908,000000,44.588,45.403,44.512,44.512,14334,0
LRGE.US,D,20200909,000000,45.502,45.959,45.473,45.647,8897,0
LRGE.US,D,20200910,000000,45.684,45.684,44.737,44.927,3439,0
LRGE.US,D,20200911,000000,45.146,45.146,44.448,44.777,5786,0
LRGE.US,D,20200914,000000,45.684,45.684,45.269,45.345,4898,0
LRGE.US,D,20200915,000000,45.724,46.073,45.71,45.809,8355,0
LRGE.US,D,20200916,000000,46.003,46.033,45.395,45.395,9463,0
LRGE.US,D,20200917,000000,45.106,45.126,44.389,44.837,4689,0
LRGE.US,D,20200918,000000,44.867,44.867,44.03,44.44,7996,0
LRGE.US,D,20200921,000000,43.602,44.085,43.332,44.085,11129,0
LRGE.US,D,20200922,000000,44.249,44.937,44.15,44.881,24312,0
LRGE.US,D,20200923,000000,44.765,44.765,43.661,43.667,9459,0
LRGE.US,D,20200924,000000,43.243,44.035,43.243,43.772,10110,0
LRGE.US,D,20200925,000000,43.532,44.628,43.532,44.628,7453,0
LRGE.US,D,20200928,000000,45.256,45.435,45.206,45.333,4464,0
LRGE.US,D,20200929,000000,45.44,45.544,45.186,45.302,14843,0
LRGE.US,D,20200930,000000,45.539,46.013,45.382,45.683,6847,0
LRGE.US,D,20201001,000000,46.043,46.182,45.878,46.003,4745,0
LRGE.US,D,20201002,000000,45.679,45.714,45.339,45.339,13161,0
LRGE.US,D,20201005,000000,45.727,46.106,45.727,46.106,6209,0
LRGE.US,D,20201006,000000,46.242,46.332,45.429,45.534,5663,0
LRGE.US,D,20201007,000000,46.102,46.511,46.084,46.407,11920,0
LRGE.US,D,20201008,000000,46.571,46.601,46.451,46.586,3784,0
LRGE.US,D,20201009,000000,46.86,47.188,46.83,47.103,8888,0
LRGE.US,D,20201012,000000,47.662,48.255,47.473,47.932,2631,0
LRGE.US,D,20201013,000000,47.796,48.145,47.788,47.908,7551,0
LRGE.US,D,20201014,000000,48.075,48.075,47.298,47.46,17890,0
LRGE.US,D,20201015,000000,46.939,47.102,46.767,47.102,13080,0
LRGE.US,D,20201016,000000,47.258,47.597,47.129,47.129,10659,0
LRGE.US,D,20201019,000000,47.467,47.467,46.252,46.333,5327,0
LRGE.US,D,20201020,000000,46.68,47.109,46.654,46.654,8507,0
LRGE.US,D,20201021,000000,46.856,47.064,46.461,46.601,13515,0
LRGE.US,D,20201022,000000,46.71,46.71,46.282,46.608,9215,0
LRGE.US,D,20201023,000000,46.582,46.769,46.312,46.769,9144,0
LRGE.US,D,20201026,000000,46.431,46.431,45.35,45.85,5001,0
LRGE.US,D,20201027,000000,46.092,46.094,45.843,46.046,8057,0
LRGE.US,D,20201028,000000,44.832,45.094,44.217,44.217,14749,0
LRGE.US,D,20201029,000000,44.478,45.161,44.319,44.861,9614,0
LRGE.US,D,20201030,000000,44.309,44.309,43.462,43.686,5855,0
LRGE.US,D,20201102,000000,44.345,44.377,43.743,43.969,17433,0
LRGE.US,D,20201103,000000,45.082,45.52,44.837,44.993,8921,0
LRGE.US,D,20201104,000000,46.089,47.118,46.041,46.79,11760,0
LRGE.US,D,20201105,000000,47.776,48.045,47.697,47.795,12592,0
LRGE.US,D,20201106,000000,47.707,48.185,47.395,48.078,8717,0
LRGE.US,D,20201109,000000,49.002,49.492,47.804,47.956,8285,0
LRGE.US,D,20201110,000000,47.647,47.717,47.184,47.356,4276,0
LRGE.US,D,20201111,000000,47.806,48.195,47.806,48.05,7873,0
LRGE.US,D,20201112,000000,48.065,48.177,47.458,47.624,8156,0
LRGE.US,D,20201113,000000,47.956,48.178,47.861,48.178,5193,0
LRGE.US,D,20201116,000000,48.683,48.743,48.484,48.642,7936,0
LRGE.US,D,20201117,000000,48.603,48.681,48.404,48.578,3261,0
LRGE.US,D,20201118,000000,48.474,48.573,47.978,47.978,9202,0
LRGE.US,D,20201119,000000,47.923,48.235,47.796,48.135,4527,0
LRGE.US,D,20201120,000000,48.125,48.153,47.786,47.786,6512,0
LRGE.US,D,20201123,000000,47.976,48.245,47.622,47.909,3902,0
LRGE.US,D,20201124,000000,48.195,48.643,48.055,48.516,12261,0
LRGE.US,D,20201125,000000,48.644,48.644,48.255,48.369,7874,0
LRGE.US,D,20201127,000000,48.763,48.788,48.581,48.658,3199,0
LRGE.US,D,20201130,000000,48.583,48.862,48.303,48.63,7293,0
LRGE.US,D,20201201,000000,48.992,49.39,48.992,49.126,9686,0
LRGE.US,D,20201202,000000,48.932,49.179,48.717,49.069,26927,0
LRGE.US,D,20201203,000000,49.088,49.151,48.683,48.683,13275,0
LRGE.US,D,20201204,000000,48.985,49.102,48.907,49.08,6025,0
LRGE.US,D,20201207,000000,49.56,49.56,48.912,49.051,21608,0
LRGE.US,D,20201208,000000,48.892,49.317,48.861,49.199,20207,0
LRGE.US,D,20201209,000000,49.111,49.301,48.384,48.606,25914,0
LRGE.US,D,20201210,000000,48.633,48.633,48.371,48.506,14380,0
LRGE.US,D,20201211,000000,48.389,48.489,48.359,48.469,8455,0
LRGE.US,D,20201214,000000,48.823,49.141,48.653,48.779,19792,0
LRGE.US,D,20201215,000000,48.812,49.151,48.785,49.092,9767,0
LRGE.US,D,20201216,000000,49.064,49.44,49.064,49.339,7506,0
LRGE.US,D,20201217,000000,49.42,49.978,49.42,49.63,13211,0
LRGE.US,D,20201218,000000,49.6,49.63,49.276,49.523,34418,0
LRGE.US,D,20201221,000000,48.643,49.52,48.643,49.011,12921,0
LRGE.US,D,20201222,000000,49.371,49.63,49.371,49.486,15737,0
LRGE.US,D,20201223,000000,49.5,49.819,49.45,49.45,9240,0
LRGE.US,D,20201224,000000,49.659,49.659,49.404,49.522,2511,0
LRGE.US,D,20201228,000000,49.72,50.035,49.63,49.98,6664,0
LRGE.US,D,20201229,000000,50.095,50.095,49.91,49.91,3061,0
LRGE.US,D,20201230,000000,50.29,50.29,49.91,49.9311,8148,0
LRGE.US,D,20201231,000000,49.82,50.0121,49.68,50.0121,7262,0
LRGE.US,D,20210104,000000,50.03,50.035,48.8536,49.4156,32845,0
LRGE.US,D,20210105,000000,49.36,49.7249,49.31,49.6185,2769,0
LRGE.US,D,20210106,000000,48.838,49.75,48.838,49.1963,14364,0
LRGE.US,D,20210107,000000,49.69,50.16,49.69,50.09,4533,0
LRGE.US,D,20210108,000000,50.59,50.79,49.7809,50.285,10843,0
LRGE.US,D,20210111,000000,49.68,50.23,49.68,49.805,26592,0
LRGE.US,D,20210112,000000,49.59,49.86,49.4,49.81,20905,0
LRGE.US,D,20210113,000000,49.7575,49.97,49.7575,49.805,13105,0
LRGE.US,D,20210114,000000,49.73,49.95,49.28,49.2914,26766,0
LRGE.US,D,20210115,000000,49.03,49.398,49.02,49.1575,16084,0
LRGE.US,D,20210119,000000,49.45,49.725,49.2928,49.6115,12048,0
LRGE.US,D,20210120,000000,50.11,50.56,50.11,50.36,11079,0
LRGE.US,D,20210121,000000,50.69,50.86,50.505,50.7297,23144,0
LRGE.US,D,20210122,000000,50.66,50.74,50.58,50.6537,8642,0
LRGE.US,D,20210125,000000,50.92,50.92,49.88,50.7103,5369,0
LRGE.US,D,20210126,000000,50.97,50.97,50.58,50.68,8551,0
LRGE.US,D,20210127,000000,49.9,50.025,49.0498,49.289,32548,0
LRGE.US,D,20210128,000000,49.68,50.455,49.68,50.19,4464,0
LRGE.US,D,20210129,000000,49.393,49.465,48.68,49.03,5785,0
LRGE.US,D,20210201,000000,49.62,50.1,49.4555,50.015,3154,0
LRGE.US,D,20210202,000000,50.66,51.1,50.66,51.1,4133,0
LRGE.US,D,20210203,000000,51.13,51.13,50.59,50.59,2624,0
LRGE.US,D,20210204,000000,50.74,50.7847,50.535,50.7847,5540,0
LRGE.US,D,20210205,000000,51.24,51.24,50.79,50.8992,11735,0
LRGE.US,D,20210208,000000,51.37,51.3778,51.125,51.2417,5593,0
LRGE.US,D,20210209,000000,51.155,51.53,51.155,51.3573,6333,0
LRGE.US,D,20210210,000000,51.79,51.79,50.98,51.3719,8729,0
LRGE.US,D,20210211,000000,51.41,51.62,51.255,51.4128,5353,0
LRGE.US,D,20210212,000000,51.55,51.63,51.3603,51.5887,10832,0
LRGE.US,D,20210216,000000,51.58,51.76,51.3437,51.375,10472,0
LRGE.US,D,20210217,000000,51.24,51.3438,50.9767,51.3438,9943,0
LRGE.US,D,20210218,000000,51.13,51.1983,50.84,51.1378,7575,0
LRGE.US,D,20210219,000000,51.42,51.42,50.7601,50.7638,17125,0
LRGE.US,D,20210222,000000,50.53,50.58,50.1,50.1604,5839,0
LRGE.US,D,20210223,000000,49.43,50.21,49.43,50.14,7178,0
LRGE.US,D,20210224,000000,49.75,50.27,49.21,50.2535,9099,0
LRGE.US,D,20210225,000000,49.56,49.56,48.7675,48.7909,5380,0
LRGE.US,D,20210226,000000,48.835,49.3211,48.5192,48.8829,6160,0
LRGE.US,D,20210301,000000,49.23,49.97,49.23,49.858,5058,0
LRGE.US,D,20210302,000000,49.96,49.96,49.4159,49.4159,10883,0
LRGE.US,D,20210303,000000,49.11,49.28,48.4625,48.4625,40641,0
LRGE.US,D,20210304,000000,48.24,48.8214,47.4401,47.6077,10156,0
LRGE.US,D,20210305,000000,47.6543,48.6633,47.0233,48.6633,17871,0
LRGE.US,D,20210308,000000,48.73,49.0799,48.1457,48.1457,12848,0
LRGE.US,D,20210309,000000,49.26,49.39,49.0962,49.0962,28557,0
LRGE.US,D,20210310,000000,49.48,49.5,49.126,49.25,12266,0
LRGE.US,D,20210311,000000,50,50.32,49.87,50.0698,13907,0
LRGE.US,D,20210312,000000,49.4684,49.7993,49.4684,49.7993,18568,0
LRGE.US,D,20210315,000000,49.98,50.24,49.625,50.1488,2924,0
LRGE.US,D,20210316,000000,50.6,50.6026,50.26,50.26,29795,0
LRGE.US,D,20210317,000000,49.69,50.5,49.69,50.2746,5331,0
LRGE.US,D,20210318,000000,49.59,50.1499,49.4776,49.4776,4885,0
LRGE.US,D,20210319,000000,49.6878,49.8099,49.5427,49.6517,7942,0
LRGE.US,D,20210322,000000,49.91,50.37,49.805,50.17,12605,0
LRGE.US,D,20210323,000000,49.96,50.39,49.77,49.8364,9544,0
LRGE.US,D,20210324,000000,50,50.0162,49.301,49.31,19223,0
LRGE.US,D,20210325,000000,49.33,49.49,48.9,49.4043,28081,0
LRGE.US,D,20210326,000000,49.5701,50.164,49.38,50.164,11465,0
LRGE.US,D,20210329,000000,50.47,50.47,49.82,50.28,12916,0
LRGE.US,D,20210330,000000,49.731,50.1197,49.731,49.8069,8841,0
LRGE.US,D,20210331,000000,50.31,50.65,50.0501,50.48,10456,0
LRGE.US,D,20210401,000000,51,51.1738,51,51.1303,1449,0
LRGE.US,D,20210405,000000,51.74,52.02,51.74,52.02,6873,0
LRGE.US,D,20210406,000000,51.7,52.0286,51.7,51.84,15843,0
LRGE.US,D,20210407,000000,51.8371,52.0579,51.7119,51.8267,21623,0
LRGE.US,D,20210408,000000,52.23,52.36,52.14,52.2205,5739,0
LRGE.US,D,20210409,000000,52.4,52.73,52.2191,52.71,7907,0
LRGE.US,D,20210412,000000,52.6023,53.01,52.6023,52.945,4275,0
LRGE.US,D,20210413,000000,52.89,53.29,52.89,53.225,7122,0
LRGE.US,D,20210414,000000,53.265,53.4084,52.855,52.855,6991,0
LRGE.US,D,20210415,000000,53.3,53.75,53.3,53.555,9533,0
LRGE.US,D,20210416,000000,53.64,53.78,53.532,53.6717,7712,0
LRGE.US,D,20210419,000000,53.71,53.71,53.0203,53.2081,7891,0
LRGE.US,D,20210420,000000,53.12,53.12,52.6,52.8263,4093,0
LRGE.US,D,20210421,000000,52.59,53.3,52.59,53.215,6790,0
LRGE.US,D,20210422,000000,53.17,53.52,52.7368,52.9313,7676,0
LRGE.US,D,20210423,000000,53.47,53.6169,53.4142,53.5133,10352,0
LRGE.US,D,20210426,000000,53.656,53.84,53.54,53.765,3946,0
LRGE.US,D,20210427,000000,53.81,53.88,53.671,53.8,8149,0
LRGE.US,D,20210428,000000,53.91,53.91,53.6,53.72,8548,0
LRGE.US,D,20210429,000000,53.8944,54.04,53.6,53.9897,9314,0
LRGE.US,D,20210430,000000,53.915,54.1472,53.62,53.6305,6577,0
LRGE.US,D,20210503,000000,53.79,54.14,53.41,53.5059,45174,0
LRGE.US,D,20210504,000000,53.05,53.05,52.46,52.9565,8925,0
LRGE.US,D,20210505,000000,53.39,53.39,52.725,52.725,5711,0
LRGE.US,D,20210506,000000,52.96,52.96,52.5576,52.9108,4754,0
LRGE.US,D,20210507,000000,53.1,53.56,53.1,53.3333,7398,0
LRGE.US,D,20210510,000000,53.42,53.42,52.4102,52.4102,10418,0
LRGE.US,D,20210511,000000,51.88,52.38,51.7,52.2468,7145,0
LRGE.US,D,20210512,000000,51.59,51.59,50.89,50.98,7263,0
LRGE.US,D,20210513,000000,51.43,51.8,51.1064,51.4536,6826,0
LRGE.US,D,20210514,000000,51.73,52.446,51.73,52.4068,29554,0
LRGE.US,D,20210517,000000,52.07,52.235,51.9782,52.11,5932,0
LRGE.US,D,20210518,000000,52.18,52.5165,51.984,51.984,5344,0
LRGE.US,D,20210519,000000,51.4101,51.84,51.32,51.79,9106,0
LRGE.US,D,20210520,000000,52.355,52.785,52.32,52.78,4493,0
LRGE.US,D,20210521,000000,52.98,52.9999,52.5431,52.5431,11357,0
LRGE.US,D,20210524,000000,53.07,53.3499,53.07,53.1261,5278,0
LRGE.US,D,20210525,000000,53.53,53.53,53.17,53.2282,14685,0
LRGE.US,D,20210526,000000,53.31,53.44,53.265,53.33,7514,0
LRGE.US,D,20210527,000000,53.57,53.57,53.196,53.3385,7669,0
LRGE.US,D,20210528,000000,53.98,53.98,53.6045,53.67,4162,0
LRGE.US,D,20210601,000000,54.03,54.03,53.22,53.2863,6989,0
LRGE.US,D,20210602,000000,53.23,53.63,53.23,53.44,3792,0
LRGE.US,D,20210603,000000,52.74,53.18,52.74,52.9349,18860,0
LRGE.US,D,20210604,000000,53.48,53.57,53.37,53.5117,5702,0
LRGE.US,D,20210607,000000,53.68,53.68,53.42,53.5588,2307,0
LRGE.US,D,20210608,000000,53.675,53.805,53.6,53.8,3859,0
LRGE.US,D,20210609,000000,53.99,54.03,53.5816,53.5816,2806,0
LRGE.US,D,20210610,000000,54.03,54.2,53.67,54.14,7328,0
LRGE.US,D,20210611,000000,54.3,54.4499,54.17,54.295,13163,0
LRGE.US,D,20210614,000000,54.13,54.62,54.13,54.55,7127,0
LRGE.US,D,20210615,000000,54.569,54.59,54.35,54.35,4148,0
LRGE.US,D,20210616,000000,54.28,54.639,54.15,54.15,4860,0
LRGE.US,D,20210617,000000,53.8,54.88,53.8,54.7996,8870,0
LRGE.US,D,20210618,000000,54.62,54.62,54.3147,54.49,5728,0
LRGE.US,D,20210621,000000,54.25,54.95,54.25,54.95,1844,0
LRGE.US,D,20210622,000000,54.9882,55.265,54.97,55.265,6377,0
LRGE.US,D,20210623,000000,55.4166,55.4166,55.022,55.2,6353,0
LRGE.US,D,20210624,000000,55.59,55.6153,55.48,55.495,1708,0
LRGE.US,D,20210625,000000,55.34,55.6099,55.31,55.46,16855,0
LRGE.US,D,20210628,000000,55.87,55.87,55.66,55.85,7136,0
LRGE.US,D,20210629,000000,55.9,56.05,55.88,56.025,6313,0
LRGE.US,D,20210630,000000,56.0584,56.24,55.7588,55.845,7279,0
LRGE.US,D,20210701,000000,56.05,56.05,55.7569,55.9424,7571,0
LRGE.US,D,20210702,000000,56.4,56.5727,56.39,56.5727,5576,0
LRGE.US,D,20210706,000000,56.78,56.86,56.49,56.7694,20072,0
LRGE.US,D,20210707,000000,56.91,57.09,56.8,56.94,4361,0
LRGE.US,D,20210708,000000,55.93,56.63,55.93,56.38,4912,0
LRGE.US,D,20210709,000000,56.74,56.8973,56.74,56.8795,3667,0
LRGE.US,D,20210712,000000,57.19,57.19,56.81,56.9096,8086,0
LRGE.US,D,20210713,000000,56.65,57.215,56.65,56.82,3918,0
LRGE.US,D,20210714,000000,57.01,57.01,56.8214,56.99,4364,0
LRGE.US,D,20210715,000000,57.27,57.27,56.47,56.57,4269,0
LRGE.US,D,20210716,000000,56.41,56.64,56.22,56.22,4078,0
LRGE.US,D,20210719,000000,55.53,55.579,55.22,55.49,10867,0
LRGE.US,D,20210720,000000,55.9,56.49,55.8876,56.4267,4183,0
LRGE.US,D,20210721,000000,56.635,56.7372,56.5037,56.7372,3717,0
LRGE.US,D,20210722,000000,56.64,57.11,56.64,57.03,12035,0
LRGE.US,D,20210723,000000,57.58,57.875,57.58,57.81,3102,0
LRGE.US,D,20210726,000000,57.63,57.71,57.53,57.5801,6071,0
LRGE.US,D,20210727,000000,56.83,57.1712,56.6401,57.1712,6549,0
LRGE.US,D,20210728,000000,57.39,57.39,57.06,57.2581,3115,0
LRGE.US,D,20210729,000000,57.46,57.46,57.15,57.245,3043,0
LRGE.US,D,20210730,000000,56.62,57.27,56.62,57.07,4850,0
LRGE.US,D,20210802,000000,56.9575,57.15,56.7348,56.7348,3532,0
LRGE.US,D,20210803,000000,56.67,57.09,56.47,56.97,45294,0
LRGE.US,D,20210804,000000,57.09,57.11,56.68,56.975,10403,0
LRGE.US,D,20210805,000000,56.82,57.37,56.82,57.3025,3596,0
LRGE.US,D,20210806,000000,57.36,57.38,57.15,57.285,6830,0
LRGE.US,D,20210809,000000,57.47,57.47,57.16,57.215,14073,0
LRGE.US,D,20210810,000000,57.46,57.46,56.87,57.02,5787,0
LRGE.US,D,20210811,000000,57.05,57.16,56.87,56.9628,6908,0
LRGE.US,D,20210812,000000,56.81,57.29,56.81,57.26,5586,0
LRGE.US,D,20210813,000000,57.51,57.54,57.345,57.3641,9990,0
LRGE.US,D,20210816,000000,57.14,57.516,57.1,57.5,5903,0
LRGE.US,D,20210817,000000,57,57.16,56.77,56.9824,7348,0
LRGE.US,D,20210818,000000,57.11,57.12,56.47,56.5529,17934,0
LRGE.US,D,20210819,000000,56.6,56.94,56.47,56.6474,3501,0
LRGE.US,D,20210820,000000,56.94,57.39,56.94,57.3243,4995,0
LRGE.US,D,20210823,000000,57.69,58,57.58,57.855,5094,0
LRGE.US,D,20210824,000000,58.06,58.35,57.99,58.175,10673,0
LRGE.US,D,20210825,000000,58.18,58.44,58.18,58.3769,3186,0
LRGE.US,D,20210826,000000,58.25,58.45,58.1601,58.1939,4575,0
LRGE.US,D,20210827,000000,58.21,58.8679,58.21,58.8679,7098,0
LRGE.US,D,20210830,000000,58.96,59.26,58.96,59.114,9440,0
LRGE.US,D,20210831,000000,59,59.16,58.971,59.09,4212,0
LRGE.US,D,20210901,000000,59.29,59.63,59.29,59.37,6202,0
