<TICKER>,<PER>,<DATE>,<TIME>,<OPEN>,<HIGH>,<LOW>,<CLOSE>,<VOL>,<OPENINT>
LVHD.US,D,20151231,000000,21.073,21.107,21.031,21.031,6500,0
LVHD.US,D,20160104,000000,20.733,20.752,20.666,20.666,588,0
LVHD.US,D,20160105,000000,20.776,20.872,20.733,20.872,5790,0
LVHD.US,D,20160106,000000,20.6,20.855,20.6,20.821,1036,0
LVHD.US,D,20160107,000000,20.616,20.616,20.471,20.471,561,0
LVHD.US,D,20160108,000000,20.473,20.492,20.311,20.311,2660,0
LVHD.US,D,20160111,000000,20.345,20.345,20.345,20.345,4962,0
LVHD.US,D,20160112,000000,21.487,21.487,20.296,20.311,9183,0
LVHD.US,D,20160113,000000,20.389,20.389,20.389,20.389,1036,0
LVHD.US,D,20160114,000000,20.151,20.151,20.151,20.151,119,0
LVHD.US,D,20160115,000000,19.958,19.958,19.896,19.896,1506,0
LVHD.US,D,20160119,000000,20.058,20.058,20.023,20.049,2248,0
LVHD.US,D,20160121,000000,19.66,19.83,19.66,19.83,595,0
LVHD.US,D,20160122,000000,19.984,20.143,19.969,20.143,1951,0
LVHD.US,D,20160126,000000,20.225,20.225,20.04,20.225,1064,0
LVHD.US,D,20160127,000000,20.38,20.38,20.165,20.165,498,0
LVHD.US,D,20160128,000000,20.335,20.429,20.335,20.429,1488,0
LVHD.US,D,20160129,000000,20.649,20.863,20.616,20.863,10997,0
LVHD.US,D,20160201,000000,21.004,21.022,20.795,21.022,15894,0
LVHD.US,D,20160202,000000,20.715,20.836,20.686,20.795,5782,0
LVHD.US,D,20160203,000000,20.726,21.004,20.726,20.945,8362,0
LVHD.US,D,20160204,000000,20.996,21.022,20.98,21.022,3191,0
LVHD.US,D,20160205,000000,21.191,21.191,20.937,20.963,14470,0
LVHD.US,D,20160208,000000,20.733,20.872,20.593,20.872,7446,0
LVHD.US,D,20160209,000000,20.743,20.775,20.649,20.775,1870,0
LVHD.US,D,20160210,000000,20.743,20.744,20.743,20.744,356,0
LVHD.US,D,20160211,000000,20.483,20.509,20.353,20.509,3849,0
LVHD.US,D,20160212,000000,20.539,20.64,20.539,20.64,1272,0
LVHD.US,D,20160216,000000,21.099,21.099,20.803,20.981,5832,0
LVHD.US,D,20160217,000000,21.15,21.296,21.15,21.219,14682,0
LVHD.US,D,20160218,000000,21.395,21.395,21.227,21.301,5919,0
LVHD.US,D,20160219,000000,21.2,21.359,21.195,21.219,26516,0
LVHD.US,D,20160222,000000,21.438,21.527,21.438,21.512,4434,0
LVHD.US,D,20160223,000000,21.641,21.641,21.395,21.404,7902,0
LVHD.US,D,20160224,000000,21.386,21.411,21.141,21.411,5540,0
LVHD.US,D,20160225,000000,21.657,21.715,21.47,21.715,22096,0
LVHD.US,D,20160226,000000,21.928,21.928,21.412,21.444,32640,0
LVHD.US,D,20160229,000000,21.487,21.615,21.359,21.359,14958,0
LVHD.US,D,20160301,000000,21.506,21.624,21.506,21.624,7607,0
LVHD.US,D,20160302,000000,21.853,21.853,21.5,21.739,28517,0
LVHD.US,D,20160303,000000,21.735,21.928,21.735,21.928,12817,0
LVHD.US,D,20160304,000000,21.92,22.115,21.877,22.06,63914,0
LVHD.US,D,20160307,000000,22.061,22.241,22.061,22.159,10692,0
LVHD.US,D,20160308,000000,22.106,22.173,22.021,22.062,12969,0
LVHD.US,D,20160309,000000,22.207,22.233,22.097,22.133,28805,0
LVHD.US,D,20160310,000000,22.36,22.36,21.986,22.132,16543,0
LVHD.US,D,20160311,000000,22.343,22.37,22.259,22.37,13093,0
LVHD.US,D,20160314,000000,22.555,22.555,22.267,22.37,20086,0
LVHD.US,D,20160315,000000,22.35,22.35,22.198,22.293,19080,0
LVHD.US,D,20160316,000000,22.259,22.486,22.207,22.45,23908,0
LVHD.US,D,20160317,000000,22.53,22.794,22.452,22.768,26710,0
LVHD.US,D,20160318,000000,22.762,22.831,22.732,22.76,41335,0
LVHD.US,D,20160321,000000,22.707,22.806,22.707,22.777,12282,0
LVHD.US,D,20160322,000000,23.019,23.019,22.697,22.723,27865,0
LVHD.US,D,20160323,000000,22.723,22.723,22.622,22.622,22377,0
LVHD.US,D,20160324,000000,22.706,22.706,22.507,22.612,20197,0
LVHD.US,D,20160328,000000,23.796,23.796,22.578,22.647,36637,0
LVHD.US,D,20160329,000000,22.578,22.926,22.578,22.918,58934,0
LVHD.US,D,20160330,000000,22.97,23.002,22.926,22.941,36908,0
LVHD.US,D,20160331,000000,23.019,23.028,22.94,22.997,23520,0
LVHD.US,D,20160401,000000,22.823,23.054,22.823,23.054,12268,0
LVHD.US,D,20160404,000000,22.953,22.994,22.911,22.911,8787,0
LVHD.US,D,20160405,000000,22.767,22.79,22.696,22.696,13214,0
LVHD.US,D,20160406,000000,22.759,22.76,22.595,22.76,15169,0
LVHD.US,D,20160407,000000,22.79,22.79,22.56,22.595,34875,0
LVHD.US,D,20160408,000000,22.749,22.749,22.621,22.646,12273,0
LVHD.US,D,20160411,000000,22.767,22.807,22.656,22.656,8913,0
LVHD.US,D,20160412,000000,22.68,22.839,22.64,22.798,44849,0
LVHD.US,D,20160413,000000,22.859,22.88,22.823,22.88,23705,0
LVHD.US,D,20160414,000000,23.019,23.019,22.875,22.907,41223,0
LVHD.US,D,20160415,000000,22.994,22.994,22.923,22.986,39201,0
LVHD.US,D,20160418,000000,23.011,23.088,22.943,23.088,11206,0
LVHD.US,D,20160419,000000,23.146,23.146,23.064,23.139,20283,0
LVHD.US,D,20160420,000000,23.191,23.191,22.952,22.952,31410,0
LVHD.US,D,20160421,000000,22.898,22.898,22.612,22.64,15048,0
LVHD.US,D,20160422,000000,22.696,22.784,22.672,22.749,24447,0
LVHD.US,D,20160425,000000,22.672,22.777,22.656,22.777,74169,0
LVHD.US,D,20160426,000000,22.898,22.935,22.823,22.884,36581,0
LVHD.US,D,20160427,000000,22.97,23.098,22.918,23.086,24878,0
LVHD.US,D,20160428,000000,23.206,23.206,22.933,22.933,15913,0
LVHD.US,D,20160429,000000,22.871,22.933,22.736,22.916,56650,0
LVHD.US,D,20160502,000000,23.002,23.081,22.961,23.053,25578,0
LVHD.US,D,20160503,000000,23.054,23.054,22.868,22.943,20294,0
LVHD.US,D,20160504,000000,22.838,23.019,22.815,22.986,20629,0
LVHD.US,D,20160505,000000,23.139,23.139,22.798,22.84,41878,0
LVHD.US,D,20160506,000000,22.759,22.918,22.735,22.918,35422,0
LVHD.US,D,20160509,000000,22.994,23.019,22.926,23.002,17902,0
LVHD.US,D,20160510,000000,23.183,23.183,23.045,23.145,125616,0
LVHD.US,D,20160511,000000,23.665,23.665,23.064,23.081,92177,0
LVHD.US,D,20160512,000000,23.215,23.24,23.088,23.206,43294,0
LVHD.US,D,20160513,000000,23.139,23.139,22.961,22.994,12470,0
LVHD.US,D,20160516,000000,23.183,23.183,22.982,23.107,8748,0
LVHD.US,D,20160517,000000,23.174,23.174,22.767,22.85,26701,0
LVHD.US,D,20160518,000000,22.953,22.953,22.484,22.528,29086,0
LVHD.US,D,20160519,000000,22.528,22.612,22.443,22.612,27584,0
LVHD.US,D,20160520,000000,22.647,22.722,22.64,22.696,41857,0
LVHD.US,D,20160523,000000,22.884,22.884,22.612,22.612,33935,0
LVHD.US,D,20160524,000000,22.79,22.85,22.767,22.85,34567,0
LVHD.US,D,20160525,000000,22.933,22.986,22.85,22.97,96753,0
LVHD.US,D,20160526,000000,22.986,23.073,22.986,23.031,90638,0
LVHD.US,D,20160527,000000,23.123,23.123,23.044,23.099,39156,0
LVHD.US,D,20160531,000000,23.105,23.166,23.028,23.139,33677,0
LVHD.US,D,20160601,000000,23.105,23.183,23.081,23.166,24778,0
LVHD.US,D,20160602,000000,23.224,23.25,23.105,23.236,31473,0
LVHD.US,D,20160603,000000,23.529,23.529,23.266,23.376,22037,0
LVHD.US,D,20160606,000000,23.504,23.504,23.351,23.471,19905,0
LVHD.US,D,20160607,000000,23.513,23.565,23.46,23.462,33440,0
LVHD.US,D,20160608,000000,23.504,23.608,23.497,23.576,55629,0
LVHD.US,D,20160609,000000,23.565,23.683,23.517,23.675,72905,0
LVHD.US,D,20160610,000000,23.565,23.622,23.489,23.573,48750,0
LVHD.US,D,20160613,000000,23.709,23.709,23.454,23.454,117506,0
LVHD.US,D,20160614,000000,23.434,23.471,23.368,23.471,72763,0
LVHD.US,D,20160615,000000,23.701,23.701,23.454,23.454,50749,0
LVHD.US,D,20160616,000000,23.683,23.683,23.351,23.608,125934,0
LVHD.US,D,20160617,000000,23.657,23.657,23.497,23.631,84591,0
LVHD.US,D,20160620,000000,23.913,23.913,23.75,23.75,29097,0
LVHD.US,D,20160621,000000,23.851,23.851,23.725,23.768,24424,0
LVHD.US,D,20160622,000000,23.786,23.827,23.717,23.725,20257,0
LVHD.US,D,20160623,000000,23.962,23.962,23.818,23.939,35914,0
LVHD.US,D,20160624,000000,23.706,23.765,23.26,23.5,119828,0
LVHD.US,D,20160627,000000,23.363,23.363,23.149,23.311,53329,0
LVHD.US,D,20160628,000000,23.476,23.524,23.333,23.524,83606,0
LVHD.US,D,20160629,000000,23.697,23.808,23.655,23.783,67505,0
LVHD.US,D,20160630,000000,23.876,24.183,23.812,24.183,57325,0
LVHD.US,D,20160701,000000,24.313,24.313,24.163,24.235,78115,0
LVHD.US,D,20160705,000000,24.211,24.227,24.157,24.172,21538,0
LVHD.US,D,20160706,000000,24.124,24.295,24.092,24.295,46127,0
LVHD.US,D,20160707,000000,24.371,24.371,24.054,24.109,48158,0
LVHD.US,D,20160708,000000,24.243,24.416,24.183,24.416,34467,0
LVHD.US,D,20160711,000000,24.464,24.529,24.353,24.509,86684,0
LVHD.US,D,20160712,000000,24.601,24.601,24.45,24.482,88500,0
LVHD.US,D,20160713,000000,24.593,24.593,24.482,24.575,34355,0
LVHD.US,D,20160714,000000,24.669,24.669,24.505,24.553,75623,0
LVHD.US,D,20160715,000000,24.575,24.601,24.482,24.56,42834,0
LVHD.US,D,20160718,000000,24.631,24.631,24.547,24.575,52113,0
LVHD.US,D,20160719,000000,24.611,24.611,24.499,24.563,75294,0
LVHD.US,D,20160720,000000,24.646,24.646,24.529,24.575,49328,0
LVHD.US,D,20160721,000000,24.646,24.646,24.479,24.545,62231,0
LVHD.US,D,20160722,000000,24.611,24.747,24.605,24.735,39446,0
LVHD.US,D,20160725,000000,24.807,24.807,24.663,24.723,32812,0
LVHD.US,D,20160726,000000,24.79,24.79,24.563,24.639,37029,0
LVHD.US,D,20160727,000000,24.704,24.704,24.433,24.455,20838,0
LVHD.US,D,20160728,000000,24.455,24.537,24.341,24.499,54624,0
LVHD.US,D,20160729,000000,24.545,24.639,24.44,24.584,19846,0
LVHD.US,D,20160801,000000,24.519,24.639,24.519,24.593,103176,0
LVHD.US,D,20160802,000000,24.631,24.631,24.339,24.36,37391,0
LVHD.US,D,20160803,000000,24.295,24.329,24.227,24.304,31049,0
LVHD.US,D,20160804,000000,24.235,24.415,24.235,24.338,70008,0
LVHD.US,D,20160805,000000,24.391,24.396,24.346,24.362,35448,0
LVHD.US,D,20160808,000000,24.304,24.416,24.304,24.338,14421,0
LVHD.US,D,20160809,000000,24.374,24.425,24.338,24.38,31460,0
LVHD.US,D,20160810,000000,24.437,24.437,24.353,24.389,16498,0
LVHD.US,D,20160811,000000,24.49,24.49,24.44,24.49,20259,0
LVHD.US,D,20160812,000000,24.519,24.575,24.457,24.49,44535,0
LVHD.US,D,20160815,000000,24.593,24.593,24.406,24.416,48153,0
LVHD.US,D,20160816,000000,24.346,24.346,24.227,24.253,48639,0
LVHD.US,D,20160817,000000,24.193,24.346,24.099,24.345,39693,0
LVHD.US,D,20160818,000000,24.389,24.416,24.347,24.383,18471,0
LVHD.US,D,20160819,000000,24.455,24.455,24.211,24.277,12677,0
LVHD.US,D,20160822,000000,24.183,24.35,24.183,24.321,26742,0
LVHD.US,D,20160823,000000,24.39,24.44,24.356,24.38,9006,0
LVHD.US,D,20160824,000000,24.286,24.338,24.281,24.295,20708,0
LVHD.US,D,20160825,000000,24.268,24.353,24.268,24.321,10902,0
LVHD.US,D,20160826,000000,24.433,24.448,24.054,24.109,14108,0
LVHD.US,D,20160829,000000,24.193,24.268,24.187,24.259,21170,0
LVHD.US,D,20160830,000000,24.329,24.329,24.133,24.148,27518,0
LVHD.US,D,20160831,000000,24.157,24.203,24.054,24.183,15791,0
LVHD.US,D,20160901,000000,24.243,24.243,24.037,24.117,62214,0
LVHD.US,D,20160902,000000,24.304,24.362,24.273,24.361,13004,0
LVHD.US,D,20160906,000000,24.416,24.416,24.321,24.406,21186,0
LVHD.US,D,20160907,000000,24.509,24.509,24.357,24.473,29498,0
LVHD.US,D,20160908,000000,24.464,24.464,24.36,24.396,34885,0
LVHD.US,D,20160909,000000,24.295,24.295,23.587,23.587,45097,0
LVHD.US,D,20160912,000000,23.56,23.994,23.56,23.968,13185,0
LVHD.US,D,20160913,000000,23.936,23.936,23.545,23.604,26759,0
LVHD.US,D,20160914,000000,23.636,23.714,23.493,23.56,17343,0
LVHD.US,D,20160915,000000,23.587,23.738,23.587,23.738,35516,0
LVHD.US,D,20160916,000000,23.765,23.765,23.534,23.661,13775,0
LVHD.US,D,20160919,000000,23.774,23.841,23.728,23.793,14227,0
LVHD.US,D,20160920,000000,23.793,23.912,23.774,23.774,17484,0
LVHD.US,D,20160921,000000,23.747,24.117,23.747,24.109,47761,0
LVHD.US,D,20160922,000000,24.286,24.345,24.251,24.31,28356,0
LVHD.US,D,20160923,000000,24.329,24.329,24.243,24.259,27116,0
LVHD.US,D,20160926,000000,24.104,24.172,24.104,24.125,15361,0
LVHD.US,D,20160927,000000,24.131,24.162,24.045,24.077,48906,0
LVHD.US,D,20160928,000000,24.05,24.104,23.955,24.104,15882,0
LVHD.US,D,20160929,000000,24,24.059,23.855,23.913,17375,0
LVHD.US,D,20160930,000000,24.05,24.078,23.938,24,16780,0
LVHD.US,D,20161003,000000,23.843,23.868,23.767,23.827,53928,0
LVHD.US,D,20161004,000000,23.907,23.907,23.412,23.53,25578,0
LVHD.US,D,20161005,000000,23.637,23.637,23.509,23.542,37861,0
LVHD.US,D,20161006,000000,23.458,23.583,23.449,23.524,38907,0
LVHD.US,D,20161007,000000,23.586,23.586,23.394,23.467,22878,0
LVHD.US,D,20161010,000000,23.569,23.613,23.493,23.542,13660,0
LVHD.US,D,20161011,000000,23.56,23.56,23.25,23.306,64564,0
LVHD.US,D,20161012,000000,23.285,23.5,23.285,23.463,294885,0
LVHD.US,D,20161013,000000,23.302,23.54,23.302,23.458,27036,0
LVHD.US,D,20161014,000000,23.613,23.613,23.441,23.464,34678,0
LVHD.US,D,20161017,000000,23.467,23.499,23.406,23.406,34133,0
LVHD.US,D,20161018,000000,23.672,23.672,23.453,23.515,23171,0
LVHD.US,D,20161019,000000,23.588,23.588,23.456,23.552,16485,0
LVHD.US,D,20161020,000000,23.515,23.515,23.441,23.478,24704,0
LVHD.US,D,20161021,000000,23.492,23.569,23.492,23.542,24990,0
LVHD.US,D,20161024,000000,23.637,23.698,23.588,23.683,21322,0
LVHD.US,D,20161025,000000,23.656,23.672,23.628,23.637,10168,0
LVHD.US,D,20161026,000000,23.612,23.682,23.509,23.662,34543,0
LVHD.US,D,20161027,000000,23.681,23.707,23.454,23.467,23748,0
LVHD.US,D,20161028,000000,23.542,23.621,23.456,23.508,13666,0
LVHD.US,D,20161031,000000,23.628,23.722,23.604,23.692,15071,0
LVHD.US,D,20161101,000000,23.656,23.656,23.311,23.354,30096,0
LVHD.US,D,20161102,000000,23.224,23.298,23.196,23.245,66638,0
LVHD.US,D,20161103,000000,23.224,23.294,23.156,23.174,34061,0
LVHD.US,D,20161104,000000,23.166,23.315,23.166,23.187,24224,0
LVHD.US,D,20161107,000000,23.5,23.586,23.362,23.569,51340,0
LVHD.US,D,20161108,000000,23.542,23.827,23.542,23.827,33671,0
LVHD.US,D,20161109,000000,23.621,23.74,23.358,23.662,75721,0
LVHD.US,D,20161110,000000,23.785,23.785,23.362,23.476,209049,0
LVHD.US,D,20161111,000000,23.294,23.616,23.294,23.56,72841,0
LVHD.US,D,20161114,000000,23.458,23.613,23.458,23.569,44355,0
LVHD.US,D,20161115,000000,23.69,23.749,23.588,23.749,24875,0
LVHD.US,D,20161116,000000,23.726,23.726,23.581,23.662,47728,0
LVHD.US,D,20161117,000000,23.749,23.749,23.588,23.632,74408,0
LVHD.US,D,20161118,000000,23.74,23.74,23.56,23.625,42004,0
LVHD.US,D,20161121,000000,23.776,23.827,23.74,23.815,61166,0
LVHD.US,D,20161122,000000,23.724,24.035,23.724,24.016,34201,0
LVHD.US,D,20161123,000000,23.963,24.012,23.933,23.983,35473,0
LVHD.US,D,20161125,000000,24.136,24.162,24.118,24.153,10596,0
LVHD.US,D,20161128,000000,24.224,24.283,24.205,24.217,39099,0
LVHD.US,D,20161129,000000,24.127,24.387,24.127,24.343,49369,0
LVHD.US,D,20161130,000000,24.439,24.439,24.026,24.026,55819,0
LVHD.US,D,20161201,000000,23.954,24.016,23.924,23.971,38409,0
LVHD.US,D,20161202,000000,24.096,24.117,23.963,24.034,13047,0
LVHD.US,D,20161205,000000,24.106,24.185,24.059,24.185,12584,0
LVHD.US,D,20161206,000000,24.114,24.224,24.114,24.216,69107,0
LVHD.US,D,20161207,000000,24.351,24.669,24.318,24.621,23368,0
LVHD.US,D,20161208,000000,24.567,24.75,24.567,24.676,16876,0
LVHD.US,D,20161209,000000,24.733,24.869,24.733,24.869,52952,0
LVHD.US,D,20161212,000000,24.705,24.956,24.705,24.92,172723,0
LVHD.US,D,20161213,000000,25.067,25.067,24.886,24.989,75641,0
LVHD.US,D,20161214,000000,25.075,25.075,24.636,24.705,25024,0
LVHD.US,D,20161215,000000,24.631,24.771,24.631,24.705,36307,0
LVHD.US,D,20161216,000000,24.869,24.869,24.734,24.781,75510,0
LVHD.US,D,20161219,000000,24.852,24.938,24.848,24.92,19037,0
LVHD.US,D,20161220,000000,24.852,25.052,24.852,24.98,49825,0
LVHD.US,D,20161221,000000,24.947,25.043,24.877,24.877,35748,0
LVHD.US,D,20161222,000000,25.009,25.009,24.826,24.886,38482,0
LVHD.US,D,20161223,000000,25.016,25.016,24.857,24.914,33622,0
LVHD.US,D,20161227,000000,24.988,24.988,24.902,24.917,12552,0
LVHD.US,D,20161228,000000,25.007,25.007,24.719,24.736,19233,0
LVHD.US,D,20161229,000000,24.665,24.91,24.665,24.879,22308,0
LVHD.US,D,20161230,000000,24.997,24.997,24.754,24.787,32091,0
LVHD.US,D,20170103,000000,24.962,24.962,24.785,24.844,15106,0
LVHD.US,D,20170104,000000,24.978,25.109,24.978,25.066,41514,0
LVHD.US,D,20170105,000000,25.134,25.134,24.917,24.997,29788,0
LVHD.US,D,20170106,000000,24.893,25.05,24.866,25.007,57933,0
LVHD.US,D,20170109,000000,25.059,25.059,24.777,24.787,31726,0
LVHD.US,D,20170110,000000,24.709,24.856,24.709,24.777,55471,0
LVHD.US,D,20170111,000000,24.682,24.902,24.682,24.893,23584,0
LVHD.US,D,20170112,000000,24.936,24.936,24.761,24.927,14526,0
LVHD.US,D,20170113,000000,25.016,25.016,24.846,24.928,63723,0
LVHD.US,D,20170117,000000,24.944,25.059,24.944,25.014,18573,0
LVHD.US,D,20170118,000000,24.944,25.115,24.944,25.066,17212,0
LVHD.US,D,20170119,000000,24.997,25.124,24.91,24.994,28919,0
LVHD.US,D,20170120,000000,25.109,25.134,25.007,25.109,12499,0
LVHD.US,D,20170123,000000,25.196,25.196,25.008,25.066,19190,0
LVHD.US,D,20170124,000000,24.997,25.249,24.997,25.23,58181,0
LVHD.US,D,20170125,000000,25.286,25.354,25.249,25.327,19959,0
LVHD.US,D,20170126,000000,25.372,25.372,25.226,25.266,12787,0
LVHD.US,D,20170127,000000,25.23,25.315,25.172,25.213,20543,0
LVHD.US,D,20170130,000000,25.033,25.134,25.002,25.076,27955,0
LVHD.US,D,20170131,000000,25.134,25.195,25.024,25.169,24924,0
LVHD.US,D,20170201,000000,25.134,25.134,24.91,24.936,127049,0
LVHD.US,D,20170202,000000,24.841,25.051,24.841,25.032,125387,0
LVHD.US,D,20170203,000000,25.041,25.229,25.041,25.144,43584,0
LVHD.US,D,20170206,000000,25.117,25.186,25.109,25.144,26697,0
LVHD.US,D,20170207,000000,25.169,25.249,25.163,25.169,35113,0
LVHD.US,D,20170208,000000,25.117,25.273,25.117,25.266,27513,0
LVHD.US,D,20170209,000000,25.299,25.371,25.275,25.337,70577,0
LVHD.US,D,20170210,000000,25.394,25.422,25.337,25.399,21879,0
LVHD.US,D,20170213,000000,25.431,25.518,25.412,25.499,22336,0
LVHD.US,D,20170214,000000,25.518,25.518,25.383,25.469,36666,0
LVHD.US,D,20170215,000000,25.482,25.518,25.372,25.518,36126,0
LVHD.US,D,20170216,000000,25.611,25.611,25.611,25.611,22584,0
LVHD.US,D,20170217,000000,25.656,25.656,25.457,25.621,34186,0
LVHD.US,D,20170221,000000,25.705,25.835,25.642,25.822,23871,0
LVHD.US,D,20170222,000000,25.847,25.847,25.744,25.831,58102,0
LVHD.US,D,20170223,000000,25.888,25.897,25.755,25.863,38274,0
LVHD.US,D,20170224,000000,25.898,26.045,25.822,26.036,41398,0
LVHD.US,D,20170227,000000,26.099,26.099,25.952,26.011,15403,0
LVHD.US,D,20170228,000000,26.026,26.065,25.965,26.045,62300,0
LVHD.US,D,20170301,000000,26.141,26.255,26.045,26.151,40957,0
LVHD.US,D,20170302,000000,26.2,26.2,26.09,26.123,22980,0
LVHD.US,D,20170303,000000,26.186,26.186,25.969,26.072,57090,0
LVHD.US,D,20170306,000000,26.072,26.072,25.909,26.016,15000,0
LVHD.US,D,20170307,000000,25.898,25.987,25.898,25.958,32093,0
LVHD.US,D,20170308,000000,25.994,25.994,25.777,25.787,48196,0
LVHD.US,D,20170309,000000,25.854,25.863,25.649,25.725,34946,0
LVHD.US,D,20170310,000000,25.863,25.863,25.736,25.804,27932,0
LVHD.US,D,20170313,000000,25.843,25.863,25.777,25.863,18299,0
LVHD.US,D,20170314,000000,25.839,25.839,25.744,25.795,39181,0
LVHD.US,D,20170315,000000,25.962,26.158,25.847,26.115,48612,0
LVHD.US,D,20170316,000000,26.218,26.218,26.011,26.017,17121,0
LVHD.US,D,20170317,000000,26.011,26.21,26.011,26.174,27603,0
LVHD.US,D,20170320,000000,26.177,26.177,26.008,26.045,31571,0
LVHD.US,D,20170321,000000,26.16,26.16,25.907,25.915,43006,0
LVHD.US,D,20170322,000000,25.907,25.962,25.87,25.952,40957,0
LVHD.US,D,20170323,000000,25.969,26.082,25.889,25.907,22673,0
LVHD.US,D,20170324,000000,25.987,26.011,25.854,25.907,36756,0
LVHD.US,D,20170327,000000,25.738,25.866,25.738,25.825,21027,0
LVHD.US,D,20170328,000000,25.754,26.027,25.754,26.007,41171,0
LVHD.US,D,20170329,000000,26.078,26.078,25.938,26.007,18413,0
LVHD.US,D,20170330,000000,25.957,26.032,25.928,25.991,26057,0
LVHD.US,D,20170331,000000,26.051,26.096,26.007,26.022,56692,0
LVHD.US,D,20170403,000000,26.078,26.078,25.84,25.896,23596,0
LVHD.US,D,20170404,000000,25.991,25.999,25.859,25.966,24737,0
LVHD.US,D,20170405,000000,25.911,26.105,25.902,25.902,16476,0
LVHD.US,D,20170406,000000,25.974,26.022,25.911,25.98,13450,0
LVHD.US,D,20170407,000000,26.07,26.07,25.947,25.974,24573,0
LVHD.US,D,20170410,000000,25.884,26.033,25.884,25.966,39313,0
LVHD.US,D,20170411,000000,25.974,26.032,25.911,26.032,19036,0
LVHD.US,D,20170412,000000,26.078,26.078,25.961,26.015,68189,0
LVHD.US,D,20170413,000000,26.078,26.078,25.893,25.92,55163,0
LVHD.US,D,20170417,000000,25.999,26.096,25.966,26.091,58835,0
LVHD.US,D,20170418,000000,26.105,26.126,26.047,26.087,271447,0
LVHD.US,D,20170419,000000,26.157,26.157,25.957,25.966,47626,0
LVHD.US,D,20170420,000000,26.015,26.068,25.911,26.022,57724,0
LVHD.US,D,20170421,000000,26.13,26.13,25.979,26.032,76733,0
LVHD.US,D,20170424,000000,26.243,26.243,26.093,26.193,47559,0
LVHD.US,D,20170425,000000,26.313,26.339,26.263,26.31,69273,0
LVHD.US,D,20170426,000000,26.348,26.377,26.253,26.273,70590,0
LVHD.US,D,20170427,000000,26.385,26.385,26.246,26.297,27369,0
LVHD.US,D,20170428,000000,26.358,26.358,26.13,26.183,57239,0
LVHD.US,D,20170501,000000,26.305,26.305,26.087,26.13,144001,0
LVHD.US,D,20170502,000000,26.07,26.157,26.022,26.047,54322,0
LVHD.US,D,20170503,000000,26.13,26.13,25.956,25.999,91848,0
LVHD.US,D,20170504,000000,25.92,25.957,25.866,25.928,19794,0
LVHD.US,D,20170505,000000,25.957,26.13,25.957,26.13,78116,0
LVHD.US,D,20170508,000000,26.015,26.158,26.015,26.078,41691,0
LVHD.US,D,20170509,000000,26.148,26.148,25.874,25.911,40703,0
LVHD.US,D,20170510,000000,26.007,26.007,25.893,25.928,28091,0
LVHD.US,D,20170511,000000,25.928,25.928,25.77,25.863,51587,0
LVHD.US,D,20170512,000000,25.966,25.966,25.806,25.85,82736,0
LVHD.US,D,20170515,000000,25.77,25.999,25.77,25.966,70375,0
LVHD.US,D,20170516,000000,26.022,26.022,25.874,25.884,105001,0
LVHD.US,D,20170517,000000,25.928,25.928,25.746,25.762,121343,0
LVHD.US,D,20170518,000000,25.77,25.829,25.603,25.789,29028,0
LVHD.US,D,20170519,000000,25.866,25.974,25.799,25.938,13911,0
LVHD.US,D,20170522,000000,26.032,26.13,26,26.13,24651,0
LVHD.US,D,20170523,000000,26.07,26.199,26.07,26.111,40865,0
LVHD.US,D,20170524,000000,26.07,26.233,26.07,26.233,43214,0
LVHD.US,D,20170525,000000,26.263,26.368,26.25,26.348,19370,0
LVHD.US,D,20170526,000000,26.403,26.403,26.299,26.348,20117,0
LVHD.US,D,20170530,000000,26.368,26.403,26.305,26.368,29745,0
LVHD.US,D,20170531,000000,26.489,26.489,26.36,26.467,37926,0
LVHD.US,D,20170601,000000,26.551,26.673,26.47,26.629,25571,0
LVHD.US,D,20170602,000000,26.77,26.77,26.643,26.734,14792,0
LVHD.US,D,20170605,000000,26.779,26.779,26.603,26.629,42552,0
LVHD.US,D,20170606,000000,26.673,26.673,26.524,26.56,21945,0
LVHD.US,D,20170607,000000,26.621,26.621,26.524,26.577,30825,0
LVHD.US,D,20170608,000000,26.436,26.506,26.423,26.506,19307,0
LVHD.US,D,20170609,000000,26.551,26.603,26.477,26.603,31621,0
LVHD.US,D,20170612,000000,26.577,26.759,26.577,26.691,20181,0
LVHD.US,D,20170613,000000,26.788,26.788,26.654,26.751,31775,0
LVHD.US,D,20170614,000000,26.903,26.903,26.755,26.835,32028,0
LVHD.US,D,20170615,000000,26.805,26.922,26.749,26.912,23580,0
LVHD.US,D,20170616,000000,27.014,27.014,26.884,26.97,27973,0
LVHD.US,D,20170619,000000,27.093,27.093,26.959,27.015,14521,0
LVHD.US,D,20170620,000000,27.042,27.042,26.907,26.938,40477,0
LVHD.US,D,20170621,000000,26.934,26.934,26.746,26.786,21202,0
LVHD.US,D,20170622,000000,26.864,26.864,26.737,26.742,32904,0
LVHD.US,D,20170623,000000,26.84,26.84,26.726,26.758,42816,0
LVHD.US,D,20170626,000000,26.895,26.936,26.87,26.872,26179,0
LVHD.US,D,20170627,000000,26.751,26.843,26.653,26.679,14296,0
LVHD.US,D,20170628,000000,26.848,26.848,26.69,26.7,19392,0
LVHD.US,D,20170629,000000,26.643,26.643,26.333,26.426,22123,0
LVHD.US,D,20170630,000000,26.575,26.575,26.427,26.478,35812,0
LVHD.US,D,20170703,000000,26.568,26.62,26.532,26.575,15139,0
LVHD.US,D,20170705,000000,26.636,26.636,26.4,26.434,24553,0
LVHD.US,D,20170706,000000,26.31,26.344,26.161,26.179,55031,0
LVHD.US,D,20170707,000000,26.161,26.285,26.161,26.268,60014,0
LVHD.US,D,20170710,000000,26.294,26.294,26.203,26.22,4661227,0
LVHD.US,D,20170711,000000,26.278,26.278,26.091,26.161,28909,0
LVHD.US,D,20170712,000000,26.161,26.433,26.161,26.383,43579,0
LVHD.US,D,20170713,000000,26.285,26.344,26.268,26.31,28895,0
LVHD.US,D,20170714,000000,26.434,26.463,26.364,26.443,23171,0
LVHD.US,D,20170717,000000,26.4,26.453,26.398,26.431,17872,0
LVHD.US,D,20170718,000000,26.495,26.495,26.335,26.386,23851,0
LVHD.US,D,20170719,000000,26.443,26.513,26.373,26.478,30387,0
LVHD.US,D,20170720,000000,26.568,26.593,26.426,26.505,23173,0
LVHD.US,D,20170721,000000,26.575,26.575,26.4,26.568,36829,0
LVHD.US,D,20170724,000000,26.495,26.505,26.407,26.417,26508,0
LVHD.US,D,20170725,000000,26.426,26.54,26.426,26.495,24079,0
LVHD.US,D,20170726,000000,26.662,26.662,26.505,26.563,20711,0
LVHD.US,D,20170727,000000,26.709,26.76,26.522,26.734,30810,0
LVHD.US,D,20170728,000000,26.841,26.841,26.4,26.559,27602,0
LVHD.US,D,20170731,000000,26.662,26.662,26.568,26.643,23017,0
LVHD.US,D,20170801,000000,26.602,26.636,26.553,26.584,41895,0
LVHD.US,D,20170802,000000,26.549,26.593,26.478,26.549,75780,0
LVHD.US,D,20170803,000000,26.54,26.62,26.53,26.549,27955,0
LVHD.US,D,20170804,000000,26.568,26.611,26.522,26.588,42186,0
LVHD.US,D,20170807,000000,26.7,26.7,26.575,26.636,15306,0
LVHD.US,D,20170808,000000,26.662,26.662,26.505,26.53,61293,0
LVHD.US,D,20170809,000000,26.487,26.568,26.453,26.495,28077,0
LVHD.US,D,20170810,000000,26.53,26.53,26.373,26.373,32875,0
LVHD.US,D,20170811,000000,26.53,26.53,26.301,26.318,46462,0
LVHD.US,D,20170814,000000,26.487,26.593,26.4,26.575,30411,0
LVHD.US,D,20170815,000000,26.495,26.636,26.495,26.636,20956,0
LVHD.US,D,20170816,000000,26.643,26.734,26.635,26.672,22695,0
LVHD.US,D,20170817,000000,26.522,26.636,26.412,26.412,36008,0
LVHD.US,D,20170818,000000,26.54,26.54,26.325,26.355,69650,0
LVHD.US,D,20170821,000000,26.294,26.478,26.294,26.466,15227,0
LVHD.US,D,20170822,000000,26.487,26.602,26.487,26.583,24395,0
LVHD.US,D,20170823,000000,26.593,26.593,26.478,26.54,21316,0
LVHD.US,D,20170824,000000,26.505,26.565,26.478,26.478,26695,0
LVHD.US,D,20170825,000000,26.513,26.653,26.513,26.602,24431,0
LVHD.US,D,20170828,000000,26.672,26.672,26.5,26.558,24994,0
LVHD.US,D,20170829,000000,26.434,26.575,26.434,26.54,64604,0
LVHD.US,D,20170830,000000,26.611,26.611,26.505,26.568,25870,0
LVHD.US,D,20170831,000000,26.522,26.717,26.522,26.691,53765,0
LVHD.US,D,20170901,000000,26.672,26.806,26.672,26.788,154271,0
LVHD.US,D,20170905,000000,26.832,26.832,26.54,26.584,35555,0
LVHD.US,D,20170906,000000,26.742,26.742,26.623,26.636,17141,0
LVHD.US,D,20170907,000000,26.628,26.672,26.549,26.628,74309,0
LVHD.US,D,20170908,000000,26.672,26.681,26.54,26.643,102174,0
LVHD.US,D,20170911,000000,26.709,26.922,26.704,26.885,18150,0
LVHD.US,D,20170912,000000,27.035,27.035,26.816,26.848,42405,0
LVHD.US,D,20170913,000000,26.97,26.97,26.816,26.841,44722,0
LVHD.US,D,20170914,000000,26.862,26.98,26.857,26.932,61991,0
LVHD.US,D,20170915,000000,27.096,27.096,26.952,27.076,77021,0
LVHD.US,D,20170918,000000,27.175,27.175,27,27.05,43890,0
LVHD.US,D,20170919,000000,27.045,27.088,27.017,27.026,47143,0
LVHD.US,D,20170920,000000,27.106,27.106,26.905,26.97,53198,0
LVHD.US,D,20170921,000000,27.035,27.035,26.865,26.899,32389,0
LVHD.US,D,20170922,000000,26.938,26.952,26.875,26.913,40600,0
LVHD.US,D,20170925,000000,27.078,27.116,26.992,27.116,48749,0
LVHD.US,D,20170926,000000,27.24,27.24,27.068,27.078,101317,0
LVHD.US,D,20170927,000000,27.008,27.008,26.842,26.944,61746,0
LVHD.US,D,20170928,000000,26.838,26.999,26.838,26.999,37224,0
LVHD.US,D,20170929,000000,26.921,27.016,26.921,26.944,41685,0
LVHD.US,D,20171002,000000,26.944,27.083,26.944,27.078,71156,0
LVHD.US,D,20171003,000000,27.008,27.116,27.008,27.116,70128,0
LVHD.US,D,20171004,000000,27.016,27.213,27.016,27.213,48784,0
LVHD.US,D,20171005,000000,27.166,27.265,27.166,27.258,24070,0
LVHD.US,D,20171006,000000,27.258,27.258,27.123,27.194,295308,0
LVHD.US,D,20171009,000000,27.258,27.258,27.184,27.204,133108,0
LVHD.US,D,20171010,000000,27.156,27.364,27.156,27.32,53102,0
LVHD.US,D,20171011,000000,27.372,27.426,27.329,27.381,31997,0
LVHD.US,D,20171012,000000,27.372,27.443,27.336,27.408,29449,0
LVHD.US,D,20171013,000000,27.416,27.525,27.399,27.399,55773,0
LVHD.US,D,20171016,000000,27.505,27.505,27.372,27.426,51376,0
LVHD.US,D,20171017,000000,27.391,27.426,27.346,27.413,22714,0
LVHD.US,D,20171018,000000,27.408,27.523,27.408,27.469,38572,0
LVHD.US,D,20171019,000000,27.515,27.534,27.408,27.534,59839,0
LVHD.US,D,20171020,000000,27.594,27.594,27.505,27.59,75209,0
LVHD.US,D,20171023,000000,27.702,27.702,27.478,27.505,48346,0
LVHD.US,D,20171024,000000,27.408,27.525,27.408,27.478,91800,0
LVHD.US,D,20171025,000000,27.496,27.496,27.156,27.249,226310,0
LVHD.US,D,20171026,000000,27.274,27.461,27.274,27.346,65133,0
LVHD.US,D,20171027,000000,27.321,27.426,27.223,27.381,63715,0
LVHD.US,D,20171030,000000,27.381,27.381,27.223,27.257,36476,0
LVHD.US,D,20171031,000000,27.426,27.426,27.231,27.283,99930,0
LVHD.US,D,20171101,000000,27.336,27.348,27.24,27.265,40992,0
LVHD.US,D,20171102,000000,27.391,27.391,27.124,27.252,49143,0
LVHD.US,D,20171103,000000,27.274,27.274,27.16,27.194,94301,0
LVHD.US,D,20171106,000000,27.141,27.24,27.141,27.156,56313,0
LVHD.US,D,20171107,000000,27.23,27.301,27.223,27.301,71347,0
LVHD.US,D,20171108,000000,27.32,27.372,27.221,27.364,83649,0
LVHD.US,D,20171109,000000,27.283,27.32,27.194,27.258,44173,0
LVHD.US,D,20171110,000000,27.265,27.301,27.204,27.283,55390,0
LVHD.US,D,20171113,000000,27.249,27.408,27.249,27.404,60415,0
LVHD.US,D,20171114,000000,27.391,27.461,27.317,27.445,67442,0
LVHD.US,D,20171115,000000,27.356,27.356,27.24,27.24,235272,0
LVHD.US,D,20171116,000000,27.265,27.469,27.265,27.404,104345,0
LVHD.US,D,20171117,000000,27.274,27.443,27.274,27.381,90362,0
LVHD.US,D,20171120,000000,27.443,27.495,27.391,27.426,67970,0
LVHD.US,D,20171121,000000,27.551,27.586,27.534,27.56,63896,0
LVHD.US,D,20171122,000000,27.578,27.586,27.513,27.571,40251,0
LVHD.US,D,20171124,000000,27.641,27.641,27.569,27.569,16911,0
LVHD.US,D,20171127,000000,27.602,27.668,27.602,27.641,50346,0
LVHD.US,D,20171128,000000,27.748,27.923,27.641,27.872,110831,0
LVHD.US,D,20171129,000000,27.979,28.112,27.979,28.063,63654,0
LVHD.US,D,20171130,000000,28.201,28.309,28.112,28.237,323220,0
LVHD.US,D,20171201,000000,28.281,28.281,27.937,28.183,52500,0
LVHD.US,D,20171204,000000,28.442,28.502,28.35,28.361,63380,0
LVHD.US,D,20171205,000000,28.495,28.495,28.157,28.166,56348,0
LVHD.US,D,20171206,000000,28.201,28.226,28.102,28.183,63557,0
LVHD.US,D,20171207,000000,28.129,28.219,28.129,28.192,139743,0
LVHD.US,D,20171208,000000,28.192,28.292,28.152,28.292,51060,0
LVHD.US,D,20171211,000000,28.254,28.326,28.183,28.326,129063,0
LVHD.US,D,20171212,000000,28.442,28.442,28.263,28.291,57398,0
LVHD.US,D,20171213,000000,28.405,28.423,28.281,28.361,95817,0
LVHD.US,D,20171214,000000,28.388,28.388,28.229,28.229,151723,0
LVHD.US,D,20171215,000000,28.378,28.503,28.336,28.451,44606,0
LVHD.US,D,20171218,000000,28.52,28.585,28.495,28.52,42441,0
LVHD.US,D,20171219,000000,28.511,28.575,28.297,28.318,45464,0
LVHD.US,D,20171220,000000,28.361,28.368,28.229,28.236,55573,0
LVHD.US,D,20171221,000000,28.369,28.369,28.183,28.192,37080,0
LVHD.US,D,20171222,000000,28.173,28.291,28.173,28.254,167268,0
LVHD.US,D,20171226,000000,28.362,28.362,28.21,28.245,33127,0
LVHD.US,D,20171227,000000,28.327,28.327,28.219,28.281,25702,0
LVHD.US,D,20171228,000000,28.379,28.379,28.254,28.344,65347,0
LVHD.US,D,20171229,000000,28.425,28.425,28.311,28.318,123023,0
LVHD.US,D,20180102,000000,28.416,28.416,28.156,28.22,50515,0
LVHD.US,D,20180103,000000,28.191,28.31,28.112,28.182,54650,0
LVHD.US,D,20180104,000000,28.156,28.281,28.116,28.167,76090,0
LVHD.US,D,20180105,000000,28.254,28.254,28.137,28.254,38217,0
LVHD.US,D,20180108,000000,28.245,28.368,28.191,28.327,96918,0
LVHD.US,D,20180109,000000,28.327,28.352,28.2,28.234,56912,0
LVHD.US,D,20180110,000000,27.976,28.101,27.967,28.048,110387,0
LVHD.US,D,20180111,000000,28.111,28.199,28.083,28.165,253550,0
LVHD.US,D,20180112,000000,28.091,28.281,28.091,28.173,61774,0
LVHD.US,D,20180116,000000,28.245,28.352,28.061,28.131,104780,0
LVHD.US,D,20180117,000000,28.165,28.37,28.156,28.318,54707,0
LVHD.US,D,20180118,000000,28.245,28.336,28.127,28.128,77012,0
LVHD.US,D,20180119,000000,28.263,28.263,28.156,28.211,33018,0
LVHD.US,D,20180122,000000,28.254,28.37,28.229,28.37,40392,0
LVHD.US,D,20180123,000000,28.352,28.563,28.352,28.532,43835,0
LVHD.US,D,20180124,000000,28.425,28.578,28.425,28.504,202752,0
LVHD.US,D,20180125,000000,28.523,28.529,28.425,28.513,55666,0
LVHD.US,D,20180126,000000,28.551,28.729,28.539,28.72,40260,0
LVHD.US,D,20180129,000000,28.711,28.711,28.406,28.406,35200,0
LVHD.US,D,20180130,000000,28.416,28.416,28.221,28.229,44679,0
LVHD.US,D,20180131,000000,28.398,28.398,28.156,28.31,41907,0
LVHD.US,D,20180201,000000,28.291,28.327,28.061,28.061,23782,0
LVHD.US,D,20180202,000000,28.065,28.065,27.644,27.662,61336,0
LVHD.US,D,20180205,000000,27.544,27.681,26.764,26.764,142295,0
LVHD.US,D,20180206,000000,26.171,27.067,26.153,26.927,122068,0
LVHD.US,D,20180207,000000,26.967,27.347,26.967,26.997,126519,0
LVHD.US,D,20180208,000000,26.843,27.105,26.436,26.44,52536,0
LVHD.US,D,20180209,000000,26.567,26.871,26.121,26.871,76213,0
LVHD.US,D,20180212,000000,26.763,27.131,26.727,26.997,4080298,0
LVHD.US,D,20180213,000000,26.997,27.105,26.809,27.087,89700,0
LVHD.US,D,20180214,000000,26.843,27.16,26.843,27.106,197613,0
LVHD.US,D,20180215,000000,27.175,27.41,27.099,27.41,145427,0
LVHD.US,D,20180216,000000,27.32,27.697,27.32,27.554,161045,0
LVHD.US,D,20180220,000000,27.537,27.537,27.145,27.183,268220,0
LVHD.US,D,20180221,000000,27.223,27.32,26.942,26.942,59419,0
LVHD.US,D,20180222,000000,26.997,27.231,26.997,27.032,88140,0
LVHD.US,D,20180223,000000,27.131,27.428,27.095,27.428,151083,0
LVHD.US,D,20180226,000000,27.518,27.635,27.427,27.59,134400,0
LVHD.US,D,20180227,000000,27.596,27.652,27.184,27.184,94844,0
LVHD.US,D,20180228,000000,27.194,27.302,26.89,26.89,42010,0
LVHD.US,D,20180301,000000,26.9,26.942,26.484,26.636,73762,0
LVHD.US,D,20180302,000000,26.557,26.682,26.441,26.682,71400,0
LVHD.US,D,20180305,000000,26.592,27.068,26.592,27.042,50943,0
LVHD.US,D,20180306,000000,27.131,27.131,26.875,27.004,84499,0
LVHD.US,D,20180307,000000,26.87,27.001,26.809,26.95,108526,0
LVHD.US,D,20180308,000000,27.087,27.105,26.979,27.061,74217,0
LVHD.US,D,20180309,000000,27.095,27.284,27.095,27.275,78492,0
LVHD.US,D,20180312,000000,27.24,27.453,27.24,27.41,61150,0
LVHD.US,D,20180313,000000,27.499,27.537,27.276,27.284,75579,0
LVHD.US,D,20180314,000000,27.347,27.456,27.204,27.219,50086,0
LVHD.US,D,20180315,000000,27.329,27.329,27.156,27.194,47263,0
LVHD.US,D,20180316,000000,27.284,27.347,27.24,27.347,42632,0
LVHD.US,D,20180319,000000,27.156,27.176,26.862,27.014,35642,0
LVHD.US,D,20180320,000000,27.156,27.156,26.908,26.927,31267,0
LVHD.US,D,20180321,000000,26.829,26.95,26.759,26.817,189786,0
LVHD.US,D,20180322,000000,26.701,26.843,26.467,26.477,33773,0
LVHD.US,D,20180323,000000,26.43,26.61,25.974,26.016,94371,0
LVHD.US,D,20180326,000000,26.372,26.463,26.164,26.444,60668,0
LVHD.US,D,20180327,000000,26.479,26.732,26.389,26.471,92220,0
LVHD.US,D,20180328,000000,26.299,26.659,26.299,26.533,56052,0
LVHD.US,D,20180329,000000,26.715,26.823,26.679,26.77,75828,0
LVHD.US,D,20180402,000000,26.571,26.732,26.077,26.253,132273,0
LVHD.US,D,20180403,000000,26.463,26.616,26.29,26.553,48325,0
LVHD.US,D,20180404,000000,26.233,26.833,26.233,26.788,52215,0
LVHD.US,D,20180405,000000,26.77,27.019,26.698,26.976,70956,0
LVHD.US,D,20180406,000000,26.842,26.949,26.468,26.596,81731,0
LVHD.US,D,20180409,000000,26.77,26.908,26.623,26.698,42696,0
LVHD.US,D,20180410,000000,26.76,26.888,26.698,26.76,53985,0
LVHD.US,D,20180411,000000,26.697,26.788,26.66,26.697,46102,0
LVHD.US,D,20180412,000000,26.732,26.805,26.623,26.633,28266,0
LVHD.US,D,20180413,000000,26.751,26.76,26.584,26.679,38681,0
LVHD.US,D,20180416,000000,26.715,26.966,26.715,26.935,76035,0
LVHD.US,D,20180417,000000,27.041,27.15,26.966,27.057,55830,0
LVHD.US,D,20180418,000000,27.067,27.15,26.986,26.986,21662,0
LVHD.US,D,20180419,000000,26.77,26.77,26.506,26.606,54674,0
LVHD.US,D,20180420,000000,26.533,26.615,26.29,26.324,50202,0
LVHD.US,D,20180423,000000,26.479,26.479,26.327,26.431,58536,0
LVHD.US,D,20180424,000000,26.615,26.615,26.223,26.292,55146,0
LVHD.US,D,20180425,000000,26.273,26.47,26.253,26.38,47402,0
LVHD.US,D,20180426,000000,26.436,26.639,26.4,26.571,80226,0
LVHD.US,D,20180427,000000,26.587,26.788,26.562,26.715,34672,0
LVHD.US,D,20180430,000000,26.741,26.806,26.506,26.506,35620,0
LVHD.US,D,20180501,000000,26.479,26.506,26.299,26.471,48814,0
LVHD.US,D,20180502,000000,26.352,26.471,26.233,26.273,185411,0
LVHD.US,D,20180503,000000,26.134,26.372,26.034,26.273,45421,0
LVHD.US,D,20180504,000000,26.263,26.633,26.263,26.514,35413,0
LVHD.US,D,20180507,000000,26.596,26.642,26.506,26.542,31345,0
LVHD.US,D,20180508,000000,26.463,26.463,26.229,26.3,40003,0
LVHD.US,D,20180509,000000,26.333,26.416,26.263,26.371,29261,0
LVHD.US,D,20180510,000000,26.525,26.615,26.467,26.615,54485,0
LVHD.US,D,20180511,000000,26.579,26.741,26.579,26.65,174011,0
LVHD.US,D,20180514,000000,26.659,26.739,26.579,26.606,54210,0
LVHD.US,D,20180515,000000,26.514,26.633,26.425,26.514,48428,0
LVHD.US,D,20180516,000000,26.444,26.602,26.444,26.543,97466,0
LVHD.US,D,20180517,000000,26.514,26.615,26.478,26.533,140892,0
LVHD.US,D,20180518,000000,26.454,26.495,26.389,26.467,49738,0
LVHD.US,D,20180521,000000,26.615,26.679,26.495,26.623,40073,0
LVHD.US,D,20180522,000000,26.76,26.76,26.596,26.642,67252,0
LVHD.US,D,20180523,000000,26.606,26.724,26.583,26.724,132342,0
LVHD.US,D,20180524,000000,26.642,26.806,26.642,26.799,272859,0
LVHD.US,D,20180525,000000,26.842,26.842,26.737,26.806,35458,0
LVHD.US,D,20180529,000000,26.715,26.812,26.606,26.732,33724,0
LVHD.US,D,20180530,000000,26.751,27.067,26.706,27.006,36918,0
LVHD.US,D,20180531,000000,26.916,26.918,26.734,26.798,38023,0
LVHD.US,D,20180601,000000,26.823,26.866,26.737,26.779,27001,0
LVHD.US,D,20180604,000000,26.908,26.976,26.819,26.845,276804,0
LVHD.US,D,20180605,000000,26.788,26.842,26.741,26.779,34284,0
LVHD.US,D,20180606,000000,26.868,26.868,26.607,26.711,44153,0
LVHD.US,D,20180607,000000,26.698,26.949,26.698,26.86,50387,0
LVHD.US,D,20180608,000000,26.77,26.952,26.77,26.952,56457,0
LVHD.US,D,20180611,000000,27.023,27.023,26.944,26.972,59581,0
LVHD.US,D,20180612,000000,26.966,27.095,26.941,27.077,30198,0
LVHD.US,D,20180613,000000,26.996,27.052,26.85,26.85,55067,0
LVHD.US,D,20180614,000000,26.833,27.05,26.833,26.986,36705,0
LVHD.US,D,20180615,000000,26.85,27.122,26.85,27.122,38150,0
LVHD.US,D,20180618,000000,27.176,27.176,26.949,27.031,40774,0
LVHD.US,D,20180619,000000,27.031,27.129,26.996,27.129,32575,0
LVHD.US,D,20180620,000000,27.131,27.176,27.057,27.14,31106,0
LVHD.US,D,20180621,000000,27.087,27.141,27.006,27.077,40049,0
LVHD.US,D,20180622,000000,27.214,27.286,27.205,27.25,22940,0
LVHD.US,D,20180625,000000,27.286,27.286,27.122,27.277,21193,0
LVHD.US,D,20180626,000000,27.413,27.413,27.244,27.295,70780,0
LVHD.US,D,20180627,000000,27.25,27.4,27.196,27.215,29413,0
LVHD.US,D,20180628,000000,27.322,27.331,27.166,27.277,362932,0
LVHD.US,D,20180629,000000,27.286,27.458,27.213,27.291,56210,0
LVHD.US,D,20180702,000000,27.295,27.295,27.029,27.213,46288,0
LVHD.US,D,20180703,000000,27.35,27.449,27.277,27.313,53235,0
LVHD.US,D,20180705,000000,27.36,27.56,27.322,27.56,21155,0
LVHD.US,D,20180706,000000,27.495,27.761,27.477,27.734,68824,0
LVHD.US,D,20180709,000000,27.854,27.854,27.44,27.477,83061,0
LVHD.US,D,20180710,000000,27.481,27.676,27.477,27.671,40429,0
LVHD.US,D,20180711,000000,27.495,27.707,27.495,27.584,30939,0
LVHD.US,D,20180712,000000,27.579,27.614,27.551,27.614,37092,0
LVHD.US,D,20180713,000000,27.604,27.624,27.551,27.604,27760,0
LVHD.US,D,20180716,000000,27.569,27.638,27.467,27.524,39926,0
LVHD.US,D,20180717,000000,27.449,27.579,27.449,27.485,39399,0
LVHD.US,D,20180718,000000,27.534,27.534,27.322,27.36,40751,0
LVHD.US,D,20180719,000000,27.422,27.541,27.368,27.46,18210,0
LVHD.US,D,20180720,000000,27.377,27.396,27.286,27.331,40752,0
LVHD.US,D,20180723,000000,27.277,27.286,27.194,27.232,30843,0
LVHD.US,D,20180724,000000,27.286,27.313,27.13,27.277,66224,0
LVHD.US,D,20180725,000000,27.223,27.44,27.223,27.404,54746,0
LVHD.US,D,20180726,000000,27.34,27.699,27.34,27.614,67538,0
LVHD.US,D,20180727,000000,27.666,27.688,27.541,27.586,28038,0
LVHD.US,D,20180730,000000,27.551,27.688,27.551,27.632,49842,0
LVHD.US,D,20180731,000000,27.787,27.915,27.633,27.875,33915,0
LVHD.US,D,20180801,000000,27.815,27.815,27.615,27.707,26391,0
LVHD.US,D,20180802,000000,27.541,27.835,27.541,27.825,80936,0
LVHD.US,D,20180803,000000,27.825,28.158,27.825,28.141,23750,0
LVHD.US,D,20180806,000000,28.235,28.235,28.062,28.118,33105,0
LVHD.US,D,20180807,000000,28.219,28.219,28.035,28.172,21806,0
LVHD.US,D,20180808,000000,28.127,28.127,28.035,28.035,23148,0
LVHD.US,D,20180809,000000,28.035,28.154,28.035,28.072,18068,0
LVHD.US,D,20180810,000000,27.999,28.077,27.944,27.944,14480,0
LVHD.US,D,20180813,000000,27.934,27.961,27.825,27.888,18392,0
LVHD.US,D,20180814,000000,27.924,28.08,27.924,28.053,98119,0
LVHD.US,D,20180815,000000,27.944,28.163,27.944,28.151,31948,0
LVHD.US,D,20180816,000000,28.209,28.446,28.209,28.438,156416,0
LVHD.US,D,20180817,000000,28.327,28.628,28.327,28.593,30821,0
LVHD.US,D,20180820,000000,28.565,28.737,28.565,28.637,53395,0
LVHD.US,D,20180821,000000,28.693,28.693,28.547,28.593,46674,0
LVHD.US,D,20180822,000000,28.509,28.528,28.364,28.404,23627,0
LVHD.US,D,20180823,000000,28.428,28.428,28.336,28.364,70912,0
LVHD.US,D,20180824,000000,28.418,28.51,28.336,28.464,33322,0
LVHD.US,D,20180827,000000,28.509,28.593,28.382,28.464,32161,0
LVHD.US,D,20180828,000000,28.483,28.483,28.409,28.428,51153,0
LVHD.US,D,20180829,000000,28.509,28.565,28.44,28.528,35968,0
LVHD.US,D,20180830,000000,28.575,28.575,28.41,28.428,22630,0
LVHD.US,D,20180831,000000,28.473,28.496,28.319,28.418,15653,0
LVHD.US,D,20180904,000000,28.301,28.518,28.301,28.372,37634,0
LVHD.US,D,20180905,000000,28.409,28.656,28.409,28.637,29421,0
LVHD.US,D,20180906,000000,28.702,28.763,28.65,28.693,28922,0
LVHD.US,D,20180907,000000,28.547,28.562,28.476,28.559,21948,0
LVHD.US,D,20180910,000000,28.665,28.783,28.637,28.676,35544,0
LVHD.US,D,20180911,000000,28.537,28.665,28.537,28.584,32744,0
LVHD.US,D,20180912,000000,28.528,28.759,28.528,28.719,23052,0
LVHD.US,D,20180913,000000,28.847,28.847,28.678,28.775,19440,0
LVHD.US,D,20180914,000000,28.857,28.857,28.61,28.766,23592,0
LVHD.US,D,20180917,000000,28.792,28.828,28.685,28.757,17303,0
LVHD.US,D,20180918,000000,28.711,28.711,28.586,28.647,20687,0
LVHD.US,D,20180919,000000,28.766,28.766,28.327,28.368,41486,0
LVHD.US,D,20180920,000000,28.382,28.589,28.357,28.565,49681,0
LVHD.US,D,20180921,000000,28.537,28.702,28.537,28.683,27041,0
LVHD.US,D,20180924,000000,28.683,28.683,28.364,28.372,49752,0
LVHD.US,D,20180925,000000,28.465,28.465,28.217,28.217,28849,0
LVHD.US,D,20180926,000000,28.188,28.291,28.04,28.059,50306,0
LVHD.US,D,20180927,000000,27.986,28.244,27.883,28.095,39467,0
LVHD.US,D,20180928,000000,28.086,28.258,28.059,28.258,29357,0
LVHD.US,D,20181001,000000,28.271,28.336,28.197,28.197,25895,0
LVHD.US,D,20181002,000000,28.207,28.46,28.207,28.394,45289,0
LVHD.US,D,20181003,000000,28.419,28.535,28.162,28.271,87051,0
LVHD.US,D,20181004,000000,28.281,28.281,28.079,28.207,36606,0
LVHD.US,D,20181005,000000,28.188,28.422,28.188,28.409,24704,0
LVHD.US,D,20181008,000000,28.364,28.706,28.364,28.696,14627,0
LVHD.US,D,20181009,000000,28.713,28.769,28.586,28.664,28871,0
LVHD.US,D,20181010,000000,28.53,28.706,28.226,28.262,48566,0
LVHD.US,D,20181011,000000,28.197,28.197,27.449,27.542,66346,0
LVHD.US,D,20181012,000000,27.672,27.672,27.349,27.626,42872,0
LVHD.US,D,20181015,000000,27.653,27.848,27.597,27.672,32106,0
LVHD.US,D,20181016,000000,27.755,28.031,27.755,28.031,59309,0
LVHD.US,D,20181017,000000,27.892,28.09,27.829,28.059,12015,0
LVHD.US,D,20181018,000000,27.957,28.234,27.866,27.948,47820,0
LVHD.US,D,20181019,000000,28.005,28.228,27.986,28.179,17549,0
LVHD.US,D,20181022,000000,28.244,28.244,27.891,27.957,22658,0
LVHD.US,D,20181023,000000,27.681,28.014,27.681,27.866,65973,0
LVHD.US,D,20181024,000000,27.819,28.132,27.803,27.839,29792,0
LVHD.US,D,20181025,000000,27.875,27.919,27.644,27.839,34078,0
LVHD.US,D,20181026,000000,27.691,27.763,27.294,27.359,62517,0
LVHD.US,D,20181029,000000,27.495,27.939,27.449,27.7,96377,0
LVHD.US,D,20181030,000000,27.635,28.058,27.635,28.05,28940,0
LVHD.US,D,20181031,000000,28.115,28.115,27.759,27.866,62710,0
LVHD.US,D,20181101,000000,27.8,27.967,27.8,27.967,134165,0
LVHD.US,D,20181102,000000,27.939,28.005,27.542,27.718,57084,0
LVHD.US,D,20181105,000000,27.866,28.115,27.866,28.069,30178,0
LVHD.US,D,20181106,000000,28.105,28.253,28.05,28.229,28594,0
LVHD.US,D,20181107,000000,28.364,28.546,28.152,28.532,52215,0
LVHD.US,D,20181108,000000,28.539,28.586,28.392,28.439,36354,0
LVHD.US,D,20181109,000000,28.501,28.63,28.471,28.604,41135,0
LVHD.US,D,20181112,000000,28.62,28.787,28.539,28.539,97815,0
LVHD.US,D,20181113,000000,28.63,28.63,28.429,28.52,164107,0
LVHD.US,D,20181114,000000,28.63,28.63,28.359,28.382,25491,0
LVHD.US,D,20181115,000000,28.226,28.464,28.158,28.409,20087,0
LVHD.US,D,20181116,000000,28.544,28.647,28.469,28.58,77943,0
LVHD.US,D,20181119,000000,28.51,28.706,28.439,28.582,41250,0
LVHD.US,D,20181120,000000,28.567,28.567,28.267,28.3,52426,0
LVHD.US,D,20181121,000000,28.244,28.382,28.162,28.178,117048,0
LVHD.US,D,20181123,000000,28.105,28.185,28.048,28.17,11285,0
LVHD.US,D,20181126,000000,28.281,28.318,28.161,28.31,263645,0
LVHD.US,D,20181127,000000,28.336,28.53,28.281,28.524,183893,0
LVHD.US,D,20181128,000000,28.567,28.718,28.419,28.658,26506,0
LVHD.US,D,20181129,000000,28.686,28.801,28.564,28.752,117809,0
LVHD.US,D,20181130,000000,28.722,28.98,28.722,28.945,47948,0
LVHD.US,D,20181203,000000,29.046,29.065,28.854,29.065,125682,0
LVHD.US,D,20181204,000000,29.074,29.121,28.604,28.64,87186,0
LVHD.US,D,20181206,000000,28.364,28.686,28.095,28.686,64144,0
LVHD.US,D,20181207,000000,28.722,28.779,28.327,28.439,72606,0
LVHD.US,D,20181210,000000,28.439,28.439,27.929,28.368,335176,0
LVHD.US,D,20181211,000000,28.595,28.595,28.341,28.429,46510,0
LVHD.US,D,20181212,000000,28.64,28.64,28.281,28.291,60235,0
LVHD.US,D,20181213,000000,28.382,28.471,28.3,28.419,64198,0
LVHD.US,D,20181214,000000,28.197,28.329,28.124,28.217,35740,0
LVHD.US,D,20181217,000000,28.124,28.185,27.367,27.525,128047,0
LVHD.US,D,20181218,000000,27.495,27.7,27.28,27.432,63864,0
LVHD.US,D,20181219,000000,27.413,27.746,27.119,27.233,66077,0
LVHD.US,D,20181220,000000,27.23,27.257,26.703,26.998,175809,0
LVHD.US,D,20181221,000000,26.936,27.495,26.738,26.822,71167,0
LVHD.US,D,20181224,000000,26.777,26.777,25.696,25.696,167520,0
LVHD.US,D,20181226,000000,25.771,26.479,25.521,26.47,125258,0
LVHD.US,D,20181227,000000,26.226,26.647,25.929,26.647,285108,0
LVHD.US,D,20181228,000000,26.749,27.01,26.611,26.709,386008,0
LVHD.US,D,20181231,000000,26.798,26.809,26.498,26.731,157334,0
LVHD.US,D,20190102,000000,26.516,26.645,26.425,26.479,74841,0
LVHD.US,D,20190103,000000,26.415,26.704,26.415,26.488,265856,0
LVHD.US,D,20190104,000000,26.535,27.002,26.535,27.002,50283,0
LVHD.US,D,20190107,000000,27.002,27.198,26.942,27.049,48102,0
LVHD.US,D,20190108,000000,27.152,27.329,27.142,27.309,49365,0
LVHD.US,D,20190109,000000,27.431,27.431,27.187,27.264,65186,0
LVHD.US,D,20190110,000000,27.246,27.517,27.156,27.495,43157,0
LVHD.US,D,20190111,000000,27.495,27.542,27.43,27.542,25387,0
LVHD.US,D,20190114,000000,27.357,27.439,27.249,27.329,231213,0
LVHD.US,D,20190115,000000,27.264,27.617,27.264,27.607,35020,0
LVHD.US,D,20190116,000000,27.607,27.607,27.485,27.57,47185,0
LVHD.US,D,20190117,000000,27.552,27.702,27.512,27.673,67412,0
LVHD.US,D,20190118,000000,27.887,27.982,27.822,27.933,52851,0
LVHD.US,D,20190122,000000,27.784,27.943,27.589,27.784,206131,0
LVHD.US,D,20190123,000000,27.812,27.901,27.715,27.879,101347,0
LVHD.US,D,20190124,000000,27.914,27.914,27.695,27.832,48934,0
LVHD.US,D,20190125,000000,27.953,28.046,27.812,27.879,72269,0
LVHD.US,D,20190128,000000,27.86,27.86,27.664,27.784,61657,0
LVHD.US,D,20190129,000000,27.832,27.982,27.822,27.953,179915,0
LVHD.US,D,20190130,000000,27.962,28.229,27.962,28.168,52695,0
LVHD.US,D,20190131,000000,28.242,28.679,28.121,28.679,112728,0
LVHD.US,D,20190201,000000,28.725,28.725,28.429,28.58,55824,0
LVHD.US,D,20190204,000000,28.66,28.66,28.439,28.66,45536,0
LVHD.US,D,20190205,000000,28.745,28.745,28.568,28.679,38080,0
LVHD.US,D,20190206,000000,28.689,28.699,28.602,28.679,100686,0
LVHD.US,D,20190207,000000,28.622,28.632,28.429,28.62,73074,0
LVHD.US,D,20190208,000000,28.592,28.699,28.495,28.674,26630,0
LVHD.US,D,20190211,000000,28.818,28.818,28.689,28.8,154592,0
LVHD.US,D,20190212,000000,28.884,28.938,28.779,28.911,56872,0
LVHD.US,D,20190213,000000,28.892,28.94,28.8,28.911,82052,0
LVHD.US,D,20190214,000000,28.824,28.986,28.811,28.901,63252,0
LVHD.US,D,20190215,000000,29.071,29.108,28.978,29.108,95115,0
LVHD.US,D,20190219,000000,29.136,29.285,29.015,29.247,76705,0
LVHD.US,D,20190220,000000,29.266,29.339,29.156,29.322,110155,0
LVHD.US,D,20190221,000000,29.303,29.404,29.185,29.404,145507,0
LVHD.US,D,20190222,000000,29.348,29.406,29.21,29.406,92753,0
LVHD.US,D,20190225,000000,29.527,29.527,29.246,29.313,54895,0
LVHD.US,D,20190226,000000,29.276,29.336,29.201,29.256,137011,0
LVHD.US,D,20190227,000000,29.156,29.256,29.142,29.256,43782,0
LVHD.US,D,20190228,000000,29.175,29.348,29.156,29.276,88149,0
LVHD.US,D,20190301,000000,29.442,29.442,29.146,29.332,55840,0
LVHD.US,D,20190304,000000,29.398,29.416,29.043,29.313,49118,0
LVHD.US,D,20190305,000000,29.322,29.332,29.245,29.285,54357,0
LVHD.US,D,20190306,000000,29.313,29.313,29.146,29.203,34484,0
LVHD.US,D,20190307,000000,29.175,29.229,29.062,29.115,47378,0
LVHD.US,D,20190308,000000,29.126,29.126,28.93,29.108,162645,0
LVHD.US,D,20190311,000000,29.185,29.452,29.185,29.434,89822,0
LVHD.US,D,20190312,000000,29.442,29.585,29.437,29.517,56779,0
LVHD.US,D,20190313,000000,29.537,29.686,29.537,29.611,70982,0
LVHD.US,D,20190314,000000,29.676,29.686,29.565,29.652,104811,0
LVHD.US,D,20190315,000000,29.732,29.788,29.639,29.686,63457,0
LVHD.US,D,20190318,000000,29.779,29.788,29.629,29.702,87160,0
LVHD.US,D,20190319,000000,29.732,29.745,29.501,29.537,44877,0
LVHD.US,D,20190320,000000,29.658,29.686,29.423,29.472,77436,0
LVHD.US,D,20190321,000000,29.426,29.89,29.426,29.863,288059,0
LVHD.US,D,20190322,000000,29.825,29.938,29.686,29.686,94239,0
LVHD.US,D,20190325,000000,29.704,29.764,29.629,29.732,51163,0
LVHD.US,D,20190326,000000,29.893,29.985,29.77,29.949,43215,0
LVHD.US,D,20190327,000000,29.976,29.994,29.704,29.835,54299,0
LVHD.US,D,20190328,000000,29.883,29.949,29.685,29.817,42570,0
LVHD.US,D,20190329,000000,29.958,29.958,29.815,29.883,64213,0
LVHD.US,D,20190401,000000,30.015,30.015,29.826,29.967,129366,0
LVHD.US,D,20190402,000000,29.958,29.958,29.846,29.939,73139,0
LVHD.US,D,20190403,000000,30.034,30.034,29.826,29.92,70996,0
LVHD.US,D,20190404,000000,29.967,29.976,29.802,29.92,73063,0
LVHD.US,D,20190405,000000,29.92,30.128,29.883,30.128,73392,0
LVHD.US,D,20190408,000000,30.164,30.164,29.985,30.061,70437,0
LVHD.US,D,20190409,000000,29.985,30.024,29.893,29.958,137146,0
LVHD.US,D,20190410,000000,30.015,30.065,29.966,30.044,38325,0
LVHD.US,D,20190411,000000,30.061,30.156,30.034,30.138,24326,0
LVHD.US,D,20190412,000000,30.239,30.239,30.104,30.193,72582,0
LVHD.US,D,20190415,000000,30.277,30.277,30.119,30.156,94490,0
LVHD.US,D,20190416,000000,30.249,30.262,29.92,30.014,248586,0
LVHD.US,D,20190417,000000,30.119,30.119,29.94,29.958,36079,0
LVHD.US,D,20190418,000000,29.958,29.986,29.874,29.874,46005,0
LVHD.US,D,20190422,000000,29.883,29.935,29.812,29.874,55413,0
LVHD.US,D,20190423,000000,29.903,29.967,29.826,29.95,45717,0
LVHD.US,D,20190424,000000,29.967,30.061,29.917,29.976,52388,0
LVHD.US,D,20190425,000000,29.808,29.94,29.732,29.826,183266,0
LVHD.US,D,20190426,000000,29.893,30.147,29.893,30.089,28620,0
LVHD.US,D,20190429,000000,30.069,30.147,30.021,30.053,157020,0
LVHD.US,D,20190430,000000,30.034,30.389,30.034,30.389,29571,0
LVHD.US,D,20190501,000000,30.362,30.362,29.995,29.995,32219,0
LVHD.US,D,20190502,000000,29.985,30.08,29.91,29.985,83877,0
LVHD.US,D,20190503,000000,30.061,30.223,30.054,30.214,56288,0
LVHD.US,D,20190506,000000,29.967,30.11,29.949,30.061,61210,0
LVHD.US,D,20190507,000000,29.853,29.941,29.537,29.72,124644,0
LVHD.US,D,20190508,000000,29.645,29.673,29.529,29.541,49884,0
LVHD.US,D,20190509,000000,29.428,29.58,29.294,29.57,63054,0
LVHD.US,D,20190510,000000,29.504,29.892,29.34,29.853,41697,0
LVHD.US,D,20190513,000000,29.635,29.682,29.505,29.654,42686,0
LVHD.US,D,20190514,000000,29.73,29.834,29.668,29.701,56427,0
LVHD.US,D,20190515,000000,29.654,29.853,29.589,29.787,29403,0
LVHD.US,D,20190516,000000,29.844,30.08,29.844,29.967,39521,0
LVHD.US,D,20190517,000000,29.892,30.08,29.853,29.929,31780,0
LVHD.US,D,20190520,000000,29.929,29.995,29.76,29.873,122805,0
LVHD.US,D,20190521,000000,29.958,30.07,29.945,30,52581,0
LVHD.US,D,20190522,000000,29.949,30.058,29.92,30.015,25993,0
LVHD.US,D,20190523,000000,29.882,29.958,29.802,29.956,37872,0
LVHD.US,D,20190524,000000,30.054,30.07,29.958,29.976,35881,0
LVHD.US,D,20190528,000000,30.005,30.044,29.555,29.56,44762,0
LVHD.US,D,20190529,000000,29.455,29.455,29.182,29.284,93408,0
LVHD.US,D,20190530,000000,29.349,29.418,29.184,29.265,44630,0
LVHD.US,D,20190531,000000,29.095,29.159,28.904,29.107,55079,0
LVHD.US,D,20190603,000000,29.067,29.475,29.067,29.455,48986,0
LVHD.US,D,20190604,000000,29.598,29.663,29.407,29.663,36428,0
LVHD.US,D,20190605,000000,29.796,30.015,29.758,30.015,90486,0
LVHD.US,D,20190606,000000,30.07,30.205,29.941,30.129,40027,0
LVHD.US,D,20190607,000000,30.27,30.451,30.185,30.185,38917,0
LVHD.US,D,20190610,000000,30.232,30.232,30.093,30.165,41700,0
LVHD.US,D,20190611,000000,30.205,30.299,30.055,30.147,102299,0
LVHD.US,D,20190612,000000,30.185,30.3,30.185,30.28,41946,0
LVHD.US,D,20190613,000000,30.365,30.393,30.252,30.373,87526,0
LVHD.US,D,20190614,000000,30.356,30.545,30.356,30.479,55154,0
LVHD.US,D,20190617,000000,30.517,30.527,30.393,30.441,132311,0
LVHD.US,D,20190618,000000,30.649,30.649,30.434,30.47,36443,0
LVHD.US,D,20190619,000000,30.527,30.683,30.461,30.641,50889,0
LVHD.US,D,20190620,000000,30.84,30.855,30.654,30.8,66525,0
LVHD.US,D,20190621,000000,30.848,30.848,30.631,30.745,78835,0
LVHD.US,D,20190624,000000,30.745,30.783,30.665,30.665,37289,0
LVHD.US,D,20190625,000000,30.791,30.791,30.479,30.489,240140,0
LVHD.US,D,20190626,000000,30.479,30.479,30.12,30.12,43323,0
LVHD.US,D,20190627,000000,30.241,30.293,30.183,30.29,65002,0
LVHD.US,D,20190628,000000,30.337,30.479,30.337,30.479,74639,0
LVHD.US,D,20190701,000000,30.716,30.716,30.342,30.441,72510,0
LVHD.US,D,20190702,000000,30.517,30.613,30.441,30.599,61746,0
LVHD.US,D,20190703,000000,30.725,31,30.725,31,20626,0
LVHD.US,D,20190705,000000,30.992,30.992,30.655,30.916,43602,0
LVHD.US,D,20190708,000000,30.936,30.936,30.774,30.858,188775,0
LVHD.US,D,20190709,000000,30.8,30.848,30.71,30.83,98136,0
LVHD.US,D,20190710,000000,30.962,30.999,30.851,30.877,52886,0
LVHD.US,D,20190711,000000,30.962,30.962,30.667,30.8,40814,0
LVHD.US,D,20190712,000000,30.936,30.936,30.81,30.896,57690,0
LVHD.US,D,20190715,000000,30.953,30.953,30.861,30.916,42592,0
LVHD.US,D,20190716,000000,30.962,30.962,30.778,30.848,98114,0
LVHD.US,D,20190717,000000,30.82,30.916,30.686,30.686,86049,0
LVHD.US,D,20190718,000000,30.716,30.81,30.517,30.774,104581,0
LVHD.US,D,20190719,000000,30.877,30.877,30.517,30.536,33135,0
LVHD.US,D,20190722,000000,30.594,30.594,30.372,30.432,116500,0
LVHD.US,D,20190723,000000,30.555,30.603,30.398,30.594,32183,0
LVHD.US,D,20190724,000000,30.669,30.764,30.594,30.764,36228,0
LVHD.US,D,20190725,000000,30.745,30.745,30.545,30.669,31072,0
LVHD.US,D,20190726,000000,30.631,30.84,30.622,30.84,196622,0
LVHD.US,D,20190729,000000,30.858,30.906,30.791,30.858,79379,0
LVHD.US,D,20190730,000000,30.877,30.877,30.726,30.769,90556,0
LVHD.US,D,20190731,000000,30.83,30.84,30.52,30.575,36326,0
LVHD.US,D,20190801,000000,30.565,30.84,30.486,30.555,66298,0
LVHD.US,D,20190802,000000,30.565,30.565,30.357,30.422,64881,0
LVHD.US,D,20190805,000000,30.251,30.251,29.56,29.824,140710,0
LVHD.US,D,20190806,000000,29.967,30.12,29.711,30.12,62100,0
LVHD.US,D,20190807,000000,30.005,30.261,29.701,30.157,62036,0
LVHD.US,D,20190808,000000,30.251,30.614,30.165,30.614,58409,0
LVHD.US,D,20190809,000000,30.595,30.632,30.328,30.537,103098,0
LVHD.US,D,20190812,000000,30.537,30.537,30.182,30.29,28035,0
LVHD.US,D,20190813,000000,30.347,30.627,30.28,30.537,50069,0
LVHD.US,D,20190814,000000,30.337,30.337,29.891,29.91,67535,0
LVHD.US,D,20190815,000000,29.995,30.151,29.9,30.11,99356,0
LVHD.US,D,20190816,000000,30.29,30.49,30.196,30.414,30547,0
LVHD.US,D,20190819,000000,30.737,30.793,30.617,30.746,50177,0
LVHD.US,D,20190820,000000,30.776,30.776,30.473,30.49,51436,0
LVHD.US,D,20190821,000000,30.687,30.687,30.556,30.68,81885,0
LVHD.US,D,20190822,000000,30.784,30.784,30.536,30.717,70195,0
LVHD.US,D,20190823,000000,30.717,30.784,30.07,30.205,110599,0
LVHD.US,D,20190826,000000,30.366,30.461,30.251,30.461,83524,0
LVHD.US,D,20190827,000000,30.595,30.674,30.337,30.337,96953,0
LVHD.US,D,20190828,000000,30.28,30.537,30.28,30.527,67017,0
LVHD.US,D,20190829,000000,30.67,30.784,30.599,30.784,65420,0
LVHD.US,D,20190830,000000,30.938,30.946,30.812,30.84,46622,0
LVHD.US,D,20190903,000000,30.812,30.974,30.671,30.974,69920,0
LVHD.US,D,20190904,000000,31.222,31.222,31.029,31.183,108215,0
LVHD.US,D,20190905,000000,31.25,31.288,31.154,31.222,163441,0
LVHD.US,D,20190906,000000,31.345,31.355,31.268,31.315,104966,0
LVHD.US,D,20190909,000000,31.335,31.383,31.268,31.383,352109,0
LVHD.US,D,20190910,000000,31.403,31.46,31.232,31.46,331399,0
LVHD.US,D,20190911,000000,31.525,31.695,31.355,31.695,146398,0
LVHD.US,D,20190912,000000,31.81,31.821,31.658,31.733,248990,0
LVHD.US,D,20190913,000000,31.8,31.828,31.547,31.601,113129,0
LVHD.US,D,20190916,000000,31.638,31.638,31.497,31.601,155923,0
LVHD.US,D,20190917,000000,31.638,31.79,31.638,31.79,89113,0
LVHD.US,D,20190918,000000,31.8,31.8,31.517,31.763,134949,0
LVHD.US,D,20190919,000000,31.78,31.838,31.724,31.753,96890,0
LVHD.US,D,20190920,000000,31.763,31.893,31.715,31.81,86011,0
LVHD.US,D,20190923,000000,31.79,31.877,31.745,31.782,91435,0
LVHD.US,D,20190924,000000,31.933,31.952,31.67,31.755,189402,0
LVHD.US,D,20190925,000000,31.705,31.857,31.705,31.857,84794,0
LVHD.US,D,20190926,000000,31.886,31.933,31.705,31.857,60398,0
LVHD.US,D,20190927,000000,31.961,31.961,31.648,31.828,147066,0
LVHD.US,D,20190930,000000,31.915,32.008,31.905,31.915,86529,0
LVHD.US,D,20191001,000000,31.981,31.981,31.544,31.601,165830,0
LVHD.US,D,20191002,000000,31.516,31.516,30.995,31.116,168105,0
LVHD.US,D,20191003,000000,31.163,31.292,30.928,31.292,81035,0
LVHD.US,D,20191004,000000,31.393,31.705,31.355,31.705,134613,0
LVHD.US,D,20191007,000000,31.705,31.733,31.525,31.574,161721,0
LVHD.US,D,20191008,000000,31.525,31.525,31.145,31.154,172677,0
LVHD.US,D,20191009,000000,31.355,31.43,31.24,31.325,81070,0
LVHD.US,D,20191010,000000,31.412,31.544,31.29,31.497,141528,0
LVHD.US,D,20191011,000000,31.62,31.82,31.582,31.582,157211,0
LVHD.US,D,20191014,000000,31.667,31.667,31.535,31.554,37616,0
LVHD.US,D,20191015,000000,31.628,31.652,31.555,31.62,80765,0
LVHD.US,D,20191016,000000,31.62,31.648,31.496,31.535,55279,0
LVHD.US,D,20191017,000000,31.628,31.715,31.588,31.658,87342,0
LVHD.US,D,20191018,000000,31.638,31.857,31.611,31.81,74182,0
LVHD.US,D,20191021,000000,31.961,32.029,31.886,32.019,102303,0
LVHD.US,D,20191022,000000,32.113,32.113,31.925,32.009,87789,0
LVHD.US,D,20191023,000000,32.047,32.161,31.925,32.161,79520,0
LVHD.US,D,20191024,000000,32.303,32.303,32.066,32.161,71034,0
LVHD.US,D,20191025,000000,32.161,32.2,32.048,32.104,57177,0
LVHD.US,D,20191028,000000,32.104,32.181,32.019,32.037,57371,0
LVHD.US,D,20191029,000000,32.066,32.227,32.028,32.171,93138,0
LVHD.US,D,20191030,000000,32.161,32.171,31.985,32.123,115748,0
LVHD.US,D,20191031,000000,32.151,32.151,31.969,32.104,85101,0
LVHD.US,D,20191101,000000,32.2,32.266,32.161,32.246,60736,0
LVHD.US,D,20191104,000000,32.381,32.381,32.142,32.2,70578,0
LVHD.US,D,20191105,000000,32.2,32.2,32.023,32.056,142811,0
LVHD.US,D,20191106,000000,32.104,32.218,32.104,32.191,77198,0
LVHD.US,D,20191107,000000,32.256,32.276,32.027,32.103,95063,0
LVHD.US,D,20191108,000000,31.883,32.027,31.883,32.027,119383,0
LVHD.US,D,20191111,000000,31.95,31.979,31.874,31.912,59584,0
LVHD.US,D,20191112,000000,31.969,31.969,31.782,31.825,58994,0
LVHD.US,D,20191113,000000,31.825,31.959,31.731,31.941,64664,0
LVHD.US,D,20191114,000000,31.912,32.017,31.892,31.979,47978,0
LVHD.US,D,20191115,000000,32.085,32.112,31.979,32.103,98029,0
LVHD.US,D,20191118,000000,32.103,32.238,32.078,32.131,142521,0
LVHD.US,D,20191119,000000,32.093,32.093,31.988,32.017,163711,0
LVHD.US,D,20191120,000000,31.959,32.005,31.83,31.95,98212,0
LVHD.US,D,20191121,000000,31.998,31.998,31.845,31.941,135370,0
LVHD.US,D,20191122,000000,32.007,32.007,31.84,31.909,153514,0
LVHD.US,D,20191125,000000,31.998,32.007,31.912,31.969,140168,0
LVHD.US,D,20191126,000000,31.988,32.122,31.874,32.122,54796,0
LVHD.US,D,20191127,000000,32.112,32.238,32.103,32.238,141725,0
LVHD.US,D,20191129,000000,32.228,32.354,32.085,32.085,21664,0
LVHD.US,D,20191202,000000,32.171,32.171,31.892,31.941,80559,0
LVHD.US,D,20191203,000000,31.835,31.864,31.71,31.864,92830,0
LVHD.US,D,20191204,000000,31.845,32.085,31.836,32.036,323609,0
LVHD.US,D,20191205,000000,32.085,32.085,31.959,32.085,69930,0
LVHD.US,D,20191206,000000,32.286,32.324,32.152,32.247,75289,0
LVHD.US,D,20191209,000000,32.228,32.246,32.131,32.181,649737,0
LVHD.US,D,20191210,000000,32.171,32.2,32.122,32.181,65014,0
LVHD.US,D,20191211,000000,32.21,32.237,32.011,32.087,78635,0
LVHD.US,D,20191212,000000,32.065,32.295,32.065,32.161,101502,0
LVHD.US,D,20191213,000000,32.314,32.314,32.108,32.218,135428,0
LVHD.US,D,20191216,000000,32.295,32.487,32.295,32.478,59453,0
LVHD.US,D,20191217,000000,32.526,32.582,32.409,32.446,70775,0
LVHD.US,D,20191218,000000,32.506,32.563,32.399,32.539,177888,0
LVHD.US,D,20191219,000000,32.582,32.611,32.506,32.572,66609,0
LVHD.US,D,20191220,000000,32.795,32.937,32.642,32.861,77731,0
LVHD.US,D,20191223,000000,32.957,32.957,32.689,32.718,93900,0
LVHD.US,D,20191224,000000,32.785,32.833,32.661,32.716,44015,0
LVHD.US,D,20191226,000000,32.708,32.795,32.67,32.726,65652,0
LVHD.US,D,20191227,000000,32.814,32.824,32.755,32.792,84397,0
LVHD.US,D,20191230,000000,32.755,32.805,32.65,32.707,82874,0
LVHD.US,D,20191231,000000,32.716,32.861,32.7,32.861,455981,0
LVHD.US,D,20200102,000000,32.977,33.034,32.466,32.61,700986,0
LVHD.US,D,20200103,000000,32.552,32.64,32.452,32.567,128708,0
LVHD.US,D,20200106,000000,32.697,32.697,32.434,32.562,148348,0
LVHD.US,D,20200107,000000,32.457,32.457,32.251,32.331,101535,0
LVHD.US,D,20200108,000000,32.38,32.524,32.321,32.394,164623,0
LVHD.US,D,20200109,000000,32.407,32.514,32.385,32.485,99821,0
LVHD.US,D,20200110,000000,32.514,32.65,32.495,32.504,125061,0
LVHD.US,D,20200113,000000,32.552,32.736,32.528,32.723,182043,0
LVHD.US,D,20200114,000000,32.736,32.775,32.653,32.736,126778,0
LVHD.US,D,20200115,000000,32.795,33.024,32.795,32.977,387169,0
LVHD.US,D,20200116,000000,33.064,33.19,33.049,33.169,113167,0
LVHD.US,D,20200117,000000,33.248,33.296,33.161,33.277,83656,0
LVHD.US,D,20200121,000000,33.287,33.36,33.161,33.289,86298,0
LVHD.US,D,20200122,000000,33.402,33.466,33.306,33.344,271859,0
LVHD.US,D,20200123,000000,33.287,33.47,33.18,33.412,115244,0
LVHD.US,D,20200124,000000,33.46,33.46,33.094,33.219,115129,0
LVHD.US,D,20200127,000000,32.958,33.016,32.861,32.929,86637,0
LVHD.US,D,20200128,000000,32.977,33.1,32.929,33.037,162297,0
LVHD.US,D,20200129,000000,33.104,33.109,32.929,32.929,60437,0
LVHD.US,D,20200130,000000,32.775,33.074,32.734,33.038,90548,0
LVHD.US,D,20200131,000000,33.016,33.016,32.542,32.625,74575,0
LVHD.US,D,20200203,000000,32.795,32.843,32.581,32.62,256572,0
LVHD.US,D,20200204,000000,32.851,33.015,32.775,32.786,55475,0
LVHD.US,D,20200205,000000,32.891,33.141,32.891,33.131,77997,0
LVHD.US,D,20200206,000000,33.22,33.239,33.017,33.055,72654,0
LVHD.US,D,20200207,000000,33.025,33.025,32.895,32.949,119436,0
LVHD.US,D,20200210,000000,32.959,33.025,32.872,33.014,69431,0
LVHD.US,D,20200211,000000,33.132,33.258,33.105,33.129,1362819,0
LVHD.US,D,20200212,000000,33.22,33.239,33.105,33.191,188019,0
LVHD.US,D,20200213,000000,33.142,33.267,33.065,33.239,132180,0
LVHD.US,D,20200214,000000,33.249,33.297,33.152,33.273,81857,0
LVHD.US,D,20200218,000000,33.297,33.34,33.171,33.259,68047,0
LVHD.US,D,20200219,000000,33.288,33.305,33.153,33.21,80015,0
LVHD.US,D,20200220,000000,33.201,33.393,33.162,33.372,61414,0
LVHD.US,D,20200221,000000,33.249,33.36,33.162,33.294,129931,0
LVHD.US,D,20200224,000000,32.796,32.93,32.616,32.7,107612,0
LVHD.US,D,20200225,000000,32.786,32.786,31.724,31.82,296373,0
LVHD.US,D,20200226,000000,31.859,32.138,31.464,31.464,150553,0
LVHD.US,D,20200227,000000,30.934,31.179,30.016,30.016,191570,0
LVHD.US,D,20200228,000000,29.368,29.484,28.645,29.407,387939,0
LVHD.US,D,20200302,000000,29.466,30.739,29.379,30.702,725970,0
LVHD.US,D,20200303,000000,30.778,31.269,30.025,30.218,273755,0
LVHD.US,D,20200304,000000,30.681,31.512,30.595,31.454,397981,0
LVHD.US,D,20200305,000000,30.884,31.144,30.46,30.738,170001,0
LVHD.US,D,20200306,000000,29.932,30.442,29.629,30.423,163383,0
LVHD.US,D,20200309,000000,28.471,29.436,28.008,28.336,269708,0
LVHD.US,D,20200310,000000,29.002,29.262,27.93,29.262,278746,0
LVHD.US,D,20200311,000000,28.452,28.534,27.42,27.796,201359,0
LVHD.US,D,20200312,000000,25.818,26.82,24.128,25.007,830488,0
LVHD.US,D,20200313,000000,25.73,27.013,25.074,26.956,509834,0
LVHD.US,D,20200316,000000,23.838,25.837,23.743,25.663,208967,0
LVHD.US,D,20200317,000000,24.544,25.749,24.032,25.441,317325,0
LVHD.US,D,20200318,000000,24.071,25.103,22.922,23.317,273682,0
LVHD.US,D,20200319,000000,23.549,24.852,22.942,23.222,339225,0
LVHD.US,D,20200320,000000,23.762,23.762,22.005,22.121,306445,0
LVHD.US,D,20200323,000000,22.189,22.189,20.456,20.943,494458,0
LVHD.US,D,20200324,000000,21.822,23.028,21.812,23.028,638990,0
LVHD.US,D,20200325,000000,22.902,24.427,22.469,23.279,478493,0
LVHD.US,D,20200326,000000,23.423,25.258,23.423,25.22,410183,0
LVHD.US,D,20200327,000000,24.243,25.373,24.128,24.678,175627,0
LVHD.US,D,20200330,000000,24.774,25.444,24.478,25.325,200293,0
LVHD.US,D,20200331,000000,25.325,25.325,24.631,24.871,117658,0
LVHD.US,D,20200401,000000,24.003,24.003,23.299,23.539,179211,0
LVHD.US,D,20200402,000000,23.608,24.274,23.608,24.128,113621,0
LVHD.US,D,20200403,000000,23.963,24.257,23.395,23.598,131890,0
LVHD.US,D,20200406,000000,24.437,25.365,24.435,25.17,213429,0
LVHD.US,D,20200407,000000,26.01,26.156,25.218,25.315,332792,0
LVHD.US,D,20200408,000000,25.594,26.541,25.315,26.338,129220,0
LVHD.US,D,20200409,000000,26.666,27.729,26.666,27.217,167331,0
LVHD.US,D,20200413,000000,27.294,27.294,26.445,26.638,176909,0
LVHD.US,D,20200414,000000,27.178,27.359,26.985,27.294,668971,0
LVHD.US,D,20200415,000000,26.618,26.78,26.145,26.319,324134,0
LVHD.US,D,20200416,000000,26.531,26.531,26.058,26.348,306655,0
LVHD.US,D,20200417,000000,26.773,27.269,26.638,27.139,417758,0
LVHD.US,D,20200420,000000,26.706,27.008,26.445,26.57,135446,0
LVHD.US,D,20200421,000000,26.018,26.202,25.72,25.914,157704,0
LVHD.US,D,20200422,000000,26.387,26.541,26.068,26.368,162937,0
LVHD.US,D,20200423,000000,26.435,26.647,26.165,26.165,114643,0
LVHD.US,D,20200424,000000,26.262,26.492,26.058,26.416,79995,0
LVHD.US,D,20200427,000000,26.541,27.066,26.514,26.946,135881,0
LVHD.US,D,20200428,000000,27.246,27.593,27.119,27.323,79762,0
LVHD.US,D,20200429,000000,27.775,28.086,27.489,27.72,126862,0
LVHD.US,D,20200430,000000,27.564,27.564,27.018,27.207,97110,0
LVHD.US,D,20200501,000000,26.743,26.743,26.252,26.406,128942,0
LVHD.US,D,20200504,000000,26.135,26.426,25.983,26.387,64807,0
LVHD.US,D,20200505,000000,26.715,26.956,26.541,26.541,87932,0
LVHD.US,D,20200506,000000,26.706,26.706,25.983,26.058,81558,0
LVHD.US,D,20200507,000000,26.361,26.5,26.058,26.107,108100,0
LVHD.US,D,20200508,000000,26.381,26.925,26.381,26.819,321282,0
LVHD.US,D,20200511,000000,26.653,26.769,26.254,26.566,130516,0
LVHD.US,D,20200512,000000,26.713,26.807,25.873,25.912,110039,0
LVHD.US,D,20200513,000000,25.873,25.873,25.054,25.249,98634,0
LVHD.US,D,20200514,000000,24.947,25.56,24.566,25.493,91648,0
LVHD.US,D,20200515,000000,25.367,25.503,25.2,25.367,114796,0
LVHD.US,D,20200518,000000,26.009,26.81,26.009,26.741,331552,0
LVHD.US,D,20200519,000000,26.605,26.725,26.274,26.274,97342,0
LVHD.US,D,20200520,000000,26.624,26.81,26.507,26.66,119889,0
LVHD.US,D,20200521,000000,26.643,26.819,26.454,26.546,76985,0
LVHD.US,D,20200522,000000,26.536,26.566,26.331,26.546,55085,0
LVHD.US,D,20200526,000000,27.19,27.599,27.19,27.356,107541,0
LVHD.US,D,20200527,000000,27.882,28.147,27.571,28.147,61855,0
LVHD.US,D,20200528,000000,28.273,28.293,27.912,28.02,49303,0
LVHD.US,D,20200529,000000,27.931,28.068,27.629,28.061,51077,0
LVHD.US,D,20200601,000000,27.854,28.341,27.854,28.185,56918,0
LVHD.US,D,20200602,000000,28.439,28.537,28.341,28.537,65795,0
LVHD.US,D,20200603,000000,28.703,29.383,28.703,29.288,248365,0
LVHD.US,D,20200604,000000,29.053,29.464,28.956,29.424,42057,0
LVHD.US,D,20200605,000000,30.108,30.78,30.108,30.37,139039,0
LVHD.US,D,20200608,000000,30.624,31.18,30.624,31.18,122870,0
LVHD.US,D,20200609,000000,30.616,30.619,30.322,30.439,91074,0
LVHD.US,D,20200610,000000,30.43,30.43,29.766,29.775,60438,0
LVHD.US,D,20200611,000000,28.799,28.854,27.805,27.835,140214,0
LVHD.US,D,20200612,000000,28.674,28.789,27.854,28.39,73683,0
LVHD.US,D,20200615,000000,27.678,28.781,27.532,28.595,93739,0
LVHD.US,D,20200616,000000,29.493,29.572,28.926,29.102,59753,0
LVHD.US,D,20200617,000000,29.112,29.112,28.752,28.761,43084,0
LVHD.US,D,20200618,000000,28.566,28.819,28.479,28.693,45391,0
LVHD.US,D,20200619,000000,29.005,29.063,28.331,28.419,49073,0
LVHD.US,D,20200622,000000,28.234,28.37,28.097,28.264,59174,0
LVHD.US,D,20200623,000000,28.497,28.614,28.293,28.358,64529,0
LVHD.US,D,20200624,000000,27.99,27.995,27.28,27.59,89532,0
LVHD.US,D,20200625,000000,27.443,27.779,27.307,27.756,52577,0
LVHD.US,D,20200626,000000,27.668,27.668,27.073,27.18,47423,0
LVHD.US,D,20200629,000000,27.386,27.802,27.386,27.737,55249,0
LVHD.US,D,20200630,000000,27.718,28.195,27.69,28.076,48819,0
LVHD.US,D,20200701,000000,28.137,28.341,28.077,28.123,245219,0
LVHD.US,D,20200702,000000,28.439,28.568,28.132,28.173,365162,0
LVHD.US,D,20200706,000000,28.507,28.653,28.175,28.283,60727,0
LVHD.US,D,20200707,000000,28.02,28.049,27.775,27.827,54116,0
LVHD.US,D,20200708,000000,27.892,27.902,27.593,27.845,59671,0
LVHD.US,D,20200709,000000,27.708,27.708,26.995,27.249,53713,0
LVHD.US,D,20200710,000000,27.131,27.774,27.131,27.765,77197,0
LVHD.US,D,20200713,000000,27.854,28.195,27.775,27.853,119088,0
LVHD.US,D,20200714,000000,27.815,28.137,27.708,28.068,43705,0
LVHD.US,D,20200715,000000,28.477,28.659,28.374,28.605,68872,0
LVHD.US,D,20200716,000000,28.459,28.722,28.424,28.56,38374,0
LVHD.US,D,20200717,000000,28.614,28.78,28.607,28.683,65257,0
LVHD.US,D,20200720,000000,28.654,28.654,28.195,28.278,70880,0
LVHD.US,D,20200721,000000,28.487,28.752,28.472,28.556,62156,0
LVHD.US,D,20200722,000000,28.517,28.926,28.399,28.926,82880,0
LVHD.US,D,20200723,000000,28.897,29.083,28.829,28.956,46142,0
LVHD.US,D,20200724,000000,28.966,28.985,28.634,28.752,43489,0
LVHD.US,D,20200727,000000,28.674,28.742,28.419,28.742,32367,0
LVHD.US,D,20200728,000000,28.605,28.971,28.605,28.869,26978,0
LVHD.US,D,20200729,000000,28.859,29.172,28.799,29.172,54743,0
LVHD.US,D,20200730,000000,28.976,29.034,28.664,29.007,41198,0
LVHD.US,D,20200731,000000,28.916,28.995,28.566,28.923,42222,0
LVHD.US,D,20200803,000000,29.063,29.063,28.712,28.878,49092,0
LVHD.US,D,20200804,000000,28.849,29.154,28.849,29.053,53833,0
LVHD.US,D,20200805,000000,29.199,29.222,28.926,28.936,40239,0
LVHD.US,D,20200806,000000,28.916,29.045,28.835,28.996,1375742,0
LVHD.US,D,20200807,000000,28.966,29.492,28.966,29.462,363909,0
LVHD.US,D,20200810,000000,29.507,29.823,29.507,29.783,75120,0
LVHD.US,D,20200811,000000,29.981,30.139,29.557,29.646,105721,0
LVHD.US,D,20200812,000000,29.852,29.882,29.764,29.823,61800,0
LVHD.US,D,20200813,000000,29.704,29.734,29.537,29.627,61083,0
LVHD.US,D,20200814,000000,29.547,29.774,29.527,29.654,62009,0
LVHD.US,D,20200817,000000,29.714,29.744,29.55,29.675,157923,0
LVHD.US,D,20200818,000000,29.675,29.675,29.43,29.497,70375,0
LVHD.US,D,20200819,000000,29.488,29.517,29.261,29.293,53144,0
LVHD.US,D,20200820,000000,29.184,29.281,29.156,29.164,35792,0
LVHD.US,D,20200821,000000,29.114,29.166,28.966,29.153,73583,0
LVHD.US,D,20200824,000000,29.202,29.646,29.124,29.646,66766,0
LVHD.US,D,20200825,000000,29.656,29.715,29.39,29.501,73126,0
LVHD.US,D,20200826,000000,29.449,29.449,29.237,29.374,55611,0
LVHD.US,D,20200827,000000,29.419,29.7,29.419,29.597,52478,0
LVHD.US,D,20200828,000000,29.617,29.734,29.429,29.734,40166,0
LVHD.US,D,20200831,000000,29.607,29.675,29.517,29.577,59340,0
LVHD.US,D,20200901,000000,29.488,29.488,29.281,29.399,55198,0
LVHD.US,D,20200902,000000,29.429,30.119,29.338,30.04,168887,0
LVHD.US,D,20200903,000000,30,30.322,29.389,29.596,84012,0
LVHD.US,D,20200904,000000,29.685,29.892,29.316,29.704,1451190,0
LVHD.US,D,20200908,000000,29.469,29.469,29.081,29.222,173600,0
LVHD.US,D,20200909,000000,29.379,29.627,29.335,29.379,184083,0
LVHD.US,D,20200910,000000,29.389,29.441,28.996,28.996,55628,0
LVHD.US,D,20200911,000000,29.064,29.241,28.966,29.134,40411,0
LVHD.US,D,20200914,000000,29.399,29.744,29.389,29.627,66865,0
LVHD.US,D,20200915,000000,29.675,29.852,29.547,29.567,68714,0
LVHD.US,D,20200916,000000,29.724,30.04,29.704,29.763,45888,0
LVHD.US,D,20200917,000000,29.527,29.774,29.429,29.627,56709,0
LVHD.US,D,20200918,000000,29.685,29.685,29.241,29.261,51435,0
LVHD.US,D,20200921,000000,28.887,28.951,28.332,28.621,72769,0
LVHD.US,D,20200922,000000,28.611,28.882,28.611,28.696,41990,0
LVHD.US,D,20200923,000000,28.75,28.867,28.169,28.198,38249,0
LVHD.US,D,20200924,000000,28.139,28.611,28.07,28.297,41980,0
LVHD.US,D,20200925,000000,28.188,28.745,28.183,28.707,49192,0
LVHD.US,D,20200928,000000,28.996,29.261,28.996,29.093,42717,0
LVHD.US,D,20200929,000000,29.064,29.134,28.818,28.946,49118,0
LVHD.US,D,20200930,000000,29.064,29.34,29.006,29.174,30107,0
LVHD.US,D,20201001,000000,29.251,29.301,29.006,29.232,58616,0
LVHD.US,D,20201002,000000,28.858,29.646,28.858,29.562,48151,0
LVHD.US,D,20201005,000000,29.636,29.899,29.592,29.852,89367,0
LVHD.US,D,20201006,000000,29.882,30.246,29.657,29.724,49902,0
LVHD.US,D,20201007,000000,29.941,30.148,29.892,30.07,62716,0
LVHD.US,D,20201008,000000,30.119,30.444,30.119,30.434,64154,0
LVHD.US,D,20201009,000000,30.621,30.621,30.325,30.384,66813,0
LVHD.US,D,20201012,000000,30.394,30.621,30.384,30.522,33770,0
LVHD.US,D,20201013,000000,30.502,30.602,30.161,30.289,49702,0
LVHD.US,D,20201014,000000,30.236,30.439,30.148,30.187,63076,0
LVHD.US,D,20201015,000000,30.01,30.325,29.951,30.266,79431,0
LVHD.US,D,20201016,000000,30.305,30.454,30.187,30.349,53805,0
LVHD.US,D,20201019,000000,30.434,30.434,29.892,29.931,15602,0
LVHD.US,D,20201020,000000,30.01,30.266,29.941,30.056,55244,0
LVHD.US,D,20201021,000000,29.912,30.109,29.912,29.966,46172,0
LVHD.US,D,20201022,000000,29.892,30.325,29.892,30.287,44174,0
LVHD.US,D,20201023,000000,30.335,30.532,30.261,30.422,78671,0
LVHD.US,D,20201026,000000,30.207,30.207,29.798,30.01,54591,0
LVHD.US,D,20201027,000000,30,30.035,29.675,29.685,29730,0
LVHD.US,D,20201028,000000,29.124,29.261,28.711,28.711,62594,0
LVHD.US,D,20201029,000000,28.681,29.261,28.523,29.067,164676,0
LVHD.US,D,20201030,000000,28.858,29.006,28.611,28.956,102731,0
LVHD.US,D,20201102,000000,29.311,29.622,29.14,29.563,49688,0
LVHD.US,D,20201103,000000,29.882,30.226,29.882,30.135,42731,0
LVHD.US,D,20201104,000000,30.099,30.153,29.636,29.685,46838,0
LVHD.US,D,20201105,000000,29.617,29.971,29.617,29.741,108301,0
LVHD.US,D,20201106,000000,29.793,29.97,29.567,29.686,98004,0
LVHD.US,D,20201109,000000,30.995,31.714,30.797,30.797,363343,0
LVHD.US,D,20201110,000000,30.985,31.556,30.943,31.508,247112,0
LVHD.US,D,20201111,000000,31.595,31.595,31.222,31.379,658407,0
LVHD.US,D,20201112,000000,31.182,31.182,30.669,30.937,49278,0
LVHD.US,D,20201113,000000,31.035,31.527,31.035,31.453,55403,0
LVHD.US,D,20201116,000000,31.98,32.019,31.709,32.019,50961,0
LVHD.US,D,20201117,000000,31.753,31.911,31.566,31.704,45622,0
LVHD.US,D,20201118,000000,31.862,31.894,31.27,31.27,207386,0
LVHD.US,D,20201119,000000,31.29,31.37,31.025,31.37,43771,0
LVHD.US,D,20201120,000000,31.33,31.33,31.084,31.182,21607,0
LVHD.US,D,20201123,000000,31.399,31.605,31.34,31.488,38436,0
LVHD.US,D,20201124,000000,31.714,32.167,31.714,32.117,55829,0
LVHD.US,D,20201125,000000,32.058,32.058,31.862,32.019,56851,0
LVHD.US,D,20201127,000000,32.117,32.117,31.785,31.872,143029,0
LVHD.US,D,20201130,000000,31.852,31.852,31.509,31.674,76772,0
LVHD.US,D,20201201,000000,31.96,32.147,31.793,31.793,43424,0
LVHD.US,D,20201202,000000,31.783,31.951,31.783,31.941,37999,0
LVHD.US,D,20201203,000000,31.99,32.207,31.931,32.049,86773,0
LVHD.US,D,20201204,000000,32.167,32.394,32.167,32.374,68965,0
LVHD.US,D,20201207,000000,32.295,32.305,32.098,32.226,51415,0
LVHD.US,D,20201208,000000,32.098,32.374,32.098,32.315,29382,0
LVHD.US,D,20201209,000000,32.433,32.433,32.167,32.374,73532,0
LVHD.US,D,20201210,000000,32.098,32.157,31.991,32.068,60717,0
LVHD.US,D,20201211,000000,31.931,32.137,31.931,32.081,32569,0
LVHD.US,D,20201214,000000,32.325,32.374,31.763,31.793,34776,0
LVHD.US,D,20201215,000000,31.931,32.117,31.763,32.11,31649,0
LVHD.US,D,20201216,000000,32.157,32.157,31.951,32.009,32435,0
LVHD.US,D,20201217,000000,32.117,32.192,32.029,32.149,44191,0
LVHD.US,D,20201218,000000,32.177,32.216,31.892,32.009,31553,0
LVHD.US,D,20201221,000000,31.694,31.773,31.34,31.773,87041,0
LVHD.US,D,20201222,000000,31.729,31.729,31.553,31.566,79928,0
LVHD.US,D,20201223,000000,31.773,31.911,31.773,31.783,25146,0
LVHD.US,D,20201224,000000,31.813,31.832,31.607,31.832,18783,0
LVHD.US,D,20201228,000000,31.97,32.157,31.887,31.959,172061,0
LVHD.US,D,20201229,000000,32.039,32.039,31.729,31.813,29286,0
LVHD.US,D,20201230,000000,31.783,32.02,31.783,31.942,72959,0
LVHD.US,D,20201231,000000,31.822,32.258,31.793,32.139,49589,0
LVHD.US,D,20210104,000000,32.189,32.209,31.459,31.713,66507,0
LVHD.US,D,20210105,000000,31.673,31.908,31.54,31.852,35758,0
LVHD.US,D,20210106,000000,31.783,32.675,31.783,32.565,56497,0
LVHD.US,D,20210107,000000,32.645,32.675,32.385,32.388,119395,0
LVHD.US,D,20210108,000000,32.461,32.476,32.101,32.368,434221,0
LVHD.US,D,20210111,000000,32.219,32.385,32.209,32.328,34613,0
LVHD.US,D,20210112,000000,32.318,32.378,32.15,32.375,40589,0
LVHD.US,D,20210113,000000,32.288,32.466,32.241,32.409,53073,0
LVHD.US,D,20210114,000000,32.575,32.688,32.407,32.541,64644,0
LVHD.US,D,20210115,000000,32.348,32.635,32.239,32.536,45116,0
LVHD.US,D,20210119,000000,32.655,32.719,32.575,32.605,97346,0
LVHD.US,D,20210120,000000,32.635,32.714,32.461,32.703,39856,0
LVHD.US,D,20210121,000000,32.605,32.627,32.457,32.536,42326,0
LVHD.US,D,20210122,000000,32.268,32.447,32.09,32.388,77689,0
LVHD.US,D,20210125,000000,32.268,32.804,32.268,32.679,45564,0
LVHD.US,D,20210126,000000,32.774,32.991,32.665,32.903,66429,0
LVHD.US,D,20210127,000000,32.675,33.081,32.629,32.686,77335,0
LVHD.US,D,20210128,000000,32.764,33.061,32.486,32.519,70897,0
LVHD.US,D,20210129,000000,32.407,32.422,31.783,31.877,55277,0
LVHD.US,D,20210201,000000,32.08,32.164,31.773,32.061,194038,0
LVHD.US,D,20210202,000000,32.288,32.388,32.1,32.199,57840,0
LVHD.US,D,20210203,000000,32.109,32.308,31.952,32.234,57268,0
LVHD.US,D,20210204,000000,32.229,32.467,32.199,32.401,344519,0
LVHD.US,D,20210205,000000,32.576,32.666,32.517,32.583,104791,0
LVHD.US,D,20210208,000000,32.666,32.676,32.536,32.676,35899,0
LVHD.US,D,20210209,000000,32.676,32.745,32.546,32.745,42252,0
LVHD.US,D,20210210,000000,32.844,32.844,32.596,32.666,60052,0
LVHD.US,D,20210211,000000,32.775,32.775,32.467,32.576,39750,0
LVHD.US,D,20210212,000000,32.556,32.666,32.498,32.666,23615,0
LVHD.US,D,20210216,000000,32.735,32.735,32.378,32.427,60473,0
LVHD.US,D,20210217,000000,32.407,32.656,32.348,32.616,38056,0
LVHD.US,D,20210218,000000,32.556,32.775,32.556,32.686,37279,0
LVHD.US,D,20210219,000000,32.735,32.735,32.546,32.546,27572,0
LVHD.US,D,20210222,000000,32.527,32.849,32.527,32.82,47117,0
LVHD.US,D,20210223,000000,32.844,32.993,32.715,32.921,44407,0
LVHD.US,D,20210224,000000,32.894,33.098,32.825,33.003,246376,0
LVHD.US,D,20210225,000000,33.063,33.142,32.546,32.643,45989,0
LVHD.US,D,20210226,000000,32.735,32.735,32.169,32.169,61036,0
LVHD.US,D,20210301,000000,32.388,32.745,32.388,32.527,22735,0
LVHD.US,D,20210302,000000,32.527,32.695,32.389,32.467,28809,0
LVHD.US,D,20210303,000000,32.517,32.765,32.417,32.586,40833,0
LVHD.US,D,20210304,000000,32.596,32.849,32.194,32.386,32393,0
LVHD.US,D,20210305,000000,32.616,33.177,32.531,33.083,46434,0
LVHD.US,D,20210308,000000,33.113,33.788,33.113,33.51,62400,0
LVHD.US,D,20210309,000000,33.56,33.718,33.388,33.388,33526,0
LVHD.US,D,20210310,000000,33.47,33.907,33.45,33.795,121983,0
LVHD.US,D,20210311,000000,33.708,33.938,33.664,33.681,44041,0
LVHD.US,D,20210312,000000,33.748,34.049,33.748,34.049,17869,0
LVHD.US,D,20210315,000000,34.096,34.314,34.007,34.314,61586,0
LVHD.US,D,20210316,000000,34.155,34.285,34.145,34.258,417749,0
LVHD.US,D,20210317,000000,34.265,34.294,34.126,34.215,30779,0
LVHD.US,D,20210318,000000,34.136,34.301,34.116,34.155,23119,0
LVHD.US,D,20210319,000000,34.011,34.175,33.913,33.975,28287,0
LVHD.US,D,20210322,000000,33.838,34.165,33.838,34.165,39059,0
LVHD.US,D,20210323,000000,34.006,34.193,33.887,33.971,38019,0
LVHD.US,D,20210324,000000,33.963,34.225,33.963,33.967,44125,0
LVHD.US,D,20210325,000000,33.897,34.364,33.798,34.311,46447,0
LVHD.US,D,20210326,000000,34.43,34.761,34.429,34.761,26216,0
LVHD.US,D,20210329,000000,34.722,35.064,34.722,34.93,18943,0
LVHD.US,D,20210330,000000,34.93,34.935,34.761,34.831,88323,0
LVHD.US,D,20210331,000000,34.841,34.87,34.662,34.717,44305,0
LVHD.US,D,20210401,000000,34.553,34.851,34.461,34.851,67658,0
LVHD.US,D,20210405,000000,35.019,35.178,34.98,35.069,105098,0
LVHD.US,D,20210406,000000,35.049,35.119,34.933,35.069,107610,0
LVHD.US,D,20210407,000000,35.107,35.107,34.95,35.029,29421,0
LVHD.US,D,20210408,000000,34.983,35.012,34.94,34.99,22098,0
LVHD.US,D,20210409,000000,35.01,35.016,34.877,35.016,36542,0
LVHD.US,D,20210412,000000,35.089,35.226,35.059,35.226,46516,0
LVHD.US,D,20210413,000000,35.149,35.208,35.002,35.164,42516,0
LVHD.US,D,20210414,000000,35.159,35.268,35.079,35.173,26023,0
LVHD.US,D,20210415,000000,35.288,35.506,35.268,35.468,86889,0
LVHD.US,D,20210416,000000,35.596,35.759,35.586,35.715,36989,0
LVHD.US,D,20210419,000000,35.695,35.722,35.566,35.705,33102,0
LVHD.US,D,20210420,000000,35.546,35.923,35.546,35.85,180393,0
LVHD.US,D,20210421,000000,35.874,36.162,35.874,36.132,180748,0
LVHD.US,D,20210422,000000,36.033,36.033,35.774,35.835,46130,0
LVHD.US,D,20210423,000000,35.774,35.983,35.735,35.923,25416,0
LVHD.US,D,20210426,000000,35.983,35.983,35.779,35.794,32431,0
LVHD.US,D,20210427,000000,35.824,35.923,35.754,35.878,40075,0
LVHD.US,D,20210428,000000,35.913,35.983,35.809,35.844,25335,0
LVHD.US,D,20210429,000000,35.993,36.281,35.993,36.271,23365,0
LVHD.US,D,20210430,000000,36.201,36.251,36.018,36.092,94519,0
LVHD.US,D,20210503,000000,36.271,36.599,36.271,36.45,113839,0
LVHD.US,D,20210504,000000,36.35,36.44,36.35,36.44,28060,0
LVHD.US,D,20210505,000000,36.539,36.539,36.211,36.399,160819,0
LVHD.US,D,20210506,000000,36.48,36.7627,36.435,36.7616,55456,0
LVHD.US,D,20210507,000000,36.76,37.01,36.6911,36.99,28233,0
LVHD.US,D,20210510,000000,37.15,37.49,37.15,37.21,42291,0
LVHD.US,D,20210511,000000,37.09,37.11,36.6173,36.78,132411,0
LVHD.US,D,20210512,000000,36.74,36.78,36.125,36.15,31340,0
LVHD.US,D,20210513,000000,36.06,36.861,36.06,36.75,23949,0
LVHD.US,D,20210514,000000,36.89,37.07,36.88,36.99,28361,0
LVHD.US,D,20210517,000000,36.98,37.1096,36.91,37.0124,136874,0
LVHD.US,D,20210518,000000,37.03,37.03,36.85,36.85,36686,0
LVHD.US,D,20210519,000000,36.57,36.7,36.29,36.7,51112,0
LVHD.US,D,20210520,000000,36.65,36.954,36.65,36.87,35758,0
LVHD.US,D,20210521,000000,36.97,37.11,36.8115,36.88,40142,0
LVHD.US,D,20210524,000000,37.04,37.17,36.97,37.11,49482,0
LVHD.US,D,20210525,000000,37.02,37.02,36.76,36.7738,31951,0
LVHD.US,D,20210526,000000,36.83,36.83,36.681,36.775,20763,0
LVHD.US,D,20210527,000000,36.89,36.95,36.7,36.72,49321,0
LVHD.US,D,20210528,000000,36.85,36.885,36.805,36.835,16709,0
LVHD.US,D,20210601,000000,37,37,36.7665,36.871,36985,0
LVHD.US,D,20210602,000000,36.96,37.1,36.85,37.06,23954,0
LVHD.US,D,20210603,000000,36.98,37.2595,36.93,37.24,29107,0
LVHD.US,D,20210604,000000,37.34,37.4036,37.295,37.37,13666,0
LVHD.US,D,20210607,000000,37.42,37.45,37.25,37.3296,30758,0
LVHD.US,D,20210608,000000,37.34,37.34,37.1266,37.23,23468,0
LVHD.US,D,20210609,000000,37.27,37.391,37.23,37.25,24565,0
LVHD.US,D,20210610,000000,37.33,37.43,37.33,37.38,13334,0
LVHD.US,D,20210611,000000,37.46,37.46,37.21,37.3438,21671,0
LVHD.US,D,20210614,000000,37.32,37.32,37.06,37.22,23949,0
LVHD.US,D,20210615,000000,37.15,37.3,37.15,37.18,21486,0
LVHD.US,D,20210616,000000,37.2,37.24,36.86,36.9,26143,0
LVHD.US,D,20210617,000000,36.84,36.92,36.585,36.72,23085,0
LVHD.US,D,20210618,000000,36.49,36.49,36,36.05,32873,0
LVHD.US,D,20210621,000000,36.0976,36.5503,36.0976,36.5,15351,0
LVHD.US,D,20210622,000000,36.35,36.6,36.35,36.44,17641,0
LVHD.US,D,20210623,000000,36.42,36.42,36.2,36.21,35199,0
LVHD.US,D,20210624,000000,36.3,36.33,36.13,36.28,26583,0
LVHD.US,D,20210625,000000,36.31,36.58,36.31,36.52,25244,0
LVHD.US,D,20210628,000000,36.57,36.57,36.44,36.54,26326,0
LVHD.US,D,20210629,000000,36.58,36.65,36.3,36.32,32620,0
LVHD.US,D,20210630,000000,36.3,36.48,36.3,36.48,16953,0
LVHD.US,D,20210701,000000,36.51,36.7099,36.51,36.62,25523,0
LVHD.US,D,20210702,000000,36.65,36.7711,36.6,36.7,39013,0
LVHD.US,D,20210706,000000,36.5,36.56,36.23,36.53,17444,0
LVHD.US,D,20210707,000000,36.56,36.79,36.56,36.781,35635,0
LVHD.US,D,20210708,000000,36.55,36.69,36.5,36.55,21337,0
LVHD.US,D,20210709,000000,36.73,36.939,36.73,36.9,15923,0
LVHD.US,D,20210712,000000,36.72,37.015,36.72,36.95,19962,0
LVHD.US,D,20210713,000000,36.88,36.97,36.68,36.73,21769,0
LVHD.US,D,20210714,000000,36.79,37.0235,36.79,36.97,27848,0
LVHD.US,D,20210715,000000,36.85,37.0888,36.85,37.06,22763,0
LVHD.US,D,20210716,000000,37.15,37.24,37.0701,37.0772,26708,0
LVHD.US,D,20210719,000000,36.88,36.94,36.375,36.7,91863,0
LVHD.US,D,20210720,000000,36.74,37.22,36.74,36.95,141379,0
LVHD.US,D,20210721,000000,37.03,37.14,36.9,36.9,57862,0
LVHD.US,D,20210722,000000,36.88,36.88,36.68,36.79,33049,0
LVHD.US,D,20210723,000000,36.91,37.25,36.91,37.21,37909,0
LVHD.US,D,20210726,000000,37.19,37.3,37.141,37.3,23543,0
LVHD.US,D,20210727,000000,37.23,37.495,37.22,37.47,34241,0
LVHD.US,D,20210728,000000,37.46,37.5061,37.265,37.36,33582,0
LVHD.US,D,20210729,000000,37.5,37.59,37.45,37.45,21775,0
LVHD.US,D,20210730,000000,37.33,37.635,37.33,37.36,22199,0
LVHD.US,D,20210802,000000,37.56,37.57,37.39,37.41,83834,0
LVHD.US,D,20210803,000000,37.41,37.64,37.21,37.62,37046,0
LVHD.US,D,20210804,000000,37.39,37.4667,37.21,37.27,23209,0
LVHD.US,D,20210805,000000,37.11,37.19,37.0542,37.18,31649,0
LVHD.US,D,20210806,000000,37.28,37.3698,37.22,37.23,18654,0
LVHD.US,D,20210809,000000,37.29,37.36,37.2,37.29,38499,0
LVHD.US,D,20210810,000000,37.4,37.56,37.2962,37.55,71970,0
LVHD.US,D,20210811,000000,37.57,37.78,37.57,37.78,28234,0
LVHD.US,D,20210812,000000,37.79,37.79,37.635,37.7467,16883,0
LVHD.US,D,20210813,000000,37.76,37.965,37.76,37.965,10403,0
LVHD.US,D,20210816,000000,37.99,38.17,37.879,38.15,16814,0
LVHD.US,D,20210817,000000,38.13,38.25,37.99,38.25,34724,0
LVHD.US,D,20210818,000000,38.25,38.25,37.8,37.8,45964,0
LVHD.US,D,20210819,000000,37.63,37.97,37.63,37.855,21056,0
LVHD.US,D,20210820,000000,37.92,38.15,37.7769,38.11,42897,0
LVHD.US,D,20210823,000000,38.21,38.21,38.045,38.0607,33948,0
LVHD.US,D,20210824,000000,38.03,38.03,37.711,37.72,21468,0
LVHD.US,D,20210825,000000,37.69,37.845,37.64,37.76,32705,0
LVHD.US,D,20210826,000000,37.73,37.73,37.525,37.56,76240,0
LVHD.US,D,20210827,000000,37.62,37.77,37.62,37.6892,25369,0
LVHD.US,D,20210830,000000,37.78,37.81,37.6358,37.78,23575,0
LVHD.US,D,20210831,000000,37.78,37.88,37.68,37.84,25509,0
LVHD.US,D,20210901,000000,37.89,37.9869,37.82,37.96,20059,0
