<TICKER>,<PER>,<DATE>,<TIME>,<OPEN>,<HIGH>,<LOW>,<CLOSE>,<VOL>,<OPENINT>
MILN.US,D,20160506,000000,14.658,14.717,14.569,14.707,2481,0
MILN.US,D,20160509,000000,14.737,14.854,14.732,14.816,18175,0
MILN.US,D,20160510,000000,14.886,14.985,14.826,14.976,46704,0
MILN.US,D,20160511,000000,14.936,14.936,14.667,14.687,29468,0
MILN.US,D,20160512,000000,14.767,14.767,14.54,14.648,11645,0
MILN.US,D,20160513,000000,14.648,14.667,14.55,14.579,8662,0
MILN.US,D,20160516,000000,14.598,14.65,14.533,14.648,5908,0
MILN.US,D,20160517,000000,14.589,14.608,14.521,14.521,4719,0
MILN.US,D,20160518,000000,14.421,14.521,14.365,14.401,2767,0
MILN.US,D,20160519,000000,14.274,14.332,14.274,14.322,2622,0
MILN.US,D,20160520,000000,14.322,14.53,14.322,14.492,2732,0
MILN.US,D,20160523,000000,14.569,14.589,14.545,14.559,4909,0
MILN.US,D,20160524,000000,14.579,14.727,14.579,14.717,3033,0
MILN.US,D,20160525,000000,14.757,14.757,14.701,14.757,2986,0
MILN.US,D,20160526,000000,14.786,14.796,14.786,14.796,828,0
MILN.US,D,20160527,000000,14.846,14.876,14.816,14.816,1176,0
MILN.US,D,20160531,000000,14.896,14.916,14.836,14.886,3043,0
MILN.US,D,20160601,000000,14.816,14.886,14.816,14.876,4559,0
MILN.US,D,20160602,000000,14.896,14.946,14.836,14.936,22933,0
MILN.US,D,20160603,000000,14.816,14.866,14.767,14.866,3793,0
MILN.US,D,20160606,000000,14.936,14.936,14.826,14.848,10751,0
MILN.US,D,20160607,000000,14.946,14.995,14.896,14.995,638,0
MILN.US,D,20160608,000000,14.955,14.955,14.866,14.886,599,0
MILN.US,D,20160609,000000,14.894,14.926,14.856,14.926,4685,0
MILN.US,D,20160610,000000,14.816,14.816,14.697,14.747,573,0
MILN.US,D,20160613,000000,14.976,14.976,14.856,14.856,1924,0
MILN.US,D,20160614,000000,14.767,14.776,14.767,14.776,352,0
MILN.US,D,20160615,000000,14.918,14.976,14.916,14.916,3310,0
MILN.US,D,20160616,000000,14.757,14.796,14.757,14.796,1133,0
MILN.US,D,20160617,000000,14.855,14.855,14.826,14.826,599,0
MILN.US,D,20160620,000000,14.956,14.956,14.956,14.956,100,0
MILN.US,D,20160621,000000,14.976,14.976,14.976,14.976,682,0
MILN.US,D,20160622,000000,14.96,15.005,14.96,14.976,1651,0
MILN.US,D,20160623,000000,15.093,15.103,15.006,15.103,2198,0
MILN.US,D,20160624,000000,14.776,14.786,14.608,14.667,4121,0
MILN.US,D,20160627,000000,14.559,14.559,14.224,14.302,6554,0
MILN.US,D,20160628,000000,14.569,14.569,14.569,14.569,451,0
MILN.US,D,20160629,000000,14.846,14.846,14.846,14.846,230,0
MILN.US,D,20160630,000000,14.966,14.995,14.941,14.995,2896,0
MILN.US,D,20160705,000000,14.978,15.01,14.978,15.005,967,0
MILN.US,D,20160706,000000,15.063,15.123,15.063,15.123,222,0
MILN.US,D,20160707,000000,15.179,15.179,15.179,15.179,105,0
MILN.US,D,20160708,000000,15.378,15.527,15.378,15.526,6783,0
MILN.US,D,20160711,000000,15.606,15.636,15.557,15.636,4044,0
MILN.US,D,20160712,000000,15.746,15.746,15.676,15.726,13698,0
MILN.US,D,20160713,000000,15.719,15.719,15.719,15.719,100,0
MILN.US,D,20160714,000000,15.863,15.863,15.746,15.785,1078,0
MILN.US,D,20160715,000000,15.711,15.716,15.696,15.696,2921,0
MILN.US,D,20160718,000000,15.746,15.775,15.666,15.767,4215,0
MILN.US,D,20160719,000000,15.666,15.706,15.666,15.706,3362,0
MILN.US,D,20160720,000000,15.725,15.795,15.725,15.795,1342,0
MILN.US,D,20160721,000000,15.805,15.853,15.731,15.731,3367,0
MILN.US,D,20160722,000000,15.706,15.825,15.706,15.825,1160,0
MILN.US,D,20160725,000000,15.825,15.873,15.825,15.873,2140,0
MILN.US,D,20160726,000000,15.962,15.962,15.847,15.863,1280,0
MILN.US,D,20160727,000000,15.792,15.834,15.719,15.765,2032,0
MILN.US,D,20160728,000000,15.765,15.817,15.736,15.817,1372,0
MILN.US,D,20160729,000000,15.805,15.853,15.805,15.853,381,0
MILN.US,D,20160801,000000,15.903,15.952,15.84,15.863,1863,0
MILN.US,D,20160802,000000,15.923,15.923,15.657,15.669,2655,0
MILN.US,D,20160803,000000,15.557,15.706,15.517,15.706,1792,0
MILN.US,D,20160804,000000,15.746,15.746,15.696,15.696,303,0
MILN.US,D,20160805,000000,15.834,15.893,15.83,15.873,986,0
MILN.US,D,20160808,000000,15.903,15.904,15.815,15.873,3147,0
MILN.US,D,20160809,000000,15.923,15.923,15.828,15.845,1568,0
MILN.US,D,20160810,000000,15.861,15.861,15.832,15.832,609,0
MILN.US,D,20160811,000000,15.962,15.962,15.913,15.932,8333,0
MILN.US,D,20160812,000000,15.932,15.952,15.902,15.932,1908,0
MILN.US,D,20160815,000000,15.972,16.021,15.972,16.02,1879,0
MILN.US,D,20160816,000000,15.962,15.962,15.932,15.952,3114,0
MILN.US,D,20160817,000000,15.972,15.972,15.805,15.825,2334,0
MILN.US,D,20160818,000000,15.853,15.883,15.853,15.863,1889,0
MILN.US,D,20160819,000000,15.873,15.893,15.873,15.893,573,0
MILN.US,D,20160822,000000,15.795,15.913,15.795,15.883,2629,0
MILN.US,D,20160823,000000,15.982,15.982,15.873,15.952,1537,0
MILN.US,D,20160824,000000,16.001,16.001,15.805,15.805,1530,0
MILN.US,D,20160825,000000,15.853,15.882,15.84,15.882,2190,0
MILN.US,D,20160826,000000,15.913,15.913,15.765,15.819,2153,0
MILN.US,D,20160829,000000,15.863,15.893,15.815,15.874,2173,0
MILN.US,D,20160830,000000,15.903,15.903,15.775,15.775,1622,0
MILN.US,D,20160831,000000,15.783,15.783,15.736,15.775,759,0
MILN.US,D,20160901,000000,15.775,15.775,15.682,15.714,949,0
MILN.US,D,20160902,000000,15.863,15.863,15.758,15.785,1411,0
MILN.US,D,20160906,000000,15.843,15.843,15.757,15.825,1705,0
MILN.US,D,20160907,000000,15.861,15.907,15.805,15.873,2204,0
MILN.US,D,20160908,000000,15.873,15.873,15.736,15.736,3954,0
MILN.US,D,20160909,000000,15.577,15.608,15.402,15.448,6555,0
MILN.US,D,20160912,000000,15.348,15.557,15.308,15.547,2193,0
MILN.US,D,20160913,000000,15.527,15.527,15.318,15.384,3896,0
MILN.US,D,20160914,000000,15.401,15.458,15.378,15.378,3219,0
MILN.US,D,20160915,000000,15.428,15.503,15.408,15.503,1824,0
MILN.US,D,20160916,000000,15.438,15.501,15.438,15.501,670,0
MILN.US,D,20160919,000000,15.616,15.616,15.486,15.486,1748,0
MILN.US,D,20160920,000000,15.577,15.577,15.408,15.458,7263,0
MILN.US,D,20160921,000000,15.458,15.597,15.428,15.597,3536,0
MILN.US,D,20160922,000000,15.716,15.736,15.666,15.726,5948,0
MILN.US,D,20160923,000000,15.805,15.863,15.788,15.819,2280,0
MILN.US,D,20160926,000000,15.765,15.765,15.644,15.704,1500,0
MILN.US,D,20160927,000000,15.74,15.805,15.686,15.791,4293,0
MILN.US,D,20160928,000000,15.805,15.805,15.676,15.755,1360,0
MILN.US,D,20160929,000000,15.696,15.815,15.656,15.656,5989,0
MILN.US,D,20160930,000000,15.626,15.785,15.626,15.785,1238,0
MILN.US,D,20161003,000000,15.656,15.718,15.656,15.702,970,0
MILN.US,D,20161004,000000,15.775,15.775,15.716,15.716,405,0
MILN.US,D,20161005,000000,15.745,15.795,15.726,15.755,2473,0
MILN.US,D,20161006,000000,15.646,15.646,15.537,15.626,1742,0
MILN.US,D,20161007,000000,15.606,15.606,15.486,15.547,633,0
MILN.US,D,20161010,000000,15.57,15.57,15.517,15.536,786,0
MILN.US,D,20161011,000000,15.507,15.507,15.309,15.309,2496,0
MILN.US,D,20161012,000000,15.399,15.428,15.399,15.428,1889,0
MILN.US,D,20161013,000000,15.378,15.378,15.231,15.325,1932,0
MILN.US,D,20161014,000000,15.348,15.468,15.294,15.348,3117,0
MILN.US,D,20161017,000000,15.285,15.288,15.272,15.288,597,0
MILN.US,D,20161018,000000,15.469,15.469,15.407,15.438,828,0
MILN.US,D,20161019,000000,15.489,15.577,15.489,15.553,5370,0
MILN.US,D,20161020,000000,15.503,15.503,15.442,15.458,1276,0
MILN.US,D,20161021,000000,15.378,15.586,15.378,15.586,840,0
MILN.US,D,20161024,000000,15.656,15.706,15.626,15.64,8313,0
MILN.US,D,20161025,000000,15.551,15.563,15.468,15.468,797,0
MILN.US,D,20161026,000000,15.488,15.488,15.368,15.41,1039,0
MILN.US,D,20161027,000000,15.498,15.498,15.258,15.269,2107,0
MILN.US,D,20161028,000000,15.202,15.388,15.202,15.388,1186,0
MILN.US,D,20161031,000000,15.332,15.358,15.279,15.279,1696,0
MILN.US,D,20161101,000000,15.043,15.123,15.043,15.123,1087,0
MILN.US,D,20161102,000000,15.183,15.183,15.049,15.093,1137,0
MILN.US,D,20161103,000000,15.113,15.113,14.966,14.966,3667,0
MILN.US,D,20161104,000000,15.017,15.063,14.966,14.966,1561,0
MILN.US,D,20161107,000000,15.221,15.257,15.143,15.241,1565,0
MILN.US,D,20161108,000000,15.279,15.36,15.202,15.318,1328,0
MILN.US,D,20161109,000000,14.976,15.328,14.976,15.328,3432,0
MILN.US,D,20161110,000000,15.444,15.444,15.19,15.241,1229,0
MILN.US,D,20161111,000000,15.193,15.312,15.193,15.312,2919,0
MILN.US,D,20161114,000000,15.279,15.308,15.279,15.285,1311,0
MILN.US,D,20161115,000000,15.279,15.368,15.275,15.289,1632,0
MILN.US,D,20161116,000000,15.257,15.338,15.257,15.315,15477,0
MILN.US,D,20161117,000000,15.241,15.45,15.241,15.45,1066,0
MILN.US,D,20161118,000000,15.507,15.507,15.378,15.378,11290,0
MILN.US,D,20161121,000000,15.458,15.527,15.428,15.478,1322,0
MILN.US,D,20161122,000000,15.587,15.646,15.572,15.607,846,0
MILN.US,D,20161123,000000,15.596,15.616,15.577,15.596,1110,0
MILN.US,D,20161125,000000,15.706,15.706,15.607,15.646,1352,0
MILN.US,D,20161128,000000,15.676,15.676,15.557,15.592,7325,0
MILN.US,D,20161129,000000,15.626,15.626,15.586,15.586,831,0
MILN.US,D,20161130,000000,15.537,15.537,15.408,15.448,16263,0
MILN.US,D,20161201,000000,15.428,15.428,15.308,15.309,1417,0
MILN.US,D,20161202,000000,15.368,15.378,15.319,15.348,893,0
MILN.US,D,20161205,000000,15.507,15.512,15.448,15.468,1705,0
MILN.US,D,20161206,000000,15.428,15.507,15.428,15.507,1366,0
MILN.US,D,20161207,000000,15.448,15.825,15.448,15.765,1335,0
MILN.US,D,20161208,000000,15.922,15.942,15.873,15.932,6487,0
MILN.US,D,20161209,000000,16.011,16.011,15.926,15.963,2589,0
MILN.US,D,20161212,000000,15.972,15.972,15.815,15.853,4196,0
MILN.US,D,20161213,000000,15.962,15.962,15.891,15.891,2612,0
MILN.US,D,20161214,000000,15.952,15.952,15.746,15.761,4200,0
MILN.US,D,20161215,000000,15.824,15.824,15.754,15.775,4019,0
MILN.US,D,20161216,000000,15.706,15.825,15.697,15.746,1199,0
MILN.US,D,20161219,000000,15.825,15.825,15.746,15.746,3020,0
MILN.US,D,20161220,000000,15.746,15.873,15.746,15.836,2873,0
MILN.US,D,20161221,000000,15.843,15.843,15.805,15.815,1830,0
MILN.US,D,20161222,000000,15.739,15.739,15.589,15.592,963,0
MILN.US,D,20161223,000000,15.636,15.636,15.527,15.527,1818,0
MILN.US,D,20161227,000000,15.706,15.706,15.641,15.641,3005,0
MILN.US,D,20161228,000000,15.562,15.566,15.497,15.497,2057,0
MILN.US,D,20161229,000000,15.552,15.552,15.497,15.54,961,0
MILN.US,D,20161230,000000,15.497,15.497,15.447,15.467,1007,0
MILN.US,D,20170103,000000,15.636,15.636,15.491,15.526,10370,0
MILN.US,D,20170104,000000,15.647,15.794,15.636,15.726,1702,0
MILN.US,D,20170105,000000,15.726,15.814,15.676,15.814,1946,0
MILN.US,D,20170106,000000,15.814,15.943,15.746,15.884,2117,0
MILN.US,D,20170109,000000,16.022,16.022,15.854,15.923,1632,0
MILN.US,D,20170110,000000,15.918,15.953,15.918,15.949,1096,0
MILN.US,D,20170111,000000,15.943,15.943,15.853,15.933,1121,0
MILN.US,D,20170112,000000,15.873,15.923,15.852,15.864,1297,0
MILN.US,D,20170113,000000,15.992,16.002,15.933,15.933,2550,0
MILN.US,D,20170117,000000,16.052,16.052,15.983,15.992,1842,0
MILN.US,D,20170118,000000,16.072,16.072,15.884,15.992,2496,0
MILN.US,D,20170119,000000,15.983,16.032,15.905,15.938,2617,0
MILN.US,D,20170120,000000,16.082,16.082,15.963,15.963,1280,0
MILN.US,D,20170123,000000,16.022,16.022,15.893,16.002,1896,0
MILN.US,D,20170124,000000,16.082,16.112,15.963,16.112,3359,0
MILN.US,D,20170125,000000,16.181,16.182,16.122,16.152,1136,0
MILN.US,D,20170126,000000,16.232,16.232,16.162,16.162,4749,0
MILN.US,D,20170127,000000,16.052,16.052,16.006,16.042,2367,0
MILN.US,D,20170130,000000,15.903,16.002,15.903,15.953,1886,0
MILN.US,D,20170131,000000,15.854,15.963,15.854,15.904,3614,0
MILN.US,D,20170201,000000,16.012,16.012,15.844,15.91,4771,0
MILN.US,D,20170202,000000,15.933,15.953,15.874,15.953,1172,0
MILN.US,D,20170203,000000,15.9,15.953,15.9,15.953,1377,0
MILN.US,D,20170206,000000,16.012,16.012,15.923,15.983,3300,0
MILN.US,D,20170207,000000,16.009,16.009,15.933,15.933,1413,0
MILN.US,D,20170208,000000,16.022,16.142,15.953,16.102,1649,0
MILN.US,D,20170209,000000,16.152,16.206,16.126,16.172,2198,0
MILN.US,D,20170210,000000,16.232,16.251,16.172,16.192,2075,0
MILN.US,D,20170213,000000,16.35,16.35,16.202,16.202,2733,0
MILN.US,D,20170214,000000,16.281,16.301,16.261,16.301,3555,0
MILN.US,D,20170215,000000,16.36,16.429,16.301,16.36,3807,0
MILN.US,D,20170216,000000,16.35,16.38,16.27,16.27,5396,0
MILN.US,D,20170217,000000,16.202,16.35,16.202,16.301,1799,0
MILN.US,D,20170221,000000,16.301,16.469,16.301,16.41,3073,0
MILN.US,D,20170222,000000,16.458,16.469,16.38,16.452,2221,0
MILN.US,D,20170223,000000,16.448,16.448,16.331,16.331,1556,0
MILN.US,D,20170224,000000,16.291,16.39,16.232,16.39,1955,0
MILN.US,D,20170227,000000,16.365,16.439,16.35,16.38,2122,0
MILN.US,D,20170228,000000,16.4,16.4,16.261,16.261,3393,0
MILN.US,D,20170301,000000,16.37,16.478,16.37,16.478,4696,0
MILN.US,D,20170302,000000,16.44,16.478,16.36,16.38,3553,0
MILN.US,D,20170303,000000,16.38,16.38,16.306,16.35,2421,0
MILN.US,D,20170306,000000,16.321,16.321,16.261,16.291,4889,0
MILN.US,D,20170307,000000,16.341,16.341,16.202,16.22,3147,0
MILN.US,D,20170308,000000,16.234,16.306,16.234,16.281,3393,0
MILN.US,D,20170309,000000,16.341,16.341,16.187,16.241,3413,0
MILN.US,D,20170310,000000,16.242,16.293,16.226,16.251,1388,0
MILN.US,D,20170313,000000,16.28,16.291,16.226,16.257,1780,0
MILN.US,D,20170314,000000,16.251,16.259,16.174,16.236,1270,0
MILN.US,D,20170315,000000,16.291,16.408,16.249,16.4,2044,0
MILN.US,D,20170316,000000,16.45,16.45,16.395,16.43,3331,0
MILN.US,D,20170317,000000,16.429,16.464,16.388,16.422,1289,0
MILN.US,D,20170320,000000,16.45,16.45,16.381,16.381,5175,0
MILN.US,D,20170321,000000,16.42,16.478,16.192,16.192,1757,0
MILN.US,D,20170322,000000,16.192,16.25,16.142,16.203,1388,0
MILN.US,D,20170323,000000,16.232,16.281,16.212,16.244,1118,0
MILN.US,D,20170324,000000,16.331,16.331,16.247,16.247,1965,0
MILN.US,D,20170327,000000,16.072,16.273,16.062,16.251,4010,0
MILN.US,D,20170328,000000,16.192,16.37,16.192,16.37,3005,0
MILN.US,D,20170329,000000,16.36,16.477,16.321,16.477,1622,0
MILN.US,D,20170330,000000,16.41,16.41,16.331,16.349,1893,0
MILN.US,D,20170331,000000,16.37,16.429,16.341,16.36,2718,0
MILN.US,D,20170403,000000,16.346,16.38,16.292,16.292,2367,0
MILN.US,D,20170404,000000,16.321,16.321,16.22,16.22,1359,0
MILN.US,D,20170405,000000,16.316,16.38,16.212,16.212,2424,0
MILN.US,D,20170406,000000,16.341,16.341,16.25,16.301,1321,0
MILN.US,D,20170407,000000,16.272,16.341,16.272,16.291,1799,0
MILN.US,D,20170410,000000,16.4,16.44,16.358,16.398,5559,0
MILN.US,D,20170411,000000,16.37,16.39,16.311,16.366,1452,0
MILN.US,D,20170412,000000,16.41,16.429,16.369,16.394,1857,0
MILN.US,D,20170413,000000,16.39,16.39,16.301,16.321,3554,0
MILN.US,D,20170417,000000,16.36,16.478,16.295,16.427,3243,0
MILN.US,D,20170418,000000,16.445,16.469,16.4,16.4,1695,0
MILN.US,D,20170419,000000,16.506,16.548,16.449,16.449,2638,0
MILN.US,D,20170420,000000,16.596,16.645,16.525,16.626,2876,0
MILN.US,D,20170421,000000,16.616,16.616,16.547,16.616,3436,0
MILN.US,D,20170424,000000,16.755,16.755,16.676,16.735,6088,0
MILN.US,D,20170425,000000,16.823,16.865,16.758,16.858,2825,0
MILN.US,D,20170426,000000,16.899,16.964,16.875,16.927,5779,0
MILN.US,D,20170427,000000,17.043,17.132,17.043,17.132,4794,0
MILN.US,D,20170428,000000,17.21,17.21,16.993,17.053,4401,0
MILN.US,D,20170501,000000,17.151,17.171,16.973,17.171,4054,0
MILN.US,D,20170502,000000,17.23,17.28,17.092,17.21,4565,0
MILN.US,D,20170503,000000,17.31,17.31,17.161,17.173,10180,0
MILN.US,D,20170504,000000,17.215,17.22,17.122,17.182,3163,0
MILN.US,D,20170505,000000,17.181,17.32,17.181,17.27,5392,0
MILN.US,D,20170508,000000,17.43,17.43,17.29,17.33,5400,0
MILN.US,D,20170509,000000,17.43,17.445,17.35,17.422,4256,0
MILN.US,D,20170510,000000,17.34,17.41,17.33,17.41,5731,0
MILN.US,D,20170511,000000,17.489,17.489,17.142,17.32,10396,0
MILN.US,D,20170512,000000,17.27,17.272,17.22,17.255,2738,0
MILN.US,D,20170515,000000,17.29,17.37,17.25,17.271,7223,0
MILN.US,D,20170516,000000,17.29,17.32,17.25,17.25,2987,0
MILN.US,D,20170517,000000,17.171,17.171,16.973,16.973,4796,0
MILN.US,D,20170518,000000,17.003,17.073,16.934,17.013,2964,0
MILN.US,D,20170519,000000,17.052,17.177,17.052,17.137,3185,0
MILN.US,D,20170522,000000,17.112,17.238,17.112,17.191,6717,0
MILN.US,D,20170523,000000,17.201,17.206,17.154,17.154,4245,0
MILN.US,D,20170524,000000,17.27,17.28,17.151,17.28,3153,0
MILN.US,D,20170525,000000,17.35,17.41,17.308,17.39,9844,0
MILN.US,D,20170526,000000,17.39,17.39,17.32,17.39,4793,0
MILN.US,D,20170530,000000,17.38,17.44,17.34,17.41,9965,0
MILN.US,D,20170531,000000,17.45,17.45,17.33,17.39,5995,0
MILN.US,D,20170601,000000,17.37,17.509,17.37,17.509,5633,0
MILN.US,D,20170602,000000,17.599,17.639,17.509,17.639,7034,0
MILN.US,D,20170605,000000,17.697,17.697,17.549,17.658,8243,0
MILN.US,D,20170606,000000,17.589,17.619,17.499,17.528,7830,0
MILN.US,D,20170607,000000,17.569,17.569,17.499,17.499,6419,0
MILN.US,D,20170608,000000,17.499,17.599,17.499,17.569,9111,0
MILN.US,D,20170609,000000,17.639,17.639,17.34,17.41,14660,0
MILN.US,D,20170612,000000,17.27,17.357,17.21,17.33,6030,0
MILN.US,D,20170613,000000,17.37,17.459,17.35,17.459,4214,0
MILN.US,D,20170614,000000,17.483,17.509,17.4,17.45,2992,0
MILN.US,D,20170615,000000,17.192,17.35,17.192,17.305,5961,0
MILN.US,D,20170616,000000,17.45,17.45,17.28,17.29,2905,0
MILN.US,D,20170619,000000,17.44,17.549,17.4,17.549,7855,0
MILN.US,D,20170620,000000,17.483,17.497,17.33,17.33,4898,0
MILN.US,D,20170621,000000,17.44,17.448,17.38,17.38,2702,0
MILN.US,D,20170622,000000,17.469,17.489,17.388,17.455,3526,0
MILN.US,D,20170623,000000,17.41,17.579,17.41,17.503,2758,0
MILN.US,D,20170626,000000,17.705,17.705,17.548,17.578,5992,0
MILN.US,D,20170627,000000,17.559,17.589,17.39,17.39,5542,0
MILN.US,D,20170628,000000,17.41,17.559,17.41,17.559,5228,0
MILN.US,D,20170629,000000,17.539,17.539,17.225,17.4,6190,0
MILN.US,D,20170630,000000,17.529,17.549,17.47,17.529,11519,0
MILN.US,D,20170703,000000,17.519,17.579,17.401,17.401,3482,0
MILN.US,D,20170705,000000,17.42,17.489,17.371,17.45,12662,0
MILN.US,D,20170706,000000,17.24,17.32,17.161,17.161,2386,0
MILN.US,D,20170707,000000,17.313,17.36,17.258,17.326,4179,0
MILN.US,D,20170710,000000,17.33,17.374,17.25,17.3,12458,0
MILN.US,D,20170711,000000,17.27,17.338,17.27,17.338,2448,0
MILN.US,D,20170712,000000,17.491,17.519,17.43,17.489,2909,0
MILN.US,D,20170713,000000,17.579,17.599,17.549,17.564,4866,0
MILN.US,D,20170714,000000,17.589,17.688,17.589,17.681,4248,0
MILN.US,D,20170717,000000,17.649,17.725,17.639,17.639,7300,0
MILN.US,D,20170718,000000,17.688,17.804,17.678,17.804,4135,0
MILN.US,D,20170719,000000,17.834,17.943,17.804,17.924,4886,0
MILN.US,D,20170720,000000,17.914,17.953,17.844,17.844,5672,0
MILN.US,D,20170721,000000,17.844,17.894,17.786,17.894,13246,0
MILN.US,D,20170724,000000,17.844,17.854,17.779,17.854,5788,0
MILN.US,D,20170725,000000,17.914,17.934,17.766,17.899,12158,0
MILN.US,D,20170726,000000,17.993,17.993,17.884,17.963,4822,0
MILN.US,D,20170727,000000,18.073,18.073,17.784,17.934,7684,0
MILN.US,D,20170728,000000,17.845,17.914,17.845,17.884,4252,0
MILN.US,D,20170731,000000,17.934,17.934,17.78,17.842,8281,0
MILN.US,D,20170801,000000,17.869,17.884,17.805,17.864,3981,0
MILN.US,D,20170802,000000,17.874,17.874,17.735,17.816,5488,0
MILN.US,D,20170803,000000,17.784,17.884,17.745,17.775,15855,0
MILN.US,D,20170804,000000,17.914,17.914,17.825,17.825,3680,0
MILN.US,D,20170807,000000,17.934,17.943,17.844,17.943,5507,0
MILN.US,D,20170808,000000,17.953,17.993,17.836,17.884,5435,0
MILN.US,D,20170809,000000,17.725,17.775,17.648,17.705,4997,0
MILN.US,D,20170810,000000,17.794,17.794,17.459,17.459,7111,0
MILN.US,D,20170811,000000,17.43,17.549,17.43,17.493,8997,0
MILN.US,D,20170814,000000,17.586,17.688,17.586,17.663,4883,0
MILN.US,D,20170815,000000,17.53,17.609,17.53,17.548,2760,0
MILN.US,D,20170816,000000,17.649,17.649,17.572,17.629,2508,0
MILN.US,D,20170817,000000,17.579,17.579,17.34,17.4,10820,0
MILN.US,D,20170818,000000,17.34,17.34,17.213,17.26,7129,0
MILN.US,D,20170821,000000,17.181,17.26,17.147,17.26,6138,0
MILN.US,D,20170822,000000,17.34,17.469,17.3,17.469,6304,0
MILN.US,D,20170823,000000,17.34,17.41,17.32,17.33,3599,0
MILN.US,D,20170824,000000,17.43,17.43,17.33,17.345,2615,0
MILN.US,D,20170825,000000,17.36,17.44,17.327,17.4,6084,0
MILN.US,D,20170828,000000,17.37,17.37,17.288,17.296,4540,0
MILN.US,D,20170829,000000,17.286,17.39,17.22,17.389,4471,0
MILN.US,D,20170830,000000,17.4,17.479,17.355,17.479,12264,0
MILN.US,D,20170831,000000,17.629,17.639,17.539,17.59,3846,0
MILN.US,D,20170901,000000,17.725,17.735,17.665,17.668,4486,0
MILN.US,D,20170905,000000,17.609,17.692,17.521,17.649,8255,0
MILN.US,D,20170906,000000,17.662,17.692,17.589,17.639,12409,0
MILN.US,D,20170907,000000,17.694,17.775,17.694,17.765,31004,0
MILN.US,D,20170908,000000,17.824,17.824,17.669,17.681,9969,0
MILN.US,D,20170911,000000,17.824,17.874,17.765,17.874,27166,0
MILN.US,D,20170912,000000,17.854,17.924,17.854,17.924,4168,0
MILN.US,D,20170913,000000,17.983,17.983,17.894,17.928,4807,0
MILN.US,D,20170914,000000,17.884,17.904,17.835,17.904,3809,0
MILN.US,D,20170915,000000,17.884,17.924,17.838,17.845,6851,0
MILN.US,D,20170918,000000,17.937,17.973,17.815,17.815,5901,0
MILN.US,D,20170919,000000,17.854,17.884,17.834,17.854,5052,0
MILN.US,D,20170920,000000,17.904,17.904,17.827,17.869,3413,0
MILN.US,D,20170921,000000,17.814,17.874,17.785,17.844,2057,0
MILN.US,D,20170922,000000,17.845,17.924,17.845,17.904,4360,0
MILN.US,D,20170925,000000,17.844,17.844,17.678,17.765,4981,0
MILN.US,D,20170926,000000,17.839,17.855,17.792,17.796,2699,0
MILN.US,D,20170927,000000,17.894,17.973,17.834,17.973,3175,0
MILN.US,D,20170928,000000,17.914,17.914,17.866,17.874,2234,0
MILN.US,D,20170929,000000,17.931,17.973,17.884,17.894,3052,0
MILN.US,D,20171002,000000,17.925,18.013,17.925,17.963,7636,0
MILN.US,D,20171003,000000,18.035,18.071,18.035,18.053,3634,0
MILN.US,D,20171004,000000,18.153,18.153,18.043,18.103,5203,0
MILN.US,D,20171005,000000,18.179,18.272,18.127,18.272,3786,0
MILN.US,D,20171006,000000,18.232,18.252,18.187,18.252,3531,0
MILN.US,D,20171009,000000,18.213,18.262,18.183,18.183,3561,0
MILN.US,D,20171010,000000,18.163,18.232,18.153,18.153,6445,0
MILN.US,D,20171011,000000,18.123,18.202,18.123,18.179,3508,0
MILN.US,D,20171012,000000,18.173,18.222,18.102,18.222,4662,0
MILN.US,D,20171013,000000,18.302,18.312,18.252,18.292,10567,0
MILN.US,D,20171016,000000,18.282,18.282,18.184,18.222,9044,0
MILN.US,D,20171017,000000,18.183,18.262,18.183,18.212,5256,0
MILN.US,D,20171018,000000,18.209,18.272,18.209,18.232,5231,0
MILN.US,D,20171019,000000,18.116,18.202,18.083,18.175,4333,0
MILN.US,D,20171020,000000,18.439,18.439,18.302,18.302,5761,0
MILN.US,D,20171023,000000,18.272,18.401,18.173,18.173,9765,0
MILN.US,D,20171024,000000,18.178,18.267,18.178,18.228,3935,0
MILN.US,D,20171025,000000,18.232,18.232,18.083,18.183,3906,0
MILN.US,D,20171026,000000,18.292,18.391,18.252,18.351,6254,0
MILN.US,D,20171027,000000,18.27,18.475,18.259,18.439,22352,0
MILN.US,D,20171030,000000,18.459,18.459,18.381,18.381,6876,0
MILN.US,D,20171031,000000,18.425,18.431,18.374,18.414,17658,0
MILN.US,D,20171101,000000,18.449,18.449,18.371,18.381,24697,0
MILN.US,D,20171102,000000,18.341,18.381,18.302,18.317,6851,0
MILN.US,D,20171103,000000,18.321,18.479,18.321,18.439,10980,0
MILN.US,D,20171106,000000,18.509,18.577,18.488,18.539,7441,0
MILN.US,D,20171107,000000,18.579,18.579,18.272,18.321,7901,0
MILN.US,D,20171108,000000,18.321,18.361,18.245,18.321,3885,0
MILN.US,D,20171109,000000,18.272,18.312,18.124,18.312,7576,0
MILN.US,D,20171110,000000,18.361,18.411,18.361,18.411,3035,0
MILN.US,D,20171113,000000,18.411,18.447,18.361,18.444,7496,0
MILN.US,D,20171114,000000,18.391,18.468,18.361,18.431,4545,0
MILN.US,D,20171115,000000,18.331,18.444,18.29,18.372,5613,0
MILN.US,D,20171116,000000,18.459,18.609,18.411,18.579,4996,0
MILN.US,D,20171117,000000,18.669,18.697,18.624,18.659,9273,0
MILN.US,D,20171120,000000,18.708,18.728,18.649,18.718,10352,0
MILN.US,D,20171121,000000,18.768,18.828,18.768,18.768,7586,0
MILN.US,D,20171122,000000,18.748,18.898,18.748,18.888,6023,0
MILN.US,D,20171124,000000,18.927,18.955,18.907,18.955,3895,0
MILN.US,D,20171127,000000,18.984,18.994,18.849,18.849,12691,0
MILN.US,D,20171128,000000,18.838,18.994,18.838,18.954,6033,0
MILN.US,D,20171129,000000,19.083,19.083,18.82,18.82,7373,0
MILN.US,D,20171130,000000,18.941,18.994,18.878,18.878,4123,0
MILN.US,D,20171201,000000,18.891,18.908,18.728,18.868,10233,0
MILN.US,D,20171204,000000,19.014,19.064,18.888,18.888,15466,0
MILN.US,D,20171205,000000,18.848,18.959,18.848,18.878,5783,0
MILN.US,D,20171206,000000,18.858,18.868,18.829,18.829,4901,0
MILN.US,D,20171207,000000,18.889,18.974,18.848,18.927,6752,0
MILN.US,D,20171208,000000,19.099,19.103,19.024,19.049,6915,0
MILN.US,D,20171211,000000,19.103,19.171,19.054,19.123,6800,0
MILN.US,D,20171212,000000,19.192,19.197,19.103,19.113,4821,0
MILN.US,D,20171213,000000,19.267,19.267,19.212,19.222,4709,0
MILN.US,D,20171214,000000,19.322,19.372,19.242,19.242,19233,0
MILN.US,D,20171215,000000,19.323,19.427,19.323,19.392,22134,0
MILN.US,D,20171218,000000,19.609,19.619,19.51,19.604,12231,0
MILN.US,D,20171219,000000,19.698,19.698,19.433,19.48,9670,0
MILN.US,D,20171220,000000,19.471,19.48,19.391,19.392,18507,0
MILN.US,D,20171221,000000,19.393,19.421,19.332,19.343,6818,0
MILN.US,D,20171222,000000,19.332,19.352,19.246,19.292,7450,0
MILN.US,D,20171226,000000,19.402,19.402,19.272,19.372,9655,0
MILN.US,D,20171227,000000,19.421,19.421,19.336,19.336,6248,0
MILN.US,D,20171228,000000,19.282,19.282,19.133,19.192,7517,0
MILN.US,D,20171229,000000,19.217,19.217,19.113,19.113,6927,0
MILN.US,D,20180102,000000,19.192,19.312,19.163,19.302,10513,0
MILN.US,D,20180103,000000,19.441,19.48,19.372,19.471,6047,0
MILN.US,D,20180104,000000,19.559,19.559,19.352,19.411,9941,0
MILN.US,D,20180105,000000,19.461,19.569,19.411,19.558,8216,0
MILN.US,D,20180108,000000,19.589,19.629,19.543,19.624,9092,0
MILN.US,D,20180109,000000,19.559,19.559,19.5,19.559,4981,0
MILN.US,D,20180110,000000,19.52,19.52,19.352,19.49,10270,0
MILN.US,D,20180111,000000,19.589,19.688,19.521,19.683,8078,0
MILN.US,D,20180112,000000,19.639,19.838,19.639,19.788,8215,0
MILN.US,D,20180116,000000,20.027,20.027,19.619,19.649,21907,0
MILN.US,D,20180117,000000,19.639,19.778,19.622,19.748,7287,0
MILN.US,D,20180118,000000,19.748,19.768,19.699,19.708,11392,0
MILN.US,D,20180119,000000,19.798,19.937,19.768,19.889,6765,0
MILN.US,D,20180122,000000,19.977,20.127,19.918,20.127,10489,0
MILN.US,D,20180123,000000,20.137,20.333,20.137,20.333,9621,0
MILN.US,D,20180124,000000,20.402,20.402,20.283,20.293,9909,0
MILN.US,D,20180125,000000,20.452,20.452,20.215,20.264,6501,0
MILN.US,D,20180126,000000,20.353,20.492,20.303,20.492,11314,0
MILN.US,D,20180129,000000,20.552,20.552,20.402,20.452,16550,0
MILN.US,D,20180130,000000,20.313,20.353,20.234,20.343,10955,0
MILN.US,D,20180131,000000,20.373,20.421,20.244,20.244,6860,0
MILN.US,D,20180201,000000,20.234,20.332,20.16,20.204,7278,0
MILN.US,D,20180202,000000,20.146,20.146,19.848,19.889,10318,0
MILN.US,D,20180205,000000,19.639,19.818,19.267,19.267,20882,0
MILN.US,D,20180206,000000,18.727,19.619,18.697,19.54,23140,0
MILN.US,D,20180207,000000,19.53,19.957,19.53,19.788,10094,0
MILN.US,D,20180208,000000,19.987,19.987,19.113,19.113,10392,0
MILN.US,D,20180209,000000,19.33,19.33,18.747,19.322,13409,0
MILN.US,D,20180212,000000,19.49,19.55,19.322,19.52,9226,0
MILN.US,D,20180213,000000,19.54,19.708,19.441,19.644,7028,0
MILN.US,D,20180214,000000,19.441,20.047,19.441,20.017,7783,0
MILN.US,D,20180215,000000,20.194,20.264,20.046,20.264,15561,0
MILN.US,D,20180216,000000,20.264,20.333,20.194,20.254,13514,0
MILN.US,D,20180220,000000,20.283,20.313,20.067,20.107,11408,0
MILN.US,D,20180221,000000,20.244,20.323,20.181,20.185,9860,0
MILN.US,D,20180222,000000,20.155,20.155,19.977,19.989,15624,0
MILN.US,D,20180223,000000,20.037,20.273,19.987,20.224,5275,0
MILN.US,D,20180226,000000,20.442,20.452,20.343,20.442,11519,0
MILN.US,D,20180227,000000,20.522,20.522,20.118,20.155,7348,0
MILN.US,D,20180228,000000,20.165,20.31,20.057,20.057,5895,0
MILN.US,D,20180301,000000,19.868,20.106,19.639,19.798,8736,0
MILN.US,D,20180302,000000,19.609,20.017,19.569,19.967,6926,0
MILN.US,D,20180305,000000,19.987,20.333,19.918,20.298,11294,0
MILN.US,D,20180306,000000,20.293,20.392,20.214,20.343,7719,0
MILN.US,D,20180307,000000,20.264,20.442,20.254,20.442,4592,0
MILN.US,D,20180308,000000,20.562,20.562,20.343,20.412,5855,0
MILN.US,D,20180309,000000,20.641,20.731,20.512,20.731,7039,0
MILN.US,D,20180312,000000,20.86,20.879,20.776,20.794,11597,0
MILN.US,D,20180313,000000,20.939,20.939,20.532,20.602,5898,0
MILN.US,D,20180314,000000,20.701,20.781,20.632,20.775,9731,0
MILN.US,D,20180315,000000,20.82,20.82,20.654,20.731,6756,0
MILN.US,D,20180316,000000,20.761,20.771,20.682,20.691,9304,0
MILN.US,D,20180319,000000,20.641,20.641,20.293,20.422,11531,0
MILN.US,D,20180320,000000,20.422,20.446,20.323,20.392,8597,0
MILN.US,D,20180321,000000,20.482,20.495,20.343,20.432,9942,0
MILN.US,D,20180322,000000,20.224,20.293,19.977,19.977,7019,0
MILN.US,D,20180323,000000,19.897,20.047,19.559,19.639,14572,0
MILN.US,D,20180326,000000,19.858,20.117,19.658,20.107,11038,0
MILN.US,D,20180327,000000,20.214,20.214,19.569,19.635,10972,0
MILN.US,D,20180328,000000,19.628,19.645,19.451,19.645,5631,0
MILN.US,D,20180329,000000,19.599,19.869,19.52,19.828,4775,0
MILN.US,D,20180402,000000,19.688,19.688,19.093,19.182,18593,0
MILN.US,D,20180403,000000,19.421,19.431,19.282,19.378,5178,0
MILN.US,D,20180404,000000,19.043,19.748,19.043,19.748,8370,0
MILN.US,D,20180405,000000,19.798,19.962,19.768,19.917,7108,0
MILN.US,D,20180406,000000,19.818,19.917,19.451,19.55,4226,0
MILN.US,D,20180409,000000,19.599,19.771,19.51,19.525,6810,0
MILN.US,D,20180410,000000,19.639,19.897,19.639,19.838,24039,0
MILN.US,D,20180411,000000,19.788,19.897,19.788,19.788,4920,0
MILN.US,D,20180412,000000,20.007,20.007,19.908,19.944,11636,0
MILN.US,D,20180413,000000,19.997,20.025,19.764,19.764,4201,0
MILN.US,D,20180416,000000,19.977,19.987,19.838,19.967,12179,0
MILN.US,D,20180417,000000,20.146,20.432,20.146,20.373,5240,0
MILN.US,D,20180418,000000,20.432,20.472,20.343,20.464,7385,0
MILN.US,D,20180419,000000,20.244,20.361,20.112,20.283,5204,0
MILN.US,D,20180420,000000,20.303,20.343,20.057,20.072,4314,0
MILN.US,D,20180423,000000,20.075,20.211,20.057,20.125,7024,0
MILN.US,D,20180424,000000,20.254,20.254,19.719,19.818,6287,0
MILN.US,D,20180425,000000,19.698,19.758,19.643,19.694,9702,0
MILN.US,D,20180426,000000,19.952,20.163,19.897,20.109,6948,0
MILN.US,D,20180427,000000,20.264,20.264,20.117,20.127,6011,0
MILN.US,D,20180430,000000,20.194,20.293,20.078,20.175,8026,0
MILN.US,D,20180501,000000,19.997,20.057,19.947,20.057,4680,0
MILN.US,D,20180502,000000,20.017,20.041,19.951,19.997,3957,0
MILN.US,D,20180503,000000,19.897,19.897,19.738,19.888,5687,0
MILN.US,D,20180504,000000,19.887,20.184,19.818,20.107,4593,0
MILN.US,D,20180507,000000,20.097,20.283,20.097,20.194,9830,0
MILN.US,D,20180508,000000,20.23,20.323,20.16,20.313,5497,0
MILN.US,D,20180509,000000,20.293,20.502,20.273,20.502,6581,0
MILN.US,D,20180510,000000,20.622,20.641,20.532,20.603,7193,0
MILN.US,D,20180511,000000,20.641,20.684,20.522,20.671,5881,0
MILN.US,D,20180514,000000,20.681,20.751,20.586,20.641,12316,0
MILN.US,D,20180515,000000,20.422,20.472,20.353,20.467,7217,0
MILN.US,D,20180516,000000,20.552,20.726,20.552,20.661,9754,0
MILN.US,D,20180517,000000,20.711,20.745,20.602,20.651,10826,0
MILN.US,D,20180518,000000,20.651,20.691,20.592,20.65,12399,0
MILN.US,D,20180521,000000,20.771,20.8,20.731,20.751,13015,0
MILN.US,D,20180522,000000,20.84,20.87,20.641,20.641,10181,0
MILN.US,D,20180523,000000,20.582,20.889,20.582,20.889,5241,0
MILN.US,D,20180524,000000,20.889,20.979,20.761,20.909,17551,0
MILN.US,D,20180525,000000,21.009,21.039,20.949,20.999,7263,0
MILN.US,D,20180529,000000,20.989,21.029,20.856,20.919,26348,0
MILN.US,D,20180530,000000,21.009,21.238,20.959,21.188,11324,0
MILN.US,D,20180531,000000,21.228,21.258,21.1,21.178,8188,0
MILN.US,D,20180601,000000,21.348,21.485,21.332,21.485,12054,0
MILN.US,D,20180604,000000,21.604,21.793,21.545,21.773,18162,0
MILN.US,D,20180605,000000,21.872,21.982,21.823,21.902,14643,0
MILN.US,D,20180606,000000,21.922,22.079,21.922,22.056,9865,0
MILN.US,D,20180607,000000,22.061,22.129,21.882,21.952,17868,0
MILN.US,D,20180608,000000,21.922,22.129,21.922,22.127,21415,0
MILN.US,D,20180611,000000,22.209,22.249,22.129,22.234,10745,0
MILN.US,D,20180612,000000,22.348,22.463,22.249,22.428,18979,0
MILN.US,D,20180613,000000,22.478,22.478,22.26,22.358,20550,0
MILN.US,D,20180614,000000,22.508,22.614,22.428,22.559,22232,0
MILN.US,D,20180615,000000,22.606,22.646,22.533,22.587,18439,0
MILN.US,D,20180618,000000,22.538,22.705,22.418,22.7,24005,0
MILN.US,D,20180619,000000,22.548,22.596,22.379,22.587,13142,0
MILN.US,D,20180620,000000,22.735,22.776,22.597,22.725,15852,0
MILN.US,D,20180621,000000,22.785,22.785,22.488,22.523,22436,0
MILN.US,D,20180622,000000,22.735,22.735,22.468,22.568,23484,0
MILN.US,D,20180625,000000,22.448,22.478,21.952,22.08,19443,0
MILN.US,D,20180626,000000,22.09,22.239,22.09,22.169,20560,0
MILN.US,D,20180627,000000,22.319,22.319,21.892,21.952,11145,0
MILN.US,D,20180628,000000,21.803,22.072,21.744,22.032,6898,0
MILN.US,D,20180629,000000,22.219,22.243,22.09,22.09,12906,0
MILN.US,D,20180702,000000,21.982,22.129,21.902,22.129,18075,0
MILN.US,D,20180703,000000,22.289,22.289,22.067,22.067,10437,0
MILN.US,D,20180705,000000,22.061,22.279,22.051,22.279,12798,0
MILN.US,D,20180706,000000,22.418,22.578,22.368,22.578,12905,0
MILN.US,D,20180709,000000,22.775,22.775,22.517,22.675,20259,0
MILN.US,D,20180710,000000,22.646,22.709,22.528,22.578,22031,0
MILN.US,D,20180711,000000,22.488,22.616,22.43,22.569,10874,0
MILN.US,D,20180712,000000,22.597,22.814,22.597,22.751,14545,0
MILN.US,D,20180713,000000,22.854,22.854,22.707,22.707,10400,0
MILN.US,D,20180716,000000,22.795,22.795,22.685,22.755,20417,0
MILN.US,D,20180717,000000,22.606,22.893,22.606,22.859,12626,0
MILN.US,D,20180718,000000,22.893,22.893,22.74,22.834,12320,0
MILN.US,D,20180719,000000,22.596,22.834,22.596,22.805,9807,0
MILN.US,D,20180720,000000,22.844,22.844,22.705,22.705,19194,0
MILN.US,D,20180723,000000,22.685,22.745,22.578,22.745,12842,0
MILN.US,D,20180724,000000,22.775,22.963,22.484,22.597,20170,0
MILN.US,D,20180725,000000,22.596,22.923,22.596,22.923,12174,0
MILN.US,D,20180726,000000,22.785,22.842,22.685,22.785,20759,0
MILN.US,D,20180727,000000,22.874,22.874,22.199,22.239,10461,0
MILN.US,D,20180730,000000,22.319,22.329,21.733,21.813,31630,0
MILN.US,D,20180731,000000,21.918,22.031,21.783,21.962,23496,0
MILN.US,D,20180801,000000,21.912,22.051,21.882,21.973,5828,0
MILN.US,D,20180802,000000,21.813,22.279,21.813,22.269,10675,0
MILN.US,D,20180803,000000,22.319,22.319,22.209,22.22,10407,0
MILN.US,D,20180806,000000,22.319,22.538,22.269,22.536,8750,0
MILN.US,D,20180807,000000,22.646,22.646,22.499,22.587,12884,0
MILN.US,D,20180808,000000,22.646,22.646,22.511,22.585,7810,0
MILN.US,D,20180809,000000,22.705,22.775,22.616,22.665,10554,0
MILN.US,D,20180810,000000,22.616,22.751,22.518,22.675,8709,0
MILN.US,D,20180813,000000,22.675,22.712,22.542,22.587,14197,0
MILN.US,D,20180814,000000,22.626,22.794,22.587,22.701,10802,0
MILN.US,D,20180815,000000,22.695,22.695,22.378,22.514,12871,0
MILN.US,D,20180816,000000,22.616,22.675,22.518,22.576,8086,0
MILN.US,D,20180817,000000,22.527,22.636,22.405,22.568,14785,0
MILN.US,D,20180820,000000,22.568,22.795,22.568,22.725,19005,0
MILN.US,D,20180821,000000,22.903,22.923,22.825,22.859,8171,0
MILN.US,D,20180822,000000,22.923,23.003,22.913,22.943,9960,0
MILN.US,D,20180823,000000,22.953,23.092,22.923,22.983,30891,0
MILN.US,D,20180824,000000,23.003,23.152,22.984,23.112,15947,0
MILN.US,D,20180827,000000,23.142,23.264,23.142,23.175,18004,0
MILN.US,D,20180828,000000,23.32,23.33,23.211,23.317,19739,0
MILN.US,D,20180829,000000,23.42,23.48,23.272,23.437,16539,0
MILN.US,D,20180830,000000,23.55,23.55,23.32,23.39,22605,0
MILN.US,D,20180831,000000,23.39,23.54,23.39,23.52,23296,0
MILN.US,D,20180904,000000,23.47,23.52,23.321,23.491,24058,0
MILN.US,D,20180905,000000,23.35,23.362,22.975,23.131,19421,0
MILN.US,D,20180906,000000,23.212,23.212,22.913,23.053,8518,0
MILN.US,D,20180907,000000,22.963,23.172,22.932,23.063,13808,0
MILN.US,D,20180910,000000,23.242,23.301,23.083,23.26,25232,0
MILN.US,D,20180911,000000,23.31,23.53,23.31,23.457,28106,0
MILN.US,D,20180912,000000,23.5,23.505,23.24,23.468,9533,0
MILN.US,D,20180913,000000,23.55,23.569,23.47,23.53,13361,0
MILN.US,D,20180914,000000,23.639,23.639,23.379,23.47,19234,0
MILN.US,D,20180917,000000,23.54,23.54,23.143,23.202,21943,0
MILN.US,D,20180918,000000,23.291,23.45,23.272,23.37,14556,0
MILN.US,D,20180919,000000,23.5,23.5,23.236,23.281,9106,0
MILN.US,D,20180920,000000,23.291,23.479,23.291,23.382,11935,0
MILN.US,D,20180921,000000,23.579,23.579,23.317,23.317,17919,0
MILN.US,D,20180924,000000,23.222,23.311,23.145,23.214,19550,0
MILN.US,D,20180925,000000,23.311,23.45,23.263,23.38,8547,0
MILN.US,D,20180926,000000,23.51,23.604,23.37,23.47,6283,0
MILN.US,D,20180927,000000,23.55,23.629,23.42,23.506,23444,0
MILN.US,D,20180928,000000,23.577,23.649,23.49,23.549,14402,0
MILN.US,D,20181001,000000,23.779,23.779,23.35,23.35,20247,0
MILN.US,D,20181002,000000,23.47,23.47,23.152,23.244,23522,0
MILN.US,D,20181003,000000,23.212,23.35,23.212,23.261,14262,0
MILN.US,D,20181004,000000,23.281,23.301,22.753,22.79,54555,0
MILN.US,D,20181005,000000,22.874,22.933,22.421,22.646,19850,0
MILN.US,D,20181008,000000,22.498,22.626,22.256,22.528,8664,0
MILN.US,D,20181009,000000,22.518,22.675,22.48,22.558,11628,0
MILN.US,D,20181010,000000,22.498,22.498,21.418,21.515,38222,0
MILN.US,D,20181011,000000,21.318,21.638,21.079,21.236,23740,0
MILN.US,D,20181012,000000,21.763,21.763,21.406,21.565,9270,0
MILN.US,D,20181015,000000,21.623,21.731,21.485,21.62,13191,0
MILN.US,D,20181016,000000,21.833,22.169,21.693,22.169,8164,0
MILN.US,D,20181017,000000,22.289,22.289,21.95,22.032,6306,0
MILN.US,D,20181018,000000,21.922,22.069,21.635,21.733,10472,0
MILN.US,D,20181019,000000,21.786,21.842,21.435,21.485,5784,0
MILN.US,D,20181022,000000,21.593,21.681,21.495,21.575,9665,0
MILN.US,D,20181023,000000,21.069,21.583,20.972,21.494,22091,0
MILN.US,D,20181024,000000,21.653,21.653,20.914,20.914,8325,0
MILN.US,D,20181025,000000,21.099,21.535,21.099,21.406,9699,0
MILN.US,D,20181026,000000,20.919,21.268,20.721,20.959,12263,0
MILN.US,D,20181029,000000,21.338,21.361,20.492,20.712,13574,0
MILN.US,D,20181030,000000,20.641,21.158,20.631,21.153,11574,0
MILN.US,D,20181031,000000,21.594,21.733,21.508,21.683,6058,0
MILN.US,D,20181101,000000,21.545,21.832,21.406,21.803,8669,0
MILN.US,D,20181102,000000,21.952,22.071,21.623,21.643,11496,0
MILN.US,D,20181105,000000,21.613,21.743,21.535,21.673,8612,0
MILN.US,D,20181106,000000,21.683,21.93,21.683,21.823,6061,0
MILN.US,D,20181107,000000,21.962,22.209,21.872,22.209,7755,0
MILN.US,D,20181108,000000,22.319,22.329,22.103,22.139,8230,0
MILN.US,D,20181109,000000,22.08,22.08,21.673,21.813,46613,0
MILN.US,D,20181112,000000,21.793,21.833,21.329,21.402,7571,0
MILN.US,D,20181113,000000,21.525,21.594,21.298,21.416,7321,0
MILN.US,D,20181114,000000,21.713,21.713,21.318,21.318,4832,0
MILN.US,D,20181115,000000,21.019,21.367,20.949,21.318,6670,0
MILN.US,D,20181116,000000,21.258,21.318,21.138,21.258,5336,0
MILN.US,D,20181119,000000,21.228,21.228,20.582,20.582,16314,0
MILN.US,D,20181120,000000,19.868,20.333,19.808,20.146,19142,0
MILN.US,D,20181121,000000,20.293,20.561,20.293,20.462,7229,0
MILN.US,D,20181123,000000,20.47,20.47,20.303,20.303,4366,0
MILN.US,D,20181126,000000,20.572,20.759,20.522,20.671,9565,0
MILN.US,D,20181127,000000,20.64,20.741,20.564,20.661,8059,0
MILN.US,D,20181128,000000,20.929,21.296,20.82,21.296,4764,0
MILN.US,D,20181129,000000,21.348,21.406,21.069,21.358,9829,0
MILN.US,D,20181130,000000,21.376,21.443,21.268,21.412,9639,0
MILN.US,D,20181203,000000,21.902,21.902,21.648,21.738,12140,0
MILN.US,D,20181204,000000,21.763,21.763,21.029,21.039,13011,0
MILN.US,D,20181206,000000,20.691,21.238,20.612,21.238,9071,0
MILN.US,D,20181207,000000,21.328,21.328,20.585,20.728,4613,0
MILN.US,D,20181210,000000,20.631,20.781,20.373,20.781,24938,0
MILN.US,D,20181211,000000,20.889,21.019,20.771,20.771,7580,0
MILN.US,D,20181212,000000,21.002,21.217,20.929,20.989,6056,0
MILN.US,D,20181213,000000,21.029,21.029,20.747,20.773,5751,0
MILN.US,D,20181214,000000,20.709,20.751,20.472,20.492,11964,0
MILN.US,D,20181217,000000,20.343,20.472,19.838,19.937,15518,0
MILN.US,D,20181218,000000,19.977,20.278,19.977,20.175,18485,0
MILN.US,D,20181219,000000,20.027,20.283,19.688,19.766,12265,0
MILN.US,D,20181220,000000,19.559,19.638,19.063,19.324,24583,0
MILN.US,D,20181221,000000,19.53,19.53,18.737,18.763,12611,0
MILN.US,D,20181224,000000,18.488,18.757,18.419,18.438,15083,0
MILN.US,D,20181226,000000,18.538,19.282,18.508,19.282,8013,0
MILN.US,D,20181227,000000,19.003,19.53,18.998,19.53,9434,0
MILN.US,D,20181228,000000,19.507,19.776,19.411,19.49,8090,0
MILN.US,D,20181231,000000,19.619,19.699,19.542,19.599,10828,0
MILN.US,D,20190102,000000,19.244,19.689,19.244,19.609,6786,0
MILN.US,D,20190103,000000,19.431,19.471,19.141,19.141,14085,0
MILN.US,D,20190104,000000,19.351,20.048,19.351,19.889,6082,0
MILN.US,D,20190107,000000,20.029,20.426,20.029,20.288,13471,0
MILN.US,D,20190108,000000,20.566,20.576,20.228,20.546,4602,0
MILN.US,D,20190109,000000,20.676,20.766,20.518,20.676,3993,0
MILN.US,D,20190110,000000,20.426,20.716,20.426,20.675,4658,0
MILN.US,D,20190111,000000,20.666,20.761,20.606,20.696,6081,0
MILN.US,D,20190114,000000,20.686,20.756,20.557,20.691,34638,0
MILN.US,D,20190115,000000,20.676,20.995,20.676,20.995,7247,0
MILN.US,D,20190116,000000,20.985,21.045,20.913,20.915,8418,0
MILN.US,D,20190117,000000,20.895,21.156,20.895,21.075,5298,0
MILN.US,D,20190118,000000,21.225,21.543,21.225,21.374,5521,0
MILN.US,D,20190122,000000,21.483,21.483,21.01,21.115,19939,0
MILN.US,D,20190123,000000,21.165,21.344,21.045,21.125,3505,0
MILN.US,D,20190124,000000,21.085,21.365,21.085,21.365,4293,0
MILN.US,D,20190125,000000,21.493,21.745,21.493,21.745,6636,0
MILN.US,D,20190128,000000,21.632,21.712,21.476,21.633,9391,0
MILN.US,D,20190129,000000,21.622,21.622,21.404,21.424,8818,0
MILN.US,D,20190130,000000,21.672,21.802,21.534,21.722,5386,0
MILN.US,D,20190131,000000,21.732,22.014,21.732,21.888,6972,0
MILN.US,D,20190201,000000,21.952,21.952,21.852,21.852,21912,0
MILN.US,D,20190204,000000,21.992,22.17,21.942,22.14,10187,0
MILN.US,D,20190205,000000,22.27,22.43,22.27,22.35,16974,0
MILN.US,D,20190206,000000,22.35,22.389,22.246,22.298,6596,0
MILN.US,D,20190207,000000,22.012,22.198,22.012,22.125,7569,0
MILN.US,D,20190208,000000,22.15,22.31,22.098,22.285,4014,0
MILN.US,D,20190211,000000,22.383,22.39,22.281,22.29,14891,0
MILN.US,D,20190212,000000,22.45,22.619,22.45,22.58,10555,0
MILN.US,D,20190213,000000,22.62,22.717,22.599,22.688,6379,0
MILN.US,D,20190214,000000,22.538,22.798,22.474,22.669,4081,0
MILN.US,D,20190215,000000,22.788,22.817,22.709,22.733,8910,0
MILN.US,D,20190219,000000,22.738,22.893,22.738,22.798,9350,0
MILN.US,D,20190220,000000,22.878,22.907,22.664,22.778,72197,0
MILN.US,D,20190221,000000,22.689,22.758,22.621,22.621,8441,0
MILN.US,D,20190222,000000,22.708,23.037,22.708,23.037,12254,0
MILN.US,D,20190225,000000,23.037,23.169,22.997,23.018,8707,0
MILN.US,D,20190226,000000,22.999,23.087,22.928,23.087,6318,0
MILN.US,D,20190227,000000,23.089,23.089,22.927,23.017,8590,0
MILN.US,D,20190228,000000,22.987,23.027,22.866,22.927,10517,0
MILN.US,D,20190301,000000,23.027,23.187,22.958,23.127,12405,0
MILN.US,D,20190304,000000,23.197,23.197,22.768,22.873,12210,0
MILN.US,D,20190305,000000,22.952,23.077,22.917,23.037,4526,0
MILN.US,D,20190306,000000,23.107,23.107,22.952,23.006,15352,0
MILN.US,D,20190307,000000,22.758,22.868,22.659,22.659,11680,0
MILN.US,D,20190308,000000,22.45,22.593,22.44,22.59,7318,0
MILN.US,D,20190311,000000,22.778,23.037,22.758,22.947,15665,0
MILN.US,D,20190312,000000,22.987,23.137,22.987,23.047,12252,0
MILN.US,D,20190313,000000,23.267,23.324,23.127,23.217,10311,0
MILN.US,D,20190314,000000,23.326,23.326,23.147,23.167,15525,0
MILN.US,D,20190315,000000,23.366,23.366,23.177,23.237,30421,0
MILN.US,D,20190318,000000,23.237,23.326,23.147,23.192,11838,0
MILN.US,D,20190319,000000,23.227,23.418,23.147,23.147,6875,0
MILN.US,D,20190320,000000,23.286,23.356,23.167,23.274,6501,0
MILN.US,D,20190321,000000,23.473,23.705,23.376,23.695,8882,0
MILN.US,D,20190322,000000,23.576,23.583,23.137,23.137,12533,0
MILN.US,D,20190325,000000,23.147,23.289,23.027,23.281,27370,0
MILN.US,D,20190326,000000,23.476,23.522,23.286,23.345,28191,0
MILN.US,D,20190327,000000,23.436,23.496,23.127,23.306,12257,0
MILN.US,D,20190328,000000,23.556,23.576,23.386,23.526,35810,0
MILN.US,D,20190329,000000,23.596,23.676,23.566,23.666,19317,0
MILN.US,D,20190401,000000,23.934,23.934,23.696,23.885,23703,0
MILN.US,D,20190402,000000,23.904,23.914,23.776,23.914,20589,0
MILN.US,D,20190403,000000,24.084,24.203,23.975,24.081,22739,0
MILN.US,D,20190404,000000,24.124,24.174,23.939,24.074,24065,0
MILN.US,D,20190405,000000,24.253,24.253,24.104,24.132,33889,0
MILN.US,D,20190408,000000,24.223,24.223,24.014,24.19,27871,0
MILN.US,D,20190409,000000,24.034,24.203,24.024,24.104,15105,0
MILN.US,D,20190410,000000,24.233,24.233,24.094,24.213,23492,0
MILN.US,D,20190411,000000,24.283,24.283,24.114,24.203,19798,0
MILN.US,D,20190412,000000,24.363,24.363,24.213,24.363,15176,0
MILN.US,D,20190415,000000,24.403,24.433,24.266,24.393,16570,0
MILN.US,D,20190416,000000,24.572,24.572,24.22,24.27,28289,0
MILN.US,D,20190417,000000,24.443,24.443,24.212,24.247,11896,0
MILN.US,D,20190418,000000,24.114,24.292,24.114,24.214,19594,0
MILN.US,D,20190422,000000,24.233,24.263,24.084,24.263,32031,0
MILN.US,D,20190423,000000,24.373,24.672,24.373,24.61,27285,0
MILN.US,D,20190424,000000,24.751,24.751,24.612,24.696,20310,0
MILN.US,D,20190425,000000,24.761,24.761,24.524,24.668,21724,0
MILN.US,D,20190426,000000,24.701,24.761,24.496,24.715,18855,0
MILN.US,D,20190429,000000,24.871,24.871,24.696,24.718,22602,0
MILN.US,D,20190430,000000,24.741,24.741,24.562,24.721,14758,0
MILN.US,D,20190501,000000,24.801,24.841,24.503,24.572,54430,0
MILN.US,D,20190502,000000,24.602,24.602,24.233,24.429,13411,0
MILN.US,D,20190503,000000,24.612,24.781,24.561,24.771,19945,0
MILN.US,D,20190506,000000,24.443,24.751,24.413,24.731,60750,0
MILN.US,D,20190507,000000,24.542,24.549,24.034,24.243,43691,0
MILN.US,D,20190508,000000,24.243,24.343,24.154,24.243,46077,0
MILN.US,D,20190509,000000,24.104,24.193,23.819,24.184,33298,0
MILN.US,D,20190510,000000,24.144,24.193,23.766,24.125,39402,0
MILN.US,D,20190513,000000,23.796,23.796,23.421,23.511,50323,0
MILN.US,D,20190514,000000,23.646,23.904,23.516,23.742,31176,0
MILN.US,D,20190515,000000,23.726,24.061,23.58,24.014,15201,0
MILN.US,D,20190516,000000,24.074,24.403,24.074,24.263,45540,0
MILN.US,D,20190517,000000,24.184,24.321,24.054,24.124,16146,0
MILN.US,D,20190520,000000,23.974,23.974,23.795,23.904,14553,0
MILN.US,D,20190521,000000,24.114,24.144,23.974,24.086,9644,0
MILN.US,D,20190522,000000,23.994,24.024,23.885,23.897,11169,0
MILN.US,D,20190523,000000,23.786,23.786,23.426,23.516,32933,0
MILN.US,D,20190524,000000,23.736,23.815,23.61,23.709,44538,0
MILN.US,D,20190528,000000,23.696,23.923,23.57,23.606,12286,0
MILN.US,D,20190529,000000,23.426,23.426,23.167,23.316,22235,0
MILN.US,D,20190530,000000,23.296,23.505,23.296,23.366,5708,0
MILN.US,D,20190531,000000,23.267,23.286,22.977,23.117,11105,0
MILN.US,D,20190603,000000,23.047,23.067,22.698,22.878,13068,0
MILN.US,D,20190604,000000,22.987,23.476,22.987,23.396,63333,0
MILN.US,D,20190605,000000,23.746,23.756,23.537,23.73,19806,0
MILN.US,D,20190606,000000,23.845,23.94,23.666,23.914,11588,0
MILN.US,D,20190607,000000,23.954,24.283,23.954,24.154,18765,0
MILN.US,D,20190610,000000,24.433,24.463,24.263,24.263,48271,0
MILN.US,D,20190611,000000,24.483,24.483,24.164,24.283,10712,0
MILN.US,D,20190612,000000,24.164,24.363,24.154,24.313,37608,0
MILN.US,D,20190613,000000,24.503,24.542,24.389,24.513,36236,0
MILN.US,D,20190614,000000,24.701,24.701,24.445,24.542,35320,0
MILN.US,D,20190617,000000,24.672,24.701,24.607,24.672,34921,0
MILN.US,D,20190618,000000,24.911,25.031,24.721,24.721,49589,0
MILN.US,D,20190619,000000,24.871,24.911,24.652,24.896,13244,0
MILN.US,D,20190620,000000,25.209,25.209,24.911,25.05,101400,0
MILN.US,D,20190621,000000,25.11,25.11,24.851,24.881,18373,0
MILN.US,D,20190624,000000,24.981,24.981,24.771,24.821,30592,0
MILN.US,D,20190625,000000,24.901,24.901,24.393,24.413,12428,0
MILN.US,D,20190626,000000,24.562,24.562,24.353,24.423,33727,0
MILN.US,D,20190627,000000,24.532,24.622,24.486,24.622,20571,0
MILN.US,D,20190628,000000,24.721,24.721,24.542,24.662,9524,0
MILN.US,D,20190701,000000,24.961,25.05,24.842,25.001,41903,0
MILN.US,D,20190702,000000,25.031,25.031,24.891,25.011,20335,0
MILN.US,D,20190703,000000,25.081,25.33,25.081,25.33,30086,0
MILN.US,D,20190705,000000,25.25,25.38,25.107,25.38,43514,0
MILN.US,D,20190708,000000,25.32,25.32,25.211,25.24,47901,0
MILN.US,D,20190709,000000,25.38,25.49,25.289,25.42,162430,0
MILN.US,D,20190710,000000,25.619,25.665,25.44,25.589,42505,0
MILN.US,D,20190711,000000,25.639,25.669,25.546,25.579,48637,0
MILN.US,D,20190712,000000,25.759,25.848,25.699,25.788,44442,0
MILN.US,D,20190715,000000,25.958,25.958,25.808,25.878,48052,0
MILN.US,D,20190716,000000,25.958,25.958,25.739,25.798,32182,0
MILN.US,D,20190717,000000,25.629,26.427,25.549,25.589,50347,0
MILN.US,D,20190718,000000,25.539,25.568,25.415,25.544,9496,0
MILN.US,D,20190719,000000,25.699,25.699,25.277,25.28,28221,0
MILN.US,D,20190722,000000,25.39,25.39,25.272,25.35,25352,0
MILN.US,D,20190723,000000,25.5,25.509,25.32,25.509,51565,0
MILN.US,D,20190724,000000,25.579,25.778,25.56,25.769,22802,0
MILN.US,D,20190725,000000,25.818,25.818,25.639,25.719,75910,0
MILN.US,D,20190726,000000,25.918,26.158,25.918,26.068,80271,0
MILN.US,D,20190729,000000,26.168,26.168,25.958,26.028,61217,0
MILN.US,D,20190730,000000,25.928,25.958,25.788,25.888,72609,0
MILN.US,D,20190731,000000,25.918,25.948,25.43,25.689,50486,0
MILN.US,D,20190801,000000,25.689,25.885,25.28,25.348,38736,0
MILN.US,D,20190802,000000,25.25,25.25,24.921,25.011,47015,0
MILN.US,D,20190805,000000,24.751,24.751,24.034,24.233,57889,0
MILN.US,D,20190806,000000,24.303,24.622,24.283,24.622,31163,0
MILN.US,D,20190807,000000,24.513,24.761,24.213,24.701,22155,0
MILN.US,D,20190808,000000,24.981,25.22,24.831,25.22,159074,0
MILN.US,D,20190809,000000,25.18,25.18,24.811,24.991,536309,0
MILN.US,D,20190812,000000,24.881,24.881,24.532,24.632,69350,0
MILN.US,D,20190813,000000,24.592,25.07,24.523,24.881,150962,0
MILN.US,D,20190814,000000,24.622,24.622,24.174,24.203,429223,0
MILN.US,D,20190815,000000,24.184,24.333,24.06,24.184,32479,0
MILN.US,D,20190816,000000,24.403,24.537,24.373,24.523,14255,0
MILN.US,D,20190819,000000,24.881,24.881,24.703,24.791,29690,0
MILN.US,D,20190820,000000,24.821,24.841,24.681,24.742,9599,0
MILN.US,D,20190821,000000,25.041,25.061,24.941,25.011,23699,0
MILN.US,D,20190822,000000,25.141,25.141,24.831,25.011,19791,0
MILN.US,D,20190823,000000,24.931,25.043,24.363,24.403,37504,0
MILN.US,D,20190826,000000,24.542,24.699,24.453,24.691,21464,0
MILN.US,D,20190827,000000,24.851,24.851,24.535,24.652,17821,0
MILN.US,D,20190828,000000,24.592,24.801,24.483,24.801,15616,0
MILN.US,D,20190829,000000,25.101,25.2,25.031,25.16,34374,0
MILN.US,D,20190830,000000,25.32,25.32,24.971,25.081,12746,0
MILN.US,D,20190903,000000,24.891,25.061,24.735,24.798,26973,0
MILN.US,D,20190904,000000,25.031,25.091,24.901,25.091,12362,0
MILN.US,D,20190905,000000,25.3,25.45,25.241,25.37,14647,0
MILN.US,D,20190906,000000,25.549,25.569,25.483,25.49,27372,0
MILN.US,D,20190909,000000,25.529,25.599,25.256,25.36,26305,0
MILN.US,D,20190910,000000,25.26,25.26,24.922,25.011,21010,0
MILN.US,D,20190911,000000,25.131,25.175,24.961,25.141,21656,0
MILN.US,D,20190912,000000,25.32,25.43,25.245,25.34,41132,0
MILN.US,D,20190913,000000,25.36,25.38,25.198,25.28,16548,0
MILN.US,D,20190916,000000,25.111,25.2,25.081,25.2,16766,0
MILN.US,D,20190917,000000,25.22,25.41,25.22,25.41,135765,0
MILN.US,D,20190918,000000,25.39,25.39,25.031,25.32,22602,0
MILN.US,D,20190919,000000,25.28,25.36,25.188,25.24,21854,0
MILN.US,D,20190920,000000,25.24,25.25,24.951,24.991,14844,0
MILN.US,D,20190923,000000,24.991,25.061,24.931,24.961,27118,0
MILN.US,D,20190924,000000,25.071,25.123,24.572,24.622,18179,0
MILN.US,D,20190925,000000,24.681,24.893,24.597,24.891,10965,0
MILN.US,D,20190926,000000,24.831,24.881,24.652,24.841,16154,0
MILN.US,D,20190927,000000,24.931,24.931,24.413,24.578,17787,0
MILN.US,D,20190930,000000,24.592,24.811,24.592,24.751,8909,0
MILN.US,D,20191001,000000,24.891,24.929,24.59,24.612,11499,0
MILN.US,D,20191002,000000,24.423,24.423,24.084,24.233,30262,0
MILN.US,D,20191003,000000,24.184,24.38,23.914,24.358,113404,0
MILN.US,D,20191004,000000,24.532,24.701,24.453,24.672,6598,0
MILN.US,D,20191007,000000,24.691,24.721,24.542,24.612,42170,0
MILN.US,D,20191008,000000,24.433,24.562,24.273,24.273,41252,0
MILN.US,D,20191009,000000,24.503,24.592,24.426,24.453,31759,0
MILN.US,D,20191010,000000,24.523,24.698,24.463,24.602,23725,0
MILN.US,D,20191011,000000,24.921,25.131,24.921,24.951,14552,0
MILN.US,D,20191014,000000,24.871,24.961,24.851,24.881,24865,0
MILN.US,D,20191015,000000,25.011,25.2,24.981,25.2,30214,0
MILN.US,D,20191016,000000,25.051,25.18,25.021,25.18,25681,0
MILN.US,D,20191017,000000,25.25,25.37,25.24,25.25,11235,0
MILN.US,D,20191018,000000,25.21,25.22,24.871,25.021,22634,0
MILN.US,D,20191021,000000,25.21,25.24,25.125,25.23,14147,0
MILN.US,D,20191022,000000,25.24,25.24,25.002,25.041,108467,0
MILN.US,D,20191023,000000,25.061,25.061,24.866,25.001,80407,0
MILN.US,D,20191024,000000,24.951,24.951,24.751,24.881,14429,0
MILN.US,D,20191025,000000,24.811,24.971,24.756,24.891,9260,0
MILN.US,D,20191028,000000,24.981,25.121,24.981,25.091,37893,0
MILN.US,D,20191029,000000,24.951,24.951,24.751,24.751,22137,0
MILN.US,D,20191030,000000,24.921,25.031,24.817,24.951,12278,0
MILN.US,D,20191031,000000,25.031,25.031,24.771,24.871,40582,0
MILN.US,D,20191101,000000,24.991,24.991,24.821,24.901,35790,0
MILN.US,D,20191104,000000,25.011,25.013,24.881,24.921,12376,0
MILN.US,D,20191105,000000,24.901,24.901,24.662,24.681,43809,0
MILN.US,D,20191106,000000,24.632,24.652,24.484,24.652,31736,0
MILN.US,D,20191107,000000,24.612,24.624,24.433,24.453,42841,0
MILN.US,D,20191108,000000,24.532,24.612,24.503,24.552,10119,0
MILN.US,D,20191111,000000,24.602,24.662,24.443,24.662,44119,0
MILN.US,D,20191112,000000,24.632,24.752,24.582,24.632,41654,0
MILN.US,D,20191113,000000,24.681,24.695,24.483,24.672,67558,0
MILN.US,D,20191114,000000,24.721,24.851,24.701,24.851,13078,0
MILN.US,D,20191115,000000,24.971,25.001,24.861,24.941,20174,0
MILN.US,D,20191118,000000,24.941,25.155,24.941,25.092,19923,0
MILN.US,D,20191119,000000,25.15,25.15,24.964,25.071,19974,0
MILN.US,D,20191120,000000,25.071,25.15,24.821,24.971,32672,0
MILN.US,D,20191121,000000,25.001,25.042,24.931,24.931,8383,0
MILN.US,D,20191122,000000,25.041,25.051,24.901,25.027,12439,0
MILN.US,D,20191125,000000,25.061,25.259,25.061,25.231,11652,0
MILN.US,D,20191126,000000,25.33,25.509,25.299,25.462,27451,0
MILN.US,D,20191127,000000,25.49,25.639,25.47,25.601,24901,0
MILN.US,D,20191129,000000,25.519,25.619,25.46,25.485,9002,0
MILN.US,D,20191202,000000,25.569,25.569,25.051,25.166,31422,0
MILN.US,D,20191203,000000,25.001,25.051,24.788,25.016,33465,0
MILN.US,D,20191204,000000,25.2,25.26,25.125,25.22,10492,0
MILN.US,D,20191205,000000,25.22,25.28,25.121,25.165,6576,0
MILN.US,D,20191206,000000,25.41,25.41,25.29,25.315,12202,0
MILN.US,D,20191209,000000,25.37,25.41,25.265,25.28,13724,0
MILN.US,D,20191210,000000,25.21,25.27,25.151,25.18,11517,0
MILN.US,D,20191211,000000,25.26,25.28,25.101,25.27,18418,0
MILN.US,D,20191212,000000,25.21,25.41,25.16,25.303,18672,0
MILN.US,D,20191213,000000,25.34,25.37,25.215,25.316,8833,0
MILN.US,D,20191216,000000,25.4,25.646,25.4,25.597,35056,0
MILN.US,D,20191217,000000,25.749,25.749,25.5,25.559,19844,0
MILN.US,D,20191218,000000,25.649,25.689,25.589,25.649,11997,0
MILN.US,D,20191219,000000,25.649,25.828,25.649,25.795,18182,0
MILN.US,D,20191220,000000,25.908,25.928,25.759,25.909,16911,0
MILN.US,D,20191223,000000,25.888,25.908,25.786,25.838,45061,0
MILN.US,D,20191224,000000,25.928,25.928,25.838,25.883,8599,0
MILN.US,D,20191226,000000,25.888,26.028,25.888,25.997,45662,0
MILN.US,D,20191227,000000,26.128,26.128,25.937,25.973,17258,0
MILN.US,D,20191230,000000,25.888,25.888,25.619,25.689,17702,0
MILN.US,D,20191231,000000,25.679,25.838,25.649,25.838,19865,0
MILN.US,D,20200102,000000,25.998,26.008,25.858,26.008,51050,0
MILN.US,D,20200103,000000,25.848,26.058,25.793,25.985,13292,0
MILN.US,D,20200106,000000,25.888,26.078,25.808,26.069,18974,0
MILN.US,D,20200107,000000,26.178,26.178,26.038,26.098,12995,0
MILN.US,D,20200108,000000,26.178,26.437,26.178,26.353,21590,0
MILN.US,D,20200109,000000,26.547,26.547,26.338,26.467,44749,0
MILN.US,D,20200110,000000,26.557,26.557,26.338,26.387,10506,0
MILN.US,D,20200113,000000,26.527,26.687,26.427,26.657,42889,0
MILN.US,D,20200114,000000,26.807,26.807,26.558,26.643,22110,0
MILN.US,D,20200115,000000,26.737,26.836,26.67,26.736,17188,0
MILN.US,D,20200116,000000,26.807,26.916,26.807,26.883,16914,0
MILN.US,D,20200117,000000,26.956,27.035,26.906,27.01,32545,0
MILN.US,D,20200121,000000,27.006,27.125,26.941,27.057,49562,0
MILN.US,D,20200122,000000,27.205,27.295,27.035,27.07,8393,0
MILN.US,D,20200123,000000,26.946,27.185,26.876,27.185,46091,0
MILN.US,D,20200124,000000,27.175,27.225,26.727,26.846,31600,0
MILN.US,D,20200127,000000,26.427,26.558,26.338,26.443,20425,0
MILN.US,D,20200128,000000,26.557,26.795,26.466,26.761,6771,0
MILN.US,D,20200129,000000,26.787,26.836,26.649,26.727,11688,0
MILN.US,D,20200130,000000,26.318,26.612,26.298,26.612,24053,0
MILN.US,D,20200131,000000,26.597,26.597,26.099,26.148,25650,0
MILN.US,D,20200203,000000,26.258,26.652,26.258,26.517,11379,0
MILN.US,D,20200204,000000,26.767,27.125,26.767,27.075,15454,0
MILN.US,D,20200205,000000,27.155,27.155,26.807,26.866,11630,0
MILN.US,D,20200206,000000,27.095,27.175,27.006,27.108,14813,0
MILN.US,D,20200207,000000,27.115,27.205,26.996,27.075,23472,0
MILN.US,D,20200210,000000,27.225,27.285,27.125,27.285,55421,0
MILN.US,D,20200211,000000,27.435,27.435,27.195,27.315,12458,0
MILN.US,D,20200212,000000,27.305,27.435,27.285,27.421,14056,0
MILN.US,D,20200213,000000,27.455,27.611,27.375,27.535,23349,0
MILN.US,D,20200214,000000,27.674,27.674,27.475,27.57,11583,0
MILN.US,D,20200218,000000,27.625,27.669,27.535,27.644,42492,0
MILN.US,D,20200219,000000,27.734,27.884,27.664,27.778,16504,0
MILN.US,D,20200220,000000,27.854,27.954,27.524,27.834,14492,0
MILN.US,D,20200221,000000,27.774,27.774,27.375,27.47,24018,0
MILN.US,D,20200224,000000,26.427,26.689,26.238,26.457,35175,0
MILN.US,D,20200225,000000,26.637,26.637,25.599,25.69,54778,0
MILN.US,D,20200226,000000,25.878,26.025,25.35,25.411,33413,0
MILN.US,D,20200227,000000,24.971,25.231,24.342,24.342,30625,0
MILN.US,D,20200228,000000,23.474,24.352,23.404,24.252,80714,0
MILN.US,D,20200302,000000,24.442,24.941,24.043,24.941,28436,0
MILN.US,D,20200303,000000,24.991,25.38,24.277,24.438,19684,0
MILN.US,D,20200304,000000,24.911,25.297,24.631,25.18,12768,0
MILN.US,D,20200305,000000,24.831,24.941,24.392,24.601,9655,0
MILN.US,D,20200306,000000,23.943,24.113,23.543,24.073,11680,0
MILN.US,D,20200309,000000,22.227,23.444,21.958,22.347,29297,0
MILN.US,D,20200310,000000,22.866,23.454,22.117,23.301,73068,0
MILN.US,D,20200311,000000,22.955,22.955,21.828,21.968,22545,0
MILN.US,D,20200312,000000,20.371,21.384,19.474,19.733,67272,0
MILN.US,D,20200313,000000,20.391,21.15,19.683,21.13,37434,0
MILN.US,D,20200316,000000,19.014,19.637,18.023,18.27,35038,0
MILN.US,D,20200317,000000,18.526,19.209,17.469,18.807,26364,0
MILN.US,D,20200318,000000,17.658,18.207,16.57,17.43,26719,0
MILN.US,D,20200319,000000,17.159,18.512,16.94,18.228,18213,0
MILN.US,D,20200320,000000,18.386,18.899,17.534,17.559,12623,0
MILN.US,D,20200323,000000,17.429,17.658,16.7,17.519,50231,0
MILN.US,D,20200324,000000,18.297,19.264,18.297,19.264,9446,0
MILN.US,D,20200325,000000,19.274,20.421,19.184,19.692,31448,0
MILN.US,D,20200326,000000,20.073,20.651,19.863,20.461,37490,0
MILN.US,D,20200327,000000,20.123,20.366,19.504,20.093,22756,0
MILN.US,D,20200330,000000,19.993,20.391,19.573,20.391,48210,0
MILN.US,D,20200331,000000,20.242,20.361,19.813,19.953,24174,0
MILN.US,D,20200401,000000,19.344,19.344,18.666,18.746,7008,0
MILN.US,D,20200402,000000,18.646,19.164,18.528,18.857,29278,0
MILN.US,D,20200403,000000,18.856,18.881,18.316,18.532,13793,0
MILN.US,D,20200406,000000,19.134,20.154,19.134,20.154,13099,0
MILN.US,D,20200407,000000,20.98,21.235,20.399,20.689,9080,0
MILN.US,D,20200408,000000,20.88,21.198,20.614,21.147,28748,0
MILN.US,D,20200409,000000,21.569,21.928,21.489,21.67,13103,0
MILN.US,D,20200413,000000,21.668,21.668,21.22,21.514,12514,0
MILN.US,D,20200414,000000,21.938,22.367,21.938,22.287,13684,0
MILN.US,D,20200415,000000,21.799,21.988,21.502,21.808,7738,0
MILN.US,D,20200416,000000,22.057,22.057,21.68,21.948,8666,0
MILN.US,D,20200417,000000,22.187,22.607,22.187,22.523,11186,0
MILN.US,D,20200420,000000,22.107,22.567,22.107,22.222,16890,0
MILN.US,D,20200421,000000,22.077,22.077,21.361,21.554,11497,0
MILN.US,D,20200422,000000,22.077,22.324,21.923,22.217,8673,0
MILN.US,D,20200423,000000,22.417,22.547,22.15,22.187,14871,0
MILN.US,D,20200424,000000,22.347,22.703,22.107,22.607,6948,0
MILN.US,D,20200427,000000,22.965,23.284,22.802,23.215,14128,0
MILN.US,D,20200428,000000,23.674,23.674,23,23.01,13437,0
MILN.US,D,20200429,000000,23.354,24.04,23.354,23.935,14601,0
MILN.US,D,20200430,000000,23.504,23.752,23.394,23.539,12352,0
MILN.US,D,20200501,000000,23.125,23.125,22.688,22.841,10123,0
MILN.US,D,20200504,000000,22.577,23.065,22.557,23.009,11360,0
MILN.US,D,20200505,000000,23.464,23.651,23.323,23.324,10127,0
MILN.US,D,20200506,000000,23.424,23.674,23.424,23.569,9187,0
MILN.US,D,20200507,000000,23.903,24.318,23.903,24.126,13218,0
MILN.US,D,20200508,000000,24.522,24.671,24.337,24.661,8675,0
MILN.US,D,20200511,000000,24.362,24.721,24.362,24.588,9231,0
MILN.US,D,20200512,000000,24.591,24.671,24.076,24.076,14133,0
MILN.US,D,20200513,000000,24.103,24.103,23.366,23.626,8047,0
MILN.US,D,20200514,000000,23.225,23.804,23.125,23.794,16673,0
MILN.US,D,20200515,000000,23.534,24.222,23.534,24.167,22861,0
MILN.US,D,20200518,000000,24.871,25.141,24.871,25.006,25394,0
MILN.US,D,20200519,000000,25.021,25.29,24.876,24.918,13570,0
MILN.US,D,20200520,000000,25.49,25.529,25.24,25.5,22690,0
MILN.US,D,20200521,000000,25.43,25.574,25.17,25.36,14062,0
MILN.US,D,20200522,000000,25.35,25.629,25.285,25.559,12656,0
MILN.US,D,20200526,000000,26.128,26.237,25.848,25.978,17133,0
MILN.US,D,20200527,000000,25.908,25.998,25.26,25.998,115177,0
MILN.US,D,20200528,000000,25.938,26.328,25.918,25.925,50875,0
MILN.US,D,20200529,000000,25.888,26.068,25.759,26.068,16477,0
MILN.US,D,20200601,000000,26.168,26.597,26.168,26.517,10152,0
MILN.US,D,20200602,000000,26.687,26.767,26.437,26.767,34431,0
MILN.US,D,20200603,000000,26.936,27.335,26.936,27.305,13685,0
MILN.US,D,20200604,000000,27.295,27.325,26.886,26.936,36985,0
MILN.US,D,20200605,000000,27.225,27.904,27.225,27.694,162293,0
MILN.US,D,20200608,000000,27.924,28.024,27.764,28.004,18571,0
MILN.US,D,20200609,000000,27.854,27.94,27.634,27.809,9393,0
MILN.US,D,20200610,000000,27.764,27.884,27.405,27.634,46049,0
MILN.US,D,20200611,000000,26.607,26.956,25.948,26.031,38874,0
MILN.US,D,20200612,000000,26.826,26.826,25.823,26.378,15822,0
MILN.US,D,20200615,000000,26.018,26.797,25.719,26.787,15112,0
MILN.US,D,20200616,000000,27.235,27.557,27.025,27.295,42639,0
MILN.US,D,20200617,000000,27.315,27.48,27.245,27.305,16858,0
MILN.US,D,20200618,000000,27.075,27.475,27.075,27.475,7132,0
MILN.US,D,20200619,000000,27.634,27.734,27.155,27.185,17594,0
MILN.US,D,20200622,000000,26.976,27.615,26.702,27.615,34429,0
MILN.US,D,20200623,000000,27.884,27.994,27.716,27.794,22476,0
MILN.US,D,20200624,000000,27.525,27.832,26.667,27.055,37132,0
MILN.US,D,20200625,000000,26.886,27.425,26.767,27.415,21111,0
MILN.US,D,20200626,000000,27.215,27.385,26.677,26.677,42756,0
MILN.US,D,20200629,000000,26.737,27.121,26.436,27.096,17080,0
MILN.US,D,20200630,000000,27.126,27.576,27.126,27.576,28829,0
MILN.US,D,20200701,000000,27.715,28.055,27.692,27.955,26167,0
MILN.US,D,20200702,000000,28.135,28.454,27.975,28.015,29619,0
MILN.US,D,20200706,000000,28.434,28.772,28.409,28.529,26949,0
MILN.US,D,20200707,000000,28.534,28.764,28.324,28.384,50594,0
MILN.US,D,20200708,000000,28.614,28.864,28.384,28.864,39680,0
MILN.US,D,20200709,000000,28.844,28.933,28.35,28.774,43422,0
MILN.US,D,20200710,000000,28.864,29.053,28.554,29.053,55821,0
MILN.US,D,20200713,000000,29.253,29.423,28.17,28.205,62119,0
MILN.US,D,20200714,000000,27.865,28.534,27.685,28.454,24345,0
MILN.US,D,20200715,000000,28.883,29.013,28.574,28.948,27676,0
MILN.US,D,20200716,000000,28.664,28.943,28.599,28.814,12347,0
MILN.US,D,20200717,000000,28.824,28.854,28.604,28.754,12930,0
MILN.US,D,20200720,000000,28.873,29.423,28.784,29.338,9761,0
MILN.US,D,20200721,000000,28.953,29.453,27.845,29.163,22983,0
MILN.US,D,20200722,000000,29.043,29.413,29.043,29.413,14487,0
MILN.US,D,20200723,000000,29.263,29.47,28.486,28.804,20721,0
MILN.US,D,20200724,000000,28.624,28.814,28.344,28.674,10890,0
MILN.US,D,20200727,000000,28.784,29.063,28.674,29.063,15289,0
MILN.US,D,20200728,000000,29.023,29.083,28.824,28.824,11217,0
MILN.US,D,20200729,000000,29.033,29.403,28.973,29.193,13547,0
MILN.US,D,20200730,000000,28.953,29.333,28.859,29.243,12394,0
MILN.US,D,20200731,000000,29.333,29.453,29.073,29.413,19147,0
MILN.US,D,20200803,000000,29.463,29.742,29.403,29.722,14125,0
MILN.US,D,20200804,000000,29.612,29.877,29.612,29.872,142603,0
MILN.US,D,20200805,000000,30.002,30.441,30.002,30.331,23550,0
MILN.US,D,20200806,000000,30.261,30.731,30.261,30.701,27580,0
MILN.US,D,20200807,000000,30.661,30.688,30.286,30.481,17156,0
MILN.US,D,20200810,000000,30.521,30.77,30.271,30.351,24815,0
MILN.US,D,20200811,000000,30.491,30.721,30.097,30.097,15926,0
MILN.US,D,20200812,000000,30.441,30.541,30.351,30.401,23446,0
MILN.US,D,20200813,000000,30.521,30.75,30.451,30.531,13934,0
MILN.US,D,20200814,000000,30.471,30.531,30.381,30.461,13872,0
MILN.US,D,20200817,000000,30.451,30.84,30.451,30.84,20453,0
MILN.US,D,20200818,000000,30.83,30.95,30.591,30.894,18192,0
MILN.US,D,20200819,000000,30.89,31.074,30.76,30.78,30443,0
MILN.US,D,20200820,000000,30.76,31.359,30.76,31.12,12073,0
MILN.US,D,20200821,000000,31.15,31.19,30.97,31.155,20557,0
MILN.US,D,20200824,000000,31.619,31.619,31.33,31.424,19381,0
MILN.US,D,20200825,000000,31.669,31.719,31.379,31.719,18522,0
MILN.US,D,20200826,000000,31.929,32.148,31.804,32.098,27170,0
MILN.US,D,20200827,000000,32.068,32.228,31.849,32.128,13227,0
MILN.US,D,20200828,000000,32.228,32.238,32.008,32.238,24079,0
MILN.US,D,20200831,000000,32.218,32.228,31.859,32.088,31711,0
MILN.US,D,20200901,000000,32.238,32.717,32.238,32.697,20550,0
MILN.US,D,20200902,000000,32.927,33.127,32.378,33.047,59230,0
MILN.US,D,20200903,000000,32.857,32.857,31.529,31.629,40300,0
MILN.US,D,20200904,000000,31.659,31.834,30.052,31.14,52749,0
MILN.US,D,20200908,000000,30.671,30.97,30.221,30.431,104317,0
MILN.US,D,20200909,000000,30.92,31.072,30.541,31.01,10856,0
MILN.US,D,20200910,000000,31.17,31.783,30.471,30.521,17154,0
MILN.US,D,20200911,000000,30.89,30.89,30.181,30.351,12720,0
MILN.US,D,20200914,000000,30.661,30.885,30.641,30.8,14165,0
MILN.US,D,20200915,000000,30.99,31.29,30.99,31.067,101438,0
MILN.US,D,20200916,000000,31.25,31.3,30.93,30.94,12367,0
MILN.US,D,20200917,000000,30.361,30.506,30.114,30.361,18045,0
MILN.US,D,20200918,000000,30.661,30.661,29.572,30.111,23722,0
MILN.US,D,20200921,000000,29.423,29.962,29.338,29.872,32479,0
MILN.US,D,20200922,000000,30.261,30.651,30.057,30.591,13930,0
MILN.US,D,20200923,000000,30.84,30.895,30.072,30.072,19107,0
MILN.US,D,20200924,000000,29.872,30.237,29.716,29.915,17558,0
MILN.US,D,20200925,000000,29.959,30.498,29.802,30.431,53430,0
MILN.US,D,20200928,000000,31.04,31.09,30.83,31.045,17015,0
MILN.US,D,20200929,000000,31.03,31.12,30.88,31.005,32921,0
MILN.US,D,20200930,000000,31.14,31.374,30.85,31.165,12399,0
MILN.US,D,20201001,000000,31.479,31.909,31.479,31.909,16226,0
MILN.US,D,20201002,000000,31.25,31.689,31.25,31.659,15201,0
MILN.US,D,20201005,000000,31.919,32.185,31.819,32.138,15077,0
MILN.US,D,20201006,000000,32.348,32.348,31.519,31.549,36772,0
MILN.US,D,20201007,000000,32.008,32.248,31.949,32.208,23338,0
MILN.US,D,20201008,000000,32.438,32.448,32.248,32.446,10935,0
MILN.US,D,20201009,000000,32.488,32.759,32.488,32.706,25295,0
MILN.US,D,20201012,000000,32.957,33.216,32.847,33.007,26745,0
MILN.US,D,20201013,000000,33.256,33.306,33.057,33.197,11925,0
MILN.US,D,20201014,000000,33.273,33.396,32.65,32.917,11617,0
MILN.US,D,20201015,000000,32.548,32.987,32.313,32.897,26471,0
MILN.US,D,20201016,000000,33.157,33.157,32.747,32.747,24498,0
MILN.US,D,20201019,000000,32.967,33.097,32.281,32.348,31499,0
MILN.US,D,20201020,000000,32.657,32.867,32.47,32.543,20924,0
MILN.US,D,20201021,000000,32.807,33.087,32.687,32.742,12339,0
MILN.US,D,20201022,000000,32.777,32.842,32.328,32.842,10967,0
MILN.US,D,20201023,000000,33.157,33.286,32.867,33.271,13541,0
MILN.US,D,20201026,000000,32.947,33.077,32.218,32.478,16465,0
MILN.US,D,20201027,000000,32.727,32.817,32.588,32.647,13546,0
MILN.US,D,20201028,000000,31.929,31.998,31.526,31.599,19179,0
MILN.US,D,20201029,000000,31.559,32.008,31.363,31.849,22757,0
MILN.US,D,20201030,000000,31.33,31.479,30.361,30.511,37326,0
MILN.US,D,20201102,000000,30.89,31.125,30.616,30.793,14455,0
MILN.US,D,20201103,000000,31.23,31.719,30.965,31.559,40450,0
MILN.US,D,20201104,000000,32.188,32.619,32.098,32.545,12901,0
MILN.US,D,20201105,000000,33.167,33.386,33.042,33.326,12135,0
MILN.US,D,20201106,000000,33.496,33.826,32.865,33.776,40053,0
MILN.US,D,20201109,000000,35.153,35.253,33.456,33.456,29543,0
MILN.US,D,20201110,000000,33.476,33.476,32.637,32.937,17682,0
MILN.US,D,20201111,000000,33.346,33.531,33.216,33.456,20393,0
MILN.US,D,20201112,000000,33.456,33.531,33.037,33.087,11042,0
MILN.US,D,20201113,000000,33.316,33.556,33.187,33.517,10407,0
MILN.US,D,20201116,000000,33.796,33.865,33.636,33.796,14649,0
MILN.US,D,20201117,000000,33.826,34.115,33.731,33.986,11574,0
MILN.US,D,20201118,000000,34.105,34.135,33.736,33.786,25228,0
MILN.US,D,20201119,000000,33.875,34.155,33.766,34.075,12275,0
MILN.US,D,20201120,000000,34.195,34.325,34.105,34.194,10717,0
MILN.US,D,20201123,000000,34.355,34.829,34.345,34.634,69012,0
MILN.US,D,20201124,000000,34.974,35.014,34.654,34.939,47634,0
MILN.US,D,20201125,000000,35.004,35.253,34.86,35.169,16619,0
MILN.US,D,20201127,000000,35.463,35.463,35.193,35.193,22827,0
MILN.US,D,20201130,000000,35.443,35.443,34.564,35.123,22897,0
MILN.US,D,20201201,000000,35.683,35.683,35.313,35.483,24155,0
MILN.US,D,20201202,000000,35.433,35.762,35.044,35.712,48882,0
MILN.US,D,20201203,000000,35.842,36.032,35.792,35.841,17199,0
MILN.US,D,20201204,000000,36.112,36.222,35.931,36.222,14859,0
MILN.US,D,20201207,000000,36.561,36.561,36.212,36.467,27063,0
MILN.US,D,20201208,000000,36.551,36.561,36.246,36.411,22019,0
MILN.US,D,20201209,000000,36.781,36.781,35.942,36.112,16243,0
MILN.US,D,20201210,000000,36.002,36.676,35.982,36.622,18674,0
MILN.US,D,20201211,000000,36.641,36.641,36.15,36.491,20000,0
MILN.US,D,20201214,000000,36.831,36.94,36.431,36.431,17242,0
MILN.US,D,20201215,000000,36.581,37.02,36.581,37.02,18721,0
MILN.US,D,20201216,000000,37.34,37.35,37.11,37.33,17208,0
MILN.US,D,20201217,000000,37.43,37.689,37.43,37.644,31568,0
MILN.US,D,20201218,000000,37.889,37.889,37.395,37.679,46089,0
MILN.US,D,20201221,000000,37.32,37.579,36.921,37.46,29180,0
MILN.US,D,20201222,000000,37.569,37.707,37.42,37.689,28517,0
MILN.US,D,20201223,000000,37.709,37.759,37.515,37.54,27616,0
MILN.US,D,20201224,000000,37.759,37.759,37.334,37.5,12081,0
MILN.US,D,20201228,000000,37.919,37.919,37.31,37.48,25508,0
MILN.US,D,20201229,000000,37.679,37.689,37.15,37.25,20579,0
MILN.US,D,20201230,000000,37.58,37.75,37.41,37.48,24666,0
MILN.US,D,20201231,000000,37.62,37.62,37.2768,37.41,15430,0
MILN.US,D,20210104,000000,37.65,37.65,36.43,36.76,46959,0
MILN.US,D,20210105,000000,36.94,37.4599,36.9126,37.44,41661,0
MILN.US,D,20210106,000000,37,37.84,37,37.35,49798,0
MILN.US,D,20210107,000000,37.65,38.1273,37.65,38.05,41740,0
MILN.US,D,20210108,000000,38.4,38.4599,37.965,38.39,36769,0
MILN.US,D,20210111,000000,38.03,38.35,37.8,38.04,44043,0
MILN.US,D,20210112,000000,38.24,38.4199,38.08,38.38,35717,0
MILN.US,D,20210113,000000,38.49,38.718,38.3,38.5,43879,0
MILN.US,D,20210114,000000,38.77,38.8,38.13,38.18,38984,0
MILN.US,D,20210115,000000,38.17,38.18,37.54,37.85,34994,0
MILN.US,D,20210119,000000,38.22,38.22,37.8289,38.17,26217,0
MILN.US,D,20210120,000000,38.54,38.99,38.54,38.9,28339,0
MILN.US,D,20210121,000000,39.3,39.3,38.7968,39,43271,0
MILN.US,D,20210122,000000,38.94,38.94,38.7192,38.88,28809,0
MILN.US,D,20210125,000000,39.23,39.29,37.99,38.8,61200,0
MILN.US,D,20210126,000000,39.11,39.11,38.6,38.72,26106,0
MILN.US,D,20210127,000000,38.17,38.235,37.265,37.5,103626,0
MILN.US,D,20210128,000000,37.73,38.46,37.73,38.07,29138,0
MILN.US,D,20210129,000000,38.04,38.05,37.1301,37.51,58265,0
MILN.US,D,20210201,000000,38.16,38.39,37.605,38.37,24490,0
MILN.US,D,20210202,000000,38.85,39.3199,38.71,39.22,60649,0
MILN.US,D,20210203,000000,39.6,39.6,38.935,39.16,25480,0
MILN.US,D,20210204,000000,39.6,39.9899,39.6,39.96,52587,0
MILN.US,D,20210205,000000,40.33,40.55,40,40.55,30813,0
MILN.US,D,20210208,000000,40.94,41.01,40.705,41.01,34313,0
MILN.US,D,20210209,000000,41.04,41.29,40.9,41.11,35582,0
MILN.US,D,20210210,000000,41.54,41.65,40.88,41.56,47036,0
MILN.US,D,20210211,000000,41.81,41.94,41.42,41.65,47682,0
MILN.US,D,20210212,000000,41.79,41.85,41.545,41.85,26343,0
MILN.US,D,20210216,000000,42.35,42.35,41.74,41.92,55245,0
MILN.US,D,20210217,000000,41.95,41.95,41.08,41.65,49237,0
MILN.US,D,20210218,000000,41.38,41.66,40.905,41.55,41525,0
MILN.US,D,20210219,000000,41.76,41.94,41.5935,41.71,37484,0
MILN.US,D,20210222,000000,41.5,41.53,40.8,40.88,28591,0
MILN.US,D,20210223,000000,40,41.1,38.8301,40.92,177382,0
MILN.US,D,20210224,000000,40.6,40.98,40.26,40.8038,74551,0
MILN.US,D,20210225,000000,41.11,41.11,39.17,39.27,59316,0
MILN.US,D,20210226,000000,39.97,40.1922,39.01,39.835,39656,0
MILN.US,D,20210301,000000,40.53,41.1,40.4,41.04,27490,0
MILN.US,D,20210302,000000,41.41,41.41,40.77,40.77,65391,0
MILN.US,D,20210303,000000,40.75,40.83,39.6,39.69,51546,0
MILN.US,D,20210304,000000,39.71,39.82,37.76,38.48,58772,0
MILN.US,D,20210305,000000,38.77,39.01,36.8226,38.98,247972,0
MILN.US,D,20210308,000000,39.12,39.515,38.49,38.49,38724,0
MILN.US,D,20210309,000000,39.08,39.825,39.08,39.59,31445,0
MILN.US,D,20210310,000000,40.03,40.145,39.55,39.63,27990,0
MILN.US,D,20210311,000000,40.42,40.82,40.17,40.78,49610,0
MILN.US,D,20210312,000000,40.47,41,40.16,41,61579,0
MILN.US,D,20210315,000000,41.27,41.61,40.96,41.58,26397,0
MILN.US,D,20210316,000000,41.78,41.78,40.985,41.22,30057,0
MILN.US,D,20210317,000000,41.23,41.6293,40.68,41.48,50540,0
MILN.US,D,20210318,000000,41.11,41.225,40.24,40.32,51054,0
MILN.US,D,20210319,000000,40.7,40.7234,39.97,40.49,39841,0
MILN.US,D,20210322,000000,40.38,40.87,40.38,40.605,184174,0
MILN.US,D,20210323,000000,40.72,40.73,39.935,40.03,27809,0
MILN.US,D,20210324,000000,40.37,40.37,39,39.04,26364,0
MILN.US,D,20210325,000000,38.74,39.37,38.25,39.26,29751,0
MILN.US,D,20210326,000000,39.77,39.96,39.05,39.96,27883,0
MILN.US,D,20210329,000000,39.91,40.135,39.2101,39.41,24875,0
MILN.US,D,20210330,000000,39.19,39.78,39.09,39.65,31421,0
MILN.US,D,20210331,000000,39.95,40.43,39.95,40.12,18220,0
MILN.US,D,20210401,000000,40.54,40.85,40.47,40.8,21052,0
MILN.US,D,20210405,000000,40.82,41.22,40.8,41.18,26107,0
MILN.US,D,20210406,000000,41.18,41.7687,41.18,41.55,85558,0
MILN.US,D,20210407,000000,41.73,41.885,41.495,41.65,294630,0
MILN.US,D,20210408,000000,41.99,42.23,41.8263,42.2,105932,0
MILN.US,D,20210409,000000,42.23,42.49,42.0317,42.46,22454,0
MILN.US,D,20210412,000000,42.55,42.62,42.11,42.51,93748,0
MILN.US,D,20210413,000000,42.51,42.92,42.51,42.8,63499,0
MILN.US,D,20210414,000000,42.85,43.06,42.27,42.2848,38325,0
MILN.US,D,20210415,000000,42.64,42.93,42.64,42.93,44642,0
MILN.US,D,20210416,000000,43.13,43.13,42.66,42.79,155537,0
MILN.US,D,20210419,000000,42.86,42.86,42.03,42.2281,33705,0
MILN.US,D,20210420,000000,42.29,42.29,41.25,41.49,40302,0
MILN.US,D,20210421,000000,41.39,41.7,41.02,41.65,36831,0
MILN.US,D,20210422,000000,41.79,41.98,41.31,41.4742,44498,0
MILN.US,D,20210423,000000,41.74,42.24,41.74,42.17,41488,0
MILN.US,D,20210426,000000,42.29,42.47,42.13,42.43,27573,0
MILN.US,D,20210427,000000,42.5,42.69,42.4,42.43,24219,0
MILN.US,D,20210428,000000,42.29,42.55,42.17,42.39,40076,0
MILN.US,D,20210429,000000,42.75,42.75,41.92,42.24,46475,0
MILN.US,D,20210430,000000,42.16,42.16,41.68,41.71,49997,0
MILN.US,D,20210503,000000,41.97,42.05,41.56,41.6,37987,0
MILN.US,D,20210504,000000,41.08,41.391,40.3601,40.79,41359,0
MILN.US,D,20210505,000000,41.28,41.28,40.37,40.47,30818,0
MILN.US,D,20210506,000000,40.48,40.48,39.95,40.37,49487,0
MILN.US,D,20210507,000000,40.75,41.2724,40.75,40.98,16052,0
MILN.US,D,20210510,000000,40.82,40.82,40.09,40.09,26272,0
MILN.US,D,20210511,000000,39.35,40.17,39.3,40.1479,219098,0
MILN.US,D,20210512,000000,39.59,39.8,38.72,38.77,103314,0
MILN.US,D,20210513,000000,39.07,39.41,38.6662,38.94,15880,0
MILN.US,D,20210514,000000,39.34,39.92,39.305,39.92,13378,0
MILN.US,D,20210517,000000,39.69,39.8399,39.32,39.73,19449,0
MILN.US,D,20210518,000000,39.86,40.22,39.77,39.78,22966,0
MILN.US,D,20210519,000000,39.01,39.54,38.88,39.54,81496,0
MILN.US,D,20210520,000000,39.67,40.4099,39.67,40.27,14118,0
MILN.US,D,20210521,000000,40.49,40.49,40.06,40.06,15903,0
MILN.US,D,20210524,000000,40.42,40.8695,40.42,40.83,12589,0
MILN.US,D,20210525,000000,41,41.1,40.71,40.71,27178,0
MILN.US,D,20210526,000000,41,41.27,41,41.22,15253,0
MILN.US,D,20210527,000000,41.15,41.47,41.0141,41.38,19939,0
MILN.US,D,20210528,000000,41.43,41.53,41.25,41.25,21722,0
MILN.US,D,20210601,000000,41.49,41.49,41.135,41.29,17949,0
MILN.US,D,20210602,000000,41.44,41.49,41.1872,41.4,25290,0
MILN.US,D,20210603,000000,41.06,41.06,40.6,40.79,16727,0
MILN.US,D,20210604,000000,41,41.18,40.9,41.18,13704,0
MILN.US,D,20210607,000000,41.19,41.37,41.0488,41.36,13409,0
MILN.US,D,20210608,000000,41.37,41.625,41.165,41.51,13502,0
MILN.US,D,20210609,000000,41.63,41.64,41.2929,41.2929,8728,0
MILN.US,D,20210610,000000,41.44,41.53,41.2,41.53,23222,0
MILN.US,D,20210611,000000,41.65,41.88,41.65,41.87,37128,0
MILN.US,D,20210614,000000,41.98,42.08,41.902,42,16210,0
MILN.US,D,20210615,000000,42,42.01,41.5122,41.59,39154,0
MILN.US,D,20210616,000000,41.68,41.68,40.94,41.44,31610,0
MILN.US,D,20210617,000000,41.27,41.8952,41.27,41.77,19124,0
MILN.US,D,20210618,000000,41.44,41.7899,41.39,41.47,15070,0
MILN.US,D,20210621,000000,41.56,41.92,41.29,41.83,26943,0
MILN.US,D,20210622,000000,41.89,42.35,41.78,42.33,25872,0
MILN.US,D,20210623,000000,42.24,42.65,42.24,42.55,13742,0
MILN.US,D,20210624,000000,42.5,43.12,42.5,42.95,56607,0
MILN.US,D,20210625,000000,43.19,43.45,43.141,43.34,12634,0
MILN.US,D,20210628,000000,43.31,43.375,43.1,43.27,15517,0
MILN.US,D,20210629,000000,43.36,43.49,43.26,43.42,39187,0
MILN.US,D,20210630,000000,43.31,43.41,43.27,43.2887,10951,0
MILN.US,D,20210701,000000,43.38,43.51,43.2129,43.38,12662,0
MILN.US,D,20210702,000000,43.42,43.6876,43.39,43.64,23191,0
MILN.US,D,20210706,000000,43.76,43.76,43.4,43.73,15867,0
MILN.US,D,20210707,000000,43.91,43.9352,43.34,43.5,28103,0
MILN.US,D,20210708,000000,42.72,43.25,42.51,43.02,21338,0
MILN.US,D,20210709,000000,43.22,43.77,43.22,43.76,23737,0
MILN.US,D,20210712,000000,43.92,43.92,43.6349,43.86,125365,0
MILN.US,D,20210713,000000,43.89,44.02,43.64,43.69,40774,0
MILN.US,D,20210714,000000,43.92,43.97,43.43,43.48,14744,0
MILN.US,D,20210715,000000,43.37,43.45,42.84,43.08,26992,0
MILN.US,D,20210716,000000,43.28,43.29,42.66,42.66,11365,0
MILN.US,D,20210719,000000,42.13,42.45,41.7901,42.24,25411,0
MILN.US,D,20210720,000000,42.46,43.4085,42.3,43.23,32975,0
MILN.US,D,20210721,000000,43.48,43.86,43.33,43.85,28893,0
MILN.US,D,20210722,000000,43.82,43.9651,43.74,43.93,29155,0
MILN.US,D,20210723,000000,44.34,44.99,44.34,44.89,26492,0
MILN.US,D,20210726,000000,45.03,45.03,44.47,44.8,79225,0
MILN.US,D,20210727,000000,44.8,44.8,43.645,44.16,115189,0
MILN.US,D,20210728,000000,44.28,44.49,44.0701,44.41,29952,0
MILN.US,D,20210729,000000,44.57,44.64,44.33,44.44,78145,0
MILN.US,D,20210730,000000,43.96,44.36,43.78,43.79,37663,0
MILN.US,D,20210802,000000,44.1,44.2165,43.86,43.89,28084,0
MILN.US,D,20210803,000000,44,44,43.47,43.93,46622,0
MILN.US,D,20210804,000000,43.95,43.95,43.61,43.82,18672,0
MILN.US,D,20210805,000000,43.81,44.4791,43.71,44.38,18570,0
MILN.US,D,20210806,000000,44.41,44.5181,43.98,43.99,22612,0
MILN.US,D,20210809,000000,44.11,44.1309,43.7101,43.97,12153,0
MILN.US,D,20210810,000000,44,44.2,43.84,43.9,23175,0
MILN.US,D,20210811,000000,43.94,44.1028,43.745,44.01,21929,0
MILN.US,D,20210812,000000,44.03,44.08,43.78,44.03,10332,0
MILN.US,D,20210813,000000,44.16,44.16,44.01,44.07,14754,0
MILN.US,D,20210816,000000,44,44.01,43.485,43.88,18574,0
MILN.US,D,20210817,000000,43.51,43.5272,43.02,43.32,27765,0
MILN.US,D,20210818,000000,43.32,43.6749,43.16,43.26,16957,0
MILN.US,D,20210819,000000,43.21,43.36,42.83,43.21,88932,0
MILN.US,D,20210820,000000,43.01,43.68,43,43.62,55356,0
MILN.US,D,20210823,000000,43.89,44.232,43.84,44.15,27236,0
MILN.US,D,20210824,000000,44.27,44.4599,44.22,44.36,45414,0
MILN.US,D,20210825,000000,44.25,44.5772,44.25,44.52,20591,0
MILN.US,D,20210826,000000,44.41,44.5244,44.125,44.14,17305,0
MILN.US,D,20210827,000000,44.2,44.69,44.2,44.63,22717,0
MILN.US,D,20210830,000000,44.68,45,44.51,44.91,46909,0
MILN.US,D,20210831,000000,45.05,45.05,44.7202,44.97,22989,0
MILN.US,D,20210901,000000,45.04,45.2561,44.97,45,21385,0
