<TICKER>,<PER>,<DATE>,<TIME>,<OPEN>,<HIGH>,<LOW>,<CLOSE>,<VOL>,<OPENINT>
NFTY.US,D,20120416,000000,25.296,25.296,25.296,25.296,121,0
NFTY.US,D,20120423,000000,24.447,24.447,24.447,24.447,117,0
NFTY.US,D,20120502,000000,25.426,25.426,25.426,25.426,177,0
NFTY.US,D,20120503,000000,25.466,25.466,25.466,25.466,177,0
NFTY.US,D,20120509,000000,24.689,24.689,24.689,24.689,117,0
NFTY.US,D,20120517,000000,23.942,23.97,23.901,23.901,603,0
NFTY.US,D,20120524,000000,23.359,23.359,23.359,23.359,345,0
NFTY.US,D,20120525,000000,23.164,23.164,23.164,23.164,233,0
NFTY.US,D,20120718,000000,22.969,22.969,22.969,22.969,127,0
NFTY.US,D,20120723,000000,22.614,22.614,22.614,22.614,117,0
NFTY.US,D,20120725,000000,22.495,22.495,22.495,22.495,143,0
NFTY.US,D,20120803,000000,23.661,23.661,23.661,23.661,2917,0
NFTY.US,D,20120808,000000,24.036,24.036,24.036,24.036,252,0
NFTY.US,D,20120809,000000,24.386,24.386,24.386,24.386,2917,0
NFTY.US,D,20120921,000000,25.177,25.177,25.177,25.177,4669,0
NFTY.US,D,20120927,000000,24.575,24.575,24.526,24.567,2444,0
NFTY.US,D,20121004,000000,24.575,24.575,24.575,24.575,1030,0
NFTY.US,D,20121008,000000,24.386,24.386,24.386,24.386,233,0
NFTY.US,D,20121107,000000,23.387,23.387,23.387,23.387,2012,0
NFTY.US,D,20121109,000000,23.977,23.977,23.901,23.901,322,0
NFTY.US,D,20121114,000000,23.403,23.403,23.403,23.403,3386,0
NFTY.US,D,20121211,000000,25.177,25.177,25.177,25.177,207,0
NFTY.US,D,20130124,000000,24.841,24.841,24.841,24.841,198,0
NFTY.US,D,20130131,000000,24.826,24.868,24.826,24.868,456,0
NFTY.US,D,20130212,000000,25.226,25.226,25.226,25.226,320,0
NFTY.US,D,20130215,000000,25.27,25.27,25.27,25.27,1963,0
NFTY.US,D,20130306,000000,25.801,25.801,25.801,25.801,1717,0
NFTY.US,D,20130315,000000,25.631,25.682,25.631,25.631,701,0
NFTY.US,D,20130405,000000,25.81,25.81,25.81,25.81,212,0
NFTY.US,D,20130410,000000,25.562,25.562,25.562,25.562,212,0
NFTY.US,D,20130426,000000,26.17,26.195,26.17,26.195,4420,0
NFTY.US,D,20130503,000000,27.131,27.131,27.131,27.131,117,0
NFTY.US,D,20130507,000000,27.001,27.001,27.001,27.001,152,0
NFTY.US,D,20130508,000000,27.37,27.37,27.37,27.37,117,0
NFTY.US,D,20130520,000000,27.197,27.197,27.197,27.197,4317,0
NFTY.US,D,20130607,000000,26.59,26.632,26.59,26.607,1167,0
NFTY.US,D,20130710,000000,25.717,25.717,25.717,25.717,154,0
NFTY.US,D,20130718,000000,26.057,26.057,26.057,26.057,233,0
NFTY.US,D,20130731,000000,25.578,25.578,25.578,25.578,119,0
NFTY.US,D,20130822,000000,24.746,24.789,24.746,24.789,466,0
NFTY.US,D,20130910,000000,27.21,27.217,27.034,27.068,112536,0
NFTY.US,D,20130911,000000,26.916,26.975,26.759,26.831,13192,0
NFTY.US,D,20130912,000000,26.822,26.857,26.599,26.624,35370,0
NFTY.US,D,20130913,000000,26.746,26.8,26.652,26.669,52531,0
NFTY.US,D,20130916,000000,26.759,27.077,26.759,26.957,3472,0
NFTY.US,D,20130917,000000,26.863,26.863,26.644,26.644,26965,0
NFTY.US,D,20130918,000000,26.791,26.791,26.713,26.713,233,0
NFTY.US,D,20130919,000000,27.629,27.629,27.629,27.629,140,0
NFTY.US,D,20130924,000000,27.367,27.367,27.225,27.225,229,0
NFTY.US,D,20131002,000000,27.034,27.034,27.034,27.034,123,0
NFTY.US,D,20131004,000000,27.714,27.819,27.699,27.706,20310,0
NFTY.US,D,20131007,000000,27.384,27.81,27.324,27.324,11375,0
NFTY.US,D,20131009,000000,27.132,27.244,27.123,27.2,32012,0
NFTY.US,D,20131010,000000,27.699,27.741,27.541,27.637,18012,0
NFTY.US,D,20131011,000000,27.489,27.489,27.367,27.453,688,0
NFTY.US,D,20131014,000000,27,27.132,26.897,27.026,12964,0
NFTY.US,D,20131015,000000,27.061,27.193,26.964,26.964,15606,0
NFTY.US,D,20131016,000000,27.052,27.086,26.939,27.061,33507,0
NFTY.US,D,20131021,000000,27.35,27.35,27.26,27.26,803,0
NFTY.US,D,20131108,000000,26.147,26.155,26.147,26.155,917,0
NFTY.US,D,20131122,000000,25.911,25.911,25.911,25.911,115,0
NFTY.US,D,20131213,000000,26.737,26.836,26.728,26.746,40882,0
NFTY.US,D,20131216,000000,26.863,26.872,26.863,26.863,6657,0
NFTY.US,D,20131217,000000,26.713,26.713,26.713,26.713,766,0
NFTY.US,D,20131218,000000,27.324,27.324,27.324,27.324,574,0
NFTY.US,D,20131219,000000,26.713,26.713,26.713,26.713,803,0
NFTY.US,D,20131223,000000,27.096,27.14,27.096,27.14,800,0
NFTY.US,D,20131230,000000,27.81,27.943,27.81,27.881,630,0
NFTY.US,D,20140102,000000,27.759,27.759,27.759,27.759,452,0
NFTY.US,D,20140103,000000,27.532,27.532,27.47,27.497,1965,0
NFTY.US,D,20140106,000000,27.306,27.306,27.306,27.306,1466,0
NFTY.US,D,20140110,000000,27.855,27.855,27.855,27.855,688,0
NFTY.US,D,20140116,000000,27.699,27.699,27.68,27.68,229,0
NFTY.US,D,20140130,000000,26.25,26.25,26.25,26.25,251,0
NFTY.US,D,20140204,000000,26.295,26.295,26.295,26.295,574,0
NFTY.US,D,20140207,000000,27.026,27.026,27.026,27.026,350,0
NFTY.US,D,20140307,000000,27.673,27.673,27.673,27.673,175,0
NFTY.US,D,20140310,000000,27.611,27.611,27.611,27.611,115,0
NFTY.US,D,20140313,000000,27.497,27.497,27.497,27.497,229,0
NFTY.US,D,20140320,000000,27.034,27.034,27.034,27.034,319,0
NFTY.US,D,20140408,000000,28.898,28.898,28.83,28.83,3529,0
NFTY.US,D,20140416,000000,28.83,28.847,28.795,28.821,3557,0
NFTY.US,D,20140421,000000,29.064,29.064,28.934,29.041,12046,0
NFTY.US,D,20140422,000000,29.204,29.293,29.204,29.283,7883,0
NFTY.US,D,20140423,000000,29.265,29.265,29.187,29.222,2985,0
NFTY.US,D,20140425,000000,28.657,28.657,28.657,28.657,173,0
NFTY.US,D,20140501,000000,29.108,29.117,29.05,29.055,1377,0
NFTY.US,D,20140502,000000,29.404,29.404,29.317,29.344,2708,0
NFTY.US,D,20140516,000000,29.395,29.395,29.283,29.293,3787,0
NFTY.US,D,20140519,000000,29.413,29.457,29.413,29.457,344,0
NFTY.US,D,20140528,000000,30.939,30.939,30.635,30.669,8192,0
NFTY.US,D,20140612,000000,31.584,31.584,31.584,31.584,173,0
NFTY.US,D,20140617,000000,32.029,32.029,32.029,32.029,143,0
NFTY.US,D,20140618,000000,31.986,31.986,31.986,31.986,447,0
NFTY.US,D,20140619,000000,32.499,32.499,32.499,32.499,860,0
NFTY.US,D,20140620,000000,32.125,32.125,32.125,32.125,209,0
NFTY.US,D,20140623,000000,32.099,32.099,32.064,32.064,1218,0
NFTY.US,D,20140624,000000,31.846,31.846,31.846,31.846,143,0
NFTY.US,D,20140625,000000,32.046,32.099,32.037,32.064,7186,0
NFTY.US,D,20140626,000000,32.483,32.483,32.483,32.483,687,0
NFTY.US,D,20140627,000000,32.42,32.42,32.42,32.42,322,0
NFTY.US,D,20140701,000000,33.431,33.431,33.431,33.431,334,0
NFTY.US,D,20140702,000000,33.572,33.572,33.572,33.572,229,0
NFTY.US,D,20140707,000000,34.251,34.279,34.215,34.215,544,0
NFTY.US,D,20140708,000000,34.208,34.208,34.093,34.093,1174,0
NFTY.US,D,20140709,000000,33.842,33.902,33.842,33.884,1048,0
NFTY.US,D,20140710,000000,33.85,33.85,33.85,33.85,599,0
NFTY.US,D,20140714,000000,34.181,34.373,34.181,34.373,869,0
NFTY.US,D,20140715,000000,34.329,34.329,34.2,34.27,3669,0
NFTY.US,D,20140716,000000,34.112,34.155,33.946,33.989,8270,0
NFTY.US,D,20140717,000000,33.867,33.867,33.491,33.491,1568,0
NFTY.US,D,20140721,000000,34.008,34.008,34.008,34.008,292,0
NFTY.US,D,20140723,000000,34.443,34.478,34.408,34.46,2069,0
NFTY.US,D,20140724,000000,34.373,34.373,34.373,34.373,459,0
NFTY.US,D,20140725,000000,33.597,33.659,33.589,33.659,4604,0
NFTY.US,D,20140728,000000,33.639,33.639,33.639,33.639,695,0
NFTY.US,D,20140729,000000,33.274,33.38,33.265,33.265,1189,0
NFTY.US,D,20140730,000000,33.431,33.431,33.422,33.431,770,0
NFTY.US,D,20140731,000000,32.776,32.776,32.611,32.611,2063,0
NFTY.US,D,20140801,000000,32.742,32.925,32.551,32.925,1986,0
NFTY.US,D,20140805,000000,32.378,32.378,32.378,32.378,6679,0
NFTY.US,D,20140807,000000,32.071,32.071,31.906,31.906,2206,0
NFTY.US,D,20140808,000000,31.976,31.976,31.976,31.976,202,0
NFTY.US,D,20140811,000000,32.794,32.794,32.794,32.794,302,0
NFTY.US,D,20140812,000000,32.593,32.62,32.593,32.62,512,0
NFTY.US,D,20140813,000000,33.09,33.09,33.09,33.09,730,0
NFTY.US,D,20140814,000000,32.907,32.97,32.907,32.952,28566,0
NFTY.US,D,20140815,000000,32.952,32.952,32.77,32.813,5179,0
NFTY.US,D,20140818,000000,32.813,33.073,32.813,33.039,535167,0
NFTY.US,D,20140819,000000,33.466,33.545,33.309,33.309,100297,0
NFTY.US,D,20140820,000000,33.39,33.44,33.319,33.345,1969,0
NFTY.US,D,20140821,000000,33.221,33.221,33.127,33.127,3854,0
NFTY.US,D,20140822,000000,33.623,33.623,33.44,33.545,5354,0
NFTY.US,D,20140825,000000,33.685,33.694,33.589,33.694,23295,0
NFTY.US,D,20140826,000000,33.929,34.093,33.859,34.017,49592,0
NFTY.US,D,20140827,000000,34.322,34.418,34.305,34.418,2053,0
NFTY.US,D,20140828,000000,34.225,34.46,34.225,34.46,18558,0
NFTY.US,D,20140829,000000,34.381,34.39,34.251,34.381,10835,0
NFTY.US,D,20140902,000000,33.894,33.894,33.746,33.779,4785,0
NFTY.US,D,20140903,000000,33.946,34.058,33.946,33.981,2275,0
NFTY.US,D,20140904,000000,34.034,34.034,33.824,33.824,3624,0
NFTY.US,D,20140905,000000,33.736,33.955,33.736,33.894,1731,0
NFTY.US,D,20140908,000000,33.946,33.946,33.736,33.761,13031,0
NFTY.US,D,20140909,000000,33.675,33.703,33.501,33.501,1575,0
NFTY.US,D,20140910,000000,33.553,33.754,33.553,33.667,41670,0
NFTY.US,D,20140911,000000,33.3,33.39,33.274,33.39,3115,0
NFTY.US,D,20140912,000000,32.681,32.751,32.63,32.665,2383,0
NFTY.US,D,20140915,000000,32.402,32.429,32.22,32.394,1815,0
NFTY.US,D,20140916,000000,32.385,32.411,31.81,32.411,1667,0
NFTY.US,D,20140917,000000,32.448,32.448,32.08,32.08,963,0
NFTY.US,D,20140918,000000,32.298,32.508,32.298,32.385,3918,0
NFTY.US,D,20140919,000000,32.584,32.584,32.29,32.439,1856,0
NFTY.US,D,20140922,000000,31.783,31.783,31.48,31.48,2030,0
NFTY.US,D,20140923,000000,31.417,31.673,31.417,31.673,596,0
NFTY.US,D,20140924,000000,31.847,32.058,31.794,31.794,1551,0
NFTY.US,D,20140925,000000,31.137,31.137,30.663,30.732,14429,0
NFTY.US,D,20140926,000000,30.98,31.041,30.855,31.016,2730,0
NFTY.US,D,20140929,000000,30.725,30.751,30.558,30.717,146573,0
NFTY.US,D,20140930,000000,30.778,30.972,30.778,30.855,906,0
NFTY.US,D,20141001,000000,31.006,31.006,30.663,30.663,16258,0
NFTY.US,D,20141002,000000,30.935,31.19,30.935,31.066,1775,0
NFTY.US,D,20141003,000000,31.278,31.768,31.278,31.567,9437,0
NFTY.US,D,20141006,000000,31.443,31.452,31.443,31.452,872,0
NFTY.US,D,20141007,000000,30.917,31.118,30.821,31.035,2597,0
NFTY.US,D,20141008,000000,30.663,31.434,30.663,31.434,4598,0
NFTY.US,D,20141009,000000,30.821,30.821,30.418,30.489,2558,0
NFTY.US,D,20141010,000000,30.375,30.375,29.674,29.718,9982,0
NFTY.US,D,20141013,000000,29.622,29.963,29.612,29.963,3676,0
NFTY.US,D,20141014,000000,29.586,29.998,29.586,29.902,9340,0
NFTY.US,D,20141015,000000,29.34,29.665,28.823,29.401,86383,0
NFTY.US,D,20141016,000000,30.068,30.121,29.228,29.743,4464,0
NFTY.US,D,20141017,000000,29.35,29.49,29.253,29.35,2151,0
NFTY.US,D,20141020,000000,29.815,29.954,29.797,29.954,946,0
NFTY.US,D,20141021,000000,30.331,30.366,30.182,30.182,1095,0
NFTY.US,D,20141022,000000,30.357,30.357,29.963,30.164,2649,0
NFTY.US,D,20141023,000000,30.244,30.506,30.244,30.322,5247,0
NFTY.US,D,20141024,000000,30.103,30.313,30.094,30.297,2244,0
NFTY.US,D,20141027,000000,30.043,30.207,29.998,29.998,2458,0
NFTY.US,D,20141028,000000,30.873,31.058,30.803,30.98,2791,0
NFTY.US,D,20141029,000000,31.19,31.233,30.972,30.98,3996,0
NFTY.US,D,20141030,000000,31.083,31.348,30.91,31.026,9705,0
NFTY.US,D,20141031,000000,31.348,31.575,31.322,31.487,2069,0
NFTY.US,D,20141103,000000,31.199,31.452,31.199,31.452,2210,0
NFTY.US,D,20141104,000000,31.34,31.513,31.34,31.358,3073,0
NFTY.US,D,20141105,000000,31.278,31.322,31.11,31.209,1526,0
NFTY.US,D,20141106,000000,30.873,30.873,30.742,30.751,2857,0
NFTY.US,D,20141107,000000,31.058,31.303,31.058,31.269,1695,0
NFTY.US,D,20141110,000000,31.409,31.523,31.312,31.331,3250,0
NFTY.US,D,20141111,000000,31.146,31.331,31.137,31.182,4962,0
NFTY.US,D,20141112,000000,30.935,30.935,30.935,30.935,364,0
NFTY.US,D,20141113,000000,31.11,31.227,31.066,31.066,1811,0
NFTY.US,D,20141114,000000,31.11,31.233,30.989,31.066,11872,0
NFTY.US,D,20141117,000000,30.742,30.926,30.742,30.917,1919,0
NFTY.US,D,20141118,000000,30.77,30.926,30.725,30.742,4162,0
NFTY.US,D,20141119,000000,30.91,31.199,30.91,31.092,6537,0
NFTY.US,D,20141120,000000,31.689,31.689,31.531,31.557,7563,0
NFTY.US,D,20141121,000000,32.188,32.275,32.066,32.179,2036,0
NFTY.US,D,20141124,000000,31.682,31.716,31.673,31.716,1454,0
NFTY.US,D,20141125,000000,31.794,32.012,31.733,31.829,15489,0
NFTY.US,D,20141126,000000,31.9,32.004,31.9,32.004,792,0
NFTY.US,D,20141128,000000,31.628,31.908,31.628,31.76,3120,0
NFTY.US,D,20141201,000000,31.487,31.647,31.443,31.523,1502,0
NFTY.US,D,20141202,000000,31.409,31.409,31.278,31.375,32230,0
NFTY.US,D,20141203,000000,32.102,32.275,32.021,32.119,1490,0
NFTY.US,D,20141204,000000,32.354,32.363,32.242,32.32,5244,0
NFTY.US,D,20141205,000000,32.012,32.302,32.012,32.196,1638,0
NFTY.US,D,20141208,000000,31.855,31.935,31.784,31.935,1501,0
NFTY.US,D,20141209,000000,31.399,31.628,31.322,31.628,5308,0
NFTY.US,D,20141210,000000,30.972,30.972,30.786,30.855,3427,0
NFTY.US,D,20141211,000000,31.278,31.409,31.058,31.058,4879,0
NFTY.US,D,20141212,000000,30.935,31.075,30.812,31.075,2646,0
NFTY.US,D,20141215,000000,30.962,30.999,30.821,30.855,1754,0
NFTY.US,D,20141216,000000,31.092,31.092,30.725,30.725,1748,0
NFTY.US,D,20141217,000000,30.682,30.935,30.638,30.935,2443,0
NFTY.US,D,20141218,000000,31.066,31.066,30.803,30.962,5506,0
NFTY.US,D,20141219,000000,30.91,30.954,30.91,30.935,1321,0
NFTY.US,D,20141222,000000,31.584,31.697,31.513,31.523,7746,0
NFTY.US,D,20141223,000000,31.066,31.217,31.066,31.217,4556,0
NFTY.US,D,20141224,000000,31.409,31.531,31.409,31.479,1091,0
NFTY.US,D,20141226,000000,31.54,31.768,31.54,31.76,1405,0
NFTY.US,D,20141229,000000,32.082,32.082,31.917,31.917,1558,0
NFTY.US,D,20141230,000000,32.058,32.058,31.953,31.953,1321,0
NFTY.US,D,20141231,000000,31.908,31.96,31.847,31.847,2139,0
NFTY.US,D,20150102,000000,31.383,31.567,31.383,31.567,795,0
NFTY.US,D,20150105,000000,31.707,31.707,31.47,31.664,4511,0
NFTY.US,D,20150106,000000,31.217,31.217,30.944,31.118,2595,0
NFTY.US,D,20150107,000000,31.391,31.443,31.375,31.443,1133,0
NFTY.US,D,20150108,000000,32.196,32.399,32.196,32.311,2040,0
NFTY.US,D,20150109,000000,32.039,32.049,31.839,32.049,1188,0
NFTY.US,D,20150112,000000,31.733,32.012,31.733,31.874,2285,0
NFTY.US,D,20150113,000000,32.354,32.399,32.302,32.399,1276,0
NFTY.US,D,20150114,000000,31.908,31.953,31.874,31.953,2080,0
NFTY.US,D,20150115,000000,32.572,32.589,32.143,32.443,7209,0
NFTY.US,D,20150116,000000,31.96,32.242,31.54,31.935,7555,0
NFTY.US,D,20150120,000000,32.513,32.845,32.205,32.845,4146,0
NFTY.US,D,20150121,000000,32.232,32.767,32.223,32.626,1933,0
NFTY.US,D,20150122,000000,33.09,33.4,33.09,33.4,3484,0
NFTY.US,D,20150123,000000,33.573,33.573,33.3,33.467,2459,0
NFTY.US,D,20150126,000000,33.528,33.555,33.364,33.364,1048,0
NFTY.US,D,20150127,000000,33.178,33.441,33.178,33.441,3316,0
NFTY.US,D,20150128,000000,33.364,33.538,33.274,33.274,7119,0
NFTY.US,D,20150129,000000,33.153,33.169,33.011,33.011,1834,0
NFTY.US,D,20150130,000000,32.434,32.626,32.434,32.626,3879,0
NFTY.US,D,20150202,000000,32.425,32.81,32.425,32.81,1773,0
NFTY.US,D,20150203,000000,33.16,33.291,33.021,33.291,159947,0
NFTY.US,D,20150204,000000,33.291,33.635,33.291,33.635,1335,0
NFTY.US,D,20150205,000000,32.599,33.599,32.599,33.319,6964,0
NFTY.US,D,20150206,000000,32.415,33.238,32.415,32.714,41343,0
NFTY.US,D,20150209,000000,32.415,33.116,32.415,33.116,4296,0
NFTY.US,D,20150210,000000,32.829,33.265,32.415,32.415,5254,0
NFTY.US,D,20150211,000000,32.855,32.855,32.46,32.723,960,0
NFTY.US,D,20150212,000000,32.46,33.782,32.46,33.731,3984,0
NFTY.US,D,20150213,000000,33.651,34.089,33.467,33.651,2057,0
NFTY.US,D,20150217,000000,33.09,33.641,33.09,33.641,1590,0
NFTY.US,D,20150218,000000,33.731,34.116,33.555,34.116,2549,0
NFTY.US,D,20150219,000000,33.878,33.878,33.878,33.878,1436,0
NFTY.US,D,20150220,000000,33.906,34.081,33.459,34.081,2147,0
NFTY.US,D,20150223,000000,34.011,34.011,33.45,33.45,1963,0
NFTY.US,D,20150224,000000,32.869,34.116,32.869,34.081,1737,0
NFTY.US,D,20150225,000000,34.231,34.24,32.862,33.825,3118,0
NFTY.US,D,20150226,000000,32.819,34.186,32.819,33.641,1071,0
NFTY.US,D,20150227,000000,32.635,34.204,32.635,34.204,1769,0
NFTY.US,D,20150302,000000,34.124,34.124,32.829,33.607,1599,0
NFTY.US,D,20150303,000000,33.467,33.993,33.467,33.993,60495,0
NFTY.US,D,20150304,000000,33.635,34.048,33.635,33.967,23513,0
NFTY.US,D,20150305,000000,35.045,35.045,33.897,34.011,29562,0
NFTY.US,D,20150306,000000,34.063,34.063,33.221,33.625,1825,0
NFTY.US,D,20150309,000000,33.414,33.852,33.282,33.852,2283,0
NFTY.US,D,20150310,000000,33.135,33.547,32.977,33.116,13585,0
NFTY.US,D,20150311,000000,33.502,33.599,33.337,33.371,11072,0
NFTY.US,D,20150312,000000,34.335,34.335,33.661,33.661,6165,0
NFTY.US,D,20150313,000000,33.591,33.782,33.364,33.528,2397,0
NFTY.US,D,20150316,000000,33.731,33.976,33.528,33.958,3539,0
NFTY.US,D,20150317,000000,33.39,33.79,33.214,33.52,381574,0
NFTY.US,D,20150318,000000,33.687,34.345,33.291,34.098,329413,0
NFTY.US,D,20150319,000000,34.178,34.178,33.985,33.985,11301,0
NFTY.US,D,20150320,000000,34.257,34.388,34.055,34.055,5936,0
NFTY.US,D,20150323,000000,34.904,34.904,33.949,34.345,4680,0
NFTY.US,D,20150324,000000,34.318,34.318,33.993,34.301,5823,0
NFTY.US,D,20150325,000000,33.825,34.081,33.364,33.45,28422,0
NFTY.US,D,20150326,000000,33.661,33.661,33.661,33.661,114,0
NFTY.US,D,20150327,000000,33.002,33.002,33.002,33.002,571,0
NFTY.US,D,20150330,000000,33.573,33.722,33.555,33.713,11984,0
NFTY.US,D,20150331,000000,33.748,33.79,33.677,33.687,2698,0
NFTY.US,D,20150401,000000,33.364,33.739,33.319,33.502,6391,0
NFTY.US,D,20150402,000000,34.17,34.178,33.933,34.132,571,0
NFTY.US,D,20150406,000000,34.318,34.703,34.318,34.492,23513,0
NFTY.US,D,20150407,000000,34.16,34.352,34.16,34.16,800,0
NFTY.US,D,20150408,000000,33.687,33.835,33.591,33.808,3654,0
NFTY.US,D,20150409,000000,33.599,33.739,33.582,33.582,1224,0
NFTY.US,D,20150410,000000,33.687,33.705,33.687,33.705,342,0
NFTY.US,D,20150413,000000,33.835,33.835,33.641,33.641,1257,0
NFTY.US,D,20150414,000000,33.641,33.641,33.538,33.538,2169,0
NFTY.US,D,20150415,000000,33.345,33.345,33.345,33.345,7422,0
NFTY.US,D,20150416,000000,33.564,33.687,33.502,33.687,35636,0
NFTY.US,D,20150417,000000,33.282,33.282,33.282,33.282,342,0
NFTY.US,D,20150420,000000,33.852,33.888,33.731,33.731,2444,0
NFTY.US,D,20150421,000000,33.731,33.731,33.731,33.731,126,0
NFTY.US,D,20150422,000000,34.17,34.186,34.132,34.16,7020,0
NFTY.US,D,20150423,000000,35.545,35.594,35.536,35.536,7076,0
NFTY.US,D,20150424,000000,35.857,35.945,35.857,35.945,342,0
NFTY.US,D,20150427,000000,36.455,36.543,36.403,36.472,4906,0
NFTY.US,D,20150428,000000,36.515,36.515,36.061,36.061,1484,0
NFTY.US,D,20150429,000000,35.729,35.737,35.571,35.571,2509,0
NFTY.US,D,20150430,000000,35.325,35.325,35.298,35.298,1825,0
NFTY.US,D,20150501,000000,35.509,35.509,35.254,35.343,3196,0
NFTY.US,D,20150504,000000,35.227,35.545,35.227,35.473,1599,0
NFTY.US,D,20150505,000000,35.027,35.237,35.027,35.237,9474,0
NFTY.US,D,20150506,000000,35.237,35.237,35.237,35.237,5,0
NFTY.US,D,20150507,000000,34.687,34.799,34.643,34.799,8245,0
NFTY.US,D,20150508,000000,35.001,35.011,35.001,35.011,2853,0
NFTY.US,D,20150511,000000,35.011,35.011,35.011,35.011,114,0
NFTY.US,D,20150512,000000,34.563,34.59,34.563,34.59,13972,0
NFTY.US,D,20150513,000000,34.924,34.924,34.896,34.896,6391,0
NFTY.US,D,20150514,000000,34.747,34.747,34.669,34.669,342,0
NFTY.US,D,20150515,000000,34.687,34.808,34.687,34.808,2575,0
NFTY.US,D,20150518,000000,34.914,34.914,34.914,34.914,409,0
NFTY.US,D,20150519,000000,34.914,34.914,34.914,34.914,114,0
NFTY.US,D,20150520,000000,34.914,34.914,34.914,34.914,114,0
NFTY.US,D,20150521,000000,35.201,35.21,35.167,35.21,2169,0
NFTY.US,D,20150522,000000,35.21,35.21,35.21,35.21,114,0
NFTY.US,D,20150526,000000,35.465,35.465,35.289,35.308,5588,0
NFTY.US,D,20150527,000000,36.079,36.155,36.016,36.155,2509,0
NFTY.US,D,20150528,000000,35.857,35.857,35.702,35.702,36966,0
NFTY.US,D,20150603,000000,34.914,34.992,34.843,34.879,24084,0
NFTY.US,D,20150604,000000,33.713,34.285,33.555,33.555,1484,0
NFTY.US,D,20150605,000000,33.381,33.381,33.381,33.381,114,0
NFTY.US,D,20150608,000000,33.538,33.687,33.467,33.687,9815,0
NFTY.US,D,20150609,000000,32.8,32.81,32.697,32.706,2610,0
NFTY.US,D,20150610,000000,33.528,33.782,33.52,33.731,3909,0
NFTY.US,D,20150611,000000,33.407,33.432,33.196,33.371,4963,0
NFTY.US,D,20150615,000000,33.135,33.248,33.135,33.248,1599,0
NFTY.US,D,20150616,000000,33.248,33.248,33.248,33.248,114,0
NFTY.US,D,20150617,000000,32.661,32.783,32.661,32.783,685,0
NFTY.US,D,20150618,000000,33.492,33.492,33.205,33.205,3767,0
NFTY.US,D,20150619,000000,33.228,33.228,33.228,33.228,342,0
NFTY.US,D,20150622,000000,33.897,33.897,33.705,33.861,2169,0
NFTY.US,D,20150623,000000,33.722,33.818,33.722,33.818,2210,0
NFTY.US,D,20150625,000000,33.897,33.897,33.713,33.731,9474,0
NFTY.US,D,20150626,000000,33.492,33.492,33.4,33.4,342,0
NFTY.US,D,20150629,000000,33.028,33.028,32.732,32.732,1484,0
NFTY.US,D,20150630,000000,33.126,33.196,33.126,33.196,4881,0
NFTY.US,D,20150701,000000,33.661,33.661,33.502,33.502,9703,0
NFTY.US,D,20150702,000000,33.573,33.573,33.573,33.573,571,0
NFTY.US,D,20150706,000000,32.869,32.869,32.869,32.869,21001,0
NFTY.US,D,20150707,000000,32.345,32.478,32.345,32.478,685,0
NFTY.US,D,20150708,000000,31.233,31.303,31.137,31.278,1713,0
NFTY.US,D,20150709,000000,31.443,31.443,31.322,31.322,1025,0
NFTY.US,D,20150710,000000,31.664,31.697,31.549,31.697,1142,0
NFTY.US,D,20150713,000000,32.135,32.143,31.874,32.143,31845,0
NFTY.US,D,20150714,000000,32.082,32.188,32.082,32.188,10953,0
NFTY.US,D,20150715,000000,31.803,31.803,31.803,31.803,190,0
NFTY.US,D,20150716,000000,32.058,32.251,32.004,32.251,1825,0
NFTY.US,D,20150720,000000,31.487,31.487,31.487,31.487,1025,0
NFTY.US,D,20150722,000000,31.217,31.217,30.803,30.91,19177,0
NFTY.US,D,20150723,000000,30.585,30.699,30.541,30.541,3994,0
NFTY.US,D,20150724,000000,30.121,30.121,29.928,29.97,4109,0
NFTY.US,D,20150727,000000,29.331,29.34,29.113,29.129,4109,0
NFTY.US,D,20150728,000000,29.472,29.858,29.472,29.85,3882,0
NFTY.US,D,20150729,000000,29.367,29.674,29.367,29.674,913,0
NFTY.US,D,20150730,000000,29.444,29.867,29.444,29.867,5823,0
NFTY.US,D,20150803,000000,29.289,29.289,29.094,29.201,3420,0
NFTY.US,D,20150804,000000,29.244,29.244,28.965,28.983,6735,0
NFTY.US,D,20150805,000000,29.35,29.569,29.314,29.35,18035,0
NFTY.US,D,20150806,000000,28.868,28.868,28.397,28.419,1292,0
NFTY.US,D,20150807,000000,28.823,28.823,28.823,28.823,228,0
NFTY.US,D,20150810,000000,29.34,29.508,29.322,29.472,11641,0
NFTY.US,D,20150811,000000,28.524,28.524,28.149,28.149,5035,0
NFTY.US,D,20150812,000000,28.149,28.149,27.808,27.949,1713,0
NFTY.US,D,20150813,000000,28.36,28.508,28.36,28.508,1257,0
NFTY.US,D,20150814,000000,28.219,28.578,28.174,28.534,1713,0
NFTY.US,D,20150817,000000,27.396,28.113,27.248,28.054,5592,0
NFTY.US,D,20150818,000000,27.229,27.616,27.229,27.537,19060,0
NFTY.US,D,20150819,000000,26.792,26.88,26.774,26.836,4906,0
NFTY.US,D,20150820,000000,26.747,26.898,26.747,26.898,685,0
NFTY.US,D,20150821,000000,25.627,26.177,25.627,25.775,2283,0
NFTY.US,D,20150824,000000,24.798,25.339,24.442,24.749,16481,0
NFTY.US,D,20150825,000000,26.012,26.854,26.012,26.309,22485,0
NFTY.US,D,20150826,000000,26.652,26.652,26.652,26.652,342,0
NFTY.US,D,20150827,000000,27.958,27.958,27.958,27.958,342,0
NFTY.US,D,20150828,000000,27.502,27.599,27.502,27.599,228,0
NFTY.US,D,20150831,000000,27.659,27.905,27.642,27.905,799,0
NFTY.US,D,20150901,000000,27.089,27.466,27.089,27.378,457,0
NFTY.US,D,20150902,000000,27.546,27.633,27.44,27.599,1825,0
NFTY.US,D,20150903,000000,28.036,28.508,28.036,28.463,73849,0
NFTY.US,D,20150904,000000,27.3,27.3,27.3,27.3,114,0
NFTY.US,D,20150908,000000,27.345,27.345,27.345,27.345,114,0
NFTY.US,D,20150909,000000,28.578,28.578,28.578,28.578,228,0
NFTY.US,D,20150911,000000,28.07,28.56,28.044,28.524,1142,0
NFTY.US,D,20150915,000000,28.386,28.649,28.386,28.649,228,0
NFTY.US,D,20150916,000000,28.876,29.174,28.876,29.166,4794,0
NFTY.US,D,20150917,000000,29.481,29.743,29.481,29.629,7051,0
NFTY.US,D,20150918,000000,28.92,28.92,28.639,28.639,571,0
NFTY.US,D,20150923,000000,28.038,28.038,28.038,28.038,660,0
NFTY.US,D,20150924,000000,27.071,27.071,27.071,27.071,329,0
NFTY.US,D,20150928,000000,26.287,26.287,26.287,26.287,299,0
NFTY.US,D,20150930,000000,27.337,27.337,27.337,27.337,110,0
NFTY.US,D,20151001,000000,27.39,28.127,27.39,28.127,329,0
NFTY.US,D,20151002,000000,27.892,27.892,27.892,27.892,219,0
NFTY.US,D,20151005,000000,28.848,28.911,28.482,28.911,83531,0
NFTY.US,D,20151006,000000,28.783,28.783,28.783,28.783,329,0
NFTY.US,D,20151007,000000,29.586,29.586,28.921,29.05,550,0
NFTY.US,D,20151008,000000,28.793,28.986,28.793,28.986,4171,0
NFTY.US,D,20151009,000000,29.05,29.05,29.05,29.05,550,0
NFTY.US,D,20151013,000000,28.574,28.574,28.292,28.292,1429,0
NFTY.US,D,20151015,000000,29.367,29.64,29.367,29.577,8672,0
NFTY.US,D,20151016,000000,29.148,29.376,29.148,29.376,879,0
NFTY.US,D,20151019,000000,28.893,28.893,28.893,28.893,219,0
NFTY.US,D,20151021,000000,28.383,28.383,28.383,28.383,219,0
NFTY.US,D,20151027,000000,28.694,28.694,28.694,28.694,110,0
NFTY.US,D,20151028,000000,28.61,28.709,28.393,28.491,4502,0
NFTY.US,D,20151030,000000,28.419,28.511,28.419,28.511,438,0
NFTY.US,D,20151102,000000,28.921,28.921,28.783,28.783,542,0
NFTY.US,D,20151103,000000,29.258,29.258,29.212,29.212,219,0
NFTY.US,D,20151104,000000,29.413,29.439,29.413,29.439,101767,0
NFTY.US,D,20151105,000000,29.486,29.486,29.486,29.486,329,0
NFTY.US,D,20151106,000000,28.658,28.812,28.61,28.793,2965,0
NFTY.US,D,20151109,000000,28.136,28.191,28.136,28.191,724,0
NFTY.US,D,20151110,000000,27.793,28.03,27.793,27.929,7795,0
NFTY.US,D,20151111,000000,27.709,27.709,27.527,27.611,2635,0
NFTY.US,D,20151113,000000,26.874,26.891,26.874,26.891,550,0
NFTY.US,D,20151116,000000,27.373,27.373,27.272,27.373,1756,0
NFTY.US,D,20151117,000000,27.291,27.319,27.272,27.31,2196,0
NFTY.US,D,20151118,000000,27.153,27.3,27.054,27.282,9662,0
NFTY.US,D,20151119,000000,27.511,27.766,27.511,27.702,17017,0
NFTY.US,D,20151120,000000,27.855,28.065,27.619,27.774,12846,0
NFTY.US,D,20151123,000000,27.873,27.873,27.873,27.873,219,0
NFTY.US,D,20151124,000000,27.272,27.272,27.272,27.272,219,0
NFTY.US,D,20151125,000000,26.9,27.3,26.9,27.3,438,0
NFTY.US,D,20151130,000000,26.917,26.926,26.734,26.734,329,0
NFTY.US,D,20151201,000000,27.328,27.446,27.153,27.4,6219,0
NFTY.US,D,20151202,000000,27.337,27.337,26.859,27.069,5283,0
NFTY.US,D,20151204,000000,27.181,27.199,27.008,27.199,29752,0
NFTY.US,D,20151207,000000,27.09,27.226,26.58,26.58,17455,0
NFTY.US,D,20151209,000000,26.224,26.298,25.76,25.897,10319,0
NFTY.US,D,20151210,000000,26.078,26.078,25.769,25.915,2087,0
NFTY.US,D,20151211,000000,24.958,25.25,24.767,25.131,31398,0
NFTY.US,D,20151214,000000,25.424,26.682,24.867,25.351,47016,0
NFTY.US,D,20151215,000000,26.032,26.087,25.679,26.087,18773,0
NFTY.US,D,20151216,000000,25.961,26.051,25.687,26.051,9662,0
NFTY.US,D,20151217,000000,26.134,26.17,26.032,26.032,3733,0
NFTY.US,D,20151218,000000,26.051,26.051,25.815,25.878,1978,0
NFTY.US,D,20151221,000000,26.298,26.369,26.178,26.216,2965,0
NFTY.US,D,20151222,000000,26.224,26.654,26.224,26.654,2307,0
NFTY.US,D,20151223,000000,26.58,26.724,26.58,26.724,3843,0
NFTY.US,D,20151228,000000,26.58,26.682,26.534,26.553,2873,0
NFTY.US,D,20151229,000000,26.59,26.59,26.59,26.59,219,0
NFTY.US,D,20151230,000000,26.289,26.289,25.779,25.877,2275,0
NFTY.US,D,20160104,000000,25.486,26.144,25.255,25.353,1208,0
NFTY.US,D,20160105,000000,25.213,25.324,25.104,25.104,1208,0
NFTY.US,D,20160113,000000,23.895,24.053,23.466,23.466,3990,0
NFTY.US,D,20160115,000000,22.705,22.705,22.705,22.705,165,0
NFTY.US,D,20160119,000000,23.621,23.895,23.621,23.895,3514,0
NFTY.US,D,20160121,000000,22.994,22.994,22.994,22.994,131,0
NFTY.US,D,20160128,000000,24.148,24.148,24.148,24.148,344,0
NFTY.US,D,20160202,000000,24.485,24.485,24.485,24.485,110,0
NFTY.US,D,20160210,000000,24.561,24.561,24.457,24.539,8696,0
NFTY.US,D,20160211,000000,23.962,24.012,23.912,23.972,3225,0
NFTY.US,D,20160217,000000,25.504,25.57,25.504,25.541,807,0
NFTY.US,D,20160218,000000,25.495,25.504,25.495,25.495,15040,0
NFTY.US,D,20160219,000000,25.453,25.453,25.453,25.453,414,0
NFTY.US,D,20160222,000000,25.751,25.751,25.751,25.751,344,0
NFTY.US,D,20160225,000000,25.803,25.803,25.801,25.801,562,0
NFTY.US,D,20160226,000000,25.787,25.843,25.787,25.843,8179,0
NFTY.US,D,20160301,000000,26.506,26.506,26.506,26.506,329,0
NFTY.US,D,20160302,000000,26.316,26.562,26.316,26.562,438,0
NFTY.US,D,20160304,000000,27.51,27.51,27.51,27.51,148,0
NFTY.US,D,20160308,000000,27.081,27.102,26.953,27.059,8159,0
NFTY.US,D,20160310,000000,26.859,26.859,26.859,26.859,406,0
NFTY.US,D,20160311,000000,27.436,27.446,27.436,27.446,550,0
NFTY.US,D,20160314,000000,27.277,27.277,27.181,27.181,663,0
NFTY.US,D,20160315,000000,26.619,26.619,26.618,26.618,546,0
NFTY.US,D,20160317,000000,27.709,27.709,27.689,27.689,1320,0
NFTY.US,D,20160318,000000,28.047,28.191,28.047,28.182,3407,0
NFTY.US,D,20160322,000000,27.8,28.052,27.8,28.052,409,0
NFTY.US,D,20160323,000000,27.258,27.258,27.258,27.258,173,0
NFTY.US,D,20160329,000000,26.845,27.226,26.827,27.181,2142,0
NFTY.US,D,20160330,000000,27.718,27.718,27.718,27.718,110,0
NFTY.US,D,20160331,000000,27.436,27.883,27.436,27.583,2283,0
NFTY.US,D,20160401,000000,27.246,27.428,27.246,27.373,5379,0
NFTY.US,D,20160405,000000,27.09,27.09,26.808,26.845,1665,0
NFTY.US,D,20160406,000000,26.672,26.689,26.645,26.689,691,0
NFTY.US,D,20160407,000000,26.543,26.543,26.543,26.543,219,0
NFTY.US,D,20160412,000000,26.836,26.935,26.836,26.935,451,0
NFTY.US,D,20160413,000000,27.246,27.272,27.246,27.272,438,0
NFTY.US,D,20160414,000000,27.482,27.565,27.3,27.4,10601,0
NFTY.US,D,20160418,000000,27.448,27.448,27.448,27.448,310,0
NFTY.US,D,20160419,000000,27.357,27.357,27.357,27.357,274,0
NFTY.US,D,20160420,000000,27.153,27.153,27.153,27.153,274,0
NFTY.US,D,20160427,000000,26.682,26.989,26.682,26.827,1717,0
NFTY.US,D,20160428,000000,26.599,26.626,26.48,26.49,1429,0
NFTY.US,D,20160429,000000,26.17,26.17,25.988,26.087,1773,0
NFTY.US,D,20160502,000000,26.087,26.242,26.087,26.224,10606,0
NFTY.US,D,20160503,000000,25.532,25.679,25.532,25.679,2184,0
NFTY.US,D,20160504,000000,25.259,25.398,25.222,25.222,2745,0
NFTY.US,D,20160506,000000,24.848,24.958,24.848,24.931,879,0
NFTY.US,D,20160509,000000,24.731,24.822,24.669,24.792,3292,0
NFTY.US,D,20160510,000000,24.922,25.021,24.922,24.995,1536,0
NFTY.US,D,20160511,000000,24.758,24.917,24.739,24.917,1990,0
NFTY.US,D,20160512,000000,24.697,24.758,24.584,24.702,933,0
NFTY.US,D,20160513,000000,24.584,24.64,24.522,24.548,2855,0
NFTY.US,D,20160516,000000,24.712,24.931,24.712,24.931,1280,0
NFTY.US,D,20160517,000000,24.803,24.887,24.803,24.887,660,0
NFTY.US,D,20160518,000000,24.631,24.812,24.631,24.758,1482,0
NFTY.US,D,20160519,000000,24.439,24.439,24.34,24.34,470,0
NFTY.US,D,20160520,000000,24.822,24.839,24.822,24.839,438,0
NFTY.US,D,20160523,000000,25.432,25.724,25.432,25.616,1579,0
NFTY.US,D,20160524,000000,25.741,25.741,25.615,25.687,1429,0
NFTY.US,D,20160525,000000,25.907,25.988,25.869,25.946,1208,0
NFTY.US,D,20160526,000000,25.988,26.051,25.769,25.769,1264,0
NFTY.US,D,20160527,000000,26.197,26.316,26.197,26.262,1978,0
NFTY.US,D,20160531,000000,26.27,26.516,25.878,26.27,3073,0
NFTY.US,D,20160601,000000,26.36,26.525,26.36,26.471,3733,0
NFTY.US,D,20160602,000000,26.325,26.424,26.325,26.415,556,0
NFTY.US,D,20160603,000000,26.626,26.654,26.608,26.608,1323,0
NFTY.US,D,20160606,000000,26.682,26.827,26.672,26.72,3111,0
NFTY.US,D,20160607,000000,26.953,27.163,26.953,27.128,3299,0
NFTY.US,D,20160608,000000,27.198,27.198,27.137,27.137,495,0
NFTY.US,D,20160615,000000,26.761,26.827,26.709,26.808,1096,0
NFTY.US,D,20160616,000000,26.471,26.471,26.197,26.252,1208,0
NFTY.US,D,20160617,000000,26.352,26.352,26.352,26.352,571,0
NFTY.US,D,20160622,000000,26.989,26.989,26.989,26.989,406,0
NFTY.US,D,20160624,000000,26.734,26.734,26.734,26.734,144,0
NFTY.US,D,20160627,000000,25.769,26.043,25.769,26.043,245,0
NFTY.US,D,20160628,000000,26.589,26.752,26.48,26.662,9235,0
NFTY.US,D,20160629,000000,27.144,27.272,27.08,27.272,987,0
NFTY.US,D,20160630,000000,27.282,27.492,27.282,27.359,1922,0
NFTY.US,D,20160701,000000,27.784,27.855,27.679,27.679,1482,0
NFTY.US,D,20160705,000000,27.291,27.473,27.291,27.473,1208,0
NFTY.US,D,20160706,000000,26.808,26.964,26.808,26.964,4720,0
NFTY.US,D,20160707,000000,27.356,27.418,27.356,27.418,2525,0
NFTY.US,D,20160708,000000,27.473,27.583,27.418,27.583,879,0
NFTY.US,D,20160711,000000,28.038,28.122,28.021,28.074,6477,0
NFTY.US,D,20160712,000000,28.419,28.419,28.348,28.393,1906,0
NFTY.US,D,20160713,000000,28.555,28.593,28.538,28.574,2580,0
NFTY.US,D,20160718,000000,29.376,29.403,29.357,29.367,660,0
NFTY.US,D,20160721,000000,29.421,29.421,29.421,29.421,17989,0
NFTY.US,D,20160722,000000,29.281,29.281,29.281,29.281,118,0
NFTY.US,D,20160725,000000,29.022,29.022,29.022,29.022,219,0
NFTY.US,D,20160726,000000,29.031,29.248,29.031,29.248,240,0
NFTY.US,D,20160728,000000,29.148,29.24,29.148,29.24,1206,0
NFTY.US,D,20160801,000000,29.56,29.603,29.56,29.56,1317,0
NFTY.US,D,20160802,000000,29.577,29.577,29.286,29.384,9771,0
NFTY.US,D,20160803,000000,29.513,29.568,29.513,29.541,1509,0
NFTY.US,D,20160808,000000,30.043,30.043,30.043,30.043,427,0
NFTY.US,D,20160810,000000,30.524,30.524,30.432,30.432,2635,0
NFTY.US,D,20160811,000000,30.205,30.298,30.205,30.288,879,0
NFTY.US,D,20160812,000000,30.115,30.115,30.115,30.115,110,0
NFTY.US,D,20160817,000000,29.942,29.966,29.805,29.966,1140,0
NFTY.US,D,20160819,000000,29.714,29.714,29.714,29.714,434,0
NFTY.US,D,20160822,000000,29.504,29.504,29.321,29.413,5379,0
NFTY.US,D,20160823,000000,29.65,29.65,29.65,29.65,219,0
NFTY.US,D,20160824,000000,29.705,29.805,29.603,29.623,10071,0
NFTY.US,D,20160825,000000,29.963,29.963,29.963,29.963,110,0
NFTY.US,D,20160829,000000,30.006,30.006,30.006,30.006,569,0
NFTY.US,D,20160831,000000,29.594,29.594,29.526,29.526,2064,0
NFTY.US,D,20160901,000000,29.448,29.448,29.431,29.431,1317,0
NFTY.US,D,20160906,000000,30.196,30.196,30.196,30.196,219,0
NFTY.US,D,20160907,000000,30.635,30.635,30.635,30.635,144,0
NFTY.US,D,20160909,000000,29.959,29.959,29.541,29.541,329,0
NFTY.US,D,20160915,000000,29.699,29.699,29.699,29.699,190,0
NFTY.US,D,20160916,000000,29.349,29.357,29.349,29.357,3404,0
NFTY.US,D,20160919,000000,30.143,30.143,30.143,30.143,219,0
NFTY.US,D,20160921,000000,31.013,31.013,31.013,31.013,213,0
NFTY.US,D,20160927,000000,30.018,30.018,30.018,30.018,422,0
NFTY.US,D,20160930,000000,30.615,30.615,30.541,30.541,1497,0
NFTY.US,D,20161003,000000,30.626,30.663,30.626,30.655,752,0
NFTY.US,D,20161006,000000,30.785,30.785,30.785,30.785,213,0
NFTY.US,D,20161010,000000,30.838,30.838,30.838,30.838,138,0
NFTY.US,D,20161011,000000,30.053,30.053,30.053,30.053,106,0
NFTY.US,D,20161012,000000,30.447,30.447,30.447,30.447,265,0
NFTY.US,D,20161013,000000,29.997,29.997,29.997,29.997,106,0
NFTY.US,D,20161021,000000,30.307,30.307,30.307,30.307,638,0
NFTY.US,D,20161108,000000,30.344,30.344,30.344,30.344,533,0
NFTY.US,D,20161114,000000,28.061,28.061,28.061,28.061,220,0
NFTY.US,D,20161115,000000,28.605,28.666,28.605,28.666,277,0
NFTY.US,D,20161116,000000,28.753,28.753,28.664,28.664,430,0
NFTY.US,D,20161117,000000,28.533,28.533,28.533,28.533,213,0
NFTY.US,D,20161118,000000,28.759,28.759,28.759,28.759,116,0
NFTY.US,D,20161123,000000,28.945,29.057,28.945,29.057,2365,0
NFTY.US,D,20161125,000000,29.131,29.131,29.131,29.131,306,0
NFTY.US,D,20161128,000000,29.509,29.509,29.509,29.509,158,0
NFTY.US,D,20161129,000000,29.319,29.553,29.319,29.553,235,0
NFTY.US,D,20161201,000000,29.198,29.198,29.131,29.161,1596,0
NFTY.US,D,20161205,000000,29.281,29.281,29.237,29.237,371,0
NFTY.US,D,20161206,000000,29.245,29.245,29.245,29.245,240,0
NFTY.US,D,20161207,000000,29.537,29.636,29.537,29.636,2636,0
NFTY.US,D,20161213,000000,29.915,29.915,29.81,29.815,3846,0
NFTY.US,D,20161214,000000,29.827,29.827,29.174,29.179,3346,0
NFTY.US,D,20161216,000000,29.414,29.414,29.088,29.088,397,0
NFTY.US,D,20161222,000000,28.813,28.813,28.464,28.464,221,0
NFTY.US,D,20161229,000000,28.53,28.53,28.53,28.53,204,0
NFTY.US,D,20161230,000000,28.794,28.794,28.794,28.794,215,0
NFTY.US,D,20170104,000000,29.178,29.178,29.178,29.178,566,0
NFTY.US,D,20170105,000000,29.471,29.601,29.471,29.601,336,0
NFTY.US,D,20170120,000000,30.016,30.08,30.016,30.053,2928,0
NFTY.US,D,20170124,000000,30.777,30.777,30.572,30.572,703,0
NFTY.US,D,20170125,000000,30.899,30.899,30.899,30.899,355,0
NFTY.US,D,20170127,000000,30.813,30.813,30.813,30.813,389,0
NFTY.US,D,20170130,000000,30.879,30.879,30.683,30.832,531,0
NFTY.US,D,20170201,000000,30.895,30.895,30.895,30.895,239,0
NFTY.US,D,20170203,000000,31.296,31.296,31.296,31.296,185,0
NFTY.US,D,20170209,000000,31.396,31.396,31.396,31.396,106,0
NFTY.US,D,20170213,000000,31.821,31.821,31.821,31.821,106,0
NFTY.US,D,20170216,000000,32.354,32.354,32.129,32.129,3306,0
NFTY.US,D,20170221,000000,31.923,31.923,31.923,31.923,8855,0
NFTY.US,D,20170223,000000,32.021,32.021,31.998,31.998,324,0
NFTY.US,D,20170224,000000,31.951,31.952,31.933,31.952,1057,0
NFTY.US,D,20170227,000000,31.781,31.781,31.726,31.735,9259,0
NFTY.US,D,20170302,000000,31.671,31.671,31.671,31.671,213,0
NFTY.US,D,20170306,000000,31.547,31.547,31.547,31.547,304,0
NFTY.US,D,20170308,000000,31.622,31.651,31.622,31.651,1819,0
NFTY.US,D,20170310,000000,31.252,31.252,31.204,31.204,1280,0
NFTY.US,D,20170315,000000,31.782,31.805,31.782,31.805,234,0
NFTY.US,D,20170320,000000,32.843,33.096,32.843,33.096,2905,0
NFTY.US,D,20170327,000000,32.843,33.007,32.839,32.984,10315,0
NFTY.US,D,20170328,000000,32.749,32.749,32.749,32.749,231,0
NFTY.US,D,20170403,000000,32.514,32.721,32.514,32.721,3017,0
NFTY.US,D,20170411,000000,32.111,32.111,32.111,32.111,587,0
NFTY.US,D,20170505,000000,33.002,33.002,32.875,32.875,342,0
NFTY.US,D,20170515,000000,32.869,32.879,32.869,32.879,2689,0
NFTY.US,D,20170516,000000,32.843,32.903,32.843,32.903,718,0
NFTY.US,D,20170522,000000,32.749,32.749,32.749,32.749,157,0
NFTY.US,D,20170525,000000,32.927,32.927,32.927,32.927,213,0
NFTY.US,D,20170526,000000,33.059,33.059,33.059,33.059,122,0
NFTY.US,D,20170605,000000,33.059,33.191,33.059,33.191,1587,0
NFTY.US,D,20170606,000000,33.115,33.115,33.115,33.115,350,0
NFTY.US,D,20170607,000000,33.049,33.049,33.049,33.049,425,0
NFTY.US,D,20170609,000000,32.927,32.937,32.815,32.843,14103,0
NFTY.US,D,20170612,000000,32.677,32.677,32.677,32.677,120,0
NFTY.US,D,20170613,000000,32.843,32.843,32.843,32.843,427,0
NFTY.US,D,20170620,000000,33.176,33.176,33.176,33.176,106,0
NFTY.US,D,20170622,000000,33.236,33.236,33.236,33.236,140,0
NFTY.US,D,20170627,000000,34.102,34.102,34.102,34.102,457,0
NFTY.US,D,20170629,000000,33.987,33.987,33.861,33.861,213,0
NFTY.US,D,20170705,000000,34.347,34.347,34.319,34.319,6920,0
NFTY.US,D,20170706,000000,34.176,34.176,34.176,34.176,106,0
NFTY.US,D,20170710,000000,34.139,34.159,34.112,34.139,12577,0
NFTY.US,D,20170711,000000,34.598,34.6,34.598,34.6,213,0
NFTY.US,D,20170714,000000,35.089,35.239,35.089,35.239,4481,0
NFTY.US,D,20170717,000000,34.966,34.995,34.901,34.901,3644,0
NFTY.US,D,20170719,000000,35.147,35.147,35.147,35.147,322,0
NFTY.US,D,20170721,000000,34.722,34.793,34.704,34.793,7522,0
NFTY.US,D,20170803,000000,35.16,35.16,35.16,35.16,237,0
NFTY.US,D,20170804,000000,35.46,35.491,35.46,35.491,420,0
NFTY.US,D,20170809,000000,35.192,35.192,35.192,35.192,213,0
NFTY.US,D,20170811,000000,34.563,34.563,34.563,34.563,1809,0
NFTY.US,D,20170815,000000,34.449,34.449,34.449,34.449,230,0
NFTY.US,D,20170817,000000,34.476,34.476,34.44,34.449,425,0
NFTY.US,D,20170821,000000,34.497,34.524,34.497,34.524,425,0
NFTY.US,D,20170822,000000,34.863,34.873,34.863,34.873,1072,0
NFTY.US,D,20170824,000000,35.071,35.071,35.033,35.033,4789,0
NFTY.US,D,20170828,000000,35.267,35.267,35.267,35.267,1596,0
NFTY.US,D,20170829,000000,35.097,35.097,35.097,35.097,106,0
NFTY.US,D,20170901,000000,35.604,35.748,35.604,35.748,213,0
NFTY.US,D,20170905,000000,35.54,35.54,35.353,35.426,4465,0
NFTY.US,D,20170906,000000,35.225,35.225,35.225,35.225,308,0
NFTY.US,D,20170907,000000,35.286,35.286,35.239,35.239,447,0
NFTY.US,D,20170911,000000,35.594,35.604,35.594,35.594,509,0
NFTY.US,D,20170912,000000,35.499,35.512,35.486,35.512,1511,0
NFTY.US,D,20170913,000000,35.145,35.145,35.102,35.102,968,0
NFTY.US,D,20170915,000000,35.531,35.678,35.531,35.678,351,0
NFTY.US,D,20170918,000000,35.812,35.877,35.812,35.877,213,0
NFTY.US,D,20170919,000000,35.464,35.464,35.464,35.464,319,0
NFTY.US,D,20170922,000000,35.078,35.078,35.015,35.015,934,0
NFTY.US,D,20170925,000000,34.5,34.5,34.085,34.241,5878,0
NFTY.US,D,20170926,000000,34.211,34.211,34.211,34.211,427,0
NFTY.US,D,20170928,000000,34.163,34.163,34.163,34.163,203,0
NFTY.US,D,20170929,000000,34.26,34.305,34.25,34.305,1084,0
NFTY.US,D,20171002,000000,34.577,34.655,34.577,34.655,345,0
NFTY.US,D,20171003,000000,34.597,34.684,34.597,34.684,417,0
NFTY.US,D,20171004,000000,34.538,34.538,34.5,34.5,314,0
NFTY.US,D,20171005,000000,34.943,34.943,34.915,34.915,281,0
NFTY.US,D,20171009,000000,34.721,34.741,34.721,34.741,829,0
NFTY.US,D,20171016,000000,35.674,35.7,35.618,35.7,1923,0
NFTY.US,D,20171017,000000,35.453,35.482,35.415,35.453,3218,0
NFTY.US,D,20171018,000000,35.512,35.512,35.459,35.459,208,0
NFTY.US,D,20171020,000000,35.415,35.415,35.415,35.415,147,0
NFTY.US,D,20171103,000000,35.462,35.462,35.462,35.462,506,0
NFTY.US,D,20171110,000000,35.203,35.203,35.203,35.203,110,0
NFTY.US,D,20171113,000000,35.136,35.136,35.136,35.136,208,0
NFTY.US,D,20171115,000000,34.818,34.818,34.636,34.636,3011,0
NFTY.US,D,20171117,000000,35.096,35.096,35.096,35.096,1454,0
NFTY.US,D,20171120,000000,35.154,35.154,35.154,35.154,500,0
NFTY.US,D,20171129,000000,35.154,35.226,35.154,35.226,524,0
NFTY.US,D,20171130,000000,34.925,34.925,34.925,34.925,208,0
NFTY.US,D,20171204,000000,34.703,34.703,34.703,34.703,228,0
NFTY.US,D,20171211,000000,34.481,34.481,34.481,34.481,193,0
NFTY.US,D,20171212,000000,34.241,34.241,34.241,34.241,208,0
NFTY.US,D,20171213,000000,34.471,34.689,34.471,34.689,335,0
NFTY.US,D,20171214,000000,34.5,34.587,34.5,34.587,390,0
NFTY.US,D,20171220,000000,34.721,34.721,34.442,34.692,9010,0
NFTY.US,D,20171221,000000,34.587,34.756,34.587,34.666,871,0
NFTY.US,D,20171222,000000,34.704,34.704,34.694,34.694,623,0
NFTY.US,D,20171226,000000,34.479,34.479,34.146,34.146,694,0
NFTY.US,D,20171228,000000,35.066,35.066,35.066,35.066,205,0
NFTY.US,D,20180104,000000,36.043,36.043,36.043,36.043,619,0
NFTY.US,D,20180105,000000,36.416,36.416,36.254,36.254,276,0
NFTY.US,D,20180108,000000,36.121,36.121,36.121,36.121,275,0
NFTY.US,D,20180109,000000,36.317,36.317,36.298,36.298,11863,0
NFTY.US,D,20180110,000000,36.14,36.169,36.053,36.169,21647,0
NFTY.US,D,20180111,000000,36.121,36.189,36.023,36.023,9889,0
NFTY.US,D,20180112,000000,36.278,36.278,36.278,36.278,235,0
NFTY.US,D,20180117,000000,36.786,36.802,36.786,36.802,450,0
NFTY.US,D,20180119,000000,37.166,37.363,37.166,37.363,1186,0
NFTY.US,D,20180123,000000,37.296,37.296,37.296,37.296,207,0
NFTY.US,D,20180126,000000,37.49,37.5,37.49,37.5,290,0
NFTY.US,D,20180129,000000,37.401,37.401,37.401,37.401,205,0
NFTY.US,D,20180130,000000,36.973,36.973,36.784,36.784,737,0
NFTY.US,D,20180202,000000,36.601,36.66,36.482,36.66,665,0
NFTY.US,D,20180206,000000,34.527,34.527,34.527,34.527,3,0
NFTY.US,D,20180209,000000,34.371,34.371,34.371,34.371,215,0
NFTY.US,D,20180216,000000,36.502,36.502,36.502,36.502,261,0
NFTY.US,D,20180221,000000,36.063,36.388,36.063,36.387,735,0
NFTY.US,D,20180222,000000,36.209,36.209,36.209,36.209,375,0
NFTY.US,D,20180226,000000,37.023,37.023,37.023,37.023,734,0
NFTY.US,D,20180307,000000,36.377,36.377,36.377,36.377,129,0
NFTY.US,D,20180308,000000,36.973,36.973,36.891,36.891,369,0
NFTY.US,D,20180314,000000,37.431,37.431,37.431,37.431,235,0
NFTY.US,D,20180321,000000,38.135,38.135,38.135,38.135,189,0
NFTY.US,D,20180322,000000,37.93,37.93,37.93,37.93,154,0
NFTY.US,D,20180327,000000,38.318,38.318,38.318,38.318,1021,0
NFTY.US,D,20180329,000000,38.117,38.117,38.019,38.019,514,0
NFTY.US,D,20180406,000000,37.921,37.921,37.921,37.921,101,0
NFTY.US,D,20180411,000000,38.381,38.381,38.381,38.381,210,0
NFTY.US,D,20180416,000000,38.802,38.802,38.802,38.802,595,0
NFTY.US,D,20180417,000000,38.058,38.165,37.813,38.165,1232,0
NFTY.US,D,20180419,000000,37.343,37.363,37.003,37.003,754,0
NFTY.US,D,20180420,000000,36.786,36.796,36.786,36.796,578,0
NFTY.US,D,20180423,000000,37.353,37.353,37.252,37.252,691,0
NFTY.US,D,20180424,000000,37.716,37.716,36.993,36.993,602,0
NFTY.US,D,20180426,000000,37.305,37.305,37.143,37.181,1054,0
NFTY.US,D,20180427,000000,37.353,37.589,37.353,37.589,696,0
NFTY.US,D,20180430,000000,37.679,37.679,37.679,37.679,762,0
NFTY.US,D,20180501,000000,37.45,37.45,37.45,37.45,272,0
NFTY.US,D,20180504,000000,37.177,37.177,37.177,37.177,475,0
NFTY.US,D,20180507,000000,36.996,37.147,36.996,37.147,665,0
NFTY.US,D,20180508,000000,37.276,37.276,37.276,37.276,179,0
NFTY.US,D,20180510,000000,37.222,37.333,37.187,37.324,3540,0
NFTY.US,D,20180511,000000,37.363,37.363,36.767,37.04,2129,0
NFTY.US,D,20180514,000000,36.601,36.776,36.601,36.776,335,0
NFTY.US,D,20180516,000000,36.728,36.728,36.728,36.728,1561,0
NFTY.US,D,20180517,000000,36.64,36.64,36.601,36.601,285,0
NFTY.US,D,20180518,000000,36.033,36.159,35.881,35.881,2333,0
NFTY.US,D,20180521,000000,35.29,35.29,35.29,35.29,576,0
NFTY.US,D,20180522,000000,36.112,36.112,35.837,35.837,1163,0
NFTY.US,D,20180523,000000,35.545,35.632,35.375,35.632,1049,0
NFTY.US,D,20180524,000000,35.632,35.632,35.632,35.632,1037,0
NFTY.US,D,20180525,000000,35.944,35.944,35.944,35.944,259,0
NFTY.US,D,20180529,000000,36.219,36.393,36.219,36.393,830,0
NFTY.US,D,20180530,000000,36.973,36.973,36.973,36.973,465,0
NFTY.US,D,20180531,000000,37.118,37.118,37.118,37.118,101,0
NFTY.US,D,20180604,000000,36.816,36.913,36.816,36.883,680,0
NFTY.US,D,20180605,000000,36.149,36.321,36.102,36.321,849,0
NFTY.US,D,20180607,000000,36.82,36.82,36.357,36.387,1741,0
NFTY.US,D,20180608,000000,36.993,37.018,36.993,37.018,1120,0
NFTY.US,D,20180612,000000,37.069,37.12,37.069,37.12,1056,0
NFTY.US,D,20180613,000000,37.09,37.09,37.09,37.09,205,0
NFTY.US,D,20180614,000000,37.206,37.206,37.206,37.206,101,0
NFTY.US,D,20180618,000000,36.816,36.816,36.542,36.66,1755,0
NFTY.US,D,20180619,000000,36.189,36.189,36.189,36.189,1024,0
NFTY.US,D,20180620,000000,36.377,36.377,36.112,36.254,573,0
NFTY.US,D,20180622,000000,36.377,36.377,36.278,36.278,4399,0
NFTY.US,D,20180626,000000,35.944,35.944,35.896,35.896,2610,0
NFTY.US,D,20180628,000000,34.86,34.86,34.86,34.86,402,0
NFTY.US,D,20180629,000000,35.642,35.642,35.567,35.567,357,0
NFTY.US,D,20180703,000000,35.681,35.681,35.681,35.681,165,0
NFTY.US,D,20180706,000000,36.053,36.053,36.053,36.053,227,0
NFTY.US,D,20180709,000000,36.023,36.023,36.023,36.023,205,0
NFTY.US,D,20180710,000000,36.278,36.278,36.278,36.278,258,0
NFTY.US,D,20180713,000000,36.567,36.567,36.542,36.561,1031,0
NFTY.US,D,20180716,000000,35.846,36.004,35.846,36.004,476,0
NFTY.US,D,20180717,000000,36.093,36.093,36.093,36.093,215,0
NFTY.US,D,20180719,000000,35.798,35.798,35.798,35.798,306,0
NFTY.US,D,20180723,000000,35.818,36.033,35.789,36.033,714,0
NFTY.US,D,20180726,000000,36.357,36.38,36.337,36.38,792,0
NFTY.US,D,20180730,000000,37.236,37.236,36.902,36.902,337,0
NFTY.US,D,20180801,000000,36.938,36.938,36.938,36.938,195,0
NFTY.US,D,20180802,000000,36.893,37.075,36.893,37.075,205,0
NFTY.US,D,20180803,000000,37.438,37.438,37.438,37.438,190,0
NFTY.US,D,20180808,000000,37.48,37.48,37.48,37.48,134,0
NFTY.US,D,20180810,000000,37.167,37.167,37.013,37.013,1084,0
NFTY.US,D,20180813,000000,36.591,36.591,36.591,36.591,414,0
NFTY.US,D,20180814,000000,36.698,36.698,36.492,36.492,240,0
NFTY.US,D,20180815,000000,36.14,36.14,36.14,36.14,306,0
NFTY.US,D,20180821,000000,37.099,37.394,37.099,37.394,464,0
NFTY.US,D,20180823,000000,37.023,37.045,37.013,37.027,1528,0
NFTY.US,D,20180829,000000,37.023,37.023,37.023,37.023,155,0
NFTY.US,D,20180830,000000,36.796,36.796,36.796,36.796,422,0
NFTY.US,D,20180831,000000,37.108,37.108,37.081,37.081,598,0
NFTY.US,D,20180904,000000,36.004,36.004,36.004,36.004,515,0
NFTY.US,D,20180907,000000,36.561,36.561,36.159,36.159,543,0
NFTY.US,D,20180910,000000,35.721,35.721,35.364,35.572,1277,0
NFTY.US,D,20180911,000000,34.938,34.938,34.938,34.938,1294,0
NFTY.US,D,20180912,000000,35.33,35.896,35.33,35.896,8799,0
NFTY.US,D,20180914,000000,36.463,36.482,36.463,36.482,309,0
NFTY.US,D,20180917,000000,35.798,35.798,35.515,35.515,606,0
NFTY.US,D,20180918,000000,35.016,35.134,35.016,35.134,1013,0
NFTY.US,D,20180920,000000,35.593,35.593,35.593,35.593,133,0
NFTY.US,D,20180924,000000,34.245,34.245,33.897,33.897,558,0
NFTY.US,D,20180925,000000,34.287,34.287,34.287,34.287,144,0
NFTY.US,D,20180927,000000,34.449,34.449,34.449,34.449,184,0
NFTY.US,D,20180928,000000,33.96,33.96,33.766,33.766,528,0
NFTY.US,D,20181001,000000,34.087,34.087,33.637,33.637,551,0
NFTY.US,D,20181004,000000,32.445,32.719,31.848,31.848,1863,0
NFTY.US,D,20181008,000000,30.947,30.947,30.947,30.947,102,0
NFTY.US,D,20181009,000000,31.041,31.041,31.041,31.041,229,0
NFTY.US,D,20181010,000000,31.408,31.408,31.144,31.144,409,0
NFTY.US,D,20181012,000000,32.113,32.366,32.113,32.366,460,0
NFTY.US,D,20181015,000000,32.228,32.228,32.228,32.228,185,0
NFTY.US,D,20181017,000000,31.839,31.839,31.493,31.493,460,0
NFTY.US,D,20181018,000000,31.291,31.291,31.291,31.291,1021,0
NFTY.US,D,20181019,000000,31.253,31.253,31.029,31.029,620,0
NFTY.US,D,20181022,000000,30.893,30.893,30.893,30.893,511,0
NFTY.US,D,20181023,000000,30.655,30.655,30.655,30.655,306,0
NFTY.US,D,20181101,000000,31.868,31.868,31.868,31.868,205,0
NFTY.US,D,20181106,000000,32.523,32.523,32.523,32.523,198,0
NFTY.US,D,20181113,000000,32.679,33.173,32.679,32.703,398,0
NFTY.US,D,20181114,000000,33.079,33.079,33.079,33.079,346,0
NFTY.US,D,20181115,000000,33.07,33.07,33.07,33.07,154,0
NFTY.US,D,20181119,000000,33.582,33.582,33.582,33.582,256,0
NFTY.US,D,20181121,000000,33.452,33.452,33.452,33.452,253,0
NFTY.US,D,20181127,000000,33.509,33.509,33.509,33.509,205,0
NFTY.US,D,20181128,000000,33.628,33.628,33.628,33.628,308,0
NFTY.US,D,20181129,000000,34.333,34.658,34.333,34.658,225,0
NFTY.US,D,20181203,000000,34.285,34.388,34.285,34.388,558,0
NFTY.US,D,20181204,000000,34.42,34.42,34.294,34.294,2437,0
NFTY.US,D,20181206,000000,33.06,33.147,33.06,33.147,409,0
NFTY.US,D,20181210,000000,31.644,31.644,31.591,31.591,355,0
NFTY.US,D,20181211,000000,32.2,32.2,32.2,32.2,115,0
NFTY.US,D,20181212,000000,33.05,33.55,33.05,33.371,1738,0
NFTY.US,D,20181214,000000,33.277,33.277,33.277,33.277,101,0
NFTY.US,D,20181218,000000,34.225,34.225,34.225,34.225,201,0
NFTY.US,D,20181220,000000,34.886,34.886,34.763,34.763,1873,0
NFTY.US,D,20181221,000000,34.507,34.746,34.507,34.746,1533,0
NFTY.US,D,20181224,000000,33.803,34.213,33.803,34.213,579,0
NFTY.US,D,20181228,000000,34.782,34.782,34.714,34.714,787,0
NFTY.US,D,20181231,000000,34.527,34.537,34.527,34.537,1322,0
NFTY.US,D,20190102,000000,34.304,34.304,34.304,34.304,206,0
NFTY.US,D,20190103,000000,33.892,33.892,33.892,33.892,129,0
NFTY.US,D,20190108,000000,34.537,34.537,34.537,34.537,215,0
NFTY.US,D,20190109,000000,34.333,34.338,34.333,34.338,326,0
NFTY.US,D,20190110,000000,34.146,34.146,34.133,34.133,414,0
NFTY.US,D,20190115,000000,33.618,33.833,33.618,33.833,1050,0
NFTY.US,D,20190116,000000,34.196,34.196,34.196,34.196,438,0
NFTY.US,D,20190117,000000,33.777,33.777,33.777,33.777,247,0
NFTY.US,D,20190118,000000,33.803,33.803,33.461,33.461,512,0
NFTY.US,D,20190122,000000,33.375,33.395,33.375,33.375,1010,0
NFTY.US,D,20190123,000000,33.099,33.51,33.099,33.51,3014,0
NFTY.US,D,20190124,000000,33.707,33.707,33.707,33.707,181,0
NFTY.US,D,20190125,000000,33.207,33.365,33.207,33.365,669,0
NFTY.US,D,20190128,000000,32.806,32.806,32.455,32.455,492,0
NFTY.US,D,20190201,000000,32.786,32.786,32.786,32.786,202,0
NFTY.US,D,20190204,000000,32.923,32.923,32.923,32.923,613,0
NFTY.US,D,20190211,000000,32.856,32.856,32.856,32.856,146,0
NFTY.US,D,20190212,000000,33.247,33.247,33.247,33.247,101,0
NFTY.US,D,20190228,000000,33.958,33.958,33.787,33.787,537,0
NFTY.US,D,20190304,000000,33.678,33.678,33.678,33.678,204,0
NFTY.US,D,20190305,000000,34.479,34.479,34.479,34.479,265,0
NFTY.US,D,20190306,000000,35.08,35.08,35.036,35.056,1471,0
NFTY.US,D,20190307,000000,34.675,34.675,34.675,34.675,8221,0
NFTY.US,D,20190311,000000,35.26,35.818,35.26,35.818,3223,0
NFTY.US,D,20190312,000000,36.063,36.063,36.023,36.023,715,0
NFTY.US,D,20190313,000000,36.043,36.043,36.043,36.043,511,0
NFTY.US,D,20190318,000000,37.157,37.157,37.157,37.157,185,0
NFTY.US,D,20190320,000000,36.935,36.935,36.935,36.935,598,0
NFTY.US,D,20190322,000000,36.667,36.667,36.148,36.148,741,0
NFTY.US,D,20190326,000000,36.699,36.699,36.699,36.699,133,0
NFTY.US,D,20190327,000000,36.526,36.526,36.526,36.526,159,0
NFTY.US,D,20190329,000000,37.039,37.039,37.039,37.039,307,0
NFTY.US,D,20190402,000000,37.826,37.826,37.756,37.756,1032,0
NFTY.US,D,20190404,000000,37.257,37.257,37.257,37.257,36164,0
NFTY.US,D,20190405,000000,37.756,37.756,37.756,37.756,216,0
NFTY.US,D,20190408,000000,37.168,37.168,37.168,37.168,520,0
NFTY.US,D,20190410,000000,37.123,37.123,37.123,37.123,137,0
NFTY.US,D,20190411,000000,37.085,37.085,37.085,37.085,513,0
NFTY.US,D,20190416,000000,37.529,37.529,37.529,37.529,192,0
NFTY.US,D,20190418,000000,37.933,37.933,37.638,37.638,554,0
NFTY.US,D,20190422,000000,36.826,36.826,36.826,36.826,205,0
NFTY.US,D,20190423,000000,36.346,36.346,36.315,36.315,672,0
NFTY.US,D,20190426,000000,36.974,36.974,36.974,36.974,140,0
NFTY.US,D,20190501,000000,37.168,37.168,37.168,37.168,204,0
NFTY.US,D,20190502,000000,36.491,36.521,36.472,36.472,36127,0
NFTY.US,D,20190503,000000,36.902,36.902,36.8,36.8,346,0
NFTY.US,D,20190507,000000,35.796,35.796,35.796,35.796,602,0
NFTY.US,D,20190508,000000,35.422,35.422,35.422,35.422,101,0
NFTY.US,D,20190510,000000,34.772,34.772,34.772,34.772,154,0
NFTY.US,D,20190513,000000,34.325,34.325,33.809,33.809,815,0
NFTY.US,D,20190520,000000,36.325,36.873,36.325,36.585,764,0
NFTY.US,D,20190521,000000,36.072,36.072,36.072,36.072,192,0
NFTY.US,D,20190523,000000,35.843,36.556,35.843,36.556,755,0
NFTY.US,D,20190524,000000,37.188,37.257,37.008,37.257,713,0
NFTY.US,D,20190528,000000,37.031,37.031,37.031,37.031,143,0
NFTY.US,D,20190531,000000,36.433,37.247,36.414,37.149,4161,0
NFTY.US,D,20190603,000000,37.262,37.628,37.262,37.628,858,0
NFTY.US,D,20190604,000000,37.619,37.628,37.619,37.628,260,0
NFTY.US,D,20190607,000000,37.031,37.217,37.031,37.08,1325,0
NFTY.US,D,20190611,000000,36.93,36.93,36.93,36.93,254,0
NFTY.US,D,20190617,000000,36.089,36.089,35.95,35.96,1435,0
NFTY.US,D,20190618,000000,36.413,36.413,36.187,36.187,305,0
NFTY.US,D,20190620,000000,36.354,36.54,36.354,36.538,1600,0
NFTY.US,D,20190624,000000,36.304,36.304,36.304,36.304,248,0
NFTY.US,D,20190625,000000,36.154,36.154,36.154,36.154,204,0
NFTY.US,D,20190626,000000,36.806,36.806,36.806,36.806,479,0
NFTY.US,D,20190701,000000,36.631,36.631,36.631,36.631,430,0
NFTY.US,D,20190702,000000,36.727,36.727,36.727,36.727,101,0
NFTY.US,D,20190708,000000,35.99,35.99,35.99,35.99,204,0
NFTY.US,D,20190709,000000,35.835,35.835,35.835,35.835,1736,0
NFTY.US,D,20190715,000000,35.642,35.642,35.642,35.642,393,0
NFTY.US,D,20190718,000000,35.766,35.766,35.766,35.766,515,0
NFTY.US,D,20190719,000000,35.333,35.333,35.303,35.303,504,0
NFTY.US,D,20190722,000000,35.16,35.16,35.16,35.16,283,0
NFTY.US,D,20190724,000000,34.472,34.812,34.472,34.812,1211,0
NFTY.US,D,20190726,000000,35.028,35.047,35.028,35.047,254,0
NFTY.US,D,20190730,000000,33.859,33.859,33.732,33.732,410,0
NFTY.US,D,20190801,000000,33.643,33.663,33.279,33.279,4197,0
NFTY.US,D,20190802,000000,33.202,33.229,33.153,33.153,2106,0
NFTY.US,D,20190805,000000,32.22,32.22,31.281,31.581,2664,0
NFTY.US,D,20190807,000000,32.082,32.102,31.76,31.76,1855,0
NFTY.US,D,20190816,000000,31.915,31.915,31.915,31.915,117,0
NFTY.US,D,20190821,000000,31.526,31.526,31.526,31.526,257,0
NFTY.US,D,20190822,000000,31.109,31.109,30.688,30.688,34196,0
NFTY.US,D,20190823,000000,31.346,31.346,31.346,31.346,290,0
NFTY.US,D,20190826,000000,31.973,31.973,31.758,31.758,1884,0
NFTY.US,D,20190903,000000,31.306,31.306,31.306,31.306,261,0
NFTY.US,D,20190904,000000,31.176,31.176,31.176,31.176,1150,0
NFTY.US,D,20190910,000000,32.366,32.366,32.053,32.053,865,0
NFTY.US,D,20190911,000000,32.308,32.356,32.298,32.356,2139,0
NFTY.US,D,20190913,000000,32.776,32.776,32.776,32.776,105,0
NFTY.US,D,20190916,000000,32.641,32.641,32.18,32.18,315,0
NFTY.US,D,20190917,000000,31.817,32.022,31.817,32.022,336,0
NFTY.US,D,20190918,000000,32.074,32.074,32.074,32.074,138,0
NFTY.US,D,20190919,000000,31.43,31.507,31.43,31.507,407,0
NFTY.US,D,20190920,000000,33.79,33.79,33.269,33.269,1211,0
NFTY.US,D,20190923,000000,34.321,34.433,34.218,34.433,351,0
NFTY.US,D,20190924,000000,34.4,34.4,34.4,34.4,184,0
NFTY.US,D,20190925,000000,33.856,33.856,33.856,33.856,223,0
NFTY.US,D,20190926,000000,33.866,33.866,33.817,33.817,1419,0
NFTY.US,D,20190927,000000,34.035,34.035,34.035,34.035,278,0
NFTY.US,D,20191001,000000,33.026,33.026,32.688,32.688,333,0
NFTY.US,D,20191002,000000,32.349,32.349,32.349,32.349,103,0
NFTY.US,D,20191007,000000,32.475,32.651,32.475,32.475,708,0
NFTY.US,D,20191008,000000,31.964,31.964,31.854,31.854,336,0
NFTY.US,D,20191009,000000,32.415,32.415,32.415,32.415,205,0
NFTY.US,D,20191015,000000,33.059,33.059,33.059,33.059,220,0
NFTY.US,D,20191018,000000,34.098,34.098,34.098,34.098,244,0
NFTY.US,D,20191022,000000,34.016,34.016,34.016,34.016,210,0
NFTY.US,D,20191023,000000,34.252,34.252,34.252,34.252,203,0
NFTY.US,D,20191029,000000,34.36,34.638,34.36,34.638,2856,0
NFTY.US,D,20191030,000000,34.763,34.763,34.763,34.763,177,0
NFTY.US,D,20191031,000000,34.859,34.859,34.859,34.859,198,0
NFTY.US,D,20191105,000000,35.169,35.328,35.13,35.328,1014,0
NFTY.US,D,20191106,000000,35.268,35.268,35.187,35.187,532,0
NFTY.US,D,20191107,000000,35.125,35.125,35.125,35.125,203,0
NFTY.US,D,20191108,000000,34.481,34.599,34.481,34.599,498,0
NFTY.US,D,20191112,000000,34.489,34.489,34.489,34.489,295,0
NFTY.US,D,20191113,000000,33.77,33.871,33.757,33.871,815,0
NFTY.US,D,20191114,000000,33.76,33.876,33.76,33.876,480,0
NFTY.US,D,20191115,000000,34.058,34.123,34.058,34.123,615,0
NFTY.US,D,20191119,000000,34.202,34.202,34.119,34.119,419,0
NFTY.US,D,20191120,000000,34.429,34.429,34.321,34.321,211,0
NFTY.US,D,20191122,000000,34.139,34.212,34.059,34.059,584,0
NFTY.US,D,20191125,000000,34.737,34.843,34.737,34.804,988,0
NFTY.US,D,20191126,000000,34.456,34.542,34.314,34.542,1078,0
NFTY.US,D,20191127,000000,34.7,34.981,34.7,34.701,553,0
NFTY.US,D,20191129,000000,34.608,34.608,34.476,34.476,453,0
NFTY.US,D,20191202,000000,34.499,34.538,34.392,34.392,807,0
NFTY.US,D,20191203,000000,33.907,34.015,33.719,33.911,1160,0
NFTY.US,D,20191205,000000,34.311,34.469,34.232,34.232,780,0
NFTY.US,D,20191211,000000,34.123,34.123,34.007,34.007,640,0
NFTY.US,D,20191212,000000,34.262,34.524,34.262,34.524,305,0
NFTY.US,D,20191213,000000,34.614,34.614,34.598,34.598,462,0
NFTY.US,D,20191216,000000,34.904,34.904,34.321,34.321,465,0
NFTY.US,D,20191217,000000,34.351,34.605,34.351,34.523,525,0
NFTY.US,D,20191218,000000,34.608,34.608,34.494,34.494,323,0
NFTY.US,D,20191219,000000,34.608,34.804,34.553,34.553,492,0
NFTY.US,D,20191220,000000,34.648,34.961,34.648,34.785,383,0
NFTY.US,D,20191224,000000,34.834,34.834,34.834,34.834,472,0
NFTY.US,D,20191226,000000,34.532,34.633,34.515,34.542,2407,0
NFTY.US,D,20191230,000000,34.804,34.914,34.657,34.72,1614,0
NFTY.US,D,20191231,000000,34.832,34.832,34.74,34.74,227,0
NFTY.US,D,20200102,000000,34.961,35.348,34.961,35.248,793,0
NFTY.US,D,20200103,000000,35.001,35.001,34.485,34.485,2241,0
NFTY.US,D,20200106,000000,33.964,34.035,33.964,34.035,680,0
NFTY.US,D,20200107,000000,33.837,34.103,33.837,33.926,1293,0
NFTY.US,D,20200108,000000,34.528,34.528,34.268,34.268,303,0
NFTY.US,D,20200113,000000,35.496,35.496,35.243,35.243,303,0
NFTY.US,D,20200115,000000,35.387,35.466,35.353,35.353,2648,0
NFTY.US,D,20200116,000000,35.285,35.348,35.243,35.243,367,0
NFTY.US,D,20200117,000000,35.278,35.328,35.131,35.208,2746,0
NFTY.US,D,20200121,000000,35.298,35.298,35.298,35.298,2097,0
NFTY.US,D,20200122,000000,34.494,34.568,34.441,34.568,669,0
NFTY.US,D,20200123,000000,34.552,34.634,34.552,34.598,379,0
NFTY.US,D,20200127,000000,34.446,34.446,34.324,34.334,686,0
NFTY.US,D,20200128,000000,34.677,34.677,34.387,34.387,739,0
NFTY.US,D,20200129,000000,34.558,34.578,34.475,34.475,518,0
NFTY.US,D,20200130,000000,34.123,34.123,34.044,34.044,166,0
NFTY.US,D,20200131,000000,33.594,33.649,33.474,33.529,1411,0
NFTY.US,D,20200203,000000,33.442,33.442,33.213,33.213,232,0
NFTY.US,D,20200204,000000,33.894,34.103,33.894,33.927,579,0
NFTY.US,D,20200206,000000,34.341,34.341,34.341,34.341,139,0
NFTY.US,D,20200210,000000,34.069,34.069,34.03,34.03,517,0
NFTY.US,D,20200211,000000,34.424,34.469,34.354,34.354,497,0
NFTY.US,D,20200212,000000,34.464,34.598,34.464,34.489,507,0
NFTY.US,D,20200214,000000,34.133,34.133,33.921,33.921,330,0
NFTY.US,D,20200218,000000,33.709,33.728,33.649,33.688,1012,0
NFTY.US,D,20200219,000000,34.042,34.045,33.891,33.891,370,0
NFTY.US,D,20200220,000000,33.649,33.649,33.575,33.575,454,0
NFTY.US,D,20200221,000000,33.679,33.679,33.501,33.501,900,0
NFTY.US,D,20200224,000000,32.604,32.604,32.546,32.546,545,0
NFTY.US,D,20200225,000000,33.204,33.204,32.366,32.366,1930,0
NFTY.US,D,20200226,000000,32.641,32.641,32.367,32.367,2966,0
NFTY.US,D,20200227,000000,32.008,32.109,31.814,31.814,1002,0
NFTY.US,D,20200228,000000,30.627,30.627,30.477,30.544,835,0
NFTY.US,D,20200302,000000,30.361,30.598,29.935,30.346,2895,0
NFTY.US,D,20200304,000000,30.607,30.707,30.4,30.634,672,0
NFTY.US,D,20200305,000000,30.519,30.519,29.537,29.556,3801,0
NFTY.US,D,20200306,000000,29.371,29.371,29.171,29.309,1974,0
NFTY.US,D,20200309,000000,28.138,28.138,27.854,28.07,2645,0
NFTY.US,D,20200310,000000,28.87,28.969,28.865,28.969,607,0
NFTY.US,D,20200311,000000,28.168,28.168,27.794,27.794,2524,0
NFTY.US,D,20200312,000000,25.336,25.336,23.992,24.266,3655,0
NFTY.US,D,20200313,000000,26.194,26.194,26.194,26.194,741,0
NFTY.US,D,20200316,000000,24.683,24.683,24.334,24.334,2392,0
NFTY.US,D,20200317,000000,25.416,25.906,25.381,25.906,890,0
NFTY.US,D,20200318,000000,23.677,23.677,22.927,23.154,1682,0
NFTY.US,D,20200319,000000,22.472,22.571,22.346,22.346,1400,0
NFTY.US,D,20200320,000000,23.164,23.628,22.522,22.522,1547,0
NFTY.US,D,20200323,000000,21.781,21.781,20.31,20.31,3739,0
NFTY.US,D,20200324,000000,21.199,21.259,20.184,20.973,2460,0
NFTY.US,D,20200325,000000,21.722,22.215,21.722,21.908,4264,0
NFTY.US,D,20200326,000000,23.318,23.432,22.941,23.432,5326,0
NFTY.US,D,20200327,000000,22.504,22.534,21.77,22.029,4946,0
NFTY.US,D,20200330,000000,21.899,22.216,21.791,22.181,1482,0
NFTY.US,D,20200331,000000,22.366,22.645,22.366,22.496,2522,0
NFTY.US,D,20200402,000000,21.246,21.408,21.226,21.408,18981,0
NFTY.US,D,20200406,000000,21.731,21.731,21.731,21.731,152,0
NFTY.US,D,20200407,000000,23.654,23.654,23.008,23.008,478,0
NFTY.US,D,20200408,000000,23.733,23.788,23.733,23.788,370,0
NFTY.US,D,20200409,000000,24.695,24.695,24.091,24.091,560,0
NFTY.US,D,20200413,000000,24.387,24.387,24.19,24.19,575,0
NFTY.US,D,20200414,000000,25.002,25.002,24.76,24.76,234,0
NFTY.US,D,20200415,000000,24.091,24.091,23.755,23.866,786,0
NFTY.US,D,20200416,000000,23.971,24.12,23.912,24.12,633,0
NFTY.US,D,20200417,000000,24.819,24.819,24.507,24.717,377,0
NFTY.US,D,20200420,000000,24.585,24.585,24.585,24.585,143,0
NFTY.US,D,20200421,000000,23.753,23.753,23.432,23.467,30973,0
NFTY.US,D,20200422,000000,24.289,24.565,24.091,24.195,1200,0
NFTY.US,D,20200423,000000,24.963,25.002,24.239,24.239,3759,0
NFTY.US,D,20200424,000000,24.348,24.427,23.693,24.107,2110,0
NFTY.US,D,20200427,000000,24.873,24.873,24.753,24.753,692,0
NFTY.US,D,20200428,000000,25.112,25.117,24.589,24.589,933,0
NFTY.US,D,20200429,000000,25.508,25.671,24.755,25.671,3736,0
NFTY.US,D,20200430,000000,26.172,26.172,25.544,25.627,752,0
NFTY.US,D,20200501,000000,25.052,25.052,24.457,24.715,557,0
NFTY.US,D,20200504,000000,24.685,25.2,24.685,25.031,630,0
NFTY.US,D,20200505,000000,24.883,24.913,24.625,24.629,2237,0
NFTY.US,D,20200506,000000,24.289,24.357,24.289,24.357,496,0
NFTY.US,D,20200511,000000,24.848,24.848,24.585,24.842,683,0
NFTY.US,D,20200512,000000,26.252,26.252,26.072,26.072,655,0
NFTY.US,D,20200513,000000,25.637,25.637,24.992,25.166,801,0
NFTY.US,D,20200515,000000,24.774,24.774,24.591,24.762,622,0
NFTY.US,D,20200518,000000,24.893,24.893,24.685,24.868,6392,0
NFTY.US,D,20200519,000000,24.585,24.585,24.362,24.362,398,0
NFTY.US,D,20200521,000000,25.27,25.27,25.27,25.27,672,0
NFTY.US,D,20200522,000000,24.834,25.011,24.824,25.011,1079,0
NFTY.US,D,20200528,000000,25.816,26.073,25.816,25.906,622,0
NFTY.US,D,20200601,000000,27.209,27.209,27.055,27.165,791,0
NFTY.US,D,20200602,000000,27.994,28.007,27.9,27.9,860,0
NFTY.US,D,20200603,000000,27.848,28.058,27.808,28.058,976,0
NFTY.US,D,20200604,000000,27.61,27.747,27.61,27.747,354,0
NFTY.US,D,20200605,000000,27.998,28.779,27.998,28.626,1283,0
NFTY.US,D,20200608,000000,28.511,28.646,28.224,28.646,1284,0
NFTY.US,D,20200609,000000,28.075,28.291,28.017,28.291,1409,0
NFTY.US,D,20200610,000000,27.858,28.36,27.858,28.236,978,0
NFTY.US,D,20200611,000000,27.432,27.432,27.432,27.432,564,0
NFTY.US,D,20200616,000000,27.452,27.452,26.757,26.802,2076,0
NFTY.US,D,20200622,000000,28.432,28.432,28.321,28.321,397,0
NFTY.US,D,20200623,000000,28.642,28.775,28.642,28.775,305,0
NFTY.US,D,20200624,000000,28.551,28.551,27.938,28.118,1139,0
NFTY.US,D,20200629,000000,28.091,28.118,28.091,28.118,342,0
NFTY.US,D,20200630,000000,27.958,27.971,27.958,27.971,406,0
NFTY.US,D,20200702,000000,28.503,29.031,28.503,28.939,753,0
NFTY.US,D,20200707,000000,29.699,29.719,29.288,29.288,1436,0
NFTY.US,D,20200708,000000,29.122,29.36,29.122,29.191,442,0
NFTY.US,D,20200710,000000,29.171,29.171,29.171,29.171,306,0
NFTY.US,D,20200713,000000,29.221,29.46,29.221,29.33,792,0
NFTY.US,D,20200714,000000,28.463,28.698,28.463,28.698,578,0
NFTY.US,D,20200715,000000,29.055,29.055,28.817,28.817,240,0
NFTY.US,D,20200716,000000,28.772,28.944,28.772,28.944,742,0
NFTY.US,D,20200717,000000,29.33,29.439,29.33,29.439,1026,0
NFTY.US,D,20200720,000000,29.799,29.879,29.799,29.879,495,0
NFTY.US,D,20200721,000000,30.078,30.078,30.078,30.078,533,0
NFTY.US,D,20200722,000000,30.227,30.227,29.978,29.978,729,0
NFTY.US,D,20200723,000000,29.47,30.168,29.47,29.866,1589,0
NFTY.US,D,20200727,000000,29.789,29.789,29.789,29.789,185,0
NFTY.US,D,20200728,000000,29.908,30.297,29.839,29.839,2834,0
NFTY.US,D,20200729,000000,30.287,30.316,30.267,30.316,744,0
NFTY.US,D,20200730,000000,29.938,29.938,29.58,29.766,591,0
NFTY.US,D,20200804,000000,29.535,29.689,29.535,29.689,158,0
NFTY.US,D,20200805,000000,30.042,30.336,29.54,30.005,1839,0
NFTY.US,D,20200806,000000,30.008,30.223,29.968,30.223,2222,0
NFTY.US,D,20200807,000000,30.322,30.396,30.219,30.219,362,0
NFTY.US,D,20200810,000000,30.396,30.646,30.396,30.646,957,0
NFTY.US,D,20200812,000000,30.625,30.809,30.585,30.809,1374,0
NFTY.US,D,20200818,000000,31.243,31.502,31.243,31.407,1709,0
NFTY.US,D,20200821,000000,31.153,31.482,31.123,31.303,2374,0
NFTY.US,D,20200824,000000,31.672,31.7,31.606,31.7,986,0
NFTY.US,D,20200826,000000,32.159,32.199,32.15,32.15,1280,0
NFTY.US,D,20200827,000000,32.518,32.518,31.989,32.468,2997,0
NFTY.US,D,20200828,000000,32.955,32.965,32.955,32.955,1529,0
NFTY.US,D,20200831,000000,31.612,31.674,31.612,31.674,2326,0
NFTY.US,D,20200901,000000,32.458,32.458,31.951,31.951,651,0
NFTY.US,D,20200908,000000,30.925,31.17,30.925,31.17,3126,0
NFTY.US,D,20200911,000000,31.567,31.567,31.567,31.567,857,0
NFTY.US,D,20200914,000000,32.119,32.119,31.958,31.958,439,0
NFTY.US,D,20200915,000000,32.149,32.538,31.717,31.771,3014,0
NFTY.US,D,20200916,000000,32.408,32.884,32.034,32.034,2063,0
NFTY.US,D,20200917,000000,31.781,32.069,31.741,31.741,1073,0
NFTY.US,D,20200921,000000,31.602,31.602,30.398,31.043,2640,0
NFTY.US,D,20200922,000000,30.854,30.854,30.7,30.7,618,0
NFTY.US,D,20200924,000000,29.53,29.53,29.53,29.53,1098,0
NFTY.US,D,20200928,000000,30.998,30.998,30.799,30.799,560,0
NFTY.US,D,20200929,000000,30.284,30.63,30.284,30.63,536,0
NFTY.US,D,20200930,000000,30.582,30.843,30.582,30.843,133,0
NFTY.US,D,20201001,000000,31.035,31.153,31.035,31.153,355,0
NFTY.US,D,20201008,000000,31.741,31.741,31.741,31.741,4088,0
NFTY.US,D,20201009,000000,32.308,32.308,32.308,32.308,433,0
NFTY.US,D,20201013,000000,31.405,31.405,31.405,31.405,249,0
NFTY.US,D,20201015,000000,31.664,31.664,31.377,31.377,941,0
NFTY.US,D,20201021,000000,31.961,31.961,31.88,31.88,512,0
NFTY.US,D,20201026,000000,31.612,31.612,31.612,31.612,106,0
NFTY.US,D,20201027,000000,32.249,32.249,32.249,32.249,496,0
NFTY.US,D,20201102,000000,31.462,31.462,31.462,31.462,185,0
NFTY.US,D,20201103,000000,31.825,31.825,31.485,31.485,430,0
NFTY.US,D,20201106,000000,33.145,33.145,33.145,33.145,294,0
NFTY.US,D,20201110,000000,33.493,33.493,33.493,33.493,181,0
NFTY.US,D,20201111,000000,33.909,34.201,33.909,33.927,1400,0
NFTY.US,D,20201112,000000,33.862,33.862,33.464,33.464,1078,0
NFTY.US,D,20201113,000000,34.261,34.261,33.987,33.987,138,0
NFTY.US,D,20201116,000000,34.012,34.828,34.012,34.828,487,0
NFTY.US,D,20201117,000000,34.181,34.181,34.181,34.181,161,0
NFTY.US,D,20201123,000000,35.037,35.486,35.037,35.486,405,0
NFTY.US,D,20201124,000000,35.536,35.649,35.536,35.649,986,0
NFTY.US,D,20201125,000000,35.256,35.256,35.232,35.232,212,0
NFTY.US,D,20201201,000000,35.845,36.237,35.845,36.232,365,0
NFTY.US,D,20201202,000000,36.691,36.691,35.965,35.965,861,0
NFTY.US,D,20201203,000000,36.873,36.873,36.873,36.873,270,0
NFTY.US,D,20201204,000000,37.557,37.557,37.557,37.557,115,0
NFTY.US,D,20201207,000000,37.65,37.65,37.477,37.477,176,0
NFTY.US,D,20201209,000000,37.286,37.286,36.799,37.166,689,0
NFTY.US,D,20201211,000000,37.386,37.386,37.386,37.386,14,0
NFTY.US,D,20201214,000000,37.666,37.666,37.577,37.577,122,0
NFTY.US,D,20201215,000000,37.656,37.656,37.656,37.656,177,0
NFTY.US,D,20201216,000000,37.846,37.846,37.846,37.846,225,0
NFTY.US,D,20201217,000000,38.563,38.563,38.344,38.496,1792,0
NFTY.US,D,20201218,000000,37.899,38.344,37.874,38.201,1048,0
NFTY.US,D,20201221,000000,36.691,37.437,36.681,37.437,2074,0
NFTY.US,D,20201222,000000,36.732,36.732,36.304,36.676,1050,0
NFTY.US,D,20201223,000000,37.497,37.726,37.467,37.467,500,0
NFTY.US,D,20201224,000000,38.145,38.145,37.897,37.897,2876,0
NFTY.US,D,20201228,000000,38.379,38.379,38.379,38.379,2864,0
NFTY.US,D,20201229,000000,38.519,38.573,38.185,38.573,673,0
NFTY.US,D,20201230,000000,38.962,39.052,38.175,38.229,22627,0
NFTY.US,D,20210104,000000,38.872,38.872,38.872,38.872,479,0
NFTY.US,D,20210106,000000,38.892,39.594,38.892,39.43,291,0
NFTY.US,D,20210107,000000,39.429,39.429,39.012,39.012,585,0
NFTY.US,D,20210108,000000,40.157,40.157,40.157,40.157,221,0
NFTY.US,D,20210111,000000,39.688,39.688,39.688,39.688,486,0
NFTY.US,D,20210112,000000,39.988,40.476,39.978,40.476,932,0
NFTY.US,D,20210113,000000,41.014,41.014,41.014,41.014,276,0
NFTY.US,D,20210114,000000,41.164,41.193,40.297,40.665,891,0
NFTY.US,D,20210115,000000,40.346,40.346,40.157,40.157,455,0
NFTY.US,D,20210120,000000,40.247,41.134,40.247,40.74,375,0
NFTY.US,D,20210125,000000,39.858,39.858,39.3,39.609,2450,0
NFTY.US,D,20210126,000000,39.052,39.918,39.052,39.918,1378,0
NFTY.US,D,20210127,000000,39.231,39.345,38.857,39.345,382,0
NFTY.US,D,20210128,000000,38.992,39.474,38.992,39.441,379,0
NFTY.US,D,20210129,000000,38.942,38.942,37.816,38.244,605,0
NFTY.US,D,20210201,000000,39.459,40.316,39.231,40.316,1203,0
NFTY.US,D,20210202,000000,41.343,41.781,41.343,41.397,3119,0
NFTY.US,D,20210203,000000,41.84,41.85,41.343,41.85,3700,0
NFTY.US,D,20210205,000000,42.099,42.229,41.95,41.95,940,0
NFTY.US,D,20210208,000000,42.658,42.717,42.437,42.437,1137,0
NFTY.US,D,20210209,000000,42.179,42.444,42.179,42.444,2123,0
NFTY.US,D,20210210,000000,42.907,42.907,42.179,42.179,2981,0
NFTY.US,D,20210212,000000,42.223,42.333,42.223,42.333,291,0
NFTY.US,D,20210216,000000,42.937,42.957,42.149,42.149,1667,0
NFTY.US,D,20210217,000000,42.571,42.571,42.571,42.571,567,0
NFTY.US,D,20210218,000000,42.578,42.578,42.281,42.281,473,0
NFTY.US,D,20210222,000000,41.85,41.85,41.595,41.595,635,0
NFTY.US,D,20210224,000000,42.518,43.166,42.518,42.69,654,0
NFTY.US,D,20210225,000000,43.425,43.425,42.216,42.216,5902,0
NFTY.US,D,20210226,000000,41.433,41.433,40.845,41.089,2630,0
NFTY.US,D,20210301,000000,42.448,42.448,42.448,42.448,422,0
NFTY.US,D,20210302,000000,42.279,43.355,42.269,42.897,1553,0
NFTY.US,D,20210303,000000,43.385,43.385,43.246,43.246,587,0
NFTY.US,D,20210304,000000,43.206,43.206,42.088,42.088,675,0
NFTY.US,D,20210305,000000,42.249,42.937,42.139,42.937,4899,0
NFTY.US,D,20210308,000000,43.275,43.275,42.937,42.937,656,0
NFTY.US,D,20210309,000000,43.455,43.455,43.289,43.289,1476,0
NFTY.US,D,20210310,000000,43.5,43.604,43.5,43.604,596,0
NFTY.US,D,20210311,000000,43.315,43.833,43.315,43.634,284,0
NFTY.US,D,20210312,000000,43.236,43.415,42.986,43.208,1778,0
NFTY.US,D,20210315,000000,43.016,43.256,43.016,43.1,1490,0
NFTY.US,D,20210316,000000,43.136,43.355,43.136,43.355,676,0
NFTY.US,D,20210317,000000,42.249,42.628,42.249,42.628,2976,0
NFTY.US,D,20210318,000000,41.761,41.91,41.283,41.5,904,0
NFTY.US,D,20210319,000000,42.224,42.557,42.224,42.557,629,0
NFTY.US,D,20210322,000000,42.089,42.837,42.089,42.837,5040,0
NFTY.US,D,20210323,000000,42.568,42.618,42.334,42.334,23021,0
NFTY.US,D,20210324,000000,42.169,42.169,41.36,41.637,1363,0
NFTY.US,D,20210325,000000,41.152,41.212,40.692,40.932,6232,0
NFTY.US,D,20210326,000000,41.981,42.181,41.981,42.154,728,0
NFTY.US,D,20210329,000000,42.191,42.191,41.956,41.956,1741,0
NFTY.US,D,20210330,000000,41.591,42.751,41.591,42.002,6407,0
NFTY.US,D,20210331,000000,42.491,42.841,42.278,42.367,21868,0
NFTY.US,D,20210401,000000,43.101,43.98,42.451,42.996,6689,0
NFTY.US,D,20210405,000000,42.08,42.291,42.08,42.291,630,0
NFTY.US,D,20210406,000000,42.441,42.691,42.3,42.3,1278,0
NFTY.US,D,20210407,000000,42.321,42.361,41.954,41.997,2243,0
NFTY.US,D,20210408,000000,42.761,42.821,42.401,42.446,4067,0
NFTY.US,D,20210409,000000,42.401,42.401,42.401,42.401,1352,0
NFTY.US,D,20210412,000000,40.892,40.892,40.042,40.562,5058,0
NFTY.US,D,20210413,000000,40.917,41.202,40.917,40.992,1064,0
NFTY.US,D,20210414,000000,41.901,42.148,41.579,41.579,6510,0
NFTY.US,D,20210415,000000,41.831,42.101,41.781,41.841,23464,0
NFTY.US,D,20210416,000000,42.381,42.381,42.011,42.011,1471414,0
NFTY.US,D,20210419,000000,41.272,41.272,40.502,40.617,30970,0
NFTY.US,D,20210420,000000,40.512,40.512,39.934,40.482,10853,0
NFTY.US,D,20210421,000000,40.362,40.362,39.902,40.022,72198,0
NFTY.US,D,20210422,000000,40.492,40.872,40.21,40.327,1257,0
NFTY.US,D,20210423,000000,40.972,40.972,40.972,40.972,585,0
NFTY.US,D,20210426,000000,40.875,41.186,40.875,41.186,1549,0
NFTY.US,D,20210428,000000,42.201,42.253,42.021,42.253,1102,0
NFTY.US,D,20210429,000000,42.421,42.481,42.256,42.3,14838,0
NFTY.US,D,20210503,000000,42.481,42.551,42.34,42.34,1208,0
NFTY.US,D,20210504,000000,41.352,42.091,41.352,41.87,2083,0
NFTY.US,D,20210505,000000,42.761,43.011,42.761,42.903,3358,0
NFTY.US,D,20210506,000000,43.081,43.569,43.081,43.569,705,0
NFTY.US,D,20210507,000000,43.98,43.98,43.731,43.838,3423,0
NFTY.US,D,20210510,000000,43.98,43.98,43.98,43.98,629,0
NFTY.US,D,20210511,000000,43.973,43.98,43.706,43.706,1088,0
NFTY.US,D,20210512,000000,43.091,43.091,43.081,43.089,865,0
NFTY.US,D,20210513,000000,42.591,43.15,42.591,43.15,936,0
NFTY.US,D,20210514,000000,43.616,43.626,43.616,43.626,597,0
NFTY.US,D,20210517,000000,43.98,44.44,43.98,44.273,2853,0
NFTY.US,D,20210518,000000,44.86,44.99,44.51,44.739,2200,0
NFTY.US,D,20210519,000000,44.08,44.515,44.08,44.506,837,0
NFTY.US,D,20210520,000000,44.59,44.595,44.37,44.372,1762,0
NFTY.US,D,20210521,000000,44.77,44.77,44.48,44.526,1988,0
NFTY.US,D,20210524,000000,45.1,45.1,44.801,44.801,700,0
NFTY.US,D,20210525,000000,45.24,45.299,44.807,44.807,6016,0
NFTY.US,D,20210526,000000,45.44,45.54,45.218,45.218,3959,0
NFTY.US,D,20210527,000000,45.97,45.97,45.97,45.97,872,0
NFTY.US,D,20210528,000000,45.22,45.476,45.17,45.476,2952,0
NFTY.US,D,20210601,000000,45.82,45.858,45.57,45.858,724,0
NFTY.US,D,20210602,000000,46.039,46.169,45.86,45.902,2602,0
NFTY.US,D,20210603,000000,46.069,46.069,45.835,45.835,481,0
NFTY.US,D,20210604,000000,46.664,46.664,46.389,46.389,870,0
NFTY.US,D,20210607,000000,46.434,46.434,46.079,46.405,3010,0
NFTY.US,D,20210608,000000,46.409,46.598,46.279,46.279,1996,0
NFTY.US,D,20210609,000000,46.159,46.199,46.019,46.019,1167,0
NFTY.US,D,20210610,000000,46.369,46.489,46.249,46.399,4271,0
NFTY.US,D,20210611,000000,46.419,46.589,46.029,46.029,4152,0
NFTY.US,D,20210614,000000,46.254,46.279,46.237,46.237,837,0
NFTY.US,D,20210615,000000,46.279,46.279,45.73,45.732,1008,0
NFTY.US,D,20210616,000000,45.31,45.31,45.28,45.28,192,0
NFTY.US,D,20210617,000000,45.09,45.09,44.942,44.942,627,0
NFTY.US,D,20210618,000000,44.53,44.58,44.53,44.58,1141,0
NFTY.US,D,20210621,000000,44.735,45.18,44.735,45.15,1587,0
NFTY.US,D,20210622,000000,45.29,45.29,45.12,45.12,540,0
NFTY.US,D,20210623,000000,45.13,45.13,44.897,44.897,16682,0
NFTY.US,D,20210624,000000,45.01,45.25,44.9501,45.0633,10826,0
NFTY.US,D,20210625,000000,45.2571,45.31,45.2091,45.2091,755,0
NFTY.US,D,20210628,000000,45.13,45.13,45.13,45.13,2075,0
NFTY.US,D,20210629,000000,45.119,45.12,45.035,45.1158,1640,0
NFTY.US,D,20210630,000000,44.9071,44.9071,44.853,44.853,489,0
NFTY.US,D,20210701,000000,45.0745,45.0745,44.655,44.7681,1584,0
NFTY.US,D,20210702,000000,44.73,44.9975,44.7,44.9975,1547,0
NFTY.US,D,20210706,000000,44.63,44.7099,44.38,44.5873,772,0
NFTY.US,D,20210707,000000,44.73,44.96,44.63,44.8203,1447,0
NFTY.US,D,20210708,000000,44.46,44.46,44.39,44.4573,3603,0
NFTY.US,D,20210709,000000,44.8601,45.0195,44.8601,45.0195,452,0
NFTY.US,D,20210712,000000,45.29,45.29,45,45.1338,780,0
NFTY.US,D,20210713,000000,45.139,45.14,44.9705,44.9705,903,0
NFTY.US,D,20210714,000000,45.41,45.45,45.12,45.2667,941,0
NFTY.US,D,20210715,000000,45.6,45.6,45.45,45.45,392,0
NFTY.US,D,20210716,000000,45.13,45.13,45.01,45.01,908,0
NFTY.US,D,20210719,000000,44.5,44.5,44.28,44.3757,2445,0
NFTY.US,D,20210720,000000,44.4,44.6744,44.4,44.6744,2735,0
NFTY.US,D,20210721,000000,44.95,44.95,44.9352,44.9352,391,0
NFTY.US,D,20210723,000000,45.64,45.64,45.02,45.2963,1170,0
NFTY.US,D,20210726,000000,45.54,45.54,45.4494,45.4494,476,0
NFTY.US,D,20210727,000000,45.12,45.12,44.775,44.9958,804,0
NFTY.US,D,20210728,000000,44.85,45.05,44.85,45.05,472,0
NFTY.US,D,20210729,000000,45.55,45.55,45.3126,45.3126,500,0
NFTY.US,D,20210730,000000,45.5401,45.55,45.4669,45.4669,649,0
NFTY.US,D,20210802,000000,46,46,45.6069,45.6069,803,0
NFTY.US,D,20210803,000000,46.2197,46.3803,46.2197,46.38,1900,0
NFTY.US,D,20210804,000000,46.5,46.5,45.88,46.3191,1331,0
NFTY.US,D,20210809,000000,46.62,46.62,46.0351,46.0351,945,0
NFTY.US,D,20210813,000000,46.39,47,46.39,46.94,792,0
NFTY.US,D,20210816,000000,47,47.108,46.7894,46.7894,1490,0
NFTY.US,D,20210817,000000,46.25,46.33,45.94,45.94,2447,0
NFTY.US,D,20210818,000000,46.08,46.59,46.08,46.2528,1458,0
NFTY.US,D,20210819,000000,45.76,45.9633,45.76,45.9633,1587,0
NFTY.US,D,20210820,000000,46.29,46.29,46.06,46.22,149810,0
NFTY.US,D,20210823,000000,46.295,46.295,46.1901,46.274,858,0
NFTY.US,D,20210824,000000,46.73,46.95,46.73,46.95,693,0
NFTY.US,D,20210825,000000,46.8,46.819,46.8,46.819,770,0
NFTY.US,D,20210826,000000,46.4225,46.4924,46.4004,46.4924,686,0
NFTY.US,D,20210827,000000,47.3,47.67,47.3,47.5945,1609,0
NFTY.US,D,20210830,000000,48.11,48.3,48.1,48.21,3671,0
NFTY.US,D,20210831,000000,49.28,49.28,48.65,48.65,4515,0
NFTY.US,D,20210901,000000,48.8519,49,48.8519,49,1765,0
