<TICKER>,<PER>,<DATE>,<TIME>,<OPEN>,<HIGH>,<LOW>,<CLOSE>,<VOL>,<OPENINT>
OLD.US,D,20160610,000000,22.314,22.343,22.235,22.235,6848,0
OLD.US,D,20160613,000000,22.225,22.225,22.225,22.225,226,0
OLD.US,D,20160614,000000,22.147,22.163,22,22.006,4806,0
OLD.US,D,20160615,000000,22.112,22.269,22.112,22.225,1242,0
OLD.US,D,20160616,000000,22.095,22.216,22.095,22.216,3756,0
OLD.US,D,20160617,000000,22.222,22.305,22.173,22.295,8427,0
OLD.US,D,20160620,000000,22.404,22.404,22.375,22.375,735,0
OLD.US,D,20160621,000000,22.314,22.314,22.254,22.314,1177,0
OLD.US,D,20160622,000000,22.261,22.261,22.121,22.121,1370,0
OLD.US,D,20160623,000000,22.287,22.366,22.261,22.366,2046,0
OLD.US,D,20160624,000000,22.154,22.349,22.048,22.168,2942,0
OLD.US,D,20160627,000000,22.067,22.112,21.899,22.097,3375,0
OLD.US,D,20160628,000000,22.33,22.566,22.322,22.566,2231,0
OLD.US,D,20160629,000000,22.773,22.835,22.773,22.835,459,0
OLD.US,D,20160706,000000,23.16,23.16,23.16,23.16,126,0
OLD.US,D,20160707,000000,22.958,22.99,22.958,22.99,677,0
OLD.US,D,20160708,000000,23.233,23.233,23.233,23.233,238,0
OLD.US,D,20160711,000000,23.318,23.318,23.237,23.237,557,0
OLD.US,D,20160712,000000,23.388,23.388,23.318,23.369,1457,0
OLD.US,D,20160713,000000,23.458,23.458,23.444,23.444,1154,0
OLD.US,D,20160714,000000,23.318,23.318,23.318,23.318,429,0
OLD.US,D,20160715,000000,23.265,23.28,23.265,23.274,914,0
OLD.US,D,20160718,000000,23.432,23.538,23.432,23.53,1412,0
OLD.US,D,20160719,000000,23.514,23.523,23.504,23.504,637,0
OLD.US,D,20160720,000000,23.698,23.698,23.675,23.698,2346,0
OLD.US,D,20160721,000000,23.759,23.759,23.733,23.733,451,0
OLD.US,D,20160722,000000,24.05,24.05,24.05,24.05,147,0
OLD.US,D,20160725,000000,24.034,24.034,24.034,24.034,226,0
OLD.US,D,20160726,000000,23.928,23.928,23.841,23.841,323,0
OLD.US,D,20160727,000000,23.795,23.795,23.785,23.792,1042,0
OLD.US,D,20160728,000000,23.989,24.044,23.972,24.022,5882,0
OLD.US,D,20160729,000000,24.402,24.405,24.373,24.381,2672,0
OLD.US,D,20160801,000000,24.373,24.373,24.257,24.373,2544,0
OLD.US,D,20160802,000000,24.134,24.134,23.919,23.937,2170,0
OLD.US,D,20160803,000000,23.91,23.91,23.644,23.644,2370,0
OLD.US,D,20160804,000000,23.775,23.775,23.721,23.751,21263,0
OLD.US,D,20160805,000000,23.698,23.698,23.644,23.644,338,0
OLD.US,D,20160808,000000,23.751,23.751,23.693,23.693,2440,0
OLD.US,D,20160809,000000,23.768,23.999,23.768,23.98,2487,0
OLD.US,D,20160810,000000,24.052,24.052,24.052,24.052,131,0
OLD.US,D,20160811,000000,24.115,24.115,23.85,23.85,7125,0
OLD.US,D,20160812,000000,24.121,24.159,24.121,24.159,1411,0
OLD.US,D,20160815,000000,24.221,24.221,24.142,24.142,6143,0
OLD.US,D,20160816,000000,24.079,24.079,23.85,23.868,3513,0
OLD.US,D,20160817,000000,23.832,23.89,23.644,23.89,3119,0
OLD.US,D,20160818,000000,23.928,23.928,23.86,23.893,892,0
OLD.US,D,20160819,000000,23.813,23.972,23.813,23.972,590,0
OLD.US,D,20160822,000000,23.795,23.795,23.795,23.795,1144,0
OLD.US,D,20160823,000000,23.944,23.944,23.944,23.944,358,0
OLD.US,D,20160824,000000,23.901,23.901,23.85,23.85,2078,0
OLD.US,D,20160825,000000,23.91,23.954,23.893,23.893,7156,0
OLD.US,D,20160826,000000,23.972,23.972,23.458,23.572,563,0
OLD.US,D,20160829,000000,23.644,23.867,23.644,23.85,3000,0
OLD.US,D,20160830,000000,23.841,23.841,23.698,23.723,1879,0
OLD.US,D,20160831,000000,23.928,23.928,23.671,23.671,3812,0
OLD.US,D,20160901,000000,23.592,23.629,23.592,23.629,353,0
OLD.US,D,20160902,000000,23.928,23.928,23.813,23.813,1038,0
OLD.US,D,20160906,000000,23.963,24.184,23.898,24.142,2259,0
OLD.US,D,20160907,000000,24.344,24.344,24.344,24.344,113,0
OLD.US,D,20160908,000000,24.184,24.184,24.184,24.184,1520,0
OLD.US,D,20160909,000000,23.759,23.759,23.238,23.238,1513,0
OLD.US,D,20160912,000000,23.053,23.458,23.053,23.45,930,0
OLD.US,D,20160913,000000,23.113,23.113,22.743,22.848,4419,0
OLD.US,D,20160914,000000,22.929,22.937,22.929,22.937,315,0
OLD.US,D,20160915,000000,22.883,22.883,22.767,22.767,852,0
OLD.US,D,20160916,000000,22.821,22.821,22.821,22.821,1144,0
OLD.US,D,20160919,000000,23.068,23.096,23.068,23.096,1129,0
OLD.US,D,20160920,000000,23.164,23.223,23.164,23.164,5385,0
OLD.US,D,20160921,000000,23.071,23.071,23.017,23.017,12706,0
OLD.US,D,20160922,000000,23.565,23.794,23.565,23.794,899,0
OLD.US,D,20160926,000000,23.68,23.901,23.68,23.868,1726,0
OLD.US,D,20160927,000000,23.837,23.837,23.661,23.67,4519,0
OLD.US,D,20160928,000000,23.85,23.85,23.698,23.795,5593,0
OLD.US,D,20160929,000000,23.804,23.86,23.648,23.768,2031,0
OLD.US,D,20160930,000000,23.808,23.808,23.558,23.558,2799,0
OLD.US,D,20161003,000000,23.361,23.361,23.201,23.201,659,0
OLD.US,D,20161004,000000,23.21,23.21,22.87,22.87,2362,0
OLD.US,D,20161005,000000,22.87,22.87,22.548,22.576,1517,0
OLD.US,D,20161006,000000,22.303,22.303,22.303,22.303,129,0
OLD.US,D,20161010,000000,22.264,22.336,22.219,22.336,481,0
OLD.US,D,20161011,000000,22.18,22.18,21.972,21.972,1375,0
OLD.US,D,20161012,000000,22.014,22.131,22.014,22.131,2186,0
OLD.US,D,20161013,000000,22.013,22.013,22.013,22.013,156,0
OLD.US,D,20161014,000000,22.286,22.286,22.286,22.286,223,0
OLD.US,D,20161017,000000,22.192,22.192,22.192,22.192,114,0
OLD.US,D,20161018,000000,22.39,22.478,22.336,22.448,2479,0
OLD.US,D,20161019,000000,22.371,22.441,22.371,22.416,558,0
OLD.US,D,20161020,000000,22.471,22.471,22.471,22.471,262,0
OLD.US,D,20161021,000000,22.432,22.432,22.334,22.334,9522,0
OLD.US,D,20161025,000000,22.336,22.38,22.336,22.375,2500,0
OLD.US,D,20161026,000000,22.174,22.174,22.013,22.013,423,0
OLD.US,D,20161027,000000,21.845,21.845,21.703,21.703,1104,0
OLD.US,D,20161028,000000,21.934,21.934,21.657,21.737,3736,0
OLD.US,D,20161031,000000,21.912,21.912,21.854,21.908,3759,0
OLD.US,D,20161101,000000,21.665,21.665,21.164,21.164,17837,0
OLD.US,D,20161102,000000,21.005,21.005,21.005,21.005,472,0
OLD.US,D,20161103,000000,20.672,20.672,20.672,20.672,208,0
OLD.US,D,20161104,000000,20.65,20.728,20.65,20.728,1115,0
OLD.US,D,20161107,000000,20.989,21.032,20.989,21.032,564,0
OLD.US,D,20161108,000000,20.88,20.88,20.723,20.8,764,0
OLD.US,D,20161109,000000,20.399,20.477,20.032,20.346,3987,0
OLD.US,D,20161110,000000,19.899,19.899,19.871,19.871,448,0
OLD.US,D,20161111,000000,19.925,19.962,19.792,19.82,5610,0
OLD.US,D,20161114,000000,20.192,20.37,20.192,20.326,1182,0
OLD.US,D,20161115,000000,20.37,20.38,20.21,20.23,8310,0
OLD.US,D,20161116,000000,20.272,20.272,20.228,20.228,728,0
OLD.US,D,20161117,000000,20.269,20.269,20.105,20.105,2755,0
OLD.US,D,20161118,000000,20.182,20.182,20.082,20.158,2699,0
OLD.US,D,20161121,000000,20.379,20.379,20.158,20.158,5776,0
OLD.US,D,20161122,000000,20.087,20.244,20.087,20.244,583,0
OLD.US,D,20161123,000000,20.118,20.21,20.105,20.21,821,0
OLD.US,D,20161125,000000,20.301,20.311,20.301,20.311,224,0
OLD.US,D,20161128,000000,20.37,20.37,20.31,20.338,1653,0
OLD.US,D,20161130,000000,20.175,20.242,20.175,20.242,1077,0
OLD.US,D,20161201,000000,20.201,20.201,19.844,19.844,2691,0
OLD.US,D,20161202,000000,20.238,20.272,20.105,20.121,3707,0
OLD.US,D,20161205,000000,20.182,20.238,20.041,20.238,3512,0
OLD.US,D,20161206,000000,20.343,20.343,20.271,20.343,3971,0
OLD.US,D,20161207,000000,20.621,20.81,20.612,20.81,2467,0
OLD.US,D,20161208,000000,20.863,20.943,20.863,20.917,671,0
OLD.US,D,20161209,000000,21.049,21.049,20.933,20.933,2052,0
OLD.US,D,20161212,000000,21.015,21.096,20.89,21.096,2217,0
OLD.US,D,20161213,000000,20.979,21.058,20.979,21.058,2257,0
OLD.US,D,20161214,000000,20.943,20.962,20.497,20.497,705,0
OLD.US,D,20161215,000000,20.343,20.399,20.077,20.077,14282,0
OLD.US,D,20161216,000000,20.431,20.684,20.431,20.684,834,0
OLD.US,D,20161219,000000,20.951,20.979,20.951,20.979,910,0
OLD.US,D,20161220,000000,20.951,21.183,20.951,21.067,2603,0
OLD.US,D,20161221,000000,21.183,21.183,20.921,20.921,1037,0
OLD.US,D,20161222,000000,20.709,20.81,20.709,20.81,651,0
OLD.US,D,20161227,000000,20.837,20.918,20.837,20.897,6589,0
OLD.US,D,20161228,000000,20.828,20.828,20.731,20.731,578,0
OLD.US,D,20161229,000000,20.971,20.971,20.941,20.941,1358,0
OLD.US,D,20161230,000000,21.081,21.17,21.081,21.17,16124,0
OLD.US,D,20170103,000000,21.27,21.27,20.929,21.061,6965,0
OLD.US,D,20170104,000000,21.215,21.377,21.215,21.333,2021,0
OLD.US,D,20170105,000000,21.363,21.597,21.363,21.558,2588,0
OLD.US,D,20170106,000000,21.485,21.485,21.473,21.473,1129,0
OLD.US,D,20170109,000000,21.584,21.584,21.414,21.505,2882,0
OLD.US,D,20170110,000000,21.333,21.361,21.185,21.289,2701,0
OLD.US,D,20170111,000000,21.342,21.406,21.225,21.363,1135,0
OLD.US,D,20170112,000000,21.27,21.495,21.27,21.495,1988,0
OLD.US,D,20170113,000000,21.457,21.505,21.457,21.459,1564,0
OLD.US,D,20170117,000000,21.377,21.712,21.377,21.64,3901,0
OLD.US,D,20170118,000000,21.73,21.784,21.712,21.712,1438,0
OLD.US,D,20170119,000000,21.524,21.524,21.447,21.454,1642,0
OLD.US,D,20170120,000000,21.438,21.55,21.438,21.55,7486,0
OLD.US,D,20170123,000000,21.64,21.739,21.631,21.716,613,0
OLD.US,D,20170124,000000,21.765,21.839,21.713,21.787,2031,0
OLD.US,D,20170125,000000,21.801,21.801,21.695,21.695,2669,0
OLD.US,D,20170126,000000,21.791,21.791,21.572,21.612,8691,0
OLD.US,D,20170130,000000,21.396,21.514,21.386,21.514,667,0
OLD.US,D,20170131,000000,21.361,21.714,21.361,21.65,3949,0
OLD.US,D,20170201,000000,21.605,21.605,21.429,21.457,3567,0
OLD.US,D,20170202,000000,21.567,21.685,21.567,21.658,333,0
OLD.US,D,20170203,000000,21.775,21.775,21.748,21.748,334,0
OLD.US,D,20170206,000000,21.784,21.784,21.775,21.775,590,0
OLD.US,D,20170207,000000,21.72,21.811,21.72,21.765,2044,0
OLD.US,D,20170208,000000,21.631,21.839,21.631,21.839,1225,0
OLD.US,D,20170209,000000,21.757,21.757,21.554,21.611,3908,0
OLD.US,D,20170210,000000,21.571,21.665,21.571,21.665,234,0
OLD.US,D,20170213,000000,21.712,21.757,21.658,21.757,888,0
OLD.US,D,20170214,000000,21.558,21.591,21.558,21.584,2170,0
OLD.US,D,20170215,000000,21.447,21.526,21.447,21.526,727,0
OLD.US,D,20170216,000000,21.695,21.919,21.695,21.893,2892,0
OLD.US,D,20170217,000000,21.823,21.843,21.685,21.701,822,0
OLD.US,D,20170221,000000,21.857,21.95,21.857,21.95,1217,0
OLD.US,D,20170222,000000,22.064,22.082,22.052,22.052,1046,0
OLD.US,D,20170223,000000,22.173,22.246,22.169,22.246,1217,0
OLD.US,D,20170224,000000,22.39,22.442,22.326,22.442,2681,0
OLD.US,D,20170227,000000,22.409,22.467,22.409,22.467,814,0
OLD.US,D,20170228,000000,22.606,22.606,22.516,22.516,332,0
OLD.US,D,20170301,000000,22.525,22.549,22.361,22.549,1992,0
OLD.US,D,20170302,000000,22.371,22.424,22.298,22.424,6421,0
OLD.US,D,20170303,000000,22.317,22.407,22.227,22.407,1141,0
OLD.US,D,20170306,000000,22.12,22.12,22.017,22.055,4185,0
OLD.US,D,20170307,000000,22.045,22.045,21.999,21.999,388,0
OLD.US,D,20170308,000000,21.955,21.955,21.584,21.584,6055,0
OLD.US,D,20170309,000000,21.602,21.602,21.323,21.333,4524,0
OLD.US,D,20170310,000000,21.457,21.457,21.386,21.386,784,0
OLD.US,D,20170313,000000,21.388,21.447,21.388,21.388,685,0
OLD.US,D,20170314,000000,21.361,21.361,21.279,21.293,5022,0
OLD.US,D,20170315,000000,21.361,21.65,21.361,21.602,4869,0
OLD.US,D,20170316,000000,21.675,21.685,21.665,21.665,604,0
OLD.US,D,20170317,000000,21.775,21.783,21.72,21.72,2097,0
OLD.US,D,20170320,000000,21.801,21.82,21.691,21.72,4960,0
OLD.US,D,20170321,000000,21.739,21.739,21.719,21.72,11548,0
OLD.US,D,20170322,000000,21.739,21.739,21.739,21.739,449,0
OLD.US,D,20170323,000000,21.867,21.867,21.867,21.867,342,0
OLD.US,D,20170324,000000,22.19,22.281,22.19,22.263,19882,0
OLD.US,D,20170327,000000,22.227,22.515,22.227,22.418,1263,0
OLD.US,D,20170328,000000,22.451,22.451,22.335,22.335,785,0
OLD.US,D,20170329,000000,22.567,22.578,22.479,22.577,10631,0
OLD.US,D,20170330,000000,22.658,22.705,22.605,22.664,8570,0
OLD.US,D,20170331,000000,22.666,22.742,22.666,22.742,306,0
OLD.US,D,20170403,000000,22.762,22.762,22.742,22.747,2461,0
OLD.US,D,20170404,000000,22.742,22.742,22.713,22.713,1096,0
OLD.US,D,20170405,000000,22.723,22.841,22.723,22.761,2518,0
OLD.US,D,20170407,000000,22.997,22.997,22.859,22.859,1481,0
OLD.US,D,20170410,000000,23.125,23.125,23.024,23.024,1103,0
OLD.US,D,20170411,000000,23.059,23.196,23.059,23.168,4943,0
OLD.US,D,20170412,000000,23.125,23.125,23.125,23.125,220,0
OLD.US,D,20170413,000000,23.079,23.101,23.079,23.101,437,0
OLD.US,D,20170417,000000,23.177,23.177,23.155,23.173,442,0
OLD.US,D,20170418,000000,23.263,23.401,23.215,23.353,8340,0
OLD.US,D,20170419,000000,23.341,23.349,23.217,23.217,989,0
OLD.US,D,20170420,000000,23.378,23.378,23.361,23.361,1096,0
OLD.US,D,20170421,000000,23.342,23.349,23.294,23.294,659,0
OLD.US,D,20170424,000000,23.426,23.426,23.097,23.321,3832,0
OLD.US,D,20170425,000000,22.942,23.361,22.942,23.278,5833,0
OLD.US,D,20170426,000000,23.308,23.327,23.168,23.327,6632,0
OLD.US,D,20170427,000000,23.215,23.405,23.168,23.327,17859,0
OLD.US,D,20170428,000000,23.082,23.116,22.988,23.116,22532,0
OLD.US,D,20170501,000000,23.151,23.196,23.069,23.069,1339,0
OLD.US,D,20170502,000000,23.033,23.033,22.897,22.897,1316,0
OLD.US,D,20170503,000000,22.897,22.969,22.777,22.969,6030,0
OLD.US,D,20170504,000000,22.897,23.145,22.772,23.116,10491,0
OLD.US,D,20170505,000000,23.059,23.527,23.059,23.452,14672,0
OLD.US,D,20170508,000000,23.263,23.263,22.777,23.024,9273,0
OLD.US,D,20170509,000000,22.899,22.899,22.649,22.649,1864,0
OLD.US,D,20170510,000000,23.149,23.289,23.149,23.289,2340,0
OLD.US,D,20170511,000000,23.29,23.29,23.29,23.29,299,0
OLD.US,D,20170512,000000,23.553,23.589,23.553,23.589,2008,0
OLD.US,D,20170515,000000,23.522,23.741,23.522,23.542,4476,0
OLD.US,D,20170516,000000,23.369,23.628,23.369,23.442,4773,0
OLD.US,D,20170517,000000,23.698,23.762,23.644,23.644,2615,0
OLD.US,D,20170518,000000,23.735,23.866,23.608,23.608,1509,0
OLD.US,D,20170519,000000,23.937,23.963,23.753,23.789,2698,0
OLD.US,D,20170522,000000,23.771,23.771,23.768,23.771,1435,0
OLD.US,D,20170523,000000,24.082,24.082,23.972,23.972,1520,0
OLD.US,D,20170524,000000,24.072,24.072,23.977,23.979,1885,0
OLD.US,D,20170525,000000,23.744,23.799,23.744,23.799,1523,0
OLD.US,D,20170526,000000,23.689,23.689,23.479,23.618,6108,0
OLD.US,D,20170530,000000,23.789,23.919,23.369,23.677,2238,0
OLD.US,D,20170531,000000,23.689,23.689,23.627,23.627,1623,0
OLD.US,D,20170601,000000,23.562,23.808,23.378,23.78,1794,0
OLD.US,D,20170602,000000,23.873,23.944,23.873,23.944,233,0
OLD.US,D,20170605,000000,23.954,23.984,23.817,23.984,1540,0
OLD.US,D,20170606,000000,23.908,23.944,23.89,23.89,1034,0
OLD.US,D,20170607,000000,23.716,23.944,23.716,23.89,2848,0
OLD.US,D,20170608,000000,23.753,23.917,23.725,23.917,1780,0
OLD.US,D,20170609,000000,24.018,24.12,23.999,24.12,7241,0
OLD.US,D,20170612,000000,23.899,24.446,23.899,24.272,13173,0
OLD.US,D,20170613,000000,24.236,24.474,24.236,24.474,8843,0
OLD.US,D,20170614,000000,24.409,24.732,24.409,24.483,6587,0
OLD.US,D,20170615,000000,24.347,24.347,24.347,24.347,483,0
OLD.US,D,20170616,000000,24.6,24.6,24.6,24.6,211,0
OLD.US,D,20170619,000000,24.693,24.793,24.627,24.793,4148,0
OLD.US,D,20170620,000000,24.783,24.858,24.783,24.858,1510,0
OLD.US,D,20170621,000000,24.638,24.858,24.638,24.829,2629,0
OLD.US,D,20170622,000000,24.925,25.149,24.925,25.087,1636,0
OLD.US,D,20170623,000000,25.13,25.261,25.042,25.203,11400,0
OLD.US,D,20170626,000000,25.221,25.283,24.967,25.112,4415,0
OLD.US,D,20170627,000000,24.958,25.049,24.902,24.957,1256,0
OLD.US,D,20170628,000000,25.02,25.02,24.891,24.891,5079,0
OLD.US,D,20170629,000000,24.892,24.892,24.451,24.536,4137,0
OLD.US,D,20170630,000000,24.675,24.675,24.309,24.526,3305,0
OLD.US,D,20170703,000000,24.391,24.503,24.391,24.503,656,0
OLD.US,D,20170705,000000,25.178,25.178,24.336,24.459,1445,0
OLD.US,D,20170706,000000,24.299,24.299,24.079,24.084,5813,0
OLD.US,D,20170707,000000,24.024,24.079,23.847,23.986,6385,0
OLD.US,D,20170710,000000,23.97,23.97,23.896,23.896,1327,0
OLD.US,D,20170711,000000,23.753,23.919,23.625,23.896,1668,0
OLD.US,D,20170712,000000,24.079,24.079,24.034,24.034,2169,0
OLD.US,D,20170713,000000,24.079,24.079,23.87,24.079,9201,0
OLD.US,D,20170714,000000,24.098,24.355,24.098,24.355,2297,0
OLD.US,D,20170717,000000,24.317,24.465,24.317,24.427,3116,0
OLD.US,D,20170719,000000,24.28,24.355,24.28,24.351,581,0
OLD.US,D,20170720,000000,24.455,24.482,24.455,24.465,2457,0
OLD.US,D,20170721,000000,24.372,24.372,24.317,24.317,19943,0
OLD.US,D,20170724,000000,24.263,24.263,24.18,24.18,1867,0
OLD.US,D,20170725,000000,24.18,24.317,24.18,24.317,12680,0
OLD.US,D,20170726,000000,24.146,24.155,24.146,24.155,486,0
OLD.US,D,20170727,000000,24.068,24.089,24.006,24.006,19296,0
OLD.US,D,20170728,000000,23.961,23.969,23.705,23.941,1497,0
OLD.US,D,20170731,000000,23.905,24.07,23.905,24.07,665,0
OLD.US,D,20170801,000000,23.951,23.951,23.457,23.74,5690,0
OLD.US,D,20170802,000000,23.512,23.627,23.512,23.569,1580,0
OLD.US,D,20170803,000000,23.503,23.648,23.503,23.648,769,0
OLD.US,D,20170804,000000,23.666,23.666,23.579,23.648,1939,0
OLD.US,D,20170807,000000,23.613,23.613,23.493,23.539,4469,0
OLD.US,D,20170808,000000,23.493,23.493,23.493,23.493,892,0
OLD.US,D,20170809,000000,23.331,23.347,23.331,23.347,2552,0
OLD.US,D,20170810,000000,23.248,23.34,23.036,23.248,5816,0
OLD.US,D,20170811,000000,23.146,23.219,22.899,22.982,4806,0
OLD.US,D,20170814,000000,23.2,23.695,23.2,23.695,23491,0
OLD.US,D,20170815,000000,23.437,23.437,23.384,23.401,681,0
OLD.US,D,20170816,000000,23.493,23.493,23.493,23.493,309,0
OLD.US,D,20170817,000000,23.685,23.685,23.623,23.623,2344,0
OLD.US,D,20170818,000000,23.348,23.436,23.331,23.331,4595,0
OLD.US,D,20170821,000000,23.512,23.721,23.351,23.484,3204,0
OLD.US,D,20170822,000000,23.75,23.75,23.348,23.348,24006,0
OLD.US,D,20170823,000000,23.499,23.731,23.499,23.731,1171,0
OLD.US,D,20170824,000000,23.523,23.555,23.523,23.555,753,0
OLD.US,D,20170828,000000,23.496,23.496,23.41,23.41,262,0
OLD.US,D,20170829,000000,23.503,23.527,23.503,23.527,2897,0
OLD.US,D,20170830,000000,23.463,23.575,23.463,23.529,614,0
OLD.US,D,20170831,000000,23.905,24.034,23.695,23.795,11244,0
OLD.US,D,20170901,000000,23.993,23.993,23.993,23.993,441,0
OLD.US,D,20170905,000000,24.127,24.127,23.981,23.981,2225,0
OLD.US,D,20170906,000000,24.189,24.207,24.189,24.207,1737,0
OLD.US,D,20170908,000000,24.117,24.171,24.107,24.107,1958,0
OLD.US,D,20170911,000000,24.473,24.473,24.254,24.383,446,0
OLD.US,D,20170912,000000,24.321,24.321,24.321,24.321,219,0
OLD.US,D,20170914,000000,24.089,24.089,24.089,24.089,448,0
OLD.US,D,20170915,000000,24.198,24.309,24.176,24.309,6159,0
OLD.US,D,20170918,000000,24.355,24.355,24.127,24.155,4408,0
OLD.US,D,20170919,000000,24.162,24.162,23.74,23.758,7388,0
OLD.US,D,20170920,000000,23.952,23.952,23.878,23.884,1129,0
OLD.US,D,20170921,000000,23.731,23.775,23.731,23.775,7352,0
OLD.US,D,20170922,000000,23.685,23.685,23.685,23.685,138,0
OLD.US,D,20170925,000000,23.465,23.484,23.465,23.484,726,0
OLD.US,D,20170926,000000,23.443,23.443,23.443,23.443,456,0
OLD.US,D,20170927,000000,23.382,23.382,22.889,23.008,4155,0
OLD.US,D,20170928,000000,23.072,23.072,23.072,23.072,939,0
OLD.US,D,20170929,000000,23.249,23.344,23.249,23.344,404,0
OLD.US,D,20171002,000000,23.422,23.422,23.304,23.304,2658,0
OLD.US,D,20171004,000000,23.138,23.138,23.138,23.138,1898,0
OLD.US,D,20171005,000000,23.172,23.172,23.147,23.147,1799,0
OLD.US,D,20171006,000000,23.036,23.056,22.99,22.99,3927,0
OLD.US,D,20171010,000000,22.99,22.99,22.878,22.878,992,0
OLD.US,D,20171011,000000,22.952,23.05,22.869,22.869,19104,0
OLD.US,D,20171012,000000,22.806,23.008,22.796,22.898,3326,0
OLD.US,D,20171013,000000,23.036,23.12,22.854,22.888,2947,0
OLD.US,D,20171016,000000,22.898,22.944,22.841,22.841,1490,0
OLD.US,D,20171017,000000,22.971,23.025,22.85,22.971,5111,0
OLD.US,D,20171018,000000,23.054,23.054,22.926,23.008,1632,0
OLD.US,D,20171019,000000,23.029,23.029,23.029,23.029,140,0
OLD.US,D,20171020,000000,23.128,23.128,22.859,22.908,2087,0
OLD.US,D,20171023,000000,22.859,22.859,22.649,22.649,2182,0
OLD.US,D,20171024,000000,22.621,22.621,22.574,22.574,815,0
OLD.US,D,20171025,000000,22.564,22.564,22.326,22.467,4354,0
OLD.US,D,20171026,000000,22.317,22.326,22.262,22.262,924,0
OLD.US,D,20171027,000000,22.66,22.66,22.598,22.598,763,0
OLD.US,D,20171030,000000,22.665,22.822,22.574,22.574,5775,0
OLD.US,D,20171031,000000,22.439,22.439,22.402,22.402,437,0
OLD.US,D,20171101,000000,22.418,22.473,22.418,22.473,1878,0
OLD.US,D,20171102,000000,22.649,22.786,22.602,22.779,10433,0
OLD.US,D,20171103,000000,22.641,22.859,22.641,22.859,1463,0
OLD.US,D,20171106,000000,22.76,22.944,22.759,22.944,674,0
OLD.US,D,20171107,000000,22.898,22.898,22.822,22.85,2598,0
OLD.US,D,20171108,000000,23.036,23.036,23.036,23.036,131,0
OLD.US,D,20171109,000000,22.928,22.971,22.888,22.971,895,0
OLD.US,D,20171110,000000,22.888,22.981,22.778,22.981,2649,0
OLD.US,D,20171113,000000,22.971,22.981,22.971,22.981,751,0
OLD.US,D,20171114,000000,22.796,23.082,22.796,22.978,2080,0
OLD.US,D,20171115,000000,22.85,22.85,22.739,22.765,4639,0
OLD.US,D,20171116,000000,22.859,22.944,22.844,22.844,778,0
OLD.US,D,20171117,000000,22.574,22.828,22.574,22.742,7476,0
OLD.US,D,20171120,000000,22.684,22.888,22.684,22.888,1021,0
OLD.US,D,20171121,000000,22.935,22.944,22.806,22.944,1821,0
OLD.US,D,20171122,000000,22.971,23.036,22.936,22.936,693,0
OLD.US,D,20171124,000000,23.054,23.21,22.937,22.937,924,0
OLD.US,D,20171127,000000,23.11,23.11,23.046,23.046,1004,0
OLD.US,D,20171128,000000,22.916,22.916,22.861,22.878,6514,0
OLD.US,D,20171129,000000,22.796,22.926,22.796,22.926,2385,0
OLD.US,D,20171130,000000,22.981,23.1,22.767,22.935,8082,0
OLD.US,D,20171201,000000,22.723,22.815,22.289,22.815,1849,0
OLD.US,D,20171204,000000,22.85,22.85,22.831,22.831,369,0
OLD.US,D,20171205,000000,22.696,22.699,22.427,22.427,2594,0
OLD.US,D,20171206,000000,22.546,22.546,22.4,22.418,1110,0
OLD.US,D,20171207,000000,22.831,22.831,22.831,22.831,108,0
OLD.US,D,20171208,000000,22.742,22.85,22.742,22.85,1150,0
OLD.US,D,20171211,000000,22.815,22.815,22.614,22.751,1882,0
OLD.US,D,20171212,000000,22.751,22.751,22.711,22.711,1119,0
OLD.US,D,20171213,000000,22.869,22.956,22.85,22.956,3088,0
OLD.US,D,20171214,000000,22.675,22.898,22.675,22.898,1490,0
OLD.US,D,20171215,000000,22.994,22.994,22.994,22.994,399,0
OLD.US,D,20171218,000000,22.99,23.191,22.99,23.191,2464,0
OLD.US,D,20171219,000000,23.259,23.259,22.455,22.5,7184,0
OLD.US,D,20171220,000000,22.298,22.298,22.18,22.18,334,0
OLD.US,D,20171221,000000,22.181,22.181,22.151,22.151,652,0
OLD.US,D,20171222,000000,22.197,22.207,22.151,22.181,2000,0
OLD.US,D,20171226,000000,22.171,22.282,22.171,22.282,715,0
OLD.US,D,20171227,000000,22.144,22.254,22.144,22.254,4166,0
OLD.US,D,20171228,000000,22.207,22.245,22.207,22.245,558,0
OLD.US,D,20180102,000000,22.476,22.476,22.36,22.376,2472,0
OLD.US,D,20180103,000000,22.403,22.54,22.403,22.54,551,0
OLD.US,D,20180104,000000,22.578,22.578,22.239,22.289,5500,0
OLD.US,D,20180105,000000,22.272,22.272,22.125,22.144,1775,0
OLD.US,D,20180108,000000,22.115,22.144,22.077,22.144,3707,0
OLD.US,D,20180109,000000,22.151,22.151,21.901,21.919,4357,0
OLD.US,D,20180110,000000,21.835,21.835,21.684,21.69,2115,0
OLD.US,D,20180111,000000,21.659,21.705,21.602,21.677,6131,0
OLD.US,D,20180112,000000,21.697,21.697,21.379,21.51,38000,0
OLD.US,D,20180116,000000,21.566,21.579,21.408,21.408,30385,0
OLD.US,D,20180117,000000,21.601,21.601,21.417,21.417,892,0
OLD.US,D,20180118,000000,21.406,21.43,21.406,21.43,2259,0
OLD.US,D,20180119,000000,21.37,21.408,21.151,21.408,5515,0
OLD.US,D,20180122,000000,21.343,21.639,21.321,21.639,2451,0
OLD.US,D,20180123,000000,21.426,21.649,21.426,21.607,3154,0
OLD.US,D,20180124,000000,21.697,21.776,21.626,21.776,2848,0
OLD.US,D,20180125,000000,21.649,22.011,21.649,22.005,1330,0
OLD.US,D,20180126,000000,21.844,21.885,21.627,21.882,2503,0
OLD.US,D,20180129,000000,21.835,21.835,21.556,21.667,3158,0
OLD.US,D,20180130,000000,21.433,21.433,21.375,21.378,1322,0
OLD.US,D,20180131,000000,21.443,22.109,21.443,21.503,474,0
OLD.US,D,20180201,000000,21.723,21.723,21.398,21.452,1848,0
OLD.US,D,20180202,000000,21.278,21.278,21.184,21.278,1284,0
OLD.US,D,20180205,000000,21.101,21.101,20.51,20.59,6908,0
OLD.US,D,20180206,000000,20.366,20.747,20.208,20.747,3480,0
OLD.US,D,20180207,000000,20.756,20.756,20.741,20.747,1276,0
OLD.US,D,20180208,000000,20.21,20.21,20.145,20.145,2280,0
OLD.US,D,20180209,000000,20.247,20.247,20.069,20.121,10361,0
OLD.US,D,20180212,000000,20.192,20.517,20.192,20.517,2414,0
OLD.US,D,20180213,000000,20.366,20.517,20.329,20.517,741,0
OLD.US,D,20180214,000000,20.163,20.256,20.163,20.256,1230,0
OLD.US,D,20180215,000000,20.641,20.674,20.548,20.674,2804,0
OLD.US,D,20180216,000000,20.782,20.939,20.782,20.939,1770,0
OLD.US,D,20180220,000000,21.14,21.14,20.729,20.729,2308,0
OLD.US,D,20180221,000000,20.98,20.98,20.813,20.813,3114,0
OLD.US,D,20180222,000000,20.528,20.729,20.528,20.729,737,0
OLD.US,D,20180223,000000,20.674,20.702,20.59,20.653,3654,0
OLD.US,D,20180226,000000,20.756,20.765,20.756,20.765,1052,0
OLD.US,D,20180227,000000,20.56,20.56,20.522,20.56,495,0
OLD.US,D,20180228,000000,20.45,20.455,20.072,20.167,19370,0
OLD.US,D,20180301,000000,20.338,20.371,20.268,20.301,1997,0
OLD.US,D,20180302,000000,20.294,20.366,20.294,20.366,826,0
OLD.US,D,20180305,000000,20.72,20.906,20.666,20.906,1655,0
OLD.US,D,20180307,000000,20.933,21.035,20.776,21.035,1247,0
OLD.US,D,20180308,000000,20.96,21.044,20.96,21.036,401,0
OLD.US,D,20180309,000000,20.985,20.985,20.982,20.982,2247,0
OLD.US,D,20180312,000000,21.054,21.22,21.054,21.22,4171,0
OLD.US,D,20180313,000000,21.677,21.677,21.343,21.343,1227,0
OLD.US,D,20180314,000000,21.165,21.177,21.165,21.177,753,0
OLD.US,D,20180315,000000,21.116,21.184,21.116,21.159,474,0
OLD.US,D,20180316,000000,21.14,21.288,21.14,21.278,1006,0
OLD.US,D,20180319,000000,21.232,21.259,21.166,21.166,1063,0
OLD.US,D,20180320,000000,21.324,21.324,20.86,20.943,6657,0
OLD.US,D,20180321,000000,20.841,20.915,20.841,20.915,547,0
OLD.US,D,20180322,000000,20.906,21.009,20.906,21,1282,0
OLD.US,D,20180323,000000,21.092,21.092,20.544,20.775,4457,0
OLD.US,D,20180326,000000,20.617,20.617,20.534,20.534,1508,0
OLD.US,D,20180327,000000,20.58,20.597,20.58,20.597,372,0
OLD.US,D,20180328,000000,20.775,21.018,20.775,20.928,1467,0
OLD.US,D,20180329,000000,21.036,21.122,21.029,21.047,3033,0
OLD.US,D,20180402,000000,20.924,20.943,20.822,20.89,1367,0
OLD.US,D,20180403,000000,20.83,21.15,20.83,21.005,10747,0
OLD.US,D,20180404,000000,21.233,21.335,20.96,21.335,7937,0
OLD.US,D,20180405,000000,21.205,21.465,21.132,21.465,4091,0
OLD.US,D,20180406,000000,21.391,21.419,21.316,21.419,2496,0
OLD.US,D,20180409,000000,21.15,21.436,21.15,21.345,3351,0
OLD.US,D,20180410,000000,21.268,21.345,21.261,21.345,1716,0
OLD.US,D,20180411,000000,21.27,21.335,21.259,21.27,711,0
OLD.US,D,20180412,000000,21.029,21.055,21.023,21.055,1558,0
OLD.US,D,20180413,000000,20.888,21.015,20.888,21.015,2100,0
OLD.US,D,20180416,000000,21.009,21.185,21,21.175,5291,0
OLD.US,D,20180417,000000,21.185,21.185,21.185,21.185,107,0
OLD.US,D,20180418,000000,21.345,21.455,21.345,21.455,321,0
OLD.US,D,20180419,000000,21.093,21.093,20.98,20.98,725,0
OLD.US,D,20180420,000000,20.943,20.943,20.822,20.822,3839,0
OLD.US,D,20180423,000000,20.709,20.733,20.644,20.702,31868,0
OLD.US,D,20180424,000000,20.664,20.755,20.664,20.736,5247,0
OLD.US,D,20180426,000000,20.588,20.746,20.588,20.703,1696,0
OLD.US,D,20180427,000000,21.112,21.259,21.112,21.248,535,0
OLD.US,D,20180430,000000,21.298,21.316,21.298,21.316,4290,0
OLD.US,D,20180501,000000,21.333,21.579,21.303,21.579,1821,0
OLD.US,D,20180502,000000,21.371,21.465,21.371,21.465,1156,0
OLD.US,D,20180503,000000,21.391,21.579,21.391,21.579,688,0
OLD.US,D,20180504,000000,21.653,21.765,21.643,21.765,2631,0
OLD.US,D,20180507,000000,21.797,21.952,21.797,21.951,1506,0
OLD.US,D,20180508,000000,21.878,21.897,21.849,21.897,1652,0
OLD.US,D,20180509,000000,21.914,22.027,21.914,22.027,525,0
OLD.US,D,20180511,000000,22.149,22.372,22.149,22.249,4211,0
OLD.US,D,20180514,000000,22.287,22.287,22.252,22.27,1123,0
OLD.US,D,20180515,000000,22.261,22.261,21.925,22.044,4255,0
OLD.US,D,20180517,000000,21.897,21.897,21.89,21.89,215,0
OLD.US,D,20180518,000000,21.948,21.95,21.948,21.95,321,0
OLD.US,D,20180521,000000,21.922,22.14,21.922,22.14,1507,0
OLD.US,D,20180522,000000,22.024,22.195,22.024,22.195,788,0
OLD.US,D,20180523,000000,22.185,22.362,22.185,22.35,1143,0
OLD.US,D,20180524,000000,22.419,22.419,22.312,22.312,845,0
OLD.US,D,20180525,000000,22.511,22.512,22.511,22.512,583,0
OLD.US,D,20180529,000000,22.69,22.69,22.502,22.522,1206,0
OLD.US,D,20180530,000000,22.597,22.98,22.597,22.98,1820,0
OLD.US,D,20180531,000000,22.896,22.896,22.838,22.838,657,0
OLD.US,D,20180601,000000,22.856,22.924,22.838,22.924,1267,0
OLD.US,D,20180604,000000,23.223,23.223,23.027,23.027,2078,0
OLD.US,D,20180605,000000,22.999,23.054,22.993,23.042,645,0
OLD.US,D,20180606,000000,22.924,23.082,22.924,23.054,942,0
OLD.US,D,20180607,000000,23.101,23.101,23.046,23.054,1120,0
OLD.US,D,20180608,000000,23.072,23.072,23.072,23.072,410,0
OLD.US,D,20180611,000000,23.218,23.218,23.218,23.218,221,0
OLD.US,D,20180612,000000,22.99,23.352,22.99,23.352,10614,0
OLD.US,D,20180613,000000,23.388,23.388,23.346,23.346,1729,0
OLD.US,D,20180614,000000,23.046,23.493,23.046,23.308,4530,0
OLD.US,D,20180615,000000,23.354,23.456,23.252,23.252,1776,0
OLD.US,D,20180618,000000,23.446,23.446,23.183,23.183,4586,0
OLD.US,D,20180620,000000,23.328,23.366,23.328,23.365,428,0
OLD.US,D,20180621,000000,23.5,23.529,23.5,23.529,342,0
OLD.US,D,20180622,000000,23.615,23.625,23.615,23.625,1186,0
OLD.US,D,20180625,000000,23.586,23.591,23.523,23.591,2743,0
OLD.US,D,20180626,000000,23.68,23.68,23.68,23.68,268,0
OLD.US,D,20180627,000000,23.66,23.707,23.548,23.548,599,0
OLD.US,D,20180628,000000,23.707,23.84,23.707,23.84,1643,0
OLD.US,D,20180629,000000,23.83,23.957,23.83,23.859,3121,0
OLD.US,D,20180702,000000,23.923,23.923,23.715,23.766,892,0
OLD.US,D,20180703,000000,24.018,24.111,24.018,24.111,2184,0
OLD.US,D,20180705,000000,24.357,24.357,24.08,24.243,1594,0
OLD.US,D,20180706,000000,24.468,24.468,24.402,24.457,2939,0
OLD.US,D,20180709,000000,24.402,24.402,24.232,24.232,849,0
OLD.US,D,20180710,000000,24.272,24.272,24.246,24.246,549,0
OLD.US,D,20180711,000000,24.317,24.317,24.225,24.225,516,0
OLD.US,D,20180712,000000,24.298,24.298,24.271,24.271,1257,0
OLD.US,D,20180713,000000,24.262,24.317,24.215,24.215,45936,0
OLD.US,D,20180716,000000,24.037,24.205,24.037,24.141,4736,0
OLD.US,D,20180717,000000,24.072,24.225,23.998,24.082,22643,0
OLD.US,D,20180718,000000,24.072,24.072,23.85,23.869,2880,0
OLD.US,D,20180719,000000,23.933,24.157,23.933,24.157,1776,0
OLD.US,D,20180720,000000,24.215,24.215,24.15,24.168,1092,0
OLD.US,D,20180723,000000,24.195,24.247,24.158,24.215,1907,0
OLD.US,D,20180725,000000,24.215,24.215,24.141,24.169,3515,0
OLD.US,D,20180726,000000,24.288,24.402,24.037,24.037,6302,0
OLD.US,D,20180727,000000,24.15,24.15,23.781,23.801,3027,0
OLD.US,D,20180730,000000,23.969,23.969,23.698,23.698,4159,0
OLD.US,D,20180731,000000,23.869,24.111,23.869,24.072,4406,0
OLD.US,D,20180801,000000,24.054,24.177,24.054,24.177,2656,0
OLD.US,D,20180802,000000,24.205,24.363,24.205,24.363,640,0
OLD.US,D,20180803,000000,24.495,24.495,24.367,24.439,4223,0
OLD.US,D,20180806,000000,24.486,24.527,24.468,24.468,1719,0
OLD.US,D,20180807,000000,24.626,24.636,24.542,24.552,1217,0
OLD.US,D,20180808,000000,24.786,24.786,24.576,24.576,2019,0
OLD.US,D,20180809,000000,24.588,24.611,24.588,24.594,576,0
OLD.US,D,20180810,000000,24.645,24.645,24.347,24.38,2097,0
OLD.US,D,20180813,000000,24.486,24.486,24.3,24.329,1065,0
OLD.US,D,20180814,000000,24.495,24.636,24.495,24.532,713,0
OLD.US,D,20180815,000000,24.561,24.904,24.561,24.904,2199,0
OLD.US,D,20180816,000000,24.638,24.768,24.638,24.768,1750,0
OLD.US,D,20180817,000000,24.872,25.079,24.872,25.079,3109,0
OLD.US,D,20180820,000000,25.341,25.341,25.111,25.111,5302,0
OLD.US,D,20180821,000000,25.145,25.331,25.145,25.2,30544,0
OLD.US,D,20180822,000000,25.218,25.416,25.218,25.416,4111,0
OLD.US,D,20180823,000000,25.527,25.527,25.316,25.37,3628,0
OLD.US,D,20180824,000000,25.389,25.444,25.258,25.444,1739,0
OLD.US,D,20180827,000000,25.623,25.623,25.368,25.37,3113,0
OLD.US,D,20180828,000000,25.49,25.499,25.49,25.499,438,0
OLD.US,D,20180829,000000,25.668,25.744,25.668,25.744,675,0
OLD.US,D,20180830,000000,25.865,25.865,25.623,25.668,2476,0
OLD.US,D,20180831,000000,25.801,25.801,25.585,25.678,1604,0
OLD.US,D,20180904,000000,25.754,25.754,25.396,25.396,2273,0
OLD.US,D,20180905,000000,25.397,25.585,25.361,25.585,1126,0
OLD.US,D,20180906,000000,25.499,25.499,25.481,25.49,1719,0
OLD.US,D,20180907,000000,25.428,25.428,25.301,25.301,2090,0
OLD.US,D,20180910,000000,25.383,25.389,25.331,25.341,906,0
OLD.US,D,20180911,000000,25.218,25.284,25.218,25.267,826,0
OLD.US,D,20180912,000000,25.585,25.585,25.416,25.444,1182,0
OLD.US,D,20180913,000000,25.567,25.623,25.481,25.481,1963,0
OLD.US,D,20180914,000000,25.321,25.321,25.321,25.321,369,0
OLD.US,D,20180917,000000,25.366,25.366,25.293,25.293,464,0
OLD.US,D,20180918,000000,25.341,25.361,25.302,25.351,1734,0
OLD.US,D,20180919,000000,25.341,25.341,25.064,25.064,4534,0
OLD.US,D,20180920,000000,25.004,25.097,25.004,25.097,760,0
OLD.US,D,20180921,000000,24.984,25.097,24.984,25.097,648,0
OLD.US,D,20180924,000000,25.21,25.21,24.872,24.872,1422,0
OLD.US,D,20180925,000000,24.919,25.079,24.919,25.051,705,0
OLD.US,D,20180926,000000,24.965,24.965,24.799,24.799,985,0
OLD.US,D,20180927,000000,24.832,24.862,24.777,24.777,1171,0
OLD.US,D,20180928,000000,24.938,25.008,24.804,25.008,2591,0
OLD.US,D,20181001,000000,25.278,25.278,24.938,24.938,1890,0
OLD.US,D,20181002,000000,24.852,24.852,24.589,24.598,1410,0
OLD.US,D,20181003,000000,24.365,24.365,24.276,24.276,459,0
OLD.US,D,20181004,000000,24.325,24.325,24.09,24.128,2529,0
OLD.US,D,20181005,000000,24.07,24.125,24.07,24.114,1147,0
OLD.US,D,20181008,000000,24.108,24.316,24.108,24.316,2974,0
OLD.US,D,20181009,000000,24.408,24.605,24.23,24.475,4018,0
OLD.US,D,20181010,000000,24.541,24.541,24.514,24.514,417,0
OLD.US,D,20181011,000000,24.183,24.249,23.855,23.994,2233,0
OLD.US,D,20181012,000000,23.768,23.768,23.495,23.524,3740,0
OLD.US,D,20181015,000000,23.806,23.806,23.806,23.806,631,0
OLD.US,D,20181016,000000,23.776,24.166,23.776,24.166,697,0
OLD.US,D,20181017,000000,24.286,24.286,24.175,24.175,624,0
OLD.US,D,20181018,000000,24.139,24.139,23.984,24.014,1952,0
OLD.US,D,20181019,000000,24.138,24.138,24.138,24.138,557,0
OLD.US,D,20181022,000000,24.108,24.166,23.966,23.966,7815,0
OLD.US,D,20181023,000000,23.642,23.94,23.642,23.94,1315,0
OLD.US,D,20181024,000000,23.929,23.929,23.929,23.929,319,0
OLD.US,D,20181025,000000,24.089,24.316,24.06,24.174,2205,0
OLD.US,D,20181026,000000,24.043,24.043,23.628,23.628,883,0
OLD.US,D,20181029,000000,23.711,24.014,23.711,23.806,1343,0
OLD.US,D,20181030,000000,24.157,24.625,24.157,24.625,992,0
OLD.US,D,20181031,000000,24.565,24.596,24.447,24.504,4880,0
OLD.US,D,20181101,000000,24.335,24.703,24.296,24.635,3814,0
OLD.US,D,20181102,000000,24.625,24.674,24.269,24.356,2680,0
OLD.US,D,20181105,000000,24.674,25.013,24.674,25.013,2364,0
OLD.US,D,20181106,000000,24.758,24.758,24.758,24.758,781,0
OLD.US,D,20181107,000000,25.23,25.493,25.23,25.493,6746,0
OLD.US,D,20181108,000000,25.4,25.427,25.278,25.412,2107,0
OLD.US,D,20181109,000000,25.487,25.487,25.418,25.447,1450,0
OLD.US,D,20181112,000000,25.652,25.652,25.4,25.4,7487,0
OLD.US,D,20181113,000000,25.269,25.269,25.108,25.138,6843,0
OLD.US,D,20181114,000000,25.113,25.113,25.005,25.041,1021,0
OLD.US,D,20181115,000000,24.703,24.938,24.703,24.938,768,0
OLD.US,D,20181116,000000,24.995,25.126,24.683,25.051,9720,0
OLD.US,D,20181119,000000,25.089,25.115,24.823,24.976,9923,0
OLD.US,D,20181120,000000,24.985,24.985,24.92,24.92,5565,0
OLD.US,D,20181121,000000,24.995,24.998,24.75,24.842,28818,0
OLD.US,D,20181123,000000,24.722,24.768,24.722,24.722,852,0
OLD.US,D,20181126,000000,24.879,24.879,24.654,24.803,2326,0
OLD.US,D,20181127,000000,24.872,25.08,24.852,25.08,5266,0
OLD.US,D,20181128,000000,25.136,25.561,24.891,25.561,18768,0
OLD.US,D,20181129,000000,25.561,25.662,25.456,25.598,4902,0
OLD.US,D,20181130,000000,25.672,25.888,25.598,25.857,29473,0
OLD.US,D,20181203,000000,26.155,26.155,25.824,26.117,18681,0
OLD.US,D,20181204,000000,26.135,26.309,25.778,25.843,18848,0
OLD.US,D,20181206,000000,25.72,26.211,25.551,26.117,16652,0
OLD.US,D,20181207,000000,26.077,26.077,25.85,25.87,12271,0
OLD.US,D,20181210,000000,25.71,25.86,25.532,25.86,3604,0
OLD.US,D,20181211,000000,25.967,26.002,25.898,25.988,9322,0
OLD.US,D,20181212,000000,25.918,25.918,25.571,25.672,4392,0
OLD.US,D,20181213,000000,25.304,25.7,25.304,25.589,6621,0
OLD.US,D,20181214,000000,25.364,25.364,25.192,25.192,4956,0
OLD.US,D,20181217,000000,25.237,25.286,24.523,24.523,13770,0
OLD.US,D,20181218,000000,24.727,24.929,24.698,24.814,37081,0
OLD.US,D,20181219,000000,24.804,24.881,24.523,24.551,28741,0
OLD.US,D,20181220,000000,24.531,24.626,24.338,24.446,15123,0
OLD.US,D,20181221,000000,25.226,25.226,24.011,24.011,25001,0
OLD.US,D,20181224,000000,23.685,23.859,23.179,23.179,25757,0
OLD.US,D,20181226,000000,22.906,23.829,22.906,23.752,20370,0
OLD.US,D,20181227,000000,23.63,24.038,23.408,24.038,34759,0
OLD.US,D,20181228,000000,24.114,24.304,23.923,24.066,12424,0
OLD.US,D,20181231,000000,24.153,24.153,23.59,23.886,11714,0
OLD.US,D,20190102,000000,23.771,23.771,23.418,23.448,3537,0
OLD.US,D,20190103,000000,23.542,23.748,23.509,23.707,2750,0
OLD.US,D,20190104,000000,23.771,24.028,23.771,23.914,2821,0
OLD.US,D,20190107,000000,24.181,24.427,23.961,24.333,9841,0
OLD.US,D,20190108,000000,24.42,25.672,24.42,25.672,6023,0
OLD.US,D,20190109,000000,24.875,24.875,24.58,24.769,16927,0
OLD.US,D,20190110,000000,24.407,24.932,24.407,24.932,3360,0
OLD.US,D,20190111,000000,24.913,24.98,24.867,24.946,8719,0
OLD.US,D,20190114,000000,24.865,24.909,24.797,24.797,4384,0
OLD.US,D,20190115,000000,24.98,25.236,24.98,25.159,8629,0
OLD.US,D,20190116,000000,25.236,25.419,25.217,25.393,6451,0
OLD.US,D,20190117,000000,25.37,25.459,25.301,25.391,4216,0
OLD.US,D,20190118,000000,25.579,25.579,25.407,25.482,8297,0
OLD.US,D,20190122,000000,25.463,25.608,25.389,25.398,5430,0
OLD.US,D,20190123,000000,25.55,25.672,25.515,25.549,10053,0
OLD.US,D,20190124,000000,25.385,25.627,25.333,25.627,597,0
OLD.US,D,20190125,000000,25.789,25.999,25.784,25.926,6689,0
OLD.US,D,20190128,000000,25.891,25.989,25.882,25.989,5239,0
OLD.US,D,20190129,000000,26.092,26.211,26.062,26.211,2798,0
OLD.US,D,20190130,000000,26.149,26.301,26.043,26.301,4740,0
OLD.US,D,20190131,000000,26.272,26.594,26.206,26.594,7433,0
OLD.US,D,20190201,000000,26.586,26.586,26.052,26.158,6926,0
OLD.US,D,20190204,000000,26.339,26.547,26.285,26.547,8083,0
OLD.US,D,20190205,000000,26.747,26.842,26.596,26.745,11046,0
OLD.US,D,20190206,000000,26.825,26.825,26.542,26.605,7731,0
OLD.US,D,20190207,000000,26.537,26.879,26.537,26.879,1055,0
OLD.US,D,20190208,000000,26.63,26.63,26.42,26.571,3573,0
OLD.US,D,20190211,000000,26.517,26.756,26.517,26.732,6668,0
OLD.US,D,20190212,000000,26.557,26.633,26.478,26.547,8159,0
OLD.US,D,20190213,000000,26.672,26.737,26.625,26.737,4337,0
OLD.US,D,20190214,000000,26.698,26.78,26.698,26.737,4969,0
OLD.US,D,20190215,000000,26.653,26.956,26.653,26.825,4552,0
OLD.US,D,20190219,000000,26.966,26.966,26.862,26.927,4609,0
OLD.US,D,20190220,000000,26.889,26.889,26.331,26.662,8289,0
OLD.US,D,20190221,000000,26.567,26.679,26.482,26.577,11287,0
OLD.US,D,20190222,000000,26.577,26.921,26.577,26.815,8114,0
OLD.US,D,20190225,000000,26.898,26.898,26.453,26.502,13684,0
OLD.US,D,20190226,000000,26.291,26.547,26.101,26.111,89394,0
OLD.US,D,20190227,000000,26.236,26.236,25.815,25.872,4108,0
OLD.US,D,20190228,000000,25.96,26.139,25.96,26.073,4075,0
OLD.US,D,20190301,000000,25.769,25.847,25.501,25.634,6912,0
OLD.US,D,20190304,000000,25.691,25.848,25.607,25.634,10349,0
OLD.US,D,20190305,000000,25.872,25.891,25.789,25.891,3338,0
OLD.US,D,20190306,000000,25.891,25.891,25.537,25.537,2807,0
OLD.US,D,20190307,000000,25.455,25.652,25.445,25.455,7633,0
OLD.US,D,20190308,000000,25.617,25.617,25.482,25.501,4931,0
OLD.US,D,20190311,000000,25.789,25.92,25.779,25.825,4795,0
OLD.US,D,20190312,000000,26.039,26.078,26.039,26.078,1785,0
OLD.US,D,20190313,000000,26.33,26.33,26.215,26.287,5407,0
OLD.US,D,20190314,000000,26.405,26.435,26.378,26.397,3433,0
OLD.US,D,20190315,000000,26.605,26.605,26.32,26.32,2873,0
OLD.US,D,20190318,000000,26.279,26.279,25.869,25.91,5756,0
OLD.US,D,20190319,000000,25.96,25.97,25.94,25.943,1876,0
OLD.US,D,20190320,000000,25.797,26.106,25.794,26.082,4251,0
OLD.US,D,20190321,000000,26.062,26.533,26.052,26.492,4960,0
OLD.US,D,20190322,000000,26.567,26.575,26.398,26.444,29621,0
OLD.US,D,20190325,000000,26.291,26.546,26.17,26.5,4327,0
OLD.US,D,20190326,000000,26.672,26.672,26.537,26.624,13662,0
OLD.US,D,20190327,000000,26.434,26.569,26.348,26.377,3856,0
OLD.US,D,20190328,000000,26.339,26.567,26.339,26.434,3844,0
OLD.US,D,20190329,000000,26.721,26.723,26.653,26.68,3397,0
OLD.US,D,20190401,000000,26.663,26.663,26.348,26.378,6069,0
OLD.US,D,20190402,000000,26.228,26.281,26.196,26.253,6514,0
OLD.US,D,20190403,000000,26.291,26.447,26.291,26.368,5013,0
OLD.US,D,20190404,000000,26.334,26.334,26.176,26.188,1985,0
OLD.US,D,20190405,000000,26.243,26.3,26.243,26.288,1886,0
OLD.US,D,20190408,000000,26.348,26.348,26.091,26.096,2997,0
OLD.US,D,20190409,000000,26.033,26.033,25.938,25.938,9734,0
OLD.US,D,20190410,000000,25.88,26.11,25.88,26.1,17465,0
OLD.US,D,20190411,000000,26.117,26.117,25.996,26.037,1923,0
OLD.US,D,20190412,000000,26.011,26.071,25.958,26.071,8514,0
OLD.US,D,20190415,000000,26.119,26.119,26.028,26.052,1265,0
OLD.US,D,20190416,000000,25.978,26.026,25.376,25.456,24907,0
OLD.US,D,20190417,000000,25.394,25.394,24.811,24.898,12683,0
OLD.US,D,20190418,000000,25.146,25.146,24.87,25.107,4690,0
OLD.US,D,20190422,000000,24.918,24.984,24.679,24.708,4619,0
OLD.US,D,20190423,000000,24.764,25.242,24.764,25.152,13930,0
OLD.US,D,20190424,000000,25.271,25.352,25.271,25.352,4077,0
OLD.US,D,20190425,000000,25.327,25.394,25.28,25.384,2936,0
OLD.US,D,20190426,000000,25.557,25.649,25.557,25.619,1131,0
OLD.US,D,20190429,000000,25.576,25.576,25.504,25.517,1208,0
OLD.US,D,20190430,000000,25.748,25.748,25.594,25.654,2073,0
OLD.US,D,20190501,000000,25.715,25.881,25.649,25.698,4956,0
OLD.US,D,20190502,000000,25.758,25.806,25.567,25.748,8896,0
OLD.US,D,20190503,000000,26.023,26.168,25.838,26.081,5880,0
OLD.US,D,20190506,000000,26.004,26.051,25.898,25.948,8300,0
OLD.US,D,20190507,000000,26.033,26.033,25.777,25.777,1312,0
OLD.US,D,20190508,000000,25.918,25.987,25.898,25.908,5319,0
OLD.US,D,20190509,000000,25.805,25.917,25.651,25.917,2135,0
OLD.US,D,20190510,000000,25.938,26.234,25.938,26.228,5114,0
OLD.US,D,20190513,000000,25.889,26.348,25.889,26.348,2805,0
OLD.US,D,20190514,000000,26.434,26.434,26.191,26.368,6686,0
OLD.US,D,20190515,000000,26.375,26.424,26.375,26.387,2398,0
OLD.US,D,20190516,000000,26.634,26.827,26.634,26.738,4331,0
OLD.US,D,20190517,000000,26.527,26.69,26.491,26.673,4665,0
OLD.US,D,20190520,000000,26.616,26.616,26.492,26.492,1787,0
OLD.US,D,20190521,000000,26.785,26.785,26.708,26.708,2099,0
OLD.US,D,20190522,000000,26.691,26.77,26.68,26.77,2135,0
OLD.US,D,20190523,000000,26.663,26.69,26.663,26.68,1661,0
OLD.US,D,20190524,000000,26.863,26.918,26.854,26.859,2809,0
OLD.US,D,20190528,000000,26.939,26.952,26.836,26.836,12623,0
OLD.US,D,20190529,000000,26.577,26.577,26.271,26.271,9581,0
OLD.US,D,20190530,000000,26.347,26.415,26.321,26.412,1954,0
OLD.US,D,20190531,000000,26.415,26.64,26.415,26.613,1961,0
OLD.US,D,20190603,000000,26.606,26.606,26.606,26.606,1174,0
OLD.US,D,20190604,000000,26.626,26.626,26.248,26.368,3814,0
OLD.US,D,20190605,000000,26.597,26.653,26.597,26.653,1220,0
OLD.US,D,20190606,000000,26.836,26.846,26.708,26.826,4575,0
OLD.US,D,20190607,000000,27.053,27.148,27.053,27.129,1295,0
OLD.US,D,20190610,000000,27.129,27.129,26.958,26.964,12773,0
OLD.US,D,20190611,000000,27.053,27.053,26.826,26.909,3722,0
OLD.US,D,20190612,000000,26.978,27.149,26.978,27.082,4418,0
OLD.US,D,20190613,000000,27.018,27.063,26.998,27.045,2968,0
OLD.US,D,20190614,000000,27.134,27.254,27.134,27.254,5726,0
OLD.US,D,20190617,000000,27.282,27.484,27.282,27.473,4269,0
OLD.US,D,20190618,000000,27.54,27.665,27.494,27.494,14281,0
OLD.US,D,20190619,000000,27.512,27.684,27.302,27.684,26571,0
OLD.US,D,20190620,000000,27.959,28.018,27.939,27.939,5040,0
OLD.US,D,20190621,000000,27.856,27.856,27.451,27.54,9560,0
OLD.US,D,20190624,000000,27.703,27.703,27.484,27.625,3695,0
OLD.US,D,20190625,000000,27.675,27.686,27.617,27.617,4193,0
OLD.US,D,20190626,000000,27.484,27.484,26.993,27.082,7225,0
OLD.US,D,20190627,000000,27.139,27.218,27.139,27.205,1908,0
OLD.US,D,20190628,000000,27.408,27.829,27.349,27.476,2929,0
OLD.US,D,20190701,000000,27.457,27.674,27.217,27.437,6592,0
OLD.US,D,20190702,000000,27.476,27.896,27.476,27.896,7680,0
OLD.US,D,20190703,000000,28.238,28.253,28.214,28.253,2661,0
OLD.US,D,20190705,000000,28.194,28.203,27.772,28.164,8818,0
OLD.US,D,20190708,000000,28.098,28.261,28.098,28.257,3586,0
OLD.US,D,20190709,000000,28.204,28.269,28.124,28.269,6234,0
OLD.US,D,20190710,000000,28.443,28.548,28.349,28.548,8088,0
OLD.US,D,20190711,000000,28.538,28.538,28.227,28.318,4732,0
OLD.US,D,20190712,000000,28.405,28.405,28.164,28.327,6423,0
OLD.US,D,20190715,000000,28.385,28.425,28.224,28.27,7840,0
OLD.US,D,20190716,000000,28.174,28.174,28.08,28.089,7228,0
OLD.US,D,20190717,000000,28.144,28.296,28.144,28.261,6196,0
OLD.US,D,20190718,000000,28.214,28.472,28.209,28.472,3113,0
OLD.US,D,20190719,000000,28.425,28.501,28.144,28.144,4272,0
OLD.US,D,20190722,000000,28.041,28.156,28.041,28.084,8832,0
OLD.US,D,20190723,000000,28.041,28.164,28.041,28.164,5038,0
OLD.US,D,20190724,000000,28.214,28.327,28.174,28.174,13149,0
OLD.US,D,20190725,000000,28.214,28.214,28.164,28.164,4802,0
OLD.US,D,20190726,000000,28.154,28.307,28.08,28.253,2684,0
OLD.US,D,20190729,000000,28.299,28.505,28.299,28.448,8534,0
OLD.US,D,20190730,000000,28.134,28.5,28.134,28.5,5018,0
OLD.US,D,20190731,000000,28.51,28.587,28.375,28.375,8096,0
OLD.US,D,20190801,000000,28.29,28.375,28.237,28.346,9229,0
OLD.US,D,20190802,000000,28.098,28.386,28.098,28.378,6132,0
OLD.US,D,20190805,000000,28.261,28.366,27.71,27.829,10067,0
OLD.US,D,20190806,000000,27.963,28.29,27.849,28.29,4053,0
OLD.US,D,20190807,000000,28.134,28.874,28.031,28.597,10819,0
OLD.US,D,20190808,000000,28.835,29.076,28.633,29.075,6001,0
OLD.US,D,20190809,000000,29.076,29.142,29.017,29.142,2035,0
OLD.US,D,20190812,000000,29.096,29.119,28.932,28.932,9870,0
OLD.US,D,20190813,000000,28.903,28.98,28.797,28.932,3758,0
OLD.US,D,20190814,000000,28.797,28.869,28.748,28.748,10483,0
OLD.US,D,20190815,000000,28.956,29.133,28.903,29.106,10756,0
OLD.US,D,20190816,000000,29.007,29.421,29.007,29.391,12439,0
OLD.US,D,20190819,000000,29.421,29.581,29.391,29.391,21628,0
OLD.US,D,20190820,000000,29.441,29.491,29.326,29.326,6220,0
OLD.US,D,20190821,000000,29.459,29.459,29.343,29.358,12161,0
OLD.US,D,20190822,000000,29.326,29.371,29.257,29.348,11703,0
OLD.US,D,20190823,000000,29.353,29.752,29.238,29.238,11745,0
OLD.US,D,20190826,000000,29.371,29.371,29.238,29.294,9843,0
OLD.US,D,20190827,000000,29.287,29.562,29.238,29.238,18561,0
OLD.US,D,20190828,000000,29.086,29.267,29.086,29.16,4935,0
OLD.US,D,20190829,000000,29.362,29.432,29.247,29.432,13715,0
OLD.US,D,20190830,000000,29.449,29.552,29.316,29.441,9110,0
OLD.US,D,20190903,000000,29.507,29.754,29.321,29.659,24542,0
OLD.US,D,20190904,000000,29.842,30.063,29.842,29.957,9089,0
OLD.US,D,20190905,000000,30.081,30.091,29.612,29.727,12124,0
OLD.US,D,20190906,000000,29.842,29.957,29.842,29.919,12007,0
OLD.US,D,20190909,000000,29.929,30.023,29.708,29.744,173257,0
OLD.US,D,20190910,000000,29.497,29.535,29.027,29.046,29614,0
OLD.US,D,20190911,000000,29.115,29.459,29.036,29.238,5901,0
OLD.US,D,20190912,000000,29.335,29.612,29.238,29.252,12423,0
OLD.US,D,20190913,000000,29.401,29.401,28.845,28.847,12441,0
OLD.US,D,20190916,000000,28.787,29.017,28.748,28.845,20343,0
OLD.US,D,20190917,000000,29.169,29.316,28.845,29.302,26913,0
OLD.US,D,20190918,000000,29.479,29.479,29.172,29.238,13361,0
OLD.US,D,20190919,000000,29.431,29.458,29.411,29.421,6518,0
OLD.US,D,20190920,000000,29.449,29.51,29.311,29.377,5475,0
OLD.US,D,20190923,000000,29.353,29.683,29.327,29.474,8846,0
OLD.US,D,20190924,000000,29.659,29.679,29.363,29.363,6881,0
OLD.US,D,20190925,000000,29.497,29.583,29.45,29.535,7173,0
OLD.US,D,20190926,000000,29.659,29.659,29.493,29.65,9759,0
OLD.US,D,20190927,000000,29.679,29.679,29.383,29.476,8427,0
OLD.US,D,20190930,000000,29.642,29.834,29.642,29.755,4606,0
OLD.US,D,20191001,000000,29.709,29.719,29.267,29.328,6502,0
OLD.US,D,20191002,000000,29.32,29.334,29.307,29.307,4322,0
OLD.US,D,20191003,000000,29.421,29.719,29.421,29.644,9286,0
OLD.US,D,20191004,000000,29.689,29.805,29.689,29.787,4491,0
OLD.US,D,20191007,000000,29.805,29.952,29.795,29.808,4618,0
OLD.US,D,20191008,000000,29.613,29.741,29.544,29.719,3936,0
OLD.US,D,20191009,000000,29.855,29.911,29.8,29.815,12805,0
OLD.US,D,20191010,000000,29.931,29.931,29.723,29.86,6640,0
OLD.US,D,20191011,000000,29.931,30.064,29.921,29.988,10953,0
OLD.US,D,20191014,000000,29.891,30.016,29.891,30.016,4823,0
OLD.US,D,20191015,000000,30.123,30.19,30.021,30.045,6857,0
OLD.US,D,20191016,000000,29.997,30.093,29.891,30.093,4448,0
OLD.US,D,20191017,000000,30.171,30.346,30.124,30.306,9610,0
OLD.US,D,20191018,000000,30.269,30.533,30.248,30.481,11618,0
OLD.US,D,20191021,000000,30.594,30.594,30.326,30.44,67834,0
OLD.US,D,20191022,000000,30.548,30.584,30.411,30.411,8353,0
OLD.US,D,20191023,000000,30.411,30.538,30.326,30.433,8532,0
OLD.US,D,20191024,000000,30.604,30.623,30.326,30.382,4319,0
OLD.US,D,20191025,000000,30.257,30.296,29.51,29.535,41206,0
OLD.US,D,20191028,000000,29.535,29.535,29.218,29.371,17306,0
OLD.US,D,20191029,000000,29.68,29.709,29.471,29.651,17960,0
OLD.US,D,20191030,000000,29.613,29.737,29.545,29.719,26345,0
OLD.US,D,20191031,000000,29.834,29.921,29.737,29.826,11974,0
OLD.US,D,20191101,000000,30.113,30.412,29.979,30.107,7378,0
OLD.US,D,20191104,000000,30.045,30.045,29.694,29.745,82386,0
OLD.US,D,20191105,000000,29.507,29.524,29.178,29.178,17401,0
OLD.US,D,20191106,000000,29.315,29.315,28.977,29.094,11355,0
OLD.US,D,20191107,000000,28.967,29.056,28.668,28.768,56709,0
OLD.US,D,20191108,000000,28.648,28.853,28.64,28.648,30016,0
OLD.US,D,20191111,000000,28.574,28.726,28.496,28.622,34029,0
OLD.US,D,20191112,000000,28.688,28.953,28.638,28.638,11726,0
OLD.US,D,20191113,000000,28.678,28.687,28.505,28.645,5677,0
OLD.US,D,20191114,000000,28.727,28.764,28.588,28.727,3466,0
OLD.US,D,20191115,000000,28.881,28.881,28.709,28.85,29180,0
OLD.US,D,20191118,000000,28.929,29.118,28.929,28.964,6690,0
OLD.US,D,20191119,000000,28.977,29.181,28.977,29.063,6976,0
OLD.US,D,20191120,000000,29.122,29.238,28.964,29.105,6290,0
OLD.US,D,20191121,000000,29.15,29.15,28.881,28.881,13760,0
OLD.US,D,20191122,000000,28.823,28.88,28.778,28.848,2451,0
OLD.US,D,20191125,000000,28.891,29.218,28.891,29.111,5889,0
OLD.US,D,20191126,000000,29.188,29.279,29.188,29.271,4816,0
OLD.US,D,20191127,000000,29.352,29.481,29.32,29.481,7332,0
OLD.US,D,20191129,000000,29.371,29.497,29.269,29.269,1705,0
OLD.US,D,20191202,000000,29.276,29.276,28.972,28.973,6386,0
OLD.US,D,20191203,000000,29.015,29.228,29.015,29.198,9314,0
OLD.US,D,20191204,000000,29.381,29.815,29.315,29.32,13216,0
OLD.US,D,20191205,000000,29.262,29.411,29.262,29.406,5194,0
OLD.US,D,20191206,000000,29.401,29.609,29.401,29.458,4734,0
OLD.US,D,20191209,000000,29.535,29.535,29.305,29.357,6183,0
OLD.US,D,20191210,000000,29.342,29.362,29.238,29.305,6218,0
OLD.US,D,20191211,000000,29.391,29.391,28.938,29.01,3431,0
OLD.US,D,20191212,000000,28.823,29.044,28.496,28.528,11618,0
OLD.US,D,20191213,000000,28.568,28.568,28.294,28.44,11043,0
OLD.US,D,20191216,000000,28.698,28.698,28.452,28.603,5379,0
OLD.US,D,20191217,000000,28.564,28.62,28.439,28.473,9227,0
OLD.US,D,20191218,000000,28.341,28.63,28.323,28.62,7116,0
OLD.US,D,20191219,000000,28.759,28.915,28.699,28.872,10169,0
OLD.US,D,20191220,000000,29.031,29.201,29.031,29.201,3404,0
OLD.US,D,20191223,000000,29.216,29.41,29.101,29.135,57794,0
OLD.US,D,20191224,000000,29.196,29.45,29.061,29.153,73792,0
OLD.US,D,20191226,000000,29.061,29.275,29.061,29.26,135552,0
OLD.US,D,20191227,000000,29.324,29.503,29.324,29.476,10923,0
OLD.US,D,20191230,000000,29.653,29.653,29.486,29.591,6349,0
OLD.US,D,20191231,000000,29.46,29.766,29.46,29.766,19857,0
OLD.US,D,20200102,000000,29.809,29.809,29.292,29.49,17869,0
OLD.US,D,20200103,000000,29.401,29.765,29.354,29.721,3699,0
OLD.US,D,20200106,000000,29.721,30.032,29.721,29.974,10101,0
OLD.US,D,20200107,000000,29.936,29.965,29.575,29.675,8163,0
OLD.US,D,20200108,000000,29.692,29.901,29.683,29.814,10786,0
OLD.US,D,20200109,000000,29.759,29.906,29.759,29.837,6211,0
OLD.US,D,20200110,000000,29.916,29.919,29.779,29.886,31813,0
OLD.US,D,20200113,000000,30.032,30.246,30.025,30.246,16937,0
OLD.US,D,20200114,000000,30.275,30.275,30.036,30.152,9084,0
OLD.US,D,20200115,000000,30.285,30.446,30.218,30.382,8752,0
OLD.US,D,20200116,000000,30.392,30.742,30.392,30.726,12515,0
OLD.US,D,20200117,000000,30.877,30.877,30.713,30.726,7361,0
OLD.US,D,20200121,000000,30.77,30.926,30.623,30.874,13715,0
OLD.US,D,20200122,000000,30.936,30.936,30.633,30.643,13251,0
OLD.US,D,20200123,000000,30.625,30.76,30.625,30.758,2803,0
OLD.US,D,20200124,000000,30.732,30.754,30.62,30.65,7531,0
OLD.US,D,20200127,000000,30.451,30.516,30.421,30.5,8060,0
OLD.US,D,20200128,000000,30.471,30.703,30.471,30.626,5426,0
OLD.US,D,20200129,000000,30.635,30.635,30.462,30.487,6530,0
OLD.US,D,20200130,000000,30.372,30.392,30.372,30.392,4423,0
OLD.US,D,20200131,000000,30.354,30.367,30.076,30.1,14045,0
OLD.US,D,20200203,000000,30.13,30.178,30.003,30.003,4593,0
OLD.US,D,20200204,000000,30.246,30.479,30.246,30.306,6789,0
OLD.US,D,20200205,000000,30.471,30.471,30.299,30.401,4173,0
OLD.US,D,20200206,000000,30.285,30.637,30.285,30.625,4801,0
OLD.US,D,20200207,000000,30.549,30.573,30.387,30.461,27019,0
OLD.US,D,20200210,000000,30.713,30.746,30.5,30.688,9973,0
OLD.US,D,20200211,000000,30.684,30.994,30.624,30.723,4284,0
OLD.US,D,20200212,000000,30.936,31.053,30.892,30.986,35268,0
OLD.US,D,20200213,000000,31.004,31.299,30.948,31.261,7488,0
OLD.US,D,20200214,000000,31.4,31.53,31.393,31.53,10052,0
OLD.US,D,20200218,000000,31.607,31.645,31.357,31.583,11266,0
OLD.US,D,20200219,000000,31.579,31.579,31.276,31.381,22299,0
OLD.US,D,20200220,000000,31.473,31.636,31.336,31.592,5209,0
OLD.US,D,20200221,000000,31.665,31.772,31.613,31.616,6690,0
OLD.US,D,20200224,000000,31.163,31.404,31.009,31.292,9998,0
OLD.US,D,20200225,000000,31.267,31.267,30.15,30.231,16598,0
OLD.US,D,20200226,000000,30.198,30.509,29.946,29.986,18509,0
OLD.US,D,20200227,000000,29.48,29.546,28.509,28.509,53322,0
OLD.US,D,20200228,000000,27.561,27.923,26.921,27.553,16417,0
OLD.US,D,20200302,000000,27.331,27.66,27.107,27.52,42635,0
OLD.US,D,20200303,000000,27.7,28.429,27.622,27.854,12056,0
OLD.US,D,20200304,000000,28.671,28.681,28.332,28.646,11891,0
OLD.US,D,20200305,000000,28.216,28.671,27.88,28.077,9975,0
OLD.US,D,20200306,000000,27.271,27.676,26.922,27.271,19756,0
OLD.US,D,20200309,000000,25.298,25.757,24.298,25.076,30351,0
OLD.US,D,20200310,000000,25.682,25.682,23.977,25.046,27836,0
OLD.US,D,20200311,000000,24.308,24.348,22.839,22.879,16408,0
OLD.US,D,20200312,000000,20.954,20.954,18.545,18.718,72604,0
OLD.US,D,20200313,000000,19.634,20.342,18.252,20.342,28059,0
OLD.US,D,20200316,000000,16.892,18.381,16.524,16.62,31333,0
OLD.US,D,20200317,000000,16.163,16.486,15.079,15.722,25276,0
OLD.US,D,20200318,000000,15.434,15.439,13.684,14.808,14317,0
OLD.US,D,20200319,000000,14.812,16.989,14.812,16.474,41426,0
OLD.US,D,20200320,000000,16.699,18.152,16.576,16.576,21964,0
OLD.US,D,20200323,000000,16.191,16.746,15.796,16.746,24244,0
OLD.US,D,20200324,000000,17.076,18.214,17.076,17.857,19830,0
OLD.US,D,20200325,000000,18.001,18.93,18.001,18.613,14510,0
OLD.US,D,20200326,000000,18.855,19.494,18.495,19.494,23372,0
OLD.US,D,20200327,000000,18.982,19.584,18.291,19.49,12308,0
OLD.US,D,20200330,000000,19.653,19.653,18.759,19.352,12202,0
OLD.US,D,20200331,000000,19.565,19.625,19.02,19.357,7348,0
OLD.US,D,20200401,000000,18.376,18.376,17.361,17.512,33236,0
OLD.US,D,20200402,000000,17.157,17.898,17.157,17.526,21068,0
OLD.US,D,20200403,000000,17.243,17.253,16.874,17.087,9181,0
OLD.US,D,20200406,000000,18.045,18.707,18.045,18.665,13799,0
OLD.US,D,20200407,000000,19.35,20.015,19.121,19.121,26319,0
OLD.US,D,20200408,000000,19.23,20.735,19.23,20.678,34652,0
OLD.US,D,20200409,000000,21.146,22.354,21.146,22.079,27319,0
OLD.US,D,20200413,000000,21.653,21.685,20.925,21.141,25265,0
OLD.US,D,20200414,000000,21.437,21.838,21.36,21.608,13451,0
OLD.US,D,20200415,000000,20.745,20.814,20.287,20.485,10163,0
OLD.US,D,20200416,000000,20.453,20.453,20.092,20.213,6797,0
OLD.US,D,20200417,000000,20.755,21.096,20.619,20.765,17776,0
OLD.US,D,20200420,000000,20.394,20.62,20.005,20.113,13656,0
OLD.US,D,20200421,000000,19.575,19.731,19.166,19.451,12239,0
OLD.US,D,20200422,000000,19.675,19.825,19.543,19.597,4108,0
OLD.US,D,20200423,000000,19.585,19.882,19.44,19.467,12375,0
OLD.US,D,20200424,000000,19.458,19.521,19.41,19.521,1577,0
OLD.US,D,20200427,000000,19.487,20.166,19.487,20.072,2314,0
OLD.US,D,20200428,000000,20.659,20.731,20.311,20.472,5314,0
OLD.US,D,20200429,000000,21,21.673,20.965,21.645,7372,0
OLD.US,D,20200430,000000,21.01,21.141,20.82,20.975,6125,0
OLD.US,D,20200501,000000,20.482,20.482,20.015,20.015,2927,0
OLD.US,D,20200504,000000,19.81,20.022,19.801,19.946,8677,0
OLD.US,D,20200505,000000,20.025,20.61,20.025,20.187,9766,0
OLD.US,D,20200506,000000,20.238,20.262,19.614,19.614,4215,0
OLD.US,D,20200507,000000,20.003,20.053,19.157,19.203,6235,0
OLD.US,D,20200508,000000,19.458,20.24,19.458,20.207,7325,0
OLD.US,D,20200511,000000,20.053,20.408,19.888,19.888,2368,0
OLD.US,D,20200512,000000,19.936,19.936,19.118,19.118,11172,0
OLD.US,D,20200513,000000,19.118,19.118,18.765,18.833,6403,0
OLD.US,D,20200514,000000,18.438,19.088,18.2,19.084,5589,0
OLD.US,D,20200515,000000,19.088,19.311,19.088,19.268,2717,0
OLD.US,D,20200518,000000,19.996,21.185,19.996,21.082,17214,0
OLD.US,D,20200519,000000,20.959,21.166,20.834,21.016,13398,0
OLD.US,D,20200520,000000,21.4,21.4,21.01,21.123,4882,0
OLD.US,D,20200521,000000,21.289,21.408,21.129,21.263,5901,0
OLD.US,D,20200522,000000,21.166,21.382,21.166,21.382,4210,0
OLD.US,D,20200526,000000,22.501,22.501,22.14,22.288,10499,0
OLD.US,D,20200527,000000,22.745,22.823,22.113,22.642,8462,0
OLD.US,D,20200528,000000,22.648,22.704,22.433,22.477,3125,0
OLD.US,D,20200529,000000,22.433,22.472,22.024,22.335,5694,0
OLD.US,D,20200601,000000,22.511,22.666,22.511,22.563,2219,0
OLD.US,D,20200602,000000,22.775,23.127,22.775,23.078,5605,0
OLD.US,D,20200603,000000,23.407,24.284,23.407,24.187,20862,0
OLD.US,D,20200604,000000,24.257,24.257,23.896,24.114,5425,0
OLD.US,D,20200605,000000,25.008,25.428,24.944,25.064,16080,0
OLD.US,D,20200608,000000,25.614,25.7,25.263,25.634,27027,0
OLD.US,D,20200609,000000,24.852,25.21,24.852,24.959,8296,0
OLD.US,D,20200610,000000,24.713,24.713,23.804,24.093,4496,0
OLD.US,D,20200611,000000,22.941,23.292,22.114,22.237,28448,0
OLD.US,D,20200612,000000,23.36,23.36,22.433,23.165,4720,0
OLD.US,D,20200615,000000,22.374,23.407,22.374,23.407,5365,0
OLD.US,D,20200616,000000,24.386,24.446,23.915,24.032,13307,0
OLD.US,D,20200617,000000,24.15,24.212,23.604,23.685,10163,0
OLD.US,D,20200618,000000,23.417,23.806,23.417,23.723,6814,0
OLD.US,D,20200619,000000,23.915,23.982,22.844,22.844,2228,0
OLD.US,D,20200622,000000,23.223,23.223,22.727,22.937,5669,0
OLD.US,D,20200623,000000,23.018,23.142,22.784,22.839,7151,0
OLD.US,D,20200624,000000,22.716,22.716,21.613,22.116,7264,0
OLD.US,D,20200625,000000,21.848,22.657,21.848,22.62,9735,0
OLD.US,D,20200626,000000,22.486,22.486,22.36,22.427,1982,0
OLD.US,D,20200629,000000,22.539,22.755,22.433,22.743,6376,0
OLD.US,D,20200630,000000,22.696,23.156,22.628,22.909,5641,0
OLD.US,D,20200701,000000,23.079,23.521,23.079,23.468,4628,0
OLD.US,D,20200702,000000,23.756,23.846,23.276,23.315,2740,0
OLD.US,D,20200706,000000,23.804,23.804,23.295,23.295,41880,0
OLD.US,D,20200707,000000,23.01,23.01,22.709,22.709,7826,0
OLD.US,D,20200708,000000,22.598,22.745,22.421,22.568,9671,0
OLD.US,D,20200709,000000,22.53,22.53,22.069,22.461,19234,0
OLD.US,D,20200710,000000,22.382,22.82,22.382,22.795,14201,0
OLD.US,D,20200713,000000,22.823,22.971,22.446,22.456,15148,0
OLD.US,D,20200714,000000,22.686,22.726,22.465,22.549,3967,0
OLD.US,D,20200715,000000,22.932,23.236,22.932,23.136,3992,0
OLD.US,D,20200716,000000,23.139,23.226,22.991,23.059,13119,0
OLD.US,D,20200717,000000,22.991,23.446,22.991,23.318,2309,0
OLD.US,D,20200720,000000,23.167,23.295,22.898,22.898,2680,0
OLD.US,D,20200721,000000,22.951,23.471,22.903,23.124,4251,0
OLD.US,D,20200722,000000,23.059,24.077,23.059,23.818,5092,0
OLD.US,D,20200723,000000,23.588,24.006,23.588,23.687,5495,0
OLD.US,D,20200724,000000,23.796,23.899,23.406,23.578,4163,0
OLD.US,D,20200727,000000,23.441,23.726,23.436,23.726,5319,0
OLD.US,D,20200728,000000,23.511,24.165,23.471,24.052,11429,0
OLD.US,D,20200729,000000,24.158,24.756,24.158,24.668,6790,0
OLD.US,D,20200730,000000,24.227,24.824,24.227,24.697,9140,0
OLD.US,D,20200731,000000,24.57,24.57,24.03,24.335,7452,0
OLD.US,D,20200803,000000,24.256,24.289,23.972,24.289,6366,0
OLD.US,D,20200804,000000,24.139,24.487,24.129,24.34,3840,0
OLD.US,D,20200805,000000,24.385,24.449,24.275,24.434,7351,0
OLD.US,D,20200806,000000,24.305,25.14,24.305,25.14,4902,0
OLD.US,D,20200807,000000,24.884,25.456,24.884,25.456,3265,0
OLD.US,D,20200810,000000,25.404,25.59,25.394,25.537,8232,0
OLD.US,D,20200811,000000,25.786,25.992,25.205,25.205,2674,0
OLD.US,D,20200812,000000,25.365,25.365,25.219,25.325,7262,0
OLD.US,D,20200813,000000,25.647,25.647,25.084,25.084,3611,0
OLD.US,D,20200814,000000,24.942,25.029,24.942,25.029,631,0
OLD.US,D,20200817,000000,25.158,25.169,24.992,25.119,10896,0
OLD.US,D,20200818,000000,24.913,25.229,24.913,25.067,1581,0
OLD.US,D,20200819,000000,25.109,25.109,24.913,24.913,4162,0
OLD.US,D,20200820,000000,24.52,25.257,24.52,25.074,1874,0
OLD.US,D,20200821,000000,24.956,25.138,24.908,25.138,854,0
OLD.US,D,20200824,000000,25.257,25.44,24.775,25.405,7062,0
OLD.US,D,20200825,000000,25.212,25.257,25.147,25.23,2406,0
OLD.US,D,20200826,000000,25.266,25.266,25.158,25.178,3898,0
OLD.US,D,20200827,000000,25.237,25.53,25.237,25.448,4533,0
OLD.US,D,20200828,000000,25.501,25.6,25.433,25.6,20730,0
OLD.US,D,20200831,000000,25.697,25.806,25.315,25.53,4749,0
OLD.US,D,20200901,000000,25.6,25.6,25.46,25.582,689,0
OLD.US,D,20200902,000000,25.55,26.375,25.491,26.22,8445,0
OLD.US,D,20200903,000000,26.526,26.526,25.978,26.003,4585,0
OLD.US,D,20200904,000000,25.992,26.13,25.703,26.015,12988,0
OLD.US,D,20200908,000000,25.864,25.983,25.491,25.604,6661,0
OLD.US,D,20200909,000000,25.854,26.12,25.81,25.81,1707,0
OLD.US,D,20200910,000000,26.026,26.139,25.626,25.626,2671,0
OLD.US,D,20200911,000000,25.62,25.62,25.365,25.491,530,0
OLD.US,D,20200914,000000,25.58,26.322,25.58,26.109,4018,0
OLD.US,D,20200915,000000,26.219,26.403,26.154,26.154,1710,0
OLD.US,D,20200916,000000,26.247,26.415,26.075,26.075,6188,0
OLD.US,D,20200917,000000,25.869,25.905,25.778,25.905,766,0
OLD.US,D,20200918,000000,25.776,25.781,25.591,25.591,21522,0
OLD.US,D,20200921,000000,24.588,24.782,24.52,24.652,2195,0
OLD.US,D,20200922,000000,24.647,24.756,24.647,24.687,641,0
OLD.US,D,20200923,000000,24.652,24.652,23.838,23.877,5368,0
OLD.US,D,20200924,000000,23.878,24.168,23.878,23.981,1854,0
OLD.US,D,20200925,000000,23.883,24.372,23.883,24.372,1255,0
OLD.US,D,20200928,000000,24.707,24.785,24.707,24.721,3686,0
OLD.US,D,20200929,000000,24.785,24.893,24.667,24.667,7634,0
OLD.US,D,20200930,000000,24.875,25.335,24.83,24.845,3262,0
OLD.US,D,20201001,000000,25.121,25.469,25.121,25.469,521,0
OLD.US,D,20201002,000000,24.984,25.743,24.984,25.693,4859,0
OLD.US,D,20201005,000000,25.713,26.038,25.022,25.821,2614,0
OLD.US,D,20201006,000000,25.881,25.95,25.653,25.685,1855,0
OLD.US,D,20201007,000000,25.855,26.038,25.535,25.699,4305,0
OLD.US,D,20201008,000000,25.683,26.098,25.683,25.928,3667,0
OLD.US,D,20201009,000000,25.841,25.945,25.733,25.884,2359,0
OLD.US,D,20201012,000000,25.94,25.94,25.861,25.861,619,0
OLD.US,D,20201013,000000,25.634,25.723,25.59,25.59,2823,0
OLD.US,D,20201014,000000,25.745,25.745,25.515,25.557,601,0
OLD.US,D,20201015,000000,25.151,25.615,25.151,25.504,1489,0
OLD.US,D,20201016,000000,25.585,25.585,25.23,25.309,3146,0
OLD.US,D,20201019,000000,25.476,25.476,24.725,24.725,1234,0
OLD.US,D,20201020,000000,24.845,25.13,24.845,25.052,2383,0
OLD.US,D,20201021,000000,25.062,25.062,24.974,24.994,3424,0
OLD.US,D,20201022,000000,24.964,25.615,24.964,25.497,4072,0
OLD.US,D,20201023,000000,25.643,25.693,25.447,25.583,3881,0
OLD.US,D,20201026,000000,25.191,25.349,24.914,25.197,10836,0
OLD.US,D,20201027,000000,25.067,25.227,24.822,24.822,10719,0
OLD.US,D,20201028,000000,24.411,24.411,23.958,24.071,3937,0
OLD.US,D,20201029,000000,23.968,24.786,23.968,24.563,3650,0
OLD.US,D,20201030,000000,24.214,24.342,24.214,24.293,7486,0
OLD.US,D,20201102,000000,24.539,24.994,24.539,24.994,8985,0
OLD.US,D,20201103,000000,25.555,25.732,25.555,25.732,1138,0
OLD.US,D,20201104,000000,25.772,25.851,25.772,25.802,984,0
OLD.US,D,20201105,000000,25.885,25.947,25.712,25.839,8554,0
OLD.US,D,20201106,000000,25.98,25.98,25.457,25.457,1867,0
OLD.US,D,20201109,000000,26.137,29.205,26.128,27.712,33887,0
OLD.US,D,20201110,000000,27.932,28.554,27.932,28.357,3389,0
OLD.US,D,20201111,000000,28.12,28.288,27.952,28.087,4382,0
OLD.US,D,20201112,000000,27.957,28.086,27.425,27.45,1446,0
OLD.US,D,20201113,000000,27.43,28.357,27.43,28.337,9021,0
OLD.US,D,20201116,000000,28.909,29.165,28.381,28.813,19203,0
OLD.US,D,20201117,000000,28.495,28.968,28.495,28.82,3174,0
OLD.US,D,20201118,000000,28.85,28.85,28.209,28.209,4148,0
OLD.US,D,20201119,000000,28.051,28.278,27.322,28.258,3831,0
OLD.US,D,20201120,000000,28.386,28.386,28.11,28.219,2001,0
OLD.US,D,20201123,000000,28.189,28.574,28.169,28.169,9969,0
OLD.US,D,20201124,000000,28.554,28.85,28.401,28.69,4478,0
OLD.US,D,20201125,000000,28.545,28.585,28.426,28.505,5438,0
OLD.US,D,20201127,000000,28.524,28.524,28.268,28.327,3579,0
OLD.US,D,20201130,000000,28.544,28.605,28.199,28.199,4921,0
OLD.US,D,20201201,000000,28.377,28.637,28.377,28.466,1979,0
OLD.US,D,20201202,000000,28.505,28.505,28.248,28.258,3195,0
OLD.US,D,20201203,000000,28.229,28.783,28.229,28.603,6969,0
OLD.US,D,20201204,000000,28.721,28.978,28.721,28.978,1087,0
OLD.US,D,20201207,000000,29.017,29.21,29.007,29.125,2680,0
OLD.US,D,20201208,000000,29.087,29.254,29.087,29.155,2596,0
OLD.US,D,20201209,000000,29.382,29.382,29.17,29.304,5138,0
OLD.US,D,20201210,000000,29.175,29.175,28.899,28.899,7481,0
OLD.US,D,20201211,000000,28.909,29.039,28.81,29.037,4441,0
OLD.US,D,20201214,000000,29.047,29.134,28.85,29.007,2512,0
OLD.US,D,20201215,000000,28.928,29.452,28.85,29.452,4809,0
OLD.US,D,20201216,000000,29.59,29.59,29.521,29.56,5253,0
OLD.US,D,20201217,000000,29.728,29.796,29.638,29.796,5463,0
OLD.US,D,20201218,000000,30.033,30.227,29.796,29.796,4255,0
OLD.US,D,20201221,000000,29.31,29.339,28.941,29.329,9561,0
OLD.US,D,20201222,000000,29.22,29.349,29.011,29.296,4992,0
OLD.US,D,20201223,000000,29.389,29.679,29.389,29.454,2388,0
OLD.US,D,20201224,000000,29.509,29.509,29.399,29.473,467,0
OLD.US,D,20201228,000000,29.866,30.015,29.416,29.816,6418,0
OLD.US,D,20201229,000000,29.732,29.807,29.429,29.657,2888,0
OLD.US,D,20201230,000000,29.796,29.882,29.642,29.642,2190,0
OLD.US,D,20201231,000000,29.578,29.727,29.477,29.538,1504,0
OLD.US,D,20210104,000000,29.876,29.926,29.22,29.22,6178,0
OLD.US,D,20210105,000000,29.434,29.826,29.329,29.826,3303,0
OLD.US,D,20210106,000000,29.786,30.388,29.786,30.234,2958,0
OLD.US,D,20210107,000000,29.608,29.926,29.409,29.751,2145,0
OLD.US,D,20210108,000000,29.687,29.826,29.608,29.727,3238,0
OLD.US,D,20210111,000000,29.687,29.687,29.449,29.449,2291,0
OLD.US,D,20210112,000000,29.14,29.474,29.14,29.474,2586,0
OLD.US,D,20210113,000000,29.31,29.836,29.31,29.836,2120,0
OLD.US,D,20210114,000000,29.965,30.178,29.885,30.001,4703,0
OLD.US,D,20210115,000000,29.836,30.015,29.714,29.955,4306,0
OLD.US,D,20210119,000000,29.975,29.975,29.329,29.602,8071,0
OLD.US,D,20210120,000000,29.717,30.145,29.601,30.016,5252,0
OLD.US,D,20210121,000000,29.891,29.985,29.727,29.826,3554,0
OLD.US,D,20210122,000000,29.836,30.523,29.836,30.523,3472,0
OLD.US,D,20210125,000000,30.503,30.503,30.274,30.274,4410,0
OLD.US,D,20210126,000000,30.294,30.503,30.125,30.164,2351,0
OLD.US,D,20210127,000000,29.906,30.095,28.951,29.236,15487,0
OLD.US,D,20210128,000000,29.32,30.074,29.32,29.673,1991,0
OLD.US,D,20210129,000000,29.429,29.507,29.011,29.329,6517,0
OLD.US,D,20210201,000000,29.578,29.836,29.475,29.836,2230,0
OLD.US,D,20210202,000000,29.955,30.145,29.886,29.926,3934,0
OLD.US,D,20210203,000000,29.806,29.906,29.511,29.886,6892,0
OLD.US,D,20210204,000000,30.09,30.578,30.09,30.373,3763,0
OLD.US,D,20210205,000000,30.533,30.572,30.353,30.413,2235,0
OLD.US,D,20210208,000000,30.403,30.463,30.075,30.358,4867,0
OLD.US,D,20210209,000000,30.125,30.463,30.095,30.443,2821,0
OLD.US,D,20210210,000000,30.433,30.869,30.433,30.612,7178,0
OLD.US,D,20210211,000000,30.86,31.089,30.805,31.079,10047,0
OLD.US,D,20210212,000000,30.91,31.081,30.91,30.915,2733,0
OLD.US,D,20210216,000000,30.989,31.099,30.666,30.671,6162,0
OLD.US,D,20210217,000000,30.443,30.443,30.443,30.443,697,0
OLD.US,D,20210218,000000,30.468,30.8,30.344,30.667,6445,0
OLD.US,D,20210219,000000,30.81,30.82,30.613,30.798,2859,0
OLD.US,D,20210222,000000,30.8,31.318,30.721,31.019,3769,0
OLD.US,D,20210223,000000,31.325,31.325,31.258,31.258,6551,0
OLD.US,D,20210224,000000,31.288,31.814,31.258,31.705,9321,0
OLD.US,D,20210225,000000,31.814,31.934,30.576,30.795,8051,0
OLD.US,D,20210226,000000,30.572,30.632,30.125,30.324,5908,0
OLD.US,D,20210301,000000,30.324,30.77,30.324,30.642,7492,0
OLD.US,D,20210302,000000,30.334,30.334,29.985,30.184,9798,0
OLD.US,D,20210303,000000,30.194,30.251,30.151,30.19,3618,0
OLD.US,D,20210304,000000,29.975,30.289,29.588,29.931,6827,0
OLD.US,D,20210305,000000,29.808,30.154,29.618,30.1,4340,0
OLD.US,D,20210308,000000,30.145,30.94,30.126,30.94,5862,0
OLD.US,D,20210309,000000,30.989,31.156,30.935,31.012,1591,0
OLD.US,D,20210310,000000,31.119,31.497,31.105,31.348,3548,0
OLD.US,D,20210311,000000,31.626,31.814,31.407,31.532,2763,0
OLD.US,D,20210312,000000,31.356,31.626,31.356,31.626,711,0
OLD.US,D,20210315,000000,31.686,32.013,31.686,32.013,4309,0
OLD.US,D,20210316,000000,31.929,31.93,31.476,31.804,3810,0
OLD.US,D,20210317,000000,31.676,31.914,31.526,31.914,2869,0
OLD.US,D,20210318,000000,31.725,31.904,31.339,31.445,2423,0
OLD.US,D,20210319,000000,31.437,31.507,31.019,31.507,4085,0
OLD.US,D,20210322,000000,31.218,31.218,30.82,31.119,4805,0
OLD.US,D,20210323,000000,30.979,30.979,30.885,30.885,804,0
OLD.US,D,20210324,000000,31.039,31.228,30.884,30.924,15862,0
OLD.US,D,20210325,000000,30.711,30.885,30.453,30.676,4485,0
OLD.US,D,20210326,000000,31.049,31.224,30.91,31.221,4147,0
OLD.US,D,20210329,000000,31.129,31.278,30.595,30.82,3370,0
OLD.US,D,20210330,000000,31.129,31.198,31.119,31.185,984,0
OLD.US,D,20210331,000000,31.149,31.149,30.865,31.012,5273,0
OLD.US,D,20210401,000000,31.338,31.358,31.338,31.358,2141,0
OLD.US,D,20210405,000000,31.646,31.805,31.457,31.596,5731,0
OLD.US,D,20210406,000000,31.547,31.547,31.547,31.547,768,0
OLD.US,D,20210407,000000,31.746,32.194,31.577,31.726,9962,0
OLD.US,D,20210408,000000,31.797,32.034,31.607,32.006,2615,0
OLD.US,D,20210409,000000,32.233,32.233,32.084,32.084,1810,0
OLD.US,D,20210412,000000,31.865,31.965,31.765,31.765,2258,0
OLD.US,D,20210413,000000,31.706,32.174,31.706,31.945,2390,0
OLD.US,D,20210414,000000,32.194,32.273,31.945,32.064,1775,0
OLD.US,D,20210415,000000,31.895,32.283,31.895,32.283,865,0
OLD.US,D,20210416,000000,32.373,32.373,32.19,32.209,1271,0
OLD.US,D,20210419,000000,32.263,32.263,32.018,32.104,6512,0
OLD.US,D,20210420,000000,31.995,32.327,31.87,32.05,3605,0
OLD.US,D,20210421,000000,32.204,32.373,32.194,32.373,872,0
OLD.US,D,20210422,000000,32.582,32.62,32.098,32.303,1817,0
OLD.US,D,20210423,000000,32.278,32.442,32.226,32.348,1546,0
OLD.US,D,20210426,000000,32.651,32.771,32.539,32.666,7660,0
OLD.US,D,20210427,000000,32.612,32.751,32.612,32.729,9036,0
OLD.US,D,20210428,000000,32.532,32.701,32.532,32.658,1827,0
OLD.US,D,20210429,000000,32.164,32.775,32.164,32.625,15296,0
OLD.US,D,20210430,000000,32.628,32.628,32.213,32.365,7106,0
OLD.US,D,20210503,000000,32.422,32.612,32.293,32.548,10622,0
OLD.US,D,20210504,000000,32.263,32.552,31.845,31.855,10071,0
OLD.US,D,20210505,000000,31.845,31.845,31.248,31.248,4724,0
OLD.US,D,20210506,000000,31.288,31.527,31.278,31.48,4111,0
OLD.US,D,20210507,000000,31.527,31.93,31.527,31.851,4851,0
OLD.US,D,20210510,000000,31.796,32.356,31.796,31.985,3469,0
OLD.US,D,20210511,000000,31.676,31.676,31.012,31.21,28349,0
OLD.US,D,20210512,000000,31.318,31.465,30.751,30.79,3905,0
OLD.US,D,20210513,000000,30.711,31.149,30.711,31.079,2309,0
OLD.US,D,20210514,000000,31.089,31.477,31.089,31.477,1467,0
OLD.US,D,20210517,000000,31.477,31.536,31.268,31.447,2599,0
OLD.US,D,20210518,000000,31.437,31.597,31.354,31.354,3287,0
OLD.US,D,20210519,000000,31.119,31.326,30.79,31.318,4280,0
OLD.US,D,20210520,000000,31.198,31.507,31.198,31.447,2576,0
OLD.US,D,20210521,000000,31.447,31.447,31.268,31.268,1706,0
OLD.US,D,20210524,000000,31.457,31.726,31.457,31.616,2473,0
OLD.US,D,20210525,000000,31.815,31.815,31.498,31.559,1070,0
OLD.US,D,20210526,000000,31.835,31.945,31.725,31.725,2774,0
OLD.US,D,20210527,000000,31.865,31.865,31.557,31.652,1790,0
OLD.US,D,20210528,000000,31.646,31.805,31.646,31.716,1224,0
OLD.US,D,20210601,000000,31.696,32.303,31.696,32.303,3941,0
OLD.US,D,20210602,000000,32.144,32.472,32.004,32.452,3070,0
OLD.US,D,20210603,000000,32.154,32.154,31.81,31.81,2368,0
OLD.US,D,20210604,000000,31.63,31.63,31.63,31.63,368,0
OLD.US,D,20210607,000000,32.084,32.343,32.084,32.175,3638,0
OLD.US,D,20210608,000000,32.184,32.353,32.134,32.327,2814,0
OLD.US,D,20210609,000000,32.631,32.631,32.51,32.51,680,0
OLD.US,D,20210610,000000,32.721,32.721,32.467,32.651,3268,0
OLD.US,D,20210611,000000,32.532,32.741,32.492,32.632,4929,0
OLD.US,D,20210614,000000,32.84,33.168,32.84,33.129,3998,0
OLD.US,D,20210615,000000,33.318,33.318,32.93,33.089,12104,0
OLD.US,D,20210616,000000,33.03,33.099,32.84,32.84,8199,0
OLD.US,D,20210617,000000,32.552,32.651,32.343,32.651,4560,0
OLD.US,D,20210618,000000,32.403,32.403,32.014,32.014,1947,0
OLD.US,D,20210621,000000,32.134,32.482,32.004,32.393,3188,0
OLD.US,D,20210622,000000,32.353,32.85,32.353,32.85,7090,0
OLD.US,D,20210623,000000,32.84,32.885,32.691,32.885,5163,0
OLD.US,D,20210624,000000,32.99,32.99,32.582,32.771,5159,0
OLD.US,D,20210625,000000,32.84,33.159,32.84,33.04,7939,0
OLD.US,D,20210628,000000,33.01,33.01,32.792,32.792,1387,0
OLD.US,D,20210629,000000,33.02,33.02,32.661,32.93,2202,0
OLD.US,D,20210630,000000,32.91,32.98,32.7501,32.855,2533,0
OLD.US,D,20210701,000000,32.87,33.2699,32.87,33.15,2835,0
OLD.US,D,20210702,000000,33.27,33.3,33.01,33.19,1484,0
OLD.US,D,20210706,000000,33,33.3561,32.87,33.33,3632,0
OLD.US,D,20210707,000000,33.07,33.49,33.07,33.4281,13136,0
OLD.US,D,20210708,000000,32.99,33.42,32.99,33.12,28005,0
OLD.US,D,20210709,000000,33.65,33.6963,33.53,33.6963,7452,0
OLD.US,D,20210712,000000,33.74,34.18,33.74,34.0172,25382,0
OLD.US,D,20210713,000000,33.97,34.04,33.4794,33.701,12858,0
OLD.US,D,20210714,000000,33.77,34.23,33.47,33.89,45082,0
OLD.US,D,20210715,000000,33.65,33.7,33.36,33.7,20557,0
OLD.US,D,20210716,000000,33.69,34.308,33.615,33.615,18242,0
OLD.US,D,20210719,000000,33.51,33.51,32.5401,32.8921,16360,0
OLD.US,D,20210720,000000,33,34.03,33,33.7324,10763,0
OLD.US,D,20210721,000000,34.175,34.28,33.79,33.79,13661,0
OLD.US,D,20210722,000000,33.73,33.75,33.37,33.5966,3444,0
OLD.US,D,20210723,000000,33.5501,33.81,33.5501,33.5901,8690,0
OLD.US,D,20210726,000000,33.72,33.78,33.4542,33.4801,1760,0
OLD.US,D,20210727,000000,33.41,33.71,33.41,33.625,33485,0
OLD.US,D,20210728,000000,33.37,33.37,33.37,33.37,591,0
OLD.US,D,20210729,000000,33.56,33.75,33.56,33.75,848,0
OLD.US,D,20210730,000000,33.63,33.95,33.63,33.79,2786,0
OLD.US,D,20210802,000000,33.7,33.8516,33.46,33.49,5655,0
OLD.US,D,20210803,000000,33.35,33.5,33.31,33.38,3168,0
OLD.US,D,20210804,000000,33.48,33.49,33.06,33.06,2099,0
OLD.US,D,20210805,000000,32.76,32.9833,32.66,32.8,4220,0
OLD.US,D,20210806,000000,33.03,33.11,32.4922,32.54,2433,0
OLD.US,D,20210809,000000,32.37,32.38,32.37,32.38,3104,0
OLD.US,D,20210810,000000,32.2,32.22,32.11,32.22,1475,0
OLD.US,D,20210811,000000,32.15,32.17,31.84,31.84,12265,0
OLD.US,D,20210812,000000,31.84,31.91,31.78,31.78,1923,0
OLD.US,D,20210813,000000,31.905,32.3799,31.905,32.1009,2389,0
OLD.US,D,20210816,000000,32.1,32.1315,31.8732,31.9678,4225,0
OLD.US,D,20210817,000000,31.72,31.85,31.42,31.7,15942,0
OLD.US,D,20210818,000000,31.76,31.8554,31.362,31.362,23340,0
OLD.US,D,20210819,000000,31.3,31.6083,31.13,31.19,12152,0
OLD.US,D,20210820,000000,31.12,31.555,31.115,31.3915,7006,0
OLD.US,D,20210823,000000,31.54,31.55,31.46,31.51,4253,0
OLD.US,D,20210824,000000,31.74,31.74,31.5228,31.74,3248,0
OLD.US,D,20210825,000000,31.74,32.2199,31.74,32.1176,3059,0
OLD.US,D,20210826,000000,31.86,32.0548,31.66,31.66,6156,0
OLD.US,D,20210827,000000,31.74,32.3901,31.74,32.27,2460,0
OLD.US,D,20210830,000000,32.16,32.3028,32.16,32.3028,1156,0
OLD.US,D,20210831,000000,32.18,32.5,32.18,32.5,3317,0
OLD.US,D,20210901,000000,32.68,33.1,32.68,33.005,2015,0
