<TICKER>,<PER>,<DATE>,<TIME>,<OPEN>,<HIGH>,<LOW>,<CLOSE>,<VOL>,<OPENINT>
PDEV.US,D,20200316,000000,19.037,19.037,19.037,19.037,106,0
PDEV.US,D,20200318,000000,17.268,17.513,17.268,17.414,1537,0
PDEV.US,D,20200327,000000,19.503,19.512,19.503,19.512,491,0
PDEV.US,D,20200401,000000,19.306,19.306,19.226,19.226,155,0
PDEV.US,D,20200424,000000,20.728,20.728,20.728,20.728,467,0
PDEV.US,D,20200506,000000,20.99,20.99,20.808,20.808,172,0
PDEV.US,D,20200624,000000,23.15,23.209,23.046,23.046,2266,0
PDEV.US,D,20200625,000000,23.086,23.381,23.086,23.381,205,0
PDEV.US,D,20200629,000000,23.16,23.16,23.16,23.16,1080,0
PDEV.US,D,20200702,000000,23.593,23.593,23.521,23.521,107,0
PDEV.US,D,20200709,000000,23.454,23.454,23.356,23.356,105,0
PDEV.US,D,20200720,000000,24.18,24.18,24.18,24.18,1021,0
PDEV.US,D,20200729,000000,24.374,24.402,24.256,24.402,716,0
PDEV.US,D,20200731,000000,23.513,23.513,23.513,23.513,105,0
PDEV.US,D,20200803,000000,23.659,23.659,23.659,23.659,102,0
PDEV.US,D,20200811,000000,24.748,24.748,24.748,24.748,103,0
PDEV.US,D,20200817,000000,24.982,24.982,24.982,24.982,104,0
PDEV.US,D,20200818,000000,24.942,24.942,24.914,24.914,105,0
PDEV.US,D,20200902,000000,25.059,25.162,25.059,25.162,1534759,0
PDEV.US,D,20200909,000000,24.981,24.982,24.923,24.923,1021,0
PDEV.US,D,20200911,000000,24.806,24.86,24.805,24.86,1023,0
PDEV.US,D,20200915,000000,25.206,25.206,25.168,25.168,589,0
PDEV.US,D,20200918,000000,24.952,24.952,24.668,24.919,8294,0
PDEV.US,D,20201002,000000,24.314,24.33,24.284,24.33,1224,0
PDEV.US,D,20201022,000000,24.51,24.599,24.509,24.513,613,0
PDEV.US,D,20201103,000000,24.177,24.206,24.177,24.206,1070,0
PDEV.US,D,20201104,000000,24.49,24.552,24.49,24.552,610,0
PDEV.US,D,20201111,000000,26.378,26.392,26.378,26.392,4172,0
PDEV.US,D,20201116,000000,26.643,26.741,26.643,26.741,2036,0
PDEV.US,D,20201120,000000,26.879,26.879,26.864,26.864,411,0
PDEV.US,D,20201211,000000,27.506,27.506,27.506,27.506,1,0
PDEV.US,D,20201223,000000,27.773,27.773,27.773,27.773,1,0
PDEV.US,D,20201231,000000,28.313,28.313,28.313,28.313,1,0
PDEV.US,D,20210105,000000,28.263,28.263,28.263,28.263,6,0
PDEV.US,D,20210106,000000,28.412,28.412,28.412,28.412,1,0
PDEV.US,D,20210107,000000,28.916,28.953,28.877,28.953,282591,0
PDEV.US,D,20210108,000000,29.064,29.064,29.016,29.016,304,0
PDEV.US,D,20210111,000000,28.69,28.778,28.67,28.686,92602,0
PDEV.US,D,20210113,000000,29.044,29.044,28.966,29.001,710,0
PDEV.US,D,20210115,000000,28.71,28.745,28.71,28.745,103,0
PDEV.US,D,20210202,000000,28.71,28.745,28.71,28.745,8,0
PDEV.US,D,20210203,000000,28.71,28.745,28.71,28.745,16,0
PDEV.US,D,20210204,000000,28.532,28.568,28.532,28.568,52135,0
PDEV.US,D,20210216,000000,29.671,29.686,29.594,29.594,1576,0
PDEV.US,D,20210217,000000,29.395,29.395,29.395,29.395,219,0
PDEV.US,D,20210218,000000,29.292,29.41,29.205,29.34,26510,0
PDEV.US,D,20210219,000000,29.498,29.498,29.47,29.47,249,0
PDEV.US,D,20210222,000000,29.488,29.596,29.488,29.587,1542,0
PDEV.US,D,20210223,000000,29.449,29.488,29.449,29.488,1519,0
PDEV.US,D,20210224,000000,29.528,29.636,29.528,29.636,306095,0
PDEV.US,D,20210225,000000,29.134,29.134,29.116,29.116,1886,0
PDEV.US,D,20210226,000000,28.877,28.877,28.877,28.877,311,0
PDEV.US,D,20210301,000000,29.232,29.232,29.232,29.232,62010,0
PDEV.US,D,20210302,000000,29.168,29.242,29.168,29.203,1165,0
PDEV.US,D,20210308,000000,29.192,29.192,29.067,29.067,27372,0
PDEV.US,D,20210312,000000,29.864,29.864,29.815,29.815,105,0
PDEV.US,D,20210316,000000,29.932,29.932,29.894,29.894,113,0
PDEV.US,D,20210318,000000,29.874,29.902,29.874,29.874,204,0
PDEV.US,D,20210324,000000,29.508,29.508,29.464,29.464,152,0
PDEV.US,D,20210325,000000,29.345,29.626,29.345,29.582,121039,0
PDEV.US,D,20210326,000000,29.784,29.982,29.784,29.925,2638,0
PDEV.US,D,20210329,000000,29.834,29.834,29.828,29.828,202860,0
PDEV.US,D,20210330,000000,29.784,29.793,29.754,29.793,64074,0
PDEV.US,D,20210401,000000,29.913,30.015,29.913,30.015,24110,0
PDEV.US,D,20210405,000000,30.429,30.429,30.425,30.425,505,0
PDEV.US,D,20210406,000000,30.201,30.201,30.122,30.122,950,0
PDEV.US,D,20210412,000000,30.35,30.35,30.295,30.295,24759,0
PDEV.US,D,20210413,000000,30.35,30.423,30.31,30.423,66063,0
PDEV.US,D,20210414,000000,30.459,30.487,30.459,30.487,306,0
PDEV.US,D,20210420,000000,30.37,30.37,30.297,30.297,78062,0
PDEV.US,D,20210421,000000,30.568,30.568,30.529,30.529,204,0
PDEV.US,D,20210422,000000,30.479,30.479,30.447,30.447,102,0
PDEV.US,D,20210423,000000,30.727,30.757,30.717,30.717,4176,0
PDEV.US,D,20210426,000000,30.827,30.866,30.784,30.784,73300,0
PDEV.US,D,20210428,000000,30.807,30.807,30.777,30.777,304,0
PDEV.US,D,20210429,000000,30.985,30.985,30.985,30.985,622,0
PDEV.US,D,20210430,000000,30.638,30.797,30.457,30.457,14035,0
PDEV.US,D,20210503,000000,30.777,30.836,30.777,30.836,67366,0
PDEV.US,D,20210507,000000,31.502,31.502,31.479,31.479,36839,0
PDEV.US,D,20210512,000000,30.807,30.807,30.651,30.651,6145,0
PDEV.US,D,20210513,000000,30.886,30.886,30.787,30.787,82071,0
PDEV.US,D,20210514,000000,31.343,31.343,31.294,31.294,102,0
PDEV.US,D,20210517,000000,31.263,31.263,31.263,31.263,188,0
PDEV.US,D,20210518,000000,31.442,31.561,31.442,31.541,69490,0
PDEV.US,D,20210519,000000,31.085,31.105,31.075,31.105,17696,0
PDEV.US,D,20210524,000000,31.76,31.829,31.76,31.829,86407,0
PDEV.US,D,20210526,000000,31.74,31.74,31.74,31.74,15117,0
PDEV.US,D,20210601,000000,32.137,32.147,32.038,32.067,40417,0
PDEV.US,D,20210603,000000,32.048,32.048,32.048,32.048,166,0
PDEV.US,D,20210607,000000,32.405,32.405,32.381,32.381,130032,0
PDEV.US,D,20210614,000000,32.326,32.326,32.018,32.048,39102,0
PDEV.US,D,20210616,000000,32.445,32.445,32.168,32.168,19935,0
PDEV.US,D,20210617,000000,31.958,31.958,31.903,31.903,29848,0
PDEV.US,D,20210622,000000,31.67,31.72,31.67,31.72,44963,0
PDEV.US,D,20210628,000000,31.78,31.78,31.729,31.729,113682,0
PDEV.US,D,20210706,000000,31.46,31.6,31.44,31.44,14017,0
PDEV.US,D,20210712,000000,31.79,31.84,31.79,31.84,501,0
PDEV.US,D,20210713,000000,31.87,31.89,31.78,31.79,2506,0
PDEV.US,D,20210714,000000,31.9,31.9,31.85,31.8597,905,0
PDEV.US,D,20210715,000000,31.68,31.7,31.6319,31.6319,42600,0
PDEV.US,D,20210716,000000,31.55,31.59,31.535,31.57,58057,0
PDEV.US,D,20210719,000000,30.71,30.76,30.71,30.76,15106,0
PDEV.US,D,20210721,000000,31.42,31.4708,31.39,31.4708,498150,0
PDEV.US,D,20210722,000000,31.56,31.57,31.56,31.57,2108,0
PDEV.US,D,20210723,000000,31.73,31.78,31.73,31.73,3270,0
PDEV.US,D,20210730,000000,31.9,31.92,31.8615,31.8615,20167,0
PDEV.US,D,20210802,000000,32.03,32.04,31.9287,31.9287,28801,0
PDEV.US,D,20210803,000000,31.95,32.17,31.95,32.132,500102,0
PDEV.US,D,20210812,000000,32.2721,32.365,32.2721,32.365,750,0
PDEV.US,D,20210816,000000,32.3407,32.48,32.34,32.48,27115,0
PDEV.US,D,20210817,000000,32.26,32.26,31.99,32.1035,403,0
PDEV.US,D,20210818,000000,32.1288,32.15,32.01,32.01,676,0
PDEV.US,D,20210819,000000,31.71,31.72,31.69,31.69,580,0
PDEV.US,D,20210820,000000,31.77,31.8,31.77,31.8,5988,0
PDEV.US,D,20210823,000000,32.03,32.0855,32.03,32.0855,2532,0
PDEV.US,D,20210824,000000,32.2,32.2,32.2,32.2,184,0
PDEV.US,D,20210827,000000,32.26,32.26,32.2509,32.2509,604,0
PDEV.US,D,20210830,000000,32.33,32.36,32.3199,32.3199,474,0
PDEV.US,D,20210831,000000,32.26,32.27,32.2123,32.2123,71414,0
PDEV.US,D,20210901,000000,32.56,32.56,32.53,32.53,28300,0
